0,24.168,24.512
1,24.180,24.520
2,24.165,24.504
3,24.130,24.449
4,24.113,24.433
5,24.082,24.402
6,24.091,24.406
7,24.091,24.394
8,24.075,24.388
9,24.080,24.392
10,24.090,24.404
11,24.065,24.373
12,24.075,24.376
13,24.067,24.380
14,24.076,24.376
15,24.082,24.386
16,24.071,24.362
17,24.073,24.372
18,24.055,24.355
19,24.067,24.371
20,24.061,24.345
21,24.085,24.391
22,24.143,24.457
23,24.089,24.399
24,24.069,24.377
25,24.049,24.354
26,24.027,24.337
27,24.052,24.359
28,24.042,24.341
29,24.057,24.370
30,24.042,24.353
31,24.055,24.358
32,24.069,24.383
33,24.064,24.372
34,24.089,24.415
35,24.063,24.375
36,24.107,24.419
37,24.107,24.421
38,24.144,24.441
39,24.132,24.440
40,24.149,24.458
41,24.124,24.417
42,24.153,24.472
43,24.165,24.498
44,24.146,24.445
45,24.141,24.459
46,24.153,24.481
47,24.125,24.438
48,24.154,24.482
49,24.166,24.492
50,24.163,24.504
51,24.105,24.422
52,24.115,24.446
53,24.089,24.426
54,24.116,24.468
55,24.109,24.439
56,24.120,24.455
57,24.186,24.541
58,24.173,24.521
59,24.196,24.560
60,24.149,24.518
61,24.175,24.556
62,24.125,24.502
63,24.194,24.581
64,24.155,24.538
65,24.138,24.532
66,24.154,24.552
67,24.140,24.534
68,24.135,24.522
69,24.143,24.546
70,24.145,24.551
71,24.152,24.561
72,24.120,24.500
73,24.106,24.494
74,24.131,24.529
75,24.115,24.520
76,24.168,24.584
77,24.116,24.543
78,24.121,24.553
79,24.151,24.578
80,24.133,24.558
81,24.156,24.579
82,24.166,24.564
83,24.150,24.545
84,24.154,24.569
85,24.235,24.676
86,24.177,24.615
87,24.209,24.650
88,24.196,24.639
89,24.154,24.584
90,24.157,24.601
91,24.138,24.558
92,24.122,24.517
93,24.158,24.521
94,24.197,24.549
95,24.168,24.539
96,24.170,24.560
97,24.120,24.524
98,24.139,24.533
99,24.193,24.581
100,24.201,24.612
101,24.217,24.643
102,24.218,24.639
103,24.214,24.657
104,24.248,24.702
105,24.190,24.653
106,24.260,24.741
107,24.238,24.716
108,24.257,24.750
109,24.298,24.779
110,24.255,24.733
111,24.266,24.749
112,24.273,24.749
113,24.292,24.782
114,24.320,24.816
115,24.299,24.783
116,24.309,24.805
117,24.288,24.790
118,24.297,24.809
119,24.284,24.791
120,24.293,24.791
121,24.337,24.837
122,24.289,24.782
123,24.305,24.802
124,24.350,24.852
125,24.308,24.808
126,24.141,24.619
127,24.174,24.670
128,24.132,24.630
129,24.128,24.616
130,24.137,24.620
131,24.149,24.639
132,24.354,24.870
133,24.333,24.836
134,24.366,24.874
135,24.338,24.851
136,24.396,24.916
137,24.288,24.795
138,24.336,24.858
139,24.361,24.896
140,24.327,24.849
141,24.341,24.864
142,24.372,24.892
143,24.316,24.825
144,24.485,25.013
145,24.514,25.029
146,24.373,24.880
147,24.302,24.807
148,24.299,24.794
149,24.278,24.775
150,24.239,24.736
151,24.301,24.803
152,24.324,24.845
153,24.300,24.810
154,24.270,24.773
155,24.235,24.731
156,24.212,24.706
157,24.395,24.894
158,24.270,24.758
159,24.256,24.753
160,24.280,24.771
161,24.404,24.932
162,24.417,24.950
163,24.398,24.927
164,24.231,24.731
165,24.181,24.674
166,24.200,24.667
167,24.273,24.740
168,24.284,24.749
169,24.108,24.558
170,24.134,24.588
171,24.114,24.587
172,24.061,24.506
173,24.015,24.470
174,24.022,24.481
175,23.965,24.393
176,24.001,24.452
177,23.993,24.441
178,23.916,24.325
179,24.033,24.487
180,24.018,24.467
181,23.896,24.354
182,23.742,24.166
183,23.798,24.241
184,23.835,24.270
185,23.734,24.151
186,23.992,24.452
187,23.993,24.454
188,23.902,24.332
189,24.031,24.486
190,23.977,24.442
191,23.986,24.441
192,23.980,24.433
193,24.114,24.575
194,23.973,24.431
195,23.898,24.352
196,23.831,24.260
197,23.863,24.312
198,24.007,24.489
199,23.928,24.403
200,23.908,24.371
201,23.810,24.270
202,23.854,24.310
203,23.847,24.306
204,23.826,24.277
205,23.674,24.124
206,23.901,24.368
207,23.916,24.387
208,23.875,24.349
209,23.963,24.441
210,23.998,24.491
211,24.093,24.590
212,24.055,24.537
213,24.284,24.814
214,24.069,24.557
215,24.175,24.685
216,24.112,24.621
217,24.047,24.543
218,24.050,24.548
219,24.110,24.626
220,24.163,24.685
221,24.175,24.690
222,24.189,24.707
223,24.117,24.629
224,24.189,24.717
225,24.086,24.575
226,24.094,24.586
227,24.088,24.573
228,24.134,24.621
229,24.175,24.680
230,24.151,24.641
231,24.163,24.657
232,24.195,24.701
233,24.175,24.670
234,24.182,24.675
235,24.172,24.679
236,24.152,24.672
237,24.154,24.672
238,24.126,24.633
239,24.111,24.621
240,24.298,24.849
241,24.048,24.544
242,24.044,24.559
243,23.872,24.372
244,24.048,24.566
245,23.804,24.321
246,23.808,24.326
247,23.702,24.202
248,23.850,24.366
249,23.601,24.105
250,23.530,24.025
251,23.596,24.098
252,23.665,24.172
253,23.704,24.225
254,23.745,24.260
255,24.059,24.598
256,24.239,24.803
257,24.194,24.741
258,24.395,24.978
259,24.356,24.920
260,24.436,25.004
261,24.581,25.178
262,24.509,25.097
263,24.519,25.107
264,24.605,25.200
265,24.565,25.141
266,24.504,25.070
267,24.502,25.069
268,24.484,25.045
269,24.499,25.068
270,24.509,25.096
271,24.558,25.142
272,24.397,24.956
273,24.503,25.071
274,24.401,24.967
275,24.437,25.000
276,24.454,25.020
277,24.435,24.983
278,24.448,25.015
279,24.471,25.039
280,24.567,25.154
281,24.424,24.990
282,24.513,25.111
283,24.487,25.072
284,24.440,25.023
285,24.454,25.044
286,24.432,25.006
287,24.481,25.071
288,24.371,24.927
289,24.409,24.985
290,24.330,24.893
291,24.339,24.911
292,24.263,24.815
293,24.266,24.814
294,24.284,24.820
295,24.282,24.833
296,24.280,24.833
297,24.279,24.822
298,24.286,24.839
299,24.269,24.824
300,24.235,24.784
301,24.268,24.825
302,24.173,24.733
303,24.146,24.697
304,24.106,24.647
305,24.105,24.652
306,24.087,24.632
307,24.075,24.629
308,23.997,24.541
309,24.026,24.572
310,23.968,24.499
311,23.923,24.452
312,23.918,24.439
313,23.936,24.464
314,23.923,24.458
315,23.923,24.463
316,23.851,24.377
317,23.865,24.401
318,23.850,24.388
319,23.631,24.125
320,23.629,24.135
321,23.768,24.292
322,23.718,24.234
323,23.674,24.169
324,23.600,24.095
325,23.542,24.023
326,23.537,24.013
327,23.473,23.948
328,23.495,23.981
329,23.499,23.969
330,23.504,23.981
331,23.493,23.955
332,23.500,23.972
333,23.569,24.040
334,23.571,24.036
335,23.601,24.064
336,23.608,24.083
337,23.619,24.085
338,23.653,24.130
339,23.653,24.139
340,23.677,24.165
341,23.656,24.134
342,23.632,24.101
343,23.667,24.149
344,23.600,24.078
345,23.651,24.128
346,23.639,24.111
347,23.656,24.132
348,23.623,24.093
349,23.613,24.090
350,23.639,24.116
351,23.630,24.091
352,23.601,24.063
353,23.583,24.042
354,23.582,24.038
355,23.576,24.024
356,23.564,24.026
357,23.570,24.031
358,23.566,24.023
359,23.497,23.946
360,23.535,23.986
361,23.526,23.971
362,23.539,23.989
363,23.539,23.984
364,23.494,23.937
365,23.498,23.932
366,23.504,23.946
367,23.531,23.972
368,23.535,23.979
369,23.635,24.093
370,23.575,24.022
371,23.572,24.006
372,23.577,24.014
373,23.532,23.972
374,23.522,23.955
375,23.484,23.920
376,23.463,23.885
377,23.485,23.917
378,23.497,23.923
379,23.514,23.954
380,23.481,23.922
381,23.492,23.940
382,23.556,24.011
383,23.622,24.084
384,23.581,24.025
385,23.553,23.998
386,23.507,23.953
387,23.508,23.951
388,23.497,23.927
389,23.519,23.962
390,23.523,23.957
391,23.475,23.911
392,23.541,23.989
393,23.573,24.006
394,23.564,24.008
395,23.584,24.029
396,23.569,24.013
397,23.641,24.092
398,23.567,24.001
399,23.577,24.018
400,23.558,23.989
401,23.607,24.056
402,23.631,24.075
403,23.593,24.040
404,23.615,24.065
405,23.652,24.106
406,23.637,24.094
407,23.642,24.111
408,23.626,24.078
409,23.665,24.133
410,23.710,24.182
411,23.709,24.182
412,23.763,24.237
413,23.809,24.294
414,23.609,24.054
415,23.817,24.294
416,23.761,24.241
417,23.778,24.258
418,23.774,24.254
419,23.739,24.197
420,23.768,24.243
421,23.813,24.295
422,23.790,24.267
423,23.803,24.280
424,23.817,24.303
425,23.827,24.313
426,23.823,24.298
427,23.767,24.227
428,23.768,24.245
429,23.789,24.262
430,23.754,24.227
431,23.753,24.230
432,23.741,24.221
433,23.743,24.217
434,23.740,24.210
435,23.786,24.263
436,23.864,24.357
437,23.843,24.334
438,23.826,24.318
439,23.779,24.263
440,23.817,24.302
441,23.742,24.192
442,23.804,24.284
443,23.784,24.262
444,23.819,24.305
445,23.786,24.278
446,23.720,24.191
447,23.867,24.356
448,23.886,24.370
449,23.756,24.226
450,23.754,24.236
451,23.792,24.285
452,23.775,24.253
453,23.815,24.300
454,23.749,24.209
455,23.763,24.241
456,23.778,24.252
457,23.904,24.391
458,23.876,24.353
459,23.988,24.487
460,23.904,24.376
461,24.111,24.631
462,24.106,24.639
463,24.186,24.733
464,24.093,24.616
465,24.156,24.688
466,24.221,24.759
467,24.339,24.885
468,24.392,24.960
469,24.396,24.955
470,24.322,24.861
471,24.395,24.949
472,24.355,24.899
473,24.489,25.079
474,24.405,24.968
475,24.430,24.980
476,24.447,25.017
477,24.518,25.101
478,24.530,25.119
479,24.448,25.014
480,24.490,25.071
481,24.392,24.944
482,24.454,25.030
483,24.447,25.016
484,24.445,25.017
485,24.420,24.992
486,24.397,24.962
487,24.358,24.934
488,24.369,24.943
489,24.373,24.956
490,24.452,25.029
491,24.486,25.058
492,24.490,25.081
493,24.499,25.094
494,24.592,25.188
495,24.692,25.316
496,24.605,25.226
497,24.587,25.185
498,24.650,25.279
499,24.657,25.298
500,24.632,25.260
501,24.726,25.368
502,24.729,25.372
503,24.690,25.323
504,24.623,25.234
505,24.575,25.179
506,24.600,25.210
507,24.622,25.237
508,24.722,25.366
509,24.639,25.273
510,24.737,25.400
511,24.780,25.452
512,24.897,25.587
513,25.101,25.847
514,25.004,25.719
515,25.171,25.925
516,25.148,25.907
517,25.099,25.844
518,25.227,26.006
519,25.077,25.844
520,25.132,25.892
521,25.150,25.935
522,25.108,25.897
523,25.105,25.902
524,25.052,25.833
525,25.100,25.891
526,25.060,25.847
527,25.134,25.945
528,25.187,26.013
529,25.311,26.144
530,25.011,25.789
531,25.114,25.924
532,24.919,25.682
533,25.150,25.947
534,25.052,25.842
535,24.777,25.504
536,24.786,25.508
537,24.855,25.583
538,25.049,25.810
539,25.074,25.836
540,25.188,25.960
541,25.211,25.973
542,25.175,25.935
543,25.229,25.995
544,25.428,26.210
545,25.620,26.429
546,25.705,26.496
547,25.613,26.394
548,25.650,26.429
549,25.670,26.426
550,25.715,26.471
551,25.679,26.410
552,25.637,26.367
553,25.550,26.278
554,25.559,26.283
555,25.588,26.313
556,25.671,26.384
557,25.769,26.534
558,25.687,26.418
559,25.613,26.317
560,25.516,26.223
561,25.478,26.178
562,25.341,26.006
563,25.328,25.986
564,25.248,25.892
565,25.221,25.859
566,25.202,25.812
567,25.171,25.777
568,25.072,25.666
569,25.060,25.646
570,25.048,25.642
571,24.990,25.572
572,24.985,25.578
573,24.872,25.437
574,24.914,25.494
575,24.848,25.418
576,24.766,25.319
577,24.785,25.344
578,24.777,25.321
579,24.771,25.314
580,24.710,25.241
581,24.716,25.244
582,24.686,25.208
583,24.676,25.199
584,24.696,25.234
585,24.639,25.158
586,24.618,25.150
587,24.631,25.168
588,24.580,25.123
589,24.609,25.164
590,24.550,25.106
591,24.534,25.087
592,24.526,25.087
593,24.517,25.081
594,24.503,25.069
595,24.506,25.077
596,24.480,25.043
597,24.414,24.979
598,24.379,24.935
599,24.317,24.882
600,24.271,24.832
601,24.244,24.800
602,24.344,24.931
603,24.280,24.856
604,24.152,24.717
605,24.078,24.651
606,24.007,24.561
607,23.938,24.492
608,23.866,24.405
609,23.860,24.399
610,23.863,24.414
611,23.886,24.434
612,24.072,24.650
613,24.014,24.578
614,24.168,24.769
615,24.167,24.763
616,24.336,24.963
617,24.323,24.945
618,24.515,25.160
619,24.487,25.122
620,24.653,25.302
621,24.544,25.200
622,24.694,25.355
623,24.615,25.265
624,24.610,25.262
625,24.454,25.058
626,24.116,24.684
627,24.185,24.645
628,24.587,25.204
629,24.661,25.298
630,24.641,25.269
631,24.585,25.202
632,24.506,25.097
633,24.461,25.035
634,24.358,24.903
635,24.328,24.861
636,24.189,24.712
637,24.139,24.644
638,24.049,24.527
639,24.032,24.510
640,24.000,24.481
641,23.900,24.355
642,23.871,24.334
643,24.167,24.643
644,24.491,25.000
645,24.409,24.909
646,23.987,24.455
647,23.844,24.290
648,23.919,24.365
649,23.777,24.209
650,23.888,24.336
651,23.801,24.247
652,23.820,24.270
653,23.796,24.228
654,23.764,24.183
655,23.755,24.162
656,23.804,24.235
657,23.863,24.291
658,23.740,24.147
659,23.789,24.200
660,23.772,24.190
661,23.752,24.164
662,23.751,24.164
663,23.715,24.129
664,23.681,24.081
665,23.765,24.165
666,23.699,24.107
667,23.503,23.889
668,23.416,23.771
669,23.433,23.784
670,23.458,23.800
671,23.453,23.805
672,23.454,23.806
673,23.506,23.862
674,23.546,23.913
675,23.504,23.870
676,23.415,23.786
677,23.430,23.801
678,23.479,23.852
679,23.464,23.830
680,23.445,23.811
681,23.419,23.776
682,23.508,23.871
683,23.515,23.875
684,23.537,23.911
685,23.584,23.960
686,23.602,23.987
687,23.669,24.050
688,23.678,24.059
689,23.743,24.124
690,23.854,24.262
691,23.862,24.268
692,23.910,24.294
693,23.858,24.253
694,23.846,24.247
695,23.920,24.321
696,23.749,24.122
697,23.736,24.109
698,23.706,24.083
699,23.668,24.041
700,23.699,24.074
701,23.616,23.981
702,23.639,24.005
703,23.634,23.993
704,23.651,24.019
705,23.628,23.977
706,23.650,24.001
707,23.667,24.013
708,23.686,24.028
709,23.645,23.985
710,23.703,24.041
711,23.646,23.982
712,23.646,23.985
713,23.593,23.922
714,23.630,23.966
715,23.665,23.988
716,23.647,23.966
717,23.692,24.014
718,23.711,24.026
719,23.792,24.117
720,23.787,24.117
721,23.770,24.081
722,23.540,23.815
723,23.715,24.024
724,23.666,23.988
725,23.678,24.000
726,23.679,24.004
727,23.662,23.980
728,23.677,24.004
729,23.685,24.022
730,23.734,24.070
731,23.699,24.015
732,23.817,24.149
733,23.963,24.325
734,23.863,24.221
735,23.909,24.271
736,23.931,24.310
737,24.048,24.439
738,24.110,24.502
739,24.055,24.438
740,24.020,24.398
741,24.009,24.394
742,23.955,24.334
743,24.076,24.471
744,23.952,24.322
745,23.943,24.312
746,23.971,24.346
747,23.924,24.301
748,23.927,24.312
749,23.866,24.246
750,23.926,24.305
751,23.904,24.287
752,23.951,24.359
753,23.908,24.315
754,23.894,24.305
755,23.912,24.333
756,23.949,24.370
757,23.919,24.336
758,23.980,24.417
759,24.031,24.453
760,24.099,24.550
761,23.999,24.444
762,24.056,24.499
763,24.012,24.447
764,23.995,24.431
765,23.993,24.424
766,24.042,24.480
767,24.093,24.538
768,24.059,24.493
769,24.025,24.466
770,24.099,24.552
771,24.226,24.688
772,24.343,24.849
773,24.345,24.842
774,24.401,24.901
775,24.692,25.226
776,24.601,25.119
777,24.526,25.042
778,24.468,24.976
779,24.378,24.875
780,24.181,24.644
781,24.149,24.606
782,24.170,24.631
783,24.310,24.787
784,24.732,25.282
785,24.947,25.539
786,24.530,25.036
787,24.935,25.511
788,24.789,25.350
789,24.542,25.048
790,24.244,24.716
791,24.119,24.559
792,24.107,24.553
793,24.043,24.506
794,24.118,24.593
795,24.239,24.734
796,24.295,24.782
797,24.246,24.728
798,24.233,24.704
799,24.240,24.719
800,24.085,24.557
801,24.081,24.552
802,24.002,24.449
803,24.007,24.462
804,23.972,24.426
805,24.000,24.448
806,24.037,24.499
807,23.976,24.436
808,23.884,24.340
809,23.956,24.403
810,23.888,24.330
811,23.926,24.371
812,23.923,24.365
813,23.904,24.349
814,23.936,24.386
815,23.950,24.397
816,23.926,24.372
817,23.880,24.319
818,23.867,24.306
819,23.862,24.304
820,23.911,24.349
821,24.007,24.452
822,24.050,24.498
823,24.214,24.702
824,24.448,24.960
825,24.412,24.929
826,24.130,24.613
827,23.868,24.307
828,23.632,24.047
829,23.620,24.037
830,23.630,24.051
831,23.825,24.274
832,24.245,24.748
833,24.675,25.260
834,24.786,25.380
835,25.076,25.728
836,24.731,25.328
837,24.125,24.632
838,23.919,24.390
839,23.811,24.268
840,23.792,24.236
841,23.776,24.221
842,23.951,24.410
843,24.180,24.656
844,24.341,24.844
845,24.187,24.663
846,24.193,24.682
847,23.898,24.345
848,23.760,24.179
849,23.707,24.121
850,23.692,24.099
851,23.748,24.187
852,23.695,24.113
853,23.704,24.114
854,23.748,24.159
855,23.750,24.163
856,23.603,24.001
857,23.477,23.872
858,23.390,23.764
859,23.372,23.742
860,23.511,23.891
861,23.457,23.818
862,23.402,23.774
863,23.453,23.830
864,23.423,23.796
865,23.394,23.762
866,23.420,23.797
867,23.405,23.784
868,23.402,23.772
869,23.365,23.746
870,23.387,23.775
871,23.386,23.770
872,23.367,23.745
873,23.375,23.754
874,23.357,23.736
875,23.351,23.720
876,23.360,23.744
877,23.369,23.749
878,23.395,23.772
879,23.406,23.792
880,23.378,23.758
881,23.369,23.743
882,23.394,23.758
883,23.390,23.758
884,23.369,23.740
885,23.392,23.758
886,23.459,23.838
887,23.463,23.851
888,23.437,23.816
889,23.425,23.801
890,23.448,23.819
891,23.453,23.828
892,23.455,23.834
893,23.482,23.867
894,23.397,23.755
895,23.405,23.768
896,23.431,23.804
897,23.457,23.829
898,23.444,23.808
899,23.493,23.872
900,23.517,23.896
901,23.461,23.823
902,23.457,23.817
903,23.448,23.794
904,23.346,23.694
905,23.273,23.614
906,23.267,23.609
907,23.281,23.618
908,23.319,23.665
909,23.378,23.730
910,23.366,23.718
911,23.380,23.730
912,23.550,23.911
913,23.549,23.910
914,23.496,23.850
915,23.564,23.927
916,23.548,23.910
917,23.545,23.903
918,23.537,23.904
919,23.543,23.898
920,23.400,23.746
921,23.431,23.786
922,23.677,24.058
923,23.619,23.993
924,23.594,23.968
925,23.628,23.997
926,23.642,24.023
927,23.643,24.022
928,23.689,24.084
929,23.701,24.103
930,23.690,24.088
931,23.696,24.095
932,23.656,24.051
933,23.674,24.072
934,23.719,24.120
935,23.823,24.235
936,23.755,24.163
937,23.761,24.178
938,23.808,24.223
939,23.812,24.228
940,23.714,24.113
941,23.722,24.123
942,23.682,24.077
943,23.748,24.145
944,23.716,24.109
945,23.727,24.124
946,23.697,24.091
947,23.710,24.112
948,23.715,24.114
949,23.733,24.124
950,23.730,24.126
951,23.762,24.166
952,23.756,24.168
953,23.730,24.131
954,23.733,24.146
955,23.752,24.169
956,23.724,24.137
957,23.710,24.118
958,23.718,24.130
959,23.697,24.109
960,23.691,24.104
961,23.672,24.085
962,23.612,24.006
963,23.667,24.073
964,23.726,24.144
965,23.774,24.194
966,23.820,24.248
967,23.828,24.251
968,23.872,24.299
969,23.874,24.301
970,23.848,24.268
971,23.902,24.332
972,23.864,24.286
973,23.893,24.296
974,23.925,24.344
975,23.985,24.405
976,23.978,24.410
977,23.975,24.395
978,24.004,24.434
979,24.053,24.493
980,24.032,24.459
981,24.016,24.453
982,23.972,24.397
983,23.981,24.416
984,24.006,24.430
985,24.033,24.462
986,23.992,24.415
987,23.977,24.386
988,23.971,24.396
989,23.938,24.353
990,23.949,24.364
991,23.950,24.366
992,23.906,24.314
993,23.892,24.304
994,23.904,24.327
995,23.882,24.282
996,23.909,24.323
997,23.895,24.312
998,23.840,24.249
999,23.844,24.250
1000,23.855,24.271
1001,23.839,24.243
1002,23.847,24.259
1003,23.839,24.247
1004,23.881,24.293
1005,23.890,24.289
1006,23.916,24.321
1007,23.952,24.368
1008,23.985,24.412
1009,24.012,24.435
1010,24.051,24.477
1011,24.096,24.523
1012,24.081,24.507
1013,24.065,24.484
1014,24.059,24.477
1015,24.064,24.482
1016,24.049,24.472
1017,24.000,24.411
1018,23.969,24.366
1019,23.972,24.382
1020,23.912,24.318
1021,23.899,24.303
1022,23.911,24.315
1023,23.904,24.300
1024,23.890,24.287
1025,23.890,24.285
1026,23.880,24.276
1027,23.846,24.244
1028,23.840,24.238
1029,23.825,24.218
1030,23.798,24.186
1031,23.795,24.176
1032,23.723,24.101
1033,23.694,24.071
1034,23.712,24.090
1035,23.651,24.034
1036,23.621,23.995
1037,23.634,24.008
1038,23.638,24.001
1039,23.605,23.971
1040,23.611,23.988
1041,23.617,23.993
1042,23.637,23.998
1043,23.650,24.011
1044,23.631,24.000
1045,23.624,23.999
1046,23.638,24.003
1047,23.644,24.012
1048,23.675,24.050
1049,23.668,24.037
1050,23.636,24.006
1051,23.659,24.028
1052,23.657,24.038
1053,23.638,23.999
1054,23.670,24.035
1055,23.684,24.049
1056,23.716,24.079
1057,23.673,24.033
1058,23.667,24.045
1059,23.671,24.050
1060,23.718,24.093
1061,23.706,24.079
1062,23.675,24.050
1063,23.663,24.037
1064,23.637,24.007
1065,23.614,23.980
1066,23.602,23.977
1067,23.594,23.963
1068,23.568,23.939
1069,23.552,23.920
1070,23.558,23.931
1071,23.547,23.907
1072,23.571,23.946
1073,23.576,23.939
1074,23.627,24.002
1075,23.628,24.002
1076,23.712,24.094
1077,23.708,24.071
1078,23.705,24.078
1079,23.730,24.109
1080,23.747,24.126
1081,23.752,24.135
1082,23.796,24.177
1083,23.821,24.210
1084,23.830,24.221
1085,23.835,24.215
1086,23.835,24.219
1087,23.856,24.244
1088,23.870,24.258
1089,23.852,24.246
1090,23.852,24.245
1091,23.848,24.233
1092,23.860,24.246
1093,23.863,24.254
1094,23.860,24.244
1095,23.831,24.215
1096,23.846,24.231
1097,23.848,24.233
1098,23.853,24.247
1099,23.838,24.216
1100,23.837,24.224
1101,23.853,24.240
1102,23.850,24.236
1103,23.854,24.237
1104,23.916,24.311
1105,23.861,24.253
1106,23.856,24.243
1107,23.861,24.251
1108,23.925,24.311
1109,23.927,24.315
1110,23.852,24.230
1111,23.859,24.240
1112,23.930,24.315
1113,23.940,24.323
1114,23.930,24.321
1115,23.867,24.261
1116,23.948,24.342
1117,23.942,24.331
1118,23.948,24.337
1119,23.877,24.271
1120,23.889,24.291
1121,23.892,24.285
1122,23.873,24.261
1123,23.888,24.291
1124,23.892,24.290
1125,23.918,24.315
1126,23.918,24.321
1127,23.936,24.335
1128,23.958,24.359
1129,23.942,24.339
1130,23.948,24.346
1131,23.937,24.352
1132,23.958,24.372
1133,23.973,24.380
1134,23.976,24.388
1135,23.967,24.377
1136,23.976,24.393
1137,23.988,24.405
1138,24.009,24.430
1139,24.000,24.417
1140,24.000,24.418
1141,24.021,24.437
1142,24.029,24.461
1143,24.021,24.444
1144,24.004,24.430
1145,24.021,24.445
1146,23.987,24.413
1147,23.980,24.409
1148,23.984,24.407
1149,23.961,24.379
1150,23.974,24.400
1151,23.912,24.334
1152,23.907,24.324
1153,23.905,24.309
1154,23.928,24.338
1155,23.946,24.364
1156,23.934,24.355
1157,23.961,24.379
1158,23.963,24.385
1159,23.979,24.398
1160,23.992,24.416
1161,23.993,24.415
1162,24.073,24.486
1163,23.994,24.421
1164,23.986,24.415
1165,23.971,24.392
1166,23.970,24.390
1167,23.960,24.381
1168,23.960,24.389
1169,23.968,24.394
1170,24.012,24.425
1171,23.992,24.409
1172,24.000,24.416
1173,24.027,24.433
1174,24.008,24.413
1175,24.016,24.424
1176,24.036,24.452
1177,24.053,24.465
1178,24.056,24.480
1179,24.063,24.485
1180,24.040,24.463
1181,24.049,24.464
1182,24.048,24.463
1183,24.050,24.469
1184,24.045,24.457
1185,24.013,24.429
1186,24.013,24.421
1187,23.990,24.397
1188,23.996,24.404
1189,24.010,24.417
1190,23.998,24.406
1191,24.000,24.409
1192,24.007,24.413
1193,23.974,24.382
1194,23.984,24.392
1195,23.988,24.398
1196,23.973,24.388
1197,23.957,24.379
1198,23.945,24.360
1199,23.944,24.358
1200,23.963,24.383
1201,23.960,24.376
1202,24.066,24.519
1203,24.021,24.464
1204,23.994,24.437
1205,23.998,24.443
1206,23.989,24.426
1207,23.995,24.434
1208,23.995,24.434
1209,23.980,24.414
1210,23.986,24.425
1211,23.987,24.425
1212,24.028,24.450
1213,24.015,24.441
1214,24.035,24.462
1215,24.042,24.471
1216,24.049,24.472
1217,24.047,24.472
1218,24.044,24.476
1219,24.035,24.457
1220,24.034,24.453
1221,24.032,24.458
1222,24.036,24.466
1223,24.037,24.470
1224,24.034,24.464
1225,24.033,24.455
1226,24.055,24.488
1227,24.035,24.451
1228,24.026,24.443
1229,24.045,24.476
1230,24.032,24.462
1231,24.030,24.461
1232,24.041,24.471
1233,24.035,24.463
1234,24.034,24.456
1235,23.919,24.325
1236,23.901,24.306
1237,23.867,24.267
1238,23.857,24.265
1239,23.857,24.260
1240,23.802,24.205
1241,23.788,24.193
1242,23.777,24.170
1243,23.755,24.151
1244,23.768,24.160
1245,23.765,24.148
1246,23.798,24.192
1247,23.781,24.170
1248,23.802,24.203
1249,23.784,24.187
1250,23.771,24.162
1251,23.750,24.143
1252,23.726,24.117
1253,23.682,24.073
1254,23.694,24.087
1255,23.689,24.078
1256,23.790,24.194
1257,23.787,24.196
1258,23.795,24.200
1259,23.782,24.184
1260,23.829,24.239
1261,23.852,24.258
1262,23.905,24.319
1263,23.910,24.324
1264,23.954,24.374
1265,23.851,24.259
1266,23.856,24.260
1267,23.884,24.285
1268,23.935,24.349
1269,23.931,24.339
1270,23.935,24.342
1271,23.938,24.348
1272,23.951,24.362
1273,24.084,24.510
1274,24.091,24.524
1275,24.099,24.511
1276,24.083,24.511
1277,24.074,24.494
1278,23.968,24.381
1279,23.970,24.373
1280,23.972,24.383
1281,23.978,24.394
1282,23.968,24.385
1283,23.954,24.362
1284,23.960,24.376
1285,23.976,24.391
1286,23.978,24.388
1287,24.082,24.502
1288,23.964,24.368
1289,23.962,24.371
1290,23.953,24.357
1291,24.064,24.491
1292,24.063,24.486
1293,24.069,24.487
1294,23.960,24.366
1295,24.076,24.493
1296,24.103,24.530
1297,24.081,24.517
1298,24.089,24.511
1299,24.074,24.502
1300,23.949,24.346
1301,24.078,24.485
1302,24.071,24.492
1303,24.085,24.504
1304,24.068,24.501
1305,23.940,24.352
1306,23.929,24.333
1307,24.068,24.494
1308,24.051,24.479
1309,24.053,24.480
1310,23.926,24.338
1311,24.039,24.464
1312,24.059,24.484
1313,24.060,24.480
1314,24.063,24.485
1315,24.070,24.492
1316,23.954,24.361
1317,24.039,24.457
1318,24.058,24.475
1319,24.046,24.461
1320,24.061,24.482
1321,24.058,24.478
1322,24.060,24.476
1323,24.052,24.471
1324,24.051,24.476
1325,24.059,24.486
1326,24.072,24.491
1327,24.055,24.468
1328,24.054,24.474
1329,24.069,24.492
1330,24.065,24.485
1331,24.060,24.482
1332,23.934,24.336
1333,24.061,24.468
1334,24.073,24.497
1335,24.093,24.511
1336,24.080,24.508
1337,24.059,24.474
1338,24.042,24.461
1339,24.000,24.423
1340,23.970,24.388
1341,23.999,24.415
1342,23.978,24.396
1343,23.981,24.404
1344,23.970,24.397
1345,23.989,24.416
1346,23.904,24.327
1347,23.875,24.287
1348,23.858,24.261
1349,23.841,24.253
1350,23.837,24.243
1351,23.857,24.268
1352,23.886,24.292
1353,23.916,24.333
1354,23.953,24.363
1355,23.972,24.374
1356,24.008,24.409
1357,24.002,24.397
1358,23.979,24.379
1359,23.984,24.380
1360,23.989,24.378
1361,23.847,24.222
1362,23.804,24.176
1363,23.751,24.116
1364,23.826,24.200
1365,23.782,24.157
1366,23.791,24.161
1367,23.808,24.185
1368,23.805,24.188
1369,23.831,24.209
1370,23.813,24.188
1371,23.800,24.173
1372,23.802,24.173
1373,23.795,24.168
1374,23.794,24.171
1375,23.778,24.145
1376,23.787,24.144
1377,23.783,24.149
1378,23.796,24.165
1379,23.795,24.166
1380,23.789,24.158
1381,23.792,24.159
1382,23.785,24.159
1383,23.780,24.152
1384,23.774,24.143
1385,23.789,24.150
1386,23.766,24.125
1387,23.775,24.132
1388,23.777,24.147
1389,23.786,24.151
1390,23.805,24.175
1391,23.797,24.163
1392,23.781,24.152
1393,23.795,24.168
1394,23.797,24.171
1395,23.798,24.177
1396,23.794,24.168
1397,23.794,24.156
1398,23.814,24.177
1399,23.795,24.168
1400,23.820,24.191
1401,23.828,24.203
1402,23.814,24.186
1403,23.808,24.182
1404,23.816,24.187
1405,23.806,24.171
1406,23.801,24.169
1407,23.798,24.175
1408,23.823,24.192
1409,23.815,24.189
1410,23.812,24.186
1411,23.803,24.170
1412,23.789,24.159
1413,23.765,24.121
1414,23.765,24.133
1415,23.747,24.121
1416,23.723,24.087
1417,23.689,24.051
1418,23.709,24.065
1419,23.728,24.098
1420,23.727,24.097
1421,23.723,24.089
1422,23.740,24.110
1423,23.724,24.088
1424,23.672,24.032
1425,23.691,24.055
1426,23.727,24.087
1427,23.729,24.082
1428,23.729,24.086
1429,23.709,24.077
1430,23.693,24.064
1431,23.697,24.057
1432,23.690,24.060
1433,23.653,24.014
1434,23.659,24.026
1435,23.635,24.006
1436,23.657,24.022
1437,23.646,24.007
1438,23.671,24.035
1439,23.656,24.016
1440,23.671,24.043
1441,23.697,24.077
1442,23.786,24.197
1443,23.818,24.228
1444,23.800,24.206
1445,23.767,24.169
1446,23.828,24.229
1447,23.884,24.286
1448,23.926,24.336
1449,23.896,24.300
1450,23.879,24.287
1451,23.790,24.189
1452,23.781,24.186
1453,23.780,24.184
1454,23.742,24.142
1455,23.753,24.156
1456,23.731,24.133
1457,23.681,24.084
1458,23.698,24.098
1459,23.704,24.105
1460,23.746,24.147
1461,23.796,24.199
1462,23.916,24.343
1463,23.875,24.295
1464,23.868,24.287
1465,23.881,24.297
1466,23.982,24.414
1467,24.022,24.447
1468,24.069,24.498
1469,24.100,24.534
1470,24.087,24.519
1471,24.091,24.520
1472,24.004,24.415
1473,24.027,24.449
1474,24.049,24.458
1475,24.065,24.486
1476,24.090,24.515
1477,24.109,24.521
1478,24.124,24.550
1479,24.134,24.560
1480,24.126,24.551
1481,24.086,24.509
1482,24.103,24.528
1483,24.068,24.500
1484,24.077,24.503
1485,24.065,24.495
1486,24.049,24.480
1487,24.025,24.458
1488,23.994,24.430
1489,23.931,24.372
1490,23.875,24.306
1491,23.867,24.293
1492,23.819,24.241
1493,23.803,24.221
1494,23.746,24.159
1495,23.736,24.144
1496,23.696,24.110
1497,23.777,24.185
1498,23.832,24.251
1499,23.928,24.355
1500,24.043,24.469
1501,24.113,24.547
1502,24.104,24.533
1503,24.128,24.559
1504,24.139,24.571
1505,24.133,24.559
1506,24.117,24.543
1507,24.091,24.513
1508,24.052,24.460
1509,23.808,24.180
1510,23.714,24.079
1511,23.693,24.050
1512,23.808,24.194
1513,23.679,24.032
1514,23.791,24.167
1515,23.776,24.151
1516,23.769,24.149
1517,23.792,24.168
1518,23.793,24.173
1519,23.785,24.160
1520,23.769,24.145
1521,23.763,24.131
1522,23.760,24.129
1523,23.763,24.130
1524,23.763,24.132
1525,23.749,24.119
1526,23.731,24.090
1527,23.754,24.114
1528,23.750,24.112
1529,23.747,24.113
1530,23.747,24.114
1531,23.736,24.096
1532,23.742,24.102
1533,23.748,24.108
1534,23.746,24.110
1535,23.744,24.102
1536,23.724,24.092
1537,23.755,24.114
1538,23.750,24.105
1539,23.739,24.089
1540,23.739,24.100
1541,23.747,24.101
1542,23.748,24.115
1543,23.738,24.100
1544,23.758,24.117
1545,23.755,24.119
1546,23.757,24.117
1547,23.753,24.106
1548,23.752,24.111
1549,23.737,24.084
1550,23.744,24.094
1551,23.744,24.104
1552,23.742,24.096
1553,23.729,24.088
1554,23.748,24.110
1555,23.730,24.083
1556,23.705,24.061
1557,23.664,24.017
1558,23.638,23.996
1559,23.644,23.997
1560,23.638,23.984
1561,23.617,23.973
1562,23.585,23.947
1563,23.577,23.930
1564,23.534,23.887
1565,23.572,23.928
1566,23.560,23.913
1567,23.568,23.930
1568,23.593,23.959
1569,23.622,23.983
1570,23.652,24.016
1571,23.714,24.091
1572,23.783,24.152
1573,23.866,24.252
1574,23.833,24.208
1575,23.897,24.278
1576,23.913,24.296
1577,23.937,24.330
1578,23.982,24.378
1579,24.027,24.427
1580,24.024,24.417
1581,23.999,24.393
1582,24.018,24.418
1583,24.025,24.431
1584,23.997,24.395
1585,23.987,24.371
1586,23.937,24.330
1587,23.930,24.326
1588,23.942,24.345
1589,23.947,24.350
1590,23.967,24.369
1591,23.966,24.365
1592,23.987,24.377
1593,23.985,24.381
1594,23.994,24.394
1595,24.005,24.417
1596,24.003,24.417
1597,23.996,24.398
1598,24.008,24.418
1599,24.018,24.421
1600,24.036,24.440
1601,24.041,24.452
1602,24.047,24.466
1603,24.049,24.462
1604,24.046,24.459
1605,23.997,24.401
1606,24.006,24.413
1607,23.995,24.411
1608,24.089,24.505
1609,24.098,24.515
1610,24.025,24.446
1611,24.039,24.454
1612,24.051,24.469
1613,24.037,24.464
1614,24.049,24.473
1615,24.066,24.487
1616,24.086,24.506
1617,24.093,24.494
1618,24.074,24.496
1619,24.095,24.520
1620,24.092,24.521
1621,24.114,24.541
1622,24.103,24.524
1623,24.102,24.532
1624,24.110,24.539
1625,24.103,24.523
1626,24.110,24.539
1627,24.111,24.535
1628,24.117,24.547
1629,24.115,24.542
1630,24.091,24.518
1631,24.109,24.529
1632,24.096,24.519
1633,24.098,24.527
1634,24.119,24.547
1635,24.103,24.519
1636,24.083,24.501
1637,24.090,24.515
1638,24.101,24.528
1639,24.117,24.547
1640,24.105,24.533
1641,24.112,24.534
1642,24.094,24.530
1643,24.118,24.539
1644,24.112,24.535
1645,24.115,24.535
1646,24.098,24.526
1647,24.107,24.529
1648,24.102,24.521
1649,24.120,24.545
1650,24.101,24.528
1651,24.119,24.549
1652,24.111,24.543
1653,24.099,24.528
1654,24.095,24.517
1655,24.102,24.521
1656,24.105,24.539
1657,24.120,24.549
1658,24.107,24.537
1659,24.116,24.529
1660,24.110,24.531
1661,24.127,24.562
1662,24.132,24.568
1663,24.126,24.558
1664,24.117,24.547
1665,24.109,24.528
1666,24.119,24.551
1667,24.122,24.554
1668,24.117,24.543
1669,24.092,24.521
1670,24.115,24.546
1671,24.110,24.539
1672,24.116,24.550
1673,24.109,24.545
1674,24.125,24.557
1675,24.133,24.562
1676,24.122,24.558
1677,24.145,24.577
1678,24.150,24.583
1679,24.080,24.516
1680,24.127,24.561
1681,24.121,24.562
1682,24.148,24.611
1683,24.130,24.589
1684,24.103,24.558
1685,24.110,24.560
1686,24.103,24.550
1687,24.119,24.569
1688,24.109,24.560
1689,24.103,24.546
1690,24.116,24.563
1691,24.101,24.550
1692,24.132,24.585
1693,24.154,24.610
1694,24.164,24.622
1695,24.153,24.603
1696,24.139,24.591
1697,24.169,24.629
1698,24.166,24.615
1699,24.160,24.606
1700,24.166,24.619
1701,24.169,24.611
1702,24.193,24.655
1703,24.191,24.658
1704,24.179,24.629
1705,24.201,24.648
1706,24.230,24.704
1707,24.310,24.789
1708,24.331,24.818
1709,24.329,24.819
1710,24.329,24.817
1711,24.396,24.912
1712,24.291,24.780
1713,24.415,24.926
1714,24.327,24.803
1715,24.413,24.914
1716,24.411,24.913
1717,24.463,24.970
1718,24.362,24.849
1719,24.432,24.926
1720,24.416,24.926
1721,24.474,24.971
1722,24.507,25.014
1723,24.379,24.858
1724,24.480,24.990
1725,24.495,25.002
1726,24.480,24.975
1727,24.530,25.041
1728,24.494,25.002
1729,24.463,24.961
1730,24.425,24.902
1731,24.391,24.869
1732,24.371,24.818
1733,24.350,24.774
1734,24.383,24.811
1735,24.451,24.896
1736,24.369,24.798
1737,24.364,24.812
1738,24.366,24.792
1739,24.360,24.791
1740,24.481,24.930
1741,24.478,24.950
1742,24.540,25.025
1743,24.527,25.015
1744,24.530,25.018
1745,24.536,25.026
1746,24.442,24.916
1747,24.450,24.896
1748,24.425,24.865
1749,24.426,24.875
1750,24.410,24.853
1751,24.419,24.857
1752,24.406,24.842
1753,24.328,24.742
1754,24.337,24.758
1755,24.369,24.783
1756,24.381,24.821
1757,24.365,24.803
1758,24.378,24.818
1759,24.453,24.908
1760,24.507,24.964
1761,24.555,25.013
1762,24.505,24.954
1763,24.460,24.908
1764,24.486,24.933
1765,24.506,24.964
1766,24.471,24.920
1767,24.549,25.016
1768,24.548,25.012
1769,24.546,25.019
1770,24.568,25.044
1771,24.558,25.025
1772,24.518,24.995
1773,24.533,25.005
1774,24.576,25.058
1775,24.546,25.015
1776,24.562,25.028
1777,24.588,25.067
1778,24.655,25.153
1779,24.623,25.122
1780,24.561,25.055
1781,24.628,25.113
1782,24.631,25.118
1783,24.683,25.176
1784,24.651,25.149
1785,24.679,25.188
1786,24.614,25.113
1787,24.653,25.146
1788,24.618,25.120
1789,24.656,25.171
1790,24.609,25.125
1791,24.618,25.119
1792,24.561,25.059
1793,24.577,25.063
1794,24.568,25.055
1795,24.606,25.110
1796,24.607,25.113
1797,24.556,25.033
1798,24.609,25.105
1799,24.563,25.055
1800,24.606,25.106
1801,24.566,25.060
1802,24.557,25.052
1803,24.542,25.037
1804,24.528,25.029
1805,24.495,24.986
1806,24.389,24.841
1807,24.401,24.873
1808,24.419,24.891
1809,24.427,24.912
1810,24.383,24.851
1811,24.487,24.976
1812,24.418,24.889
1813,24.455,24.939
1814,24.382,24.853
1815,24.405,24.895
1816,24.418,24.890
1817,24.391,24.860
1818,24.425,24.911
1819,24.529,25.020
1820,24.652,25.161
1821,24.388,24.853
1822,24.422,24.887
1823,24.767,25.259
1824,24.529,24.992
1825,24.424,24.882
1826,24.561,25.045
1827,24.514,25.001
1828,24.484,24.963
1829,24.396,24.869
1830,24.396,24.857
1831,24.366,24.840
1832,24.347,24.802
1833,24.342,24.812
1834,24.352,24.819
1835,24.383,24.866
1836,24.721,25.247
1837,24.462,24.959
1838,24.646,25.176
1839,24.522,25.027
1840,24.695,25.234
1841,24.466,24.965
