0,14.489,17.423
1,14.508,17.456
2,14.495,17.415
3,14.478,17.395
4,14.471,17.377
5,14.489,17.416
6,14.473,17.400
7,14.475,17.401
8,14.426,17.330
9,14.426,17.330
10,14.397,17.292
11,14.378,17.264
12,14.380,17.292
13,14.393,17.304
14,14.389,17.302
15,14.355,17.278
16,14.377,17.300
17,14.369,17.284
18,14.359,17.277
19,14.323,17.229
20,14.316,17.215
21,14.274,17.156
22,14.278,17.176
23,14.248,17.124
24,14.216,17.072
25,14.205,17.066
26,14.170,17.017
27,14.154,16.995
28,14.099,16.900
29,14.056,16.823
30,13.991,16.734
31,13.955,16.688
32,13.943,16.671
33,13.886,16.580
34,13.875,16.550
35,13.889,16.585
36,13.886,16.580
37,13.869,16.535
38,13.840,16.504
39,13.839,16.479
40,13.790,16.416
41,13.785,16.415
42,13.756,16.374
43,13.749,16.364
44,13.716,16.319
45,13.695,16.285
46,13.705,16.307
47,13.641,16.225
48,13.645,16.229
49,13.626,16.202
50,13.644,16.214
51,13.601,16.157
52,13.616,16.169
53,13.610,16.182
54,13.619,16.184
55,13.611,16.175
56,13.621,16.197
57,13.625,16.196
58,13.627,16.195
59,13.627,16.205
60,13.637,16.232
61,13.621,16.187
62,13.636,16.217
63,13.597,16.177
64,13.575,16.147
65,13.583,16.157
66,13.537,16.091
67,13.487,16.031
68,13.472,16.018
69,13.473,16.019
70,13.451,15.991
71,13.476,16.023
72,13.462,16.013
73,13.484,16.047
74,13.479,16.030
75,13.453,15.991
76,13.473,16.034
77,13.484,16.056
78,13.502,16.090
79,13.505,16.100
80,13.539,16.158
81,13.540,16.158
82,13.589,16.253
83,13.590,16.251
84,13.590,16.276
85,13.576,16.266
86,13.564,16.256
87,13.587,16.313
88,13.621,16.373
89,13.620,16.393
90,13.665,16.482
91,13.728,16.569
92,13.768,16.637
93,13.832,16.741
94,13.821,16.741
95,13.880,16.832
96,13.921,16.887
97,13.933,16.895
98,13.992,17.007
99,14.030,17.059
100,14.038,17.068
101,14.064,17.098
102,14.088,17.134
103,14.094,17.148
104,14.103,17.144
105,14.105,17.147
106,14.105,17.158
107,14.128,17.185
108,14.142,17.187
109,14.144,17.177
110,14.125,17.153
111,14.130,17.165
112,14.127,17.152
113,14.108,17.127
114,14.092,17.092
115,14.067,17.035
116,14.010,16.978
117,13.973,16.915
118,13.915,16.837
119,13.831,16.705
120,13.745,16.566
121,13.724,16.539
122,13.651,16.416
123,13.610,16.349
124,13.524,16.217
125,13.458,16.130
126,13.429,16.074
127,13.400,16.037
128,13.371,15.985
129,13.324,15.908
130,13.322,15.905
131,13.299,15.869
132,13.288,15.846
133,13.257,15.794
134,13.228,15.747
135,13.242,15.780
136,13.254,15.794
137,13.251,15.785
138,13.256,15.787
139,13.240,15.761
140,13.209,15.717
141,13.146,15.622
142,13.161,15.667
143,13.137,15.637
144,13.103,15.588
145,13.078,15.565
146,13.061,15.546
147,13.064,15.566
148,13.059,15.542
149,13.049,15.530
150,13.063,15.562
151,13.043,15.516
152,13.098,15.605
153,13.098,15.602
154,13.115,15.629
155,13.116,15.627
156,13.118,15.620
157,13.143,15.660
158,13.136,15.651
159,13.169,15.712
160,13.174,15.719
161,13.199,15.751
162,13.208,15.773
163,13.228,15.809
164,13.229,15.811
165,13.267,15.878
166,13.235,15.838
167,13.201,15.788
168,13.229,15.824
169,13.188,15.775
170,13.182,15.768
171,13.190,15.772
172,13.199,15.787
173,13.202,15.801
174,13.213,15.800
175,13.206,15.788
176,13.207,15.789
177,13.205,15.782
178,13.200,15.774
179,13.212,15.796
180,13.228,15.822
181,13.228,15.812
182,13.239,15.840
183,13.240,15.822
184,13.281,15.880
185,13.293,15.890
186,13.344,15.971
187,13.312,15.920
188,13.346,15.969
189,13.382,16.012
190,13.372,16.004
191,13.381,15.999
192,13.414,16.054
193,13.414,16.050
194,13.444,16.087
195,13.448,16.100
196,13.379,16.003
197,13.402,16.046
198,13.414,16.069
199,13.426,16.092
200,13.425,16.090
201,13.405,16.039
202,13.394,16.037
203,13.371,15.995
204,13.366,15.990
205,13.352,15.965
206,13.324,15.922
207,13.328,15.924
208,13.337,15.940
209,13.348,15.960
210,13.349,15.951
211,13.346,15.958
212,13.360,15.968
213,13.386,16.003
214,13.406,16.024
215,13.403,15.979
216,13.401,15.971
217,13.438,16.024
218,13.426,15.993
219,13.406,15.969
220,13.401,15.966
221,13.347,15.887
222,13.306,15.834
223,13.320,15.876
224,13.280,15.788
225,13.248,15.757
226,13.222,15.709
227,13.215,15.699
228,13.184,15.665
229,13.176,15.664
230,13.153,15.620
231,13.149,15.607
232,13.124,15.578
233,13.083,15.522
234,13.097,15.540
235,13.059,15.477
236,13.055,15.468
237,13.065,15.483
238,13.026,15.425
239,13.033,15.437
240,12.999,15.384
241,13.004,15.392
242,12.999,15.376
243,12.993,15.368
244,12.998,15.378
245,13.004,15.388
246,13.005,15.404
247,12.991,15.383
248,12.993,15.389
249,13.014,15.426
250,12.990,15.379
251,13.012,15.419
252,12.996,15.396
253,13.002,15.392
254,13.021,15.429
255,13.029,15.437
256,13.032,15.443
257,13.038,15.463
258,13.016,15.430
259,13.040,15.457
260,13.033,15.450
261,13.031,15.443
262,13.021,15.438
263,13.034,15.458
264,13.060,15.490
265,13.068,15.503
266,13.071,15.509
267,13.076,15.513
268,13.073,15.515
269,13.085,15.518
270,13.086,15.532
271,13.063,15.498
272,13.083,15.532
273,13.110,15.567
274,13.102,15.555
275,13.116,15.576
276,13.146,15.620
277,13.117,15.576
278,13.110,15.571
279,13.117,15.582
280,13.107,15.570
281,13.130,15.602
282,13.122,15.589
283,13.132,15.609
284,13.129,15.608
285,13.152,15.634
286,13.165,15.654
287,13.146,15.628
288,13.152,15.633
289,13.171,15.656
290,13.146,15.618
291,13.128,15.601
292,13.109,15.571
293,13.115,15.577
294,13.100,15.549
295,13.130,15.608
296,13.110,15.566
297,13.123,15.580
298,13.118,15.570
299,13.140,15.604
300,13.145,15.623
301,13.141,15.609
302,13.149,15.617
303,13.173,15.657
304,13.155,15.618
305,13.166,15.643
306,13.163,15.650
307,13.194,15.693
308,13.180,15.665
309,13.157,15.636
310,13.166,15.638
311,13.152,15.608
312,13.144,15.631
313,13.123,15.596
314,13.109,15.585
315,13.079,15.536
316,13.079,15.544
317,13.077,15.534
318,13.069,15.536
319,13.070,15.534
320,13.044,15.490
321,13.066,15.522
322,13.075,15.546
323,13.077,15.546
324,13.102,15.585
325,13.091,15.577
326,13.092,15.578
327,13.104,15.605
328,13.088,15.569
329,13.086,15.574
330,13.083,15.576
331,13.064,15.550
332,13.067,15.545
333,13.079,15.578
334,13.086,15.582
335,13.082,15.573
336,13.110,15.626
337,13.102,15.602
338,13.127,15.660
339,13.115,15.623
340,13.115,15.627
341,13.099,15.616
342,13.113,15.638
343,13.089,15.609
344,13.096,15.618
345,13.103,15.625
346,13.072,15.581
347,13.075,15.583
348,13.095,15.615
349,13.074,15.593
350,13.065,15.572
351,13.088,15.613
352,13.086,15.606
353,13.090,15.619
354,13.110,15.646
355,13.129,15.687
356,13.149,15.709
357,13.136,15.681
358,13.120,15.661
359,13.158,15.715
360,13.136,15.686
361,13.165,15.735
362,13.171,15.743
363,13.150,15.707
364,13.137,15.683
365,13.130,15.678
366,13.131,15.674
367,13.128,15.682
368,13.122,15.671
369,13.127,15.664
370,13.140,15.699
371,13.128,15.674
372,13.163,15.731
373,13.163,15.730
374,13.177,15.748
375,13.149,15.695
376,13.151,15.705
377,13.144,15.687
378,13.132,15.670
379,13.123,15.670
380,13.137,15.675
381,13.135,15.680
382,13.130,15.665
383,13.141,15.677
384,13.126,15.661
385,13.123,15.662
386,13.140,15.682
387,13.149,15.687
388,13.154,15.696
389,13.144,15.689
390,13.165,15.717
391,13.168,15.720
392,13.163,15.719
393,13.150,15.704
394,13.123,15.659
395,13.159,15.715
396,13.143,15.684
397,13.157,15.709
398,13.156,15.716
399,13.143,15.681
400,13.156,15.700
401,13.141,15.676
402,13.123,15.654
403,13.093,15.612
404,13.089,15.609
405,13.094,15.616
406,13.074,15.586
407,13.111,15.643
408,13.121,15.641
409,13.136,15.677
410,13.154,15.691
411,13.158,15.699
412,13.179,15.724
413,13.213,15.782
414,13.204,15.768
415,13.200,15.784
416,13.203,15.792
417,13.178,15.749
418,13.156,15.710
419,13.111,15.632
420,13.102,15.625
421,13.104,15.620
422,13.118,15.643
423,13.146,15.689
424,13.152,15.690
425,13.147,15.690
426,13.130,15.655
427,13.176,15.730
428,13.195,15.768
429,13.194,15.754
430,13.218,15.790
431,13.218,15.797
432,13.208,15.779
433,13.209,15.776
434,13.202,15.762
435,13.203,15.770
436,13.187,15.749
437,13.194,15.764
438,13.210,15.792
439,13.220,15.794
440,13.244,15.831
441,13.232,15.810
442,13.227,15.814
443,13.242,15.837
444,13.253,15.854
445,13.257,15.846
446,13.237,15.825
447,13.238,15.823
448,13.226,15.815
449,13.239,15.827
450,13.245,15.836
451,13.237,15.831
452,13.252,15.834
453,13.257,15.857
454,13.255,15.841
455,13.287,15.901
456,13.293,15.900
457,13.291,15.905
458,13.289,15.902
459,13.296,15.903
460,13.285,15.886
461,13.296,15.902
462,13.288,15.881
463,13.296,15.898
464,13.295,15.885
465,13.309,15.911
466,13.305,15.900
467,13.329,15.944
468,13.338,15.968
469,13.331,15.940
470,13.352,15.968
471,13.338,15.954
472,13.338,15.955
473,13.357,15.964
474,13.341,15.953
475,13.344,15.953
476,13.319,15.910
477,13.328,15.942
478,13.323,15.927
479,13.314,15.931
480,13.308,15.898
481,13.284,15.866
482,13.289,15.878
483,13.316,15.920
484,13.272,15.852
485,13.292,15.880
486,13.315,15.899
487,13.326,15.930
488,13.330,15.938
489,13.327,15.928
490,13.354,15.967
491,13.350,15.966
492,13.346,15.956
493,13.334,15.918
494,13.356,15.960
495,13.355,15.967
496,13.352,15.964
497,13.354,15.965
498,13.324,15.915
499,13.331,15.918
500,13.334,15.944
501,13.322,15.912
502,13.348,15.954
503,13.358,15.970
504,13.381,16.013
505,13.365,15.986
506,13.372,15.984
507,13.375,15.997
508,13.374,16.000
509,13.382,16.006
510,13.383,16.008
511,13.376,15.990
512,13.401,16.024
513,13.414,16.056
514,13.432,16.085
515,13.408,16.045
516,13.443,16.097
517,13.436,16.077
518,13.463,16.133
519,13.446,16.099
520,13.478,16.143
521,13.468,16.118
522,13.465,16.129
523,13.473,16.140
524,13.467,16.113
525,13.471,16.126
526,13.449,16.105
527,13.445,16.091
528,13.415,16.039
529,13.435,16.079
530,13.389,16.003
531,13.385,16.002
532,13.363,15.952
533,13.375,15.987
534,13.353,15.943
535,13.334,15.924
536,13.324,15.904
537,13.306,15.890
538,13.295,15.872
539,13.269,15.821
540,13.256,15.819
541,13.236,15.792
542,13.226,15.772
543,13.176,15.705
544,13.171,15.685
545,13.179,15.705
546,13.171,15.682
547,13.160,15.676
548,13.166,15.666
549,13.159,15.677
550,13.132,15.631
551,13.132,15.626
552,13.154,15.657
553,13.158,15.659
554,13.154,15.657
555,13.173,15.683
556,13.155,15.645
557,13.158,15.656
558,13.162,15.657
559,13.150,15.644
560,13.157,15.657
561,13.140,15.629
562,13.137,15.635
563,13.132,15.621
564,13.136,15.622
565,13.125,15.598
566,13.125,15.610
567,13.126,15.599
568,13.158,15.646
569,13.147,15.632
570,13.179,15.687
571,13.199,15.705
572,13.208,15.722
573,13.222,15.737
574,13.238,15.759
575,13.253,15.780
576,13.289,15.837
577,13.274,15.808
578,13.269,15.804
579,13.267,15.793
580,13.313,15.863
581,13.322,15.875
582,13.346,15.896
583,13.313,15.869
584,13.300,15.847
585,13.296,15.826
586,13.291,15.827
587,13.301,15.845
588,13.293,15.823
589,13.298,15.833
590,13.323,15.886
591,13.348,15.928
592,13.349,15.916
593,13.359,15.937
594,13.368,15.962
595,13.374,15.957
596,13.395,16.000
597,13.423,16.045
598,13.452,16.079
599,13.428,16.058
600,13.443,16.074
601,13.436,16.066
602,13.419,16.025
603,13.419,16.048
604,13.386,16.000
605,13.391,16.002
606,13.353,15.938
607,13.360,15.951
608,13.345,15.929
609,13.331,15.916
610,13.332,15.917
611,13.301,15.866
612,13.313,15.883
613,13.307,15.871
614,13.281,15.816
615,13.272,15.806
616,13.259,15.785
617,13.249,15.780
618,13.251,15.782
619,13.206,15.713
620,13.193,15.700
621,13.190,15.696
622,13.174,15.670
623,13.156,15.638
624,13.147,15.625
625,13.170,15.662
626,13.153,15.625
627,13.161,15.634
628,13.163,15.643
629,13.166,15.645
630,13.159,15.632
631,13.093,15.531
632,13.110,15.571
633,13.107,15.560
634,13.114,15.568
635,13.105,15.568
636,13.089,15.532
637,13.076,15.516
638,13.095,15.540
639,13.103,15.557
640,13.125,15.582
641,13.121,15.576
642,13.102,15.553
643,13.092,15.537
644,13.124,15.583
645,13.109,15.563
646,13.112,15.565
647,13.101,15.560
648,13.105,15.563
649,13.088,15.526
650,13.068,15.505
651,13.068,15.511
652,13.054,15.477
653,13.039,15.461
654,13.075,15.519
655,13.075,15.527
656,13.084,15.519
657,13.068,15.503
658,13.096,15.541
659,13.127,15.600
660,13.111,15.565
661,13.104,15.549
662,13.103,15.549
663,13.115,15.570
664,13.159,15.646
665,13.127,15.589
666,13.136,15.592
667,13.147,15.619
668,13.145,15.611
669,13.151,15.617
670,13.165,15.651
671,13.142,15.600
672,13.151,15.618
673,13.154,15.627
674,13.148,15.617
675,13.136,15.599
676,13.144,15.604
677,13.167,15.653
678,13.154,15.627
679,13.171,15.648
680,13.153,15.623
681,13.158,15.619
682,13.139,15.602
683,13.158,15.630
684,13.148,15.614
685,13.132,15.572
686,13.115,15.560
687,13.140,15.584
688,13.135,15.589
689,13.146,15.607
690,13.125,15.572
691,13.130,15.571
692,13.119,15.559
693,13.134,15.585
694,13.136,15.581
695,13.152,15.607
696,13.163,15.617
697,13.150,15.603
698,13.166,15.629
699,13.170,15.625
700,13.193,15.665
701,13.195,15.655
702,13.187,15.652
703,13.207,15.680
704,13.200,15.675
705,13.203,15.676
706,13.221,15.704
707,13.226,15.721
708,13.227,15.710
709,13.245,15.736
710,13.233,15.719
711,13.208,15.673
712,13.227,15.717
713,13.225,15.699
714,13.230,15.707
715,13.234,15.710
716,13.232,15.705
717,13.229,15.716
718,13.226,15.696
719,13.224,15.692
720,13.223,15.695
721,13.211,15.670
722,13.199,15.659
723,13.230,15.691
724,13.187,15.632
725,13.178,15.627
726,13.187,15.639
727,13.210,15.662
728,13.182,15.621
729,13.201,15.648
730,13.228,15.699
731,13.209,15.669
732,13.185,15.621
733,13.192,15.659
734,13.200,15.657
735,13.177,15.617
736,13.212,15.689
737,13.208,15.666
738,13.203,15.655
739,13.202,15.663
740,13.199,15.656
741,13.213,15.676
742,13.229,15.696
743,13.253,15.742
744,13.254,15.736
745,13.251,15.730
746,13.264,15.759
747,13.249,15.724
748,13.266,15.738
749,13.272,15.747
750,13.253,15.731
751,13.248,15.719
752,13.238,15.696
753,13.221,15.676
754,13.215,15.669
755,13.212,15.662
756,13.226,15.671
757,13.217,15.672
758,13.247,15.704
759,13.257,15.730
760,13.275,15.751
761,13.281,15.757
762,13.307,15.797
763,13.324,15.820
764,13.315,15.809
765,13.336,15.828
766,13.328,15.808
767,13.326,15.824
768,13.310,15.794
769,13.307,15.793
770,13.280,15.757
771,13.262,15.740
772,13.257,15.722
773,13.237,15.697
774,13.222,15.688
775,13.181,15.620
776,13.213,15.663
777,13.215,15.667
778,13.231,15.675
779,13.243,15.706
780,13.249,15.731
781,13.265,15.728
782,13.250,15.712
783,13.300,15.785
784,13.297,15.769
785,13.303,15.787
786,13.311,15.794
787,13.285,15.763
788,13.300,15.778
789,13.303,15.786
790,13.287,15.757
791,13.286,15.759
792,13.269,15.734
793,13.294,15.773
794,13.302,15.784
795,13.345,15.846
796,13.318,15.810
797,13.329,15.839
798,13.353,15.851
799,13.332,15.823
800,13.331,15.832
801,13.310,15.799
802,13.318,15.805
803,13.312,15.804
804,13.328,15.834
805,13.296,15.780
806,13.300,15.794
807,13.287,15.769
808,13.249,15.735
809,13.251,15.722
810,13.214,15.663
811,13.238,15.696
812,13.241,15.707
813,13.252,15.737
814,13.254,15.737
815,13.254,15.745
816,13.258,15.747
817,13.270,15.764
818,13.270,15.751
819,13.266,15.756
820,13.255,15.756
821,13.258,15.749
822,13.254,15.739
823,13.263,15.759
824,13.248,15.729
825,13.230,15.710
826,13.244,15.732
827,13.243,15.729
828,13.230,15.706
829,13.239,15.718
830,13.250,15.739
831,13.224,15.701
832,13.198,15.662
833,13.193,15.661
834,13.175,15.621
835,13.172,15.621
836,13.162,15.614
837,13.177,15.639
838,13.176,15.637
839,13.193,15.664
840,13.215,15.687
841,13.221,15.701
842,13.223,15.721
843,13.252,15.767
844,13.243,15.748
845,13.261,15.771
846,13.268,15.775
847,13.257,15.761
848,13.261,15.776
849,13.248,15.750
850,13.254,15.762
851,13.269,15.783
852,13.229,15.723
853,13.261,15.778
854,13.266,15.788
855,13.252,15.758
856,13.249,15.760
857,13.261,15.789
858,13.243,15.754
859,13.261,15.780
860,13.259,15.782
861,13.254,15.770
862,13.262,15.793
863,13.271,15.824
864,13.280,15.820
865,13.262,15.799
866,13.245,15.773
867,13.270,15.810
868,13.277,15.826
869,13.279,15.823
870,13.281,15.827
871,13.248,15.783
872,13.248,15.785
873,13.249,15.792
874,13.233,15.762
875,13.240,15.781
876,13.235,15.771
877,13.212,15.736
878,13.223,15.743
879,13.223,15.748
880,13.239,15.773
881,13.259,15.800
882,13.241,15.776
883,13.236,15.777
884,13.239,15.772
885,13.233,15.759
886,13.218,15.748
887,13.218,15.744
888,13.241,15.774
889,13.226,15.757
890,13.236,15.768
891,13.216,15.747
892,13.215,15.739
893,13.222,15.755
894,13.231,15.771
895,13.227,15.751
896,13.222,15.738
897,13.233,15.758
898,13.233,15.767
899,13.217,15.740
900,13.240,15.787
901,13.233,15.773
902,13.250,15.798
903,13.281,15.849
904,13.253,15.803
905,13.267,15.814
906,13.247,15.790
907,13.261,15.797
908,13.253,15.783
909,13.247,15.787
910,13.229,15.752
911,13.244,15.779
912,13.209,15.728
913,13.216,15.743
914,13.205,15.729
915,13.160,15.652
916,13.147,15.639
917,13.173,15.677
918,13.158,15.655
919,13.161,15.670
920,13.158,15.658
921,13.183,15.705
922,13.165,15.670
923,13.183,15.698
924,13.179,15.701
925,13.159,15.663
926,13.174,15.686
927,13.166,15.672
928,13.165,15.670
929,13.175,15.685
930,13.177,15.686
931,13.184,15.702
932,13.174,15.689
933,13.166,15.675
934,13.164,15.677
935,13.174,15.688
936,13.156,15.647
937,13.154,15.647
938,13.171,15.680
939,13.174,15.685
940,13.161,15.656
941,13.158,15.660
942,13.161,15.668
943,13.147,15.639
944,13.155,15.655
945,13.163,15.673
946,13.164,15.671
947,13.164,15.667
948,13.138,15.645
949,13.166,15.683
950,13.171,15.687
951,13.167,15.682
952,13.188,15.702
953,13.172,15.684
954,13.180,15.696
955,13.187,15.709
956,13.193,15.708
957,13.208,15.740
958,13.193,15.718
959,13.200,15.714
960,13.200,15.720
961,13.200,15.725
962,13.196,15.710
963,13.206,15.734
964,13.199,15.722
965,13.203,15.728
966,13.181,15.693
967,13.199,15.709
968,13.179,15.683
969,13.184,15.696
970,13.206,15.725
971,13.195,15.717
972,13.209,15.731
973,13.218,15.750
974,13.176,15.680
975,13.208,15.739
976,13.215,15.749
977,13.204,15.721
978,13.225,15.755
979,13.223,15.751
980,13.230,15.761
981,13.243,15.791
982,13.221,15.757
983,13.235,15.772
984,13.250,15.792
985,13.252,15.796
986,13.236,15.765
987,13.235,15.769
988,13.234,15.754
989,13.240,15.780
990,13.207,15.708
991,13.215,15.732
992,13.225,15.740
993,13.205,15.709
994,13.199,15.724
995,13.193,15.715
996,13.164,15.655
997,13.185,15.706
998,13.183,15.699
999,13.189,15.703
1000,13.180,15.690
1001,13.194,15.711
1002,13.203,15.734
1003,13.208,15.731
1004,13.229,15.776
1005,13.227,15.769
1006,13.225,15.769
1007,13.231,15.772
1008,13.236,15.783
1009,13.236,15.779
1010,13.246,15.810
1011,13.238,15.780
1012,13.234,15.784
1013,13.244,15.803
1014,13.262,15.830
1015,13.256,15.819
1016,13.260,15.841
1017,13.268,15.823
1018,13.280,15.855
1019,13.298,15.881
1020,13.295,15.874
1021,13.293,15.885
1022,13.316,15.924
1023,13.336,15.961
1024,13.338,15.957
1025,13.330,15.954
1026,13.350,15.985
1027,13.364,16.001
1028,13.397,16.055
1029,13.447,16.138
1030,13.497,16.217
1031,13.496,16.196
1032,13.534,16.252
1033,13.541,16.275
1034,13.537,16.272
1035,13.589,16.351
1036,13.604,16.384
1037,13.652,16.440
1038,13.664,16.464
1039,13.647,16.445
1040,13.671,16.492
1041,13.652,16.458
1042,13.700,16.538
1043,13.746,16.616
1044,13.755,16.623
1045,13.813,16.727
1046,13.837,16.762
1047,13.872,16.830
1048,13.865,16.797
1049,13.848,16.770
1050,13.860,16.799
1051,13.868,16.812
1052,13.895,16.869
1053,13.894,16.852
1054,13.928,16.904
1055,13.939,16.928
1056,13.954,16.944
1057,13.930,16.927
1058,13.942,16.913
1059,13.950,16.953
1060,13.966,16.987
1061,13.939,16.931
1062,13.962,16.982
1063,13.966,17.009
1064,14.007,17.073
1065,14.006,17.084
1066,14.047,17.157
1067,14.078,17.213
1068,14.077,17.182
1069,14.070,17.180
1070,14.096,17.220
1071,14.065,17.172
1072,14.086,17.181
1073,14.053,17.108
1074,14.038,17.074
1075,14.004,17.025
1076,13.987,16.977
1077,13.969,16.957
1078,13.916,16.877
1079,13.882,16.822
1080,13.885,16.837
1081,13.873,16.803
1082,13.880,16.818
1083,13.858,16.763
1084,13.807,16.684
1085,13.773,16.628
1086,13.750,16.567
1087,13.774,16.616
1088,13.781,16.615
1089,13.805,16.639
1090,13.791,16.599
1091,13.803,16.620
1092,13.832,16.665
1093,13.847,16.670
1094,13.864,16.679
1095,13.905,16.737
1096,13.913,16.713
1097,13.932,16.735
1098,13.926,16.711
1099,13.909,16.673
1100,13.915,16.684
1101,13.855,16.600
1102,13.799,16.524
1103,13.758,16.478
1104,13.737,16.436
1105,13.732,16.438
1106,13.688,16.370
1107,13.655,16.316
1108,13.639,16.279
1109,13.587,16.199
1110,13.585,16.186
1111,13.544,16.118
1112,13.543,16.104
1113,13.480,16.011
1114,13.480,16.000
1115,13.444,15.949
1116,13.433,15.945
1117,13.417,15.941
1118,13.391,15.894
1119,13.394,15.900
1120,13.402,15.927
1121,13.357,15.855
1122,13.374,15.873
1123,13.319,15.794
1124,13.323,15.777
1125,13.313,15.779
1126,13.332,15.797
1127,13.337,15.801
1128,13.349,15.820
1129,13.373,15.855
1130,13.380,15.857
1131,13.392,15.870
1132,13.389,15.864
1133,13.396,15.865
1134,13.381,15.857
1135,13.382,15.857
1136,13.364,15.827
1137,13.381,15.863
1138,13.379,15.851
1139,13.385,15.858
1140,13.395,15.874
1141,13.418,15.904
1142,13.404,15.893
1143,13.409,15.893
1144,13.409,15.903
1145,13.390,15.863
1146,13.391,15.872
1147,13.397,15.879
1148,13.371,15.832
1149,13.382,15.870
1150,13.384,15.874
1151,13.374,15.863
1152,13.371,15.842
1153,13.354,15.819
1154,13.363,15.842
1155,13.347,15.827
1156,13.336,15.819
1157,13.335,15.799
1158,13.343,15.821
1159,13.353,15.827
1160,13.348,15.820
1161,13.363,15.855
1162,13.379,15.867
1163,13.389,15.895
1164,13.364,15.850
1165,13.373,15.880
1166,13.367,15.864
1167,13.354,15.840
1168,13.339,15.814
1169,13.342,15.818
1170,13.343,15.824
1171,13.351,15.844
1172,13.341,15.830
1173,13.351,15.835
1174,13.399,15.912
1175,13.404,15.928
1176,13.440,15.981
1177,13.461,16.007
1178,13.491,16.053
1179,13.512,16.076
1180,13.501,16.054
1181,13.505,16.078
1182,13.530,16.105
1183,13.519,16.102
1184,13.508,16.078
1185,13.508,16.073
1186,13.515,16.097
1187,13.517,16.102
1188,13.516,16.099
1189,13.497,16.070
1190,13.476,16.041
1191,13.496,16.069
1192,13.510,16.094
1193,13.512,16.094
1194,13.523,16.103
1195,13.475,16.038
1196,13.463,16.016
1197,13.431,15.976
1198,13.461,16.015
1199,13.416,15.954
1200,13.423,15.957
1201,13.414,15.951
1202,13.420,15.949
1203,13.422,15.973
1204,13.429,15.961
1205,13.427,15.950
1206,13.453,15.999
1207,13.442,15.978
1208,13.482,16.035
1209,13.500,16.064
1210,13.508,16.070
1211,13.499,16.053
1212,13.508,16.069
1213,13.490,16.037
1214,13.442,15.971
1215,13.487,16.038
1216,13.434,15.948
1217,13.437,15.982
1218,13.433,15.965
1219,13.421,15.955
1220,13.419,15.941
1221,13.418,15.946
1222,13.394,15.904
1223,13.385,15.902
1224,13.394,15.917
1225,13.388,15.907
1226,13.373,15.871
1227,13.395,15.916
1228,13.399,15.912
1229,13.442,15.966
1230,13.442,15.948
1231,13.454,15.977
1232,13.493,16.036
1233,13.473,16.009
1234,13.463,15.999
1235,13.445,15.970
1236,13.447,15.982
1237,13.420,15.947
1238,13.423,15.948
1239,13.428,15.955
1240,13.439,15.973
1241,13.437,15.962
1242,13.430,15.956
1243,13.464,16.025
1244,13.442,15.980
1245,13.449,15.997
1246,13.420,15.942
1247,13.419,15.946
1248,13.434,15.974
1249,13.427,15.961
1250,13.441,15.986
1251,13.437,15.976
1252,13.417,15.952
1253,13.423,15.946
1254,13.420,15.959
1255,13.415,15.947
1256,13.412,15.949
1257,13.425,15.970
1258,13.439,15.992
1259,13.396,15.924
1260,13.410,15.941
1261,13.414,15.955
1262,13.428,15.978
1263,13.416,15.954
1264,13.368,15.891
1265,13.366,15.892
1266,13.375,15.914
1267,13.397,15.948
1268,13.376,15.926
1269,13.383,15.929
1270,13.403,15.970
1271,13.405,15.965
1272,13.405,15.969
1273,13.405,15.974
1274,13.399,15.948
1275,13.419,15.979
1276,13.442,16.010
1277,13.448,16.025
1278,13.469,16.053
1279,13.447,16.012
1280,13.456,16.054
1281,13.415,15.982
1282,13.410,15.971
1283,13.380,15.928
1284,13.355,15.905
1285,13.359,15.928
1286,13.350,15.913
1287,13.341,15.889
1288,13.362,15.934
1289,13.346,15.900
1290,13.343,15.899
1291,13.323,15.859
1292,13.323,15.860
1293,13.320,15.863
1294,13.341,15.890
1295,13.291,15.822
1296,13.351,15.926
1297,13.363,15.952
1298,13.380,15.993
1299,13.368,15.967
1300,13.366,15.965
1301,13.350,15.942
1302,13.331,15.919
1303,13.351,15.947
1304,13.310,15.889
1305,13.317,15.885
1306,13.333,15.906
1307,13.353,15.941
1308,13.404,16.011
1309,13.445,16.061
1310,13.436,16.035
1311,13.443,16.048
1312,13.439,16.044
1313,13.437,16.050
1314,13.415,16.025
1315,13.406,16.013
1316,13.366,15.964
1317,13.352,15.925
1318,13.365,15.967
1319,13.354,15.962
1320,13.380,15.988
1321,13.370,15.982
1322,13.355,15.947
1323,13.371,15.977
1324,13.385,15.997
1325,13.409,16.043
1326,13.431,16.074
1327,13.443,16.079
1328,13.428,16.073
1329,13.439,16.077
1330,13.453,16.118
1331,13.470,16.157
1332,13.483,16.172
1333,13.550,16.296
1334,13.599,16.366
1335,13.607,16.370
1336,13.547,16.291
1337,13.556,16.296
1338,13.533,16.266
1339,13.487,16.189
1340,13.478,16.186
1341,13.486,16.198
1342,13.498,16.204
1343,13.459,16.139
1344,13.497,16.191
1345,13.486,16.194
1346,13.485,16.186
1347,13.488,16.194
1348,13.511,16.221
1349,13.501,16.214
1350,13.511,16.227
1351,13.491,16.186
1352,13.496,16.207
1353,13.479,16.188
1354,13.482,16.188
1355,13.495,16.214
1356,13.489,16.206
1357,13.505,16.221
1358,13.482,16.202
1359,13.469,16.170
1360,13.471,16.180
1361,13.476,16.195
1362,13.457,16.158
1363,13.467,16.177
1364,13.493,16.224
1365,13.458,16.164
1366,13.476,16.191
1367,13.480,16.207
1368,13.460,16.167
1369,13.462,16.176
1370,13.455,16.167
1371,13.463,16.177
1372,13.441,16.148
1373,13.461,16.169
1374,13.443,16.141
1375,13.431,16.121
1376,13.450,16.147
1377,13.429,16.120
1378,13.406,16.098
1379,13.410,16.092
1380,13.375,16.038
1381,13.384,16.069
1382,13.356,16.020
1383,13.362,16.018
1384,13.369,16.025
1385,13.347,16.001
1386,13.335,15.982
1387,13.339,15.972
1388,13.309,15.923
1389,13.308,15.923
1390,13.298,15.910
1391,13.307,15.927
1392,13.302,15.913
1393,13.280,15.876
1394,13.275,15.880
1395,13.259,15.847
1396,13.259,15.847
1397,13.265,15.848
1398,13.245,15.806
1399,13.250,15.839
1400,13.238,15.807
1401,13.233,15.798
1402,13.190,15.733
1403,13.181,15.727
1404,13.186,15.728
1405,13.183,15.727
1406,13.175,15.713
1407,13.187,15.725
1408,13.150,15.677
1409,13.160,15.692
1410,13.164,15.692
1411,13.153,15.679
1412,13.162,15.698
1413,13.153,15.684
1414,13.139,15.652
1415,13.124,15.643
1416,13.135,15.667
1417,13.143,15.665
1418,13.148,15.672
1419,13.132,15.648
1420,13.135,15.655
1421,13.113,15.618
1422,13.118,15.638
1423,13.116,15.615
1424,13.105,15.615
1425,13.152,15.684
1426,13.145,15.660
1427,13.169,15.711
1428,13.162,15.695
1429,13.186,15.742
1430,13.186,15.731
1431,13.233,15.817
1432,13.228,15.819
1433,13.287,15.904
1434,13.307,15.928
1435,13.269,15.864
1436,13.265,15.866
1437,13.335,15.958
1438,13.279,15.881
1439,13.307,15.932
1440,13.286,15.897
1441,13.226,15.802
1442,13.214,15.786
1443,13.235,15.823
1444,13.214,15.793
1445,13.223,15.795
1446,13.242,15.830
1447,13.238,15.813
1448,13.242,15.828
1449,13.248,15.826
1450,13.239,15.819
1451,13.234,15.811
1452,13.216,15.778
1453,13.211,15.776
1454,13.204,15.774
1455,13.201,15.766
1456,13.178,15.720
1457,13.148,15.680
1458,13.164,15.718
1459,13.144,15.680
1460,13.126,15.647
1461,13.122,15.653
1462,13.135,15.661
1463,13.118,15.641
1464,13.137,15.667
1465,13.141,15.680
1466,13.128,15.656
1467,13.112,15.615
1468,13.102,15.617
1469,13.089,15.593
1470,13.069,15.572
1471,13.080,15.595
1472,13.071,15.565
1473,13.088,15.599
1474,13.089,15.595
1475,13.099,15.606
1476,13.089,15.592
1477,13.078,15.570
1478,13.130,15.641
1479,13.110,15.617
1480,13.123,15.640
1481,13.114,15.610
1482,13.127,15.645
1483,13.105,15.603
1484,13.109,15.619
1485,13.120,15.628
1486,13.111,15.629
1487,13.118,15.626
1488,13.095,15.605
1489,13.098,15.595
1490,13.079,15.570
1491,13.087,15.593
1492,13.081,15.583
1493,13.077,15.575
1494,13.077,15.573
1495,13.071,15.553
1496,13.070,15.573
1497,13.049,15.523
1498,13.043,15.529
1499,13.058,15.544
1500,13.021,15.485
1501,13.048,15.526
1502,13.044,15.535
1503,13.054,15.534
1504,13.035,15.515
1505,13.037,15.506
1506,13.029,15.497
1507,13.031,15.501
1508,13.041,15.515
1509,13.029,15.493
1510,13.037,15.516
1511,13.049,15.532
1512,13.021,15.490
1513,13.006,15.468
1514,13.003,15.470
1515,13.036,15.514
1516,13.044,15.524
1517,13.053,15.533
1518,13.033,15.491
1519,13.046,15.521
1520,13.064,15.553
1521,13.050,15.532
1522,13.081,15.575
1523,13.066,15.552
1524,13.084,15.578
1525,13.093,15.586
1526,13.089,15.593
1527,13.101,15.597
1528,13.090,15.588
1529,13.120,15.631
1530,13.113,15.614
1531,13.127,15.640
1532,13.134,15.653
1533,13.120,15.623
1534,13.146,15.668
1535,13.124,15.633
1536,13.139,15.656
1537,13.113,15.605
1538,13.137,15.643
1539,13.128,15.645
1540,13.128,15.643
1541,13.124,15.632
1542,13.129,15.640
1543,13.133,15.632
1544,13.149,15.671
1545,13.162,15.674
1546,13.146,15.666
1547,13.165,15.703
1548,13.150,15.668
1549,13.155,15.689
1550,13.135,15.657
1551,13.124,15.639
1552,13.123,15.646
1553,13.103,15.612
1554,13.142,15.683
1555,13.159,15.701
1556,13.171,15.718
1557,13.194,15.748
1558,13.179,15.718
1559,13.176,15.727
1560,13.163,15.690
1561,13.174,15.713
1562,13.167,15.707
1563,13.136,15.648
1564,13.145,15.668
1565,13.117,15.616
1566,13.152,15.669
1567,13.123,15.639
1568,13.124,15.636
1569,13.134,15.646
1570,13.151,15.657
1571,13.135,15.630
1572,13.134,15.633
1573,13.135,15.639
1574,13.125,15.626
1575,13.117,15.603
1576,13.125,15.627
1577,13.133,15.631
1578,13.135,15.631
1579,13.154,15.651
1580,13.163,15.661
1581,13.153,15.641
1582,13.179,15.676
1583,13.185,15.686
1584,13.197,15.697
1585,13.203,15.691
1586,13.199,15.693
1587,13.215,15.717
1588,13.187,15.665
1589,13.192,15.677
1590,13.206,15.708
1591,13.179,15.657
1592,13.189,15.683
1593,13.210,15.708
1594,13.184,15.672
1595,13.176,15.665
1596,13.195,15.685
1597,13.174,15.652
1598,13.163,15.636
1599,13.141,15.611
1600,13.151,15.621
1601,13.132,15.603
1602,13.107,15.574
1603,13.104,15.562
1604,13.103,15.563
1605,13.061,15.509
1606,13.084,15.546
1607,13.081,15.554
1608,13.083,15.540
1609,13.087,15.552
1610,13.096,15.565
1611,13.101,15.575
1612,13.121,15.605
1613,13.110,15.592
1614,13.094,15.572
1615,13.106,15.596
1616,13.102,15.579
1617,13.099,15.579
1618,13.078,15.559
1619,13.086,15.578
1620,13.063,15.532
1621,13.082,15.567
1622,13.091,15.591
1623,13.086,15.576
1624,13.070,15.547
1625,13.071,15.555
1626,13.065,15.533
1627,13.091,15.598
1628,13.057,15.540
1629,13.084,15.570
1630,13.078,15.567
1631,13.064,15.546
1632,13.092,15.576
1633,13.065,15.540
1634,13.083,15.561
1635,13.080,15.564
1636,13.060,15.520
1637,13.080,15.560
1638,13.073,15.557
1639,13.088,15.581
1640,13.085,15.573
1641,13.073,15.552
1642,13.087,15.572
1643,13.066,15.553
1644,13.097,15.590
1645,13.076,15.559
1646,13.101,15.600
1647,13.082,15.570
1648,13.097,15.599
1649,13.101,15.588
1650,13.097,15.583
1651,13.102,15.595
1652,13.112,15.600
1653,13.105,15.588
1654,13.116,15.605
1655,13.136,15.626
1656,13.145,15.638
1657,13.132,15.610
1658,13.147,15.648
1659,13.159,15.650
1660,13.145,15.619
1661,13.180,15.679
1662,13.173,15.664
1663,13.192,15.677
1664,13.215,15.722
1665,13.217,15.723
1666,13.222,15.721
1667,13.238,15.739
1668,13.246,15.759
1669,13.259,15.778
1670,13.295,15.836
1671,13.294,15.831
1672,13.292,15.823
1673,13.286,15.807
1674,13.314,15.853
1675,13.307,15.837
1676,13.316,15.868
1677,13.300,15.827
1678,13.292,15.830
1679,13.283,15.820
1680,13.273,15.784
1681,13.254,15.764
1682,13.239,15.745
1683,13.210,15.716
1684,13.204,15.700
1685,13.178,15.672
1686,13.174,15.670
1687,13.152,15.629
1688,13.175,15.677
1689,13.188,15.695
1690,13.181,15.682
1691,13.207,15.726
1692,13.215,15.753
1693,13.196,15.715
1694,13.202,15.720
1695,13.211,15.731
1696,13.196,15.726
1697,13.220,15.770
1698,13.208,15.745
1699,13.184,15.719
1700,13.172,15.711
1701,13.167,15.702
1702,13.175,15.700
1703,13.169,15.694
1704,13.185,15.724
1705,13.169,15.699
1706,13.172,15.703
1707,13.175,15.710
1708,13.192,15.734
1709,13.210,15.755
1710,13.215,15.772
1711,13.196,15.738
1712,13.220,15.770
1713,13.238,15.800
1714,13.260,15.832
1715,13.242,15.798
1716,13.248,15.816
1717,13.241,15.802
1718,13.248,15.804
1719,13.267,15.821
1720,13.257,15.825
1721,13.266,15.836
1722,13.263,15.826
1723,13.240,15.796
1724,13.252,15.821
1725,13.269,15.846
1726,13.267,15.825
1727,13.252,15.821
1728,13.269,15.853
1729,13.256,15.829
1730,13.281,15.865
1731,13.258,15.828
1732,13.295,15.871
1733,13.301,15.899
1734,13.337,15.952
1735,13.324,15.932
1736,13.322,15.935
1737,13.324,15.936
1738,13.305,15.898
1739,13.335,15.939
1740,13.311,15.921
1741,13.328,15.941
1742,13.327,15.940
1743,13.346,15.964
1744,13.328,15.940
1745,13.359,15.979
1746,13.324,15.920
1747,13.359,15.968
1748,13.360,15.974
1749,13.359,15.972
1750,13.353,15.962
1751,13.334,15.928
1752,13.333,15.928
1753,13.317,15.907
1754,13.319,15.906
1755,13.283,15.869
1756,13.295,15.879
1757,13.269,15.845
1758,13.272,15.848
1759,13.279,15.858
1760,13.288,15.870
1761,13.314,15.891
1762,13.323,15.919
1763,13.316,15.909
1764,13.301,15.884
1765,13.327,15.924
1766,13.298,15.880
1767,13.305,15.878
1768,13.286,15.851
1769,13.284,15.863
1770,13.278,15.836
1771,13.266,15.830
1772,13.270,15.821
1773,13.270,15.827
1774,13.269,15.821
1775,13.250,15.795
1776,13.270,15.820
1777,13.270,15.811
1778,13.290,15.841
1779,13.277,15.831
1780,13.236,15.753
1781,13.263,15.809
1782,13.270,15.821
1783,13.277,15.829
1784,13.292,15.833
1785,13.306,15.868
1786,13.324,15.882
1787,13.330,15.885
1788,13.364,15.924
1789,13.369,15.934
1790,13.334,15.885
1791,13.367,15.930
1792,13.348,15.892
1793,13.367,15.927
1794,13.373,15.917
1795,13.373,15.928
1796,13.365,15.909
1797,13.375,15.917
1798,13.358,15.901
1799,13.356,15.904
1800,13.341,15.891
1801,13.304,15.822
1802,13.321,15.855
1803,13.300,15.831
1804,13.326,15.866
1805,13.298,15.811
1806,13.267,15.776
1807,13.204,15.684
1808,13.202,15.677
1809,13.166,15.622
1810,13.170,15.626
1811,13.186,15.653
1812,13.182,15.636
1813,13.157,15.594
1814,13.151,15.589
1815,13.153,15.588
1816,13.123,15.538
1817,13.104,15.518
1818,13.085,15.488
1819,13.095,15.512
1820,13.089,15.500
1821,13.077,15.478
1822,13.080,15.476
1823,13.050,15.426
1824,13.043,15.428
1825,13.072,15.459
1826,13.081,15.477
1827,13.114,15.521
1828,13.144,15.564
1829,13.184,15.630
1830,13.195,15.647
1831,13.180,15.616
1832,13.184,15.632
1833,13.219,15.679
1834,13.220,15.677
1835,13.213,15.658
1836,13.200,15.661
1837,13.187,15.634
1838,13.196,15.648
1839,13.193,15.635
1840,13.204,15.670
1841,13.195,15.645
