0,20.965,20.938
1,20.968,20.944
2,20.958,20.934
3,20.953,20.927
4,20.921,20.914
5,20.926,20.896
6,20.691,20.663
7,20.943,20.916
8,20.962,20.974
9,20.998,21.008
10,20.993,21.000
11,20.916,20.926
12,20.946,20.957
13,20.927,20.929
14,20.937,20.926
15,20.924,20.920
16,20.934,20.922
17,20.896,20.889
18,21.046,21.049
19,20.836,20.823
20,20.857,20.836
21,21.008,21.003
22,21.081,21.065
23,21.197,21.196
24,21.263,21.264
25,21.139,21.131
26,21.163,21.156
27,21.400,21.412
28,21.252,21.264
29,21.197,21.198
30,21.215,21.238
31,21.090,21.101
32,20.943,20.950
33,20.850,20.856
34,20.906,20.922
35,20.878,20.888
36,20.870,20.875
37,21.078,21.083
38,20.923,20.933
39,21.004,20.999
40,20.689,20.687
41,20.705,20.704
42,20.746,20.759
43,21.002,21.004
44,20.952,20.964
45,20.930,20.949
46,20.832,20.839
47,20.850,20.852
48,20.942,20.962
49,20.818,20.825
50,20.740,20.752
51,20.812,20.807
52,20.593,20.592
53,20.811,20.808
54,20.730,20.733
55,20.661,20.662
56,20.673,20.669
57,21.131,21.125
58,20.982,20.991
59,20.985,20.996
60,21.078,21.111
61,21.080,21.084
62,21.154,21.155
63,20.818,20.801
64,20.861,20.854
65,21.313,21.325
66,20.956,20.943
67,21.035,21.044
68,20.863,20.866
69,21.020,21.012
70,21.093,21.081
71,21.023,20.997
72,21.365,21.351
73,21.061,21.047
74,21.283,21.288
75,21.077,21.063
76,21.217,21.220
77,21.054,21.042
78,21.078,21.076
79,21.083,21.070
80,21.092,21.084
81,21.065,21.037
82,21.031,20.997
83,20.961,20.937
84,20.924,20.902
85,21.200,21.182
86,21.031,21.013
87,20.887,20.867
88,20.849,20.812
89,20.848,20.814
90,21.027,21.023
91,20.869,20.844
92,20.826,20.787
93,21.097,21.068
94,20.851,20.819
95,21.057,21.056
96,21.149,21.150
97,21.079,21.070
98,20.985,20.970
99,20.924,20.907
100,20.877,20.830
101,20.969,20.954
102,20.807,20.786
103,20.835,20.813
104,20.948,20.961
105,20.874,20.862
106,20.890,20.861
107,20.867,20.853
108,21.072,21.089
109,21.083,21.108
110,20.937,20.929
111,21.010,20.999
112,20.979,20.966
113,21.014,21.002
114,21.057,21.039
115,21.242,21.259
116,21.162,21.154
117,20.986,20.994
118,21.034,21.048
119,21.090,21.095
120,21.092,21.090
121,21.050,21.047
122,21.162,21.174
123,21.040,21.043
124,21.021,21.030
125,21.156,21.158
126,21.136,21.147
127,21.208,21.225
128,21.154,21.176
129,21.117,21.140
130,21.101,21.110
131,21.160,21.184
132,21.105,21.127
133,21.046,21.047
134,21.017,21.016
135,21.028,21.047
136,20.970,20.983
137,21.166,21.198
138,20.908,20.918
139,20.895,20.911
140,20.924,20.927
141,20.906,20.898
142,20.878,20.884
143,20.885,20.895
144,20.898,20.891
145,20.950,20.951
146,20.891,20.890
147,20.904,20.901
148,20.911,20.914
149,20.982,20.990
150,20.930,20.950
151,20.922,20.933
152,20.898,20.917
153,20.895,20.908
154,20.963,20.983
155,20.844,20.873
156,20.905,20.927
157,20.888,20.920
158,21.060,21.083
159,21.195,21.221
160,21.184,21.193
161,21.152,21.171
162,21.192,21.199
163,21.279,21.297
164,21.258,21.258
165,21.317,21.321
166,21.342,21.348
167,21.365,21.366
168,21.369,21.375
169,21.394,21.403
170,21.532,21.549
171,21.583,21.599
172,21.615,21.643
173,21.706,21.718
174,21.803,21.823
175,21.823,21.838
176,21.799,21.815
177,21.744,21.734
178,21.773,21.794
179,21.833,21.841
180,21.885,21.904
181,21.827,21.826
182,21.723,21.744
183,21.666,21.669
184,21.614,21.601
185,21.655,21.632
186,21.768,21.734
187,21.723,21.700
188,21.902,21.889
189,22.030,22.029
190,21.980,21.976
191,21.789,21.769
192,21.786,21.764
193,21.908,21.894
194,21.871,21.880
195,21.838,21.847
196,21.825,21.834
197,21.800,21.812
198,21.962,21.975
199,21.966,22.015
200,21.782,21.806
201,21.740,21.748
202,21.778,21.797
203,21.839,21.856
204,21.797,21.803
205,21.901,21.932
206,21.756,21.757
207,21.802,21.801
208,21.852,21.845
209,21.794,21.783
210,21.845,21.825
211,21.844,21.846
212,21.795,21.775
213,21.816,21.791
214,21.887,21.873
215,21.729,21.704
216,21.772,21.738
217,21.740,21.721
218,21.756,21.723
219,21.819,21.815
220,21.777,21.765
221,21.832,21.817
222,21.784,21.767
223,21.828,21.784
224,21.819,21.776
225,21.867,21.833
226,21.923,21.888
227,21.962,21.920
228,22.120,22.098
229,21.957,21.913
230,21.988,21.939
231,21.921,21.865
232,21.821,21.761
233,22.319,22.284
234,22.029,21.979
235,22.073,22.049
236,22.073,22.037
237,22.260,22.229
238,22.152,22.097
239,22.104,22.065
240,22.160,22.126
241,22.084,22.049
242,22.153,22.118
243,22.162,22.141
244,22.025,21.987
245,21.945,21.925
246,21.912,21.879
247,21.972,21.928
248,21.999,21.953
249,21.995,21.964
250,22.017,21.996
251,21.853,21.827
252,21.783,21.767
253,21.808,21.775
254,21.815,21.790
255,22.015,21.986
256,21.960,21.948
257,21.884,21.859
258,21.846,21.807
259,21.922,21.882
260,21.988,21.967
261,21.985,21.950
262,22.012,21.994
263,21.851,21.833
264,21.776,21.741
265,21.948,21.900
266,22.258,22.218
267,21.802,21.771
268,21.799,21.775
269,21.851,21.832
270,22.184,22.178
271,21.660,21.617
272,21.661,21.618
273,21.604,21.560
274,21.600,21.576
275,21.452,21.424
276,21.576,21.550
277,21.421,21.400
278,21.261,21.232
279,21.349,21.328
280,21.262,21.255
281,21.151,21.144
282,21.298,21.326
283,21.155,21.189
284,21.417,21.422
285,21.446,21.471
286,21.198,21.202
287,21.262,21.277
288,21.113,21.142
289,21.156,21.190
290,21.257,21.318
291,21.373,21.419
292,20.994,21.020
293,20.922,20.967
294,20.984,21.034
295,21.314,21.395
296,21.060,21.101
297,21.028,21.089
298,21.121,21.177
299,21.181,21.262
300,20.927,20.957
301,20.894,20.936
302,20.986,21.022
303,20.848,20.892
304,20.962,20.995
305,21.252,21.344
306,21.101,21.181
307,21.316,21.400
308,21.252,21.332
309,21.290,21.378
310,21.315,21.400
311,21.530,21.624
312,21.233,21.338
313,21.240,21.344
314,21.277,21.386
315,21.236,21.324
316,21.207,21.298
317,21.168,21.265
318,21.254,21.367
319,21.342,21.459
320,21.327,21.455
321,21.343,21.479
322,21.263,21.389
323,21.293,21.413
324,21.385,21.504
325,21.287,21.404
326,21.468,21.580
327,21.126,21.217
328,21.122,21.198
329,21.101,21.188
330,21.085,21.170
331,21.439,21.513
332,21.334,21.407
333,21.314,21.404
334,21.246,21.335
335,21.595,21.700
336,22.114,22.248
337,21.798,21.891
338,21.208,21.286
339,21.350,21.437
340,21.199,21.286
341,21.150,21.232
342,21.406,21.501
343,21.174,21.245
344,21.154,21.237
345,21.055,21.117
346,21.100,21.146
347,21.030,21.068
348,20.994,21.042
349,20.972,21.014
350,20.974,21.003
351,20.965,21.004
352,20.936,20.967
353,20.974,21.002
354,20.965,20.975
355,20.975,20.997
356,21.056,21.074
357,21.136,21.152
358,21.027,21.036
359,20.869,20.875
360,20.869,20.874
361,21.032,21.036
362,20.930,20.933
363,20.771,20.776
364,20.754,20.739
365,20.657,20.642
366,20.904,20.898
367,20.709,20.689
368,20.724,20.713
369,20.703,20.702
370,20.726,20.707
371,20.625,20.632
372,20.648,20.644
373,20.568,20.535
374,20.946,20.941
375,20.609,20.606
376,20.605,20.611
377,20.740,20.760
378,20.491,20.499
379,20.606,20.604
380,20.570,20.593
381,20.521,20.506
382,20.698,20.705
383,20.506,20.497
384,20.534,20.532
385,20.426,20.416
386,20.572,20.583
387,20.499,20.488
388,20.544,20.563
389,20.560,20.561
390,20.510,20.534
391,20.722,20.729
392,20.564,20.594
393,20.626,20.656
394,20.563,20.587
395,20.738,20.742
396,20.659,20.667
397,20.615,20.622
398,21.052,21.086
399,20.501,20.499
400,20.418,20.405
401,20.810,20.789
402,20.572,20.554
403,20.601,20.586
404,20.557,20.547
405,20.748,20.729
406,20.683,20.660
407,20.806,20.784
408,20.652,20.634
409,20.691,20.670
410,20.552,20.518
411,20.564,20.511
412,20.522,20.478
413,20.472,20.416
414,20.559,20.508
415,20.441,20.388
416,20.470,20.400
417,20.432,20.372
418,20.546,20.487
419,20.437,20.372
420,20.478,20.423
421,20.852,20.810
422,20.571,20.521
423,20.474,20.435
424,20.411,20.358
425,20.405,20.355
426,20.355,20.303
427,20.481,20.426
428,20.426,20.378
429,20.411,20.364
430,20.440,20.387
431,20.532,20.486
432,20.447,20.398
433,20.430,20.366
434,20.530,20.476
435,20.507,20.454
436,20.604,20.551
437,20.613,20.560
438,20.643,20.596
439,20.651,20.594
440,20.597,20.545
441,20.557,20.502
442,20.552,20.513
443,20.528,20.475
444,20.479,20.432
445,20.479,20.438
446,20.491,20.446
447,20.486,20.457
448,20.688,20.675
449,20.497,20.468
450,20.506,20.457
451,20.715,20.673
452,20.659,20.598
453,20.652,20.613
454,20.567,20.519
455,20.592,20.548
456,21.110,21.092
457,20.790,20.763
458,20.699,20.660
459,21.122,21.097
460,20.827,20.818
461,20.761,20.748
462,21.442,21.467
463,20.971,20.985
464,20.756,20.765
465,21.424,21.463
466,20.947,20.984
467,20.819,20.853
468,20.839,20.875
469,20.692,20.714
470,20.666,20.673
471,20.738,20.762
472,20.689,20.703
473,21.179,21.191
474,20.639,20.651
475,20.905,20.925
476,20.620,20.624
477,20.630,20.630
478,20.824,20.828
479,20.765,20.766
480,20.791,20.801
481,20.733,20.728
482,21.350,21.365
483,20.918,20.937
484,20.828,20.840
485,20.785,20.789
486,20.758,20.783
487,20.545,20.551
488,20.668,20.684
489,20.560,20.557
490,20.686,20.703
491,20.585,20.593
492,20.506,20.515
493,20.511,20.530
494,20.712,20.724
495,21.086,21.116
496,20.782,20.793
497,20.685,20.691
498,20.769,20.775
499,20.611,20.618
500,20.612,20.620
501,20.661,20.670
502,20.661,20.667
503,20.676,20.681
504,20.724,20.715
505,20.733,20.735
506,20.960,20.965
507,20.792,20.799
508,20.964,20.980
509,21.044,21.062
510,21.022,21.023
511,21.232,21.236
512,21.166,21.185
513,20.892,20.891
514,21.143,21.151
515,21.178,21.187
516,21.151,21.168
517,21.097,21.108
518,21.277,21.307
519,21.191,21.227
520,21.189,21.226
521,21.165,21.201
522,21.094,21.119
523,21.217,21.253
524,21.469,21.557
525,21.422,21.481
526,21.285,21.325
527,21.722,21.792
528,21.452,21.518
529,21.261,21.328
530,21.184,21.237
531,21.339,21.383
532,21.190,21.225
533,21.163,21.208
534,21.210,21.253
535,21.099,21.150
536,21.019,21.045
537,21.168,21.200
538,21.031,21.063
539,20.984,21.005
540,21.038,21.058
541,21.058,21.085
542,21.022,21.025
543,21.049,21.061
544,21.027,21.032
545,21.014,20.989
546,20.997,20.977
547,20.994,20.970
548,21.034,21.010
549,21.041,21.010
550,20.997,20.962
551,21.221,21.177
552,20.987,20.934
553,21.070,21.009
554,20.915,20.865
555,20.995,20.931
556,21.043,20.985
557,20.946,20.880
558,20.930,20.855
559,20.940,20.863
560,20.905,20.835
561,20.901,20.822
562,20.927,20.856
563,20.919,20.830
564,21.014,20.939
565,20.926,20.850
566,21.074,21.008
567,20.970,20.890
568,21.136,21.064
569,21.009,20.928
570,20.995,20.928
571,21.014,20.942
572,20.949,20.868
573,21.056,21.003
574,20.923,20.846
575,20.843,20.758
576,20.989,20.917
577,20.923,20.845
578,20.979,20.902
579,20.938,20.852
580,20.978,20.892
581,21.044,20.982
582,20.983,20.894
583,21.122,21.062
584,21.146,21.078
585,20.990,20.907
586,21.103,21.029
587,21.004,20.941
588,21.030,20.954
589,21.137,21.066
590,21.089,21.027
591,21.081,21.003
592,21.210,21.146
593,21.112,21.037
594,21.100,21.025
595,21.127,21.060
596,21.044,20.979
597,21.118,21.036
598,21.006,20.910
599,20.982,20.884
600,21.100,21.033
601,20.964,20.880
602,20.990,20.914
603,20.857,20.769
604,20.935,20.867
605,20.869,20.781
606,20.769,20.692
607,20.858,20.794
608,20.834,20.784
609,20.739,20.687
610,20.782,20.696
611,20.826,20.762
612,20.728,20.663
613,20.753,20.674
614,20.724,20.684
615,20.665,20.590
616,20.583,20.520
617,20.645,20.601
618,20.535,20.479
619,20.501,20.443
620,20.593,20.562
621,20.493,20.444
622,20.555,20.529
623,20.421,20.374
624,20.392,20.344
625,20.371,20.315
626,20.470,20.426
627,20.431,20.381
628,20.472,20.424
629,20.388,20.338
630,20.463,20.425
631,20.394,20.347
632,20.374,20.359
633,20.291,20.252
634,20.302,20.283
635,20.686,20.657
636,20.421,20.383
637,20.281,20.243
638,20.177,20.134
639,20.236,20.208
640,20.145,20.123
641,20.277,20.259
642,20.261,20.255
643,20.393,20.400
644,20.414,20.428
645,20.863,20.900
646,21.385,21.440
647,21.514,21.571
648,20.659,20.684
649,21.581,21.625
650,21.092,21.121
651,20.818,20.853
652,21.308,21.355
653,20.529,20.564
654,20.496,20.535
655,20.735,20.769
656,20.612,20.650
657,20.488,20.547
658,20.482,20.537
659,20.820,20.875
660,20.852,20.911
661,20.521,20.564
662,20.427,20.472
663,20.423,20.483
664,20.383,20.428
665,20.358,20.396
666,20.371,20.422
667,20.364,20.413
668,20.414,20.442
669,20.340,20.370
670,20.353,20.379
671,20.366,20.384
672,20.434,20.454
673,20.386,20.404
674,20.398,20.412
675,20.417,20.425
676,20.414,20.418
677,20.440,20.442
678,20.446,20.455
679,20.430,20.428
680,20.376,20.373
681,20.335,20.315
682,20.295,20.270
683,20.202,20.176
684,20.258,20.243
685,20.125,20.099
686,20.216,20.204
687,20.281,20.268
688,20.289,20.276
689,20.095,20.057
690,20.129,20.095
691,20.198,20.157
692,20.035,19.986
693,20.001,19.955
694,19.956,19.887
695,19.918,19.854
696,19.906,19.849
697,19.865,19.799
698,19.887,19.815
699,19.825,19.774
700,19.772,19.714
701,19.751,19.689
702,19.729,19.669
703,19.791,19.731
704,19.799,19.743
705,19.607,19.527
706,19.535,19.475
707,19.517,19.463
708,19.529,19.469
709,19.535,19.460
710,19.565,19.499
711,19.531,19.463
712,19.487,19.427
713,19.442,19.380
714,19.224,19.130
715,19.334,19.266
716,19.314,19.248
717,19.338,19.286
718,19.304,19.240
719,19.313,19.258
720,19.281,19.222
721,19.234,19.183
722,19.311,19.243
723,19.250,19.185
724,19.267,19.202
725,19.201,19.135
726,19.126,19.042
727,19.079,19.002
728,19.155,19.080
729,19.258,19.199
730,19.360,19.298
731,19.279,19.208
732,19.291,19.232
733,19.218,19.143
734,19.312,19.241
735,19.346,19.274
736,19.327,19.261
737,19.234,19.172
738,19.172,19.109
739,19.201,19.137
740,19.207,19.149
741,19.294,19.223
742,19.307,19.248
743,19.303,19.240
744,19.312,19.256
745,19.218,19.152
746,19.400,19.341
747,19.268,19.203
748,19.414,19.354
749,19.377,19.295
750,19.517,19.430
751,19.423,19.339
752,19.363,19.280
753,19.275,19.183
754,19.264,19.170
755,19.154,19.053
756,19.296,19.199
757,19.326,19.232
758,19.394,19.312
759,19.407,19.322
760,19.329,19.248
761,19.291,19.200
762,19.217,19.120
763,19.286,19.187
764,19.273,19.182
765,19.217,19.099
766,19.314,19.205
767,19.262,19.147
768,19.365,19.264
769,19.394,19.297
770,19.503,19.413
771,19.449,19.355
772,19.420,19.330
773,19.460,19.367
774,19.455,19.363
775,19.467,19.364
776,19.419,19.316
777,19.502,19.395
778,19.460,19.361
779,19.450,19.352
780,19.416,19.307
781,19.352,19.242
782,19.335,19.230
783,19.345,19.229
784,19.358,19.248
785,19.363,19.261
786,19.459,19.361
787,19.470,19.364
788,19.370,19.260
789,19.347,19.239
790,19.292,19.183
791,19.210,19.086
792,19.252,19.130
793,19.211,19.081
794,19.284,19.157
795,19.369,19.249
796,19.333,19.210
797,19.376,19.250
798,19.364,19.225
799,19.377,19.231
800,19.445,19.312
801,19.490,19.363
802,19.537,19.412
803,19.577,19.459
804,19.560,19.442
805,19.531,19.396
806,19.678,19.550
807,19.629,19.507
808,19.759,19.637
809,19.718,19.587
810,19.717,19.594
811,19.739,19.615
812,19.692,19.569
813,19.689,19.566
814,19.637,19.497
815,19.715,19.593
816,19.691,19.563
817,19.708,19.579
818,19.703,19.562
819,19.876,19.749
820,19.864,19.745
821,19.807,19.687
822,19.918,19.795
823,19.953,19.834
824,19.902,19.783
825,19.848,19.719
826,19.759,19.645
827,19.493,19.373
828,19.278,19.152
829,19.176,19.036
830,19.095,18.953
831,19.147,19.004
832,19.123,18.983
833,19.117,18.978
834,19.105,18.955
835,19.157,19.012
836,19.157,19.023
837,19.179,19.046
838,19.204,19.066
839,19.324,19.175
840,19.404,19.247
841,19.462,19.311
842,19.427,19.271
843,19.441,19.294
844,19.407,19.246
845,19.406,19.252
846,19.423,19.280
847,19.424,19.273
848,19.455,19.305
849,19.517,19.370
850,19.479,19.337
851,19.495,19.356
852,19.487,19.354
853,19.480,19.343
854,19.564,19.433
855,19.694,19.575
856,20.007,19.901
857,20.112,20.015
858,20.110,20.020
859,20.128,20.041
860,20.102,20.009
861,20.029,19.936
862,20.022,19.936
863,20.041,19.944
864,20.092,20.001
865,20.050,19.970
866,20.015,19.937
867,20.009,19.933
868,19.996,19.919
869,19.949,19.877
870,20.020,19.951
871,20.012,19.929
872,20.083,19.995
873,20.064,19.960
874,20.328,20.253
875,20.189,20.100
876,20.855,20.763
877,20.341,20.244
878,20.178,20.083
879,20.459,20.382
880,20.963,20.885
881,20.154,20.072
882,20.071,20.001
883,20.200,20.130
884,20.211,20.137
885,20.219,20.139
886,20.792,20.734
887,21.535,21.506
888,20.226,20.164
889,20.786,20.733
890,20.563,20.499
891,20.439,20.388
892,20.325,20.284
893,20.068,20.019
894,20.324,20.288
895,20.076,20.031
896,20.092,20.049
897,20.015,19.961
898,20.041,20.002
899,20.061,20.020
900,19.942,19.897
901,20.057,20.013
902,19.944,19.869
903,20.041,19.973
904,20.010,19.960
905,20.220,20.186
906,20.104,20.046
907,20.280,20.229
908,20.215,20.154
909,20.558,20.529
910,20.299,20.280
911,20.037,20.010
912,20.059,20.044
913,20.041,20.026
914,20.094,20.095
915,19.920,19.905
916,20.031,20.035
917,19.984,19.971
918,20.346,20.333
919,20.143,20.120
920,20.289,20.263
921,20.402,20.388
922,20.154,20.137
923,20.244,20.242
924,20.115,20.106
925,20.238,20.223
926,20.316,20.319
927,20.443,20.428
928,20.266,20.262
929,20.269,20.272
930,20.209,20.204
931,20.162,20.153
932,20.354,20.365
933,20.283,20.282
934,20.104,20.098
935,20.081,20.079
936,20.084,20.085
937,20.059,20.052
938,20.038,20.051
939,19.870,19.888
940,19.819,19.818
941,19.874,19.888
942,20.079,20.119
943,19.864,19.886
944,19.868,19.880
945,20.420,20.407
946,19.661,19.659
947,19.648,19.659
948,19.637,19.648
949,19.547,19.558
950,20.848,20.860
951,19.704,19.711
952,20.878,20.900
953,19.493,19.514
954,19.251,19.267
955,19.892,19.918
956,21.809,21.853
957,19.533,19.557
958,19.250,19.243
959,19.334,19.323
960,19.122,19.108
961,18.743,18.729
962,19.547,19.495
963,19.388,19.363
964,19.230,19.203
965,19.550,19.498
966,19.529,19.475
967,19.404,19.353
968,18.797,18.757
969,18.667,18.618
970,19.290,19.227
971,18.676,18.615
972,19.284,19.213
973,18.959,18.884
974,18.421,18.358
975,19.653,19.556
976,19.856,19.741
977,20.895,20.769
978,20.016,19.873
979,19.282,19.174
980,18.886,18.775
981,19.457,19.309
982,20.285,20.107
983,17.574,17.482
984,17.123,17.045
985,17.617,17.530
986,17.381,17.287
987,17.717,17.606
988,17.691,17.592
989,18.000,17.887
990,18.473,18.351
991,17.595,17.483
992,17.659,17.524
993,17.416,17.295
994,17.339,17.210
995,17.133,17.015
996,17.328,17.204
997,16.843,16.721
998,17.172,17.042
999,17.206,17.085
1000,17.198,17.069
1001,17.198,17.080
1002,17.691,17.551
1003,18.487,18.350
1004,19.680,19.502
1005,19.684,19.511
1006,18.839,18.688
1007,19.848,19.679
1008,20.114,19.942
1009,18.956,18.806
1010,19.002,18.850
1011,18.946,18.805
1012,19.066,18.914
1013,19.150,19.009
1014,19.147,19.001
1015,19.241,19.098
1016,19.333,19.188
1017,19.477,19.327
1018,19.667,19.512
1019,19.746,19.593
1020,20.220,20.075
1021,20.805,20.642
1022,21.168,20.981
1023,21.428,21.246
1024,20.762,20.589
1025,20.806,20.641
1026,20.879,20.707
1027,20.825,20.644
1028,20.284,20.119
1029,20.516,20.352
1030,20.457,20.297
1031,20.249,20.089
1032,20.079,19.906
1033,19.880,19.716
1034,19.884,19.715
1035,19.663,19.517
1036,19.484,19.342
1037,19.066,18.922
1038,19.006,18.861
1039,18.884,18.742
1040,18.832,18.687
1041,18.886,18.758
1042,18.638,18.513
1043,18.354,18.226
1044,18.430,18.301
1045,18.302,18.172
1046,18.386,18.262
1047,18.125,18.027
1048,18.117,18.011
1049,18.197,18.073
1050,18.212,18.095
1051,17.998,17.872
1052,17.557,17.432
1053,17.810,17.696
1054,17.917,17.805
1055,18.410,18.299
1056,18.473,18.373
1057,18.263,18.161
1058,18.305,18.184
1059,18.719,18.600
1060,17.634,17.514
1061,17.689,17.579
1062,17.496,17.391
1063,17.431,17.329
1064,17.995,17.903
1065,17.750,17.653
1066,17.829,17.731
1067,18.006,17.906
1068,17.996,17.883
1069,17.681,17.582
1070,17.569,17.469
1071,17.627,17.530
1072,17.598,17.500
1073,17.503,17.400
1074,17.394,17.290
1075,17.650,17.561
1076,17.747,17.637
1077,18.281,18.153
1078,17.569,17.452
1079,17.881,17.777
1080,18.167,18.036
1081,18.212,18.101
1082,17.494,17.385
1083,17.468,17.354
1084,17.016,16.902
1085,16.707,16.597
1086,16.595,16.480
1087,17.350,17.227
1088,17.900,17.761
1089,18.120,18.001
1090,18.296,18.174
1091,18.514,18.388
1092,18.777,18.647
1093,19.017,18.879
1094,18.271,18.136
1095,18.085,17.954
1096,18.233,18.105
1097,18.533,18.410
1098,18.580,18.447
1099,18.731,18.603
1100,19.033,18.910
1101,19.208,19.092
1102,19.172,19.047
1103,19.281,19.173
1104,19.349,19.234
1105,19.171,19.066
1106,19.204,19.105
1107,19.416,19.313
1108,19.389,19.293
1109,19.241,19.149
1110,19.279,19.182
1111,19.310,19.204
1112,19.389,19.283
1113,20.003,19.894
1114,20.186,20.067
1115,20.071,19.970
1116,20.073,19.967
1117,19.962,19.860
1118,20.036,19.925
1119,20.002,19.885
1120,19.662,19.549
1121,19.439,19.332
1122,19.223,19.108
1123,19.111,18.985
1124,18.924,18.803
1125,18.823,18.701
1126,18.547,18.426
1127,18.336,18.211
1128,18.240,18.116
1129,18.089,17.969
1130,18.056,17.934
1131,17.933,17.807
1132,17.899,17.771
1133,18.045,17.904
1134,17.836,17.693
1135,17.489,17.357
1136,17.312,17.170
1137,17.275,17.135
1138,17.500,17.351
1139,17.701,17.546
1140,17.898,17.737
1141,18.057,17.900
1142,18.235,18.064
1143,18.392,18.218
1144,18.615,18.418
1145,18.703,18.516
1146,18.616,18.439
1147,18.161,17.977
1148,18.163,17.972
1149,18.412,18.229
1150,18.505,18.316
1151,18.659,18.461
1152,18.688,18.491
1153,18.874,18.665
1154,19.012,18.815
1155,19.422,19.228
1156,19.277,19.076
1157,19.335,19.129
1158,19.487,19.292
1159,19.599,19.389
1160,19.931,19.724
1161,19.918,19.711
1162,19.830,19.635
1163,20.064,19.868
1164,19.849,19.653
1165,19.762,19.558
1166,19.871,19.659
1167,20.315,20.115
1168,19.969,19.779
1169,20.241,20.046
1170,20.383,20.179
1171,20.508,20.305
1172,20.285,20.096
1173,20.229,20.027
1174,20.131,19.941
1175,20.173,19.991
1176,20.181,19.990
1177,20.053,19.879
1178,20.139,19.954
1179,19.977,19.801
1180,19.873,19.702
1181,19.801,19.636
1182,19.821,19.655
1183,19.794,19.634
1184,19.731,19.568
1185,19.691,19.541
1186,19.624,19.473
1187,19.573,19.405
1188,19.527,19.364
1189,19.790,19.641
1190,19.465,19.316
1191,19.488,19.348
1192,19.348,19.232
1193,19.506,19.378
1194,19.370,19.212
1195,19.372,19.235
1196,19.433,19.308
1197,19.468,19.345
1198,19.282,19.155
1199,19.244,19.109
1200,19.269,19.155
1201,19.175,19.073
1202,19.150,19.032
1203,19.148,19.039
1204,18.992,18.868
1205,18.983,18.873
1206,18.849,18.732
1207,18.998,18.884
1208,19.264,19.118
1209,19.021,18.887
1210,18.989,18.869
1211,18.792,18.671
1212,18.688,18.583
1213,18.526,18.390
1214,18.795,18.663
1215,18.850,18.744
1216,18.581,18.485
1217,18.546,18.446
1218,18.564,18.450
1219,18.637,18.520
1220,18.668,18.552
1221,18.548,18.429
1222,18.615,18.496
1223,18.563,18.437
1224,18.523,18.393
1225,18.579,18.461
1226,18.662,18.544
1227,18.555,18.420
1228,18.577,18.432
1229,18.684,18.557
1230,18.740,18.611
1231,18.699,18.582
1232,19.063,18.939
1233,18.737,18.600
1234,18.824,18.685
1235,18.860,18.718
1236,18.990,18.864
1237,19.029,18.897
1238,19.075,18.949
1239,19.207,19.070
1240,19.337,19.207
1241,18.982,18.850
1242,19.024,18.887
1243,19.290,19.160
1244,19.570,19.435
1245,19.718,19.569
1246,19.909,19.770
1247,19.677,19.544
1248,19.640,19.493
1249,19.067,18.935
1250,19.158,19.024
1251,19.792,19.637
1252,19.786,19.636
1253,19.872,19.732
1254,19.797,19.664
1255,19.807,19.682
1256,19.845,19.718
1257,19.795,19.666
1258,19.860,19.718
1259,19.734,19.610
1260,19.668,19.540
1261,19.683,19.565
1262,19.698,19.583
1263,19.695,19.576
1264,19.679,19.542
1265,19.848,19.710
1266,19.783,19.644
1267,19.631,19.505
1268,19.592,19.467
1269,19.607,19.473
1270,19.596,19.453
1271,19.642,19.502
1272,19.592,19.449
1273,19.850,19.700
1274,19.896,19.749
1275,19.955,19.800
1276,19.891,19.743
1277,19.899,19.753
1278,19.930,19.779
1279,20.032,19.877
1280,20.098,19.928
1281,19.944,19.784
1282,20.154,19.989
1283,20.337,20.166
1284,20.201,20.026
1285,20.170,20.004
1286,20.249,20.087
1287,20.241,20.065
1288,20.344,20.151
1289,20.415,20.245
1290,20.372,20.198
1291,20.971,20.759
1292,20.333,20.144
1293,20.496,20.290
1294,20.197,20.025
1295,20.311,20.119
1296,20.119,19.935
1297,20.046,19.862
1298,19.951,19.764
1299,19.960,19.777
1300,19.850,19.671
1301,19.692,19.518
1302,19.619,19.458
1303,19.481,19.312
1304,19.616,19.440
1305,19.469,19.293
1306,19.417,19.233
1307,19.558,19.398
1308,19.352,19.202
1309,19.268,19.112
1310,19.556,19.412
1311,19.768,19.629
1312,20.337,20.181
1313,19.979,19.816
1314,20.220,20.035
1315,20.492,20.332
1316,20.632,20.468
1317,20.410,20.249
1318,20.314,20.171
1319,20.230,20.061
1320,20.375,20.225
1321,20.665,20.512
1322,20.885,20.717
1323,21.082,20.923
1324,21.561,21.400
1325,21.430,21.259
1326,21.586,21.411
1327,21.669,21.480
1328,21.611,21.407
1329,21.654,21.488
1330,21.405,21.226
1331,21.421,21.248
1332,21.335,21.161
1333,21.474,21.327
1334,21.406,21.239
1335,21.595,21.451
1336,21.964,21.812
1337,21.965,21.810
1338,22.238,22.071
1339,21.940,21.785
1340,21.957,21.820
1341,21.788,21.634
1342,21.809,21.666
1343,21.840,21.683
1344,21.802,21.649
1345,22.219,22.061
1346,21.656,21.498
1347,21.626,21.471
1348,21.741,21.597
1349,21.347,21.203
1350,21.299,21.170
1351,21.131,20.994
1352,21.317,21.188
1353,21.254,21.122
1354,20.843,20.706
1355,20.853,20.736
1356,20.844,20.719
1357,20.765,20.641
1358,20.597,20.460
1359,20.532,20.416
1360,20.377,20.242
1361,20.553,20.411
1362,20.149,20.012
1363,20.144,20.025
1364,20.002,19.867
1365,20.107,19.982
1366,20.070,19.940
1367,19.858,19.722
1368,19.814,19.685
1369,19.788,19.661
1370,19.641,19.502
1371,19.760,19.622
1372,19.664,19.516
1373,19.487,19.349
1374,19.426,19.298
1375,19.243,19.101
1376,19.347,19.224
1377,19.372,19.252
1378,19.289,19.157
1379,19.473,19.328
1380,19.293,19.157
1381,19.336,19.207
1382,19.310,19.172
1383,19.215,19.080
1384,19.211,19.061
1385,19.332,19.188
1386,19.488,19.354
1387,19.332,19.201
1388,19.321,19.190
1389,19.199,19.075
1390,19.029,18.919
1391,19.057,18.941
1392,18.845,18.740
1393,18.906,18.815
1394,18.736,18.644
1395,18.689,18.593
1396,18.700,18.598
1397,18.973,18.857
1398,19.595,19.456
1399,19.961,19.822
1400,20.113,19.964
1401,20.450,20.294
1402,20.504,20.349
1403,20.360,20.194
1404,20.628,20.460
1405,20.697,20.513
1406,19.570,19.399
1407,19.207,19.039
1408,19.064,18.905
1409,18.757,18.597
1410,18.785,18.614
1411,18.759,18.595
1412,18.685,18.502
1413,18.723,18.531
1414,19.328,19.125
1415,19.641,19.437
1416,19.731,19.537
1417,19.712,19.507
1418,19.670,19.479
1419,18.817,18.630
1420,18.883,18.695
1421,18.828,18.648
1422,19.046,18.862
1423,19.234,19.064
1424,19.281,19.098
1425,19.591,19.409
1426,19.927,19.738
1427,19.897,19.709
1428,20.046,19.873
1429,20.302,20.129
1430,20.201,20.033
1431,20.214,20.048
1432,20.291,20.113
1433,20.236,20.054
1434,20.186,20.026
1435,20.562,20.394
1436,20.593,20.417
1437,20.548,20.365
1438,20.628,20.444
1439,20.651,20.468
1440,20.589,20.406
1441,20.551,20.383
1442,20.797,20.626
1443,20.862,20.702
1444,20.799,20.634
1445,20.677,20.504
1446,20.683,20.522
1447,20.460,20.310
1448,20.301,20.148
1449,20.178,20.037
1450,19.946,19.786
1451,19.743,19.607
1452,19.622,19.491
1453,19.658,19.512
1454,19.663,19.539
1455,19.339,19.218
1456,19.139,19.023
1457,19.053,18.940
1458,19.029,18.924
1459,18.937,18.819
1460,18.653,18.540
1461,18.351,18.236
1462,18.266,18.162
1463,18.205,18.098
1464,17.985,17.889
1465,17.835,17.734
1466,17.812,17.711
1467,17.650,17.567
1468,17.736,17.645
1469,17.889,17.795
1470,17.988,17.897
1471,18.202,18.100
1472,18.316,18.218
1473,18.452,18.361
1474,18.413,18.329
1475,18.485,18.392
1476,18.359,18.272
1477,17.822,17.734
1478,17.931,17.844
1479,17.907,17.832
1480,18.001,17.922
1481,18.138,18.065
1482,18.275,18.201
1483,18.510,18.420
1484,18.734,18.643
1485,18.973,18.883
1486,19.137,19.039
1487,19.495,19.386
1488,19.543,19.440
1489,19.901,19.794
1490,19.675,19.561
1491,19.908,19.784
1492,20.091,19.963
1493,20.379,20.242
1494,20.572,20.433
1495,20.769,20.627
1496,20.795,20.644
1497,20.878,20.734
1498,20.994,20.846
1499,20.983,20.852
1500,21.237,21.104
1501,21.049,20.911
1502,21.054,20.919
1503,21.118,20.979
1504,21.606,21.469
1505,21.696,21.576
1506,21.705,21.577
1507,21.686,21.557
1508,21.598,21.473
1509,21.513,21.389
1510,21.635,21.497
1511,21.366,21.226
1512,21.434,21.287
1513,21.254,21.113
1514,21.132,20.963
1515,21.157,21.006
1516,21.056,20.899
1517,20.975,20.822
1518,20.915,20.765
1519,20.819,20.655
1520,20.856,20.712
1521,20.791,20.647
1522,20.789,20.630
1523,20.745,20.573
1524,20.848,20.676
1525,20.771,20.606
1526,20.823,20.664
1527,20.923,20.764
1528,21.013,20.856
1529,20.975,20.806
1530,21.118,20.932
1531,20.862,20.676
1532,20.826,20.649
1533,20.950,20.762
1534,20.841,20.655
1535,20.816,20.641
1536,20.984,20.798
1537,20.915,20.732
1538,21.080,20.899
1539,21.058,20.881
1540,20.916,20.736
1541,21.108,20.920
1542,21.046,20.856
1543,21.021,20.834
1544,21.025,20.847
1545,21.020,20.841
1546,21.019,20.829
1547,20.982,20.805
1548,20.977,20.794
1549,20.969,20.792
1550,20.926,20.750
1551,20.913,20.744
1552,20.917,20.738
1553,20.879,20.710
1554,20.766,20.590
1555,20.687,20.517
1556,20.678,20.509
1557,20.643,20.453
1558,20.568,20.378
1559,20.466,20.292
1560,20.432,20.258
1561,20.303,20.133
1562,20.325,20.147
1563,20.223,20.026
1564,20.407,20.220
1565,20.434,20.257
1566,20.684,20.485
1567,20.288,20.096
1568,20.259,20.075
1569,20.163,19.980
1570,20.265,20.063
1571,20.134,19.946
1572,20.028,19.837
1573,19.949,19.758
1574,19.960,19.771
1575,19.876,19.683
1576,19.827,19.637
1577,19.804,19.607
1578,19.727,19.528
1579,19.645,19.446
1580,19.604,19.416
1581,19.573,19.379
1582,19.417,19.217
1583,19.387,19.189
1584,19.405,19.221
1585,19.562,19.390
1586,19.667,19.480
1587,19.764,19.591
1588,19.963,19.791
1589,20.045,19.859
1590,20.376,20.224
1591,20.430,20.243
1592,20.356,20.158
1593,20.718,20.503
1594,20.908,20.685
1595,21.078,20.845
1596,21.460,21.209
1597,21.161,20.893
1598,20.467,20.202
1599,20.068,19.836
1600,19.901,19.675
1601,19.944,19.723
1602,20.201,19.975
1603,20.277,20.047
1604,20.261,20.043
1605,20.673,20.436
1606,20.704,20.473
1607,20.818,20.580
1608,20.671,20.435
1609,20.652,20.414
1610,20.734,20.511
1611,20.826,20.601
1612,20.760,20.526
1613,20.687,20.470
1614,20.683,20.469
1615,21.028,20.788
1616,21.105,20.854
1617,21.258,21.028
1618,21.297,21.083
1619,21.465,21.230
1620,21.642,21.422
1621,21.790,21.559
1622,21.582,21.359
1623,21.450,21.202
1624,21.582,21.369
1625,22.038,21.819
1626,22.135,21.892
1627,22.087,21.841
1628,22.083,21.830
1629,22.219,21.956
1630,22.169,21.915
1631,22.156,21.874
1632,22.659,22.375
1633,22.472,22.182
1634,22.532,22.210
1635,22.836,22.546
1636,22.774,22.471
1637,22.761,22.473
1638,22.750,22.436
1639,22.819,22.490
1640,22.848,22.512
1641,22.965,22.638
1642,23.271,22.936
1643,23.544,23.191
1644,23.251,22.898
1645,23.219,22.859
1646,23.244,22.896
1647,23.287,22.946
1648,23.289,22.949
1649,23.155,22.811
1650,23.101,22.753
1651,22.950,22.599
1652,22.952,22.610
1653,23.010,22.707
1654,23.019,22.700
1655,23.191,22.863
1656,23.163,22.817
1657,23.016,22.654
1658,23.029,22.687
1659,22.964,22.645
1660,22.829,22.469
1661,22.736,22.381
1662,22.764,22.399
1663,22.793,22.445
1664,22.865,22.515
1665,22.817,22.478
1666,22.720,22.389
1667,22.760,22.424
1668,22.661,22.317
1669,22.630,22.304
1670,22.644,22.314
1671,22.527,22.166
1672,22.533,22.189
1673,22.543,22.215
1674,22.183,21.835
1675,22.259,21.925
1676,22.473,22.173
1677,22.467,22.170
1678,22.438,22.123
1679,22.370,22.075
1680,22.357,22.082
1681,22.461,22.153
1682,22.602,22.310
1683,22.534,22.210
1684,22.411,22.113
1685,22.428,22.140
1686,22.068,21.765
1687,22.196,21.907
1688,22.185,21.902
1689,22.291,22.014
1690,22.231,21.956
1691,22.206,21.934
1692,22.224,21.976
1693,22.194,21.931
1694,22.066,21.764
1695,22.111,21.850
1696,22.262,21.984
1697,21.984,21.691
1698,22.047,21.766
1699,22.031,21.739
1700,21.934,21.621
1701,22.052,21.772
1702,22.007,21.726
1703,21.972,21.716
1704,21.832,21.579
1705,21.832,21.579
1706,21.894,21.665
1707,21.878,21.617
1708,21.972,21.738
1709,21.940,21.725
1710,21.761,21.514
1711,21.789,21.543
1712,21.784,21.555
1713,21.851,21.620
1714,21.827,21.578
1715,21.884,21.654
1716,21.761,21.559
1717,21.546,21.310
1718,21.643,21.441
1719,21.701,21.504
1720,21.653,21.452
1721,21.738,21.562
1722,21.528,21.315
1723,21.632,21.427
1724,21.637,21.456
1725,21.679,21.499
1726,21.488,21.285
1727,21.615,21.450
1728,21.634,21.479
1729,21.471,21.272
1730,21.565,21.409
1731,21.584,21.427
1732,21.646,21.493
1733,21.649,21.485
1734,21.545,21.390
1735,21.494,21.324
1736,21.617,21.455
1737,21.709,21.555
1738,21.895,21.755
1739,21.865,21.712
1740,21.515,21.339
1741,21.563,21.424
1742,21.596,21.451
1743,21.625,21.504
1744,21.767,21.656
1745,22.008,21.889
1746,21.694,21.562
1747,21.778,21.684
1748,21.709,21.595
1749,21.623,21.499
1750,21.746,21.639
1751,21.816,21.735
1752,21.759,21.665
1753,21.990,21.897
1754,21.873,21.759
1755,21.795,21.667
1756,21.851,21.744
1757,21.773,21.641
1758,21.843,21.703
1759,21.808,21.668
1760,21.874,21.759
1761,21.812,21.714
1762,21.519,21.400
1763,21.491,21.370
1764,21.330,21.202
1765,21.355,21.252
1766,21.367,21.279
1767,21.311,21.196
1768,21.192,21.048
1769,21.284,21.180
1770,21.310,21.182
1771,21.361,21.224
1772,21.430,21.273
1773,21.401,21.258
1774,21.432,21.290
1775,21.449,21.297
1776,21.446,21.291
1777,21.501,21.335
1778,21.523,21.353
1779,21.485,21.320
1780,21.532,21.361
1781,21.328,21.144
1782,21.350,21.200
1783,21.292,21.142
1784,21.389,21.229
1785,21.380,21.213
1786,21.397,21.220
1787,21.375,21.215
1788,21.371,21.214
1789,21.351,21.176
1790,21.412,21.242
1791,21.432,21.269
1792,21.319,21.155
1793,21.241,21.082
1794,21.292,21.142
1795,21.163,21.006
1796,21.162,21.008
1797,21.132,20.983
1798,21.164,21.016
1799,21.128,20.983
1800,21.176,21.053
1801,21.135,21.011
1802,21.017,20.886
1803,20.943,20.798
1804,20.914,20.791
1805,20.941,20.832
1806,20.850,20.754
1807,20.862,20.764
1808,20.808,20.709
1809,21.114,20.997
1810,21.158,21.052
1811,21.169,21.061
1812,21.144,21.019
1813,21.251,21.162
1814,21.339,21.236
1815,21.418,21.328
1816,21.385,21.275
1817,21.357,21.253
1818,21.281,21.175
1819,21.244,21.155
1820,21.150,21.045
1821,21.165,21.051
1822,21.139,21.028
1823,21.084,20.963
1824,20.995,20.879
1825,21.032,20.913
1826,21.034,20.926
1827,20.986,20.885
1828,21.043,20.944
1829,20.909,20.788
1830,20.795,20.680
1831,20.899,20.770
1832,20.921,20.819
1833,21.017,20.897
1834,20.996,20.864
1835,20.838,20.738
1836,20.800,20.687
1837,20.770,20.656
1838,20.671,20.557
1839,20.644,20.549
1840,20.631,20.518
