0,25.135,25.004
1,25.134,25.005
2,25.137,25.007
3,25.353,25.218
4,24.956,24.826
5,24.838,24.708
6,24.902,24.781
7,25.004,24.875
8,25.012,24.887
9,25.163,25.051
10,25.099,24.974
11,25.055,24.935
12,25.148,25.044
13,25.175,25.066
14,25.257,25.135
15,25.214,25.102
16,25.227,25.115
17,25.217,25.089
18,25.137,25.024
19,25.236,25.120
20,25.074,24.963
21,24.976,24.892
22,24.924,24.831
23,24.903,24.812
24,24.843,24.754
25,24.789,24.716
26,24.806,24.710
27,24.892,24.800
28,24.835,24.754
29,24.780,24.691
30,24.781,24.687
31,24.830,24.744
32,24.886,24.793
33,25.408,25.303
34,25.408,25.307
35,24.920,24.816
36,24.956,24.867
37,25.068,24.965
38,24.958,24.868
39,24.918,24.837
40,24.890,24.797
41,25.190,25.096
42,24.985,24.894
43,24.985,24.884
44,24.944,24.849
45,24.849,24.767
46,24.871,24.787
47,24.862,24.765
48,24.807,24.704
49,24.927,24.825
50,24.856,24.759
51,24.768,24.666
52,24.776,24.667
53,24.807,24.703
54,24.785,24.685
55,24.817,24.719
56,24.794,24.706
57,24.946,24.868
58,25.086,24.997
59,25.024,24.942
60,25.008,24.926
61,24.928,24.859
62,25.102,25.030
63,25.072,24.990
64,25.298,25.205
65,25.249,25.170
66,25.202,25.130
67,25.173,25.097
68,25.154,25.085
69,25.226,25.158
70,25.374,25.293
71,25.402,25.330
72,25.368,25.304
73,25.319,25.255
74,25.247,25.189
75,25.341,25.266
76,25.387,25.316
77,25.681,25.600
78,25.300,25.223
79,25.309,25.250
80,25.288,25.221
81,25.130,25.076
82,25.177,25.111
83,25.036,24.990
84,25.071,25.024
85,24.998,24.945
86,25.001,24.945
87,25.026,24.963
88,25.423,25.365
89,25.787,25.708
90,25.197,25.118
91,27.083,26.978
92,25.178,25.126
93,25.107,25.050
94,25.868,25.817
95,25.463,25.396
96,25.055,24.989
97,25.101,25.030
98,25.022,24.945
99,24.964,24.909
100,25.331,25.250
101,24.725,24.654
102,24.649,24.594
103,24.680,24.628
104,24.522,24.466
105,24.434,24.378
106,24.579,24.519
107,24.827,24.772
108,24.613,24.559
109,24.408,24.371
110,24.269,24.225
111,24.222,24.186
112,23.974,23.942
113,23.999,23.964
114,23.927,23.891
115,23.875,23.850
116,24.060,24.025
117,23.964,23.926
118,23.841,23.808
119,23.992,23.949
120,23.750,23.723
121,24.781,24.720
122,24.126,24.078
123,24.147,24.102
124,24.237,24.178
125,24.018,23.969
126,24.076,24.009
127,24.012,23.945
128,23.984,23.926
129,24.081,24.020
130,24.553,24.464
131,24.077,24.001
132,24.453,24.371
133,24.371,24.296
134,24.177,24.106
135,24.082,24.016
136,23.997,23.932
137,24.220,24.132
138,24.441,24.358
139,24.133,24.066
140,24.061,23.976
141,23.929,23.866
142,23.925,23.860
143,24.101,24.019
144,24.174,24.090
145,24.372,24.281
146,24.422,24.316
147,24.394,24.311
148,24.377,24.291
149,24.475,24.396
150,24.339,24.264
151,24.386,24.294
152,24.477,24.391
153,24.877,24.769
154,24.984,24.887
155,25.077,24.978
156,24.863,24.765
157,24.762,24.677
158,25.109,25.019
159,25.275,25.190
160,25.097,25.017
161,25.012,24.925
162,25.441,25.347
163,25.013,24.944
164,24.953,24.883
165,24.840,24.767
166,24.922,24.861
167,24.912,24.833
168,24.859,24.784
169,24.888,24.820
170,25.859,25.778
171,25.084,25.010
172,25.083,25.007
173,25.112,25.034
174,25.177,25.104
175,25.111,25.031
176,25.078,25.006
177,25.149,25.061
178,25.266,25.174
179,25.117,25.049
180,25.141,25.061
181,25.318,25.235
182,25.281,25.199
183,25.574,25.507
184,25.102,25.026
185,24.992,24.916
186,25.179,25.098
187,24.973,24.893
188,25.100,25.024
189,24.883,24.813
190,25.201,25.118
191,24.839,24.767
192,25.265,25.181
193,24.806,24.738
194,24.964,24.905
195,24.689,24.627
196,24.620,24.549
197,24.761,24.682
198,24.633,24.561
199,24.710,24.645
200,24.558,24.477
201,24.846,24.751
202,24.631,24.555
203,24.500,24.423
204,24.461,24.388
205,24.532,24.456
206,24.508,24.420
207,24.627,24.558
208,24.629,24.541
209,24.741,24.652
210,24.569,24.483
211,24.768,24.682
212,24.679,24.596
213,24.557,24.460
214,24.566,24.476
215,24.656,24.563
216,24.516,24.433
217,24.675,24.588
218,24.524,24.442
219,24.565,24.485
220,24.456,24.379
221,24.416,24.348
222,24.383,24.311
223,24.362,24.284
224,24.351,24.273
225,24.597,24.509
226,24.619,24.529
227,24.722,24.635
228,24.592,24.504
229,24.609,24.523
230,24.621,24.521
231,24.418,24.333
232,24.335,24.242
233,24.303,24.210
234,24.295,24.205
235,24.171,24.093
236,24.086,24.007
237,24.077,23.989
238,24.665,24.552
239,24.817,24.718
240,24.448,24.349
241,24.081,24.006
242,23.966,23.887
243,23.966,23.890
244,24.026,23.948
245,24.369,24.263
246,24.443,24.345
247,24.539,24.439
248,24.727,24.627
249,25.251,25.138
250,25.298,25.187
251,24.885,24.790
252,24.857,24.771
253,24.641,24.549
254,24.632,24.552
255,24.638,24.561
256,24.753,24.680
257,24.695,24.623
258,24.650,24.585
259,24.755,24.674
260,24.913,24.829
261,24.835,24.750
262,24.430,24.352
263,24.928,24.848
264,24.609,24.547
265,24.788,24.723
266,24.572,24.507
267,24.466,24.401
268,24.357,24.299
269,24.469,24.401
270,24.436,24.370
271,24.423,24.360
272,24.398,24.337
273,24.393,24.340
274,24.429,24.360
275,24.471,24.400
276,24.907,24.839
277,24.948,24.874
278,24.884,24.826
279,24.617,24.560
280,24.506,24.442
281,24.440,24.378
282,24.674,24.618
283,24.427,24.368
284,24.553,24.506
285,24.481,24.426
286,24.495,24.441
287,24.311,24.266
288,24.350,24.315
289,24.449,24.408
290,24.318,24.287
291,24.813,24.769
292,24.666,24.607
293,25.191,25.146
294,24.391,24.358
295,24.628,24.589
296,24.548,24.511
297,24.521,24.480
298,24.615,24.573
299,24.511,24.463
300,24.521,24.472
301,24.520,24.473
302,24.557,24.502
303,24.643,24.576
304,24.570,24.509
305,24.608,24.552
306,24.630,24.564
307,24.711,24.641
308,24.737,24.689
309,24.638,24.581
310,24.678,24.624
311,24.746,24.703
312,24.814,24.767
313,24.864,24.818
314,24.864,24.802
315,24.934,24.882
316,24.907,24.851
317,24.986,24.937
318,24.929,24.880
319,24.939,24.885
320,25.096,25.057
321,24.920,24.886
322,25.083,25.056
323,25.302,25.266
324,25.318,25.284
325,25.317,25.287
326,25.366,25.328
327,25.402,25.372
328,25.546,25.514
329,25.401,25.359
330,25.427,25.394
331,25.693,25.661
332,25.740,25.713
333,25.642,25.612
334,25.619,25.592
335,25.635,25.606
336,25.556,25.528
337,25.468,25.440
338,25.502,25.471
339,25.650,25.622
340,25.641,25.615
341,25.740,25.712
342,25.694,25.661
343,25.749,25.713
344,25.749,25.690
345,26.028,25.996
346,25.881,25.852
347,25.833,25.784
348,25.811,25.757
349,25.944,25.897
350,25.828,25.775
351,25.871,25.831
352,25.802,25.770
353,25.796,25.751
354,25.847,25.806
355,25.926,25.894
356,25.911,25.879
357,26.086,26.049
358,25.938,25.904
359,25.953,25.930
360,26.038,26.012
361,26.192,26.165
362,26.151,26.138
363,26.099,26.108
364,26.074,26.081
365,26.116,26.128
366,26.176,26.183
367,26.196,26.229
368,26.193,26.218
369,26.234,26.261
370,26.221,26.234
371,26.259,26.289
372,26.296,26.327
373,26.266,26.291
374,26.211,26.236
375,26.275,26.302
376,26.290,26.327
377,26.330,26.365
378,26.509,26.555
379,26.178,26.202
380,26.191,26.237
381,26.083,26.113
382,26.208,26.270
383,26.128,26.178
384,26.114,26.160
385,26.196,26.245
386,26.157,26.199
387,26.207,26.254
388,26.143,26.184
389,26.218,26.255
390,26.266,26.320
391,26.249,26.295
392,26.185,26.230
393,26.223,26.261
394,26.244,26.286
395,26.111,26.148
396,26.320,26.366
397,26.123,26.155
398,26.046,26.097
399,25.922,25.963
400,25.914,25.951
401,26.010,26.059
402,25.989,26.025
403,26.000,26.048
404,25.884,25.922
405,25.901,25.941
406,25.927,25.969
407,25.865,25.902
408,25.979,26.041
409,25.914,25.948
410,25.870,25.915
411,25.824,25.866
412,25.889,25.935
413,25.956,26.006
414,25.868,25.905
415,25.873,25.925
416,25.874,25.923
417,25.745,25.781
418,25.818,25.857
419,25.847,25.887
420,25.796,25.825
421,25.851,25.885
422,25.853,25.892
423,25.775,25.807
424,25.765,25.808
425,25.732,25.772
426,25.731,25.770
427,25.786,25.826
428,25.762,25.816
429,25.767,25.805
430,25.588,25.632
431,25.592,25.635
432,25.474,25.508
433,25.451,25.479
434,25.299,25.334
435,25.200,25.232
436,25.125,25.154
437,25.129,25.165
438,25.124,25.165
439,25.141,25.166
440,25.111,25.147
441,25.101,25.138
442,25.101,25.120
443,25.137,25.171
444,25.139,25.166
445,25.116,25.154
446,25.186,25.213
447,25.140,25.161
448,25.080,25.096
449,25.094,25.123
450,25.088,25.108
451,25.166,25.185
452,25.017,25.032
453,24.981,25.001
454,24.946,24.962
455,24.953,24.963
456,24.907,24.919
457,24.912,24.913
458,24.850,24.859
459,24.822,24.833
460,24.820,24.824
461,24.826,24.832
462,24.746,24.750
463,24.752,24.750
464,24.723,24.725
465,24.676,24.678
466,24.696,24.697
467,24.738,24.738
468,24.733,24.732
469,24.814,24.810
470,24.841,24.847
471,24.718,24.720
472,24.791,24.787
473,24.775,24.774
474,24.750,24.740
475,24.664,24.655
476,24.719,24.709
477,24.790,24.776
478,24.806,24.790
479,24.743,24.718
480,24.771,24.749
481,24.572,24.549
482,24.621,24.604
483,24.680,24.667
484,24.823,24.809
485,24.683,24.668
486,24.676,24.660
487,24.610,24.588
488,24.563,24.553
489,24.522,24.502
490,24.564,24.542
491,24.558,24.541
492,24.541,24.524
493,24.571,24.553
494,24.553,24.537
495,24.562,24.539
496,24.614,24.592
497,24.679,24.666
498,24.671,24.654
499,24.671,24.649
500,24.650,24.621
501,24.639,24.608
502,24.627,24.596
503,24.667,24.636
504,24.723,24.692
505,24.758,24.730
506,24.859,24.825
507,24.867,24.831
508,24.847,24.820
509,24.868,24.841
510,24.866,24.848
511,24.888,24.859
512,24.895,24.873
513,24.899,24.879
514,24.945,24.919
515,24.900,24.873
516,24.815,24.786
517,24.705,24.688
518,24.661,24.637
519,24.639,24.611
520,24.588,24.559
521,24.589,24.557
522,24.575,24.547
523,24.617,24.591
524,24.624,24.595
525,24.560,24.543
526,24.608,24.590
527,24.577,24.562
528,24.603,24.585
529,24.551,24.524
530,24.666,24.640
531,24.582,24.564
532,24.622,24.597
533,24.684,24.653
534,24.658,24.641
535,24.768,24.737
536,24.818,24.793
537,24.837,24.802
538,24.783,24.750
539,24.720,24.685
540,24.778,24.746
541,24.848,24.809
542,24.915,24.876
543,24.940,24.902
544,24.935,24.905
545,24.974,24.950
546,24.947,24.925
547,24.871,24.844
548,24.896,24.874
549,24.871,24.838
550,24.940,24.914
551,24.979,24.957
552,24.983,24.965
553,25.014,24.982
554,25.044,25.024
555,25.061,25.038
556,25.046,25.030
557,24.976,24.960
558,24.985,24.981
559,24.990,24.984
560,24.997,24.983
561,24.847,24.851
562,24.887,24.890
563,24.820,24.831
564,24.800,24.805
565,24.784,24.788
566,24.824,24.823
567,24.815,24.816
568,24.819,24.824
569,24.866,24.872
570,24.871,24.882
571,24.867,24.879
572,24.863,24.876
573,24.841,24.861
574,24.873,24.892
575,24.871,24.889
576,24.846,24.868
577,24.845,24.868
578,24.802,24.821
579,24.815,24.832
580,24.776,24.788
581,24.846,24.856
582,24.842,24.847
583,24.917,24.931
584,24.911,24.923
585,24.997,25.013
586,24.974,24.981
587,25.025,25.038
588,25.020,25.029
589,25.005,25.009
590,25.008,25.009
591,24.984,24.993
592,25.004,25.006
593,25.039,25.034
594,25.169,25.177
595,25.086,25.083
596,25.143,25.153
597,25.093,25.095
598,25.053,25.053
599,25.052,25.053
600,25.013,25.013
601,25.004,25.007
602,25.042,25.041
603,25.095,25.089
604,25.102,25.104
605,25.114,25.109
606,25.118,25.112
607,25.156,25.151
608,25.201,25.185
609,25.237,25.224
610,25.311,25.297
611,25.337,25.322
612,25.384,25.377
613,25.415,25.405
614,25.424,25.408
615,25.408,25.393
616,25.401,25.389
617,25.414,25.399
618,25.438,25.422
619,25.541,25.509
620,25.539,25.509
621,25.541,25.502
622,25.551,25.514
623,25.622,25.603
624,25.574,25.556
625,25.542,25.526
626,25.512,25.499
627,25.521,25.499
628,25.533,25.514
629,25.469,25.449
630,25.451,25.428
631,25.415,25.405
632,25.438,25.411
633,25.487,25.465
634,25.488,25.465
635,25.464,25.448
636,25.499,25.480
637,25.444,25.427
638,25.463,25.444
639,25.467,25.448
640,25.453,25.439
641,25.440,25.428
642,25.468,25.445
643,25.489,25.462
644,25.472,25.444
645,25.517,25.485
646,25.485,25.457
647,25.448,25.425
648,25.543,25.516
649,25.538,25.510
650,25.538,25.508
651,25.532,25.511
652,25.484,25.460
653,25.465,25.435
654,25.654,25.620
655,25.728,25.688
656,25.752,25.709
657,25.669,25.629
658,25.645,25.607
659,25.645,25.606
660,25.658,25.616
661,25.670,25.615
662,25.688,25.645
663,25.699,25.647
664,25.682,25.627
665,25.657,25.612
666,25.651,25.605
667,25.623,25.564
668,25.635,25.583
669,25.647,25.601
670,25.590,25.547
671,25.519,25.493
672,25.479,25.458
673,25.466,25.451
674,25.485,25.461
675,25.539,25.516
676,25.561,25.545
677,25.575,25.551
678,25.594,25.568
679,25.640,25.602
680,25.593,25.559
681,25.569,25.530
682,25.580,25.538
683,25.588,25.543
684,25.577,25.532
685,25.507,25.468
686,25.532,25.490
687,25.546,25.504
688,25.597,25.548
689,25.626,25.576
690,25.583,25.535
691,25.512,25.464
692,25.444,25.389
693,25.392,25.340
694,25.450,25.386
695,25.459,25.396
696,25.513,25.451
697,25.417,25.358
698,25.471,25.402
699,25.428,25.366
700,25.409,25.347
701,25.419,25.367
702,25.432,25.376
703,25.419,25.377
704,25.424,25.376
705,25.445,25.401
706,25.481,25.438
707,25.473,25.428
708,25.478,25.439
709,25.478,25.430
710,25.412,25.356
711,25.379,25.321
712,25.307,25.261
713,25.240,25.190
714,25.198,25.148
715,25.200,25.147
716,25.138,25.091
717,25.064,25.018
718,25.034,24.991
719,25.019,24.985
720,25.027,24.998
721,25.020,24.986
722,25.035,25.002
723,25.078,25.041
724,25.083,25.062
725,25.011,24.989
726,25.080,25.058
727,25.062,25.026
728,25.073,25.037
729,25.054,25.022
730,25.031,24.991
731,25.012,24.979
732,25.006,24.979
733,24.988,24.953
734,24.967,24.931
735,25.007,24.976
736,25.089,25.052
737,25.169,25.131
738,25.164,25.124
739,25.115,25.084
740,25.014,24.983
741,25.000,24.971
742,24.970,24.934
743,25.048,25.008
744,25.095,25.061
745,25.144,25.107
746,25.159,25.119
747,25.184,25.140
748,25.176,25.135
749,25.189,25.136
750,25.213,25.160
751,25.226,25.170
752,25.232,25.179
753,25.241,25.187
754,25.288,25.240
755,25.340,25.280
756,25.417,25.362
757,25.481,25.422
758,25.521,25.464
759,25.526,25.464
760,25.505,25.445
761,25.497,25.436
762,25.468,25.416
763,25.458,25.398
764,25.432,25.365
765,25.425,25.361
766,25.386,25.319
767,25.372,25.306
768,25.377,25.308
769,25.373,25.302
770,25.376,25.311
771,25.376,25.311
772,25.398,25.328
773,25.417,25.350
774,25.416,25.351
775,25.448,25.377
776,25.484,25.424
777,25.405,25.350
778,25.407,25.363
779,25.415,25.364
780,25.407,25.358
781,25.385,25.340
782,25.352,25.316
783,25.332,25.298
784,25.351,25.322
785,25.275,25.251
786,25.242,25.217
787,25.181,25.154
788,25.151,25.124
789,25.134,25.108
790,25.160,25.130
791,25.228,25.194
792,25.239,25.203
793,25.247,25.208
794,25.199,25.157
795,25.186,25.143
796,25.204,25.165
797,25.174,25.123
798,25.171,25.125
799,25.150,25.097
800,25.216,25.170
801,25.342,25.322
802,25.310,25.285
803,25.301,25.275
804,25.295,25.262
805,25.287,25.251
806,25.254,25.222
807,25.239,25.205
808,25.279,25.248
809,25.331,25.303
810,25.369,25.335
811,25.424,25.388
812,25.477,25.433
813,25.501,25.459
814,25.507,25.471
815,25.474,25.434
816,25.412,25.370
817,25.384,25.345
818,25.385,25.351
819,25.379,25.344
820,25.312,25.277
821,25.231,25.195
822,25.176,25.146
823,25.154,25.124
824,25.095,25.063
825,25.138,25.105
826,25.144,25.105
827,25.169,25.137
828,25.214,25.184
829,25.283,25.245
830,25.331,25.298
831,25.345,25.306
832,25.370,25.325
833,25.349,25.314
834,25.333,25.294
835,25.387,25.341
836,25.432,25.392
837,25.437,25.400
838,25.450,25.415
839,25.392,25.361
840,25.382,25.358
841,25.258,25.238
842,25.202,25.183
843,25.130,25.116
844,25.075,25.064
845,25.054,25.048
846,25.037,25.045
847,24.978,24.985
848,24.938,24.952
849,24.973,24.988
850,24.952,24.971
851,24.880,24.895
852,24.935,24.949
853,24.974,24.987
854,25.025,25.037
855,25.018,25.031
856,25.007,25.014
857,25.041,25.040
858,25.156,25.144
859,25.189,25.170
860,25.189,25.170
861,25.207,25.192
862,25.273,25.248
863,25.395,25.353
864,25.467,25.419
865,25.515,25.467
866,25.559,25.513
867,25.600,25.541
868,25.579,25.526
869,25.512,25.464
870,25.451,25.415
871,25.478,25.442
872,25.511,25.486
873,25.567,25.534
874,25.572,25.544
875,25.634,25.623
876,25.627,25.621
877,25.585,25.581
878,25.385,25.374
879,25.328,25.314
880,25.323,25.308
881,25.282,25.265
882,25.265,25.247
883,25.310,25.293
884,25.345,25.319
885,25.399,25.365
886,25.421,25.400
887,25.505,25.478
888,25.548,25.517
889,25.573,25.536
890,25.600,25.555
891,25.609,25.566
892,25.570,25.522
893,25.572,25.539
894,25.533,25.485
895,25.493,25.446
896,25.473,25.436
897,25.362,25.329
898,25.295,25.256
899,25.295,25.258
900,25.274,25.229
901,25.253,25.221
902,25.297,25.255
903,25.310,25.276
904,25.278,25.244
905,25.180,25.145
906,25.159,25.120
907,25.154,25.121
908,25.154,25.130
909,25.158,25.139
910,25.179,25.165
911,25.099,25.079
912,25.074,25.065
913,24.993,24.976
914,24.915,24.889
915,24.868,24.848
916,24.854,24.838
917,24.742,24.713
918,24.823,24.787
919,24.761,24.721
920,24.662,24.625
921,24.596,24.547
922,24.508,24.459
923,24.350,24.303
924,24.300,24.254
925,24.130,24.086
926,24.171,24.123
927,24.067,24.017
928,24.049,23.997
929,24.103,24.042
930,24.098,24.030
931,24.184,24.121
932,24.249,24.182
933,24.281,24.210
934,24.325,24.258
935,24.329,24.257
936,24.318,24.241
937,24.354,24.274
938,24.364,24.289
939,24.359,24.287
940,24.341,24.267
941,24.292,24.210
942,24.269,24.189
943,24.280,24.196
944,24.260,24.172
945,24.265,24.177
946,24.275,24.191
947,24.252,24.163
948,24.248,24.168
949,24.228,24.141
950,24.263,24.177
951,24.271,24.190
952,24.317,24.239
953,24.340,24.263
954,24.350,24.272
955,24.395,24.322
956,24.414,24.332
957,24.461,24.386
958,24.512,24.442
959,24.547,24.472
960,24.515,24.451
961,24.538,24.478
962,24.616,24.560
963,24.724,24.669
964,24.814,24.765
965,24.852,24.815
966,24.932,24.873
967,24.918,24.873
968,24.897,24.853
969,24.867,24.830
970,24.888,24.861
971,24.916,24.896
972,24.954,24.937
973,24.992,24.975
974,25.034,25.034
975,25.054,25.057
976,25.073,25.076
977,25.095,25.102
978,25.141,25.147
979,25.200,25.205
980,25.190,25.197
981,25.193,25.200
982,25.185,25.180
983,25.172,25.163
984,25.132,25.116
985,25.136,25.111
986,25.109,25.085
987,25.099,25.082
988,25.127,25.099
989,25.174,25.142
990,25.171,25.135
991,25.170,25.129
992,25.200,25.149
993,25.240,25.191
994,25.216,25.165
995,25.199,25.141
996,25.227,25.172
997,25.214,25.158
998,25.229,25.174
999,25.177,25.124
1000,25.203,25.149
1001,25.231,25.171
1002,25.192,25.130
1003,25.255,25.198
1004,25.286,25.222
1005,25.310,25.255
1006,25.322,25.267
1007,25.326,25.267
1008,25.314,25.251
1009,25.301,25.246
1010,25.332,25.276
1011,25.310,25.266
1012,25.326,25.281
1013,25.313,25.266
1014,25.268,25.221
1015,25.245,25.203
1016,25.245,25.195
1017,25.219,25.179
1018,25.209,25.164
1019,25.167,25.125
1020,25.120,25.078
1021,25.116,25.070
1022,25.107,25.067
1023,25.146,25.106
1024,25.179,25.132
1025,25.139,25.088
1026,25.169,25.117
1027,25.256,25.207
1028,25.358,25.313
1029,25.370,25.329
1030,25.460,25.418
1031,25.395,25.361
1032,25.370,25.342
1033,25.335,25.316
1034,25.265,25.229
1035,25.230,25.201
1036,25.209,25.191
1037,25.220,25.192
1038,25.180,25.156
1039,25.266,25.241
1040,25.312,25.297
1041,25.357,25.370
1042,25.364,25.363
1043,25.115,25.106
1044,24.950,24.940
1045,24.993,24.980
1046,24.956,24.943
1047,24.863,24.849
1048,24.883,24.872
1049,24.897,24.868
1050,24.952,24.924
1051,25.038,25.005
1052,24.991,24.952
1053,24.887,24.847
1054,24.826,24.779
1055,24.761,24.708
1056,24.695,24.636
1057,24.568,24.509
1058,24.534,24.477
1059,24.468,24.404
1060,24.455,24.393
1061,24.454,24.391
1062,24.305,24.255
1063,24.204,24.153
1064,24.145,24.088
1065,24.084,24.032
1066,24.115,24.067
1067,24.086,24.043
1068,24.072,24.022
1069,24.104,24.047
1070,24.089,24.032
1071,23.993,23.943
1072,23.981,23.928
1073,23.940,23.891
1074,23.910,23.854
1075,23.988,23.932
1076,24.058,23.996
1077,24.103,24.042
1078,24.129,24.065
1079,24.097,24.033
1080,24.147,24.082
1081,24.183,24.114
1082,24.245,24.176
1083,24.284,24.217
1084,24.315,24.246
1085,24.337,24.266
1086,24.300,24.231
1087,24.343,24.283
1088,24.354,24.301
1089,24.392,24.345
1090,24.471,24.430
1091,24.558,24.513
1092,24.537,24.503
1093,24.573,24.536
1094,24.552,24.520
1095,24.597,24.565
1096,24.655,24.625
1097,24.698,24.660
1098,24.771,24.730
1099,24.841,24.788
1100,24.907,24.858
1101,24.928,24.883
1102,24.958,24.910
1103,24.941,24.898
1104,24.926,24.875
1105,24.932,24.882
1106,24.902,24.849
1107,24.936,24.875
1108,24.988,24.923
1109,25.014,24.949
1110,25.036,24.970
1111,24.984,24.914
1112,24.986,24.920
1113,24.965,24.902
1114,24.995,24.934
1115,25.034,24.980
1116,25.053,24.990
1117,25.143,25.094
1118,25.118,25.065
1119,25.142,25.097
1120,25.123,25.075
1121,25.098,25.054
1122,25.136,25.094
1123,25.128,25.083
1124,25.125,25.083
1125,25.184,25.138
1126,25.264,25.217
1127,25.305,25.261
1128,25.297,25.254
1129,25.314,25.270
1130,25.410,25.360
1131,25.520,25.473
1132,25.606,25.563
1133,25.730,25.685
1134,25.726,25.687
1135,25.679,25.657
1136,25.645,25.620
1137,25.681,25.662
1138,25.695,25.685
1139,25.682,25.666
1140,25.659,25.656
1141,25.637,25.643
1142,25.574,25.590
1143,25.573,25.603
1144,25.616,25.647
1145,25.588,25.634
1146,25.568,25.605
1147,25.494,25.523
1148,25.410,25.433
1149,25.337,25.358
1150,25.293,25.309
1151,25.280,25.291
1152,25.250,25.250
1153,25.227,25.224
1154,25.185,25.172
1155,25.207,25.183
1156,25.185,25.161
1157,25.256,25.214
1158,25.293,25.249
1159,25.302,25.255
1160,25.343,25.290
1161,25.296,25.238
1162,25.219,25.156
1163,25.165,25.103
1164,25.102,25.037
1165,25.106,25.051
1166,25.069,25.014
1167,25.106,25.046
1168,25.110,25.048
1169,25.178,25.124
1170,25.176,25.118
1171,25.154,25.095
1172,25.151,25.090
1173,25.151,25.088
1174,25.143,25.076
1175,25.135,25.070
1176,25.151,25.083
1177,25.148,25.082
1178,25.147,25.079
1179,25.140,25.075
1180,25.187,25.124
1181,25.188,25.124
1182,25.126,25.063
1183,25.103,25.034
1184,25.150,25.093
1185,25.149,25.092
1186,25.079,25.026
1187,25.017,24.966
1188,24.939,24.888
1189,24.804,24.761
1190,24.793,24.756
1191,24.714,24.679
1192,24.692,24.662
1193,24.608,24.581
1194,24.614,24.590
1195,24.512,24.482
1196,24.565,24.528
1197,24.600,24.559
1198,24.618,24.591
1199,24.643,24.613
1200,24.708,24.679
1201,24.762,24.737
1202,24.778,24.754
1203,24.737,24.706
1204,24.714,24.683
1205,24.721,24.698
1206,24.730,24.703
1207,24.762,24.729
1208,24.795,24.758
1209,24.764,24.733
1210,24.774,24.734
1211,24.769,24.732
1212,24.814,24.770
1213,24.915,24.865
1214,25.031,24.978
1215,25.148,25.097
1216,25.212,25.154
1217,25.276,25.221
1218,25.329,25.267
1219,25.437,25.371
1220,25.451,25.379
1221,25.464,25.386
1222,25.446,25.368
1223,25.398,25.324
1224,25.404,25.335
1225,25.393,25.335
1226,25.382,25.320
1227,25.337,25.296
1228,25.399,25.355
1229,25.421,25.380
1230,25.401,25.370
1231,25.410,25.374
1232,25.434,25.398
1233,25.465,25.428
1234,25.481,25.447
1235,25.495,25.461
1236,25.501,25.460
1237,25.501,25.463
1238,25.501,25.473
1239,25.514,25.481
1240,25.520,25.486
1241,25.538,25.505
1242,25.506,25.478
1243,25.554,25.527
1244,25.580,25.558
1245,25.617,25.598
1246,25.683,25.665
1247,25.600,25.584
1248,25.569,25.559
1249,25.527,25.514
1250,25.347,25.345
1251,25.359,25.356
1252,25.363,25.363
1253,25.348,25.344
1254,25.331,25.324
1255,25.287,25.283
1256,25.181,25.169
1257,25.148,25.141
1258,25.076,25.065
1259,25.156,25.139
1260,25.184,25.168
1261,25.175,25.162
1262,25.113,25.104
1263,25.044,25.035
1264,25.031,25.020
1265,25.002,24.987
1266,24.882,24.872
1267,24.800,24.781
1268,24.820,24.795
1269,24.775,24.754
1270,24.722,24.691
1271,24.715,24.680
1272,24.697,24.665
1273,24.664,24.626
1274,24.668,24.631
1275,24.680,24.636
1276,24.670,24.616
1277,24.569,24.516
1278,24.486,24.436
1279,24.486,24.427
1280,24.420,24.364
1281,24.424,24.392
1282,24.374,24.337
1283,24.355,24.316
1284,24.350,24.305
1285,24.318,24.277
1286,24.274,24.231
1287,24.254,24.205
1288,24.258,24.217
1289,24.298,24.249
1290,24.369,24.321
1291,24.416,24.366
1292,24.490,24.436
1293,24.571,24.523
1294,24.681,24.626
1295,24.816,24.766
1296,24.867,24.813
1297,24.823,24.771
1298,24.813,24.758
1299,24.838,24.790
1300,24.771,24.723
1301,24.771,24.727
1302,24.788,24.750
1303,24.776,24.735
1304,24.790,24.748
1305,24.788,24.752
1306,24.725,24.681
1307,24.696,24.654
1308,24.715,24.674
1309,24.698,24.644
1310,24.716,24.665
1311,24.753,24.700
1312,24.831,24.778
1313,24.901,24.841
1314,24.877,24.814
1315,24.890,24.825
1316,24.881,24.815
1317,24.815,24.751
1318,24.727,24.663
1319,24.741,24.674
1320,24.649,24.583
1321,24.699,24.635
1322,24.714,24.650
1323,24.625,24.568
1324,24.646,24.591
1325,24.623,24.561
1326,24.628,24.570
1327,24.595,24.539
1328,24.614,24.561
1329,24.596,24.543
1330,24.624,24.568
1331,24.665,24.598
1332,24.685,24.622
1333,24.742,24.683
1334,24.758,24.702
1335,24.798,24.742
1336,24.825,24.766
1337,24.878,24.823
1338,24.942,24.881
1339,25.006,24.941
1340,25.025,24.968
1341,25.039,24.978
1342,24.986,24.930
1343,24.988,24.929
1344,24.983,24.924
1345,25.035,24.977
1346,25.045,24.995
1347,25.033,24.977
1348,25.084,25.029
1349,25.131,25.081
1350,25.157,25.101
1351,25.189,25.129
1352,25.108,25.071
1353,25.150,25.105
1354,25.157,25.106
1355,25.159,25.111
1356,25.205,25.157
1357,25.253,25.210
1358,25.246,25.199
1359,25.267,25.234
1360,25.318,25.283
1361,25.398,25.356
1362,25.404,25.369
1363,25.409,25.382
1364,25.411,25.383
1365,25.369,25.343
1366,25.359,25.333
1367,25.225,25.205
1368,25.247,25.224
1369,25.186,25.164
1370,25.036,25.012
1371,24.873,24.857
1372,24.898,24.880
1373,24.766,24.745
1374,24.779,24.762
1375,24.757,24.742
1376,24.755,24.738
1377,24.831,24.813
1378,24.864,24.841
1379,24.905,24.878
1380,24.966,24.933
1381,25.002,24.969
1382,25.015,24.977
1383,25.021,24.983
1384,25.153,25.123
1385,25.203,25.173
1386,25.138,25.120
1387,25.019,24.998
1388,25.056,25.023
1389,25.064,25.039
1390,24.969,24.949
1391,24.860,24.828
1392,25.023,25.000
1393,25.152,25.123
1394,25.128,25.098
1395,25.069,25.024
1396,25.109,25.066
1397,25.041,24.998
1398,25.047,25.015
1399,25.053,25.019
1400,25.266,25.239
1401,25.293,25.258
1402,25.302,25.270
1403,25.103,25.077
1404,25.091,25.058
1405,25.091,25.058
1406,25.021,24.986
1407,24.980,24.950
1408,25.117,25.083
1409,24.952,24.913
1410,24.962,24.923
1411,24.926,24.889
1412,24.809,24.783
1413,24.873,24.853
1414,24.755,24.735
1415,24.841,24.819
1416,24.854,24.829
1417,24.833,24.800
1418,24.839,24.796
1419,24.720,24.689
1420,24.666,24.629
1421,24.682,24.645
1422,24.675,24.639
1423,24.670,24.640
1424,24.705,24.666
1425,24.670,24.639
1426,24.640,24.603
1427,24.454,24.412
1428,24.512,24.480
1429,24.497,24.470
1430,24.464,24.426
1431,24.387,24.346
1432,24.416,24.379
1433,24.439,24.406
1434,24.426,24.401
1435,24.377,24.349
1436,24.448,24.420
1437,24.497,24.483
1438,24.464,24.444
1439,24.393,24.374
1440,24.533,24.520
1441,24.577,24.570
1442,24.453,24.443
1443,24.458,24.451
1444,24.521,24.519
1445,24.507,24.500
1446,24.478,24.471
1447,24.638,24.641
1448,24.547,24.539
1449,24.525,24.514
1450,24.685,24.677
1451,24.729,24.719
1452,24.744,24.730
1453,24.812,24.791
1454,24.869,24.858
1455,24.908,24.903
1456,24.989,24.972
1457,25.048,25.034
1458,25.087,25.074
1459,25.099,25.096
1460,25.178,25.186
1461,25.109,25.112
1462,25.183,25.191
1463,25.238,25.256
1464,25.283,25.304
1465,25.316,25.342
1466,25.358,25.384
1467,25.367,25.399
1468,25.414,25.450
1469,25.443,25.484
1470,25.469,25.511
1471,25.482,25.523
1472,25.558,25.594
1473,25.609,25.650
1474,25.535,25.591
1475,25.620,25.658
1476,25.680,25.732
1477,25.885,25.941
1478,25.650,25.715
1479,25.606,25.664
1480,25.585,25.652
1481,25.611,25.689
1482,25.614,25.684
1483,25.651,25.724
1484,25.668,25.745
1485,25.671,25.753
1486,25.658,25.726
1487,25.698,25.769
1488,25.789,25.873
1489,25.850,25.938
1490,25.899,25.985
1491,25.972,26.052
1492,25.964,26.048
1493,25.979,26.064
1494,26.043,26.122
1495,26.101,26.183
1496,26.160,26.228
1497,26.215,26.285
1498,26.283,26.355
1499,26.399,26.472
1500,26.378,26.458
1501,26.333,26.409
1502,26.296,26.374
1503,26.301,26.383
1504,26.351,26.443
1505,26.353,26.422
1506,26.322,26.408
1507,26.397,26.463
1508,26.495,26.569
1509,26.539,26.636
1510,26.538,26.618
1511,26.571,26.658
1512,26.629,26.717
1513,26.625,26.722
1514,26.654,26.742
1515,26.677,26.771
1516,26.597,26.681
1517,26.696,26.799
1518,26.677,26.760
1519,26.718,26.801
1520,26.755,26.827
1521,26.807,26.902
1522,26.878,26.976
1523,26.763,26.856
1524,26.757,26.846
1525,26.772,26.856
1526,26.777,26.861
1527,26.743,26.819
1528,26.734,26.810
1529,26.809,26.888
1530,26.791,26.862
1531,26.810,26.870
1532,26.760,26.821
1533,26.822,26.886
1534,26.830,26.888
1535,26.903,26.962
1536,27.044,27.103
1537,27.110,27.166
1538,27.072,27.139
1539,27.083,27.128
1540,27.137,27.180
1541,27.221,27.266
1542,27.288,27.334
1543,27.288,27.311
1544,27.322,27.323
1545,27.365,27.372
1546,27.393,27.396
1547,27.412,27.405
1548,27.366,27.342
1549,27.370,27.341
1550,27.331,27.309
1551,27.213,27.185
1552,27.142,27.095
1553,27.187,27.132
1554,27.177,27.131
1555,27.158,27.110
1556,27.187,27.120
1557,27.063,26.991
1558,27.266,27.215
1559,27.127,27.087
1560,26.966,26.881
1561,26.916,26.821
1562,26.910,26.814
1563,26.851,26.734
1564,26.888,26.761
1565,26.747,26.602
1566,26.628,26.481
1567,26.664,26.519
1568,26.602,26.471
1569,26.572,26.458
1570,26.648,26.523
1571,26.689,26.573
1572,26.574,26.471
1573,26.594,26.510
1574,26.433,26.335
1575,26.305,26.177
1576,26.172,26.041
1577,26.140,26.025
1578,25.987,25.851
1579,25.834,25.699
1580,25.937,25.800
1581,25.853,25.709
1582,25.798,25.646
1583,25.800,25.665
1584,25.754,25.598
1585,25.725,25.563
1586,25.702,25.553
1587,25.597,25.441
1588,25.595,25.426
1589,25.683,25.512
1590,25.480,25.323
1591,25.586,25.422
1592,25.675,25.518
1593,25.767,25.600
1594,25.584,25.431
1595,25.496,25.341
1596,25.514,25.356
1597,25.487,25.325
1598,25.400,25.245
1599,25.453,25.289
1600,25.461,25.303
1601,25.476,25.308
1602,25.589,25.430
1603,25.670,25.508
1604,25.631,25.452
1605,25.714,25.542
1606,25.736,25.547
1607,25.689,25.517
1608,25.640,25.464
1609,25.694,25.522
1610,25.665,25.491
1611,25.654,25.475
1612,25.605,25.416
1613,25.619,25.437
1614,25.616,25.437
1615,25.623,25.457
1616,25.683,25.507
1617,25.728,25.552
1618,25.666,25.493
1619,25.640,25.471
1620,25.680,25.509
1621,25.597,25.418
1622,25.594,25.417
1623,25.545,25.375
1624,25.519,25.345
1625,25.531,25.360
1626,25.550,25.378
1627,25.558,25.384
1628,25.597,25.431
1629,25.611,25.444
1630,25.600,25.441
1631,25.626,25.453
1632,25.662,25.486
1633,25.658,25.493
1634,25.756,25.604
1635,25.741,25.582
1636,25.687,25.535
1637,25.719,25.563
1638,25.649,25.497
1639,25.725,25.587
1640,25.653,25.499
1641,25.607,25.450
1642,25.624,25.467
1643,25.648,25.508
1644,25.692,25.549
1645,25.708,25.562
1646,25.712,25.568
1647,25.694,25.559
1648,25.701,25.568
1649,25.710,25.590
1650,25.659,25.531
1651,25.720,25.589
1652,25.665,25.546
1653,25.654,25.534
1654,25.585,25.457
1655,25.629,25.500
1656,25.672,25.539
1657,25.670,25.547
1658,25.745,25.623
1659,25.627,25.499
1660,25.665,25.543
1661,25.648,25.518
1662,25.650,25.519
1663,25.684,25.548
1664,25.683,25.548
1665,25.618,25.476
1666,25.681,25.528
1667,25.682,25.541
1668,25.657,25.526
1669,25.679,25.551
1670,25.585,25.461
1671,25.586,25.460
1672,25.603,25.458
1673,25.593,25.450
1674,25.612,25.472
1675,25.638,25.502
1676,25.589,25.443
1677,25.496,25.347
1678,25.462,25.312
1679,25.361,25.222
1680,25.296,25.143
1681,25.193,25.040
1682,25.142,24.983
1683,25.086,24.932
1684,25.004,24.850
1685,24.984,24.829
1686,24.921,24.759
1687,24.929,24.787
1688,24.961,24.817
1689,24.811,24.665
1690,24.787,24.633
1691,24.925,24.772
1692,24.797,24.647
1693,24.808,24.650
1694,24.663,24.497
1695,24.704,24.551
1696,24.687,24.532
1697,24.620,24.461
1698,24.619,24.453
1699,24.676,24.527
1700,24.687,24.537
1701,24.691,24.549
1702,24.618,24.462
1703,24.607,24.450
1704,24.553,24.404
1705,24.588,24.444
1706,24.490,24.337
