0,20.269,20.180
1,20.267,20.183
2,20.270,20.182
3,20.236,20.139
4,20.231,20.121
5,20.254,20.113
6,20.642,20.558
7,20.588,20.487
8,20.581,20.495
9,20.390,20.321
10,20.364,20.288
11,20.589,20.536
12,20.379,20.308
13,20.501,20.431
14,20.380,20.312
15,20.410,20.342
16,20.481,20.411
17,20.665,20.623
18,20.511,20.460
19,20.440,20.375
20,20.447,20.378
21,20.498,20.443
22,20.640,20.593
23,20.581,20.516
24,20.624,20.574
25,20.390,20.325
26,20.481,20.422
27,20.594,20.564
28,20.568,20.551
29,20.449,20.398
30,20.618,20.565
31,20.640,20.588
32,20.509,20.452
33,20.618,20.592
34,20.448,20.398
35,20.675,20.640
36,20.447,20.396
37,20.533,20.490
38,20.410,20.358
39,20.457,20.428
40,20.435,20.402
41,20.435,20.411
42,20.294,20.258
43,20.758,20.732
44,20.704,20.668
45,20.768,20.744
46,20.864,20.845
47,20.617,20.563
48,20.766,20.713
49,20.796,20.760
50,20.887,20.856
51,20.712,20.660
52,20.813,20.803
53,20.827,20.806
54,20.757,20.737
55,20.803,20.779
56,20.576,20.540
57,20.417,20.412
58,20.316,20.312
59,20.467,20.473
60,20.280,20.261
61,20.444,20.448
62,20.573,20.565
63,20.515,20.521
64,20.488,20.476
65,20.885,20.896
66,21.047,21.057
67,21.001,21.008
68,20.800,20.798
69,20.893,20.906
70,20.809,20.822
71,20.712,20.719
72,20.743,20.765
73,20.719,20.733
74,20.735,20.744
75,20.960,20.981
76,20.818,20.835
77,20.804,20.822
78,20.958,20.980
79,20.753,20.753
80,20.692,20.702
81,20.483,20.506
82,20.844,20.864
83,20.920,20.954
84,20.953,20.978
85,21.010,21.036
86,21.462,21.500
87,21.198,21.243
88,21.696,21.752
89,21.163,21.184
90,21.298,21.340
91,20.956,20.970
92,21.027,21.034
93,21.303,21.333
94,20.896,20.919
95,20.901,20.918
96,21.007,21.031
97,21.178,21.203
98,21.206,21.221
99,21.232,21.242
100,21.320,21.327
101,21.119,21.107
102,21.126,21.106
103,21.135,21.141
104,21.221,21.230
105,21.326,21.335
106,21.255,21.261
107,21.273,21.273
108,21.196,21.202
109,21.222,21.231
110,21.178,21.187
111,21.129,21.134
112,21.014,21.016
113,21.025,21.025
114,21.021,21.023
115,21.127,21.136
116,21.136,21.139
117,21.082,21.094
118,21.099,21.106
119,21.168,21.204
120,20.833,20.839
121,20.696,20.696
122,20.572,20.583
123,20.407,20.422
124,20.118,20.142
125,19.929,19.944
126,19.833,19.843
127,19.775,19.792
128,19.947,19.987
129,19.768,19.791
130,19.958,19.990
131,19.993,20.013
132,20.072,20.106
133,20.028,20.054
134,20.002,20.054
135,19.911,19.950
136,19.872,19.903
137,20.097,20.132
138,20.181,20.207
139,20.319,20.341
140,20.270,20.284
141,20.294,20.295
142,20.595,20.610
143,20.540,20.535
144,20.816,20.806
145,20.890,20.884
146,20.770,20.764
147,20.944,20.939
148,21.105,21.086
149,20.942,20.918
150,20.737,20.726
151,20.683,20.689
152,20.797,20.809
153,20.761,20.755
154,20.765,20.752
155,20.895,20.889
156,20.919,20.914
157,20.927,20.910
158,21.108,21.099
159,21.066,21.061
160,21.198,21.194
161,21.202,21.179
162,21.355,21.336
163,21.171,21.154
164,21.271,21.259
165,21.504,21.483
166,21.320,21.305
167,21.391,21.367
168,21.411,21.376
169,21.620,21.600
170,21.706,21.704
171,21.417,21.384
172,21.524,21.493
173,21.495,21.463
174,21.740,21.743
175,21.685,21.662
176,21.459,21.439
177,21.411,21.381
178,21.742,21.740
179,21.186,21.152
180,21.022,20.984
181,20.953,20.919
182,20.849,20.820
183,21.291,21.282
184,20.866,20.859
185,20.646,20.625
186,20.733,20.706
187,20.606,20.578
188,20.628,20.611
189,20.506,20.482
190,20.589,20.569
191,20.596,20.583
192,20.478,20.452
193,20.389,20.356
194,20.441,20.420
195,20.378,20.351
196,20.361,20.335
197,20.318,20.290
198,20.237,20.210
199,20.300,20.271
200,20.263,20.227
201,20.283,20.241
202,20.269,20.231
203,20.185,20.146
204,19.966,19.925
205,19.928,19.879
206,19.892,19.844
207,19.871,19.817
208,19.928,19.878
209,19.905,19.856
210,19.933,19.884
211,19.854,19.804
212,19.903,19.854
213,19.894,19.825
214,19.909,19.844
215,19.927,19.864
216,19.960,19.893
217,19.989,19.938
218,19.978,19.919
219,19.944,19.886
220,20.046,19.997
221,20.004,19.942
222,19.930,19.871
223,20.020,19.961
224,19.839,19.780
225,19.837,19.770
226,19.885,19.825
227,19.911,19.864
228,20.009,19.974
229,19.862,19.801
230,19.798,19.742
231,20.072,20.014
232,20.238,20.197
233,20.183,20.145
234,20.007,19.942
235,19.941,19.894
236,19.861,19.804
237,19.906,19.857
238,19.948,19.884
239,19.894,19.844
240,19.974,19.920
241,19.857,19.805
242,19.812,19.763
243,19.791,19.740
244,19.870,19.837
245,19.862,19.816
246,19.865,19.815
247,19.909,19.873
248,19.918,19.871
249,20.036,19.994
250,20.120,20.067
251,20.191,20.164
252,20.053,20.032
253,20.078,20.055
254,20.002,19.961
255,19.983,19.952
256,19.954,19.918
257,20.040,20.008
258,19.876,19.835
259,19.703,19.665
260,19.707,19.662
261,19.696,19.648
262,19.835,19.780
263,19.904,19.886
264,19.858,19.829
265,20.043,20.021
266,20.038,20.031
267,20.024,20.017
268,20.002,19.988
269,19.925,19.909
270,19.893,19.890
271,19.876,19.858
272,19.815,19.799
273,19.805,19.785
274,19.812,19.800
275,19.743,19.736
276,19.818,19.810
277,19.615,19.605
278,19.769,19.770
279,19.516,19.502
280,19.481,19.480
281,19.400,19.389
282,19.354,19.345
283,19.308,19.297
284,19.266,19.266
285,19.283,19.285
286,19.348,19.343
287,19.376,19.382
288,19.436,19.446
289,19.397,19.392
290,19.596,19.611
291,19.604,19.612
292,19.498,19.513
293,19.347,19.366
294,19.335,19.328
295,19.399,19.400
296,19.252,19.262
297,19.259,19.271
298,19.121,19.150
299,19.010,19.011
300,19.010,19.026
301,18.935,18.947
302,18.852,18.860
303,18.867,18.879
304,18.946,18.954
305,18.981,18.990
306,18.943,18.943
307,18.865,18.860
308,18.972,18.985
309,18.894,18.910
310,18.781,18.780
311,18.752,18.738
312,18.940,18.933
313,19.023,19.031
314,19.036,19.022
315,19.129,19.139
316,19.088,19.079
317,19.156,19.160
318,19.038,19.042
319,19.001,19.007
320,19.015,19.024
321,19.006,19.011
322,19.043,19.055
323,19.085,19.091
324,19.047,19.042
325,19.106,19.124
326,19.150,19.164
327,19.241,19.255
328,19.217,19.228
329,19.208,19.213
330,19.101,19.096
331,19.148,19.157
332,19.159,19.171
333,19.123,19.113
334,19.189,19.189
335,19.142,19.131
336,19.163,19.154
337,19.128,19.121
338,19.141,19.128
339,19.259,19.239
340,19.237,19.217
341,19.222,19.198
342,19.273,19.248
343,19.288,19.282
344,19.356,19.349
345,19.388,19.387
346,19.453,19.459
347,19.514,19.517
348,19.477,19.461
349,19.458,19.437
350,19.427,19.415
351,19.410,19.404
352,19.524,19.505
353,19.624,19.605
354,19.713,19.688
355,19.797,19.777
356,19.926,19.894
357,20.144,20.131
358,20.065,20.047
359,20.185,20.188
360,20.197,20.203
361,20.207,20.216
362,20.134,20.140
363,20.008,20.004
364,20.001,20.000
365,19.973,19.967
366,20.005,19.997
367,20.129,20.121
368,20.266,20.267
369,20.214,20.210
370,20.372,20.361
371,20.310,20.285
372,20.390,20.374
373,20.332,20.298
374,20.370,20.341
375,20.447,20.432
376,20.404,20.371
377,20.396,20.369
378,20.435,20.417
379,20.386,20.363
380,20.368,20.335
381,20.367,20.334
382,20.366,20.333
383,20.352,20.310
384,20.275,20.232
385,20.271,20.233
386,20.271,20.233
387,20.299,20.254
388,20.297,20.251
389,20.323,20.279
390,20.424,20.398
391,20.479,20.451
392,20.475,20.452
393,20.504,20.480
394,20.530,20.507
395,20.536,20.526
396,20.470,20.452
397,20.456,20.426
398,20.506,20.475
399,20.504,20.469
400,20.517,20.488
401,20.556,20.526
402,20.545,20.505
403,20.564,20.534
404,20.567,20.520
405,20.581,20.540
406,20.633,20.594
407,20.639,20.600
408,20.648,20.617
409,20.679,20.656
410,20.643,20.609
411,20.631,20.609
412,20.626,20.596
413,20.638,20.612
414,20.628,20.605
415,20.564,20.526
416,20.581,20.552
417,20.599,20.572
418,20.600,20.573
419,20.512,20.482
420,20.501,20.465
421,20.519,20.495
422,20.487,20.460
423,20.461,20.424
424,20.485,20.458
425,20.484,20.470
426,20.455,20.427
427,20.463,20.433
428,20.447,20.426
429,20.422,20.398
430,20.436,20.415
431,20.425,20.400
432,20.442,20.424
433,20.408,20.391
434,20.364,20.341
435,20.351,20.344
436,20.329,20.317
437,20.371,20.355
438,20.326,20.306
439,20.318,20.305
440,20.333,20.316
441,20.318,20.300
442,20.310,20.282
443,20.315,20.298
444,20.307,20.299
445,20.283,20.284
446,20.293,20.289
447,20.246,20.245
448,20.285,20.275
449,20.246,20.238
450,20.207,20.204
451,20.223,20.217
452,20.266,20.272
453,20.219,20.211
454,20.315,20.296
455,20.242,20.210
456,20.219,20.198
457,20.191,20.166
458,20.254,20.236
459,20.301,20.296
460,20.232,20.219
461,20.227,20.208
462,20.228,20.199
463,20.167,20.130
464,20.178,20.156
465,20.248,20.230
466,20.245,20.227
467,20.221,20.204
468,20.311,20.275
469,20.284,20.261
470,20.318,20.287
471,20.225,20.209
472,20.232,20.206
473,20.270,20.249
474,20.262,20.233
475,20.224,20.202
476,20.237,20.210
477,20.223,20.190
478,20.221,20.194
479,20.287,20.271
480,20.222,20.212
481,20.202,20.190
482,20.185,20.168
483,20.322,20.318
484,20.316,20.297
485,20.414,20.398
486,20.329,20.304
487,20.290,20.267
488,19.857,19.839
489,19.801,19.775
490,19.756,19.737
491,19.873,19.864
492,19.734,19.720
493,19.905,19.902
494,20.326,20.315
495,20.361,20.350
496,20.330,20.306
497,20.257,20.236
498,20.257,20.250
499,20.306,20.304
500,20.256,20.241
501,20.271,20.251
502,20.323,20.314
503,20.265,20.238
504,20.267,20.252
505,20.246,20.218
506,20.228,20.189
507,20.261,20.237
508,20.294,20.285
509,20.190,20.174
510,20.126,20.111
511,20.202,20.195
512,20.205,20.177
513,20.206,20.187
514,20.222,20.199
515,20.236,20.213
516,20.402,20.406
517,20.222,20.219
518,20.331,20.312
519,20.218,20.194
520,19.758,19.749
521,19.680,19.663
522,20.042,20.025
523,20.052,20.038
524,19.918,19.898
525,19.910,19.888
526,19.855,19.842
527,19.873,19.856
528,19.900,19.878
529,19.890,19.858
530,19.937,19.916
531,19.945,19.906
532,19.981,19.945
533,19.941,19.899
534,19.796,19.763
535,19.766,19.741
536,19.844,19.830
537,19.810,19.775
538,19.860,19.827
539,19.428,19.397
540,19.443,19.422
541,19.454,19.442
542,19.420,19.395
543,19.856,19.826
544,19.801,19.771
545,19.709,19.688
546,19.599,19.547
547,19.594,19.556
548,19.687,19.663
549,19.772,19.748
550,19.697,19.672
551,19.721,19.680
552,19.822,19.792
553,19.786,19.755
554,19.814,19.781
555,19.767,19.731
556,19.850,19.835
557,19.812,19.771
558,19.909,19.869
559,19.914,19.903
560,19.796,19.769
561,19.878,19.861
562,19.857,19.835
563,19.715,19.697
564,19.798,19.786
565,19.709,19.686
566,19.880,19.857
567,19.803,19.758
568,19.871,19.836
569,19.759,19.722
570,19.867,19.838
571,19.852,19.823
572,19.708,19.667
573,19.765,19.754
574,19.832,19.815
575,19.947,19.928
576,19.740,19.730
577,20.357,20.357
578,20.242,20.234
579,20.389,20.367
580,20.387,20.367
581,20.621,20.606
582,20.505,20.484
583,20.621,20.612
584,20.667,20.674
585,20.794,20.813
586,20.775,20.798
587,20.848,20.865
588,20.928,20.946
589,20.976,20.998
590,20.951,20.939
591,21.017,21.010
592,20.970,20.953
593,20.966,20.944
594,21.029,21.010
595,20.989,20.955
596,21.013,20.986
597,21.010,20.966
598,21.023,20.991
599,21.142,21.118
600,21.130,21.091
601,21.136,21.103
602,21.168,21.135
603,21.265,21.221
604,21.262,21.217
605,21.231,21.187
606,21.156,21.118
607,21.225,21.190
608,21.160,21.120
609,21.125,21.100
610,21.075,21.035
611,21.090,21.051
612,21.121,21.103
613,20.922,20.891
614,21.059,21.042
615,20.892,20.870
616,20.967,20.952
617,20.817,20.791
618,20.794,20.765
619,20.790,20.748
620,20.889,20.867
621,20.769,20.738
622,20.784,20.769
623,20.704,20.669
624,20.618,20.587
625,20.602,20.559
626,20.592,20.555
627,20.562,20.527
628,20.580,20.541
629,20.533,20.488
630,20.504,20.463
631,20.476,20.430
632,20.514,20.474
633,20.511,20.485
634,20.491,20.461
635,20.512,20.474
636,20.519,20.481
637,20.436,20.391
638,20.450,20.405
639,20.401,20.349
640,20.599,20.568
641,20.437,20.387
642,20.439,20.379
643,20.582,20.539
644,20.427,20.372
645,20.543,20.501
646,20.414,20.357
647,20.340,20.269
648,20.326,20.253
649,20.361,20.299
650,20.344,20.281
651,20.288,20.211
652,20.252,20.188
653,20.298,20.229
654,20.351,20.292
655,20.308,20.235
656,20.258,20.185
657,20.214,20.129
658,20.228,20.141
659,20.220,20.136
660,20.222,20.138
661,20.178,20.096
662,20.173,20.089
663,20.171,20.093
664,20.164,20.087
665,20.137,20.052
666,20.318,20.241
667,20.187,20.109
668,20.136,20.049
669,20.160,20.075
670,20.190,20.106
671,20.180,20.092
672,20.166,20.086
673,20.223,20.148
674,20.217,20.151
675,20.152,20.079
676,20.145,20.067
677,20.189,20.117
678,20.197,20.134
679,20.120,20.042
680,20.084,20.008
681,20.128,20.067
682,20.074,20.001
683,20.058,19.987
684,20.087,20.017
685,20.194,20.138
686,20.054,19.998
687,20.023,19.963
688,20.180,20.123
689,20.049,19.993
690,20.058,20.003
691,20.075,20.018
692,20.134,20.068
693,20.249,20.203
694,20.075,20.005
695,20.061,19.991
696,20.054,19.989
697,20.124,20.062
698,20.043,19.974
699,20.041,19.982
700,20.050,19.989
701,20.054,19.995
702,20.078,20.015
703,20.142,20.087
704,20.047,19.984
705,20.094,20.034
706,20.200,20.158
707,20.092,20.029
708,20.111,20.054
709,20.049,19.986
710,20.074,19.996
711,20.066,19.989
712,20.085,20.027
713,20.072,20.006
714,20.199,20.146
715,20.179,20.123
716,20.277,20.229
717,20.103,20.048
718,20.128,20.072
719,20.103,20.046
720,20.127,20.072
721,20.144,20.086
722,20.180,20.139
723,20.131,20.069
724,20.075,20.015
725,20.080,20.016
726,20.072,20.014
727,20.127,20.058
728,20.160,20.096
729,20.112,20.052
730,20.102,20.045
731,20.127,20.063
732,20.097,20.021
733,20.079,20.013
734,20.080,20.025
735,20.102,20.044
736,20.106,20.035
737,20.081,20.021
738,20.098,20.038
739,20.058,19.994
740,20.068,19.997
741,20.044,19.990
742,20.055,20.003
743,20.012,19.958
744,20.005,19.959
745,20.045,19.996
746,20.047,20.006
747,20.066,20.023
748,20.102,20.065
749,20.038,19.994
750,20.167,20.152
751,20.156,20.137
752,20.129,20.108
753,20.115,20.089
754,20.150,20.147
755,20.038,20.018
756,19.998,19.966
757,20.042,20.016
758,20.098,20.070
759,20.037,20.014
760,19.906,19.899
761,19.764,19.774
762,19.620,19.633
763,19.486,19.518
764,19.451,19.476
765,19.595,19.629
766,19.643,19.691
767,19.695,19.748
768,19.779,19.836
769,19.900,19.968
770,19.989,20.057
771,20.093,20.152
772,20.246,20.326
773,20.339,20.414
774,20.413,20.496
775,20.333,20.407
776,20.313,20.390
777,20.339,20.416
778,20.371,20.445
779,20.390,20.461
780,20.297,20.358
781,20.272,20.328
782,20.274,20.326
783,20.240,20.300
784,20.263,20.334
785,20.253,20.333
786,20.275,20.346
787,20.381,20.454
788,20.337,20.417
789,20.386,20.486
790,20.384,20.476
791,20.429,20.524
792,20.467,20.560
793,20.448,20.546
794,20.542,20.644
795,20.422,20.521
796,20.377,20.472
797,20.394,20.498
798,20.353,20.467
799,20.343,20.448
800,20.414,20.530
801,20.464,20.582
802,20.464,20.584
803,20.469,20.586
804,20.457,20.586
805,20.419,20.548
806,20.414,20.534
807,20.441,20.558
808,20.514,20.625
809,20.403,20.518
810,20.378,20.497
811,20.316,20.429
812,20.224,20.329
813,20.160,20.265
814,20.083,20.165
815,20.062,20.155
816,20.068,20.168
817,20.008,20.110
818,19.977,20.079
819,20.059,20.164
820,20.108,20.211
821,20.102,20.190
822,20.449,20.547
823,20.305,20.409
824,20.082,20.191
825,19.936,20.035
826,19.966,20.074
827,19.969,20.085
828,19.907,20.019
829,19.929,20.029
830,19.982,20.077
831,19.983,20.094
832,19.977,20.074
833,19.925,20.014
834,19.856,19.943
835,19.953,20.046
836,19.943,20.029
837,19.929,20.009
838,20.110,20.193
839,20.022,20.093
840,20.045,20.113
841,19.908,19.987
842,19.976,20.067
843,20.168,20.248
844,20.111,20.201
845,20.184,20.258
846,20.124,20.198
847,20.134,20.207
848,20.308,20.365
849,20.235,20.301
850,20.174,20.239
851,20.165,20.235
852,20.172,20.241
853,20.259,20.312
854,20.399,20.454
855,20.421,20.476
856,20.358,20.388
857,20.537,20.584
858,20.545,20.590
859,20.519,20.557
860,20.558,20.587
861,20.662,20.696
862,20.753,20.776
863,20.859,20.870
864,21.003,21.006
865,21.127,21.133
866,21.295,21.297
867,21.380,21.380
868,21.488,21.485
869,21.434,21.412
870,21.586,21.582
871,21.997,21.925
872,21.868,21.817
873,22.091,22.123
874,22.293,22.226
875,21.624,21.563
876,21.513,21.437
877,21.534,21.453
878,21.829,21.775
879,21.629,21.549
880,21.638,21.549
881,22.612,22.488
882,22.925,22.833
883,21.832,21.760
884,21.922,21.869
885,22.096,22.055
886,21.918,21.850
887,22.312,22.226
888,22.407,22.321
889,21.784,21.715
890,21.946,21.885
891,21.825,21.756
892,22.306,22.213
893,22.236,22.159
894,22.200,22.132
895,22.106,22.034
896,22.184,22.119
897,22.093,22.016
898,22.054,21.969
899,22.088,22.008
900,22.072,21.978
901,22.232,22.162
902,22.106,22.022
903,22.133,22.032
904,22.127,22.036
905,22.194,22.113
906,22.156,22.064
907,22.082,21.981
908,22.072,21.984
909,21.924,21.835
910,21.957,21.890
911,21.986,21.921
912,21.949,21.861
913,21.992,21.905
914,21.941,21.867
915,21.987,21.918
916,21.990,21.926
917,21.809,21.719
918,21.866,21.788
919,21.813,21.742
920,21.809,21.743
921,21.749,21.687
922,21.650,21.586
923,21.571,21.524
924,21.215,21.137
925,21.327,21.260
926,21.527,21.463
927,21.554,21.504
928,21.547,21.509
929,21.596,21.546
930,21.520,21.469
931,21.360,21.299
932,21.371,21.320
933,21.250,21.171
934,21.305,21.250
935,21.256,21.201
936,21.088,21.021
937,21.134,21.080
938,21.166,21.108
939,21.050,21.013
940,21.026,20.985
941,20.832,20.762
942,20.872,20.806
943,20.849,20.809
944,20.779,20.732
945,20.779,20.719
946,20.711,20.645
947,20.666,20.613
948,20.578,20.503
949,20.564,20.505
950,20.545,20.483
951,20.544,20.477
952,20.497,20.442
953,20.407,20.337
954,20.324,20.255
955,20.309,20.233
956,20.225,20.155
957,20.163,20.103
958,20.083,20.023
959,20.080,20.014
960,20.070,20.000
961,20.020,19.948
962,19.962,19.908
963,19.963,19.900
964,19.881,19.813
965,19.966,19.905
966,20.021,19.962
967,19.966,19.923
968,20.028,19.983
969,19.975,19.931
970,20.178,20.150
971,20.068,20.013
972,19.975,19.922
973,19.986,19.934
974,20.006,19.951
975,19.944,19.889
976,19.794,19.750
977,19.542,19.488
978,19.418,19.368
979,19.532,19.491
980,19.632,19.589
981,19.789,19.740
982,19.914,19.872
983,20.058,20.013
984,20.274,20.230
985,20.302,20.243
986,20.288,20.228
987,20.346,20.285
988,20.436,20.376
989,20.391,20.309
990,20.542,20.452
991,20.564,20.480
992,20.723,20.644
993,20.799,20.707
994,20.752,20.678
995,20.904,20.826
996,20.871,20.782
997,21.051,20.982
998,21.285,21.194
999,21.549,21.472
1000,21.804,21.731
1001,21.812,21.717
1002,21.923,21.839
1003,21.813,21.719
1004,21.706,21.624
1005,21.734,21.649
1006,21.701,21.613
1007,21.762,21.673
1008,21.668,21.585
1009,21.639,21.535
1010,21.579,21.483
1011,21.438,21.344
1012,21.456,21.377
1013,21.384,21.308
1014,21.396,21.325
1015,21.102,21.016
1016,21.206,21.131
1017,20.978,20.904
1018,20.841,20.759
1019,20.639,20.542
1020,20.885,20.812
1021,20.518,20.431
1022,20.455,20.394
1023,20.466,20.399
1024,20.301,20.224
1025,20.469,20.413
1026,20.212,20.138
1027,20.253,20.190
1028,20.040,19.969
1029,20.079,20.016
1030,19.846,19.790
1031,19.822,19.757
1032,19.860,19.810
1033,19.632,19.573
1034,19.432,19.383
1035,19.353,19.312
1036,19.258,19.217
1037,19.058,19.009
1038,19.028,18.974
1039,18.978,18.936
1040,18.997,18.989
1041,18.899,18.877
1042,18.882,18.863
1043,18.985,18.969
1044,18.988,18.963
1045,19.059,19.037
1046,19.031,19.009
1047,19.088,19.055
1048,19.034,18.997
1049,18.843,18.819
1050,18.926,18.907
1051,18.872,18.864
1052,19.174,19.157
1053,19.294,19.280
1054,19.139,19.119
1055,19.146,19.127
1056,19.105,19.100
1057,19.111,19.106
1058,19.079,19.071
1059,19.135,19.114
1060,19.145,19.130
1061,19.182,19.155
1062,19.221,19.192
1063,19.216,19.206
1064,19.412,19.409
1065,19.488,19.472
1066,19.544,19.534
1067,19.618,19.610
1068,19.770,19.737
1069,19.768,19.728
1070,19.914,19.868
1071,19.817,19.771
1072,19.839,19.793
1073,19.859,19.823
1074,19.945,19.909
1075,19.973,19.929
1076,19.916,19.876
1077,19.976,19.937
1078,20.028,19.981
1079,20.037,20.005
1080,20.112,20.079
1081,20.222,20.180
1082,20.370,20.325
1083,20.634,20.574
1084,20.730,20.669
1085,20.851,20.810
1086,20.883,20.833
1087,20.960,20.918
1088,21.037,20.984
1089,21.045,21.007
1090,21.020,20.975
1091,21.084,21.031
1092,21.032,20.982
1093,21.057,21.001
1094,21.078,21.052
1095,21.016,20.975
1096,21.004,20.962
1097,21.006,20.955
1098,20.926,20.886
1099,20.980,20.943
1100,20.885,20.843
1101,20.806,20.785
1102,20.749,20.717
1103,20.655,20.626
1104,20.621,20.595
1105,20.588,20.568
1106,20.724,20.704
1107,20.810,20.791
1108,20.806,20.797
1109,20.783,20.766
1110,20.832,20.812
1111,20.818,20.791
1112,20.839,20.826
1113,20.797,20.784
1114,20.837,20.824
1115,20.932,20.938
1116,21.005,21.012
1117,21.054,21.065
1118,21.140,21.161
1119,21.177,21.195
1120,21.233,21.234
1121,21.374,21.371
1122,21.314,21.328
1123,21.301,21.324
1124,21.189,21.201
1125,21.250,21.259
1126,21.214,21.217
1127,21.110,21.103
1128,21.027,21.029
1129,21.043,21.039
1130,20.877,20.868
1131,20.882,20.876
1132,20.832,20.833
1133,20.789,20.794
1134,20.651,20.644
1135,20.598,20.602
1136,20.567,20.575
1137,20.500,20.505
1138,20.448,20.445
1139,20.502,20.495
1140,20.511,20.510
1141,20.662,20.670
1142,20.641,20.643
1143,20.689,20.696
1144,20.763,20.767
1145,20.894,20.908
1146,20.910,20.917
1147,20.828,20.845
1148,20.852,20.867
1149,20.982,20.992
1150,21.004,21.026
1151,20.990,21.001
1152,20.974,20.976
1153,21.043,21.038
1154,20.846,20.840
1155,20.925,20.920
1156,20.960,20.945
1157,20.797,20.767
1158,20.816,20.796
1159,20.673,20.653
1160,20.672,20.664
1161,20.785,20.790
1162,20.563,20.561
1163,20.513,20.507
1164,20.573,20.585
1165,20.498,20.482
1166,20.477,20.475
1167,20.378,20.368
1168,20.442,20.450
1169,20.359,20.362
1170,20.388,20.399
1171,20.373,20.378
1172,20.254,20.243
1173,20.276,20.283
1174,20.269,20.278
1175,20.236,20.240
1176,20.210,20.220
1177,20.087,20.091
1178,20.294,20.314
1179,20.283,20.311
1180,20.211,20.233
1181,20.242,20.278
1182,20.195,20.197
1183,20.354,20.358
1184,20.410,20.433
1185,20.486,20.489
1186,20.598,20.596
1187,20.750,20.752
1188,20.756,20.762
1189,20.922,20.930
1190,20.918,20.907
1191,21.022,21.021
1192,21.034,20.992
1193,21.010,20.945
1194,21.012,20.980
1195,20.943,20.897
1196,20.909,20.863
1197,20.948,20.899
1198,21.085,21.026
1199,21.167,21.114
1200,21.276,21.227
1201,21.394,21.349
1202,21.357,21.311
1203,21.403,21.356
1204,21.391,21.335
1205,21.389,21.336
1206,21.374,21.322
1207,21.394,21.346
1208,21.335,21.259
1209,21.338,21.276
1210,21.326,21.259
1211,21.255,21.195
1212,21.314,21.248
1213,21.266,21.190
1214,21.247,21.168
1215,21.295,21.214
1216,21.270,21.157
1217,21.382,21.298
1218,21.411,21.337
1219,21.408,21.344
1220,21.415,21.354
1221,21.326,21.216
1222,21.446,21.375
1223,21.481,21.389
1224,21.534,21.468
1225,21.594,21.526
1226,21.653,21.587
1227,21.677,21.602
1228,21.793,21.710
1229,21.789,21.704
1230,21.742,21.663
1231,21.650,21.570
1232,21.615,21.533
1233,21.678,21.584
1234,21.666,21.568
1235,21.652,21.551
1236,21.617,21.514
1237,21.606,21.507
1238,21.462,21.345
1239,21.483,21.381
1240,21.472,21.373
1241,21.400,21.269
1242,21.457,21.340
1243,21.321,21.180
1244,21.300,21.182
1245,21.243,21.131
1246,21.277,21.166
1247,21.196,21.086
1248,21.140,21.027
1249,21.156,21.045
1250,21.220,21.119
1251,21.231,21.121
1252,21.172,21.064
1253,21.174,21.079
1254,21.139,21.030
1255,21.145,21.034
1256,21.153,21.034
1257,21.168,21.048
1258,21.178,21.062
1259,21.149,21.040
1260,21.023,20.901
1261,21.069,20.953
1262,21.057,20.930
1263,21.111,20.984
1264,21.002,20.865
1265,21.032,20.919
1266,20.968,20.858
1267,21.005,20.899
1268,20.888,20.767
1269,20.852,20.729
1270,20.880,20.760
1271,20.922,20.804
1272,20.897,20.765
1273,20.914,20.783
1274,20.836,20.693
1275,20.878,20.758
1276,20.889,20.774
1277,20.798,20.658
1278,20.819,20.683
1279,20.736,20.595
1280,20.777,20.660
1281,20.749,20.634
1282,20.673,20.539
1283,20.739,20.609
1284,20.703,20.557
1285,20.743,20.618
1286,20.698,20.558
1287,20.679,20.533
1288,20.754,20.629
1289,20.656,20.517
1290,20.726,20.601
1291,20.597,20.459
1292,20.663,20.540
1293,20.595,20.462
1294,20.628,20.498
1295,20.551,20.420
1296,20.479,20.340
1297,20.495,20.359
1298,20.485,20.349
1299,20.528,20.403
1300,20.448,20.307
1301,20.440,20.292
1302,20.408,20.270
1303,20.457,20.341
1304,20.434,20.320
1305,20.454,20.349
1306,20.394,20.280
1307,20.377,20.259
1308,20.393,20.275
1309,20.355,20.235
1310,20.412,20.295
1311,20.467,20.371
1312,20.402,20.287
1313,20.405,20.311
1314,20.394,20.302
1315,20.318,20.209
1316,20.301,20.192
1317,20.317,20.216
1318,20.245,20.134
1319,20.227,20.102
1320,20.183,20.067
1321,20.154,20.032
1322,20.142,20.023
1323,20.152,20.034
1324,20.146,20.030
1325,20.057,19.934
1326,20.015,19.882
1327,20.034,19.912
1328,20.001,19.874
1329,19.988,19.858
1330,19.936,19.800
1331,19.963,19.839
1332,19.924,19.794
1333,19.935,19.802
1334,19.945,19.825
1335,19.953,19.839
1336,19.911,19.780
1337,19.930,19.811
1338,19.921,19.801
1339,19.866,19.728
1340,19.855,19.730
1341,19.824,19.701
1342,19.831,19.702
1343,19.836,19.711
1344,19.809,19.675
1345,19.813,19.686
1346,19.786,19.668
1347,19.789,19.661
1348,19.753,19.619
1349,19.743,19.613
1350,19.752,19.625
1351,19.735,19.610
1352,19.697,19.569
1353,19.703,19.567
1354,19.676,19.536
1355,19.678,19.548
1356,19.654,19.512
1357,19.657,19.521
1358,19.714,19.572
1359,19.756,19.620
1360,19.743,19.607
1361,19.720,19.580
1362,19.721,19.573
1363,19.672,19.529
1364,19.608,19.466
1365,19.627,19.476
1366,19.647,19.503
1367,19.623,19.478
1368,19.638,19.497
1369,19.647,19.502
1370,19.659,19.520
1371,19.653,19.530
1372,19.662,19.543
1373,19.730,19.616
1374,19.729,19.612
1375,19.764,19.643
1376,19.754,19.636
1377,19.740,19.620
1378,19.713,19.579
1379,19.721,19.572
1380,19.725,19.591
1381,19.731,19.605
1382,19.730,19.598
1383,19.727,19.593
1384,19.730,19.597
1385,19.723,19.593
1386,19.703,19.583
1387,19.705,19.577
1388,19.682,19.556
1389,19.664,19.522
1390,19.612,19.478
1391,19.580,19.449
1392,19.520,19.395
1393,19.487,19.357
1394,19.457,19.334
1395,19.401,19.276
1396,19.374,19.259
1397,19.287,19.169
1398,19.291,19.174
1399,19.313,19.197
1400,19.300,19.189
1401,19.314,19.193
1402,19.255,19.149
1403,19.213,19.112
1404,19.230,19.120
1405,19.204,19.101
1406,19.166,19.065
1407,19.186,19.083
1408,19.149,19.048
1409,19.119,19.005
1410,19.096,18.985
1411,19.123,19.021
1412,19.179,19.073
1413,19.137,19.036
1414,19.183,19.089
1415,19.191,19.092
1416,19.223,19.125
1417,19.234,19.131
1418,19.389,19.281
1419,19.478,19.363
1420,19.570,19.464
1421,19.567,19.448
1422,19.671,19.558
1423,19.765,19.658
1424,19.828,19.707
1425,19.953,19.837
1426,20.010,19.886
1427,20.023,19.902
1428,20.153,20.030
1429,20.372,20.239
1430,20.565,20.417
1431,20.710,20.565
1432,20.819,20.665
1433,20.720,20.571
1434,20.759,20.613
1435,20.711,20.565
1436,20.646,20.504
1437,20.619,20.476
1438,20.607,20.476
1439,20.555,20.417
1440,20.581,20.442
1441,20.642,20.503
1442,20.702,20.562
1443,20.695,20.550
1444,20.742,20.587
1445,20.765,20.606
1446,20.786,20.629
1447,20.775,20.616
1448,20.803,20.636
1449,20.784,20.616
1450,20.799,20.630
1451,20.766,20.597
1452,20.769,20.604
1453,20.769,20.592
1454,20.787,20.614
1455,20.774,20.589
1456,20.764,20.587
1457,20.804,20.629
1458,20.780,20.606
1459,20.771,20.600
1460,20.749,20.568
1461,20.756,20.580
1462,20.766,20.602
1463,20.768,20.589
1464,20.756,20.584
1465,20.745,20.572
1466,20.710,20.526
1467,20.712,20.542
1468,20.674,20.500
1469,20.655,20.480
1470,20.609,20.431
1471,20.571,20.400
1472,20.529,20.358
1473,20.512,20.345
1474,20.479,20.304
1475,20.453,20.288
1476,20.430,20.256
1477,20.403,20.239
1478,20.365,20.183
1479,20.350,20.180
1480,20.333,20.155
1481,20.312,20.146
1482,20.274,20.096
1483,20.268,20.100
1484,20.265,20.099
1485,20.221,20.053
1486,20.203,20.037
1487,20.200,20.027
1488,20.174,20.000
1489,20.183,20.027
1490,20.150,19.978
1491,20.155,19.990
1492,20.099,19.935
1493,20.106,19.947
1494,20.081,19.913
1495,20.061,19.891
1496,20.066,19.913
1497,20.038,19.876
1498,20.038,19.880
1499,20.020,19.849
1500,20.002,19.841
1501,19.959,19.801
1502,19.975,19.821
1503,19.937,19.775
1504,19.947,19.788
1505,19.912,19.754
1506,19.931,19.773
1507,19.887,19.723
1508,19.878,19.725
1509,19.839,19.685
1510,19.847,19.698
1511,19.853,19.695
1512,19.843,19.693
1513,19.809,19.652
1514,19.800,19.650
1515,19.775,19.616
1516,19.772,19.624
1517,19.772,19.614
1518,19.755,19.608
1519,19.730,19.584
1520,19.714,19.573
1521,19.697,19.546
1522,19.698,19.558
1523,19.664,19.517
1524,19.662,19.525
1525,19.629,19.485
1526,19.626,19.482
1527,19.599,19.457
1528,19.621,19.487
1529,19.722,19.580
1530,19.752,19.599
1531,19.795,19.647
1532,19.770,19.624
1533,19.751,19.605
1534,19.715,19.561
1535,19.712,19.571
1536,19.692,19.539
1537,19.701,19.552
1538,19.690,19.522
1539,19.693,19.530
1540,19.686,19.542
1541,19.710,19.557
1542,19.697,19.553
1543,19.825,19.735
1544,19.794,19.704
1545,19.791,19.698
1546,19.760,19.662
1547,19.757,19.647
1548,19.737,19.631
1549,19.708,19.582
1550,19.714,19.592
1551,19.703,19.566
1552,19.718,19.588
1553,19.729,19.608
1554,19.724,19.598
1555,19.723,19.600
1556,19.737,19.607
1557,19.706,19.569
1558,19.712,19.576
1559,19.699,19.570
1560,19.717,19.585
1561,19.686,19.549
1562,19.693,19.550
1563,19.707,19.575
1564,19.694,19.552
1565,19.704,19.574
1566,19.701,19.571
1567,19.699,19.568
1568,19.691,19.547
1569,19.706,19.576
1570,19.690,19.560
1571,19.693,19.555
1572,19.698,19.563
1573,19.715,19.578
1574,19.698,19.563
1575,19.716,19.588
1576,19.702,19.552
1577,19.693,19.563
1578,19.699,19.556
1579,19.702,19.574
1580,19.713,19.573
1581,19.706,19.561
1582,19.693,19.560
1583,19.671,19.528
1584,19.689,19.555
1585,19.696,19.566
1586,19.700,19.554
1587,19.672,19.532
1588,19.683,19.544
1589,19.673,19.538
1590,19.688,19.544
1591,19.699,19.562
1592,19.683,19.555
1593,19.660,19.524
1594,19.667,19.518
1595,19.680,19.538
1596,19.671,19.532
1597,19.657,19.510
1598,19.651,19.507
1599,19.667,19.509
1600,19.657,19.509
1601,19.664,19.528
1602,19.649,19.511
1603,19.648,19.499
1604,19.639,19.502
1605,19.632,19.490
1606,19.628,19.484
1607,19.627,19.483
1608,19.640,19.500
1609,19.646,19.509
1610,19.636,19.493
1611,19.635,19.494
1612,19.623,19.477
1613,19.625,19.485
1614,19.633,19.500
1615,19.624,19.487
1616,19.618,19.483
1617,19.600,19.458
1618,19.616,19.483
1619,19.751,19.608
1620,19.765,19.632
1621,19.783,19.640
1622,19.774,19.634
1623,19.760,19.616
1624,19.732,19.599
1625,19.734,19.588
1626,19.713,19.565
1627,19.728,19.590
1628,19.731,19.590
1629,19.734,19.589
1630,19.720,19.569
1631,19.767,19.628
1632,19.785,19.631
1633,19.806,19.659
1634,19.817,19.670
1635,19.843,19.698
1636,19.903,19.743
1637,19.932,19.780
1638,19.971,19.813
1639,20.000,19.848
1640,20.044,19.883
1641,20.061,19.908
1642,20.071,19.922
1643,20.091,19.931
1644,20.118,19.951
1645,20.135,19.975
1646,20.135,19.976
1647,20.158,19.993
1648,20.181,20.024
1649,20.220,20.064
1650,20.249,20.078
1651,20.267,20.099
1652,20.217,20.060
1653,20.225,20.069
1654,20.202,20.033
1655,20.236,20.071
1656,20.264,20.099
1657,20.302,20.133
1658,20.194,20.026
1659,20.206,20.050
1660,20.181,20.033
1661,20.194,20.036
1662,20.195,20.033
1663,20.209,20.041
1664,20.197,20.038
1665,20.195,20.037
1666,20.195,20.046
1667,20.205,20.036
1668,20.211,20.050
1669,20.206,20.051
1670,20.177,20.021
1671,20.177,20.013
1672,20.213,20.056
1673,20.214,20.056
1674,20.205,20.041
1675,20.194,20.028
1676,20.194,20.037
1677,20.203,20.030
1678,20.201,20.044
1679,20.194,20.028
1680,20.196,20.038
1681,20.193,20.029
1682,20.177,20.010
1683,20.176,20.017
1684,20.173,20.007
1685,20.180,20.023
1686,20.172,20.019
1687,20.169,20.004
1688,20.139,19.978
1689,20.158,20.003
1690,20.163,19.997
1691,20.176,20.017
1692,20.166,20.008
1693,20.147,19.988
1694,20.131,19.964
1695,20.137,19.977
1696,20.154,19.996
1697,20.152,19.995
1698,20.137,19.973
1699,20.123,19.974
1700,20.119,19.958
1701,20.112,19.950
1702,20.127,19.970
1703,20.102,19.943
1704,20.108,19.962
1705,20.088,19.925
1706,20.091,19.937
1707,20.097,19.930
1708,20.085,19.935
1709,20.104,19.948
1710,20.072,19.907
1711,20.070,19.911
1712,20.055,19.904
1713,20.081,19.923
1714,20.076,19.921
1715,20.081,19.930
1716,20.050,19.896
1717,20.070,19.919
1718,20.045,19.886
1719,20.069,19.915
1720,20.048,19.891
1721,20.064,19.909
1722,20.051,19.899
1723,20.026,19.863
1724,20.018,19.861
1725,20.026,19.884
1726,20.009,19.848
1727,19.991,19.840
1728,19.952,19.790
1729,19.960,19.810
1730,19.943,19.800
1731,19.914,19.757
1732,19.922,19.776
1733,19.903,19.756
1734,19.863,19.717
1735,19.855,19.710
1736,19.827,19.677
1737,19.821,19.666
1738,19.790,19.653
1739,19.809,19.670
1740,19.750,19.605
1741,19.768,19.629
1742,19.726,19.588
1743,19.737,19.593
1744,19.705,19.565
1745,19.709,19.561
1746,19.683,19.551
1747,19.692,19.546
1748,19.696,19.560
1749,19.697,19.561
1750,19.669,19.526
1751,19.691,19.554
1752,19.674,19.543
1753,19.648,19.506
1754,19.648,19.514
1755,19.633,19.496
1756,19.637,19.512
1757,19.717,19.575
1758,19.729,19.590
1759,19.766,19.635
1760,19.730,19.599
1761,19.696,19.554
1762,19.690,19.561
1763,19.694,19.552
1764,19.672,19.532
1765,19.678,19.548
1766,19.663,19.515
1767,19.661,19.524
1768,19.647,19.503
1769,19.659,19.513
1770,19.658,19.519
1771,19.661,19.525
1772,19.635,19.498
1773,19.649,19.507
1774,19.648,19.512
1775,19.643,19.507
1776,19.624,19.492
1777,19.638,19.507
1778,19.624,19.488
1779,19.630,19.498
1780,19.608,19.474
1781,19.627,19.490
1782,19.596,19.463
1783,19.614,19.494
1784,19.610,19.484
1785,19.611,19.498
1786,19.603,19.490
1787,19.598,19.477
1788,19.599,19.485
1789,19.598,19.484
1790,19.601,19.490
1791,19.568,19.445
1792,19.580,19.461
1793,19.831,19.741
1794,19.773,19.675
1795,19.840,19.752
1796,19.726,19.625
1797,19.739,19.645
1798,19.709,19.608
1799,19.681,19.579
1800,19.660,19.551
1801,19.662,19.554
1802,19.658,19.553
1803,19.665,19.557
1804,19.666,19.559
1805,19.712,19.619
1806,19.760,19.668
1807,19.772,19.678
1808,19.823,19.723
1809,19.845,19.749
1810,19.922,19.820
1811,19.937,19.838
1812,19.998,19.901
1813,20.006,19.902
1814,20.051,19.943
1815,20.078,19.956
1816,20.142,20.032
1817,20.180,20.078
1818,20.193,20.088
1819,20.204,20.091
1820,20.238,20.137
1821,20.258,20.153
1822,20.296,20.195
1823,20.284,20.173
1824,20.283,20.169
1825,20.309,20.203
1826,20.345,20.242
1827,20.380,20.279
1828,20.383,20.280
1829,20.301,20.185
1830,20.279,20.167
1831,20.261,20.156
1832,20.271,20.180
1833,20.248,20.148
1834,20.243,20.150
1835,20.231,20.135
1836,20.210,20.120
1837,20.223,20.127
1838,20.217,20.121
1839,20.199,20.096
1840,20.191,20.096
1841,20.166,20.067
1842,20.202,20.107
1843,20.194,20.090
1844,20.189,20.084
1845,20.189,20.087
1846,20.171,20.067
1847,20.127,20.020
1848,20.144,20.039
1849,20.148,20.046
1850,20.155,20.060
1851,20.136,20.049
1852,20.140,20.046
1853,20.144,20.048
1854,20.111,20.019
1855,20.121,20.027
1856,20.121,20.033
1857,20.124,20.027
1858,20.075,19.986
1859,20.084,19.991
1860,20.053,19.963
1861,20.082,19.985
1862,20.060,19.970
1863,20.089,19.997
1864,20.099,20.006
1865,20.100,20.002
1866,20.078,19.976
1867,20.076,19.977
1868,20.019,19.924
