0,8.122,10.930
1,8.135,10.966
2,8.119,10.940
3,8.139,10.969
4,8.125,10.945
5,8.113,10.939
6,8.106,10.930
7,8.114,10.939
8,8.099,10.917
9,8.107,10.932
10,8.121,10.960
11,8.082,10.912
12,8.100,10.936
13,8.117,10.954
14,8.091,10.924
15,8.093,10.936
16,8.080,10.921
17,8.068,10.922
18,8.044,10.879
19,8.064,10.925
20,8.020,10.859
21,8.016,10.871
22,8.001,10.845
23,8.018,10.863
24,8.113,10.915
25,8.130,10.934
26,8.137,10.922
27,8.162,10.984
28,8.140,10.953
29,8.156,10.977
30,8.145,10.969
31,8.139,10.942
32,8.199,11.020
33,8.234,11.036
34,8.272,11.048
35,8.302,11.080
36,8.352,11.118
37,8.357,11.116
38,8.409,11.182
39,8.367,11.111
40,8.394,11.157
41,8.408,11.163
42,8.373,11.125
43,8.373,11.103
44,8.355,11.102
45,8.337,11.101
46,8.299,11.063
47,8.287,11.048
48,8.311,11.081
49,8.307,11.060
50,8.299,11.036
51,8.310,11.094
52,8.306,11.071
53,8.305,11.064
54,8.321,11.092
55,8.313,11.099
56,8.319,11.083
57,8.323,11.093
58,8.312,11.073
59,8.321,11.087
60,8.330,11.100
61,8.312,11.085
62,8.338,11.111
63,8.313,11.078
64,8.326,11.107
65,8.311,11.096
66,8.357,11.155
67,8.322,11.087
68,8.325,11.093
69,8.338,11.118
70,8.313,11.078
71,8.381,11.178
72,8.381,11.168
73,8.369,11.163
74,8.368,11.146
75,8.391,11.183
76,8.385,11.177
77,8.363,11.142
78,8.383,11.170
79,8.373,11.168
80,8.362,11.147
81,8.391,11.203
82,8.407,11.209
83,8.400,11.188
84,8.386,11.161
85,8.393,11.189
86,8.399,11.197
87,8.383,11.176
88,8.387,11.177
89,8.413,11.198
90,8.395,11.170
91,8.413,11.217
92,8.426,11.221
93,8.426,11.220
94,8.424,11.219
95,8.432,11.236
96,8.429,11.213
97,8.416,11.223
98,8.396,11.185
99,8.413,11.213
100,8.397,11.191
101,8.400,11.195
102,8.396,11.183
103,8.410,11.211
104,8.407,11.194
105,8.413,11.222
106,8.405,11.205
107,8.382,11.193
108,8.372,11.188
109,8.356,11.154
110,8.366,11.186
111,8.337,11.157
112,8.334,11.152
113,8.322,11.131
114,8.326,11.167
115,8.332,11.164
116,8.320,11.161
117,8.313,11.153
118,8.279,11.119
119,8.278,11.145
120,8.277,11.141
121,8.284,11.174
122,8.266,11.153
123,8.211,11.100
124,8.246,11.146
125,8.212,11.108
126,8.199,11.106
127,8.198,11.118
128,8.158,11.080
129,8.260,11.139
130,8.266,11.153
131,8.264,11.133
132,8.226,11.128
133,8.227,11.123
134,8.252,11.145
135,8.250,11.145
136,8.255,11.164
137,8.226,11.132
138,8.251,11.150
139,8.234,11.128
140,8.254,11.145
141,8.335,11.184
142,8.341,11.202
143,8.363,11.205
144,8.359,11.202
145,8.364,11.216
146,8.343,11.207
147,8.359,11.209
148,8.354,11.207
149,8.344,11.192
150,8.352,11.192
151,8.356,11.203
152,8.347,11.193
153,8.362,11.209
154,8.361,11.221
155,8.376,11.242
156,8.398,11.259
157,8.394,11.255
158,8.391,11.248
159,8.371,11.220
160,8.369,11.228
161,8.399,11.247
162,8.391,11.234
163,8.379,11.223
164,8.397,11.247
165,8.400,11.248
166,8.390,11.227
167,8.394,11.252
168,8.399,11.228
169,8.400,11.246
170,8.405,11.258
171,8.424,11.287
172,8.421,11.279
173,8.433,11.273
174,8.405,11.225
175,8.414,11.254
176,8.453,11.298
177,8.450,11.280
178,8.428,11.259
179,8.487,11.339
180,8.464,11.286
181,8.505,11.323
182,8.504,11.300
183,8.530,11.323
184,8.531,11.313
185,8.576,11.363
186,8.604,11.385
187,8.581,11.337
188,8.609,11.390
189,8.638,11.408
190,8.640,11.404
191,8.652,11.421
192,8.586,11.349
193,8.602,11.392
194,8.576,11.360
195,8.662,11.444
196,8.645,11.432
197,8.656,11.421
198,8.595,11.367
199,8.584,11.351
200,8.612,11.393
201,8.595,11.379
202,8.599,11.365
203,8.627,11.414
204,8.629,11.414
205,8.595,11.359
206,8.625,11.397
207,8.614,11.384
208,8.639,11.411
209,8.613,11.396
210,8.638,11.427
211,8.635,11.418
212,8.638,11.418
213,8.630,11.424
214,8.627,11.392
215,8.646,11.422
216,8.646,11.425
217,8.670,11.466
218,8.632,11.414
219,8.642,11.426
220,8.661,11.444
221,8.646,11.426
222,8.660,11.449
223,8.646,11.419
224,8.647,11.418
225,8.643,11.413
226,8.641,11.423
227,8.652,11.434
228,8.657,11.443
229,8.641,11.417
230,8.650,11.420
231,8.634,11.403
232,8.641,11.407
233,8.656,11.423
234,8.662,11.420
235,8.642,11.409
236,8.650,11.432
237,8.632,11.397
238,8.665,11.450
239,8.648,11.418
240,8.645,11.427
241,8.624,11.404
242,8.650,11.439
243,8.642,11.436
244,8.648,11.438
245,8.627,11.420
246,8.643,11.429
247,8.635,11.414
248,8.632,11.419
249,8.634,11.423
250,8.618,11.408
251,8.630,11.418
252,8.590,11.385
253,8.618,11.409
254,8.585,11.385
255,8.586,11.384
256,8.563,11.363
257,8.602,11.415
258,8.587,11.412
259,8.565,11.381
260,8.554,11.385
261,8.535,11.349
262,8.515,11.356
263,8.493,11.307
264,8.495,11.334
265,8.463,11.300
266,8.458,11.297
267,8.450,11.298
268,8.424,11.304
269,8.415,11.281
270,8.429,11.307
271,8.378,11.242
272,8.376,11.247
273,8.364,11.247
274,8.350,11.242
275,8.357,11.257
276,8.334,11.233
277,8.281,11.178
278,8.320,11.239
279,8.276,11.188
280,8.260,11.201
281,8.246,11.169
282,8.352,11.255
283,8.349,11.234
284,8.349,11.233
285,8.304,11.212
286,8.296,11.196
287,8.288,11.216
288,8.374,11.266
289,8.375,11.254
290,8.408,11.276
291,8.396,11.284
292,8.348,11.232
293,8.383,11.280
294,8.369,11.260
295,8.360,11.244
296,8.376,11.250
297,8.396,11.284
298,8.377,11.268
299,8.376,11.259
300,8.382,11.273
301,8.329,11.196
302,8.332,11.194
303,8.334,11.212
304,8.407,11.313
305,8.395,11.290
306,8.381,11.270
307,8.391,11.298
308,8.359,11.244
309,8.383,11.279
310,8.377,11.271
311,8.365,11.253
312,8.396,11.307
313,8.378,11.265
314,8.398,11.306
315,8.367,11.257
316,8.398,11.297
317,8.376,11.266
318,8.390,11.290
319,8.371,11.262
320,8.393,11.276
321,8.389,11.277
322,8.421,11.313
323,8.416,11.280
324,8.408,11.277
325,8.431,11.307
326,8.422,11.291
327,8.466,11.345
328,8.468,11.326
329,8.469,11.318
330,8.501,11.367
331,8.521,11.361
332,8.529,11.368
333,8.554,11.384
334,8.597,11.423
335,8.568,11.368
336,8.613,11.425
337,8.625,11.417
338,8.628,11.418
339,8.658,11.435
340,8.684,11.465
341,8.688,11.473
342,8.695,11.472
343,8.711,11.486
344,8.717,11.480
345,8.692,11.489
346,8.654,11.423
347,8.637,11.421
348,8.670,11.442
349,8.661,11.434
350,8.696,11.484
351,8.596,11.386
352,8.577,11.373
353,8.575,11.375
354,8.593,11.394
355,8.600,11.408
356,8.591,11.403
357,8.591,11.394
358,8.607,11.408
359,8.587,11.374
360,8.604,11.400
361,8.578,11.370
362,8.593,11.374
363,8.585,11.384
364,8.601,11.386
365,8.585,11.382
366,8.578,11.347
367,8.553,11.323
368,8.552,11.337
369,8.547,11.326
370,8.571,11.353
371,8.541,11.313
372,8.575,11.374
373,8.562,11.338
374,8.563,11.344
375,8.572,11.365
376,8.569,11.373
377,8.560,11.332
378,8.562,11.364
379,8.566,11.362
380,8.566,11.356
381,8.552,11.348
382,8.544,11.333
383,8.573,11.367
384,8.546,11.325
385,8.551,11.328
386,8.563,11.351
387,8.568,11.342
388,8.564,11.349
389,8.561,11.349
390,8.583,11.377
391,8.596,11.396
392,8.555,11.323
393,8.569,11.358
394,8.583,11.385
395,8.582,11.390
396,8.573,11.374
397,8.579,11.384
398,8.579,11.388
399,8.568,11.361
400,8.555,11.358
401,8.518,11.307
402,8.560,11.375
403,8.557,11.363
404,8.558,11.377
405,8.541,11.372
406,8.528,11.347
407,8.527,11.341
408,8.501,11.307
409,8.513,11.339
410,8.504,11.344
411,8.527,11.367
412,8.482,11.341
413,8.437,11.282
414,8.439,11.284
415,8.425,11.282
416,8.399,11.262
417,8.406,11.267
418,8.380,11.249
419,8.381,11.263
420,8.380,11.271
421,8.371,11.257
422,8.343,11.243
423,8.296,11.196
424,8.303,11.220
425,8.252,11.160
426,8.351,11.246
427,8.390,11.296
428,8.378,11.259
429,8.365,11.269
430,8.312,11.222
431,8.303,11.205
432,8.317,11.232
433,8.315,11.225
434,8.318,11.216
435,8.397,11.257
436,8.405,11.236
437,8.442,11.280
438,8.424,11.294
439,8.399,11.253
440,8.419,11.276
441,8.444,11.322
442,8.433,11.313
443,8.413,11.284
444,8.399,11.267
445,8.416,11.300
446,8.392,11.254
447,8.401,11.259
448,8.414,11.276
449,8.412,11.288
450,8.419,11.288
451,8.405,11.273
452,8.397,11.267
453,8.400,11.264
454,8.415,11.289
455,8.409,11.265
456,8.423,11.288
457,8.395,11.278
458,8.403,11.279
459,8.418,11.282
460,8.427,11.315
461,8.418,11.276
462,8.416,11.300
463,8.403,11.279
464,8.408,11.271
465,8.407,11.271
466,8.443,11.332
467,8.406,11.250
468,8.444,11.309
469,8.445,11.288
470,8.467,11.307
471,8.464,11.324
472,8.459,11.294
473,8.480,11.292
474,8.521,11.345
475,8.534,11.356
476,8.537,11.334
477,8.556,11.335
478,8.604,11.399
479,8.623,11.413
480,8.614,11.397
481,8.658,11.433
482,8.681,11.447
483,8.675,11.440
484,8.699,11.462
485,8.684,11.416
486,8.659,11.428
487,8.668,11.425
488,8.667,11.428
489,8.637,11.413
490,8.607,11.375
491,8.614,11.380
492,8.667,11.444
493,8.657,11.414
494,8.667,11.435
495,8.629,11.405
496,8.626,11.416
497,8.613,11.380
498,8.635,11.426
499,8.620,11.412
500,8.610,11.402
501,8.609,11.386
502,8.588,11.360
503,8.598,11.371
504,8.593,11.371
505,8.602,11.386
506,8.599,11.377
507,8.613,11.398
508,8.611,11.386
509,8.633,11.425
510,8.621,11.407
511,8.612,11.407
512,8.616,11.400
513,8.593,11.374
514,8.602,11.388
515,8.601,11.383
516,8.614,11.404
517,8.607,11.381
518,8.587,11.378
519,8.595,11.382
520,8.621,11.427
521,8.592,11.371
522,8.600,11.389
523,8.600,11.389
524,8.629,11.421
525,8.608,11.387
526,8.622,11.410
527,8.621,11.408
528,8.633,11.425
529,8.638,11.438
530,8.621,11.420
531,8.629,11.433
532,8.623,11.427
533,8.604,11.396
534,8.616,11.417
535,8.616,11.420
536,8.587,11.363
537,8.608,11.416
538,8.609,11.404
539,8.597,11.388
540,8.611,11.409
541,8.589,11.387
542,8.593,11.382
543,8.596,11.396
544,8.585,11.377
545,8.571,11.374
546,8.575,11.384
547,8.560,11.369
548,8.545,11.374
549,8.532,11.346
550,8.524,11.337
551,8.521,11.346
552,8.500,11.333
553,8.493,11.322
554,8.464,11.284
555,8.456,11.276
556,8.439,11.276
557,8.472,11.331
558,8.436,11.280
559,8.423,11.285
560,8.420,11.312
561,8.395,11.277
562,8.374,11.265
563,8.363,11.239
564,8.356,11.247
565,8.349,11.254
566,8.316,11.220
567,8.305,11.211
568,8.301,11.212
569,8.300,11.230
570,8.384,11.252
571,8.380,11.261
572,8.401,11.301
573,8.335,11.235
574,8.323,11.216
575,8.305,11.199
576,8.316,11.241
577,8.289,11.210
578,8.292,11.209
579,8.367,11.253
580,8.403,11.278
581,8.418,11.305
582,8.406,11.285
583,8.385,11.264
584,8.368,11.239
585,8.395,11.283
586,8.417,11.312
587,8.362,11.239
588,8.371,11.239
589,8.393,11.259
590,8.393,11.278
591,8.401,11.279
592,8.380,11.270
593,8.378,11.272
594,8.387,11.276
595,8.373,11.243
596,8.374,11.253
597,8.394,11.279
598,8.388,11.266
599,8.364,11.245
600,8.395,11.293
601,8.387,11.253
602,8.385,11.269
603,8.376,11.248
604,8.389,11.282
605,8.371,11.236
606,8.360,11.234
607,8.383,11.271
608,8.375,11.273
609,8.363,11.239
610,8.351,11.218
611,8.391,11.258
612,8.392,11.278
613,8.395,11.265
614,8.417,11.299
615,8.438,11.322
616,8.420,11.286
617,8.446,11.317
618,8.455,11.318
619,8.483,11.336
620,8.506,11.347
621,8.524,11.362
622,8.550,11.383
623,8.562,11.387
624,8.580,11.388
625,8.633,11.430
626,8.637,11.432
627,8.643,11.437
628,8.670,11.451
629,8.678,11.459
630,8.690,11.452
631,8.715,11.494
632,8.723,11.510
633,8.663,11.437
634,8.638,11.429
635,8.640,11.422
636,8.679,11.460
637,8.682,11.451
638,8.688,11.464
639,8.622,11.412
640,8.618,11.438
641,8.577,11.377
642,8.615,11.423
643,8.625,11.428
644,8.598,11.376
645,8.614,11.407
646,8.611,11.407
647,8.628,11.424
648,8.592,11.382
649,8.622,11.415
650,8.635,11.426
651,8.626,11.410
652,8.626,11.430
653,8.628,11.431
654,8.623,11.406
655,8.627,11.426
656,8.635,11.423
657,8.608,11.406
658,8.624,11.399
659,8.618,11.402
660,8.612,11.402
661,8.616,11.406
662,8.608,11.399
663,8.629,11.417
664,8.623,11.412
665,8.613,11.386
666,8.629,11.429
667,8.621,11.399
668,8.629,11.440
669,8.623,11.392
670,8.606,11.388
671,8.623,11.424
672,8.622,11.415
673,8.605,11.386
674,8.631,11.429
675,8.617,11.407
676,8.621,11.407
677,8.614,11.403
678,8.630,11.437
679,8.633,11.429
680,8.625,11.420
681,8.610,11.394
682,8.621,11.421
683,8.621,11.409
684,8.605,11.390
685,8.625,11.410
686,8.601,11.391
687,8.620,11.419
688,8.616,11.412
689,8.601,11.397
690,8.602,11.397
691,8.583,11.380
692,8.600,11.409
693,8.577,11.370
694,8.580,11.380
695,8.595,11.397
696,8.550,11.366
697,8.546,11.353
698,8.585,11.412
699,8.531,11.367
700,8.512,11.335
701,8.499,11.330
702,8.487,11.330
703,8.513,11.368
704,8.449,11.284
705,8.451,11.300
706,8.418,11.273
707,8.402,11.273
708,8.396,11.254
709,8.389,11.272
710,8.381,11.242
711,8.340,11.225
712,8.343,11.241
713,8.321,11.230
714,8.318,11.229
715,8.316,11.218
716,8.307,11.227
717,8.293,11.202
718,8.287,11.207
719,8.271,11.194
720,8.343,11.241
721,8.348,11.252
722,8.405,11.302
723,8.349,11.216
724,8.359,11.246
725,8.328,11.221
726,8.320,11.219
727,8.308,11.206
728,8.321,11.230
729,8.319,11.222
730,8.338,11.261
731,8.330,11.250
732,8.436,11.298
733,8.418,11.276
734,8.481,11.328
735,8.455,11.327
736,8.436,11.289
737,8.417,11.275
738,8.438,11.295
739,8.453,11.338
740,8.448,11.310
741,8.422,11.276
742,8.439,11.300
743,8.442,11.308
744,8.422,11.276
745,8.420,11.274
746,8.423,11.265
747,8.436,11.306
748,8.434,11.293
749,8.394,11.250
750,8.434,11.303
751,8.457,11.342
752,8.431,11.285
753,8.424,11.293
754,8.422,11.296
755,8.415,11.284
756,8.403,11.275
757,8.419,11.284
758,8.404,11.262
759,8.425,11.294
760,8.423,11.300
761,8.418,11.279
762,8.432,11.302
763,8.435,11.295
764,8.443,11.299
765,8.428,11.280
766,8.437,11.292
767,8.439,11.296
768,8.458,11.300
769,8.475,11.321
770,8.489,11.341
771,8.502,11.348
772,8.516,11.347
773,8.548,11.372
774,8.553,11.364
775,8.583,11.406
776,8.588,11.394
777,8.601,11.408
778,8.636,11.412
779,8.650,11.420
780,8.671,11.444
781,8.667,11.443
782,8.706,11.474
783,8.641,11.421
784,8.657,11.448
785,8.643,11.415
786,8.657,11.418
787,8.709,11.489
788,8.683,11.442
789,8.631,11.411
790,8.615,11.402
791,8.606,11.417
792,8.648,11.456
793,8.611,11.405
794,8.598,11.371
795,8.619,11.428
796,8.601,11.410
797,8.620,11.416
798,8.610,11.408
799,8.616,11.413
800,8.626,11.426
801,8.627,11.412
802,8.612,11.410
803,8.606,11.385
804,8.594,11.374
805,8.608,11.412
806,8.619,11.417
807,8.601,11.395
808,8.611,11.399
809,8.621,11.414
810,8.617,11.407
811,8.602,11.395
812,8.593,11.378
813,8.606,11.400
814,8.617,11.415
815,8.633,11.431
816,8.621,11.430
817,8.615,11.397
818,8.603,11.394
819,8.595,11.381
820,8.590,11.380
821,8.620,11.420
822,8.608,11.398
823,8.601,11.381
824,8.607,11.399
825,8.607,11.413
826,8.603,11.408
827,8.604,11.424
828,8.606,11.410
829,8.614,11.419
830,8.588,11.382
831,8.604,11.390
832,8.581,11.375
833,8.600,11.410
834,8.602,11.389
835,8.621,11.436
836,8.611,11.421
837,8.596,11.396
838,8.603,11.397
839,8.591,11.371
840,8.568,11.351
841,8.585,11.375
842,8.588,11.397
843,8.544,11.329
844,8.561,11.370
845,8.561,11.361
846,8.555,11.366
847,8.543,11.365
848,8.511,11.321
849,8.518,11.342
850,8.504,11.343
851,8.477,11.311
852,8.443,11.266
853,8.461,11.306
854,8.455,11.314
855,8.435,11.311
856,8.422,11.284
857,8.409,11.275
858,8.394,11.267
859,8.371,11.240
860,8.347,11.226
861,8.346,11.228
862,8.348,11.232
863,8.341,11.243
864,8.356,11.264
865,8.321,11.212
866,8.309,11.208
867,8.323,11.234
868,8.300,11.209
869,8.283,11.183
870,8.386,11.255
871,8.397,11.276
872,8.393,11.250
873,8.370,11.238
874,8.379,11.257
875,8.359,11.238
876,8.355,11.254
877,8.354,11.248
878,8.338,11.216
879,8.360,11.254
880,8.342,11.213
881,8.367,11.257
882,8.374,11.275
883,8.372,11.252
884,8.377,11.272
885,8.363,11.245
886,8.365,11.237
887,8.369,11.252
888,8.356,11.233
889,8.371,11.252
890,8.376,11.277
891,8.354,11.248
892,8.358,11.250
893,8.360,11.256
894,8.343,11.233
895,8.348,11.226
896,8.349,11.231
897,8.361,11.248
898,8.341,11.239
899,8.335,11.222
900,8.327,11.197
901,8.343,11.222
902,8.350,11.235
903,8.347,11.237
904,8.346,11.232
905,8.319,11.204
906,8.345,11.226
907,8.350,11.240
908,8.352,11.253
909,8.327,11.194
910,8.363,11.250
911,8.372,11.258
912,8.349,11.245
913,8.356,11.235
914,8.359,11.255
915,8.360,11.260
916,8.348,11.246
917,8.336,11.231
918,8.354,11.252
919,8.348,11.248
920,8.346,11.226
921,8.349,11.213
922,8.356,11.232
923,8.375,11.257
924,8.363,11.239
925,8.385,11.268
926,8.401,11.296
927,8.380,11.242
928,8.401,11.273
929,8.385,11.249
930,8.422,11.281
931,8.451,11.311
932,8.415,11.268
933,8.436,11.293
934,8.435,11.280
935,8.470,11.325
936,8.451,11.253
937,8.491,11.325
938,8.487,11.305
939,8.493,11.303
940,8.504,11.325
941,8.501,11.307
942,8.522,11.358
943,8.529,11.372
944,8.519,11.330
945,8.527,11.332
946,8.546,11.362
947,8.523,11.332
948,8.562,11.374
949,8.534,11.348
950,8.532,11.319
951,8.546,11.359
952,8.551,11.353
953,8.552,11.346
954,8.564,11.357
955,8.574,11.386
956,8.607,11.414
957,8.591,11.380
958,8.583,11.366
959,8.586,11.356
960,8.619,11.403
961,8.607,11.387
962,8.592,11.364
963,8.610,11.394
964,8.600,11.380
965,8.587,11.374
966,8.611,11.403
967,8.606,11.384
968,8.602,11.380
969,8.601,11.368
970,8.587,11.365
971,8.593,11.393
972,8.617,11.405
973,8.608,11.398
974,8.607,11.391
975,8.612,11.396
976,8.609,11.390
977,8.607,11.391
978,8.606,11.408
979,8.607,11.381
980,8.595,11.365
981,8.591,11.365
982,8.602,11.397
983,8.603,11.379
984,8.595,11.377
985,8.610,11.395
986,8.608,11.388
987,8.603,11.361
988,8.621,11.401
989,8.609,11.384
990,8.603,11.386
991,8.590,11.362
992,8.613,11.391
993,8.597,11.378
994,8.618,11.407
995,8.622,11.421
996,8.628,11.416
997,8.594,11.370
998,8.596,11.367
999,8.608,11.398
1000,8.581,11.342
1001,8.600,11.390
1002,8.623,11.406
1003,8.628,11.395
1004,8.603,11.387
1005,8.623,11.425
1006,8.600,11.373
1007,8.633,11.429
1008,8.602,11.378
1009,8.574,11.344
1010,8.589,11.366
1011,8.614,11.401
1012,8.605,11.375
1013,8.582,11.363
1014,8.612,11.405
1015,8.628,11.436
1016,8.596,11.379
1017,8.581,11.349
1018,8.598,11.374
1019,8.573,11.342
1020,8.616,11.397
1021,8.621,11.411
1022,8.595,11.373
1023,8.577,11.341
1024,8.592,11.381
1025,8.610,11.394
1026,8.595,11.381
1027,8.594,11.363
1028,8.594,11.379
1029,8.584,11.359
1030,8.615,11.404
1031,8.596,11.404
1032,8.602,11.381
1033,8.604,11.385
1034,8.614,11.390
1035,8.597,11.376
1036,8.610,11.411
1037,8.602,11.392
1038,8.591,11.387
1039,8.599,11.382
1040,8.590,11.359
1041,8.598,11.375
1042,8.590,11.366
1043,8.587,11.365
1044,8.583,11.367
1045,8.605,11.390
1046,8.603,11.396
1047,8.589,11.363
1048,8.578,11.357
1049,8.599,11.383
1050,8.595,11.380
1051,8.582,11.360
1052,8.590,11.376
1053,8.582,11.358
1054,8.596,11.379
1055,8.571,11.349
1056,8.574,11.356
1057,8.594,11.376
1058,8.592,11.371
1059,8.605,11.412
1060,8.581,11.362
1061,8.616,11.427
1062,8.593,11.370
1063,8.598,11.388
1064,8.560,11.329
1065,8.575,11.346
1066,8.578,11.366
1067,8.585,11.382
1068,8.575,11.343
1069,8.582,11.362
1070,8.576,11.356
1071,8.561,11.331
1072,8.572,11.354
1073,8.593,11.378
1074,8.581,11.363
1075,8.589,11.367
1076,8.569,11.345
1077,8.588,11.379
1078,8.577,11.345
1079,8.598,11.376
1080,8.586,11.358
1081,8.597,11.386
1082,8.584,11.372
1083,8.580,11.362
1084,8.582,11.362
1085,8.577,11.355
1086,8.580,11.367
1087,8.565,11.345
1088,8.589,11.359
1089,8.574,11.354
1090,8.604,11.403
1091,8.594,11.395
1092,8.577,11.360
1093,8.575,11.360
1094,8.589,11.374
1095,8.603,11.402
1096,8.581,11.353
1097,8.578,11.365
1098,8.589,11.381
1099,8.593,11.385
1100,8.577,11.359
1101,8.576,11.346
1102,8.589,11.376
1103,8.576,11.359
1104,8.568,11.336
1105,8.598,11.385
1106,8.585,11.366
1107,8.590,11.358
1108,8.582,11.343
1109,8.600,11.386
1110,8.597,11.374
1111,8.607,11.400
1112,8.593,11.374
1113,8.582,11.362
1114,8.584,11.384
1115,8.593,11.365
1116,8.598,11.366
1117,8.602,11.396
1118,8.616,11.419
1119,8.615,11.410
1120,8.571,11.346
1121,8.607,11.399
1122,8.603,11.388
1123,8.589,11.356
1124,8.624,11.418
1125,8.610,11.400
1126,8.602,11.382
1127,8.603,11.377
1128,8.600,11.375
1129,8.587,11.365
1130,8.609,11.389
1131,8.612,11.406
1132,8.614,11.407
1133,8.596,11.387
1134,8.619,11.417
1135,8.625,11.403
1136,8.619,11.414
1137,8.599,11.391
1138,8.611,11.404
1139,8.602,11.368
1140,8.605,11.375
1141,8.575,11.326
1142,8.598,11.353
1143,8.600,11.374
1144,8.610,11.378
1145,8.619,11.403
1146,8.585,11.353
1147,8.602,11.393
1148,8.607,11.389
1149,8.581,11.345
1150,8.615,11.417
1151,8.608,11.399
1152,8.604,11.398
1153,8.616,11.399
1154,8.590,11.369
1155,8.600,11.367
1156,8.629,11.396
1157,8.608,11.378
1158,8.649,11.428
1159,8.640,11.422
1160,8.608,11.383
1161,8.630,11.406
1162,8.642,11.426
1163,8.643,11.425
1164,8.611,11.393
1165,8.619,11.404
1166,8.610,11.400
1167,8.621,11.393
1168,8.631,11.411
1169,8.629,11.400
1170,8.631,11.419
1171,8.627,11.408
1172,8.614,11.395
1173,8.623,11.407
1174,8.647,11.430
1175,8.632,11.410
1176,8.611,11.384
1177,8.646,11.430
1178,8.618,11.375
1179,8.610,11.381
1180,8.630,11.410
1181,8.614,11.386
1182,8.636,11.404
1183,8.636,11.410
1184,8.623,11.406
1185,8.626,11.391
1186,8.632,11.406
1187,8.643,11.430
1188,8.643,11.424
1189,8.631,11.413
1190,8.646,11.423
1191,8.630,11.409
1192,8.640,11.418
1193,8.631,11.402
1194,8.620,11.371
1195,8.659,11.442
1196,8.640,11.401
1197,8.622,11.388
1198,8.637,11.415
1199,8.649,11.422
1200,8.634,11.408
1201,8.637,11.405
1202,8.649,11.417
1203,8.643,11.413
1204,8.631,11.405
1205,8.611,11.353
1206,8.633,11.396
1207,8.652,11.434
1208,8.640,11.420
1209,8.641,11.401
1210,8.631,11.399
1211,8.646,11.425
1212,8.634,11.403
1213,8.634,11.406
1214,8.637,11.405
1215,8.652,11.429
1216,8.635,11.411
1217,8.640,11.421
1218,8.646,11.435
1219,8.646,11.434
1220,8.649,11.421
1221,8.641,11.416
1222,8.632,11.400
1223,8.641,11.412
1224,8.637,11.405
1225,8.649,11.423
1226,8.635,11.416
1227,8.632,11.393
1228,8.659,11.438
1229,8.638,11.434
1230,8.651,11.424
1231,8.647,11.419
1232,8.635,11.393
1233,8.621,11.393
1234,8.634,11.396
1235,8.649,11.435
1236,8.643,11.408
1237,8.649,11.411
1238,8.666,11.460
1239,8.647,11.424
1240,8.645,11.442
1241,8.634,11.397
1242,8.643,11.418
1243,8.654,11.412
1244,8.641,11.413
1245,8.649,11.408
1246,8.643,11.414
1247,8.659,11.432
1248,8.647,11.420
1249,8.638,11.398
1250,8.640,11.416
1251,8.629,11.405
1252,8.625,11.374
1253,8.636,11.403
1254,8.638,11.410
1255,8.643,11.420
1256,8.641,11.417
1257,8.660,11.442
1258,8.645,11.417
1259,8.641,11.412
1260,8.659,11.437
1261,8.650,11.440
1262,8.657,11.427
1263,8.649,11.418
1264,8.651,11.420
1265,8.645,11.417
1266,8.656,11.425
1267,8.652,11.441
1268,8.643,11.411
1269,8.645,11.414
1270,8.637,11.401
1271,8.657,11.426
1272,8.662,11.446
1273,8.644,11.422
1274,8.654,11.438
1275,8.667,11.447
1276,8.634,11.395
1277,8.649,11.389
1278,8.629,11.389
1279,8.637,11.405
1280,8.636,11.394
1281,8.639,11.419
1282,8.624,11.389
1283,8.653,11.433
1284,8.631,11.396
1285,8.641,11.409
1286,8.647,11.428
1287,8.646,11.424
1288,8.631,11.387
1289,8.638,11.419
1290,8.633,11.404
1291,8.653,11.438
1292,8.639,11.420
1293,8.655,11.439
1294,8.647,11.421
1295,8.666,11.446
1296,8.684,11.492
1297,8.655,11.438
1298,8.655,11.416
1299,8.651,11.429
1300,8.634,11.404
1301,8.661,11.458
1302,8.637,11.407
1303,8.619,11.397
1304,8.629,11.391
1305,8.622,11.396
1306,8.614,11.396
1307,8.603,11.365
1308,8.585,11.355
1309,8.597,11.367
1310,8.602,11.369
1311,8.586,11.361
1312,8.561,11.314
1313,8.553,11.305
1314,8.604,11.376
1315,8.560,11.319
1316,8.570,11.323
1317,8.572,11.332
1318,8.557,11.301
1319,8.604,11.347
1320,8.516,11.283
1321,8.506,11.282
1322,8.520,11.301
1323,8.521,11.288
1324,8.532,11.302
1325,8.558,11.324
1326,8.539,11.299
1327,8.567,11.319
1328,8.559,11.295
1329,8.575,11.320
1330,8.569,11.316
1331,8.577,11.313
1332,8.569,11.296
1333,8.565,11.293
1334,8.584,11.311
1335,8.588,11.312
1336,8.572,11.295
1337,8.561,11.252
1338,8.546,11.231
1339,8.562,11.254
1340,8.567,11.277
1341,8.559,11.256
1342,8.569,11.247
1343,8.578,11.270
1344,8.579,11.259
1345,8.570,11.248
1346,8.589,11.261
1347,8.560,11.241
1348,8.587,11.265
1349,8.585,11.249
1350,8.598,11.275
1351,8.600,11.268
1352,8.628,11.303
1353,8.669,11.335
1354,8.665,11.302
1355,8.658,11.288
1356,8.685,11.326
1357,8.703,11.339
1358,8.721,11.368
1359,8.727,11.370
1360,8.720,11.340
1361,8.753,11.397
1362,8.729,11.358
1363,8.695,11.309
1364,8.719,11.337
1365,8.736,11.360
1366,8.709,11.326
1367,8.728,11.359
1368,8.744,11.390
1369,8.727,11.359
1370,8.744,11.376
1371,8.715,11.339
1372,8.724,11.364
1373,8.709,11.342
1374,8.690,11.327
1375,8.647,11.264
1376,8.641,11.278
1377,8.598,11.225
1378,8.585,11.215
1379,8.568,11.205
1380,8.565,11.198
1381,8.546,11.195
1382,8.512,11.158
1383,8.504,11.170
1384,8.480,11.148
1385,8.464,11.128
1386,8.428,11.108
1387,8.400,11.090
1388,8.414,11.124
1389,8.383,11.080
1390,8.377,11.084
1391,8.348,11.066
1392,8.327,11.035
1393,8.337,11.078
1394,8.335,11.076
1395,8.311,11.046
1396,8.287,11.025
1397,8.299,11.060
1398,8.251,11.010
1399,8.221,10.991
1400,8.179,10.958
1401,8.158,10.933
1402,8.103,10.883
1403,8.097,10.886
1404,8.064,10.828
1405,8.036,10.827
1406,7.990,10.769
1407,7.964,10.763
1408,7.964,10.760
1409,7.926,10.721
1410,7.912,10.712
1411,7.882,10.694
1412,7.876,10.683
1413,7.843,10.659
1414,7.798,10.601
1415,7.812,10.623
1416,7.824,10.667
1417,7.795,10.623
1418,7.735,10.546
1419,7.878,10.678
1420,7.920,10.697
1421,7.943,10.737
1422,7.880,10.678
1423,7.895,10.688
1424,7.890,10.694
1425,7.905,10.683
1426,7.894,10.681
1427,7.872,10.648
1428,7.865,10.660
1429,7.848,10.629
1430,7.861,10.651
1431,7.879,10.661
1432,7.883,10.684
1433,7.842,10.623
1434,7.883,10.687
1435,7.844,10.604
1436,7.842,10.612
1437,7.860,10.632
1438,7.887,10.644
1439,7.860,10.624
1440,7.874,10.635
1441,7.894,10.666
1442,7.904,10.674
1443,7.932,10.701
1444,7.900,10.646
1445,7.849,10.584
1446,7.752,10.507
1447,7.699,10.461
1448,7.701,10.481
1449,7.659,10.412
1450,7.673,10.445
1451,7.671,10.429
1452,7.759,10.478
1453,7.750,10.444
1454,7.786,10.491
1455,7.718,10.426
1456,7.708,10.424
1457,7.706,10.431
1458,7.685,10.382
1459,7.750,10.466
1460,7.778,10.504
1461,7.812,10.536
1462,7.841,10.545
1463,7.868,10.584
1464,7.889,10.611
1465,7.896,10.604
1466,7.928,10.631
1467,7.921,10.628
1468,7.932,10.651
1469,7.929,10.634
1470,7.938,10.630
1471,7.935,10.639
1472,7.894,10.577
1473,7.800,10.489
1474,7.805,10.496
1475,7.817,10.530
1476,7.761,10.435
1477,7.772,10.459
1478,7.744,10.430
1479,7.738,10.418
1480,7.707,10.386
1481,7.703,10.374
1482,7.668,10.327
1483,7.687,10.351
1484,7.662,10.313
1485,7.640,10.273
1486,7.659,10.316
1487,7.688,10.336
1488,7.693,10.327
1489,7.722,10.363
1490,7.737,10.361
1491,7.717,10.334
1492,7.764,10.382
1493,7.789,10.393
1494,7.803,10.402
1495,7.822,10.400
1496,7.867,10.451
1497,7.914,10.493
1498,7.967,10.547
1499,7.973,10.533
1500,8.072,10.630
1501,8.080,10.645
1502,8.133,10.702
1503,8.077,10.674
1504,8.071,10.686
1505,8.101,10.704
1506,8.088,10.735
1507,8.057,10.678
1508,8.066,10.679
1509,8.028,10.616
1510,8.015,10.604
1511,7.992,10.574
1512,7.969,10.538
1513,7.948,10.506
1514,7.903,10.453
1515,7.867,10.425
1516,7.884,10.443
1517,7.887,10.446
1518,7.868,10.428
1519,7.899,10.457
1520,7.909,10.481
1521,7.913,10.490
1522,7.967,10.556
1523,7.941,10.524
1524,7.983,10.576
1525,7.967,10.560
1526,7.961,10.541
1527,7.980,10.557
1528,7.951,10.542
1529,7.929,10.497
1530,7.949,10.525
1531,7.901,10.476
1532,7.890,10.464
1533,7.860,10.426
1534,7.899,10.486
1535,7.884,10.444
1536,7.913,10.485
1537,7.898,10.461
1538,7.935,10.490
1539,7.925,10.471
1540,7.932,10.482
1541,7.920,10.481
1542,7.899,10.450
1543,7.927,10.485
1544,7.931,10.477
1545,7.974,10.536
1546,7.949,10.495
1547,7.980,10.537
1548,8.006,10.558
1549,7.977,10.521
1550,8.037,10.590
1551,8.003,10.539
1552,8.013,10.566
1553,7.995,10.546
1554,7.990,10.536
1555,7.983,10.530
1556,7.976,10.521
1557,7.931,10.472
1558,7.931,10.475
1559,7.913,10.469
1560,7.890,10.450
1561,7.931,10.514
1562,7.919,10.487
1563,7.911,10.485
1564,7.908,10.485
1565,7.925,10.520
1566,7.891,10.480
1567,7.872,10.465
1568,7.850,10.434
1569,7.825,10.428
1570,7.803,10.385
1571,7.759,10.352
1572,7.724,10.305
1573,7.675,10.261
1574,7.664,10.259
1575,7.634,10.251
1576,7.593,10.178
1577,7.590,10.191
1578,7.657,10.246
1579,7.671,10.264
1580,7.630,10.206
1581,7.559,10.174
1582,7.501,10.104
1583,7.441,10.029
1584,7.594,10.150
1585,7.603,10.149
1586,7.618,10.165
1587,7.726,10.278
1588,7.713,10.249
1589,7.790,10.327
1590,7.765,10.311
1591,7.752,10.284
1592,7.756,10.301
1593,7.771,10.307
1594,7.750,10.293
1595,7.753,10.310
1596,7.689,10.245
1597,7.672,10.222
1598,7.610,10.153
1599,7.598,10.145
1600,7.579,10.126
1601,7.603,10.148
1602,7.799,10.324
1603,7.856,10.355
1604,7.951,10.443
1605,7.964,10.431
1606,8.074,10.557
1607,8.158,10.628
1608,8.237,10.708
1609,8.334,10.789
1610,8.420,10.887
1611,8.354,10.811
1612,8.390,10.860
1613,8.448,10.914
1614,8.356,10.820
1615,8.344,10.807
1616,8.334,10.795
1617,8.247,10.695
1618,8.273,10.703
1619,8.286,10.730
1620,8.321,10.762
1621,8.327,10.776
1622,8.318,10.759
1623,8.308,10.743
1624,8.308,10.761
1625,8.314,10.773
1626,8.320,10.776
1627,8.316,10.769
1628,8.304,10.757
1629,8.321,10.773
1630,8.325,10.781
1631,8.352,10.803
1632,8.351,10.799
1633,8.320,10.758
1634,8.343,10.802
1635,8.300,10.755
1636,8.288,10.751
1637,8.268,10.732
1638,8.243,10.692
1639,8.265,10.739
1640,8.234,10.691
1641,8.263,10.732
1642,8.269,10.730
1643,8.274,10.706
1644,8.325,10.782
1645,8.307,10.777
1646,8.277,10.736
1647,8.224,10.679
1648,8.201,10.665
1649,8.195,10.658
1650,8.192,10.669
1651,8.184,10.662
1652,8.184,10.648
1653,8.171,10.643
1654,8.139,10.606
1655,8.104,10.581
1656,8.082,10.553
1657,8.070,10.556
1658,8.018,10.508
1659,7.958,10.424
1660,7.940,10.422
1661,7.941,10.419
1662,7.908,10.397
1663,7.801,10.274
1664,7.711,10.198
1665,7.541,10.015
1666,7.475,9.967
1667,7.453,9.962
1668,7.393,9.888
1669,7.358,9.856
1670,7.342,9.847
1671,7.359,9.866
1672,7.381,9.889
1673,7.389,9.900
1674,7.538,10.038
1675,7.643,10.163
1676,7.666,10.165
1677,7.682,10.193
1678,7.708,10.211
1679,7.672,10.202
1680,7.656,10.182
1681,7.627,10.158
1682,7.633,10.167
1683,7.634,10.164
1684,7.641,10.175
1685,7.635,10.172
1686,7.635,10.153
1687,7.621,10.162
1688,7.613,10.129
1689,7.598,10.127
1690,7.598,10.120
1691,7.607,10.134
1692,7.604,10.124
1693,7.596,10.115
1694,7.604,10.125
1695,7.611,10.130
1696,7.625,10.138
1697,7.623,10.129
1698,7.626,10.138
1699,7.625,10.122
1700,7.636,10.140
1701,7.637,10.140
1702,7.662,10.158
1703,7.635,10.129
1704,7.643,10.145
1705,7.644,10.152
1706,7.607,10.105
1707,7.642,10.148
1708,7.626,10.124
1709,7.618,10.122
1710,7.630,10.149
1711,7.611,10.116
1712,7.609,10.125
1713,7.747,10.259
1714,7.799,10.312
1715,7.835,10.358
1716,7.822,10.336
1717,7.798,10.309
1718,7.777,10.297
1719,7.797,10.316
1720,7.787,10.307
1721,7.758,10.281
1722,7.746,10.265
1723,7.715,10.226
1724,7.744,10.266
1725,7.731,10.261
1726,7.739,10.257
1727,7.747,10.249
1728,7.723,10.228
1729,7.732,10.267
1730,7.729,10.265
1731,7.709,10.239
1732,7.726,10.269
1733,7.725,10.278
1734,7.708,10.255
1735,7.759,10.301
1736,7.733,10.251
1737,7.735,10.261
1738,7.719,10.236
1739,7.713,10.237
1740,7.668,10.171
1741,7.666,10.174
1742,7.687,10.208
1743,7.725,10.254
1744,7.746,10.276
1745,7.752,10.267
1746,7.806,10.335
1747,7.815,10.347
1748,7.872,10.411
1749,7.890,10.427
1750,7.907,10.443
1751,7.940,10.488
1752,7.947,10.474
1753,8.026,10.565
1754,8.061,10.596
1755,8.101,10.624
1756,8.164,10.713
1757,8.206,10.734
1758,8.241,10.773
1759,8.290,10.826
1760,8.296,10.819
1761,8.313,10.854
1762,8.369,10.913
1763,8.378,10.909
1764,8.325,10.871
1765,8.317,10.846
1766,8.324,10.880
1767,8.253,10.784
1768,8.297,10.846
1769,8.331,10.875
1770,8.423,10.980
1771,8.420,10.949
1772,8.443,10.992
1773,8.393,10.940
1774,8.361,10.896
1775,8.390,10.929
1776,8.426,10.992
1777,8.414,10.979
1778,8.423,10.988
1779,8.440,10.993
1780,8.485,11.055
1781,8.498,11.072
1782,8.512,11.064
1783,8.536,11.079
1784,8.533,11.085
1785,8.554,11.123
1786,8.570,11.131
1787,8.607,11.162
1788,8.633,11.208
1789,8.603,11.152
1790,8.638,11.185
1791,8.664,11.210
1792,8.676,11.234
1793,8.665,11.211
1794,8.674,11.235
1795,8.662,11.214
1796,8.648,11.205
1797,8.640,11.189
1798,8.642,11.202
1799,8.610,11.174
1800,8.620,11.193
1801,8.564,11.106
1802,8.587,11.168
1803,8.530,11.098
1804,8.547,11.137
1805,8.548,11.135
1806,8.523,11.109
1807,8.535,11.121
1808,8.465,11.033
1809,8.459,11.043
1810,8.448,11.038
1811,8.409,10.999
1812,8.419,11.019
1813,8.362,10.963
1814,8.339,10.941
1815,8.286,10.881
1816,8.296,10.897
1817,8.286,10.894
1818,8.247,10.874
1819,8.231,10.829
1820,8.235,10.847
1821,8.187,10.799
1822,8.180,10.792
1823,8.182,10.806
1824,8.160,10.807
1825,8.146,10.773
1826,8.141,10.762
1827,8.099,10.733
1828,8.111,10.770
1829,8.106,10.754
1830,8.093,10.725
1831,8.110,10.770
1832,8.117,10.777
1833,8.092,10.745
1834,8.068,10.730
1835,8.043,10.710
1836,8.032,10.724
1837,8.015,10.694
1838,7.988,10.684
1839,7.973,10.646
1840,7.947,10.628
