0,19.129,19.879
1,19.136,19.880
2,19.129,19.880
3,19.108,19.860
4,18.958,19.674
5,18.872,19.562
6,18.849,19.555
7,18.839,19.548
8,18.673,19.352
9,18.681,19.364
10,18.663,19.354
11,18.724,19.414
12,18.633,19.312
13,18.673,19.346
14,18.715,19.418
15,18.669,19.346
16,18.650,19.340
17,18.673,19.367
18,18.721,19.438
19,18.865,19.631
20,18.748,19.498
21,18.760,19.501
22,18.694,19.436
23,18.533,19.249
24,18.741,19.501
25,18.517,19.232
26,18.698,19.447
27,18.456,19.171
28,18.566,19.276
29,18.556,19.255
30,18.437,19.126
31,18.428,19.115
32,18.488,19.185
33,18.405,19.100
34,18.518,19.210
35,18.531,19.222
36,18.556,19.246
37,18.530,19.228
38,18.448,19.132
39,18.511,19.208
40,18.510,19.191
41,18.510,19.201
42,18.496,19.191
43,18.576,19.280
44,18.535,19.243
45,18.321,18.975
46,18.278,18.943
47,18.301,18.982
48,18.213,18.888
49,18.406,19.065
50,18.394,19.036
51,18.402,19.027
52,18.426,19.073
53,18.451,19.093
54,18.574,19.225
55,18.563,19.209
56,18.432,19.069
57,18.428,19.048
58,18.474,19.096
59,18.580,19.219
60,18.593,19.234
61,18.586,19.227
62,18.707,19.353
63,18.786,19.436
64,18.931,19.588
65,18.881,19.517
66,19.053,19.691
67,18.905,19.524
68,18.978,19.614
69,18.993,19.630
70,19.095,19.727
71,18.968,19.567
72,18.962,19.559
73,18.853,19.421
74,18.951,19.538
75,19.083,19.696
76,18.824,19.412
77,19.059,19.701
78,18.874,19.495
79,18.803,19.407
80,18.908,19.526
81,18.873,19.470
82,19.038,19.668
83,18.900,19.497
84,18.911,19.498
85,18.829,19.409
86,18.828,19.402
87,18.841,19.422
88,18.809,19.392
89,18.874,19.453
90,18.931,19.517
91,18.924,19.506
92,18.896,19.493
93,18.885,19.476
94,18.874,19.468
95,18.935,19.532
96,18.851,19.440
97,18.810,19.393
98,18.814,19.401
99,18.813,19.410
100,18.697,19.285
101,18.698,19.288
102,18.708,19.310
103,18.629,19.229
104,18.627,19.223
105,18.630,19.220
106,18.654,19.254
107,18.669,19.262
108,18.750,19.360
109,18.717,19.333
110,18.770,19.394
111,18.758,19.371
112,18.774,19.381
113,18.776,19.373
114,18.840,19.451
115,18.813,19.426
116,18.970,19.607
117,18.989,19.634
118,19.021,19.666
119,18.928,19.569
120,18.946,19.602
121,18.816,19.456
122,18.845,19.500
123,18.793,19.430
124,18.769,19.396
125,18.934,19.603
126,18.966,19.653
127,18.999,19.683
128,18.905,19.564
129,19.103,19.801
130,19.134,19.854
131,19.141,19.871
132,19.071,19.791
133,19.058,19.781
134,19.023,19.727
135,19.041,19.745
136,19.218,19.943
137,18.997,19.706
138,18.956,19.669
139,18.886,19.587
140,18.823,19.515
141,18.839,19.554
142,18.878,19.590
143,18.792,19.502
144,18.824,19.545
145,18.828,19.559
146,18.834,19.577
147,18.849,19.585
148,18.984,19.742
149,18.940,19.699
150,18.860,19.623
151,18.857,19.626
152,18.915,19.693
153,18.873,19.660
154,18.848,19.626
155,18.835,19.610
156,18.841,19.628
157,18.960,19.750
158,18.947,19.735
159,19.020,19.824
160,19.046,19.821
161,19.061,19.845
162,19.068,19.840
163,19.079,19.861
164,19.053,19.830
165,19.039,19.819
166,19.090,19.857
167,19.112,19.878
168,19.194,19.966
169,19.205,19.970
170,19.272,20.055
171,19.382,20.176
172,19.439,20.233
173,19.505,20.309
174,19.526,20.338
175,19.513,20.325
176,19.508,20.308
177,19.574,20.371
178,19.642,20.457
179,19.628,20.435
180,19.668,20.482
181,19.584,20.392
182,19.601,20.427
183,19.565,20.380
184,19.535,20.352
185,19.492,20.295
186,19.514,20.350
187,19.425,20.209
188,19.366,20.147
189,19.368,20.139
190,19.287,20.045
191,19.264,20.031
192,19.267,20.035
193,19.336,20.130
194,19.324,20.084
195,19.267,20.025
196,19.188,19.906
197,19.281,19.994
198,19.305,20.022
199,19.377,20.098
200,19.411,20.115
201,19.496,20.207
202,19.380,20.061
203,19.437,20.137
204,19.321,19.989
205,19.387,20.065
206,19.359,20.036
207,19.457,20.165
208,19.096,19.727
209,19.002,19.595
210,19.028,19.600
211,19.235,19.867
212,18.953,19.531
213,18.885,19.438
214,19.041,19.619
215,19.496,20.086
216,19.329,19.914
217,19.270,19.871
218,19.336,19.948
219,19.319,19.941
220,19.940,20.663
221,19.409,20.024
222,19.587,20.237
223,19.567,20.224
224,19.341,19.926
225,19.341,19.926
226,19.857,20.520
227,19.604,20.239
228,19.405,19.984
229,19.445,20.023
230,19.507,20.097
231,19.480,20.059
232,19.465,20.055
233,19.478,20.056
234,20.085,20.778
235,19.516,20.123
236,20.186,20.921
237,20.133,20.853
238,20.008,20.698
239,19.584,20.181
240,19.496,20.071
241,19.336,19.893
242,19.376,19.965
243,19.340,19.918
244,19.164,19.706
245,19.165,19.698
246,19.140,19.662
247,19.106,19.621
248,19.029,19.539
249,19.020,19.529
250,19.186,19.743
251,19.001,19.537
252,18.960,19.488
253,18.843,19.352
254,18.765,19.278
255,18.707,19.214
256,18.688,19.197
257,18.650,19.166
258,18.585,19.108
259,18.632,19.152
260,18.568,19.078
261,18.485,18.984
262,18.505,18.986
263,18.616,19.146
264,18.437,18.936
265,18.415,18.917
266,18.367,18.874
267,18.280,18.774
268,18.462,18.978
269,18.391,18.887
270,18.318,18.793
271,18.355,18.857
272,18.359,18.848
273,18.302,18.768
274,18.263,18.728
275,18.209,18.644
276,18.175,18.613
277,18.043,18.469
278,17.929,18.352
279,17.926,18.338
280,18.031,18.460
281,17.792,18.206
282,17.648,18.054
283,17.588,17.993
284,17.769,18.187
285,17.712,18.114
286,17.642,18.035
287,17.494,17.901
288,17.440,17.843
289,17.636,18.061
290,17.633,18.031
291,18.090,18.545
292,17.787,18.205
293,17.733,18.138
294,17.624,17.991
295,17.775,18.158
296,17.854,18.232
297,17.917,18.326
298,17.875,18.260
299,17.366,17.775
300,17.490,17.897
301,17.408,17.806
302,17.642,18.035
303,17.935,18.313
304,18.216,18.597
305,18.392,18.758
306,18.541,18.904
307,18.559,18.942
308,18.438,18.770
309,18.556,18.902
310,18.773,19.137
311,18.535,18.857
312,18.805,19.153
313,18.784,19.126
314,18.762,19.079
315,19.205,19.563
316,19.757,20.181
317,20.068,20.528
318,19.760,20.176
319,19.524,19.902
320,19.373,19.711
321,19.354,19.678
322,19.328,19.634
323,19.722,20.064
324,19.785,20.134
325,19.631,19.943
326,19.609,19.919
327,19.673,19.980
328,19.687,19.978
329,19.682,19.965
330,19.710,20.009
331,19.645,19.935
332,19.607,19.903
333,19.535,19.845
334,19.287,19.594
335,19.262,19.596
336,19.094,19.416
337,18.889,19.202
338,18.824,19.154
339,18.851,19.189
340,18.714,19.062
341,18.512,18.835
342,18.368,18.687
343,18.435,18.788
344,18.624,18.970
345,18.610,18.954
346,18.537,18.885
347,18.492,18.835
348,18.461,18.795
349,18.530,18.885
350,18.388,18.755
351,18.402,18.768
352,18.459,18.822
353,18.410,18.794
354,18.442,18.841
355,18.755,19.184
356,18.420,18.819
357,18.443,18.824
358,18.347,18.718
359,18.353,18.710
360,18.545,18.934
361,18.438,18.826
362,18.411,18.782
363,18.379,18.760
364,18.388,18.762
365,18.416,18.780
366,18.418,18.786
367,18.459,18.841
368,18.440,18.818
369,18.460,18.837
370,18.442,18.834
371,18.479,18.865
372,18.343,18.710
373,18.420,18.798
374,18.444,18.830
375,18.416,18.804
376,18.329,18.718
377,18.247,18.602
378,18.265,18.631
379,18.218,18.570
380,18.383,18.767
381,18.376,18.769
382,18.279,18.645
383,18.335,18.700
384,18.370,18.743
385,18.270,18.610
386,18.350,18.706
387,18.315,18.645
388,18.420,18.778
389,18.410,18.772
390,18.298,18.645
391,18.407,18.771
392,18.344,18.712
393,18.425,18.808
394,18.279,18.638
395,18.406,18.778
396,18.304,18.674
397,18.285,18.650
398,18.358,18.737
399,18.299,18.671
400,18.326,18.701
401,18.352,18.718
402,18.321,18.694
403,18.286,18.670
404,18.207,18.602
405,18.055,18.429
406,18.174,18.562
407,18.152,18.529
408,18.240,18.612
409,18.483,18.870
410,18.561,18.962
411,18.582,18.992
412,18.651,19.070
413,18.717,19.138
414,18.718,19.129
415,18.736,19.155
416,18.781,19.199
417,18.844,19.282
418,18.844,19.296
419,18.823,19.274
420,18.757,19.203
421,18.721,19.158
422,18.675,19.123
423,18.754,19.222
424,18.809,19.290
425,18.869,19.342
426,18.905,19.400
427,18.920,19.415
428,18.956,19.463
429,18.872,19.380
430,18.869,19.384
431,19.009,19.542
432,19.054,19.598
433,19.085,19.646
434,19.046,19.600
435,19.062,19.627
436,19.088,19.647
437,19.034,19.599
438,19.095,19.669
439,19.037,19.614
440,18.985,19.583
441,19.007,19.606
442,18.807,19.419
443,18.737,19.358
444,18.666,19.289
445,18.625,19.261
446,18.565,19.213
447,18.457,19.113
448,18.416,19.092
449,18.345,19.006
450,18.331,19.016
451,18.429,19.119
452,18.397,19.092
453,18.364,19.046
454,18.318,18.992
455,18.276,18.950
456,18.323,19.026
457,18.454,19.173
458,18.208,18.876
459,18.188,18.864
460,18.271,18.954
461,18.276,18.988
462,18.262,18.982
463,18.099,18.782
464,18.139,18.836
465,18.120,18.842
466,18.170,18.896
467,17.932,18.621
468,17.703,18.366
469,17.912,18.572
470,17.749,18.365
471,17.623,18.209
472,17.894,18.482
473,17.729,18.309
474,17.690,18.262
475,17.703,18.258
476,17.710,18.269
477,17.934,18.524
478,18.130,18.712
479,18.351,18.929
480,18.546,19.120
481,18.558,19.107
482,18.783,19.345
483,18.945,19.498
484,19.210,19.782
485,19.384,19.943
486,19.527,20.082
487,19.528,20.093
488,19.612,20.156
489,19.746,20.282
490,19.643,20.185
491,19.806,20.333
492,19.962,20.502
493,19.800,20.319
494,19.903,20.414
495,19.953,20.464
496,19.995,20.507
497,20.006,20.512
498,20.083,20.565
499,20.057,20.557
500,20.091,20.590
501,20.175,20.666
502,20.085,20.588
503,20.066,20.558
504,20.080,20.561
505,20.148,20.613
506,20.159,20.609
507,20.227,20.662
508,20.335,20.778
509,20.394,20.841
510,20.506,20.960
511,20.703,21.149
512,20.861,21.306
513,21.029,21.476
514,21.221,21.666
515,21.335,21.788
516,21.457,21.899
517,21.579,22.028
518,21.636,22.077
519,21.428,21.874
520,20.987,21.409
521,20.884,21.280
522,21.077,21.488
523,21.283,21.707
524,21.320,21.756
525,21.297,21.756
526,21.165,21.633
527,21.138,21.620
528,20.999,21.494
529,20.828,21.330
530,20.837,21.349
531,20.686,21.216
532,20.714,21.253
533,20.594,21.148
534,20.619,21.210
535,20.358,20.949
536,20.192,20.792
537,20.034,20.627
538,19.987,20.586
539,19.910,20.507
540,19.951,20.566
541,19.931,20.551
542,19.985,20.622
543,20.077,20.717
544,20.065,20.726
545,20.053,20.744
546,20.058,20.754
547,19.968,20.670
548,19.931,20.639
549,20.041,20.767
550,20.162,20.914
551,20.070,20.813
552,20.070,20.823
553,19.960,20.707
554,19.864,20.599
555,19.744,20.465
556,19.684,20.408
557,19.659,20.388
558,19.628,20.347
559,19.648,20.380
560,19.715,20.464
561,19.721,20.486
562,19.498,20.249
563,19.442,20.197
564,19.499,20.251
565,19.463,20.231
566,19.419,20.194
567,19.414,20.185
568,19.350,20.128
569,19.350,20.111
570,19.354,20.129
571,19.346,20.135
572,19.274,20.069
573,19.258,20.060
574,19.199,19.984
575,19.220,20.008
576,19.236,20.035
577,19.320,20.123
578,19.279,20.063
579,19.300,20.096
580,19.233,20.030
581,19.195,19.982
582,19.190,19.988
583,19.144,19.951
584,19.124,19.918
585,19.228,20.036
586,19.418,20.235
587,19.488,20.317
588,19.542,20.362
589,19.559,20.406
590,19.554,20.405
591,19.569,20.418
592,19.597,20.452
593,19.594,20.430
594,19.614,20.466
595,19.640,20.498
596,19.644,20.492
597,19.597,20.443
598,19.551,20.401
599,19.534,20.394
600,19.539,20.390
601,19.503,20.358
602,19.470,20.322
603,19.457,20.307
604,19.453,20.315
605,19.391,20.266
606,19.390,20.267
607,19.385,20.254
608,19.307,20.141
609,19.318,20.174
610,19.278,20.135
611,19.275,20.123
612,19.238,20.103
613,19.246,20.105
614,19.226,20.087
615,19.185,20.026
616,19.168,20.022
617,18.991,19.869
618,18.813,19.624
619,19.044,19.898
620,19.141,20.001
621,19.131,19.998
622,19.117,19.968
623,19.109,19.963
624,19.112,19.957
625,19.143,19.984
626,19.111,19.942
627,19.097,19.926
628,19.095,19.916
629,19.093,19.919
630,19.033,19.841
631,19.033,19.849
632,18.980,19.780
633,19.032,19.848
634,18.992,19.781
635,18.998,19.781
636,19.121,19.904
637,19.166,19.935
638,19.127,19.880
639,19.105,19.865
640,19.039,19.791
641,18.991,19.734
642,19.015,19.754
643,18.942,19.684
644,18.928,19.664
645,18.943,19.694
646,18.948,19.683
647,18.954,19.678
648,18.988,19.719
649,18.988,19.705
650,18.988,19.707
651,19.028,19.757
652,18.948,19.656
653,18.731,19.427
654,18.626,19.285
655,18.612,19.285
656,18.578,19.237
657,18.560,19.219
658,18.570,19.240
659,18.600,19.260
660,18.616,19.286
661,18.614,19.265
662,18.640,19.297
663,18.681,19.343
664,18.715,19.376
665,18.705,19.369
666,18.753,19.433
667,18.792,19.463
668,18.821,19.502
669,18.781,19.465
670,18.764,19.458
671,19.002,19.731
672,19.075,19.802
673,19.093,19.812
674,19.070,19.787
675,19.106,19.826
676,19.091,19.803
677,19.084,19.778
678,19.142,19.856
679,19.151,19.847
680,19.180,19.890
681,19.189,19.889
682,19.192,19.881
683,19.237,19.928
684,19.320,20.039
685,19.346,20.037
686,19.289,19.977
687,19.295,19.974
688,19.337,20.045
689,19.310,20.002
690,19.355,20.044
691,19.392,20.098
692,19.338,20.016
693,19.373,20.068
694,19.384,20.087
695,19.342,20.023
696,19.331,20.012
697,19.334,20.016
698,19.337,20.011
699,19.363,20.034
700,19.326,20.000
701,19.297,19.982
702,19.295,19.966
703,19.275,19.945
704,19.291,19.962
705,19.288,19.970
706,19.271,19.949
707,19.293,19.981
708,19.257,19.936
709,19.304,19.997
710,19.273,19.961
711,19.292,19.991
712,19.296,19.991
713,19.090,19.746
714,19.024,19.674
715,19.251,19.944
716,19.216,19.912
717,19.201,19.887
718,19.185,19.882
719,18.985,19.649
720,18.980,19.646
721,19.159,19.858
722,19.117,19.814
723,19.049,19.741
724,19.031,19.727
725,19.026,19.723
726,19.017,19.717
727,19.010,19.717
728,18.985,19.691
729,18.960,19.677
730,18.955,19.669
731,18.937,19.650
732,18.954,19.675
733,18.918,19.636
734,18.943,19.663
735,18.917,19.630
736,18.903,19.625
737,18.901,19.636
738,18.877,19.602
739,18.901,19.607
740,19.051,19.784
741,19.088,19.830
742,19.038,19.782
743,19.063,19.821
744,19.040,19.806
745,19.028,19.766
746,19.038,19.788
747,18.993,19.741
748,19.116,19.869
749,19.124,19.876
750,19.118,19.841
751,19.093,19.822
752,19.033,19.765
753,19.056,19.789
754,19.063,19.778
755,19.054,19.781
756,19.064,19.797
757,19.084,19.809
758,19.093,19.842
759,19.109,19.856
760,19.074,19.825
761,19.099,19.859
762,19.079,19.833
763,19.062,19.820
764,19.051,19.789
765,19.125,19.876
766,19.100,19.857
767,19.080,19.834
768,19.055,19.802
769,19.076,19.829
770,19.070,19.829
771,19.040,19.780
772,19.027,19.761
773,19.034,19.773
774,19.060,19.795
775,19.053,19.796
776,19.063,19.813
777,19.052,19.795
778,19.059,19.795
779,19.058,19.790
780,19.053,19.769
781,19.048,19.774
782,19.056,19.801
783,19.061,19.796
784,19.085,19.807
785,19.095,19.792
786,19.094,19.816
787,19.138,19.847
788,19.128,19.840
789,19.115,19.793
790,19.141,19.829
791,19.144,19.830
792,19.180,19.850
793,19.231,19.907
794,19.226,19.905
795,19.248,19.912
796,19.298,19.966
797,19.270,19.940
798,19.257,19.908
799,19.277,19.931
800,19.245,19.885
801,19.296,19.927
802,19.343,19.988
803,19.364,20.020
804,19.423,20.075
805,19.415,20.061
806,19.469,20.117
807,19.478,20.128
808,19.381,20.039
809,19.387,20.051
810,19.384,20.048
811,19.422,20.081
812,19.476,20.141
813,19.518,20.194
814,19.568,20.258
815,19.480,20.142
816,19.470,20.132
817,19.471,20.133
818,19.434,20.105
819,19.421,20.083
820,19.422,20.106
821,19.373,20.036
822,19.361,20.046
823,19.335,20.009
824,19.338,20.017
825,19.263,19.936
826,19.304,19.996
827,19.173,19.841
828,19.166,19.842
829,19.201,19.892
830,19.056,19.715
831,19.017,19.674
832,19.045,19.720
833,19.137,19.844
834,19.093,19.790
835,19.079,19.773
836,19.028,19.722
837,19.012,19.701
838,18.993,19.698
839,19.004,19.713
840,18.976,19.692
841,19.047,19.764
842,19.053,19.752
843,19.061,19.763
844,18.993,19.703
845,19.023,19.728
846,18.949,19.672
847,18.896,19.602
848,18.945,19.664
849,18.894,19.611
850,18.853,19.564
851,18.803,19.517
852,18.737,19.436
853,18.685,19.401
854,18.706,19.421
855,18.766,19.499
856,18.683,19.391
857,18.663,19.368
858,18.681,19.406
859,18.660,19.384
860,18.660,19.357
861,18.642,19.368
862,18.727,19.483
863,18.653,19.385
864,18.667,19.388
865,18.671,19.390
866,18.687,19.422
867,18.601,19.331
868,18.718,19.439
869,18.751,19.484
870,18.727,19.468
871,18.687,19.425
872,18.691,19.424
873,18.652,19.369
874,18.714,19.445
875,18.732,19.450
876,18.756,19.448
877,18.771,19.466
878,18.794,19.482
879,18.838,19.539
880,18.856,19.560
881,18.896,19.603
882,18.971,19.688
883,18.850,19.542
884,18.792,19.490
885,18.786,19.468
886,18.820,19.503
887,18.852,19.529
888,18.831,19.504
889,18.788,19.458
890,18.755,19.422
891,18.802,19.496
892,18.724,19.417
893,18.767,19.489
894,18.649,19.323
895,18.685,19.359
896,18.696,19.381
897,18.667,19.356
898,18.628,19.305
899,18.632,19.312
900,18.574,19.243
901,18.584,19.259
902,18.561,19.231
903,18.552,19.235
904,18.534,19.227
905,18.453,19.134
906,18.409,19.086
907,18.423,19.099
908,18.378,19.059
909,18.347,19.018
910,18.327,18.993
911,18.311,18.991
912,18.317,18.991
913,18.265,18.954
914,18.259,18.937
915,18.263,18.951
916,18.272,18.953
917,18.279,18.935
918,18.235,18.897
919,18.276,18.949
920,18.248,18.920
921,18.238,18.916
922,18.176,18.831
923,18.192,18.854
924,18.155,18.814
925,18.150,18.819
926,18.143,18.795
927,18.127,18.791
928,18.147,18.807
929,18.151,18.800
930,18.139,18.809
931,18.130,18.800
932,18.110,18.775
933,18.092,18.755
934,18.126,18.795
935,18.120,18.800
936,18.129,18.813
937,18.135,18.809
938,18.150,18.828
939,18.136,18.813
940,18.136,18.809
941,18.001,18.687
942,17.577,18.247
943,17.631,18.244
944,17.600,18.198
945,17.633,18.239
946,17.681,18.274
947,17.651,18.254
948,17.644,18.230
949,17.708,18.296
950,17.751,18.348
951,17.769,18.365
952,17.782,18.381
953,17.773,18.369
954,17.748,18.342
955,17.776,18.375
956,17.762,18.341
957,17.788,18.385
958,17.807,18.407
959,17.802,18.397
960,17.774,18.360
961,17.804,18.388
962,17.796,18.392
963,17.784,18.375
964,17.770,18.351
965,17.788,18.374
966,17.805,18.402
967,17.841,18.427
968,17.883,18.475
969,17.871,18.448
970,17.859,18.448
971,17.866,18.457
972,17.897,18.482
973,17.930,18.513
974,17.940,18.522
975,17.956,18.554
976,17.958,18.549
977,17.981,18.567
978,18.042,18.648
979,18.083,18.684
980,18.068,18.668
981,18.048,18.635
982,18.061,18.660
983,18.100,18.710
984,18.120,18.738
985,18.097,18.708
986,18.120,18.736
987,18.102,18.704
988,18.115,18.725
989,18.136,18.748
990,18.124,18.739
991,18.088,18.697
992,18.134,18.744
993,18.140,18.753
994,18.120,18.731
995,18.123,18.744
996,18.087,18.685
997,18.081,18.680
998,18.085,18.690
999,18.093,18.707
1000,18.157,18.781
1001,18.137,18.750
1002,18.124,18.732
1003,18.160,18.757
1004,18.103,18.700
1005,18.132,18.731
1006,18.141,18.731
1007,18.111,18.694
1008,18.114,18.702
1009,18.118,18.715
1010,18.122,18.723
1011,18.121,18.714
1012,18.107,18.693
1013,18.108,18.691
1014,18.145,18.724
1015,18.126,18.700
1016,18.142,18.718
1017,18.198,18.780
1018,18.140,18.710
1019,18.150,18.718
1020,18.172,18.743
1021,18.172,18.751
1022,18.174,18.745
1023,18.149,18.726
1024,18.163,18.743
1025,18.186,18.767
1026,18.174,18.750
1027,18.165,18.757
1028,18.174,18.753
1029,18.174,18.764
1030,18.177,18.757
1031,18.195,18.784
1032,18.223,18.815
1033,18.209,18.801
1034,18.226,18.817
1035,18.237,18.836
1036,18.215,18.813
1037,18.219,18.821
1038,18.224,18.822
1039,18.225,18.803
1040,18.227,18.810
1041,18.256,18.848
1042,18.249,18.849
1043,18.239,18.835
1044,18.243,18.837
1045,18.219,18.812
1046,18.197,18.783
1047,18.212,18.804
1048,18.224,18.821
1049,18.241,18.835
1050,18.232,18.827
1051,18.209,18.800
1052,18.225,18.812
1053,18.257,18.861
1054,18.250,18.853
1055,18.239,18.840
1056,18.240,18.836
1057,18.256,18.860
1058,18.269,18.880
1059,18.365,18.989
1060,18.353,18.968
1061,18.321,18.927
1062,18.305,18.915
1063,18.101,18.671
1064,18.098,18.676
1065,18.082,18.656
1066,18.075,18.661
1067,18.273,18.883
1068,18.294,18.915
1069,18.305,18.914
1070,18.264,18.869
1071,18.268,18.869
1072,18.260,18.868
1073,18.262,18.867
1074,18.238,18.844
1075,18.259,18.867
1076,18.231,18.838
1077,18.215,18.818
1078,18.254,18.868
1079,18.242,18.848
1080,18.227,18.827
1081,18.197,18.802
1082,18.174,18.781
1083,18.177,18.777
1084,18.152,18.757
1085,18.193,18.805
1086,18.189,18.798
1087,18.178,18.782
1088,18.160,18.759
1089,18.168,18.766
1090,18.159,18.766
1091,18.188,18.784
1092,18.182,18.788
1093,18.151,18.752
1094,18.153,18.758
1095,18.153,18.747
1096,18.201,18.812
1097,18.185,18.787
1098,18.195,18.805
1099,18.196,18.793
1100,18.195,18.794
1101,18.162,18.745
1102,18.155,18.741
1103,18.163,18.755
1104,18.183,18.775
1105,18.211,18.799
1106,18.201,18.801
1107,18.233,18.835
1108,18.201,18.800
1109,18.192,18.795
1110,18.188,18.786
1111,18.206,18.810
1112,18.239,18.845
1113,18.228,18.847
1114,18.249,18.863
1115,18.236,18.831
1116,18.217,18.823
1117,18.221,18.830
1118,18.226,18.843
1119,18.193,18.803
1120,18.188,18.787
1121,18.160,18.755
1122,18.196,18.795
1123,18.214,18.825
1124,18.212,18.819
1125,18.160,18.760
1126,18.193,18.801
1127,18.179,18.797
1128,18.169,18.775
1129,18.190,18.807
1130,18.151,18.747
1131,18.164,18.764
1132,18.173,18.782
1133,18.206,18.818
1134,18.208,18.812
1135,18.225,18.842
1136,18.235,18.869
1137,18.253,18.895
1138,18.240,18.874
1139,18.226,18.850
1140,18.187,18.806
1141,18.208,18.835
1142,18.232,18.860
1143,18.212,18.827
1144,18.237,18.863
1145,18.204,18.822
1146,18.228,18.855
1147,18.242,18.863
1148,18.233,18.847
1149,18.210,18.825
1150,18.249,18.886
1151,18.223,18.854
1152,18.210,18.850
1153,18.191,18.818
1154,18.228,18.860
1155,18.184,18.801
1156,18.193,18.818
1157,18.164,18.788
1158,18.201,18.820
1159,18.226,18.852
1160,18.253,18.877
1161,18.187,18.801
1162,18.207,18.824
1163,18.213,18.825
1164,18.206,18.816
1165,18.212,18.826
1166,18.218,18.844
1167,18.243,18.876
1168,18.215,18.817
1169,18.216,18.839
1170,18.243,18.863
1171,18.223,18.840
1172,18.253,18.890
1173,18.243,18.861
1174,18.192,18.817
1175,18.227,18.858
1176,18.225,18.861
1177,18.233,18.869
1178,18.215,18.844
1179,18.233,18.880
1180,18.238,18.889
1181,18.240,18.878
1182,18.251,18.898
1183,18.268,18.904
1184,18.176,18.801
1185,18.156,18.793
1186,18.163,18.782
1187,18.164,18.797
1188,18.114,18.735
1189,18.132,18.757
1190,18.095,18.727
1191,18.135,18.762
1192,18.123,18.759
1193,18.140,18.787
1194,18.127,18.764
1195,18.098,18.733
1196,18.088,18.702
1197,18.087,18.699
1198,18.042,18.645
1199,18.064,18.681
1200,18.073,18.693
1201,18.049,18.657
1202,18.071,18.701
1203,18.098,18.718
1204,18.125,18.747
1205,18.127,18.747
1206,18.121,18.740
1207,18.111,18.726
1208,18.134,18.755
1209,18.107,18.727
1210,18.101,18.736
1211,18.082,18.724
1212,18.078,18.717
1213,18.061,18.699
1214,18.046,18.690
1215,18.034,18.664
1216,18.035,18.672
1217,18.041,18.676
1218,18.039,18.676
1219,18.070,18.720
1220,18.083,18.727
1221,18.083,18.730
1222,18.081,18.721
1223,18.079,18.729
1224,18.085,18.722
1225,18.131,18.791
1226,18.163,18.828
1227,18.204,18.872
1228,18.223,18.878
1229,18.287,18.959
1230,18.350,19.024
1231,18.363,19.049
1232,18.378,19.054
1233,18.463,19.157
1234,18.505,19.201
1235,18.531,19.241
1236,18.575,19.287
1237,18.575,19.285
1238,18.559,19.269
1239,18.555,19.264
1240,18.542,19.257
1241,18.505,19.211
1242,18.462,19.174
1243,18.421,19.132
1244,18.410,19.110
1245,18.412,19.126
1246,18.396,19.095
1247,18.384,19.110
1248,18.374,19.089
1249,18.337,19.037
1250,18.338,19.045
1251,18.327,19.037
1252,18.293,18.976
1253,18.310,19.016
1254,18.324,19.020
1255,18.274,18.956
1256,18.268,18.958
1257,18.270,18.951
1258,18.302,19.003
1259,18.296,18.986
1260,18.273,18.955
1261,18.273,18.958
1262,18.286,18.978
1263,18.276,18.957
1264,18.268,18.953
1265,18.282,18.977
1266,18.287,18.974
1267,18.255,18.929
1268,18.294,18.988
1269,18.277,18.972
1270,18.251,18.948
1271,18.249,18.927
1272,18.214,18.886
1273,18.258,18.937
1274,18.258,18.946
1275,18.256,18.920
1276,18.232,18.915
1277,18.238,18.935
1278,18.259,18.958
1279,18.294,18.999
1280,18.251,18.951
1281,18.177,18.863
1282,18.185,18.876
1283,18.200,18.887
1284,18.200,18.890
1285,18.205,18.892
1286,18.153,18.823
1287,18.169,18.855
1288,18.226,18.914
1289,18.248,18.955
1290,18.224,18.917
1291,18.207,18.902
1292,18.146,18.821
1293,18.164,18.844
1294,18.169,18.853
1295,18.131,18.806
1296,18.156,18.846
1297,18.144,18.837
1298,18.166,18.866
1299,18.137,18.824
1300,18.077,18.757
1301,18.071,18.767
1302,18.080,18.774
1303,18.120,18.810
1304,18.131,18.838
1305,18.123,18.825
1306,18.128,18.824
1307,18.106,18.807
1308,18.137,18.835
1309,18.107,18.797
1310,18.109,18.802
1311,18.102,18.794
1312,18.096,18.763
1313,18.099,18.789
1314,18.148,18.835
1315,18.137,18.820
1316,17.969,18.630
1317,17.939,18.590
1318,17.907,18.549
1319,17.900,18.541
1320,18.090,18.783
1321,18.067,18.731
1322,18.135,18.829
1323,18.090,18.781
1324,18.115,18.810
1325,18.078,18.756
1326,18.074,18.749
1327,18.067,18.743
1328,18.074,18.759
1329,18.060,18.738
1330,18.037,18.717
1331,18.012,18.689
1332,18.019,18.704
1333,18.024,18.698
1334,18.021,18.694
1335,18.022,18.705
1336,17.996,18.669
1337,17.985,18.638
1338,17.989,18.660
1339,18.044,18.726
1340,18.022,18.691
1341,18.021,18.682
1342,18.006,18.665
1343,18.027,18.691
1344,18.041,18.707
1345,18.043,18.699
1346,18.020,18.684
1347,18.054,18.726
1348,18.042,18.707
1349,18.065,18.733
1350,18.071,18.743
1351,18.049,18.714
1352,18.064,18.737
1353,18.048,18.710
1354,18.083,18.747
1355,18.086,18.759
1356,18.059,18.729
1357,18.081,18.741
1358,18.088,18.753
1359,18.061,18.720
1360,18.070,18.743
1361,18.086,18.752
1362,18.113,18.791
1363,18.096,18.764
1364,18.056,18.721
1365,18.034,18.700
1366,18.035,18.683
1367,18.036,18.695
1368,18.023,18.671
1369,18.051,18.700
1370,18.056,18.713
1371,18.031,18.676
1372,18.046,18.695
1373,18.052,18.709
1374,18.061,18.715
1375,18.025,18.673
1376,18.031,18.681
1377,18.041,18.697
1378,18.032,18.673
1379,18.047,18.704
1380,18.066,18.728
1381,18.082,18.736
1382,18.068,18.737
1383,18.056,18.718
1384,18.049,18.696
1385,18.046,18.707
1386,18.065,18.716
1387,18.069,18.740
1388,18.075,18.748
1389,18.041,18.705
1390,18.037,18.684
1391,18.068,18.722
1392,18.086,18.746
1393,18.123,18.784
1394,18.118,18.776
1395,18.072,18.732
1396,18.098,18.742
1397,18.079,18.742
1398,18.057,18.707
1399,18.074,18.733
1400,18.089,18.741
1401,18.055,18.710
1402,18.080,18.731
1403,18.098,18.748
1404,18.065,18.719
1405,18.074,18.722
1406,18.123,18.770
1407,18.116,18.769
1408,18.113,18.762
1409,18.130,18.776
1410,18.098,18.725
1411,18.132,18.777
1412,18.132,18.780
1413,18.125,18.774
1414,18.130,18.784
1415,18.171,18.826
1416,18.184,18.860
1417,18.181,18.845
1418,18.167,18.831
1419,18.194,18.855
1420,18.180,18.851
1421,18.173,18.831
1422,18.177,18.840
1423,18.142,18.783
1424,18.172,18.824
1425,18.206,18.857
1426,18.194,18.856
1427,18.174,18.825
1428,18.021,18.647
1429,18.236,18.897
1430,18.251,18.923
1431,18.041,18.667
1432,17.994,18.613
1433,18.022,18.643
1434,18.027,18.647
1435,18.059,18.684
1436,18.051,18.684
1437,18.259,18.928
1438,18.220,18.857
1439,18.205,18.846
1440,18.212,18.856
1441,18.223,18.860
1442,18.260,18.909
1443,18.257,18.905
1444,18.224,18.878
1445,18.198,18.844
1446,18.209,18.854
1447,18.038,18.659
1448,18.038,18.654
1449,18.040,18.650
1450,18.047,18.660
1451,18.050,18.666
1452,18.053,18.655
1453,18.061,18.678
1454,18.057,18.670
1455,18.077,18.687
1456,18.050,18.646
1457,18.064,18.669
1458,18.056,18.652
1459,18.046,18.651
1460,18.038,18.622
1461,18.061,18.656
1462,18.082,18.689
1463,18.094,18.700
1464,18.072,18.679
1465,18.051,18.640
1466,18.046,18.630
1467,18.081,18.682
1468,18.081,18.676
1469,18.092,18.691
1470,18.061,18.667
1471,18.289,18.921
1472,18.339,18.978
1473,18.264,18.886
1474,18.267,18.882
1475,18.256,18.874
1476,18.238,18.859
1477,18.187,18.812
1478,18.192,18.812
1479,18.188,18.806
1480,18.184,18.796
1481,18.172,18.778
1482,18.163,18.781
1483,18.150,18.762
1484,18.164,18.777
1485,18.174,18.786
1486,18.162,18.770
1487,18.143,18.751
1488,18.135,18.747
1489,18.121,18.729
1490,18.149,18.746
1491,18.158,18.759
1492,18.241,18.856
1493,18.236,18.857
1494,18.247,18.864
1495,18.262,18.878
1496,18.291,18.908
1497,18.250,18.864
1498,18.243,18.856
1499,18.244,18.862
1500,18.272,18.884
1501,18.298,18.914
1502,18.287,18.911
1503,18.278,18.896
1504,18.294,18.915
1505,18.267,18.888
1506,18.281,18.891
1507,18.082,18.681
1508,18.091,18.689
1509,18.098,18.686
1510,18.057,18.634
1511,18.215,18.825
1512,18.213,18.821
1513,18.192,18.791
1514,18.183,18.789
1515,18.008,18.592
1516,18.007,18.583
1517,17.994,18.574
1518,17.959,18.532
1519,17.985,18.560
1520,17.971,18.538
1521,17.971,18.531
1522,17.966,18.530
1523,17.980,18.539
1524,17.961,18.525
1525,18.133,18.732
1526,18.099,18.687
1527,18.132,18.726
1528,18.156,18.760
1529,18.139,18.755
1530,18.121,18.737
1531,18.094,18.699
1532,18.114,18.723
1533,18.103,18.723
1534,18.093,18.710
1535,18.091,18.711
1536,18.028,18.644
1537,18.012,18.633
1538,18.048,18.677
1539,18.032,18.660
1540,18.031,18.639
1541,17.985,18.606
1542,17.991,18.597
1543,17.970,18.592
1544,18.026,18.650
1545,18.049,18.677
1546,17.993,18.613
1547,18.021,18.642
1548,17.999,18.628
1549,17.971,18.598
1550,17.989,18.609
1551,17.949,18.557
1552,17.920,18.510
1553,17.930,18.522
1554,17.905,18.509
1555,17.907,18.505
1556,17.901,18.504
1557,17.869,18.455
1558,17.884,18.473
1559,17.881,18.467
1560,17.879,18.464
1561,17.861,18.439
1562,17.878,18.461
1563,17.828,18.402
1564,17.828,18.414
1565,17.840,18.428
1566,17.800,18.385
1567,17.808,18.385
1568,17.787,18.359
1569,17.791,18.369
1570,17.783,18.358
1571,17.777,18.348
1572,17.803,18.375
1573,17.779,18.340
1574,17.773,18.325
1575,17.728,18.285
1576,17.740,18.301
1577,17.740,18.303
1578,17.755,18.312
1579,17.749,18.308
1580,17.750,18.308
1581,17.765,18.326
1582,17.771,18.342
1583,17.742,18.294
1584,17.734,18.281
1585,17.732,18.273
1586,17.760,18.305
1587,17.782,18.328
1588,17.764,18.309
1589,17.753,18.289
1590,17.794,18.329
1591,17.807,18.349
1592,17.854,18.397
1593,17.882,18.422
1594,17.912,18.451
1595,17.927,18.464
1596,17.944,18.483
1597,18.028,18.565
1598,18.065,18.606
1599,18.115,18.664
1600,18.165,18.720
1601,18.233,18.773
1602,18.218,18.756
1603,18.284,18.828
1604,18.328,18.872
1605,18.361,18.896
1606,18.433,18.972
1607,18.509,19.033
1608,18.586,19.128
1609,18.634,19.182
1610,18.771,19.334
1611,18.783,19.339
1612,18.827,19.379
1613,18.874,19.409
1614,18.974,19.523
1615,19.034,19.595
1616,19.120,19.685
1617,19.082,19.636
1618,19.161,19.718
1619,19.269,19.862
1620,19.257,19.841
1621,19.270,19.844
1622,19.318,19.908
1623,19.219,19.793
1624,19.193,19.766
1625,19.182,19.760
1626,19.318,19.917
1627,19.233,19.829
1628,19.231,19.820
1629,19.215,19.797
1630,19.183,19.760
1631,19.174,19.764
1632,19.162,19.752
1633,19.147,19.741
1634,19.152,19.739
1635,19.086,19.674
1636,19.118,19.712
1637,19.094,19.675
1638,19.093,19.690
1639,19.089,19.685
1640,19.117,19.710
1641,19.119,19.713
1642,19.111,19.717
1643,19.110,19.721
1644,19.135,19.753
1645,19.119,19.736
1646,19.138,19.742
1647,19.135,19.753
1648,19.112,19.723
1649,19.272,19.896
1650,19.440,20.095
1651,19.426,20.101
1652,19.449,20.135
1653,19.456,20.148
1654,19.433,20.125
1655,19.390,20.069
1656,19.398,20.103
1657,19.359,20.056
1658,19.350,20.044
1659,19.302,20.003
1660,19.291,19.991
1661,19.268,19.961
1662,19.232,19.923
1663,19.215,19.914
1664,19.187,19.889
1665,19.199,19.903
1666,19.179,19.884
1667,19.180,19.912
1668,19.248,19.988
1669,19.223,19.970
1670,19.158,19.889
1671,19.110,19.844
1672,19.161,19.896
1673,19.139,19.886
1674,19.057,19.800
1675,19.092,19.849
1676,19.020,19.765
1677,18.994,19.749
1678,19.135,19.882
1679,19.111,19.854
1680,19.078,19.828
1681,19.016,19.774
1682,18.986,19.738
1683,18.913,19.654
1684,19.019,19.771
1685,19.074,19.817
1686,19.031,19.783
1687,18.970,19.699
1688,19.000,19.756
1689,18.957,19.719
1690,18.985,19.760
1691,18.968,19.724
1692,18.914,19.685
1693,18.943,19.687
1694,18.957,19.706
1695,18.936,19.678
1696,18.849,19.606
1697,18.873,19.623
1698,18.848,19.605
1699,18.917,19.689
1700,18.924,19.681
1701,18.994,19.765
1702,18.909,19.676
1703,18.847,19.623
1704,18.783,19.537
1705,18.744,19.518
1706,18.800,19.582
