0,20.774,22.331
1,20.760,22.311
2,20.779,22.344
3,20.772,22.329
4,20.779,22.354
5,20.779,22.343
6,20.791,22.347
7,20.789,22.354
8,20.817,22.397
9,20.802,22.371
10,20.750,22.297
11,20.723,22.250
12,20.840,22.419
13,20.820,22.412
14,20.847,22.436
15,20.832,22.422
16,20.835,22.434
17,20.835,22.428
18,20.869,22.462
19,20.864,22.454
20,20.855,22.435
21,20.829,22.420
22,20.852,22.437
23,20.859,22.454
24,20.848,22.423
25,20.853,22.445
26,20.864,22.456
27,20.873,22.451
28,20.836,22.411
29,20.870,22.464
30,20.778,22.335
31,20.877,22.478
32,20.828,22.414
33,20.826,22.399
34,20.791,22.353
35,20.803,22.370
36,20.819,22.396
37,20.788,22.354
38,20.791,22.342
39,20.825,22.394
40,20.842,22.424
41,20.790,22.348
42,20.817,22.376
43,20.809,22.377
44,20.801,22.362
45,20.744,22.285
46,20.802,22.366
47,20.818,22.384
48,20.717,22.260
49,20.758,22.303
50,20.782,22.355
51,20.804,22.374
52,20.780,22.318
53,20.813,22.373
54,20.839,22.409
55,20.837,22.405
56,20.808,22.349
57,20.813,22.377
58,20.731,22.252
59,20.707,22.212
60,20.720,22.228
61,20.817,22.370
62,20.783,22.318
63,20.765,22.312
64,20.762,22.301
65,20.764,22.303
66,20.764,22.288
67,20.767,22.283
68,20.764,22.286
69,20.739,22.238
70,20.770,22.290
71,20.758,22.275
72,20.740,22.252
73,20.759,22.279
74,20.760,22.272
75,20.729,22.217
76,20.646,22.107
77,20.619,22.069
78,20.603,22.058
79,20.711,22.214
80,20.755,22.261
81,20.760,22.278
82,20.729,22.233
83,20.653,22.117
84,20.662,22.145
85,20.660,22.129
86,20.678,22.154
87,20.685,22.164
88,20.655,22.136
89,20.738,22.249
90,20.742,22.247
91,20.756,22.269
92,20.611,22.072
93,20.635,22.104
94,20.656,22.134
95,20.666,22.141
96,20.709,22.197
97,20.764,22.283
98,20.719,22.231
99,20.716,22.221
100,20.733,22.243
101,20.740,22.248
102,20.745,22.272
103,20.759,22.291
104,20.754,22.282
105,20.778,22.319
106,20.697,22.213
107,20.771,22.320
108,20.728,22.275
109,20.748,22.295
110,20.766,22.325
111,20.748,22.301
112,20.768,22.333
113,20.780,22.351
114,20.805,22.379
115,20.739,22.273
116,20.774,22.335
117,20.782,22.351
118,20.835,22.429
119,20.776,22.347
120,20.816,22.405
121,20.820,22.407
122,20.810,22.402
123,20.720,22.292
124,20.711,22.246
125,20.826,22.438
126,20.832,22.440
127,20.829,22.439
128,20.774,22.367
129,20.820,22.438
130,20.726,22.305
131,20.782,22.396
132,20.864,22.491
133,20.821,22.447
134,20.826,22.449
135,20.808,22.405
136,20.814,22.432
137,20.824,22.440
138,20.726,22.285
139,20.751,22.322
140,20.787,22.375
141,20.768,22.364
142,20.774,22.354
143,20.772,22.377
144,20.772,22.369
145,20.743,22.335
146,20.675,22.237
147,20.626,22.171
148,20.718,22.315
149,20.720,22.307
150,20.729,22.331
151,20.728,22.310
152,20.703,22.260
153,20.713,22.281
154,20.708,22.278
155,20.684,22.262
156,20.718,22.312
157,20.687,22.270
158,20.670,22.249
159,20.533,22.022
160,20.554,22.085
161,20.572,22.111
162,20.572,22.130
163,20.671,22.250
164,20.667,22.241
165,20.686,22.269
166,20.564,22.103
167,20.567,22.110
168,20.595,22.148
169,20.662,22.269
170,20.661,22.260
171,20.669,22.269
172,20.676,22.251
173,20.643,22.224
174,20.651,22.239
175,20.668,22.255
176,20.664,22.275
177,20.649,22.252
178,20.563,22.120
179,20.557,22.112
180,20.541,22.099
181,20.559,22.120
182,20.672,22.281
183,20.678,22.292
184,20.679,22.292
185,20.685,22.313
186,20.693,22.314
187,20.705,22.338
188,20.713,22.335
189,20.729,22.363
190,20.695,22.315
191,20.702,22.332
192,20.662,22.292
193,20.705,22.348
194,20.608,22.189
195,20.572,22.162
196,20.673,22.286
197,20.660,22.272
198,20.654,22.263
199,20.631,22.235
200,20.601,22.160
201,20.700,22.335
202,20.708,22.328
203,20.679,22.283
204,20.685,22.277
205,20.680,22.270
206,20.688,22.287
207,20.694,22.295
208,20.703,22.305
209,20.702,22.323
210,20.677,22.284
211,20.651,22.254
212,20.645,22.245
213,20.673,22.274
214,20.665,22.261
215,20.672,22.278
216,20.681,22.285
217,20.565,22.125
218,20.560,22.116
219,20.585,22.144
220,20.567,22.124
221,20.580,22.147
222,20.566,22.129
223,20.571,22.123
224,20.569,22.106
225,20.581,22.129
226,20.589,22.153
227,20.606,22.153
228,20.618,22.169
229,20.601,22.140
230,20.654,22.213
231,20.698,22.278
232,20.651,22.218
233,20.657,22.218
234,20.642,22.221
235,20.622,22.186
236,20.632,22.191
237,20.622,22.186
238,20.633,22.200
239,20.667,22.244
240,20.660,22.234
241,20.644,22.209
242,20.634,22.192
243,20.617,22.165
244,20.621,22.176
245,20.665,22.216
246,20.665,22.224
247,20.651,22.204
248,20.660,22.218
249,20.649,22.201
250,20.653,22.207
251,20.667,22.227
252,20.634,22.190
253,20.657,22.199
254,20.652,22.207
255,20.622,22.160
256,20.639,22.180
257,20.638,22.191
258,20.659,22.226
259,20.662,22.216
260,20.675,22.239
261,20.649,22.201
262,20.645,22.183
263,20.680,22.249
264,20.662,22.227
265,20.643,22.194
266,20.657,22.207
267,20.676,22.248
268,20.673,22.221
269,20.669,22.227
270,20.694,22.254
271,20.699,22.255
272,20.711,22.277
273,20.720,22.285
274,20.708,22.273
275,20.727,22.320
276,20.717,22.296
277,20.672,22.248
278,20.720,22.302
279,20.679,22.241
280,20.758,22.356
281,20.736,22.318
282,20.746,22.329
283,20.738,22.318
284,20.709,22.298
285,20.729,22.312
286,20.737,22.309
287,20.746,22.333
288,20.700,22.282
289,20.896,22.549
290,20.917,22.585
291,20.940,22.600
292,20.906,22.568
293,20.859,22.510
294,20.874,22.555
295,20.905,22.589
296,20.942,22.655
297,20.972,22.693
298,20.945,22.656
299,20.940,22.641
300,20.853,22.509
301,20.985,22.702
302,20.985,22.696
303,21.017,22.749
304,21.011,22.719
305,21.038,22.768
306,21.083,22.810
307,21.170,22.937
308,21.114,22.839
309,21.055,22.778
310,21.097,22.822
311,21.091,22.824
312,21.106,22.830
313,21.081,22.796
314,21.109,22.839
315,21.123,22.871
316,21.152,22.932
317,21.127,22.912
318,21.031,22.769
319,21.080,22.845
320,21.051,22.800
321,21.063,22.821
322,21.079,22.836
323,21.101,22.869
324,21.056,22.815
325,21.108,22.893
326,21.078,22.829
327,21.074,22.788
328,21.088,22.823
329,21.073,22.812
330,21.121,22.858
331,21.106,22.851
332,21.085,22.812
333,21.074,22.784
334,21.124,22.842
335,21.121,22.847
336,21.128,22.845
337,21.143,22.870
338,21.118,22.825
339,21.118,22.840
340,21.104,22.815
341,21.099,22.830
342,21.101,22.840
343,21.109,22.843
344,21.020,22.733
345,21.046,22.763
346,21.030,22.757
347,21.070,22.816
348,20.954,22.642
349,21.063,22.814
350,21.061,22.805
351,21.071,22.834
352,21.071,22.828
353,21.096,22.874
354,21.102,22.882
355,21.133,22.937
356,21.117,22.922
357,21.109,22.916
358,21.064,22.839
359,20.977,22.733
360,21.006,22.781
361,20.971,22.738
362,21.024,22.804
363,21.013,22.778
364,20.998,22.759
365,20.948,22.681
366,20.957,22.712
367,20.996,22.744
368,21.088,22.878
369,21.056,22.831
370,21.104,22.909
371,21.153,22.964
372,21.125,22.913
373,21.237,23.102
374,21.224,23.056
375,21.203,23.016
376,21.206,23.024
377,21.236,23.074
378,21.353,23.249
379,21.264,23.133
380,21.188,23.039
381,21.263,23.145
382,21.101,22.939
383,21.239,23.152
384,21.123,23.000
385,20.905,22.647
386,21.079,22.876
387,21.252,23.087
388,21.237,23.026
389,21.281,23.108
390,21.360,23.194
391,21.301,23.095
392,21.265,23.047
393,21.306,23.106
394,21.324,23.130
395,21.330,23.138
396,21.321,23.109
397,21.295,23.067
398,21.301,23.068
399,21.304,23.113
400,21.295,23.077
401,21.267,23.065
402,21.274,23.056
403,21.300,23.114
404,21.308,23.117
405,21.331,23.144
406,21.317,23.110
407,21.354,23.135
408,21.370,23.163
409,21.412,23.210
410,21.370,23.138
411,21.428,23.225
412,21.416,23.200
413,21.417,23.180
414,21.381,23.151
415,21.377,23.107
416,21.392,23.149
417,21.367,23.127
418,21.405,23.156
419,21.338,23.081
420,21.367,23.120
421,21.305,23.034
422,21.310,23.059
423,21.249,22.979
424,21.274,23.000
425,21.243,22.964
426,21.193,22.905
427,21.179,22.896
428,21.116,22.822
429,21.126,22.834
430,21.072,22.754
431,21.070,22.757
432,21.043,22.728
433,21.000,22.676
434,20.999,22.663
435,20.927,22.582
436,20.946,22.580
437,20.938,22.590
438,20.952,22.587
439,20.939,22.577
440,20.944,22.588
441,20.950,22.601
442,20.924,22.548
443,20.960,22.615
444,20.955,22.604
445,20.976,22.616
446,20.942,22.593
447,20.914,22.558
448,20.919,22.554
449,20.931,22.587
450,20.889,22.524
451,20.870,22.493
452,20.864,22.495
453,20.865,22.475
454,20.869,22.486
455,20.826,22.441
456,20.813,22.420
457,20.818,22.417
458,20.841,22.455
459,20.836,22.424
460,20.834,22.443
461,20.790,22.379
462,20.823,22.425
463,20.830,22.449
464,20.828,22.432
465,20.810,22.404
466,20.821,22.425
467,20.804,22.400
468,20.789,22.383
469,20.807,22.408
470,20.775,22.356
471,20.772,22.359
472,20.764,22.341
473,20.751,22.323
474,20.752,22.322
475,20.753,22.335
476,20.768,22.344
477,20.765,22.354
478,20.774,22.376
479,20.767,22.346
480,20.761,22.350
481,20.752,22.335
482,20.768,22.351
483,20.762,22.347
484,20.756,22.344
485,20.746,22.322
486,20.740,22.309
487,20.749,22.324
488,20.746,22.331
489,20.740,22.319
490,20.754,22.336
491,20.725,22.294
492,20.732,22.314
493,20.699,22.262
494,20.699,22.254
495,20.733,22.306
496,20.721,22.286
497,20.720,22.285
498,20.719,22.292
499,20.695,22.264
500,20.733,22.327
501,20.709,22.270
502,20.725,22.317
503,20.731,22.319
504,20.760,22.353
505,20.737,22.328
506,20.762,22.357
507,20.777,22.372
508,20.775,22.353
509,20.787,22.375
510,20.768,22.347
511,20.758,22.326
512,20.763,22.339
513,20.774,22.362
514,20.774,22.341
515,20.758,22.321
516,20.746,22.304
517,20.779,22.346
518,20.776,22.341
519,20.782,22.342
520,20.806,22.382
521,20.783,22.346
522,20.841,22.424
523,20.790,22.359
524,20.767,22.301
525,20.763,22.299
526,20.785,22.318
527,20.783,22.304
528,20.854,22.409
529,20.876,22.427
530,20.888,22.433
531,20.899,22.415
532,20.861,22.365
533,20.939,22.460
534,20.922,22.431
535,20.959,22.469
536,20.990,22.499
537,21.174,22.765
538,21.062,22.594
539,21.039,22.548
540,21.023,22.485
541,21.058,22.553
542,21.179,22.722
543,21.073,22.560
544,21.134,22.626
545,21.091,22.563
546,21.143,22.648
547,21.169,22.686
548,21.147,22.674
549,21.176,22.738
550,21.121,22.674
551,21.051,22.613
552,21.059,22.649
553,20.964,22.539
554,20.908,22.512
555,20.834,22.431
556,20.850,22.453
557,20.759,22.337
558,20.845,22.460
559,20.801,22.387
560,20.810,22.418
561,20.975,22.665
562,20.978,22.673
563,20.859,22.492
564,20.865,22.505
565,20.825,22.445
566,20.811,22.458
567,20.826,22.471
568,20.784,22.413
569,20.867,22.531
570,21.091,22.860
571,20.964,22.661
572,20.967,22.643
573,20.932,22.576
574,20.933,22.575
575,20.968,22.621
576,20.946,22.563
577,20.999,22.648
578,20.972,22.586
579,20.929,22.518
580,20.973,22.587
581,20.985,22.599
582,20.952,22.577
583,20.995,22.644
584,21.007,22.677
585,20.959,22.624
586,20.923,22.573
587,20.876,22.509
588,20.911,22.588
589,20.857,22.514
590,20.963,22.645
591,20.940,22.636
592,20.924,22.608
593,20.943,22.637
594,20.976,22.688
595,20.961,22.655
596,21.000,22.710
597,20.931,22.606
598,21.039,22.780
599,21.062,22.783
600,21.058,22.761
601,21.093,22.812
602,21.115,22.829
603,21.196,22.970
604,21.186,22.930
605,21.152,22.869
606,21.181,22.922
607,21.169,22.885
608,21.229,22.982
609,21.171,22.891
610,21.232,22.976
611,21.152,22.887
612,21.196,22.932
613,21.139,22.868
614,21.145,22.879
615,21.141,22.881
616,21.166,22.909
617,21.165,22.903
618,21.214,22.971
619,21.178,22.900
620,21.220,22.975
621,21.249,23.021
622,21.222,22.963
623,21.224,22.972
624,21.202,22.944
625,21.240,23.005
626,21.237,22.975
627,21.145,22.865
628,21.124,22.842
629,21.179,22.926
630,21.247,23.045
631,21.147,22.904
632,21.156,22.903
633,21.080,22.819
634,21.123,22.850
635,21.161,22.913
636,21.186,22.939
637,21.272,23.054
638,21.245,23.019
639,21.243,23.003
640,21.156,22.872
641,21.181,22.908
642,21.166,22.896
643,21.144,22.873
644,21.072,22.780
645,21.072,22.773
646,21.058,22.739
647,21.095,22.792
648,21.131,22.828
649,21.127,22.810
650,21.147,22.830
651,21.192,22.892
652,21.141,22.811
653,21.110,22.793
654,21.111,22.793
655,21.062,22.750
656,21.161,22.891
657,20.988,22.660
658,21.177,22.939
659,21.091,22.817
660,20.956,22.615
661,21.067,22.801
662,21.042,22.761
663,21.011,22.681
664,21.028,22.720
665,21.196,22.967
666,21.026,22.734
667,21.042,22.757
668,21.013,22.713
669,20.980,22.662
670,21.054,22.770
671,20.993,22.679
672,21.002,22.711
673,21.006,22.724
674,20.946,22.642
675,20.927,22.603
676,20.948,22.635
677,20.930,22.590
678,20.898,22.555
679,20.896,22.537
680,20.926,22.570
681,20.948,22.588
682,21.023,22.687
683,20.943,22.577
684,20.880,22.507
685,20.922,22.547
686,20.878,22.504
687,20.876,22.493
688,20.870,22.494
689,20.781,22.371
690,20.867,22.497
691,20.888,22.498
692,20.990,22.660
693,20.968,22.612
694,20.980,22.628
695,21.003,22.650
696,21.103,22.780
697,21.016,22.664
698,20.997,22.650
699,20.965,22.607
700,21.031,22.709
701,20.994,22.666
702,21.003,22.709
703,20.975,22.650
704,20.975,22.656
705,21.000,22.694
706,21.029,22.716
707,21.009,22.686
708,21.045,22.733
709,20.971,22.632
710,20.948,22.606
711,20.910,22.575
712,20.915,22.590
713,20.882,22.563
714,20.930,22.657
715,20.971,22.705
716,20.933,22.638
717,20.916,22.596
718,20.936,22.610
719,20.927,22.591
720,20.935,22.615
721,20.968,22.668
722,20.950,22.635
723,21.045,22.755
724,21.046,22.735
725,21.054,22.721
726,21.103,22.788
727,21.118,22.822
728,21.116,22.841
729,21.088,22.832
730,21.029,22.766
731,21.061,22.780
732,21.061,22.773
733,21.018,22.706
734,21.035,22.712
735,21.070,22.751
736,21.100,22.796
737,21.098,22.821
738,21.064,22.791
739,21.059,22.778
740,21.073,22.793
741,21.090,22.830
742,21.107,22.827
743,21.148,22.860
744,21.219,22.935
745,21.226,22.960
746,21.286,23.083
747,21.216,22.997
748,21.360,23.182
749,21.231,22.986
750,21.351,23.176
751,21.296,23.085
752,21.247,23.016
753,21.277,23.056
754,21.221,22.992
755,21.058,22.779
756,21.125,22.873
757,21.200,22.969
758,21.192,22.971
759,21.121,22.874
760,21.217,22.987
761,21.221,23.001
762,21.237,23.027
763,21.412,23.301
764,21.312,23.125
765,21.222,23.008
766,21.229,22.994
767,21.204,22.970
768,21.250,23.036
769,21.228,22.989
770,21.203,22.951
771,21.228,23.003
772,21.250,23.015
773,21.183,22.921
774,21.203,22.949
775,21.188,22.923
776,21.242,23.013
777,21.202,22.936
778,21.196,22.938
779,21.186,22.918
780,21.195,22.948
781,21.191,22.934
782,21.161,22.917
783,21.196,22.961
784,21.213,22.979
785,21.190,22.979
786,21.140,22.900
787,21.047,22.763
788,21.091,22.834
789,21.077,22.796
790,21.094,22.830
791,21.115,22.863
792,21.147,22.919
793,21.058,22.791
794,21.148,22.930
795,21.124,22.884
796,21.160,22.953
797,21.116,22.888
798,21.164,22.956
799,21.150,22.926
800,21.132,22.899
801,21.143,22.910
802,21.135,22.920
803,21.146,22.915
804,21.193,22.959
805,21.187,22.968
806,21.221,22.997
807,21.186,22.964
808,21.209,22.992
809,21.198,22.988
810,21.186,22.971
811,21.239,23.039
812,21.221,23.012
813,21.227,23.019
814,21.215,23.023
815,21.242,23.055
816,21.230,23.057
817,21.264,23.088
818,21.231,23.031
819,21.274,23.088
820,21.308,23.108
821,21.306,23.108
822,21.329,23.128
823,21.313,23.124
824,21.309,23.115
825,21.330,23.175
826,21.290,23.141
827,21.163,22.969
828,21.294,23.172
829,21.222,23.055
830,21.244,23.089
831,21.224,23.054
832,21.189,23.002
833,21.245,23.076
834,21.268,23.115
835,21.280,23.149
836,21.262,23.128
837,21.226,23.071
838,21.262,23.115
839,21.262,23.076
840,21.243,23.051
841,21.237,23.049
842,21.225,23.052
843,21.210,23.036
844,21.141,22.957
845,21.238,23.098
846,21.245,23.098
847,21.213,23.038
848,21.276,23.112
849,21.274,23.101
850,21.260,23.054
851,21.289,23.100
852,21.354,23.169
853,21.338,23.169
854,21.326,23.172
855,21.312,23.148
856,21.324,23.168
857,21.281,23.108
858,21.297,23.107
859,21.299,23.106
860,21.200,22.972
861,21.332,23.149
862,21.331,23.137
863,21.349,23.156
864,21.363,23.156
865,21.384,23.203
866,21.428,23.253
867,21.445,23.261
868,21.516,23.328
869,21.466,23.274
870,21.506,23.334
871,21.576,23.433
872,21.520,23.356
873,21.587,23.446
874,21.536,23.364
875,21.467,23.266
876,21.505,23.321
877,21.504,23.354
878,21.477,23.330
879,21.509,23.360
880,21.389,23.183
881,21.395,23.203
882,21.374,23.176
883,21.491,23.322
884,21.396,23.210
885,21.404,23.218
886,21.418,23.232
887,21.397,23.194
888,21.517,23.371
889,21.510,23.378
890,21.435,23.262
891,21.449,23.296
892,21.448,23.283
893,21.451,23.307
894,21.442,23.281
895,21.438,23.272
896,21.455,23.305
897,21.410,23.242
898,21.425,23.266
899,21.451,23.295
900,21.308,23.080
901,21.288,23.055
902,21.390,23.207
903,21.330,23.117
904,21.340,23.147
905,21.335,23.130
906,21.327,23.130
907,21.346,23.149
908,21.335,23.139
909,21.233,22.997
910,21.304,23.097
911,21.347,23.183
912,21.331,23.149
913,21.281,23.062
914,21.298,23.082
915,21.317,23.115
916,21.328,23.131
917,21.314,23.122
918,21.210,22.955
919,21.306,23.086
920,21.270,23.026
921,21.308,23.080
922,21.295,23.065
923,21.269,23.032
924,21.295,23.063
925,21.284,23.067
926,21.289,23.066
927,21.250,23.018
928,21.277,23.064
929,21.295,23.102
930,21.227,22.985
931,21.272,23.076
932,21.298,23.105
933,21.273,23.078
934,21.284,23.078
935,21.292,23.115
936,21.313,23.136
937,21.289,23.088
938,21.286,23.096
939,21.319,23.148
940,21.270,23.082
941,21.265,23.089
942,21.265,23.103
943,21.256,23.059
944,21.257,23.069
945,21.238,23.054
946,21.247,23.080
947,21.246,23.061
948,21.277,23.092
949,21.261,23.072
950,21.253,23.097
951,21.213,23.018
952,21.313,23.169
953,21.280,23.105
954,21.317,23.177
955,21.283,23.110
956,21.327,23.170
957,21.264,23.077
958,21.302,23.132
959,21.279,23.079
960,21.239,23.031
961,21.307,23.120
962,21.289,23.102
963,21.283,23.090
964,21.296,23.113
965,21.271,23.068
966,21.294,23.121
967,21.306,23.119
968,21.313,23.136
969,21.297,23.109
970,21.268,23.042
971,21.367,23.190
972,21.329,23.126
973,21.327,23.124
974,21.314,23.070
975,21.256,22.997
976,21.336,23.116
977,21.312,23.093
978,21.305,23.073
979,21.323,23.082
980,21.336,23.118
981,21.316,23.079
982,21.348,23.125
983,21.335,23.116
984,21.348,23.136
985,21.348,23.149
986,21.319,23.097
987,21.287,23.043
988,21.265,23.013
989,21.276,23.034
990,21.241,22.975
991,21.354,23.140
992,21.304,23.071
993,21.350,23.150
994,21.307,23.083
995,21.295,23.076
996,21.331,23.132
997,21.314,23.072
998,21.343,23.124
999,21.266,22.993
1000,21.291,23.045
1001,21.376,23.167
1002,21.319,23.091
1003,21.313,23.086
1004,21.279,23.025
1005,21.310,23.082
1006,21.278,23.042
1007,21.254,22.994
1008,21.264,23.007
1009,21.259,22.991
1010,21.230,22.962
1011,21.257,23.003
1012,21.174,22.893
1013,21.271,23.027
1014,21.213,22.966
1015,21.239,23.022
1016,21.194,22.949
1017,21.202,22.952
1018,21.152,22.886
1019,21.234,23.014
1020,21.124,22.872
1021,21.203,22.955
1022,21.188,22.949
1023,21.183,22.923
1024,21.143,22.880
1025,21.159,22.872
1026,21.148,22.882
1027,21.175,22.888
1028,21.183,22.917
1029,21.194,22.922
1030,21.091,22.762
1031,21.213,22.942
1032,21.221,22.939
1033,21.269,22.998
1034,21.248,22.948
1035,21.254,22.987
1036,21.228,22.938
1037,21.195,22.931
1038,21.219,22.979
1039,21.191,22.941
1040,21.199,22.948
1041,21.161,22.911
1042,21.130,22.866
1043,21.117,22.884
1044,21.128,22.880
1045,21.108,22.845
1046,21.094,22.839
1047,20.994,22.695
1048,21.038,22.764
1049,21.080,22.835
1050,21.042,22.797
1051,21.033,22.786
1052,21.055,22.819
1053,21.037,22.808
1054,20.947,22.670
1055,20.983,22.710
1056,20.987,22.726
1057,21.078,22.861
1058,21.082,22.875
1059,21.075,22.856
1060,21.081,22.854
1061,21.099,22.884
1062,21.053,22.825
1063,21.049,22.796
1064,21.065,22.818
1065,21.043,22.800
1066,21.025,22.771
1067,21.030,22.798
1068,21.049,22.808
1069,21.041,22.805
1070,20.966,22.676
1071,20.982,22.682
1072,21.039,22.773
1073,21.070,22.813
1074,21.090,22.832
1075,21.108,22.851
1076,21.051,22.770
1077,21.131,22.891
1078,21.070,22.812
1079,21.157,22.925
1080,21.213,23.018
1081,21.179,22.952
1082,21.143,22.892
1083,21.193,22.958
1084,21.198,22.959
1085,21.216,22.996
1086,21.157,22.907
1087,21.126,22.872
1088,21.142,22.911
1089,21.026,22.738
1090,21.126,22.881
1091,21.125,22.866
1092,21.111,22.855
1093,21.133,22.876
1094,21.095,22.809
1095,21.107,22.852
1096,21.123,22.873
1097,21.080,22.798
1098,21.065,22.791
1099,21.096,22.815
1100,21.091,22.819
1101,21.081,22.819
1102,21.051,22.770
1103,21.017,22.746
1104,21.049,22.763
1105,20.989,22.677
1106,20.970,22.672
1107,21.080,22.815
1108,21.086,22.840
1109,21.066,22.791
1110,21.083,22.819
1111,21.076,22.830
1112,21.139,22.886
1113,21.134,22.889
1114,21.113,22.860
1115,21.168,22.926
1116,21.131,22.865
1117,21.101,22.843
1118,21.114,22.851
1119,21.053,22.757
1120,21.121,22.857
1121,21.139,22.892
1122,21.134,22.872
1123,21.192,22.985
1124,21.083,22.820
1125,21.126,22.878
1126,21.154,22.900
1127,21.158,22.924
1128,21.158,22.906
1129,21.162,22.905
1130,21.139,22.876
1131,21.084,22.789
1132,21.116,22.823
1133,21.178,22.915
1134,21.162,22.887
1135,21.190,22.928
1136,21.185,22.911
1137,21.206,22.925
1138,21.164,22.872
1139,21.194,22.905
1140,21.202,22.927
1141,21.209,22.933
1142,21.193,22.929
1143,21.124,22.825
1144,21.112,22.800
1145,21.191,22.918
1146,21.167,22.893
1147,21.094,22.791
1148,21.135,22.823
1149,21.161,22.881
1150,21.166,22.873
1151,21.091,22.776
1152,21.099,22.775
1153,21.131,22.831
1154,21.091,22.788
1155,21.108,22.809
1156,21.114,22.821
1157,21.131,22.844
1158,21.133,22.851
1159,21.176,22.903
1160,21.172,22.928
1161,21.097,22.787
1162,21.228,22.971
1163,21.201,22.926
1164,21.202,22.914
1165,21.215,22.896
1166,21.225,22.931
1167,21.167,22.835
1168,21.285,23.009
1169,21.255,22.953
1170,21.335,23.031
1171,21.295,22.992
1172,21.310,23.018
1173,21.288,23.008
1174,21.291,23.022
1175,21.282,22.992
1176,21.245,22.957
1177,21.235,22.954
1178,21.177,22.879
1179,21.126,22.825
1180,21.102,22.803
1181,21.113,22.809
1182,21.064,22.751
1183,21.051,22.728
1184,21.067,22.749
1185,21.048,22.703
1186,21.006,22.657
1187,20.973,22.628
1188,20.964,22.618
1189,20.855,22.449
1190,20.982,22.642
1191,20.985,22.623
1192,21.001,22.639
1193,20.951,22.571
1194,20.936,22.555
1195,20.953,22.564
1196,20.881,22.463
1197,20.895,22.479
1198,20.870,22.441
1199,20.925,22.520
1200,20.950,22.551
1201,20.912,22.519
1202,20.916,22.513
1203,20.936,22.536
1204,20.948,22.537
1205,20.956,22.551
1206,20.957,22.558
1207,20.964,22.554
1208,20.951,22.545
1209,20.923,22.508
1210,20.932,22.529
1211,20.886,22.479
1212,20.904,22.508
1213,20.810,22.358
1214,20.793,22.331
1215,20.832,22.392
1216,20.900,22.498
1217,20.906,22.494
1218,20.894,22.486
1219,20.911,22.504
1220,20.951,22.558
1221,20.962,22.588
1222,20.938,22.551
1223,20.952,22.583
1224,20.917,22.536
1225,20.835,22.421
1226,20.902,22.516
1227,20.906,22.526
1228,20.914,22.523
1229,20.925,22.545
1230,20.861,22.465
1231,20.837,22.408
1232,20.974,22.626
1233,20.955,22.577
1234,20.977,22.612
1235,20.989,22.662
1236,20.989,22.644
1237,20.989,22.619
1238,21.022,22.668
1239,21.024,22.664
1240,21.054,22.711
1241,21.117,22.780
1242,21.100,22.750
1243,21.087,22.730
1244,21.086,22.739
1245,21.097,22.748
1246,21.139,22.797
1247,21.133,22.787
1248,21.141,22.793
1249,21.143,22.796
1250,21.108,22.765
1251,21.121,22.788
1252,21.104,22.755
1253,21.089,22.738
1254,21.108,22.754
1255,21.102,22.743
1256,21.131,22.799
1257,21.158,22.840
1258,21.179,22.911
1259,21.130,22.825
1260,21.041,22.690
1261,21.068,22.697
1262,21.183,22.872
1263,21.192,22.916
1264,21.339,23.134
1265,21.071,22.712
1266,21.273,23.043
1267,21.165,22.891
1268,21.100,22.776
1269,21.062,22.724
1270,21.009,22.638
1271,20.984,22.587
1272,20.942,22.556
1273,21.007,22.637
1274,20.995,22.625
1275,20.969,22.598
1276,20.997,22.652
1277,20.945,22.583
1278,20.968,22.598
1279,20.989,22.633
1280,20.954,22.582
1281,20.998,22.632
1282,21.046,22.683
1283,21.049,22.692
1284,21.047,22.683
1285,21.039,22.667
1286,21.054,22.683
1287,21.058,22.676
1288,21.060,22.705
1289,21.087,22.736
1290,21.096,22.740
1291,21.070,22.707
1292,21.075,22.711
1293,21.102,22.751
1294,21.071,22.718
1295,21.088,22.725
1296,21.059,22.687
1297,21.109,22.744
1298,21.081,22.715
1299,21.100,22.731
1300,21.115,22.742
1301,21.105,22.732
1302,21.132,22.769
1303,21.155,22.784
1304,21.184,22.850
1305,21.164,22.818
1306,21.187,22.852
1307,21.165,22.793
1308,21.190,22.841
1309,21.178,22.828
1310,21.217,22.869
1311,21.182,22.824
1312,21.223,22.873
1313,21.234,22.883
1314,21.218,22.856
1315,21.227,22.881
1316,21.229,22.886
1317,21.258,22.940
1318,21.256,22.946
1319,21.267,22.952
1320,21.146,22.791
1321,21.163,22.815
1322,21.222,22.886
1323,21.172,22.814
1324,21.229,22.918
1325,21.253,22.950
1326,21.220,22.908
1327,21.166,22.819
1328,21.155,22.798
1329,21.173,22.826
1330,21.198,22.870
1331,21.256,22.926
1332,21.366,23.101
1333,21.426,23.152
1334,21.436,23.172
1335,21.453,23.181
1336,21.463,23.211
1337,21.520,23.265
1338,21.512,23.253
1339,21.593,23.373
1340,21.597,23.362
1341,21.606,23.393
1342,21.586,23.358
1343,21.569,23.332
1344,21.571,23.332
1345,21.601,23.390
1346,21.569,23.324
1347,21.590,23.366
1348,21.638,23.418
1349,21.578,23.353
1350,21.578,23.352
1351,21.607,23.391
1352,21.566,23.344
1353,21.594,23.367
1354,21.594,23.380
1355,21.578,23.362
1356,21.539,23.288
1357,21.540,23.312
1358,21.589,23.359
1359,21.537,23.279
1360,21.602,23.404
1361,21.608,23.402
1362,21.597,23.360
1363,21.584,23.366
1364,21.570,23.372
1365,21.572,23.373
1366,21.552,23.334
1367,21.468,23.193
1368,21.448,23.170
1369,21.453,23.181
1370,21.510,23.264
1371,21.382,23.069
1372,21.434,23.141
1373,21.437,23.123
1374,21.407,23.092
1375,21.412,23.108
1376,21.341,22.998
1377,21.342,23.008
1378,21.476,23.209
1379,21.443,23.175
1380,21.422,23.138
1381,21.417,23.115
1382,21.398,23.106
1383,21.488,23.223
1384,21.444,23.175
1385,21.403,23.120
1386,21.435,23.155
1387,21.281,22.946
1388,21.345,23.040
1389,21.353,23.064
1390,21.369,23.083
1391,21.354,23.080
1392,21.357,23.086
1393,21.402,23.165
1394,21.265,22.968
1395,21.366,23.116
1396,21.406,23.182
1397,21.353,23.105
1398,21.396,23.179
1399,21.357,23.093
1400,21.342,23.091
1401,21.321,23.054
1402,21.338,23.069
1403,21.311,23.041
1404,21.308,23.017
1405,21.332,23.079
1406,21.290,23.015
1407,21.317,23.074
1408,21.307,23.054
1409,21.332,23.062
1410,21.307,23.009
1411,21.327,23.057
1412,21.315,23.001
1413,21.352,23.068
1414,21.317,23.017
1415,21.369,23.084
1416,21.337,23.044
1417,21.343,23.037
1418,21.311,23.001
1419,21.317,23.017
1420,21.230,22.892
1421,21.254,22.927
1422,21.208,22.862
1423,21.267,22.958
1424,21.287,22.982
1425,21.267,22.965
1426,21.297,23.002
1427,21.323,23.011
1428,21.363,23.065
1429,21.340,23.045
1430,21.408,23.135
1431,21.391,23.109
1432,21.389,23.111
1433,21.402,23.144
1434,21.401,23.115
1435,21.399,23.112
1436,21.415,23.128
1437,21.426,23.140
1438,21.392,23.094
1439,21.464,23.199
1440,21.465,23.216
1441,21.473,23.206
1442,21.463,23.185
1443,21.478,23.245
1444,21.348,23.061
1445,21.414,23.136
1446,21.421,23.141
1447,21.439,23.200
1448,21.414,23.149
1449,21.419,23.156
1450,21.382,23.113
1451,21.386,23.136
1452,21.417,23.170
1453,21.397,23.159
1454,21.375,23.134
1455,21.354,23.106
1456,21.339,23.085
1457,21.359,23.100
1458,21.330,23.051
1459,21.305,23.033
1460,21.300,23.023
1461,21.315,23.042
1462,21.299,23.028
1463,21.240,22.931
1464,21.257,22.951
1465,21.376,23.137
1466,21.379,23.132
1467,21.381,23.134
1468,21.438,23.189
1469,21.440,23.193
1470,21.497,23.264
1471,21.488,23.286
1472,21.497,23.313
1473,21.523,23.339
1474,21.537,23.355
1475,21.569,23.412
1476,21.572,23.410
1477,21.587,23.432
1478,21.627,23.478
1479,21.610,23.473
1480,21.601,23.445
1481,21.595,23.457
1482,21.599,23.454
1483,21.591,23.462
1484,21.567,23.419
1485,21.588,23.450
1486,21.572,23.427
1487,21.613,23.487
1488,21.558,23.406
1489,21.564,23.403
1490,21.559,23.422
1491,21.498,23.338
1492,21.522,23.371
1493,21.486,23.338
1494,21.543,23.429
1495,21.417,23.222
1496,21.523,23.386
1497,21.493,23.346
1498,21.483,23.320
1499,21.458,23.290
1500,21.476,23.332
1501,21.363,23.151
1502,21.534,23.409
1503,21.504,23.357
1504,21.492,23.307
1505,21.530,23.377
1506,21.513,23.349
1507,21.511,23.333
1508,21.525,23.374
1509,21.495,23.335
1510,21.462,23.281
1511,21.460,23.284
1512,21.455,23.282
1513,21.456,23.288
1514,21.426,23.246
1515,21.376,23.166
1516,21.407,23.220
1517,21.431,23.257
1518,21.472,23.282
1519,21.455,23.258
1520,21.450,23.263
1521,21.458,23.273
1522,21.467,23.275
1523,21.446,23.231
1524,21.450,23.246
1525,21.455,23.276
1526,21.445,23.244
1527,21.432,23.262
1528,21.375,23.155
1529,21.379,23.177
1530,21.355,23.133
1531,21.338,23.133
1532,21.305,23.090
1533,21.416,23.276
1534,21.344,23.151
1535,21.339,23.158
1536,21.303,23.084
1537,21.299,23.079
1538,21.336,23.126
1539,21.331,23.116
1540,21.305,23.092
1541,21.287,23.064
1542,21.255,23.018
1543,21.273,23.052
1544,21.260,23.038
1545,21.224,23.017
1546,21.176,22.941
1547,21.213,22.992
1548,21.172,22.920
1549,21.118,22.859
1550,21.022,22.717
1551,21.120,22.871
1552,21.110,22.850
1553,21.090,22.839
1554,21.116,22.833
1555,21.009,22.687
1556,21.089,22.816
1557,21.007,22.689
1558,20.992,22.663
1559,21.105,22.824
1560,21.093,22.795
1561,21.071,22.772
1562,21.118,22.809
1563,21.116,22.815
1564,21.105,22.766
1565,21.151,22.839
1566,21.220,22.910
1567,21.267,22.969
1568,21.235,22.943
1569,21.269,22.992
1570,21.249,22.953
1571,21.229,22.919
1572,21.226,22.939
1573,21.221,22.940
1574,21.238,22.966
1575,21.229,22.964
1576,21.207,22.936
1577,21.227,22.994
1578,21.161,22.887
1579,21.164,22.887
1580,21.138,22.853
1581,21.136,22.838
1582,21.124,22.837
1583,21.141,22.864
1584,21.154,22.861
1585,21.188,22.902
1586,21.213,22.932
1587,21.187,22.889
1588,21.218,22.912
1589,21.181,22.887
1590,21.177,22.876
1591,21.177,22.886
1592,21.169,22.897
1593,21.135,22.831
1594,21.141,22.856
1595,21.156,22.864
1596,21.099,22.781
1597,21.215,22.941
1598,21.190,22.879
1599,21.052,22.670
1600,21.067,22.690
1601,21.071,22.703
1602,21.085,22.724
1603,21.089,22.748
1604,21.124,22.777
1605,21.097,22.724
1606,21.067,22.692
1607,21.035,22.665
1608,21.060,22.684
1609,21.101,22.734
1610,21.136,22.779
1611,21.157,22.800
1612,21.215,22.871
1613,21.224,22.886
1614,21.239,22.893
1615,21.270,22.933
1616,21.264,22.932
1617,21.282,22.975
1618,21.249,22.946
1619,21.259,22.965
1620,21.240,22.946
1621,21.263,23.006
1622,21.234,22.983
1623,21.260,23.018
1624,21.223,22.974
1625,21.191,22.926
1626,21.177,22.911
1627,21.181,22.915
1628,21.165,22.876
1629,21.134,22.835
1630,21.114,22.835
1631,21.109,22.829
1632,21.041,22.751
1633,21.012,22.700
1634,21.003,22.706
1635,20.982,22.679
1636,20.949,22.624
1637,20.961,22.653
1638,20.963,22.627
1639,20.923,22.566
1640,21.000,22.636
1641,21.004,22.635
1642,20.994,22.601
1643,21.052,22.674
1644,21.081,22.714
1645,21.053,22.675
1646,21.039,22.642
1647,21.050,22.644
1648,21.046,22.630
1649,21.054,22.643
1650,21.075,22.671
1651,21.067,22.652
1652,21.082,22.669
1653,21.114,22.696
1654,21.129,22.717
1655,21.138,22.707
1656,21.180,22.765
1657,21.160,22.710
1658,21.156,22.730
1659,21.142,22.726
1660,21.097,22.691
1661,21.090,22.675
1662,21.091,22.676
1663,21.099,22.689
1664,21.101,22.690
1665,21.137,22.740
1666,21.127,22.739
1667,21.176,22.800
1668,21.188,22.834
1669,21.190,22.868
1670,21.151,22.817
1671,21.115,22.774
1672,21.089,22.771
1673,21.150,22.910
1674,21.061,22.787
1675,21.135,22.897
1676,21.113,22.877
1677,21.242,23.072
1678,21.122,22.887
1679,21.099,22.851
1680,21.096,22.852
1681,21.082,22.838
1682,21.097,22.864
1683,21.062,22.792
1684,21.076,22.838
1685,21.116,22.879
1686,21.097,22.868
1687,21.099,22.875
1688,21.177,22.983
1689,21.169,22.974
1690,21.120,22.887
1691,21.158,22.951
1692,21.139,22.935
1693,21.172,22.957
1694,21.190,22.993
1695,21.189,22.973
1696,21.202,22.999
1697,21.158,22.920
1698,21.165,22.953
1699,21.176,22.964
1700,21.167,22.953
1701,21.132,22.907
1702,21.155,22.933
1703,21.139,22.908
1704,21.166,22.946
1705,21.178,22.969
1706,21.139,22.885
1707,21.156,22.931
1708,21.179,22.945
1709,21.184,22.949
1710,21.186,22.960
1711,21.241,23.024
1712,21.249,23.065
1713,21.245,23.043
1714,21.266,23.065
1715,21.261,23.088
1716,21.263,23.080
1717,21.274,23.102
1718,21.247,23.050
1719,21.231,23.030
1720,21.267,23.082
1721,21.270,23.091
1722,21.252,23.075
1723,21.268,23.065
1724,21.264,23.079
1725,21.285,23.089
1726,21.306,23.133
1727,21.302,23.114
1728,21.299,23.117
1729,21.300,23.127
1730,21.295,23.121
1731,21.295,23.116
1732,21.318,23.152
1733,21.328,23.151
1734,21.354,23.177
1735,21.366,23.185
1736,21.349,23.163
1737,21.359,23.183
1738,21.378,23.202
1739,21.386,23.198
1740,21.383,23.203
1741,21.381,23.200
1742,21.416,23.250
1743,21.405,23.251
1744,21.394,23.213
1745,21.389,23.211
1746,21.374,23.185
1747,21.374,23.199
1748,21.417,23.260
1749,21.381,23.201
1750,21.363,23.181
1751,21.369,23.189
1752,21.344,23.146
1753,21.347,23.158
1754,21.480,23.350
1755,21.418,23.234
1756,21.424,23.267
1757,21.457,23.266
1758,21.486,23.318
1759,21.499,23.342
1760,21.496,23.341
1761,21.512,23.338
1762,21.511,23.338
1763,21.485,23.301
1764,21.496,23.337
1765,21.474,23.278
1766,21.499,23.322
1767,21.524,23.362
1768,21.481,23.320
1769,21.465,23.296
1770,21.484,23.313
1771,21.478,23.316
1772,21.461,23.287
1773,21.474,23.330
1774,21.448,23.277
1775,21.435,23.254
1776,21.397,23.214
1777,21.401,23.220
1778,21.380,23.172
1779,21.378,23.186
1780,21.320,23.114
1781,21.321,23.134
1782,21.297,23.086
1783,21.305,23.117
1784,21.271,23.057
1785,21.312,23.100
1786,21.311,23.106
1787,21.351,23.156
1788,21.368,23.149
1789,21.437,23.251
1790,21.443,23.238
1791,21.488,23.287
1792,21.534,23.329
1793,21.534,23.330
1794,21.582,23.397
1795,21.515,23.317
1796,21.522,23.327
1797,21.522,23.336
1798,21.544,23.389
1799,21.467,23.267
1800,21.488,23.302
1801,21.466,23.251
1802,21.470,23.281
1803,21.426,23.220
1804,21.421,23.207
1805,21.413,23.212
1806,21.355,23.114
1807,21.365,23.143
1808,21.362,23.134
1809,21.397,23.196
1810,21.357,23.129
1811,21.428,23.213
1812,21.416,23.196
1813,21.395,23.180
1814,21.393,23.187
1815,21.275,23.014
1816,21.424,23.231
1817,21.394,23.213
1818,21.347,23.151
1819,21.346,23.138
1820,21.350,23.129
1821,21.361,23.148
1822,21.421,23.224
1823,21.280,23.027
1824,21.267,23.003
1825,21.183,22.871
1826,21.183,22.909
1827,21.219,22.946
1828,21.321,23.096
1829,21.337,23.112
1830,21.347,23.132
1831,21.338,23.119
1832,21.414,23.229
1833,21.385,23.170
1834,21.421,23.218
1835,21.448,23.261
1836,21.451,23.265
1837,21.459,23.288
1838,21.486,23.329
1839,21.441,23.250
1840,21.520,23.377
1841,21.393,23.190
