0,19.247,19.170
1,19.251,19.170
2,19.246,19.171
3,19.139,19.053
4,19.132,19.042
5,19.161,19.073
6,19.261,19.178
7,19.274,19.208
8,19.231,19.165
9,19.026,18.962
10,19.081,19.012
11,19.154,19.096
12,19.121,19.067
13,19.152,19.116
14,19.028,18.986
15,19.093,19.055
16,19.049,19.011
17,18.905,18.862
18,18.943,18.910
19,18.984,18.957
20,18.864,18.836
21,18.939,18.906
22,18.885,18.852
23,19.019,18.979
24,18.915,18.882
25,18.897,18.864
26,19.055,19.027
27,18.996,18.967
28,18.978,18.944
29,19.039,19.021
30,19.019,18.987
31,19.038,19.016
32,19.113,19.095
33,19.158,19.130
34,19.128,19.108
35,19.082,19.064
36,19.098,19.074
37,19.087,19.064
38,19.086,19.055
39,19.140,19.125
40,19.160,19.137
41,19.164,19.135
42,19.187,19.166
43,19.190,19.182
44,19.193,19.175
45,19.163,19.156
46,19.178,19.172
47,19.247,19.226
48,19.183,19.174
49,19.174,19.160
50,19.243,19.241
51,19.294,19.287
52,19.211,19.209
53,19.272,19.269
54,19.297,19.302
55,19.256,19.258
56,19.298,19.299
57,19.268,19.270
58,19.293,19.291
59,19.306,19.311
60,19.349,19.354
61,19.332,19.355
62,19.296,19.320
63,19.282,19.305
64,19.280,19.296
65,19.253,19.271
66,19.262,19.275
67,19.264,19.279
68,19.247,19.266
69,19.206,19.220
70,19.228,19.239
71,19.083,19.103
72,19.053,19.062
73,19.065,19.080
74,19.161,19.185
75,19.097,19.110
76,19.062,19.096
77,19.085,19.121
78,19.047,19.075
79,18.950,18.993
80,18.919,18.945
81,18.844,18.869
82,18.825,18.854
83,18.834,18.863
84,18.791,18.817
85,18.745,18.783
86,18.680,18.721
87,18.763,18.807
88,18.721,18.774
89,18.718,18.772
90,18.690,18.742
91,18.679,18.726
92,18.629,18.673
93,18.733,18.768
94,18.829,18.865
95,19.005,19.042
96,19.128,19.154
97,19.184,19.207
98,19.249,19.283
99,19.478,19.514
100,19.439,19.463
101,19.551,19.582
102,19.585,19.600
103,19.660,19.686
104,19.571,19.589
105,19.669,19.687
106,19.726,19.723
107,19.748,19.758
108,19.710,19.718
109,19.630,19.625
110,19.599,19.598
111,19.410,19.404
112,19.416,19.412
113,19.264,19.251
114,19.349,19.335
115,19.270,19.240
116,19.321,19.310
117,19.465,19.451
118,19.501,19.482
119,19.571,19.554
120,19.635,19.609
121,19.625,19.601
122,19.707,19.678
123,19.739,19.699
124,19.826,19.787
125,19.864,19.815
126,19.817,19.774
127,19.805,19.751
128,19.772,19.720
129,19.730,19.677
130,19.763,19.712
131,19.731,19.679
132,19.719,19.672
133,19.687,19.629
134,19.606,19.543
135,19.599,19.538
136,19.591,19.537
137,19.578,19.520
138,19.585,19.533
139,19.604,19.539
140,19.591,19.523
141,19.591,19.531
142,19.613,19.547
143,19.606,19.553
144,19.545,19.479
145,19.578,19.516
146,19.533,19.474
147,19.505,19.450
148,19.507,19.438
149,19.475,19.412
150,19.465,19.400
151,19.472,19.410
152,19.476,19.405
153,19.494,19.412
154,19.640,19.563
155,19.695,19.618
156,19.743,19.667
157,19.699,19.618
158,19.700,19.618
159,19.677,19.600
160,19.747,19.692
161,19.780,19.722
162,19.762,19.700
163,19.761,19.708
164,19.751,19.691
165,19.717,19.650
166,19.802,19.743
167,19.698,19.624
168,19.686,19.616
169,19.685,19.623
170,19.667,19.603
171,19.615,19.551
172,19.579,19.506
173,19.575,19.500
174,19.515,19.452
175,19.478,19.414
176,19.548,19.473
177,19.515,19.447
178,19.455,19.385
179,19.368,19.304
180,19.418,19.341
181,19.359,19.289
182,19.375,19.300
183,19.336,19.275
184,19.326,19.257
185,19.306,19.245
186,19.413,19.354
187,19.333,19.262
188,19.422,19.351
189,19.312,19.250
190,19.352,19.291
191,19.338,19.275
192,19.339,19.277
193,19.367,19.316
194,19.381,19.324
195,19.370,19.310
196,19.454,19.402
197,19.449,19.387
198,19.475,19.426
199,19.392,19.339
200,19.680,19.627
201,19.628,19.585
202,19.523,19.482
203,19.730,19.684
204,19.631,19.595
205,19.491,19.457
206,19.501,19.459
207,19.548,19.516
208,19.522,19.475
209,19.511,19.467
210,19.774,19.725
211,19.732,19.681
212,19.649,19.603
213,19.611,19.569
214,19.540,19.478
215,19.511,19.466
216,19.512,19.457
217,19.554,19.512
218,19.538,19.481
219,19.485,19.415
220,19.532,19.465
221,19.542,19.472
222,19.519,19.456
223,19.606,19.524
224,19.529,19.457
225,19.622,19.551
226,19.633,19.569
227,19.701,19.650
228,19.705,19.648
229,19.715,19.667
230,19.736,19.676
231,19.701,19.638
232,19.667,19.593
233,19.622,19.548
234,19.640,19.578
235,19.643,19.574
236,19.638,19.577
237,19.733,19.668
238,19.719,19.651
239,19.669,19.604
240,19.823,19.762
241,19.979,19.928
242,19.627,19.559
243,19.552,19.497
244,19.552,19.488
245,19.558,19.497
246,19.354,19.281
247,19.401,19.334
248,19.327,19.255
249,19.435,19.370
250,19.427,19.371
251,19.591,19.537
252,19.561,19.511
253,19.492,19.434
254,20.039,19.985
255,19.739,19.685
256,19.543,19.494
257,19.538,19.481
258,19.565,19.499
259,19.708,19.650
260,19.815,19.746
261,19.653,19.578
262,19.517,19.437
263,19.637,19.567
264,19.635,19.572
265,19.740,19.677
266,19.643,19.562
267,19.579,19.503
268,19.657,19.568
269,19.726,19.633
270,19.806,19.713
271,19.720,19.612
272,19.669,19.560
273,19.484,19.377
274,19.469,19.377
275,19.456,19.346
276,19.464,19.352
277,19.474,19.366
278,19.517,19.392
279,19.426,19.320
280,19.479,19.357
281,19.514,19.393
282,19.551,19.433
283,19.507,19.391
284,19.521,19.403
285,19.517,19.401
286,19.488,19.376
287,19.426,19.321
288,19.440,19.332
289,19.432,19.327
290,19.402,19.307
291,19.358,19.255
292,19.400,19.298
293,19.344,19.245
294,19.369,19.271
295,19.325,19.223
296,19.294,19.190
297,19.284,19.177
298,19.292,19.190
299,19.272,19.177
300,19.362,19.268
301,19.271,19.180
302,19.238,19.141
303,19.291,19.192
304,19.273,19.166
305,19.222,19.139
306,19.226,19.132
307,19.218,19.117
308,19.235,19.147
309,19.188,19.090
310,19.214,19.114
311,19.131,19.031
312,19.196,19.089
313,19.242,19.147
314,19.174,19.061
315,19.111,19.002
316,19.157,19.047
317,19.220,19.124
318,19.131,19.035
319,19.173,19.064
320,19.293,19.196
321,19.148,19.058
322,19.234,19.139
323,19.154,19.057
324,19.142,19.036
325,19.081,18.988
326,19.104,19.011
327,19.161,19.079
328,19.125,19.055
329,19.097,19.011
330,19.178,19.099
331,19.077,19.004
332,19.090,19.015
333,19.096,19.022
334,19.222,19.157
335,19.141,19.071
336,19.164,19.090
337,19.187,19.124
338,19.171,19.116
339,19.274,19.212
340,19.159,19.100
341,19.159,19.099
342,19.146,19.085
343,19.191,19.146
344,19.096,19.052
345,19.126,19.075
346,19.153,19.103
347,19.152,19.108
348,19.104,19.064
349,19.209,19.157
350,19.250,19.213
351,19.275,19.232
352,19.202,19.180
353,19.186,19.157
354,19.226,19.199
355,19.163,19.141
356,19.195,19.166
357,19.215,19.188
358,19.210,19.192
359,19.221,19.198
360,19.200,19.185
361,19.175,19.164
362,19.115,19.101
363,19.116,19.101
364,19.138,19.115
365,19.080,19.064
366,19.040,19.021
367,19.013,19.005
368,19.019,19.009
369,19.041,19.028
370,19.059,19.044
371,19.132,19.117
372,19.349,19.333
373,19.264,19.245
374,19.260,19.254
375,19.222,19.202
376,19.152,19.140
377,19.169,19.156
378,19.180,19.174
379,19.163,19.152
380,19.194,19.178
381,19.192,19.191
382,19.144,19.151
383,19.237,19.227
384,19.275,19.268
385,19.277,19.270
386,19.212,19.209
387,19.315,19.309
388,19.316,19.304
389,19.333,19.329
390,19.352,19.336
391,19.345,19.336
392,19.374,19.364
393,19.313,19.304
394,19.356,19.351
395,19.435,19.411
396,19.451,19.441
397,19.579,19.566
398,19.555,19.539
399,19.384,19.363
400,19.580,19.565
401,19.643,19.638
402,19.695,19.693
403,19.694,19.694
404,19.894,19.886
405,19.795,19.790
406,19.767,19.765
407,19.774,19.765
408,19.839,19.831
409,19.855,19.837
410,19.824,19.805
411,20.033,20.025
412,19.881,19.877
413,19.899,19.901
414,19.832,19.827
415,19.835,19.835
416,19.781,19.774
417,19.814,19.803
418,19.792,19.783
419,19.742,19.720
420,19.731,19.729
421,19.737,19.731
422,19.781,19.787
423,19.727,19.734
424,19.721,19.729
425,19.751,19.766
426,19.749,19.756
427,19.737,19.735
428,19.712,19.712
429,19.649,19.658
430,19.611,19.621
431,19.673,19.684
432,19.597,19.617
433,19.593,19.610
434,19.605,19.613
435,19.653,19.656
436,19.605,19.614
437,19.537,19.549
438,19.525,19.538
439,19.534,19.543
440,19.513,19.525
441,19.582,19.599
442,19.499,19.519
443,19.469,19.496
444,19.453,19.476
445,19.369,19.391
446,19.389,19.407
447,19.288,19.310
448,19.331,19.356
449,19.262,19.285
450,19.232,19.265
451,19.263,19.279
452,19.199,19.211
453,19.173,19.186
454,19.142,19.175
455,19.072,19.096
456,19.087,19.115
457,19.037,19.058
458,19.029,19.041
459,19.115,19.139
460,19.101,19.120
461,19.109,19.136
462,19.048,19.068
463,19.084,19.106
464,19.055,19.077
465,19.104,19.134
466,19.131,19.153
467,19.164,19.194
468,19.224,19.247
469,19.304,19.327
470,19.365,19.396
471,19.288,19.323
472,19.277,19.303
473,19.256,19.284
474,19.268,19.295
475,19.313,19.336
476,19.348,19.375
477,19.329,19.366
478,19.160,19.187
479,19.244,19.272
480,19.332,19.361
481,19.335,19.361
482,19.431,19.465
483,19.634,19.671
484,19.400,19.434
485,19.453,19.477
486,19.565,19.599
487,19.467,19.489
488,19.514,19.535
489,19.598,19.623
490,19.624,19.638
491,19.587,19.613
492,19.576,19.594
493,19.695,19.709
494,19.655,19.666
495,19.737,19.765
496,19.716,19.724
497,19.828,19.841
498,19.851,19.873
499,19.883,19.903
500,19.921,19.941
501,19.896,19.918
502,19.824,19.830
503,19.942,19.953
504,20.030,20.036
505,20.012,20.023
506,20.010,20.021
507,20.093,20.098
508,20.135,20.153
509,20.074,20.083
510,20.019,20.030
511,20.014,20.034
512,19.877,19.878
513,19.997,19.996
514,20.119,20.125
515,20.008,20.007
516,20.051,20.050
517,20.059,20.070
518,20.030,20.042
519,19.950,19.972
520,19.927,19.932
521,20.038,20.058
522,19.979,19.987
523,19.863,19.850
524,19.967,19.982
525,19.968,19.978
526,19.818,19.818
527,19.844,19.837
528,19.728,19.714
529,19.778,19.775
530,19.795,19.804
531,19.859,19.865
532,19.779,19.808
533,19.813,19.823
534,19.895,19.910
535,19.696,19.688
536,19.796,19.798
537,19.816,19.813
538,19.799,19.803
539,19.733,19.737
540,19.697,19.691
541,19.673,19.663
542,19.635,19.633
543,19.633,19.625
544,19.700,19.704
545,19.664,19.658
546,19.669,19.667
547,19.705,19.694
548,19.718,19.710
549,19.688,19.669
550,19.711,19.701
551,19.711,19.701
552,19.732,19.731
553,19.739,19.730
554,19.699,19.686
555,19.718,19.704
556,19.691,19.666
557,19.622,19.608
558,19.659,19.632
559,19.628,19.607
560,19.656,19.634
561,19.690,19.667
562,19.768,19.737
563,19.668,19.646
564,19.646,19.631
565,19.614,19.598
566,19.563,19.540
567,19.521,19.497
568,19.509,19.487
569,19.522,19.510
570,19.461,19.447
571,19.462,19.454
572,19.468,19.453
573,19.450,19.440
574,19.427,19.406
575,19.479,19.472
576,19.473,19.455
577,19.448,19.428
578,19.442,19.428
579,19.386,19.366
580,19.316,19.300
581,19.344,19.331
582,19.364,19.353
583,19.458,19.453
584,19.457,19.443
585,19.515,19.496
586,19.545,19.533
587,19.480,19.472
588,19.553,19.547
589,19.570,19.563
590,19.582,19.570
591,19.583,19.579
592,19.644,19.645
593,19.569,19.561
594,19.507,19.493
595,19.489,19.473
596,19.532,19.517
597,19.493,19.478
598,19.550,19.550
599,19.576,19.573
600,19.532,19.526
601,19.465,19.457
602,19.469,19.457
603,19.465,19.448
604,19.493,19.478
605,19.445,19.433
606,19.383,19.373
607,19.367,19.350
608,19.403,19.395
609,19.412,19.400
610,19.322,19.310
611,19.282,19.271
612,19.347,19.343
613,19.372,19.368
614,19.313,19.296
615,19.349,19.337
616,19.331,19.316
617,19.368,19.354
618,19.299,19.280
619,19.378,19.365
620,19.318,19.296
621,19.433,19.412
622,19.548,19.530
623,19.514,19.488
624,19.556,19.544
625,19.449,19.426
626,19.589,19.582
627,19.648,19.629
628,19.654,19.641
629,19.535,19.519
630,19.596,19.591
631,19.654,19.642
632,19.521,19.505
633,19.616,19.610
634,19.489,19.466
635,19.519,19.502
636,19.455,19.428
637,19.462,19.426
638,19.509,19.487
639,19.515,19.484
640,19.597,19.569
641,19.663,19.634
642,19.669,19.648
643,19.610,19.584
644,19.568,19.540
645,19.564,19.541
646,19.519,19.497
647,19.563,19.547
648,19.627,19.618
649,19.621,19.602
650,19.692,19.690
651,19.718,19.706
652,19.726,19.700
653,19.814,19.791
654,19.862,19.829
655,19.859,19.833
656,19.877,19.832
657,19.849,19.811
658,19.802,19.770
659,19.819,19.788
660,19.846,19.817
661,19.812,19.780
662,19.826,19.801
663,19.757,19.717
664,19.720,19.678
665,19.853,19.803
666,19.881,19.836
667,19.883,19.847
668,19.848,19.796
669,19.816,19.764
670,19.777,19.729
671,19.779,19.738
672,19.734,19.690
673,19.735,19.681
674,19.769,19.708
675,19.826,19.779
676,19.865,19.827
677,19.746,19.703
678,19.802,19.771
679,19.740,19.708
680,19.902,19.877
681,19.900,19.868
682,19.819,19.780
683,19.868,19.844
684,19.892,19.876
685,19.893,19.864
686,19.741,19.713
687,19.868,19.851
688,19.894,19.866
689,19.688,19.655
690,19.699,19.667
691,19.659,19.621
692,19.651,19.605
693,19.638,19.592
694,19.673,19.632
695,19.645,19.608
696,19.603,19.564
697,19.621,19.573
698,19.669,19.617
699,19.655,19.606
700,19.631,19.573
701,19.622,19.581
702,19.610,19.571
703,19.602,19.563
704,19.620,19.578
705,19.637,19.592
706,19.620,19.576
707,19.642,19.598
708,19.853,19.817
709,19.730,19.687
710,19.871,19.831
711,19.776,19.743
712,19.855,19.822
713,19.789,19.756
714,19.808,19.773
715,19.760,19.723
716,19.831,19.809
717,19.872,19.843
718,19.892,19.859
719,19.701,19.658
720,19.714,19.673
721,19.627,19.580
722,19.733,19.699
723,19.701,19.672
724,19.766,19.739
725,19.743,19.704
726,19.791,19.765
727,19.778,19.754
728,19.828,19.811
729,19.750,19.723
730,19.837,19.803
731,19.871,19.846
732,19.876,19.861
733,19.730,19.707
734,19.826,19.804
735,19.872,19.858
736,19.835,19.830
737,19.892,19.871
738,19.843,19.821
739,19.832,19.810
740,19.715,19.680
741,19.727,19.701
742,19.728,19.700
743,19.869,19.863
744,19.883,19.862
745,19.834,19.821
746,19.686,19.669
747,19.707,19.683
748,19.696,19.681
749,19.657,19.631
750,19.763,19.745
751,19.779,19.778
752,19.654,19.640
753,19.620,19.610
754,19.592,19.587
755,19.528,19.521
756,19.588,19.586
757,19.565,19.543
758,19.618,19.607
759,19.633,19.615
760,19.578,19.560
761,19.648,19.631
762,19.548,19.525
763,19.692,19.678
764,19.606,19.593
765,19.461,19.437
766,19.528,19.510
767,19.455,19.446
768,19.572,19.566
769,19.576,19.567
770,19.612,19.604
771,19.658,19.654
772,19.506,19.488
773,19.573,19.578
774,19.419,19.418
775,19.484,19.490
776,19.445,19.434
777,19.505,19.507
778,19.446,19.434
779,19.553,19.550
780,19.522,19.509
781,19.500,19.498
782,19.428,19.412
783,19.571,19.568
784,19.402,19.384
785,19.436,19.423
786,19.368,19.348
787,19.371,19.355
788,19.312,19.280
789,19.423,19.422
790,19.484,19.484
791,19.481,19.476
792,19.396,19.381
793,19.499,19.487
794,19.566,19.562
795,19.529,19.519
796,19.522,19.513
797,19.444,19.424
798,19.452,19.448
799,19.425,19.415
800,19.342,19.324
801,19.395,19.380
802,19.410,19.397
803,19.345,19.324
804,19.374,19.358
805,19.363,19.361
806,19.283,19.277
807,19.165,19.150
808,19.183,19.177
809,19.236,19.226
810,19.260,19.245
811,19.200,19.188
812,19.218,19.203
813,19.328,19.323
814,19.303,19.287
815,19.297,19.286
816,19.268,19.249
817,19.355,19.337
818,19.331,19.316
819,19.327,19.306
820,19.441,19.413
821,19.421,19.390
822,19.326,19.296
823,19.278,19.246
824,19.303,19.287
825,19.300,19.268
826,19.304,19.267
827,19.333,19.294
828,19.349,19.310
829,19.314,19.274
830,19.346,19.306
831,19.371,19.338
832,19.325,19.281
833,19.163,19.128
834,19.305,19.271
835,19.260,19.222
836,19.216,19.176
837,19.031,18.988
838,18.992,18.946
839,18.884,18.846
840,18.959,18.923
841,18.999,18.955
842,19.095,19.060
843,19.074,19.037
844,19.042,18.998
845,19.141,19.099
846,19.086,19.024
847,19.103,19.061
848,19.116,19.064
849,19.128,19.080
850,19.165,19.121
851,19.233,19.178
852,19.175,19.128
853,19.202,19.138
854,19.194,19.125
855,19.026,18.969
856,18.946,18.894
857,18.989,18.935
858,18.934,18.876
859,18.914,18.858
860,18.913,18.854
861,19.069,19.010
862,18.975,18.909
863,18.949,18.890
864,19.013,18.951
865,18.945,18.902
866,19.007,18.965
867,19.003,18.959
868,19.098,19.045
869,19.025,18.964
870,19.057,18.998
871,19.256,19.210
872,19.108,19.047
873,18.999,18.932
874,19.010,18.948
875,19.030,18.966
876,19.056,19.010
877,18.979,18.917
878,18.929,18.880
879,18.785,18.742
880,18.953,18.918
881,18.969,18.924
882,18.944,18.902
883,18.911,18.872
884,18.947,18.908
885,18.944,18.901
886,18.920,18.878
887,18.921,18.889
888,18.865,18.826
889,18.863,18.816
890,18.832,18.798
891,18.928,18.895
892,18.904,18.873
893,18.924,18.893
894,18.929,18.901
895,18.961,18.929
896,18.880,18.847
897,18.953,18.915
898,18.898,18.860
899,18.897,18.852
900,18.956,18.926
901,18.831,18.791
902,18.923,18.882
903,18.901,18.867
904,18.942,18.902
905,18.978,18.939
906,19.008,18.970
907,18.805,18.758
908,18.948,18.896
909,18.911,18.860
910,18.934,18.881
911,18.882,18.835
912,18.924,18.880
913,18.844,18.787
914,19.123,19.076
915,18.864,18.813
916,18.862,18.820
917,18.820,18.779
918,18.792,18.740
919,18.831,18.785
920,18.718,18.672
921,18.857,18.814
922,18.761,18.728
923,19.031,18.992
924,18.780,18.743
925,19.047,19.010
926,18.900,18.864
927,18.741,18.707
928,18.767,18.728
929,18.796,18.766
930,18.811,18.769
931,18.665,18.636
932,18.682,18.652
933,18.695,18.675
934,18.728,18.714
935,18.725,18.705
936,18.709,18.690
937,18.793,18.768
938,18.843,18.827
939,18.915,18.898
940,18.887,18.865
941,18.849,18.819
942,18.868,18.852
943,18.779,18.754
944,18.779,18.732
945,18.788,18.757
946,18.827,18.789
947,18.872,18.839
948,18.912,18.875
949,18.891,18.863
950,18.885,18.856
951,18.928,18.897
952,18.823,18.791
953,18.835,18.801
954,18.932,18.902
955,18.842,18.806
956,18.940,18.912
957,19.045,19.023
958,19.032,19.012
959,19.090,19.070
960,19.118,19.097
961,19.147,19.113
962,19.150,19.116
963,19.241,19.214
964,19.204,19.177
965,19.243,19.213
966,19.315,19.293
967,19.207,19.196
968,19.241,19.233
969,19.284,19.268
970,19.242,19.230
971,19.215,19.199
972,19.195,19.175
973,19.211,19.195
974,19.153,19.132
975,19.144,19.122
976,19.157,19.135
977,19.138,19.116
978,19.065,19.044
979,19.043,19.026
980,19.024,19.005
981,18.984,18.957
982,19.068,19.041
983,19.088,19.060
984,19.079,19.048
985,19.146,19.106
986,19.175,19.135
987,19.203,19.171
988,19.151,19.115
989,19.106,19.056
990,19.073,19.031
991,19.039,19.009
992,18.950,18.915
993,18.974,18.940
994,19.059,19.031
995,19.104,19.075
996,19.151,19.123
997,19.101,19.077
998,19.164,19.139
999,19.143,19.112
1000,19.141,19.108
1001,19.128,19.107
1002,19.082,19.039
1003,19.107,19.065
1004,19.054,19.020
1005,19.036,18.999
1006,19.046,19.011
1007,19.028,18.995
1008,18.979,18.939
1009,19.042,19.009
1010,18.981,18.939
1011,19.045,19.007
1012,18.947,18.909
1013,19.068,19.033
1014,19.142,19.107
1015,19.091,19.052
1016,19.062,19.018
1017,19.056,19.005
1018,19.020,18.975
1019,19.023,18.991
1020,18.976,18.934
1021,18.976,18.935
1022,18.903,18.868
1023,18.922,18.879
1024,18.901,18.858
1025,18.817,18.782
1026,18.796,18.761
1027,18.883,18.849
1028,18.871,18.839
1029,18.926,18.879
1030,18.879,18.831
1031,18.931,18.893
1032,18.999,18.963
1033,19.066,19.031
1034,19.179,19.146
1035,19.028,18.996
1036,19.051,19.021
1037,19.014,18.960
1038,19.144,19.097
1039,19.095,19.037
1040,19.060,19.002
1041,19.136,19.086
1042,19.078,19.026
1043,19.023,18.977
1044,19.112,19.069
1045,19.122,19.056
1046,19.303,19.254
1047,19.071,19.011
1048,19.180,19.125
1049,19.230,19.185
1050,18.951,18.902
1051,19.049,19.000
1052,19.066,19.030
1053,18.948,18.908
1054,18.969,18.930
1055,18.862,18.809
1056,18.930,18.877
1057,18.953,18.913
1058,18.962,18.917
1059,19.008,18.971
1060,19.043,19.004
1061,18.994,18.950
1062,19.162,19.109
1063,19.095,19.049
1064,19.121,19.075
1065,19.012,18.946
1066,19.083,19.025
1067,19.058,19.006
1068,19.123,19.067
1069,19.163,19.111
1070,19.087,19.024
1071,19.093,19.033
1072,19.157,19.101
1073,19.015,18.950
1074,19.112,19.050
1075,19.154,19.093
1076,19.197,19.125
1077,19.247,19.172
1078,19.289,19.224
1079,19.107,19.035
1080,19.153,19.082
1081,19.107,19.049
1082,19.201,19.133
1083,19.131,19.064
1084,19.114,19.026
1085,19.055,18.982
1086,19.070,18.997
1087,19.085,19.024
1088,19.083,19.024
1089,18.994,18.940
1090,19.008,18.945
1091,19.036,18.976
1092,19.136,19.067
1093,19.159,19.097
1094,19.141,19.068
1095,19.177,19.105
1096,19.058,18.973
1097,19.110,19.027
1098,19.232,19.156
1099,19.147,19.070
1100,19.207,19.120
1101,19.283,19.201
1102,19.227,19.138
1103,19.298,19.221
1104,19.321,19.241
1105,19.211,19.133
1106,19.317,19.239
1107,19.150,19.068
1108,19.238,19.159
1109,19.134,19.066
1110,19.155,19.087
1111,19.144,19.082
1112,19.001,18.925
1113,18.959,18.888
1114,19.056,19.000
1115,19.024,18.960
1116,19.079,19.018
1117,19.066,19.002
1118,18.950,18.887
1119,18.884,18.829
1120,18.922,18.868
1121,18.911,18.854
1122,19.002,18.944
1123,18.940,18.881
1124,18.961,18.903
1125,19.081,19.023
1126,19.080,19.033
1127,19.000,18.947
1128,18.937,18.872
1129,18.899,18.836
1130,18.943,18.887
1131,18.860,18.805
1132,18.835,18.779
1133,18.734,18.675
1134,18.737,18.682
1135,18.679,18.632
1136,19.003,18.956
1137,18.797,18.736
1138,18.771,18.696
1139,18.775,18.695
1140,18.779,18.717
1141,18.805,18.740
1142,18.849,18.782
1143,18.893,18.835
1144,18.865,18.798
1145,18.818,18.753
1146,18.831,18.760
1147,18.885,18.827
1148,18.881,18.820
1149,18.836,18.780
1150,18.672,18.606
1151,18.679,18.613
1152,18.804,18.741
1153,18.862,18.817
1154,18.752,18.693
1155,18.724,18.662
1156,18.698,18.640
1157,18.702,18.635
1158,18.746,18.679
1159,18.800,18.729
1160,18.785,18.703
1161,18.692,18.603
1162,18.629,18.545
1163,18.696,18.611
1164,18.581,18.488
1165,18.789,18.712
1166,18.739,18.659
1167,18.787,18.715
1168,18.884,18.817
1169,18.745,18.668
1170,18.669,18.602
1171,18.801,18.735
1172,18.699,18.630
1173,18.790,18.717
1174,18.886,18.830
1175,18.760,18.700
1176,18.749,18.676
1177,18.805,18.730
1178,18.777,18.700
1179,18.872,18.801
1180,18.708,18.633
1181,18.774,18.705
1182,18.819,18.738
1183,18.754,18.673
1184,18.923,18.842
1185,19.007,18.924
1186,19.058,18.970
1187,19.033,18.951
1188,18.911,18.833
1189,18.782,18.695
1190,18.892,18.814
1191,18.771,18.676
1192,18.822,18.744
1193,18.872,18.789
1194,18.824,18.733
1195,18.933,18.840
1196,18.973,18.888
1197,18.875,18.786
1198,18.746,18.641
1199,18.786,18.689
1200,18.774,18.671
1201,18.897,18.797
1202,18.860,18.774
1203,18.775,18.675
1204,18.813,18.718
1205,18.807,18.705
1206,18.899,18.797
1207,18.834,18.726
1208,18.870,18.772
1209,18.784,18.676
1210,18.878,18.775
1211,18.767,18.651
1212,18.767,18.648
1213,18.837,18.729
1214,18.777,18.651
1215,18.725,18.597
1216,18.831,18.716
1217,18.838,18.712
1218,18.820,18.691
1219,18.952,18.830
1220,18.839,18.710
1221,18.940,18.822
1222,18.814,18.677
1223,18.849,18.726
1224,18.805,18.675
1225,18.901,18.770
1226,18.851,18.737
1227,18.873,18.750
1228,18.911,18.801
1229,18.827,18.701
1230,18.895,18.782
1231,18.877,18.735
1232,18.753,18.633
1233,18.804,18.679
1234,18.776,18.651
1235,18.832,18.704
1236,18.814,18.682
1237,18.894,18.774
1238,18.844,18.727
1239,18.896,18.785
1240,18.911,18.794
1241,18.847,18.730
1242,18.803,18.679
1243,18.903,18.779
1244,18.877,18.750
1245,18.973,18.853
1246,18.914,18.780
1247,18.916,18.781
1248,18.888,18.755
1249,18.961,18.821
1250,18.928,18.796
1251,19.012,18.873
1252,18.965,18.836
1253,19.216,19.071
1254,19.146,18.999
1255,19.122,18.971
1256,19.049,18.920
1257,18.981,18.834
1258,19.081,18.947
1259,18.948,18.798
1260,18.906,18.761
1261,18.998,18.861
1262,18.959,18.803
1263,18.942,18.785
1264,19.015,18.863
1265,18.971,18.813
1266,18.976,18.820
1267,19.188,19.031
1268,19.118,18.957
1269,19.150,19.002
1270,19.098,18.936
1271,19.087,18.924
1272,19.071,18.910
1273,19.056,18.903
1274,19.142,18.991
1275,18.939,18.781
1276,18.990,18.837
1277,18.950,18.796
1278,18.955,18.796
1279,18.916,18.761
1280,19.070,18.909
1281,19.054,18.898
1282,19.157,19.011
1283,19.033,18.905
1284,19.078,18.941
1285,19.007,18.870
1286,19.033,18.897
1287,18.930,18.774
1288,18.893,18.748
1289,18.869,18.734
1290,18.857,18.730
1291,18.882,18.749
1292,18.934,18.818
1293,18.889,18.770
1294,18.851,18.730
1295,18.827,18.711
1296,18.807,18.690
1297,18.808,18.693
1298,18.814,18.694
1299,18.775,18.662
1300,18.762,18.655
1301,18.774,18.666
1302,18.749,18.634
1303,18.785,18.663
1304,18.793,18.665
1305,18.835,18.711
1306,18.870,18.756
1307,18.976,18.874
1308,18.891,18.789
1309,18.924,18.822
1310,18.949,18.847
1311,18.944,18.835
1312,18.988,18.876
1313,18.960,18.853
1314,18.944,18.829
1315,18.966,18.849
1316,19.011,18.888
1317,19.002,18.879
1318,18.992,18.870
1319,19.042,18.903
1320,19.084,18.951
1321,19.123,18.986
1322,19.114,18.985
1323,19.099,18.978
1324,19.206,19.081
1325,19.262,19.132
1326,19.183,19.054
1327,19.180,19.053
1328,19.229,19.107
1329,19.327,19.210
1330,19.297,19.179
1331,19.233,19.119
1332,19.148,19.039
1333,19.042,18.931
1334,19.042,18.909
1335,18.920,18.793
1336,18.822,18.693
1337,18.751,18.626
1338,18.742,18.603
1339,18.704,18.553
1340,18.652,18.507
1341,18.650,18.493
1342,18.576,18.425
1343,18.523,18.367
1344,18.733,18.589
1345,18.692,18.545
1346,18.651,18.504
1347,18.790,18.639
1348,18.761,18.614
1349,18.793,18.641
1350,18.830,18.675
1351,18.880,18.726
1352,18.961,18.810
1353,19.004,18.852
1354,19.009,18.859
1355,18.977,18.825
1356,18.961,18.809
1357,18.905,18.758
1358,18.885,18.735
1359,18.986,18.851
1360,18.929,18.799
1361,18.921,18.793
1362,18.941,18.809
1363,19.022,18.873
1364,19.067,18.919
1365,19.079,18.930
1366,19.053,18.906
1367,19.111,18.956
1368,19.147,18.986
1369,19.176,19.021
1370,19.179,19.028
1371,19.145,18.990
1372,19.143,18.988
1373,19.163,19.001
1374,19.162,19.002
1375,19.123,18.954
1376,19.110,18.946
1377,19.042,18.879
1378,19.065,18.903
1379,19.097,18.932
1380,19.112,18.952
1381,19.112,18.948
1382,19.241,19.082
1383,19.223,19.057
1384,19.305,19.139
1385,19.257,19.093
1386,19.399,19.242
1387,19.398,19.232
1388,19.402,19.243
1389,19.300,19.139
1390,19.247,19.076
1391,19.193,19.029
1392,19.230,19.069
1393,19.176,19.012
1394,19.362,19.209
1395,19.253,19.097
1396,19.200,19.034
1397,19.365,19.214
1398,19.356,19.203
1399,19.294,19.136
1400,19.341,19.191
1401,19.391,19.226
1402,19.386,19.227
1403,19.430,19.270
1404,19.378,19.224
1405,19.249,19.090
1406,19.279,19.124
1407,19.322,19.168
1408,19.254,19.102
1409,19.251,19.090
1410,19.276,19.114
1411,19.297,19.150
1412,19.402,19.261
1413,19.301,19.152
1414,19.343,19.196
1415,19.268,19.123
1416,19.335,19.186
1417,19.232,19.075
1418,19.255,19.100
1419,19.203,19.052
1420,19.214,19.065
1421,19.205,19.056
1422,19.245,19.095
1423,19.297,19.159
1424,19.259,19.115
1425,19.187,19.039
1426,19.275,19.131
1427,19.190,19.041
1428,19.168,19.022
1429,19.150,19.010
1430,19.301,19.160
1431,19.185,19.036
1432,19.257,19.119
1433,19.287,19.148
1434,19.163,19.007
1435,19.199,19.062
1436,19.291,19.148
1437,19.317,19.188
1438,19.156,19.010
1439,19.223,19.099
1440,19.218,19.097
1441,19.198,19.061
1442,19.046,18.905
1443,19.083,18.940
1444,19.171,19.038
1445,19.090,18.962
1446,19.055,18.919
1447,19.258,19.127
1448,19.031,18.898
1449,19.076,18.944
1450,19.094,18.959
1451,19.061,18.920
1452,18.993,18.857
1453,18.932,18.795
1454,18.987,18.859
1455,18.971,18.843
1456,18.986,18.854
1457,18.880,18.758
1458,18.861,18.726
1459,18.772,18.636
1460,19.005,18.878
1461,18.986,18.858
1462,19.003,18.885
1463,18.969,18.837
1464,18.995,18.872
1465,19.021,18.894
1466,18.920,18.778
1467,19.154,19.027
1468,19.120,18.998
1469,19.102,18.966
1470,18.984,18.844
1471,19.095,18.954
1472,19.010,18.865
1473,19.088,18.942
1474,19.188,19.047
1475,19.111,18.956
1476,19.130,18.987
1477,19.153,19.019
1478,19.006,18.863
1479,19.050,18.906
1480,18.977,18.835
1481,19.059,18.923
1482,18.960,18.823
1483,19.112,18.984
1484,19.038,18.883
1485,19.012,18.869
1486,19.127,18.997
1487,18.938,18.807
1488,19.115,18.997
1489,18.984,18.861
1490,18.807,18.677
1491,18.932,18.816
1492,18.800,18.686
1493,18.902,18.780
1494,18.796,18.674
1495,19.309,19.194
1496,18.870,18.757
1497,18.840,18.733
1498,18.801,18.689
1499,18.906,18.789
1500,18.826,18.701
1501,19.012,18.905
1502,19.058,18.932
1503,19.259,19.151
1504,19.259,19.154
1505,19.815,19.726
1506,19.412,19.330
1507,18.876,18.772
1508,18.834,18.732
1509,18.795,18.691
1510,18.816,18.726
1511,18.914,18.820
1512,19.509,19.406
1513,18.969,18.893
1514,18.790,18.696
1515,19.395,19.304
1516,18.878,18.780
1517,18.853,18.741
1518,18.887,18.780
1519,18.977,18.864
1520,19.159,19.042
1521,19.017,18.891
1522,18.851,18.730
1523,18.821,18.709
1524,19.015,18.914
1525,18.922,18.818
1526,18.859,18.743
1527,18.994,18.879
1528,19.077,18.966
1529,19.075,18.967
1530,18.895,18.775
1531,18.955,18.831
1532,18.971,18.842
1533,18.827,18.708
1534,19.008,18.882
1535,18.916,18.792
1536,18.950,18.834
1537,18.991,18.872
1538,19.121,19.000
1539,19.132,19.019
1540,19.123,19.011
1541,19.077,18.954
1542,19.117,18.999
1543,19.029,18.906
1544,19.145,19.022
1545,19.119,18.997
1546,19.106,18.978
1547,19.137,19.008
1548,19.031,18.895
1549,19.045,18.903
1550,19.021,18.889
1551,18.926,18.801
1552,18.930,18.815
1553,18.917,18.800
1554,18.873,18.754
1555,18.918,18.794
1556,18.955,18.822
1557,19.046,18.921
1558,19.109,18.988
1559,19.156,19.024
1560,19.098,18.981
1561,19.026,18.893
1562,19.167,19.047
1563,19.183,19.054
1564,19.199,19.073
1565,19.193,19.068
1566,19.110,18.989
1567,19.195,19.070
1568,19.159,19.042
1569,19.158,19.042
1570,19.146,19.030
1571,19.117,18.997
1572,19.165,19.044
1573,19.100,18.968
1574,19.144,19.014
1575,19.203,19.069
1576,19.177,19.047
1577,19.196,19.069
1578,19.198,19.062
1579,19.173,19.031
1580,19.296,19.146
1581,19.230,19.086
1582,19.266,19.123
1583,19.275,19.136
1584,19.272,19.125
1585,19.292,19.148
1586,19.306,19.160
1587,19.233,19.089
1588,19.285,19.146
1589,19.337,19.206
1590,19.384,19.246
1591,19.360,19.214
1592,19.393,19.245
1593,19.378,19.231
1594,19.367,19.226
1595,19.356,19.223
1596,19.352,19.203
1597,19.317,19.174
1598,19.248,19.106
1599,19.071,18.929
1600,19.239,19.111
1601,19.202,19.082
1602,19.147,19.017
1603,19.077,18.934
1604,19.075,18.953
1605,19.078,18.962
1606,19.008,18.874
1607,19.133,19.005
1608,19.249,19.128
1609,18.907,18.771
1610,18.959,18.837
1611,18.932,18.807
1612,18.896,18.766
1613,19.001,18.862
1614,19.312,19.186
1615,18.828,18.695
1616,18.853,18.727
1617,19.310,19.176
1618,19.005,18.877
1619,19.044,18.908
1620,19.089,18.954
1621,19.188,19.034
1622,19.065,18.905
1623,19.017,18.869
1624,19.332,19.180
1625,19.400,19.253
1626,19.509,19.357
1627,19.224,19.072
1628,19.226,19.081
1629,19.069,18.922
1630,19.137,18.986
1631,19.160,19.003
1632,19.095,18.930
1633,19.396,19.256
1634,19.056,18.910
1635,19.120,18.971
1636,19.093,18.929
1637,19.149,19.007
1638,19.188,19.049
1639,19.262,19.105
1640,19.083,18.909
1641,19.127,18.973
1642,19.062,18.897
1643,19.240,19.083
1644,19.179,19.019
1645,19.045,18.863
1646,19.091,18.923
1647,19.072,18.900
1648,19.169,19.006
1649,19.064,18.901
1650,19.187,19.026
1651,19.194,19.038
1652,19.105,18.938
1653,19.074,18.927
1654,18.992,18.832
1655,19.060,18.911
1656,19.046,18.903
1657,19.105,18.961
1658,19.062,18.922
1659,19.141,19.003
1660,19.134,18.997
1661,19.205,19.071
1662,19.218,19.091
1663,19.295,19.158
1664,19.324,19.166
1665,19.335,19.172
1666,19.319,19.164
1667,19.294,19.145
1668,19.285,19.116
1669,19.337,19.186
1670,19.398,19.236
1671,19.448,19.296
1672,19.505,19.354
1673,19.612,19.461
1674,19.511,19.360
1675,19.558,19.400
1676,19.586,19.436
1677,19.519,19.367
1678,19.527,19.366
1679,19.542,19.393
1680,19.554,19.382
1681,19.538,19.363
1682,19.710,19.539
1683,19.777,19.617
1684,19.738,19.585
1685,19.688,19.537
1686,19.730,19.568
1687,19.704,19.535
1688,19.737,19.586
1689,19.663,19.501
1690,19.662,19.503
1691,19.659,19.508
1692,19.741,19.582
1693,19.652,19.494
1694,19.573,19.417
1695,19.666,19.515
1696,19.658,19.511
1697,19.694,19.547
1698,19.668,19.515
1699,19.640,19.498
1700,19.575,19.431
1701,19.648,19.511
1702,19.572,19.430
1703,19.542,19.406
1704,19.593,19.455
1705,19.650,19.525
1706,19.663,19.531
1707,19.643,19.501
1708,19.609,19.453
1709,19.596,19.453
1710,19.698,19.564
1711,19.602,19.473
1712,19.616,19.469
1713,19.650,19.503
1714,19.700,19.554
1715,19.659,19.512
1716,19.623,19.473
1717,19.638,19.490
1718,19.698,19.554
1719,19.673,19.515
1720,19.647,19.504
1721,19.693,19.548
1722,19.687,19.539
1723,19.670,19.524
1724,19.787,19.637
1725,19.746,19.598
1726,19.687,19.540
1727,19.671,19.519
1728,19.650,19.500
1729,19.631,19.479
1730,19.602,19.471
1731,19.614,19.479
1732,19.633,19.495
1733,19.634,19.497
1734,19.596,19.478
1735,19.533,19.402
1736,19.516,19.377
1737,19.476,19.356
1738,19.551,19.422
1739,19.462,19.344
1740,19.432,19.314
1741,19.454,19.338
1742,19.436,19.325
1743,19.354,19.232
1744,19.336,19.233
1745,19.411,19.307
1746,19.190,19.071
1747,19.191,19.073
1748,19.214,19.105
1749,19.127,19.008
1750,19.141,19.031
1751,19.124,19.020
1752,18.982,18.873
1753,19.017,18.926
1754,18.913,18.806
1755,18.934,18.841
1756,18.918,18.819
1757,18.761,18.642
1758,18.814,18.698
1759,18.787,18.698
1760,18.739,18.647
1761,18.736,18.646
1762,18.679,18.593
1763,18.642,18.546
1764,18.603,18.505
1765,18.628,18.536
1766,18.540,18.452
1767,18.499,18.405
1768,18.511,18.407
1769,18.497,18.409
1770,18.444,18.358
1771,18.411,18.320
1772,18.440,18.355
1773,18.354,18.281
1774,18.365,18.303
1775,18.350,18.271
1776,18.241,18.173
1777,18.246,18.180
1778,18.223,18.158
1779,18.180,18.105
1780,18.086,18.009
1781,18.136,18.065
1782,18.092,18.021
1783,18.020,17.947
1784,17.996,17.915
1785,18.034,17.961
1786,18.051,17.977
1787,17.985,17.922
1788,17.975,17.902
1789,17.946,17.886
1790,17.942,17.875
1791,17.976,17.910
1792,18.001,17.938
1793,17.924,17.853
1794,17.907,17.839
1795,17.929,17.870
1796,17.937,17.887
1797,17.870,17.822
1798,17.984,17.945
1799,18.002,17.948
1800,17.990,17.955
1801,17.990,17.961
1802,18.083,18.049
1803,18.184,18.146
1804,18.276,18.240
1805,18.331,18.289
1806,18.315,18.286
1807,18.395,18.357
1808,18.495,18.453
1809,18.519,18.488
1810,18.542,18.506
1811,18.627,18.597
1812,18.617,18.595
1813,18.602,18.567
1814,18.530,18.512
1815,18.482,18.460
1816,18.467,18.445
1817,18.412,18.385
1818,18.421,18.403
1819,18.418,18.399
1820,18.323,18.309
1821,18.300,18.280
1822,18.304,18.284
1823,18.311,18.295
1824,18.279,18.269
1825,18.313,18.300
1826,18.322,18.301
1827,18.253,18.240
1828,18.222,18.217
1829,18.251,18.239
1830,18.212,18.192
1831,18.216,18.198
1832,18.212,18.198
1833,18.088,18.071
1834,18.081,18.074
1835,17.860,17.835
1836,17.893,17.864
1837,17.756,17.731
1838,17.650,17.631
1839,17.582,17.558
1840,17.710,17.695
