0,24.992,25.595
1,24.989,25.582
2,24.991,25.597
3,24.828,25.388
4,25.133,25.742
5,25.167,25.792
6,25.196,25.821
7,25.196,25.830
8,25.174,25.773
9,25.250,25.888
10,25.247,25.874
11,25.236,25.858
12,25.298,25.938
13,25.288,25.923
14,25.269,25.892
15,25.011,25.605
16,25.031,25.629
17,24.973,25.560
18,24.958,25.559
19,24.945,25.536
20,24.885,25.466
21,25.142,25.781
22,25.073,25.694
23,24.992,25.598
24,24.914,25.507
25,24.938,25.540
26,24.913,25.516
27,24.887,25.502
28,24.919,25.529
29,24.757,25.344
30,25.039,25.674
31,25.083,25.723
32,24.989,25.613
33,24.800,25.393
34,24.835,25.450
35,25.143,25.799
36,25.152,25.784
37,25.176,25.814
38,25.221,25.875
39,25.170,25.813
40,25.119,25.756
41,25.151,25.796
42,25.280,25.955
43,25.233,25.904
44,24.876,25.468
45,24.878,25.476
46,24.891,25.501
47,24.868,25.481
48,24.837,25.441
49,24.773,25.359
50,25.076,25.726
51,25.091,25.741
52,25.059,25.717
53,25.031,25.675
54,25.007,25.652
55,24.894,25.536
56,24.988,25.628
57,25.035,25.700
58,24.777,25.394
59,24.724,25.320
60,24.732,25.329
61,24.962,25.596
62,24.686,25.286
63,24.664,25.276
64,24.631,25.227
65,24.908,25.544
66,24.905,25.558
67,24.988,25.643
68,25.008,25.679
69,24.951,25.598
70,24.902,25.537
71,24.970,25.608
72,24.907,25.555
73,24.801,25.426
74,24.689,25.292
75,24.959,25.599
76,24.877,25.508
77,24.866,25.497
78,24.821,25.449
79,24.806,25.425
80,24.787,25.420
81,24.783,25.403
82,24.761,25.387
83,24.702,25.310
84,24.704,25.320
85,24.694,25.302
86,24.667,25.281
87,24.664,25.270
88,24.665,25.261
89,24.584,25.183
90,24.554,25.144
91,24.571,25.160
92,24.564,25.143
93,24.779,25.380
94,24.625,25.205
95,24.569,25.147
96,24.640,25.222
97,24.616,25.176
98,24.680,25.258
99,24.786,25.396
100,24.687,25.271
101,24.658,25.240
102,24.654,25.229
103,24.635,25.215
104,24.695,25.283
105,24.759,25.342
106,24.514,25.067
107,24.454,25.012
108,24.424,24.973
109,24.654,25.235
110,24.581,25.154
111,24.575,25.167
112,24.568,25.159
113,24.527,25.101
114,24.513,25.088
115,24.544,25.111
116,24.531,25.106
117,24.307,24.844
118,24.427,25.000
119,24.379,24.954
120,24.587,25.195
121,24.459,25.039
122,24.536,25.122
123,24.299,24.848
124,24.494,25.061
125,24.441,25.000
126,24.537,25.106
127,24.500,25.058
128,24.520,25.095
129,24.587,25.150
130,24.336,24.869
131,24.651,25.226
132,24.580,25.141
133,24.633,25.214
134,24.634,25.189
135,24.684,25.265
136,24.732,25.315
137,24.637,25.211
138,24.667,25.258
139,24.706,25.286
140,24.653,25.230
141,24.751,25.357
142,24.736,25.327
143,24.563,25.150
144,24.571,25.163
145,24.656,25.272
146,24.552,25.136
147,24.701,25.316
148,24.683,25.286
149,24.784,25.416
150,24.622,25.213
151,24.752,25.346
152,24.959,25.608
153,24.950,25.595
154,24.815,25.425
155,24.822,25.446
156,24.836,25.457
157,24.801,25.408
158,24.894,25.530
159,24.801,25.404
160,24.722,25.302
161,24.763,25.353
162,24.759,25.370
163,24.627,25.209
164,24.725,25.328
165,24.647,25.231
166,24.651,25.234
167,24.717,25.327
168,24.700,25.297
169,24.676,25.272
170,24.758,25.361
171,24.684,25.276
172,24.668,25.262
173,24.698,25.311
174,24.649,25.245
175,24.640,25.239
176,24.706,25.322
177,24.687,25.302
178,24.631,25.230
179,24.805,25.428
180,24.720,25.332
181,24.514,25.096
182,24.447,25.011
183,24.533,25.120
184,24.451,25.017
185,24.673,25.286
186,24.583,25.195
187,24.568,25.178
188,24.567,25.166
189,24.489,25.060
190,24.508,25.097
191,24.540,25.146
192,24.513,25.111
193,24.480,25.067
194,24.545,25.164
195,24.578,25.196
196,24.603,25.223
197,24.613,25.239
198,24.611,25.218
199,24.561,25.168
200,24.604,25.217
201,24.626,25.251
202,24.617,25.224
203,24.662,25.270
204,24.622,25.227
205,24.627,25.227
206,24.654,25.274
207,24.693,25.306
208,24.653,25.262
209,24.651,25.257
210,24.675,25.297
211,24.685,25.314
212,24.660,25.275
213,24.657,25.264
214,24.646,25.260
215,24.807,25.432
216,24.693,25.320
217,24.797,25.443
218,24.792,25.433
219,24.830,25.471
220,24.550,25.143
221,24.820,25.471
222,24.952,25.618
223,24.779,25.411
224,24.782,25.417
225,24.740,25.357
226,24.784,25.411
227,24.723,25.331
228,24.700,25.306
229,24.740,25.340
230,24.666,25.259
231,24.770,25.371
232,24.708,25.322
233,24.678,25.294
234,24.613,25.210
235,24.638,25.261
236,24.665,25.268
237,24.729,25.348
238,24.591,25.174
239,24.619,25.224
240,24.531,25.111
241,24.544,25.123
242,24.481,25.050
243,24.595,25.178
244,24.671,25.258
245,24.685,25.284
246,24.630,25.211
247,24.648,25.244
248,24.677,25.271
249,24.732,25.330
250,24.759,25.359
251,24.789,25.392
252,24.810,25.416
253,24.770,25.372
254,24.823,25.410
255,24.912,25.513
256,24.922,25.532
257,24.957,25.572
258,24.969,25.597
259,25.107,25.751
260,24.952,25.576
261,24.834,25.440
262,24.788,25.400
263,24.830,25.436
264,24.820,25.430
265,24.839,25.466
266,24.823,25.440
267,24.938,25.596
268,24.901,25.544
269,24.977,25.638
270,25.034,25.719
271,25.050,25.739
272,25.049,25.726
273,25.085,25.756
274,25.121,25.798
275,25.167,25.852
276,25.176,25.868
277,25.213,25.904
278,25.202,25.876
279,25.168,25.834
280,25.185,25.845
281,25.164,25.832
282,25.227,25.911
283,25.211,25.877
284,25.205,25.871
285,25.218,25.878
286,25.206,25.862
287,25.279,25.955
288,25.226,25.895
289,25.334,26.014
290,25.196,25.859
291,25.226,25.896
292,25.072,25.722
293,25.094,25.756
294,25.200,25.885
295,25.099,25.767
296,25.187,25.867
297,25.151,25.809
298,25.141,25.795
299,25.190,25.853
300,25.244,25.926
301,25.143,25.809
302,25.132,25.801
303,25.151,25.819
304,25.182,25.849
305,25.167,25.831
306,25.163,25.851
307,25.098,25.761
308,25.095,25.771
309,25.109,25.793
310,25.073,25.745
311,24.987,25.655
312,25.056,25.719
313,25.042,25.707
314,25.064,25.740
315,24.959,25.615
316,24.883,25.529
317,24.887,25.524
318,24.914,25.562
319,24.864,25.512
320,24.886,25.548
321,24.832,25.484
322,24.864,25.513
323,24.871,25.512
324,24.922,25.584
325,24.846,25.483
326,24.935,25.589
327,24.966,25.628
328,24.949,25.621
329,24.875,25.519
330,24.896,25.547
331,24.801,25.430
332,24.840,25.469
333,24.973,25.635
334,24.973,25.648
335,24.977,25.648
336,25.140,25.822
337,25.086,25.752
338,25.066,25.743
339,25.303,26.027
340,25.108,25.780
341,25.189,25.888
342,25.198,25.916
343,25.186,25.913
344,25.285,26.035
345,25.188,25.900
346,25.269,25.994
347,25.455,26.223
348,25.413,26.171
349,25.396,26.154
350,25.449,26.213
351,25.558,26.349
352,25.458,26.231
353,25.449,26.197
354,25.390,26.146
355,25.375,26.126
356,25.384,26.130
357,25.444,26.211
358,25.462,26.226
359,25.474,26.231
360,25.482,26.241
361,25.518,26.289
362,25.570,26.360
363,25.441,26.220
364,25.454,26.228
365,25.466,26.247
366,25.366,26.127
367,25.324,26.095
368,25.388,26.188
369,25.324,26.101
370,25.334,26.132
371,25.314,26.098
372,25.349,26.138
373,25.292,26.081
374,25.330,26.108
375,25.392,26.170
376,25.428,26.212
377,25.397,26.205
378,25.435,26.231
379,25.420,26.228
380,25.468,26.295
381,25.453,26.272
382,25.380,26.188
383,25.263,26.052
384,25.189,25.971
385,25.190,25.961
386,25.309,26.103
387,25.281,26.073
388,25.318,26.101
389,25.374,26.164
390,25.402,26.187
391,25.534,26.351
392,25.462,26.257
393,25.438,26.228
394,25.457,26.254
395,25.461,26.235
396,25.515,26.303
397,25.542,26.339
398,25.630,26.468
399,25.650,26.475
400,25.658,26.493
401,25.607,26.439
402,25.535,26.369
403,25.551,26.394
404,25.576,26.438
405,25.581,26.447
406,25.601,26.487
407,25.562,26.449
408,25.542,26.458
409,25.629,26.551
410,25.594,26.525
411,25.624,26.563
412,25.639,26.576
413,25.695,26.642
414,25.671,26.606
415,25.698,26.653
416,25.759,26.729
417,25.749,26.722
418,25.717,26.680
419,25.761,26.715
420,25.761,26.721
421,25.792,26.743
422,25.808,26.761
423,25.822,26.777
424,25.816,26.767
425,25.823,26.760
426,25.816,26.776
427,25.801,26.726
428,25.801,26.740
429,25.810,26.725
430,25.805,26.724
431,25.779,26.686
432,25.837,26.759
433,25.858,26.777
434,25.846,26.771
435,25.803,26.701
436,25.808,26.735
437,25.779,26.693
438,25.731,26.633
439,25.756,26.660
440,25.797,26.726
441,25.767,26.693
442,25.796,26.746
443,25.825,26.789
444,25.846,26.808
445,25.793,26.738
446,25.851,26.809
447,25.879,26.846
448,25.862,26.818
449,25.834,26.764
450,25.903,26.850
451,25.902,26.848
452,25.885,26.845
453,25.852,26.801
454,25.872,26.809
455,25.820,26.728
456,25.865,26.796
457,25.877,26.820
458,25.932,26.872
459,25.870,26.790
460,25.895,26.843
461,25.869,26.804
462,25.809,26.739
463,25.820,26.763
464,25.790,26.703
465,25.785,26.712
466,25.796,26.713
467,25.726,26.624
468,25.798,26.723
469,25.775,26.700
470,25.823,26.790
471,25.844,26.810
472,25.828,26.777
473,25.808,26.768
474,25.801,26.757
475,25.739,26.708
476,25.741,26.722
477,25.726,26.723
478,25.726,26.722
479,25.748,26.764
480,25.787,26.794
481,25.608,26.586
482,25.621,26.591
483,25.641,26.634
484,25.889,26.982
485,25.825,26.884
486,25.862,26.930
487,25.886,26.966
488,25.892,26.971
489,25.975,27.066
490,25.960,27.037
491,25.978,27.079
492,26.071,27.202
493,25.946,27.047
494,26.077,27.219
495,25.800,26.831
496,26.092,27.206
497,26.157,27.282
498,26.031,27.093
499,26.091,27.162
500,26.137,27.232
501,26.057,27.118
502,26.069,27.124
503,26.056,27.087
504,26.028,27.050
505,26.009,27.015
506,25.985,26.963
507,26.000,26.988
508,25.990,26.964
509,26.003,26.987
510,25.956,26.947
511,25.967,26.953
512,25.977,26.954
513,25.968,26.956
514,25.946,26.905
515,25.968,26.926
516,25.902,26.835
517,25.989,26.955
518,25.905,26.829
519,25.961,26.891
520,25.865,26.779
521,25.844,26.746
522,25.842,26.721
523,25.841,26.714
524,25.867,26.720
525,25.826,26.660
526,25.787,26.629
527,25.763,26.594
528,25.793,26.616
529,25.812,26.646
530,25.808,26.639
531,25.816,26.630
532,25.840,26.652
533,25.860,26.674
534,25.876,26.694
535,25.845,26.646
536,25.801,26.610
537,25.808,26.608
538,25.807,26.615
539,25.829,26.631
540,25.798,26.607
541,25.754,26.540
542,25.771,26.559
543,25.730,26.512
544,25.689,26.457
545,25.676,26.427
546,25.683,26.436
547,25.711,26.483
548,25.708,26.466
549,25.703,26.469
550,25.761,26.541
551,25.758,26.533
552,25.733,26.484
553,25.746,26.517
554,25.772,26.546
555,25.736,26.509
556,25.740,26.505
557,25.689,26.452
558,25.653,26.380
559,25.650,26.387
560,25.565,26.281
561,25.631,26.376
562,25.630,26.358
563,25.630,26.365
564,25.606,26.328
565,25.639,26.368
566,25.497,26.200
567,25.506,26.190
568,25.483,26.173
569,25.454,26.133
570,25.394,26.047
571,25.383,26.038
572,25.396,26.047
573,25.361,26.005
574,25.466,26.125
575,25.348,25.993
576,25.401,26.031
577,25.395,26.025
578,25.372,26.006
579,25.392,26.028
580,25.394,26.029
581,25.435,26.053
582,25.438,26.063
583,25.363,25.969
584,25.386,26.002
585,25.371,25.978
586,25.338,25.928
587,25.418,26.048
588,25.531,26.179
589,25.453,26.065
590,25.379,25.992
591,25.373,25.982
592,25.366,25.974
593,25.429,26.030
594,25.434,26.052
595,25.359,25.962
596,25.344,25.935
597,25.324,25.920
598,25.342,25.935
599,25.346,25.937
600,25.362,25.959
601,25.338,25.940
602,25.307,25.891
603,25.361,25.964
604,25.245,25.807
605,25.380,26.008
606,25.227,25.808
607,25.463,26.094
608,25.226,25.785
609,25.251,25.844
610,25.333,25.933
611,25.289,25.869
612,25.388,25.995
613,25.490,26.105
614,25.470,26.075
615,25.399,25.998
616,25.388,25.992
617,25.281,25.835
618,25.344,25.927
619,25.339,25.903
620,25.258,25.814
621,25.346,25.932
622,25.313,25.891
623,25.353,25.917
624,25.367,25.950
625,25.334,25.905
626,25.337,25.928
627,25.278,25.832
628,25.277,25.839
629,25.341,25.922
630,25.346,25.929
631,25.300,25.887
632,25.276,25.845
633,25.353,25.938
634,24.985,25.490
635,25.004,25.536
636,25.326,25.899
637,25.289,25.871
638,25.260,25.855
639,25.272,25.858
640,25.273,25.848
641,25.265,25.839
642,25.281,25.855
643,25.289,25.852
644,25.099,25.642
645,25.335,25.925
646,25.363,25.950
647,25.352,25.951
648,25.398,26.006
649,25.343,25.923
650,25.415,26.019
651,25.454,26.069
652,25.485,26.121
653,25.491,26.126
654,25.487,26.113
655,25.452,26.085
656,25.472,26.096
657,25.463,26.083
658,25.439,26.038
659,25.475,26.084
660,25.451,26.064
661,25.468,26.085
662,25.463,26.088
663,25.532,26.156
664,25.566,26.209
665,25.533,26.163
666,25.589,26.210
667,25.627,26.274
668,25.664,26.314
669,25.649,26.310
670,25.618,26.260
671,25.688,26.370
672,25.653,26.300
673,25.697,26.370
674,25.625,26.272
675,25.602,26.245
676,25.677,26.340
677,25.615,26.268
678,25.632,26.285
679,25.685,26.349
680,25.582,26.222
681,25.574,26.208
682,25.672,26.343
683,25.614,26.272
684,25.649,26.314
685,25.666,26.336
686,25.588,26.237
687,25.571,26.226
688,25.519,26.174
689,25.473,26.097
690,25.477,26.121
691,25.434,26.076
692,25.304,25.928
693,25.347,25.975
694,25.384,26.025
695,25.402,26.046
696,25.389,26.026
697,25.490,26.166
698,25.513,26.192
699,25.477,26.152
700,25.547,26.235
701,25.485,26.162
702,25.483,26.160
703,25.502,26.195
704,25.424,26.101
705,25.425,26.097
706,25.309,25.971
707,25.400,26.086
708,25.226,25.866
709,25.227,25.857
710,25.231,25.864
711,25.248,25.883
712,25.284,25.931
713,25.238,25.908
714,25.141,25.768
715,25.150,25.789
716,25.096,25.750
717,25.078,25.728
718,25.106,25.762
719,25.106,25.774
720,25.070,25.729
721,25.026,25.713
722,24.863,25.511
723,24.821,25.479
724,24.760,25.401
725,24.776,25.415
726,24.727,25.353
727,24.781,25.406
728,24.844,25.478
729,24.888,25.522
730,25.134,25.795
731,25.102,25.782
732,25.087,25.730
733,24.977,25.619
734,24.826,25.430
735,24.842,25.446
736,24.898,25.487
737,24.949,25.553
738,24.984,25.598
739,24.975,25.590
740,25.008,25.628
741,24.955,25.569
742,24.885,25.486
743,24.957,25.555
744,24.959,25.543
745,25.004,25.580
746,25.032,25.616
747,25.119,25.703
748,25.151,25.720
749,25.147,25.711
750,25.139,25.697
751,25.108,25.677
752,25.179,25.743
753,25.165,25.738
754,25.252,25.854
755,25.263,25.873
756,25.315,25.936
757,25.244,25.855
758,25.320,25.950
759,25.184,25.792
760,25.240,25.855
761,24.924,25.491
762,24.957,25.536
763,25.317,25.965
764,25.179,25.813
765,25.180,25.820
766,25.210,25.830
767,25.199,25.829
768,25.236,25.878
769,25.180,25.813
770,25.203,25.837
771,25.242,25.896
772,25.235,25.884
773,25.232,25.872
774,25.213,25.855
775,25.237,25.877
776,25.243,25.875
777,25.245,25.884
778,25.304,25.939
779,25.301,25.939
780,25.335,25.977
781,25.345,25.987
782,25.297,25.909
783,25.265,25.886
784,25.222,25.838
785,25.221,25.849
786,25.185,25.793
787,25.233,25.852
788,25.189,25.813
789,25.148,25.764
790,25.196,25.797
791,25.279,25.905
792,25.337,25.971
793,25.391,26.024
794,25.404,26.037
795,25.361,25.982
796,25.373,25.989
797,25.357,25.959
798,25.440,26.079
799,25.377,26.000
800,25.414,26.034
801,25.374,25.985
802,25.391,26.000
803,25.377,26.002
804,25.375,25.967
805,25.408,26.022
806,25.451,26.056
807,25.487,26.097
808,25.532,26.144
809,25.436,26.041
810,25.457,26.065
811,25.457,26.066
812,25.459,26.057
813,25.465,26.073
814,25.461,26.070
815,25.470,26.095
816,25.469,26.097
817,25.447,26.092
818,25.482,26.153
819,25.507,26.183
820,25.494,26.162
821,25.470,26.154
822,25.504,26.171
823,25.462,26.111
824,25.486,26.145
825,25.491,26.153
826,25.449,26.098
827,25.441,26.075
828,25.440,26.091
829,25.432,26.081
830,25.430,26.105
831,25.411,26.075
832,25.430,26.091
833,25.420,26.064
834,25.409,26.058
835,25.366,26.019
836,25.372,26.021
837,25.366,25.998
838,25.336,25.971
839,25.329,25.964
840,25.342,25.988
841,25.378,26.027
842,25.370,26.017
843,25.394,26.047
844,25.401,26.051
845,25.447,26.104
846,25.432,26.090
847,25.463,26.131
848,25.463,26.112
849,25.469,26.126
850,25.450,26.074
851,25.536,26.216
852,25.541,26.210
853,25.584,26.255
854,25.691,26.376
855,25.587,26.246
856,25.633,26.298
857,25.649,26.322
858,25.577,26.216
859,25.658,26.322
860,25.694,26.369
861,25.564,26.211
862,25.626,26.295
863,25.635,26.311
864,25.605,26.259
865,25.505,26.151
866,25.543,26.189
867,25.526,26.167
868,25.584,26.240
869,25.575,26.237
870,25.472,26.105
871,25.515,26.164
872,25.457,26.082
873,25.489,26.128
874,25.543,26.184
875,25.439,26.050
876,25.571,26.210
877,25.647,26.302
878,25.702,26.370
879,25.713,26.378
880,25.736,26.388
881,25.745,26.402
882,25.723,26.364
883,25.788,26.429
884,25.804,26.485
885,25.783,26.466
886,25.839,26.535
887,25.731,26.380
888,25.801,26.491
889,25.705,26.377
890,25.674,26.339
891,25.585,26.242
892,25.491,26.100
893,25.566,26.213
894,25.551,26.208
895,25.531,26.195
896,25.495,26.136
897,25.572,26.235
898,25.633,26.308
899,25.620,26.292
900,25.604,26.249
901,25.620,26.271
902,25.609,26.275
903,25.629,26.301
904,25.673,26.336
905,25.745,26.426
906,25.774,26.473
907,25.791,26.485
908,25.719,26.404
909,25.714,26.390
910,25.718,26.399
911,25.666,26.328
912,25.707,26.394
913,25.657,26.331
914,25.704,26.388
915,25.642,26.320
916,25.702,26.392
917,25.660,26.349
918,25.699,26.391
919,25.584,26.243
920,25.603,26.268
921,25.596,26.271
922,25.540,26.182
923,25.611,26.310
924,25.633,26.331
925,25.540,26.238
926,25.551,26.233
927,25.574,26.245
928,25.580,26.271
929,25.511,26.192
930,25.533,26.227
931,25.510,26.196
932,25.599,26.316
933,25.567,26.262
934,25.604,26.310
935,25.525,26.218
936,25.550,26.242
937,25.554,26.262
938,25.504,26.208
939,25.467,26.176
940,25.471,26.174
941,25.477,26.180
942,25.456,26.153
943,25.476,26.204
944,25.427,26.147
945,25.413,26.125
946,25.486,26.215
947,25.427,26.161
948,25.440,26.166
949,25.425,26.148
950,25.409,26.139
951,25.368,26.081
952,25.352,26.084
953,25.355,26.084
954,25.389,26.104
955,25.425,26.136
956,25.437,26.155
957,25.412,26.121
958,25.389,26.101
959,25.386,26.086
960,25.384,26.087
961,25.358,26.035
962,25.318,26.009
963,25.336,26.027
964,25.342,26.046
965,25.322,26.016
966,25.301,25.989
967,25.309,25.989
968,25.343,26.046
969,25.367,26.062
970,25.349,26.044
971,25.000,25.628
972,25.020,25.653
973,25.327,26.036
974,25.266,25.954
975,25.299,25.973
976,25.263,25.908
977,25.257,25.903
978,25.231,25.892
979,25.326,26.005
980,25.228,25.874
981,25.225,25.885
982,25.241,25.907
983,24.998,25.613
984,25.214,25.855
985,25.245,25.895
986,25.264,25.928
987,25.309,25.964
988,25.357,26.018
989,25.327,25.969
990,25.096,25.716
991,25.480,26.168
992,25.508,26.187
993,25.515,26.182
994,25.525,26.184
995,25.390,26.021
996,25.458,26.128
997,25.543,26.229
998,25.504,26.180
999,25.060,25.649
1000,25.410,26.073
1001,25.407,26.078
1002,25.538,26.241
1003,25.487,26.168
1004,25.397,26.057
1005,25.403,26.049
1006,25.489,26.175
1007,25.467,26.125
1008,25.417,26.062
1009,25.394,26.046
1010,25.323,25.945
1011,25.049,25.624
1012,25.518,26.175
1013,25.405,26.034
1014,25.505,26.146
1015,25.436,26.074
1016,25.423,26.058
1017,25.401,26.009
1018,25.423,26.057
1019,25.384,25.999
1020,25.410,26.033
1021,25.385,25.993
1022,25.394,26.021
1023,25.351,25.952
1024,25.365,25.968
1025,25.321,25.902
1026,25.408,26.021
1027,25.409,26.016
1028,25.402,26.027
1029,25.493,26.115
1030,25.406,26.021
1031,25.497,26.138
1032,25.448,26.072
1033,25.431,26.067
1034,25.365,25.970
1035,25.429,26.068
1036,25.467,26.121
1037,25.430,26.073
1038,25.425,26.065
1039,25.376,26.012
1040,25.428,26.074
1041,25.252,25.859
1042,25.342,25.984
1043,25.334,25.969
1044,25.321,25.955
1045,25.265,25.862
1046,25.208,25.788
1047,25.249,25.858
1048,25.288,25.885
1049,25.542,26.194
1050,25.392,26.022
1051,25.537,26.184
1052,25.497,26.125
1053,25.473,26.111
1054,25.324,25.931
1055,25.402,26.023
1056,25.382,26.012
1057,25.441,26.075
1058,25.398,26.026
1059,25.454,26.109
1060,25.381,26.014
1061,25.304,25.927
1062,25.287,25.885
1063,25.344,25.969
1064,25.337,25.962
1065,25.271,25.884
1066,25.304,25.916
1067,25.211,25.818
1068,25.191,25.786
1069,25.253,25.874
1070,25.167,25.775
1071,25.212,25.834
1072,25.195,25.821
1073,25.220,25.854
1074,25.251,25.877
1075,25.379,26.037
1076,25.356,26.003
1077,25.254,25.904
1078,25.227,25.863
1079,25.239,25.863
1080,25.179,25.805
1081,25.166,25.794
1082,25.169,25.773
1083,25.134,25.737
1084,25.076,25.677
1085,25.148,25.776
1086,25.145,25.763
1087,25.151,25.775
1088,25.223,25.868
1089,25.201,25.831
1090,25.120,25.724
1091,25.161,25.765
1092,25.146,25.753
1093,25.117,25.718
1094,25.196,25.837
1095,25.157,25.787
1096,25.173,25.793
1097,25.284,25.932
1098,25.139,25.737
1099,25.332,25.978
1100,25.180,25.806
1101,25.274,25.919
1102,25.185,25.814
1103,25.286,25.933
1104,25.413,26.074
1105,25.211,25.848
1106,25.220,25.864
1107,25.120,25.734
1108,25.243,25.898
1109,25.310,25.955
1110,25.171,25.816
1111,25.204,25.844
1112,25.202,25.847
1113,25.316,25.973
1114,25.152,25.788
1115,25.270,25.927
1116,25.251,25.901
1117,25.204,25.854
1118,25.241,25.910
1119,25.277,25.942
1120,25.185,25.826
1121,25.168,25.825
1122,25.176,25.840
1123,25.174,25.818
1124,25.197,25.835
1125,25.222,25.888
1126,25.118,25.753
1127,25.169,25.816
1128,25.196,25.847
1129,25.138,25.784
1130,25.043,25.655
1131,25.073,25.703
1132,25.112,25.749
1133,25.129,25.769
1134,25.120,25.763
1135,25.097,25.735
1136,25.155,25.819
1137,24.769,25.358
1138,24.933,25.536
1139,25.012,25.629
1140,24.977,25.590
1141,24.993,25.618
1142,25.046,25.691
1143,25.216,25.888
1144,25.277,25.959
1145,25.134,25.789
1146,25.133,25.795
1147,25.056,25.696
1148,25.106,25.761
1149,25.133,25.799
1150,25.014,25.650
1151,25.047,25.710
1152,25.081,25.753
1153,25.027,25.688
1154,24.982,25.628
1155,24.985,25.634
1156,25.006,25.664
1157,25.038,25.708
1158,24.983,25.625
1159,25.019,25.676
1160,25.009,25.671
1161,25.027,25.693
1162,24.980,25.644
1163,24.980,25.651
1164,25.138,25.843
1165,24.951,25.632
1166,24.998,25.680
1167,24.935,25.614
1168,24.919,25.593
1169,24.997,25.690
1170,24.545,25.146
1171,24.920,25.606
1172,24.766,25.411
1173,24.797,25.451
1174,25.025,25.733
1175,25.214,25.944
1176,25.231,25.974
1177,24.856,25.511
1178,24.971,25.646
1179,24.953,25.612
1180,24.964,25.639
1181,24.925,25.582
1182,24.946,25.612
1183,24.923,25.584
1184,24.917,25.565
1185,24.887,25.543
1186,24.889,25.547
1187,25.000,25.681
1188,24.892,25.560
1189,24.929,25.606
1190,24.974,25.665
1191,25.000,25.685
1192,25.032,25.718
1193,24.890,25.551
1194,24.794,25.445
1195,24.807,25.460
1196,24.803,25.466
1197,24.807,25.468
1198,24.829,25.501
1199,24.954,25.646
1200,24.825,25.492
1201,24.860,25.529
1202,24.664,25.290
1203,24.745,25.397
1204,24.797,25.452
1205,24.824,25.498
1206,24.976,25.656
1207,24.852,25.523
1208,24.682,25.338
1209,24.572,25.200
1210,24.586,25.212
1211,24.565,25.184
1212,24.648,25.285
1213,24.857,25.518
1214,24.566,25.184
1215,24.580,25.200
1216,24.486,25.082
1217,24.750,25.380
1218,24.769,25.409
1219,24.873,25.520
1220,24.745,25.385
1221,24.714,25.349
1222,24.707,25.357
1223,24.683,25.320
1224,24.701,25.371
1225,24.694,25.346
1226,24.679,25.338
1227,24.742,25.388
1228,24.738,25.377
1229,24.799,25.446
1230,24.946,25.626
1231,24.833,25.506
1232,24.850,25.524
1233,24.830,25.494
1234,24.795,25.452
1235,24.914,25.579
1236,24.759,25.400
1237,24.801,25.458
1238,24.743,25.392
1239,24.707,25.352
1240,24.751,25.431
1241,24.732,25.416
1242,24.726,25.396
1243,24.598,25.269
1244,24.649,25.344
1245,24.656,25.359
1246,24.538,25.216
1247,24.542,25.225
1248,24.559,25.247
1249,24.592,25.293
1250,24.486,25.152
1251,24.498,25.193
1252,24.501,25.179
1253,24.418,25.080
1254,24.481,25.157
1255,24.391,25.040
1256,24.401,25.060
1257,24.389,25.034
1258,24.355,25.008
1259,24.454,25.114
1260,24.325,24.979
1261,24.328,24.974
1262,24.241,24.879
1263,24.578,25.271
1264,24.259,24.904
1265,24.646,25.359
1266,24.159,24.788
1267,24.328,24.992
1268,24.281,24.929
1269,24.410,25.073
1270,24.381,25.044
1271,24.438,25.086
1272,24.504,25.154
1273,24.920,25.628
1274,24.919,25.619
1275,25.065,25.804
1276,24.871,25.563
1277,24.798,25.466
1278,24.887,25.585
1279,25.060,25.803
1280,25.075,25.822
1281,25.090,25.855
1282,25.034,25.789
1283,25.036,25.807
1284,24.997,25.765
1285,25.017,25.782
1286,25.067,25.822
1287,25.112,25.879
1288,25.171,25.950
1289,25.442,26.254
1290,25.444,26.217
1291,25.570,26.373
1292,25.369,26.103
1293,25.229,25.931
1294,25.210,25.891
1295,25.209,25.904
1296,25.103,25.773
1297,25.069,25.712
1298,25.082,25.729
1299,25.078,25.703
1300,25.085,25.710
1301,25.119,25.763
1302,25.065,25.696
1303,25.072,25.705
1304,25.080,25.711
1305,25.104,25.728
1306,25.165,25.820
1307,25.165,25.800
1308,25.108,25.730
1309,25.137,25.771
1310,25.070,25.687
1311,25.068,25.698
1312,25.082,25.707
1313,25.131,25.768
1314,25.111,25.739
1315,25.067,25.689
1316,25.059,25.672
1317,25.067,25.690
1318,25.162,25.822
1319,25.281,25.948
1320,25.269,25.926
1321,25.234,25.888
1322,25.192,25.804
1323,25.169,25.763
1324,25.233,25.859
1325,25.086,25.685
1326,25.421,26.067
1327,25.395,26.033
1328,25.360,25.981
1329,25.320,25.938
1330,25.359,25.981
1331,25.237,25.825
1332,25.314,25.924
1333,25.230,25.816
1334,25.255,25.840
1335,25.290,25.862
1336,25.308,25.901
1337,25.288,25.867
1338,25.257,25.846
1339,25.208,25.784
1340,25.291,25.899
1341,25.206,25.778
1342,25.190,25.775
1343,25.263,25.878
1344,25.192,25.804
1345,25.266,25.904
1346,25.286,25.884
1347,25.258,25.880
1348,25.211,25.835
1349,25.216,25.839
1350,25.266,25.896
1351,25.182,25.796
1352,25.177,25.783
1353,25.140,25.743
1354,25.168,25.778
1355,25.084,25.686
1356,25.101,25.717
1357,25.085,25.686
1358,25.119,25.748
1359,25.180,25.834
1360,25.015,25.629
1361,25.049,25.673
1362,25.112,25.757
1363,25.173,25.811
1364,25.140,25.764
1365,25.133,25.780
1366,25.035,25.662
1367,25.002,25.622
1368,25.059,25.690
1369,25.039,25.660
1370,25.162,25.802
1371,25.241,25.904
1372,25.173,25.818
1373,25.120,25.763
1374,25.122,25.760
1375,25.172,25.835
1376,25.180,25.829
1377,25.186,25.832
1378,25.192,25.851
1379,25.229,25.898
1380,25.284,25.955
1381,25.340,26.000
1382,25.330,26.000
1383,25.361,26.042
1384,25.408,26.093
1385,25.417,26.098
1386,25.450,26.134
1387,25.429,26.104
1388,25.517,26.193
1389,25.528,26.229
1390,25.464,26.145
1391,25.439,26.123
1392,25.467,26.148
1393,25.484,26.195
1394,25.502,26.207
1395,25.569,26.287
1396,25.520,26.239
1397,25.488,26.191
1398,25.621,26.362
1399,25.643,26.396
1400,25.620,26.372
1401,25.627,26.374
1402,25.584,26.330
1403,25.656,26.428
1404,25.597,26.347
1405,25.604,26.360
1406,25.606,26.343
1407,25.565,26.306
1408,25.557,26.285
1409,25.547,26.269
1410,25.556,26.292
1411,25.588,26.305
1412,25.608,26.327
1413,25.682,26.390
1414,25.722,26.438
1415,25.807,26.535
1416,25.885,26.629
1417,25.947,26.708
1418,25.873,26.608
1419,25.851,26.565
1420,25.896,26.626
1421,25.859,26.588
1422,25.896,26.642
1423,25.854,26.578
1424,25.854,26.583
1425,25.904,26.654
1426,25.888,26.620
1427,25.885,26.641
1428,25.843,26.577
1429,25.807,26.547
1430,25.794,26.530
1431,25.888,26.656
1432,25.885,26.633
1433,25.815,26.569
1434,25.890,26.653
1435,25.891,26.661
1436,25.865,26.637
1437,25.948,26.744
1438,26.159,26.981
1439,26.284,27.137
1440,26.168,26.977
1441,26.083,26.892
1442,25.798,26.519
1443,25.866,26.635
1444,25.877,26.658
1445,25.839,26.610
1446,25.785,26.566
1447,25.737,26.519
1448,25.811,26.595
1449,25.864,26.676
1450,25.815,26.611
1451,25.878,26.678
1452,25.797,26.577
1453,25.808,26.592
1454,25.803,26.587
1455,25.799,26.600
1456,25.908,26.716
1457,25.851,26.622
1458,25.984,26.784
1459,25.950,26.740
1460,26.029,26.811
1461,25.888,26.626
1462,25.935,26.662
1463,25.968,26.707
1464,25.956,26.678
1465,25.987,26.738
1466,25.856,26.573
1467,25.908,26.638
1468,25.901,26.630
1469,25.871,26.579
1470,25.935,26.672
1471,25.902,26.642
1472,25.861,26.584
1473,25.872,26.602
1474,25.902,26.661
1475,25.895,26.651
1476,25.854,26.608
1477,25.840,26.596
1478,25.790,26.523
1479,25.760,26.493
1480,25.753,26.478
1481,25.722,26.449
1482,25.750,26.491
1483,25.689,26.408
1484,25.670,26.394
1485,25.649,26.363
1486,25.675,26.386
1487,25.686,26.399
1488,25.719,26.458
1489,25.612,26.325
1490,25.628,26.330
1491,25.626,26.343
1492,25.640,26.370
1493,25.566,26.273
1494,25.557,26.268
1495,25.568,26.274
1496,25.555,26.246
1497,25.573,26.279
1498,25.534,26.232
1499,25.514,26.195
1500,25.507,26.203
1501,25.425,26.103
1502,25.402,26.057
1503,25.336,25.990
1504,25.327,25.987
1505,25.348,26.010
1506,25.315,25.949
1507,25.277,25.887
1508,25.309,25.918
1509,25.268,25.871
1510,25.301,25.919
1511,25.236,25.832
1512,25.171,25.771
1513,25.186,25.778
1514,25.123,25.697
1515,25.090,25.639
1516,25.090,25.669
1517,25.089,25.655
1518,25.130,25.704
1519,25.086,25.650
1520,25.088,25.651
1521,25.074,25.631
1522,25.104,25.680
1523,25.189,25.788
1524,25.089,25.665
1525,25.131,25.727
1526,25.083,25.673
1527,25.089,25.654
1528,25.153,25.737
1529,25.082,25.642
1530,25.072,25.642
1531,24.998,25.556
1532,25.007,25.563
1533,24.993,25.530
1534,25.062,25.618
1535,25.118,25.668
1536,25.202,25.780
1537,25.056,25.598
1538,25.075,25.613
1539,25.138,25.682
1540,25.078,25.609
1541,25.099,25.625
1542,25.115,25.643
1543,25.110,25.629
1544,25.116,25.639
1545,25.145,25.673
1546,25.111,25.637
1547,25.075,25.599
1548,25.081,25.623
1549,25.060,25.588
1550,25.084,25.634
1551,25.041,25.592
1552,25.024,25.587
1553,24.994,25.548
1554,24.981,25.530
1555,25.085,25.647
1556,25.029,25.589
1557,25.018,25.579
1558,24.963,25.524
1559,24.876,25.425
1560,24.918,25.483
1561,25.021,25.585
1562,25.073,25.680
1563,25.000,25.589
1564,24.931,25.513
1565,24.810,25.369
1566,24.878,25.456
1567,24.845,25.412
1568,24.960,25.558
1569,24.910,25.495
1570,24.776,25.334
1571,24.806,25.390
1572,24.710,25.273
1573,24.648,25.207
1574,24.698,25.272
1575,24.682,25.267
1576,24.741,25.338
1577,24.678,25.249
1578,24.737,25.321
1579,24.725,25.313
1580,24.683,25.260
1581,24.701,25.290
1582,24.620,25.198
1583,24.684,25.275
1584,24.618,25.187
1585,24.647,25.241
1586,24.608,25.191
1587,24.540,25.108
1588,24.502,25.079
1589,24.510,25.077
1590,24.455,25.012
1591,24.455,25.013
1592,24.501,25.072
1593,24.416,24.969
1594,24.388,24.948
1595,24.437,24.982
1596,24.544,25.103
1597,24.441,24.981
1598,24.432,24.980
1599,24.422,24.956
1600,24.357,24.869
1601,24.464,24.986
1602,24.401,24.917
1603,24.413,24.931
1604,24.493,25.020
1605,24.491,25.016
1606,24.318,24.812
1607,24.371,24.873
1608,24.312,24.803
1609,24.378,24.879
1610,24.225,24.705
1611,24.324,24.823
1612,24.358,24.873
1613,24.497,25.030
1614,24.343,24.845
1615,24.416,24.922
1616,24.362,24.855
1617,24.329,24.811
1618,24.428,24.923
1619,24.417,24.897
1620,24.559,25.061
1621,24.640,25.151
1622,24.650,25.178
1623,24.536,25.042
1624,24.582,25.096
1625,24.486,24.987
1626,24.448,24.940
1627,24.506,25.002
1628,24.461,24.961
1629,24.522,25.034
1630,24.548,25.067
1631,24.547,25.057
1632,24.651,25.180
1633,24.704,25.237
1634,24.770,25.306
1635,24.928,25.510
1636,24.746,25.284
1637,24.680,25.207
1638,24.658,25.174
1639,24.639,25.181
1640,24.612,25.138
1641,24.586,25.118
1642,24.560,25.099
1643,24.543,25.077
1644,24.548,25.072
1645,24.519,25.055
1646,24.554,25.097
1647,24.535,25.073
1648,24.505,25.041
1649,24.570,25.119
1650,24.534,25.068
1651,24.567,25.109
1652,24.521,25.063
1653,24.500,25.040
1654,24.492,25.045
1655,24.473,25.013
1656,24.517,25.054
1657,24.533,25.088
1658,24.478,25.021
1659,24.430,24.960
1660,24.515,25.062
1661,24.677,25.255
1662,24.517,25.077
1663,24.435,24.975
1664,24.434,24.974
1665,24.488,25.046
1666,24.503,25.054
1667,24.546,25.093
1668,24.541,25.083
1669,24.552,25.095
1670,24.549,25.120
1671,24.544,25.096
1672,24.525,25.071
1673,24.508,25.068
1674,24.545,25.094
1675,24.601,25.174
1676,24.520,25.082
1677,24.592,25.178
1678,24.587,25.170
1679,24.613,25.193
1680,24.574,25.140
1681,24.682,25.265
1682,24.459,25.015
1683,24.579,25.157
1684,24.566,25.137
1685,24.572,25.152
1686,24.602,25.185
1687,24.600,25.182
1688,24.652,25.243
1689,24.639,25.227
1690,24.679,25.280
1691,24.685,25.279
1692,24.697,25.300
1693,24.706,25.317
1694,24.717,25.328
1695,24.728,25.341
1696,24.760,25.383
1697,24.719,25.338
1698,24.760,25.368
1699,24.697,25.300
1700,24.709,25.307
1701,24.767,25.367
1702,24.769,25.348
1703,24.849,25.453
1704,24.917,25.523
1705,24.915,25.532
1706,24.967,25.596
1707,24.984,25.627
1708,24.893,25.512
1709,24.855,25.470
1710,24.842,25.462
1711,24.796,25.424
1712,24.770,25.384
1713,24.750,25.358
1714,24.706,25.310
1715,24.701,25.299
1716,24.637,25.225
1717,24.607,25.196
1718,24.565,25.133
1719,24.566,25.129
1720,24.566,25.127
1721,24.522,25.091
1722,24.426,24.976
1723,24.384,24.930
1724,24.342,24.867
1725,24.278,24.791
1726,24.302,24.823
1727,24.282,24.808
1728,24.255,24.778
1729,24.260,24.793
1730,24.238,24.749
1731,24.238,24.754
1732,24.300,24.826
1733,24.336,24.862
1734,24.374,24.911
1735,24.352,24.893
1736,24.377,24.925
1737,24.376,24.924
1738,24.411,24.955
1739,24.459,25.017
1740,24.474,25.035
1741,24.515,25.072
1742,24.573,25.137
1743,24.608,25.184
1744,24.645,25.217
1745,24.615,25.187
1746,24.549,25.109
1747,24.602,25.171
1748,24.606,25.170
1749,24.587,25.143
1750,24.600,25.164
1751,24.619,25.176
1752,24.595,25.145
1753,24.722,25.295
1754,24.700,25.283
1755,24.709,25.289
1756,24.707,25.279
1757,24.760,25.337
1758,24.780,25.354
1759,24.779,25.344
1760,24.786,25.363
1761,24.803,25.384
1762,24.874,25.461
1763,24.897,25.468
1764,24.874,25.441
1765,24.897,25.472
1766,25.009,25.596
1767,25.012,25.585
1768,24.971,25.557
1769,25.046,25.617
1770,24.685,25.204
1771,24.995,25.549
1772,24.967,25.513
1773,24.976,25.522
1774,25.014,25.574
1775,24.884,25.403
1776,24.982,25.530
1777,24.922,25.459
1778,25.000,25.538
1779,24.917,25.457
1780,24.830,25.341
1781,24.751,25.253
1782,24.732,25.253
1783,24.737,25.252
1784,24.728,25.251
1785,24.670,25.179
1786,24.703,25.209
1787,24.692,25.200
1788,24.683,25.185
1789,24.706,25.224
1790,24.688,25.209
1791,24.655,25.163
1792,24.674,25.183
1793,24.663,25.176
1794,24.732,25.247
1795,24.707,25.212
1796,24.711,25.237
1797,24.676,25.186
1798,24.728,25.252
1799,24.734,25.261
1800,24.659,25.183
1801,24.585,25.092
1802,24.586,25.104
1803,24.618,25.145
1804,24.587,25.109
1805,24.520,25.032
1806,24.582,25.108
1807,24.570,25.092
1808,24.567,25.084
1809,24.559,25.074
1810,24.575,25.107
1811,24.580,25.114
1812,24.532,25.060
1813,24.631,25.160
1814,24.654,25.195
1815,24.605,25.139
1816,24.612,25.146
1817,24.596,25.109
1818,24.613,25.139
1819,24.650,25.182
1820,24.781,25.324
1821,24.981,25.575
1822,24.723,25.282
1823,24.680,25.237
1824,24.780,25.353
1825,24.418,24.952
1826,24.753,25.330
1827,24.516,25.056
1828,24.773,25.318
1829,24.881,25.469
1830,24.816,25.392
1831,24.727,25.281
1832,24.759,25.321
1833,24.857,25.427
1834,24.868,25.439
1835,24.873,25.447
1836,24.959,25.531
1837,24.923,25.503
1838,24.874,25.451
1839,24.805,25.358
1840,24.851,25.420
1841,24.873,25.454
