12 439 152 37 63 0.67
14 188 139 44 72 0.60
15 603 82 32 94 0.66
15 190 141 42 75 0.62
16 186 142 46 76 0.31
19 424 171 17 49 0.45
24 426 173 13 43 0.47
24 417 176 11 38 0.35
31 425 174 18 52 0.39
33 431 174 15 52 0.48
38 442 171 13 48 0.64
39 446 142 54 79 0.30
40 439 167 17 62 0.86
41 440 170 17 57 0.83
42 439 170 19 60 0.77
44 440 165 21 61 0.67
45 442 167 17 56 0.70
47 445 173 20 57 0.46
48 447 177 17 55 0.36
51 450 172 19 61 0.67
52 452 173 18 56 0.54
53 449 170 22 64 0.86
54 455 167 20 63 0.77
55 457 174 21 60 0.42
56 456 170 24 67 0.62
57 123 143 19 49 0.73
59 462 173 22 58 0.46
64 466 169 30 62 0.38
67 473 169 23 65 0.43
68 476 167 24 64 0.49
68 623 241 15 70 0.33
71 482 170 25 69 0.36
75 492 170 23 70 0.35
82 522 98 101 133 0.31
97 297 155 48 55 0.38
100 440 182 9 35 0.41
103 580 193 31 78 0.45
104 443 190 7 27 0.39
108 242 198 11 22 0.35
113 241 199 9 19 0.32
114 307 161 32 51 0.65
121 607 173 25 68 0.49
121 598 165 29 72 0.33
122 597 155 23 79 0.80
123 546 90 55 144 0.34
124 123 173 14 48 0.35
125 238 194 9 24 0.44
125 502 188 14 36 0.33
126 238 192 10 27 0.39
128 118 169 12 53 0.55
128 123 171 12 51 0.33
129 506 180 12 37 0.54
129 509 182 13 37 0.41
130 44 168 16 59 0.47
131 118 178 12 40 0.33
132 116 175 13 46 0.67
133 117 176 10 45 0.55
134 468 178 9 41 0.37
135 467 177 10 39 0.72
136 243 190 11 25 0.35
136 249 188 10 27 0.30
138 111 172 16 50 0.64
138 308 146 37 61 0.39
139 110 174 18 49 0.41
141 476 174 10 42 0.66
141 521 134 18 79 0.37
142 476 173 10 42 0.36
143 478 176 10 40 0.69
143 534 160 14 63 0.32
144 477 170 11 43 0.34
147 103 182 16 42 0.35
148 485 174 11 36 0.46
149 550 127 21 92 0.31
154 384 157 26 47 0.36
158 595 180 14 51 0.54
159 592 49 40 180 0.45
160 604 173 18 62 0.66
161 604 180 15 58 0.78
162 611 175 19 64 0.64
162 386 154 28 48 0.58
164 620 174 16 62 0.52
171 514 169 14 40 0.65
174 517 172 14 40 0.45
175 518 171 14 40 0.60
175 285 143 60 69 0.54
177 518 169 15 40 0.38
178 519 168 16 41 0.51
180 521 167 17 42 0.35
184 522 170 23 41 0.50
185 525 171 14 40 0.39
186 526 169 16 44 0.87
187 527 166 16 45 0.88
187 532 168 13 44 0.55
188 528 167 18 46 0.56
190 530 166 22 45 0.85
190 358 166 35 51 0.32
191 531 165 22 49 0.88
191 369 151 39 65 0.68
192 531 164 23 50 0.89
193 532 165 22 48 0.40
194 534 166 20 48 0.74
195 534 166 18 47 0.88
195 540 168 17 47 0.33
196 537 167 18 48 0.87
197 539 168 17 47 0.77
198 541 166 16 49 0.45
199 538 166 20 50 0.91
200 542 171 18 45 0.69
200 549 173 15 44 0.63
201 541 168 18 50 0.84
201 554 175 11 43 0.73
201 548 172 17 46 0.54
202 554 175 13 44 0.78
202 550 173 14 45 0.66
202 544 172 17 45 0.54
203 544 165 19 53 0.94
203 554 168 16 52 0.84
204 546 160 19 55 0.92
205 546 163 25 56 0.91
206 487 162 42 56 0.75
206 553 169 19 50 0.56
207 493 156 43 60 0.34
208 556 160 19 55 0.74
209 520 159 48 55 0.46
209 554 159 23 49 0.39
211 275 131 47 75 0.32
213 560 156 37 47 0.41
215 567 156 31 41 0.31
216 569 156 27 58 0.82
217 572 154 18 62 0.87
218 577 156 20 58 0.91
218 573 155 17 55 0.35
219 574 153 29 61 0.96
220 580 152 23 61 0.91
221 582 148 28 66 0.93
222 586 152 25 63 0.89
222 601 157 17 58 0.30
223 588 146 26 69 0.91
223 596 151 26 66 0.31
224 587 143 29 58 0.87
224 598 151 22 63 0.55
225 595 144 27 72 0.84
225 610 152 17 63 0.48
226 599 142 26 75 0.93
226 595 142 22 63 0.34
227 603 142 26 76 0.97
228 609 143 23 73 0.95
229 607 143 26 67 0.90
231 611 146 19 55 0.38
244 100 156 23 34 0.44
246 88 143 33 49 0.47
268 82 141 28 62 0.36
269 82 141 30 62 0.42
272 80 138 32 64 0.58
274 81 129 29 77 0.33
280 370 38 23 69 0.66
285 86 125 31 61 0.63
288 380 33 24 67 0.63
289 373 32 31 68 0.51
290 383 30 23 64 0.47
291 84 123 26 65 0.35
293 384 26 29 68 0.75
294 82 125 33 62 0.69
294 383 27 29 62 0.41
295 83 124 30 70 0.77
296 83 126 30 63 0.43
298 85 125 27 64 0.49
299 84 126 27 65 0.66
300 85 124 34 68 0.78
301 88 125 24 63 0.55
302 90 130 27 66 0.73
303 404 22 24 65 0.52
307 547 209 14 48 0.73
307 91 132 28 64 0.72
308 98 130 20 59 0.40
309 87 127 32 64 0.43
310 94 131 24 64 0.59
311 97 139 22 54 0.84
312 98 130 21 64 0.47
315 585 200 18 63 0.33
316 94 129 29 66 0.61
317 91 117 31 77 0.43
318 95 123 28 70 0.40
318 607 213 16 56 0.31
320 96 120 28 75 0.39
322 93 126 30 69 0.36
323 93 125 31 69 0.54
327 94 120 29 72 0.32
328 94 118 28 76 0.34
329 98 122 32 71 0.57
335 100 121 24 69 0.51
349 84 96 52 99 0.52
353 95 115 36 77 0.44
361 183 154 14 49 0.32
376 169 142 19 61 0.47
377 170 143 21 60 0.34
378 170 142 22 61 0.42
406 90 66 24 62 0.46
412 168 143 20 61 0.39
415 220 170 8 31 0.40
416 219 169 10 33 0.32
422 106 152 11 46 0.54
423 158 129 25 67 0.39
423 105 155 13 44 0.32
426 67 25 30 100 0.47
434 55 22 41 195 0.56
435 535 158 37 82 0.48
437 113 141 17 58 0.32
438 218 168 11 34 0.44
439 218 168 9 35 0.44
439 113 145 17 54 0.34
440 111 144 19 56 0.68
441 109 135 22 63 0.56
442 110 143 18 57 0.50
443 107 135 23 65 0.64
444 107 143 14 51 0.43
444 114 141 13 57 0.32
445 106 141 21 56 0.68
446 105 140 21 59 0.75
446 84 150 17 46 0.33
447 104 139 19 58 0.58
447 84 147 14 47 0.49
448 101 135 23 62 0.71
448 534 161 17 69 0.44
449 102 135 21 62 0.43
450 104 144 21 52 0.48
451 103 140 18 60 0.70
451 84 150 13 47 0.38
452 102 145 18 53 0.34
453 99 141 21 56 0.43
454 100 142 21 57 0.54
455 416 159 12 56 0.47
455 1 119 22 123 0.31
457 268 143 15 47 0.39
459 129 122 21 73 0.50
468 217 168 23 39 0.34
469 434 166 14 44 0.49
475 449 187 11 24 0.41
476 448 185 12 27 0.47
478 450 185 11 28 0.37
478 455 187 12 26 0.33
480 459 185 10 26 0.37
483 461 183 11 30 0.40
485 466 183 11 30 0.67
486 467 180 11 32 0.43
487 469 185 12 29 0.66
488 468 184 13 30 0.50
489 472 184 12 30 0.65
490 474 182 11 31 0.67
491 475 180 12 33 0.60
492 477 182 10 33 0.38
493 479 183 12 31 0.49
494 480 183 12 31 0.55
495 480 181 16 33 0.71
496 485 184 13 30 0.63
497 485 184 14 29 0.75
498 486 183 14 33 0.77
499 488 183 15 30 0.38
500 491 182 12 32 0.61
501 493 181 11 34 0.80
502 494 183 13 32 0.30
505 500 182 12 35 0.78
505 66 126 26 76 0.39
506 502 182 13 35 0.76
506 499 183 13 35 0.35
507 505 183 13 34 0.65
509 508 182 14 35 0.70
509 55 62 46 143 0.33
510 508 181 16 36 0.84
511 511 182 13 36 0.69
511 605 137 26 99 0.63
511 588 143 23 87 0.34
511 516 184 13 33 0.34
512 513 182 14 35 0.63
513 513 181 19 39 0.65
515 521 182 14 36 0.81
516 521 181 13 38 0.81
517 524 179 16 41 0.89
518 526 181 14 38 0.77
519 527 178 15 40 0.85
520 530 182 13 35 0.84
521 531 179 13 40 0.91
521 79 94 33 112 0.39
522 529 181 18 41 0.71
523 532 181 18 39 0.79
524 535 182 15 37 0.85
525 536 180 16 39 0.82
526 541 178 13 43 0.84
527 538 182 20 41 0.82
528 542 182 18 40 0.56
529 546 183 15 37 0.70
530 548 182 15 39 0.68
531 549 181 15 40 0.53
532 550 182 19 39 0.52
533 553 179 16 42 0.36
534 119 50 27 92 0.59
534 554 181 18 42 0.39
535 119 47 28 87 0.60
535 141 153 21 74 0.56
535 556 183 19 40 0.42
536 559 183 19 41 0.74
536 8 129 35 88 0.40
537 560 184 20 42 0.34
538 562 183 22 41 0.75
540 569 183 16 44 0.75
540 111 42 27 103 0.43
540 0 122 23 85 0.32
541 570 183 20 45 0.82
542 573 182 19 47 0.90
543 576 184 17 44 0.92
544 578 185 18 42 0.78
546 584 187 18 43 0.96
546 494 148 25 42 0.31
547 587 185 17 45 0.97
548 592 182 15 52 0.78
549 594 188 18 45 0.84
550 594 182 20 51 0.96
551 599 180 18 54 0.91
552 602 185 21 49 0.92
553 605 188 19 45 0.91
554 605 181 19 54 0.96
555 609 181 19 55 0.95
556 611 185 19 51 0.35
557 615 182 20 56 0.47
558 618 185 17 55 0.64
559 621 180 16 59 0.74
561 2 27 38 174 0.48
561 6 22 54 169 0.36
566 41 12 93 116 0.41
566 100 56 35 68 0.30
576 7 6 103 100 0.50
598 457 138 21 66 0.52
603 447 90 38 114 0.88
611 477 134 18 64 0.30
613 446 68 45 132 0.47
618 568 170 11 32 0.44
620 472 54 26 53 0.48
622 470 57 24 51 0.61
622 451 62 46 131 0.33
627 619 179 18 85 0.35
629 461 69 45 136 0.55
640 614 174 15 37 0.79
643 622 171 13 41 0.47
668 75 132 26 81 0.34
686 613 188 13 33 0.35
693 223 146 14 49 0.60
693 39 179 10 42 0.38
694 34 174 11 45 0.62
694 29 174 12 45 0.55
695 30 176 8 42 0.46
696 221 145 11 41 0.39
696 19 174 11 44 0.32
697 18 176 13 46 0.67
697 23 176 12 45 0.65
698 19 174 21 50 0.79
698 499 185 17 47 0.62
698 16 176 15 49 0.48
700 500 184 17 47 0.74
703 503 182 20 51 0.81
703 499 189 15 41 0.53
703 497 190 12 40 0.30
704 506 180 21 52 0.65
705 508 181 21 51 0.41
706 223 124 23 55 0.45
707 510 180 20 53 0.34
708 507 182 28 51 0.76
713 515 182 29 55 0.74
714 516 182 30 55 0.78
714 513 184 18 50 0.33
717 528 181 24 58 0.73
722 539 181 21 60 0.36
723 533 181 31 60 0.57
724 530 181 17 58 0.56
724 525 186 15 52 0.30
727 41 143 18 60 0.51
728 37 140 22 71 0.61
732 564 183 31 69 0.36
733 564 186 31 64 0.46
733 548 184 23 63 0.39
734 16 135 22 78 0.78
735 14 131 22 80 0.30
736 576 192 34 62 0.61
737 584 189 31 68 0.54
741 591 189 44 76 0.55
741 0 146 16 70 0.48
751 156 135 12 57 0.59
751 618 223 15 52 0.35
755 575 186 13 57 0.31
760 588 185 13 34 0.35
761 589 185 18 34 0.35
762 594 186 18 34 0.49
764 597 182 19 36 0.55
767 608 179 16 39 0.36
768 611 182 15 35 0.37
770 617 178 17 39 0.49
771 618 183 16 37 0.43
772 1 73 41 136 0.32
799 88 128 18 45 0.58
803 383 113 26 67 0.37
820 192 113 17 86 0.63
820 416 130 12 60 0.47
823 416 128 16 61 0.31
834 417 120 22 73 0.30
837 411 126 20 69 0.36
837 419 126 20 67 0.30
839 423 126 18 66 0.31
840 422 124 19 67 0.44
842 423 124 17 68 0.37
844 408 140 12 57 0.39
844 412 134 14 62 0.35
851 424 122 21 71 0.64
853 423 120 23 74 0.41
860 428 110 23 84 0.37
863 428 114 25 78 0.38
864 427 116 26 80 0.59
865 113 171 13 30 0.39
875 431 116 29 82 0.31
880 615 183 23 115 0.33
884 437 116 32 85 0.36
885 442 115 30 85 0.83
896 342 163 16 23 0.31
904 436 148 11 48 0.42
905 436 151 17 43 0.52
905 148 141 10 44 0.38
911 444 149 13 44 0.38
916 90 159 9 35 0.44
921 450 144 11 50 0.45
925 4 8 48 198 0.45
932 87 149 12 48 0.58
933 151 133 15 45 0.75
933 4 11 51 193 0.63
935 487 91 22 100 0.61
936 3 12 51 200 0.37
937 3 6 52 207 0.54
940 3 13 50 193 0.74
940 89 159 8 37 0.30
946 408 117 32 48 0.33
947 408 111 42 57 0.49
956 0 9 48 207 0.63
957 1 5 47 208 0.44
962 6 13 42 201 0.42
963 0 9 50 206 0.60
967 0 0 46 218 0.45
969 77 169 14 32 0.69
971 78 171 12 32 0.74
971 81 171 11 32 0.58
974 419 124 39 47 0.53
975 76 172 11 32 0.42
977 77 170 11 35 0.31
997 306 175 13 29 0.44
1001 77 179 13 30 0.41
1001 419 136 41 44 0.39
1002 165 170 12 42 0.37
1017 0 8 43 222 0.40
1031 424 141 33 48 0.31
1045 82 186 12 32 0.31
1061 421 143 27 44 0.34
1062 422 136 34 54 0.50
1077 1 9 42 219 0.32
1086 0 12 44 226 0.32
1087 414 140 38 48 0.47
1101 0 10 44 229 0.49
1102 423 150 38 45 0.32
1112 0 12 42 230 0.45
1125 3 34 39 197 0.70
1127 410 146 50 52 0.55
1130 361 187 8 22 0.33
1146 432 191 17 24 0.32
1147 424 193 14 21 0.33
1157 421 164 27 38 0.49
1161 420 157 31 43 0.37
1182 11 178 47 102 0.54
1182 11 175 32 94 0.42
1183 11 171 57 110 0.66
1185 9 181 81 97 0.61
1186 17 184 69 97 0.30
1187 13 177 82 110 0.46
1188 28 177 79 107 0.48
1194 69 176 26 67 0.33
1201 104 173 50 100 0.62
1201 104 174 36 84 0.42
1202 105 183 39 62 0.38
1203 425 155 28 41 0.31
1206 129 183 39 68 0.33
1207 132 181 65 84 0.33
1213 165 167 53 99 0.33
1214 161 176 61 91 0.56
1215 172 174 45 86 0.87
1216 177 171 44 88 0.98
1217 180 167 53 98 0.95
1218 183 175 51 84 0.85
1220 193 179 44 82 0.60
1222 198 181 50 81 0.56
1223 207 184 42 73 0.78
1225 211 179 43 81 0.94
1226 216 181 42 76 0.89
1227 217 185 47 68 0.85
1229 222 179 45 80 0.90
1230 224 184 46 73 0.85
1231 229 181 41 70 0.65
1232 234 182 41 70 0.96
1233 239 185 37 70 0.80
1235 241 181 37 73 0.84
1236 246 187 37 65 0.48
1237 248 182 39 70 0.95
1238 250 178 42 79 0.93
1239 255 184 38 71 0.80
1240 256 181 39 75 0.96
1241 257 179 39 77 0.97
1242 260 179 36 75 0.99
1243 263 184 36 68 0.99
1244 264 184 37 69 0.97
1245 267 187 33 62 0.91
1246 269 183 35 66 0.98
1247 272 182 33 69 0.94
1248 274 187 31 57 0.67
1249 275 179 33 70 0.93
1250 277 183 37 65 0.93
1251 280 183 31 64 0.94
1252 281 184 31 61 0.96
1253 283 184 31 63 0.96
1254 285 186 30 59 0.94
1255 288 184 31 64 0.94
1256 289 186 30 61 0.94
1257 289 190 32 58 0.96
1258 291 186 30 62 0.97
1259 294 191 27 57 0.97
1260 295 188 29 57 0.97
1261 296 188 28 58 0.97
1262 296 189 29 57 0.97
1263 296 185 29 61 0.99
1264 299 189 29 56 0.92
1265 299 191 28 53 0.78
1266 302 187 27 57 0.88
1267 301 186 28 57 0.88
1268 304 184 25 57 0.93
1269 305 187 25 53 0.94
1270 305 184 25 56 0.92
1271 306 187 24 50 0.83
1272 305 187 26 52 0.82
1273 306 186 27 53 0.93
1274 307 185 26 53 0.95
1275 306 183 27 58 0.93
1276 307 184 26 55 0.96
1277 309 190 26 50 0.88
1278 309 185 27 55 0.95
1279 311 190 24 45 0.69
1280 312 192 25 47 0.74
1281 312 184 25 51 0.96
1282 313 187 25 51 0.88
1283 314 191 24 47 0.79
1284 314 186 24 51 0.91
1285 315 189 22 47 0.74
1285 414 154 42 44 0.41
1286 316 190 22 46 0.71
1287 314 190 22 43 0.76
1288 315 189 23 46 0.87
1289 314 187 24 46 0.88
1290 315 191 23 42 0.76
1291 315 188 25 44 0.82
1292 316 189 22 44 0.68
1293 317 188 21 45 0.89
1294 318 190 24 43 0.60
1295 317 193 25 41 0.68
1296 318 189 21 43 0.89
1297 317 190 25 43 0.82
1298 318 191 25 43 0.83
1299 320 191 21 41 0.65
1300 318 190 26 43 0.77
1301 320 191 21 41 0.85
1302 321 192 21 41 0.67
1303 320 193 20 38 0.53
1304 321 191 21 42 0.80
1307 320 194 21 37 0.47
1308 320 192 25 39 0.65
1309 321 190 22 41 0.37
1310 320 189 23 42 0.83
1310 420 148 37 47 0.44
1311 320 188 23 42 0.67
1312 320 188 22 41 0.64
1313 321 190 21 40 0.60
1314 320 188 22 43 0.84
1315 321 190 21 39 0.43
1316 320 189 22 41 0.79
1317 321 190 23 39 0.80
1318 322 189 21 40 0.58
1319 322 188 20 40 0.78
1320 320 186 22 40 0.30
1321 321 190 21 39 0.63
1325 1 6 40 233 0.34
1325 322 192 18 35 0.33
1326 321 191 22 37 0.58
1327 322 191 20 37 0.45
1329 320 192 22 36 0.67
1330 321 190 20 38 0.46
1333 321 191 21 37 0.36
1336 186 166 14 49 0.46
1336 319 191 22 37 0.40
1337 318 192 20 35 0.38
1338 319 193 22 34 0.33
1340 320 190 21 37 0.51
1348 319 195 17 32 0.32
1349 317 195 21 32 0.55
1350 318 194 19 34 0.78
1351 317 196 19 33 0.71
1352 319 192 17 33 0.53
1353 318 194 19 34 0.81
1354 319 194 18 32 0.46
1355 320 195 20 32 0.79
1357 319 193 19 34 0.76
1358 319 194 19 33 0.58
1359 321 194 17 33 0.64
1360 322 193 16 34 0.68
1361 319 194 19 33 0.73
1362 321 196 19 30 0.42
1363 322 194 18 32 0.48
1364 321 194 17 33 0.72
1365 320 194 18 32 0.56
1366 321 195 17 31 0.59
1367 320 196 19 31 0.77
1368 320 193 18 34 0.67
1369 321 193 16 33 0.66
1370 322 194 14 30 0.54
1371 321 194 16 30 0.66
1371 142 169 15 51 0.64
1372 320 196 17 29 0.38
1373 323 196 15 29 0.61
1374 323 194 15 33 0.75
1375 323 196 15 30 0.80
1375 430 152 37 43 0.40
1376 323 196 15 31 0.79
1377 322 194 14 31 0.65
1377 182 168 16 51 0.50
1378 325 195 13 30 0.44
1379 324 194 15 34 0.64
1380 325 195 12 31 0.62
1381 323 193 15 33 0.76
1382 324 196 14 30 0.61
1383 325 195 16 31 0.72
1384 324 193 16 33 0.57
1385 324 195 15 31 0.60
1386 325 195 14 29 0.75
1387 327 194 14 31 0.37
1388 325 193 15 33 0.80
1389 326 192 16 33 0.81
1390 325 195 16 30 0.65
1392 326 193 16 31 0.70
1393 325 194 17 30 0.74
1395 326 193 16 32 0.83
1396 327 194 15 29 0.85
1397 327 194 15 30 0.75
1398 325 195 17 28 0.76
1399 326 196 14 28 0.67
1400 328 194 13 29 0.55
1401 327 195 14 27 0.36
1405 329 196 14 26 0.47
1406 328 195 14 26 0.50
1407 327 195 16 26 0.73
1408 328 194 16 26 0.57
1409 327 194 15 25 0.47
1410 328 194 16 26 0.41
1418 334 190 12 27 0.35
1418 382 164 15 42 0.35
1419 336 192 10 25 0.39
1421 533 95 47 147 0.46
1422 336 190 10 27 0.46
1423 337 193 10 23 0.36
1424 337 192 10 23 0.47
1425 337 190 9 27 0.63
1425 333 190 11 24 0.36
1428 336 193 10 21 0.43
1433 335 191 10 22 0.35
1434 334 189 8 25 0.40
1435 334 189 8 22 0.35
1438 153 148 14 43 0.54
1438 598 84 40 163 0.40
1445 328 184 12 24 0.58
1447 327 184 11 25 0.34
1448 327 182 12 26 0.65
1449 325 182 13 25 0.43
1450 326 180 11 27 0.73
1452 326 181 11 25 0.50
1453 328 178 8 27 0.68
1453 330 179 8 25 0.40
1453 324 180 10 24 0.37
1455 326 175 11 28 0.65
1456 324 173 12 29 0.55
1456 320 174 12 28 0.31
1457 492 45 29 78 0.47
1458 325 176 10 26 0.41
1459 324 175 11 27 0.49
1460 488 4 127 177 0.35
1463 319 176 15 29 0.67
1464 318 178 14 28 0.47
1466 500 0 125 200 0.47
1466 319 178 13 27 0.38
1467 498 2 134 183 0.30
1468 318 181 12 24 0.44
1468 322 180 11 25 0.37
1469 317 178 14 26 0.80
1470 317 175 12 31 0.76
1470 196 172 10 40 0.59
1471 316 177 12 27 0.55
1471 512 3 125 213 0.36
1472 316 181 14 24 0.50
1473 316 177 12 30 0.38
1474 316 178 13 28 0.69
1475 315 179 14 27 0.31
1476 317 179 14 29 0.45
1478 318 180 14 28 0.73
1479 318 179 14 27 0.34
1481 316 178 16 28 0.46
1484 317 179 16 27 0.37
1488 317 179 12 25 0.33
1490 168 172 11 48 0.34
1495 316 179 16 26 0.47
1498 319 179 12 25 0.33
1502 321 180 12 26 0.39
1512 321 178 11 27 0.38
1523 321 179 12 25 0.55
1524 319 180 15 26 0.44
1532 318 181 15 23 0.30
1539 598 156 23 31 0.48
1540 605 160 20 29 0.49
1548 431 140 19 70 0.58
1550 434 142 19 71 0.56
1551 434 140 19 71 0.31
1553 608 167 27 55 0.54
1564 394 141 23 46 0.32
1565 396 141 21 44 0.38
1569 397 142 22 42 0.31
1580 449 132 19 75 0.35
1590 376 139 38 67 0.38
1596 177 158 15 36 0.36
1600 379 136 32 67 0.40
1627 388 128 33 70 0.36
1635 122 170 17 30 0.41
1636 428 116 31 58 0.32
1640 523 36 39 188 0.83
1643 159 148 14 23 0.32
1644 429 117 33 60 0.32
1645 533 28 41 201 0.60
1646 538 29 40 200 0.89
1649 535 20 53 210 0.64
1661 583 25 46 210 0.43
1667 150 140 14 24 0.59
1671 521 11 110 204 0.55
1675 147 140 14 24 0.56
1681 413 129 47 85 0.56
1687 424 134 30 83 0.56
1688 147 143 13 51 0.66
1688 421 118 51 101 0.51
1688 421 138 39 79 0.40
1689 424 118 56 99 0.65
1691 428 119 50 100 0.82
1694 429 128 40 95 0.72
1696 431 131 31 90 0.75
1699 435 135 35 87 0.46
1700 435 128 36 93 0.64
1700 595 41 43 177 0.37
1701 438 131 33 93 0.49
1702 437 129 35 94 0.42
1719 118 127 28 39 0.38
1720 426 124 17 41 0.45
1720 605 174 30 46 0.36
1725 102 123 45 48 0.43
1728 54 177 16 39 0.34
1743 533 58 34 71 0.34
1744 114 146 12 42 0.38
1744 108 148 16 38 0.30
1745 104 145 17 51 0.67
1745 108 144 18 52 0.38
1746 102 147 17 44 0.69
1748 435 115 24 48 0.63
1748 101 145 17 51 0.47
1748 98 150 13 48 0.40
1749 434 113 24 54 0.64
1749 98 152 11 45 0.59
1749 103 151 13 45 0.40
1749 160 136 25 60 0.32
1750 94 150 23 50 0.69
1752 94 149 14 50 0.57
1752 114 147 14 57 0.45
1753 91 149 19 52 0.80
1756 215 157 14 45 0.52
1759 216 160 13 43 0.35
1760 84 152 16 57 0.80
1761 83 151 19 54 0.61
1761 87 146 22 58 0.42
1761 94 144 15 56 0.37
1762 82 152 17 58 0.75
1762 95 143 17 66 0.64
1762 103 144 13 63 0.53
1762 147 133 29 67 0.49
1763 82 154 17 55 0.76
1766 79 150 21 60 0.84
1767 78 154 18 57 0.42
1768 76 151 21 64 0.42
1769 78 150 19 62 0.40
1770 76 151 22 60 0.41
1771 76 151 17 58 0.66
1772 77 149 20 62 0.50
1777 68 152 19 61 0.55
1777 94 140 16 70 0.31
1779 0 187 8 49 0.60
1779 67 152 18 59 0.39
1781 64 154 18 57 0.30
1782 64 152 18 60 0.51
1784 61 152 19 64 0.73
1787 56 151 20 65 0.76
1788 55 152 19 61 0.61
1790 54 139 23 79 0.84
1790 81 138 20 72 0.36
1791 52 151 17 66 0.37
1792 50 150 21 66 0.56
1793 51 150 17 64 0.70
1794 49 153 18 67 0.71
1795 46 149 20 66 0.48
1798 41 152 21 64 0.44
1799 39 154 20 64 0.31
1801 71 135 21 54 0.34
1805 31 152 21 64 0.39
1815 18 122 47 52 0.31
1816 120 130 26 65 0.66
1816 11 144 31 32 0.33
1818 380 178 7 23 0.32
1825 433 142 16 69 0.40
1825 439 132 21 80 0.34
1828 434 143 13 57 0.52
1829 432 140 15 66 0.40
1829 450 132 20 78 0.30
1833 433 141 15 56 0.46
1833 458 122 20 90 0.33
1837 446 142 21 70 0.57
1837 439 140 22 71 0.46
1839 447 138 21 73 0.44
