0,27.327,27.494
1,27.333,27.502
2,27.336,27.508
3,27.294,27.439
4,27.372,27.539
5,27.378,27.545
6,26.966,27.083
7,27.106,27.249
8,27.486,27.657
9,27.450,27.622
10,27.373,27.523
11,27.483,27.653
12,27.105,27.236
13,27.154,27.299
14,27.165,27.304
15,27.112,27.250
16,27.213,27.363
17,27.197,27.328
18,27.235,27.377
19,27.210,27.354
20,27.256,27.406
21,27.163,27.297
22,27.234,27.376
23,27.182,27.317
24,27.708,27.916
25,27.641,27.843
26,27.643,27.849
27,27.649,27.858
28,27.567,27.746
29,27.636,27.829
30,27.707,27.934
31,27.596,27.804
32,27.720,27.949
33,27.637,27.842
34,27.666,27.888
35,27.811,28.027
36,27.262,27.424
37,27.766,27.962
38,27.798,27.995
39,27.622,27.808
40,27.576,27.761
41,27.600,27.797
42,27.478,27.653
43,27.522,27.696
44,27.481,27.649
45,27.465,27.632
46,27.525,27.714
47,27.780,27.973
48,27.235,27.414
49,27.188,27.364
50,27.410,27.589
51,27.458,27.653
52,27.426,27.594
53,27.483,27.643
54,27.403,27.580
55,27.369,27.532
56,27.238,27.369
57,27.287,27.428
58,27.409,27.567
59,27.386,27.551
60,27.335,27.500
61,27.409,27.579
62,27.061,27.190
63,27.433,27.584
64,27.444,27.591
65,27.396,27.535
66,27.419,27.568
67,27.427,27.579
68,27.445,27.594
69,27.492,27.631
70,27.496,27.641
71,27.524,27.674
72,27.468,27.612
73,27.443,27.594
74,27.487,27.637
75,27.517,27.674
76,27.511,27.663
77,27.639,27.810
78,27.521,27.653
79,27.587,27.733
80,27.700,27.856
81,27.676,27.842
82,27.646,27.789
83,27.676,27.834
84,27.756,27.883
85,27.863,28.005
86,27.824,27.951
87,27.777,27.904
88,27.850,27.989
89,28.113,28.265
90,27.892,28.033
91,27.869,28.011
92,27.943,28.110
93,27.411,27.516
94,27.499,27.626
95,27.921,28.065
96,27.944,28.090
97,27.925,28.071
98,27.868,27.998
99,27.831,27.972
100,27.975,28.126
101,27.765,27.864
102,27.816,27.959
103,27.869,28.002
104,28.083,28.223
105,27.829,27.976
106,27.903,28.064
107,27.909,28.041
108,27.933,28.061
109,27.754,27.874
110,27.832,27.958
111,27.537,27.664
112,28.240,28.406
113,28.147,28.288
114,28.410,28.596
115,27.914,28.050
116,28.158,28.310
117,27.945,28.077
118,28.482,28.660
119,27.864,27.982
120,28.005,28.148
121,27.931,28.085
122,27.896,28.054
123,27.897,28.066
124,27.845,27.974
125,27.951,28.121
126,27.887,28.038
127,28.113,28.239
128,27.873,28.024
129,28.239,28.406
130,28.061,28.206
131,27.954,28.090
132,27.894,28.002
133,27.962,28.104
134,27.906,28.043
135,28.336,28.502
136,27.955,28.074
137,28.110,28.253
138,28.003,28.150
139,28.105,28.280
140,27.844,27.967
141,27.980,28.112
142,28.210,28.381
143,27.884,28.039
144,28.215,28.366
145,27.661,27.779
146,27.741,27.860
147,27.693,27.819
148,27.716,27.865
149,27.700,27.839
150,27.711,27.843
151,27.668,27.797
152,27.708,27.844
153,27.744,27.880
154,27.671,27.787
155,27.748,27.895
156,27.734,27.848
157,27.752,27.883
158,27.961,28.118
159,27.935,28.084
160,27.741,27.878
161,27.733,27.876
162,27.681,27.798
163,27.705,27.829
164,27.698,27.821
165,27.705,27.839
166,27.654,27.783
167,27.705,27.841
168,27.672,27.789
169,27.666,27.795
170,27.654,27.784
171,27.707,27.852
172,27.567,27.697
173,27.544,27.692
174,27.483,27.620
175,27.457,27.578
176,27.601,27.742
177,27.712,27.866
178,27.359,27.470
179,27.384,27.512
180,27.365,27.481
181,27.382,27.505
182,27.356,27.467
183,27.385,27.501
184,27.377,27.504
185,27.473,27.603
186,27.363,27.492
187,27.321,27.448
188,27.300,27.415
189,27.207,27.315
190,27.277,27.384
191,27.138,27.261
192,27.170,27.287
193,27.049,27.149
194,27.090,27.205
195,27.022,27.123
196,27.052,27.167
197,27.018,27.130
198,27.122,27.226
199,27.108,27.209
200,26.997,27.122
201,26.983,27.092
202,26.949,27.068
203,26.958,27.066
204,26.976,27.095
205,27.143,27.264
206,27.074,27.191
207,27.091,27.206
208,27.280,27.387
209,27.200,27.327
210,27.324,27.446
211,27.212,27.336
212,27.264,27.384
213,27.205,27.325
214,27.278,27.414
215,27.177,27.321
216,27.144,27.296
217,27.164,27.305
218,27.162,27.296
219,27.142,27.272
220,27.263,27.402
221,27.339,27.477
222,27.198,27.331
223,27.329,27.482
224,27.325,27.470
225,27.290,27.432
226,27.313,27.464
227,27.289,27.436
228,27.347,27.489
229,27.351,27.511
230,27.334,27.484
231,27.390,27.554
232,27.307,27.473
233,27.317,27.484
234,27.370,27.539
235,27.621,27.786
236,27.529,27.692
237,27.564,27.727
238,27.562,27.727
239,27.592,27.761
240,27.652,27.824
241,27.663,27.843
242,27.681,27.854
243,27.734,27.911
244,27.743,27.914
245,28.003,28.187
246,27.937,28.118
247,27.937,28.121
248,27.945,28.142
249,28.055,28.236
250,28.177,28.376
251,28.021,28.206
252,27.921,28.101
253,27.874,28.051
254,27.815,27.982
255,27.820,27.980
256,27.737,27.894
257,27.686,27.825
258,27.744,27.898
259,27.707,27.853
260,27.649,27.791
261,27.657,27.792
262,27.660,27.814
263,27.681,27.827
264,27.642,27.777
265,27.556,27.678
266,27.530,27.659
267,27.483,27.617
268,27.469,27.598
269,27.628,27.745
270,27.371,27.490
271,27.388,27.521
272,27.267,27.374
273,27.463,27.581
274,27.345,27.447
275,27.074,27.160
276,27.110,27.204
277,27.232,27.317
278,27.218,27.320
279,27.651,27.774
280,27.383,27.482
281,27.443,27.534
282,27.387,27.485
283,27.399,27.502
284,27.347,27.443
285,27.376,27.457
286,27.491,27.596
287,27.365,27.448
288,27.371,27.449
289,27.518,27.615
290,27.597,27.686
291,27.587,27.679
292,27.598,27.691
293,27.536,27.633
294,27.622,27.741
295,27.464,27.562
296,27.349,27.447
297,27.690,27.794
298,27.304,27.412
299,27.333,27.449
300,27.408,27.531
301,27.362,27.484
302,27.398,27.524
303,27.401,27.511
304,27.681,27.827
305,27.478,27.604
306,27.344,27.473
307,27.243,27.370
308,27.345,27.481
309,27.336,27.469
310,27.511,27.659
311,27.419,27.569
312,27.343,27.472
313,27.375,27.525
314,27.232,27.365
315,27.201,27.335
316,27.237,27.375
317,27.318,27.450
318,27.358,27.480
319,27.399,27.541
320,27.125,27.268
321,27.213,27.350
322,27.267,27.398
323,27.174,27.308
324,27.329,27.460
325,27.443,27.579
326,27.290,27.441
327,26.718,26.820
328,27.320,27.463
329,27.622,27.771
330,26.776,26.882
331,27.508,27.653
332,27.671,27.814
333,27.592,27.725
334,27.456,27.602
335,27.643,27.797
336,27.640,27.804
337,27.676,27.815
338,27.726,27.868
339,27.703,27.850
340,27.666,27.804
341,27.718,27.856
342,27.675,27.814
343,27.720,27.857
344,27.664,27.807
345,27.707,27.844
346,27.686,27.817
347,27.559,27.688
348,27.595,27.729
349,27.825,27.970
350,27.739,27.866
351,27.772,27.910
352,27.803,27.966
353,27.755,27.876
354,27.211,27.318
355,27.712,27.852
356,27.807,27.924
357,27.645,27.775
358,27.566,27.674
359,27.631,27.749
360,27.720,27.843
361,27.682,27.809
362,27.652,27.781
363,27.640,27.781
364,27.609,27.728
365,27.507,27.611
366,27.691,27.823
367,27.442,27.573
368,27.902,28.050
369,27.789,27.924
370,27.740,27.888
371,27.824,27.965
372,28.049,28.191
373,28.082,28.232
374,27.829,27.967
375,27.843,27.997
376,28.194,28.382
377,27.506,27.641
378,27.733,27.870
379,27.898,28.047
380,27.846,27.951
381,27.681,27.792
382,27.624,27.719
383,27.542,27.627
384,27.539,27.642
385,27.516,27.593
386,27.556,27.635
387,27.556,27.647
388,27.554,27.648
389,27.598,27.700
390,27.747,27.853
391,27.744,27.846
392,27.711,27.813
393,27.744,27.856
394,27.699,27.790
395,27.659,27.765
396,27.551,27.641
397,27.530,27.628
398,27.572,27.661
399,27.551,27.643
400,27.691,27.790
401,27.575,27.671
402,28.202,28.339
403,27.710,27.803
404,27.532,27.618
405,27.424,27.495
406,27.625,27.724
407,27.258,27.331
408,27.566,27.624
409,27.452,27.518
410,27.321,27.379
411,27.260,27.325
412,27.316,27.380
413,27.244,27.307
414,27.420,27.492
415,27.387,27.456
416,27.316,27.385
417,27.255,27.325
418,27.286,27.343
419,27.334,27.399
420,27.362,27.411
421,27.152,27.207
422,27.202,27.267
423,27.226,27.302
424,27.844,27.932
425,27.468,27.543
426,27.306,27.362
427,27.344,27.393
428,27.551,27.610
429,27.431,27.493
430,27.463,27.537
431,27.364,27.418
432,27.470,27.519
433,27.451,27.497
434,27.499,27.533
435,27.686,27.741
436,27.560,27.607
437,27.503,27.553
438,27.567,27.617
439,27.500,27.571
440,27.469,27.532
441,27.473,27.531
442,27.573,27.626
443,27.479,27.516
444,27.467,27.518
445,27.611,27.667
446,27.529,27.586
447,27.527,27.578
448,27.496,27.541
449,27.390,27.409
450,27.420,27.439
451,27.377,27.403
452,27.324,27.378
453,27.320,27.358
454,27.275,27.314
455,27.336,27.385
456,27.334,27.373
457,27.413,27.465
458,27.384,27.451
459,27.387,27.463
460,27.372,27.442
461,27.376,27.463
462,27.429,27.509
463,27.462,27.545
464,27.552,27.625
465,27.487,27.578
466,27.513,27.590
467,27.470,27.544
468,27.379,27.451
469,27.538,27.627
470,27.488,27.553
471,27.563,27.616
472,27.627,27.687
473,27.660,27.709
474,27.673,27.735
475,27.711,27.775
476,27.688,27.760
477,27.660,27.744
478,27.742,27.832
479,27.777,27.866
480,27.799,27.897
481,27.773,27.862
482,27.839,27.920
483,27.722,27.794
484,27.723,27.802
485,27.650,27.728
486,27.605,27.676
487,27.600,27.687
488,27.600,27.692
489,27.669,27.760
490,27.666,27.735
491,27.681,27.768
492,27.713,27.806
493,27.673,27.765
494,27.673,27.771
495,27.645,27.734
496,27.621,27.716
497,27.574,27.667
498,27.561,27.649
499,27.576,27.665
500,27.591,27.696
501,27.624,27.726
502,27.681,27.781
503,27.622,27.716
504,27.649,27.748
505,27.658,27.749
506,27.694,27.784
507,27.679,27.771
508,27.650,27.751
509,27.708,27.809
510,27.741,27.831
511,27.745,27.850
512,27.804,27.914
513,27.826,27.935
514,27.688,27.789
515,27.673,27.769
516,27.712,27.802
517,27.728,27.805
518,27.703,27.781
519,27.813,27.915
520,27.682,27.761
521,27.683,27.761
522,27.665,27.747
523,27.658,27.732
524,27.676,27.756
525,27.643,27.722
526,27.614,27.692
527,27.597,27.667
528,27.578,27.660
529,27.593,27.678
530,27.651,27.720
531,27.639,27.701
532,27.676,27.750
533,27.611,27.690
534,27.588,27.663
535,27.540,27.606
536,27.615,27.690
537,27.605,27.670
538,27.523,27.598
539,27.498,27.578
540,27.498,27.581
541,27.465,27.566
542,27.552,27.639
543,27.450,27.539
544,27.404,27.495
545,27.455,27.551
546,27.349,27.440
547,27.299,27.375
548,27.296,27.377
549,27.293,27.377
550,27.276,27.360
551,27.204,27.287
552,27.073,27.158
553,27.060,27.154
554,27.031,27.123
555,26.999,27.079
556,26.992,27.084
557,27.051,27.138
558,27.052,27.132
559,26.979,27.071
560,26.994,27.077
561,26.957,27.034
562,26.988,27.079
563,27.044,27.132
564,27.141,27.238
565,27.093,27.168
566,27.118,27.228
567,27.145,27.244
568,27.178,27.287
569,27.170,27.271
570,27.101,27.227
571,27.166,27.280
572,27.152,27.262
573,27.167,27.280
574,27.183,27.281
575,27.196,27.312
576,27.136,27.245
577,27.164,27.273
578,27.113,27.211
579,27.163,27.272
580,27.375,27.484
581,27.236,27.350
582,27.161,27.269
583,27.177,27.292
584,27.200,27.304
585,27.427,27.529
586,27.272,27.369
587,27.393,27.486
588,27.487,27.598
589,27.475,27.595
590,27.385,27.510
591,27.412,27.515
592,27.409,27.509
593,27.556,27.671
594,27.440,27.550
595,27.461,27.573
596,27.424,27.518
597,27.407,27.506
598,27.459,27.556
599,27.587,27.704
600,27.568,27.695
601,27.554,27.672
602,27.539,27.658
603,27.584,27.688
604,27.599,27.723
605,27.579,27.694
606,27.536,27.641
607,27.501,27.610
608,27.559,27.666
609,27.535,27.646
610,27.552,27.674
611,27.537,27.649
612,27.548,27.674
613,27.539,27.653
614,27.553,27.675
615,27.571,27.699
616,27.689,27.804
617,27.601,27.734
618,27.510,27.609
619,27.602,27.725
620,27.570,27.671
621,27.642,27.749
622,27.668,27.779
623,27.804,27.926
624,27.674,27.791
625,27.695,27.817
626,27.622,27.739
627,27.638,27.749
628,27.669,27.779
629,27.716,27.826
630,27.705,27.819
631,27.702,27.821
632,27.848,27.970
633,27.932,28.056
634,27.862,27.971
635,27.863,27.964
636,27.828,27.927
637,27.838,27.933
638,27.755,27.847
639,27.886,27.986
640,27.821,27.913
641,27.947,28.048
642,27.862,27.974
643,27.822,27.933
644,27.864,27.979
645,27.837,27.944
646,27.739,27.840
647,27.784,27.883
648,27.869,27.987
649,27.818,27.934
650,27.871,27.980
651,27.855,27.966
652,27.754,27.859
653,27.827,27.923
654,27.707,27.800
655,27.680,27.765
656,27.852,27.964
657,27.680,27.780
658,27.501,27.587
659,27.516,27.617
660,27.849,27.954
661,27.754,27.835
662,27.691,27.782
663,27.506,27.579
664,27.592,27.677
665,27.564,27.641
666,27.423,27.496
667,27.385,27.458
668,27.441,27.503
669,27.446,27.521
670,27.508,27.590
671,27.357,27.415
672,27.457,27.510
673,27.274,27.338
674,27.495,27.571
675,27.370,27.441
676,27.811,27.897
677,27.379,27.443
678,27.355,27.426
679,27.401,27.486
680,27.353,27.418
681,27.307,27.357
682,27.468,27.551
683,27.622,27.690
684,28.257,28.369
685,27.977,28.078
686,27.537,27.596
687,27.449,27.509
688,27.463,27.533
689,27.558,27.627
690,27.398,27.468
691,27.350,27.412
692,27.529,27.606
693,27.429,27.492
694,27.567,27.634
695,27.658,27.735
696,27.292,27.353
697,27.240,27.286
698,27.232,27.291
699,27.152,27.194
700,27.158,27.195
701,27.121,27.165
702,27.159,27.221
703,27.026,27.071
704,26.938,26.979
705,26.952,26.979
706,27.025,27.051
707,27.116,27.150
708,26.918,26.950
709,27.051,27.080
710,27.179,27.232
711,27.127,27.178
712,27.041,27.094
713,27.029,27.071
714,26.917,26.956
715,27.037,27.098
716,26.932,26.972
717,26.888,26.924
718,26.840,26.876
719,27.033,27.079
720,27.078,27.129
721,27.013,27.057
722,26.938,26.974
723,26.994,27.044
724,26.938,26.992
725,26.915,26.957
726,26.928,26.970
727,26.882,26.918
728,26.916,26.942
729,26.961,26.995
730,27.046,27.104
731,27.033,27.061
732,27.089,27.138
733,27.004,27.032
734,27.079,27.109
735,27.120,27.159
736,27.187,27.229
737,27.112,27.141
738,27.212,27.256
739,27.115,27.159
740,27.058,27.089
741,27.011,27.036
742,27.164,27.202
743,27.135,27.155
744,27.197,27.240
745,27.112,27.140
746,27.135,27.179
747,27.125,27.171
748,27.151,27.193
749,27.052,27.097
750,27.142,27.187
751,27.073,27.107
752,27.031,27.071
753,27.032,27.066
754,27.028,27.046
755,27.142,27.174
756,27.066,27.104
757,27.160,27.210
758,27.036,27.067
759,27.012,27.049
760,26.900,26.934
761,26.911,26.932
762,26.802,26.834
763,26.835,26.872
764,26.707,26.739
765,26.643,26.664
766,26.717,26.761
767,26.670,26.686
768,26.772,26.798
769,26.739,26.770
770,26.929,26.954
771,26.739,26.765
772,26.849,26.868
773,26.718,26.724
774,26.788,26.815
775,26.681,26.701
776,26.791,26.827
777,26.844,26.884
778,26.751,26.781
779,26.852,26.882
780,26.741,26.775
781,26.748,26.809
782,26.685,26.747
783,26.779,26.850
784,26.802,26.846
785,26.862,26.903
786,26.945,27.003
787,27.040,27.084
788,26.977,27.034
789,26.881,26.933
790,26.903,26.961
791,26.785,26.828
792,26.883,26.957
793,26.806,26.851
794,26.740,26.801
795,26.741,26.795
796,26.773,26.828
797,26.775,26.840
798,26.687,26.744
799,26.771,26.829
800,26.657,26.703
801,26.627,26.660
802,26.751,26.812
803,26.786,26.835
804,26.862,26.929
805,26.765,26.816
806,26.790,26.831
807,26.969,27.030
808,26.716,26.763
809,26.672,26.717
810,26.471,26.514
811,26.600,26.652
812,26.531,26.586
813,26.582,26.620
814,26.636,26.679
815,26.597,26.654
816,26.546,26.584
817,26.700,26.751
818,26.714,26.764
819,26.677,26.731
820,26.700,26.754
821,26.651,26.684
822,26.739,26.793
823,26.606,26.644
824,26.591,26.627
825,26.526,26.553
826,26.664,26.715
827,26.642,26.687
828,26.558,26.602
829,26.609,26.661
830,26.531,26.571
831,26.698,26.756
832,26.587,26.636
833,26.673,26.727
834,26.926,26.972
835,26.964,27.022
836,26.897,26.930
837,26.873,26.937
838,26.843,26.900
839,26.713,26.738
840,26.797,26.840
841,26.737,26.763
842,26.680,26.702
843,26.825,26.879
844,26.602,26.637
845,26.656,26.698
846,26.577,26.627
847,26.552,26.589
848,26.472,26.508
849,26.421,26.451
850,26.398,26.427
851,26.508,26.537
852,26.516,26.540
853,26.449,26.494
854,26.282,26.318
855,26.278,26.298
856,26.267,26.292
857,26.314,26.342
858,26.253,26.288
859,26.285,26.316
860,26.549,26.592
861,26.411,26.441
862,26.392,26.429
863,26.398,26.428
864,26.443,26.491
865,26.522,26.577
866,26.497,26.542
867,26.445,26.490
868,26.474,26.529
869,26.476,26.536
870,26.655,26.709
871,26.534,26.579
872,26.665,26.726
873,26.712,26.762
874,26.635,26.689
875,26.595,26.652
876,26.531,26.598
877,26.514,26.579
878,26.469,26.533
879,26.445,26.514
880,26.384,26.439
881,26.282,26.337
882,26.306,26.370
883,26.264,26.322
884,26.322,26.375
885,26.346,26.410
886,26.225,26.287
887,26.145,26.195
888,26.192,26.255
889,26.098,26.148
890,26.269,26.325
891,26.147,26.185
892,26.139,26.210
893,26.115,26.170
894,26.117,26.179
895,26.014,26.074
896,26.005,26.069
897,25.934,25.979
898,25.929,25.985
899,26.062,26.126
900,25.957,26.003
901,26.003,26.058
902,25.978,26.029
903,25.943,25.997
904,25.999,26.051
905,26.065,26.124
906,26.011,26.076
907,26.156,26.220
908,26.085,26.128
909,26.222,26.283
910,26.171,26.226
911,26.277,26.333
912,26.322,26.365
913,26.344,26.392
914,26.293,26.338
915,26.340,26.390
916,26.362,26.405
917,26.412,26.461
918,26.461,26.526
919,26.442,26.494
920,26.504,26.580
921,26.680,26.763
922,26.607,26.670
923,26.680,26.744
924,26.658,26.731
925,26.666,26.712
926,26.708,26.765
927,26.662,26.735
928,26.793,26.865
929,26.804,26.892
930,26.857,26.943
931,26.687,26.739
932,26.714,26.768
933,26.764,26.839
934,26.771,26.845
935,26.662,26.733
936,26.677,26.771
937,26.631,26.699
938,26.708,26.775
939,26.665,26.730
940,26.558,26.625
941,26.682,26.771
942,26.544,26.619
943,26.593,26.680
944,26.474,26.554
945,26.539,26.603
946,26.556,26.631
947,26.538,26.626
948,26.403,26.482
949,26.425,26.508
950,26.333,26.416
951,26.544,26.624
952,26.343,26.406
953,26.430,26.515
954,26.296,26.355
955,26.337,26.395
956,26.301,26.380
957,26.312,26.378
958,26.248,26.293
959,26.333,26.404
960,26.222,26.289
961,26.305,26.356
962,26.309,26.374
963,26.245,26.307
964,26.552,26.624
965,26.449,26.493
966,26.390,26.447
967,26.288,26.332
968,26.313,26.346
969,26.299,26.337
970,26.128,26.161
971,26.261,26.304
972,26.068,26.094
973,26.093,26.132
974,26.000,26.020
975,26.047,26.085
976,25.952,25.983
977,26.008,26.040
978,26.279,26.298
979,26.195,26.224
980,25.979,25.996
981,25.994,26.017
982,25.931,25.941
983,25.948,25.969
984,26.007,26.018
985,26.134,26.163
986,26.027,26.057
987,25.984,25.997
988,25.754,25.768
989,25.835,25.851
990,25.833,25.856
991,26.385,26.396
992,26.570,26.591
993,26.454,26.472
994,26.314,26.331
995,26.463,26.488
996,26.439,26.446
997,26.653,26.661
998,26.644,26.638
999,26.457,26.457
1000,26.749,26.788
1001,26.548,26.568
1002,26.649,26.667
1003,26.607,26.632
1004,26.653,26.687
1005,26.593,26.623
1006,26.521,26.544
1007,26.369,26.368
1008,26.526,26.548
1009,26.513,26.554
1010,26.517,26.539
1011,26.465,26.487
1012,26.527,26.537
1013,26.678,26.695
1014,26.557,26.599
1015,26.512,26.545
1016,26.572,26.614
1017,26.367,26.381
1018,26.326,26.350
1019,26.445,26.483
1020,26.448,26.487
1021,26.474,26.513
1022,26.548,26.582
1023,26.511,26.540
1024,26.520,26.565
1025,26.507,26.536
1026,26.586,26.622
1027,26.441,26.458
1028,26.541,26.562
1029,26.464,26.513
1030,26.340,26.383
1031,26.452,26.503
1032,26.413,26.452
1033,26.432,26.469
1034,26.287,26.328
1035,26.511,26.560
1036,26.521,26.565
1037,26.427,26.476
1038,26.340,26.371
1039,26.437,26.484
1040,26.462,26.516
1041,26.275,26.330
1042,26.335,26.393
1043,26.303,26.374
1044,26.227,26.275
1045,26.329,26.395
1046,26.238,26.281
1047,26.340,26.403
1048,26.199,26.253
1049,26.253,26.302
1050,26.227,26.282
1051,26.273,26.318
1052,26.442,26.500
1053,26.162,26.219
1054,26.218,26.278
1055,26.067,26.122
1056,26.145,26.217
1057,26.089,26.158
1058,26.137,26.210
1059,25.999,26.055
1060,26.094,26.153
1061,26.132,26.188
1062,26.208,26.249
1063,26.167,26.228
1064,26.111,26.158
1065,26.117,26.175
1066,26.012,26.070
1067,26.124,26.173
1068,26.197,26.246
1069,26.116,26.170
1070,26.409,26.480
1071,26.018,26.075
1072,26.070,26.116
1073,26.103,26.144
1074,26.137,26.200
1075,26.152,26.221
1076,26.029,26.050
1077,26.107,26.153
1078,26.204,26.247
1079,26.220,26.261
1080,26.330,26.391
1081,26.305,26.349
1082,26.325,26.384
1083,26.299,26.340
1084,26.435,26.497
1085,26.394,26.432
1086,26.466,26.527
1087,26.520,26.578
1088,26.571,26.643
1089,26.484,26.543
1090,26.566,26.614
1091,26.549,26.600
1092,26.516,26.561
1093,26.439,26.493
1094,26.494,26.564
1095,26.649,26.706
1096,26.679,26.737
1097,26.588,26.630
1098,26.424,26.439
1099,26.736,26.771
1100,27.029,27.099
1101,27.023,27.082
1102,26.682,26.728
1103,26.826,26.881
1104,26.703,26.748
1105,26.857,26.915
1106,26.839,26.883
1107,26.813,26.864
1108,26.862,26.922
1109,26.851,26.894
1110,26.998,27.059
1111,26.925,26.978
1112,26.886,26.937
1113,27.198,27.267
1114,26.997,27.050
1115,26.997,27.048
1116,27.068,27.114
1117,27.220,27.279
1118,27.132,27.185
1119,27.168,27.206
1120,27.245,27.290
1121,27.267,27.311
1122,27.176,27.214
1123,27.330,27.398
1124,27.143,27.188
1125,27.291,27.349
1126,27.196,27.227
1127,27.219,27.240
1128,27.271,27.312
1129,27.368,27.407
1130,27.493,27.540
1131,27.251,27.275
1132,27.167,27.200
1133,27.233,27.250
1134,27.402,27.447
1135,27.208,27.248
1136,27.073,27.113
1137,27.180,27.227
1138,27.145,27.186
1139,27.094,27.136
1140,27.730,27.810
1141,27.106,27.150
1142,27.367,27.416
1143,27.189,27.238
1144,27.165,27.204
1145,27.019,27.052
1146,27.419,27.473
1147,26.954,26.998
1148,26.997,27.050
1149,26.808,26.839
1150,27.050,27.128
1151,26.921,26.980
1152,27.030,27.082
1153,27.219,27.286
1154,26.895,26.927
1155,27.322,27.385
1156,26.893,26.940
1157,27.090,27.153
1158,26.789,26.832
1159,27.021,27.084
1160,26.840,26.894
1161,26.849,26.915
1162,26.949,27.022
1163,26.710,26.766
1164,26.620,26.686
1165,26.813,26.891
1166,26.720,26.802
1167,26.754,26.840
1168,26.578,26.634
1169,26.636,26.705
1170,26.603,26.670
1171,26.862,26.953
1172,26.599,26.666
1173,26.516,26.582
1174,26.575,26.645
1175,26.670,26.751
1176,26.707,26.784
1177,26.567,26.647
1178,26.605,26.679
1179,26.436,26.499
1180,26.487,26.552
1181,26.404,26.467
1182,26.584,26.654
1183,26.484,26.553
1184,26.644,26.715
1185,26.657,26.732
1186,26.610,26.689
1187,26.689,26.770
1188,26.755,26.848
1189,26.945,27.026
1190,27.079,27.171
1191,26.933,27.019
1192,26.967,27.056
1193,27.182,27.287
1194,27.170,27.285
1195,27.230,27.322
1196,27.138,27.243
1197,27.466,27.583
1198,27.417,27.524
1199,27.585,27.702
1200,27.448,27.565
1201,27.516,27.627
1202,27.573,27.694
1203,27.661,27.772
1204,27.824,27.947
1205,27.929,28.054
1206,28.083,28.223
1207,27.805,27.947
1208,27.780,27.908
1209,27.910,28.042
1210,28.043,28.173
1211,27.805,27.940
1212,28.868,29.061
1213,28.237,28.412
1214,27.974,28.129
1215,28.236,28.414
1216,28.349,28.533
1217,28.050,28.222
1218,28.217,28.387
1219,28.062,28.236
1220,28.086,28.270
1221,28.051,28.224
1222,27.979,28.150
1223,27.955,28.125
1224,28.722,28.949
1225,28.281,28.482
1226,28.565,28.783
1227,28.330,28.528
1228,28.110,28.269
1229,28.215,28.393
1230,28.451,28.683
1231,28.326,28.515
1232,28.168,28.333
1233,28.248,28.438
1234,28.448,28.652
1235,28.200,28.349
1236,28.184,28.345
1237,28.179,28.318
1238,28.270,28.429
1239,28.290,28.445
1240,28.385,28.533
1241,28.319,28.456
1242,28.360,28.503
1243,28.469,28.631
1244,28.597,28.764
1245,28.498,28.663
1246,28.287,28.429
1247,28.168,28.279
1248,28.542,28.711
1249,28.379,28.532
1250,28.377,28.524
1251,28.125,28.240
1252,28.060,28.177
1253,28.309,28.420
1254,27.934,28.034
1255,27.923,28.003
1256,27.860,27.936
1257,27.736,27.795
1258,27.761,27.841
1259,27.802,27.889
1260,27.993,28.082
1261,28.159,28.258
1262,28.532,28.648
1263,27.940,28.031
1264,28.055,28.137
1265,27.914,27.986
1266,27.843,27.897
1267,27.899,27.961
1268,27.701,27.751
1269,27.772,27.829
1270,27.881,27.931
1271,28.150,28.231
1272,27.994,28.062
1273,27.926,27.986
1274,27.765,27.823
1275,27.509,27.548
1276,27.571,27.604
1277,27.496,27.526
1278,27.705,27.740
1279,27.546,27.586
1280,27.394,27.416
1281,27.628,27.653
1282,27.420,27.431
1283,27.409,27.430
1284,27.470,27.493
1285,27.288,27.291
1286,27.320,27.334
1287,27.424,27.426
1288,27.439,27.461
1289,27.308,27.324
1290,27.215,27.216
1291,27.279,27.298
1292,27.265,27.293
1293,27.214,27.225
1294,27.181,27.196
1295,27.043,27.046
1296,27.259,27.287
1297,27.050,27.066
1298,27.092,27.121
1299,27.054,27.087
1300,26.985,27.022
1301,27.060,27.084
1302,27.289,27.303
1303,27.205,27.234
1304,27.280,27.312
1305,27.159,27.186
1306,27.713,27.776
1307,27.255,27.306
1308,27.207,27.264
1309,27.032,27.068
1310,27.058,27.118
1311,27.080,27.149
1312,27.164,27.214
1313,27.118,27.163
1314,27.483,27.551
1315,27.037,27.091
1316,27.032,27.093
1317,27.124,27.183
1318,27.152,27.211
1319,26.971,27.015
1320,27.012,27.056
1321,27.072,27.136
1322,26.908,26.964
1323,26.891,26.940
1324,26.854,26.897
1325,27.272,27.323
1326,27.146,27.217
1327,26.912,26.965
1328,27.054,27.109
1329,26.894,26.942
1330,26.933,26.995
1331,27.108,27.182
1332,27.201,27.289
1333,26.978,27.041
1334,27.290,27.356
1335,26.987,27.040
1336,27.135,27.233
1337,26.995,27.059
1338,27.022,27.086
1339,26.940,27.001
1340,26.923,26.979
1341,27.035,27.105
1342,26.912,26.965
1343,27.007,27.082
1344,26.984,27.045
1345,26.973,27.035
1346,27.028,27.078
1347,27.285,27.372
1348,27.217,27.289
1349,27.241,27.307
1350,27.029,27.114
1351,27.017,27.121
1352,27.178,27.275
1353,26.855,26.937
1354,26.784,26.851
1355,26.763,26.844
1356,26.704,26.760
1357,26.696,26.758
1358,26.652,26.715
1359,26.670,26.736
1360,26.661,26.729
1361,26.630,26.686
1362,26.603,26.654
1363,26.565,26.632
1364,26.551,26.607
1365,26.588,26.647
1366,26.634,26.694
1367,26.600,26.667
1368,26.670,26.747
1369,26.592,26.645
1370,26.602,26.651
1371,26.554,26.607
1372,26.510,26.559
1373,26.457,26.509
1374,26.358,26.420
1375,26.334,26.384
1376,26.285,26.335
1377,26.319,26.358
1378,26.313,26.350
1379,26.287,26.350
1380,26.423,26.469
1381,26.151,26.204
1382,26.139,26.187
1383,26.746,26.813
1384,26.143,26.198
1385,26.477,26.543
1386,26.377,26.442
1387,26.247,26.303
1388,26.190,26.239
1389,26.334,26.386
1390,26.240,26.297
1391,26.296,26.354
1392,26.383,26.449
1393,26.372,26.420
1394,26.321,26.380
1395,26.362,26.418
1396,26.356,26.405
1397,26.418,26.476
1398,26.328,26.376
1399,26.376,26.421
1400,26.444,26.493
1401,26.383,26.431
1402,26.448,26.515
1403,26.493,26.543
1404,26.424,26.478
1405,26.380,26.429
1406,26.405,26.447
1407,26.510,26.560
1408,26.422,26.474
1409,26.475,26.528
1410,26.564,26.618
1411,26.680,26.743
1412,26.435,26.494
1413,26.451,26.511
1414,26.394,26.443
1415,26.448,26.512
1416,26.389,26.454
1417,26.529,26.590
1418,26.234,26.298
1419,26.080,26.136
1420,26.001,26.054
1421,25.925,25.977
1422,26.391,26.447
1423,26.327,26.412
1424,26.308,26.365
1425,26.344,26.408
1426,26.330,26.379
1427,26.304,26.364
1428,26.357,26.410
1429,26.274,26.349
1430,26.251,26.326
1431,26.211,26.290
1432,26.314,26.400
1433,26.313,26.382
1434,26.462,26.541
1435,26.486,26.552
1436,26.455,26.549
1437,26.529,26.635
1438,26.541,26.639
1439,26.642,26.740
1440,26.661,26.762
1441,26.574,26.658
1442,26.563,26.673
1443,26.661,26.772
1444,26.637,26.728
1445,26.626,26.727
1446,26.672,26.764
1447,26.603,26.697
1448,26.723,26.826
1449,26.527,26.614
1450,26.611,26.723
1451,26.066,26.147
1452,26.632,26.730
1453,26.664,26.742
1454,26.669,26.763
1455,26.582,26.665
1456,26.602,26.688
1457,26.692,26.770
1458,26.342,26.414
1459,26.421,26.508
1460,26.891,26.998
1461,26.810,26.921
1462,26.932,27.033
1463,26.878,26.972
1464,26.943,27.082
1465,26.898,27.010
1466,26.941,27.051
1467,26.949,27.067
1468,26.989,27.113
1469,27.021,27.148
1470,27.079,27.200
1471,27.142,27.262
1472,27.035,27.146
1473,27.052,27.161
1474,27.097,27.224
1475,26.999,27.103
1476,27.045,27.176
1477,26.963,27.073
1478,26.886,27.003
1479,26.975,27.088
1480,26.931,27.058
1481,26.955,27.070
1482,27.102,27.223
1483,26.981,27.088
1484,26.920,27.015
1485,26.955,27.066
1486,26.958,27.059
1487,27.123,27.242
1488,26.949,27.057
1489,26.894,27.002
1490,26.819,26.922
1491,26.773,26.870
1492,26.730,26.814
1493,26.772,26.869
1494,26.747,26.839
1495,26.630,26.715
1496,26.667,26.743
1497,26.606,26.677
1498,26.789,26.894
1499,26.660,26.757
1500,26.611,26.720
1501,26.599,26.696
1502,26.628,26.712
1503,26.678,26.774
1504,26.620,26.711
1505,26.639,26.717
1506,26.538,26.618
1507,26.571,26.653
1508,26.675,26.769
1509,26.666,26.751
1510,26.659,26.750
1511,26.890,26.993
1512,26.621,26.701
1513,26.613,26.690
1514,26.633,26.700
1515,26.793,26.865
1516,26.946,27.029
1517,26.642,26.702
1518,26.604,26.676
1519,26.832,26.905
1520,26.668,26.748
1521,26.677,26.736
1522,26.628,26.713
1523,26.686,26.756
1524,26.666,26.746
1525,26.648,26.701
1526,26.746,26.812
1527,27.157,27.238
1528,26.728,26.795
1529,26.751,26.818
1530,26.865,26.948
1531,26.955,27.038
1532,27.140,27.227
1533,26.986,27.088
1534,26.922,27.004
1535,26.969,27.030
1536,26.924,26.998
1537,26.890,26.965
1538,26.898,26.967
1539,26.853,26.936
1540,26.825,26.913
1541,26.747,26.837
1542,26.777,26.870
1543,26.771,26.847
1544,26.813,26.899
1545,26.887,26.982
1546,26.863,26.936
1547,26.894,26.986
1548,26.901,27.011
1549,26.849,26.929
1550,26.843,26.937
1551,26.747,26.844
1552,26.834,26.935
1553,26.947,27.057
1554,26.886,26.977
1555,26.852,26.951
1556,26.800,26.891
1557,26.807,26.908
1558,26.760,26.850
1559,26.823,26.921
1560,26.817,26.926
1561,26.879,27.000
1562,26.932,27.036
1563,26.564,26.637
1564,26.698,26.790
1565,26.679,26.766
1566,26.852,26.930
1567,27.196,27.323
1568,27.104,27.233
1569,27.126,27.268
1570,27.145,27.286
1571,27.121,27.278
1572,27.167,27.337
1573,27.103,27.268
1574,27.211,27.390
1575,27.241,27.406
1576,27.168,27.320
1577,27.215,27.368
1578,27.202,27.358
1579,27.246,27.407
1580,27.253,27.420
1581,27.219,27.388
1582,27.240,27.405
1583,27.247,27.410
1584,27.281,27.461
1585,27.409,27.591
1586,27.470,27.655
1587,27.506,27.677
1588,27.527,27.694
1589,27.520,27.704
1590,27.591,27.774
1591,27.591,27.775
1592,27.606,27.782
1593,27.598,27.783
1594,27.596,27.797
1595,27.674,27.872
1596,27.655,27.826
1597,27.729,27.939
1598,27.705,27.904
1599,27.719,27.928
1600,27.751,27.949
1601,27.596,27.798
1602,27.540,27.723
1603,27.531,27.715
1604,27.630,27.821
1605,27.671,27.869
1606,28.027,28.260
1607,27.731,27.953
1608,27.764,27.977
1609,27.733,27.956
1610,27.686,27.894
1611,27.685,27.876
1612,27.739,27.948
1613,27.728,27.939
1614,27.741,27.941
1615,27.779,27.999
1616,27.730,27.940
1617,27.747,27.954
1618,27.742,27.954
1619,27.783,27.998
1620,27.759,27.971
1621,27.784,28.002
1622,27.962,28.195
1623,27.783,27.995
1624,27.864,28.110
1625,27.887,28.133
1626,27.822,28.041
1627,27.855,28.077
1628,27.908,28.137
1629,27.899,28.128
1630,28.124,28.379
1631,27.881,28.106
1632,27.883,28.098
1633,28.011,28.249
1634,28.049,28.307
1635,28.030,28.267
1636,28.046,28.293
1637,27.946,28.175
1638,28.025,28.252
1639,27.969,28.192
1640,27.945,28.158
1641,27.947,28.175
1642,28.027,28.255
1643,28.039,28.288
1644,28.058,28.297
1645,28.010,28.251
1646,28.014,28.267
1647,28.046,28.284
1648,28.036,28.289
1649,28.132,28.369
1650,28.032,28.259
1651,28.019,28.255
1652,28.017,28.248
1653,28.023,28.263
1654,28.013,28.237
1655,27.977,28.219
1656,27.925,28.165
1657,28.031,28.279
1658,27.911,28.144
1659,27.928,28.158
1660,27.978,28.212
1661,27.975,28.218
1662,27.946,28.201
1663,27.907,28.142
1664,27.823,28.045
1665,27.893,28.145
1666,27.778,28.008
1667,27.799,28.026
1668,27.838,28.067
1669,27.781,28.007
1670,27.776,27.987
1671,27.903,28.139
1672,27.831,28.038
1673,27.941,28.180
1674,27.827,28.056
1675,28.025,28.281
1676,27.956,28.172
1677,27.887,28.117
1678,27.939,28.155
1679,27.835,28.057
1680,28.063,28.298
1681,27.964,28.194
1682,27.793,27.999
1683,28.068,28.303
1684,27.796,28.005
1685,27.783,27.978
1686,27.781,27.995
1687,27.765,27.962
1688,27.931,28.151
1689,27.599,27.784
1690,27.595,27.783
1691,27.671,27.866
1692,27.622,27.792
1693,27.655,27.828
1694,27.609,27.768
1695,27.685,27.855
1696,27.666,27.841
1697,27.494,27.651
1698,27.550,27.725
1699,27.461,27.603
1700,27.515,27.667
1701,27.499,27.650
1702,27.436,27.573
1703,27.474,27.618
1704,27.494,27.649
1705,27.489,27.636
1706,27.337,27.469
1707,27.420,27.566
1708,27.488,27.647
1709,27.389,27.562
1710,27.332,27.474
1711,27.421,27.580
1712,27.511,27.670
1713,27.567,27.720
1714,27.316,27.451
1715,27.428,27.566
1716,27.441,27.577
1717,27.367,27.499
1718,27.331,27.479
1719,27.352,27.510
1720,27.240,27.374
1721,27.301,27.435
1722,27.455,27.600
1723,27.325,27.464
1724,27.289,27.441
1725,27.240,27.380
1726,27.243,27.382
1727,27.195,27.322
1728,27.181,27.309
1729,27.261,27.410
1730,27.202,27.348
1731,27.229,27.374
1732,27.275,27.414
1733,27.245,27.393
1734,27.209,27.350
1735,27.212,27.353
1736,27.218,27.342
1737,27.230,27.348
1738,27.151,27.263
1739,27.105,27.233
1740,27.180,27.299
1741,27.220,27.349
1742,27.208,27.340
1743,27.147,27.264
1744,27.195,27.302
1745,27.143,27.257
1746,27.095,27.204
1747,27.194,27.315
1748,27.103,27.231
1749,27.074,27.188
1750,27.007,27.119
1751,27.015,27.122
1752,26.951,27.046
1753,26.910,26.995
1754,26.934,27.038
1755,27.008,27.112
1756,26.846,26.939
1757,26.826,26.927
1758,26.963,27.086
1759,26.763,26.857
1760,26.744,26.825
1761,26.675,26.757
1762,26.712,26.814
1763,26.627,26.722
1764,26.713,26.812
1765,26.697,26.783
1766,26.563,26.645
1767,26.475,26.561
1768,26.416,26.489
1769,26.446,26.525
1770,26.393,26.473
1771,26.358,26.441
1772,26.360,26.452
1773,26.310,26.399
1774,26.263,26.346
1775,26.313,26.404
1776,26.301,26.384
1777,26.219,26.308
1778,26.219,26.303
1779,26.213,26.287
1780,26.133,26.228
1781,26.124,26.210
1782,26.071,26.151
1783,26.212,26.299
1784,26.036,26.127
1785,25.984,26.061
1786,25.947,26.020
1787,25.903,25.979
1788,25.874,25.958
1789,25.889,25.970
1790,25.856,25.930
1791,25.817,25.887
1792,25.810,25.882
1793,25.843,25.926
1794,25.937,26.032
1795,25.844,25.942
1796,25.832,25.916
1797,25.803,25.881
1798,25.734,25.802
1799,25.727,25.784
1800,25.749,25.809
1801,25.744,25.815
1802,25.928,25.997
1803,25.935,26.010
1804,25.887,25.955
1805,25.925,25.998
1806,25.979,26.040
1807,25.976,26.042
1808,25.944,26.010
1809,25.986,26.047
1810,26.093,26.156
1811,26.172,26.247
1812,26.173,26.234
1813,26.289,26.376
1814,26.291,26.376
1815,26.359,26.441
1816,26.436,26.519
1817,26.438,26.531
1818,26.457,26.550
1819,26.508,26.595
1820,26.522,26.617
1821,26.539,26.635
1822,26.551,26.634
1823,26.589,26.699
1824,26.624,26.721
1825,26.768,26.864
1826,26.753,26.855
1827,26.845,26.954
1828,26.804,26.911
1829,26.811,26.921
1830,26.765,26.870
1831,26.800,26.909
1832,26.778,26.889
1833,26.754,26.884
1834,26.798,26.907
1835,26.822,26.931
1836,26.811,26.930
1837,26.891,27.012
1838,26.879,27.001
1839,26.877,27.003
1840,26.839,26.946
1841,26.826,26.925
1842,26.780,26.897
1843,26.832,26.934
1844,26.835,26.924
1845,26.763,26.862
1846,26.866,26.981
1847,27.070,27.189
1848,26.935,27.060
1849,26.724,26.833
1850,26.719,26.837
1851,26.644,26.748
1852,26.791,26.900
1853,26.604,26.726
1854,26.590,26.690
1855,26.702,26.809
1856,27.191,27.315
1857,26.599,26.684
1858,26.682,26.789
1859,26.497,26.576
1860,26.559,26.638
1861,26.643,26.728
1862,26.575,26.656
1863,26.595,26.665
1864,26.656,26.725
1865,26.702,26.780
1866,26.720,26.792
1867,26.669,26.734
1868,26.710,26.767
1869,26.653,26.712
1870,26.674,26.715
1871,26.898,26.947
1872,26.686,26.712
1873,26.873,26.935
1874,26.561,26.570
1875,26.520,26.535
1876,26.569,26.579
1877,26.523,26.544
1878,27.069,27.098
1879,26.471,26.461
1880,26.613,26.610
1881,26.407,26.393
1882,26.327,26.342
1883,26.558,26.570
1884,26.242,26.247
1885,26.234,26.233
1886,26.343,26.328
1887,26.138,26.128
1888,26.126,26.118
1889,26.384,26.369
1890,26.146,26.129
1891,26.001,25.998
1892,25.640,25.640
1893,25.627,25.616
1894,25.663,25.662
1895,25.596,25.598
1896,25.514,25.511
1897,25.600,25.590
1898,25.580,25.568
1899,25.580,25.582
1900,25.921,25.914
1901,25.972,25.970
1902,25.839,25.832
1903,25.945,25.936
1904,25.991,25.984
1905,25.667,25.653
1906,25.680,25.665
1907,26.146,26.153
1908,26.180,26.171
1909,26.041,26.033
1910,26.033,26.040
1911,26.107,26.110
1912,26.085,26.070
1913,26.149,26.149
1914,26.084,26.085
1915,26.092,26.083
1916,25.967,25.951
1917,26.017,26.012
1918,26.045,26.045
1919,26.020,26.017
1920,26.103,26.105
1921,26.001,26.003
1922,26.123,26.118
1923,26.045,26.051
1924,25.741,25.730
1925,25.828,25.818
1926,26.125,26.125
1927,26.088,26.065
1928,26.068,26.063
1929,26.030,26.022
1930,26.078,26.069
1931,26.047,26.034
1932,25.968,25.953
1933,26.081,26.072
1934,26.129,26.120
1935,25.721,25.700
1936,26.154,26.137
1937,26.030,26.019
1938,26.030,26.012
1939,26.017,26.011
1940,26.018,26.007
1941,25.902,25.906
1942,25.999,26.024
1943,25.861,25.873
1944,25.872,25.890
1945,25.935,25.966
1946,26.056,26.100
1947,25.849,25.872
1948,25.920,25.943
1949,25.939,25.958
1950,25.949,25.989
1951,26.020,26.056
1952,26.218,26.261
1953,26.079,26.098
1954,26.256,26.280
1955,26.185,26.206
1956,26.053,26.091
1957,25.935,25.962
1958,25.984,26.014
1959,25.932,25.962
1960,25.937,25.940
1961,25.943,25.956
1962,26.016,26.043
1963,25.886,25.898
1964,25.927,25.952
1965,25.892,25.911
1966,25.909,25.917
1967,26.029,26.039
1968,25.913,25.909
1969,25.827,25.832
1970,25.881,25.906
1971,25.829,25.856
1972,25.877,25.898
1973,25.769,25.783
1974,25.898,25.910
1975,26.021,26.046
1976,26.035,26.065
1977,25.793,25.829
1978,25.709,25.744
1979,26.006,26.035
1980,25.814,25.844
1981,25.785,25.810
1982,25.780,25.811
1983,25.773,25.805
1984,25.868,25.907
1985,25.772,25.797
1986,25.781,25.805
1987,25.823,25.857
