0,13.808,16.486
1,13.803,16.480
2,13.810,16.481
3,13.810,16.472
4,13.840,16.522
5,13.860,16.568
6,13.856,16.576
7,13.871,16.579
8,13.879,16.585
9,13.898,16.615
10,13.895,16.611
11,13.902,16.616
12,13.914,16.637
13,13.915,16.645
14,13.920,16.648
15,13.916,16.631
16,13.917,16.628
17,13.920,16.622
18,13.902,16.604
19,13.919,16.613
20,13.926,16.613
21,13.920,16.630
22,13.908,16.613
23,13.904,16.603
24,13.945,16.640
25,13.922,16.623
26,13.941,16.652
27,13.985,16.714
28,14.016,16.776
29,14.025,16.783
30,14.075,16.852
31,14.099,16.900
32,14.128,16.929
33,14.128,16.916
34,14.052,16.801
35,14.039,16.815
36,14.004,16.752
37,13.964,16.690
38,13.984,16.713
39,13.992,16.746
40,14.014,16.760
41,14.029,16.798
42,14.057,16.856
43,14.078,16.904
44,14.082,16.897
45,14.075,16.901
46,14.079,16.912
47,14.098,16.940
48,14.087,16.922
49,14.127,16.979
50,14.117,16.988
51,14.141,17.036
52,14.134,17.030
53,14.120,16.997
54,14.128,17.018
55,14.147,17.047
56,14.120,17.013
57,14.139,17.042
58,14.131,17.024
59,14.079,16.936
60,14.081,16.955
61,14.092,16.973
62,14.083,16.969
63,14.088,16.971
64,14.075,16.955
65,14.108,17.032
66,14.095,17.014
67,14.121,17.059
68,14.124,17.080
69,14.137,17.087
70,14.139,17.089
71,14.128,17.087
72,14.123,17.076
73,14.142,17.096
74,14.151,17.110
75,14.183,17.164
76,14.179,17.162
77,14.174,17.158
78,14.194,17.198
79,14.191,17.170
80,14.194,17.195
81,14.181,17.162
82,14.184,17.178
83,14.172,17.159
84,14.193,17.197
85,14.197,17.207
86,14.219,17.241
87,14.215,17.210
88,14.208,17.207
89,14.215,17.220
90,14.221,17.230
91,14.236,17.261
92,14.175,17.138
93,14.175,17.131
94,14.138,17.072
95,14.129,17.056
96,14.127,17.058
97,14.114,17.036
98,14.126,17.062
99,14.119,17.064
100,14.110,17.050
101,14.104,17.036
102,14.084,17.015
103,14.095,17.036
104,14.015,16.892
105,13.974,16.834
106,13.959,16.792
107,13.951,16.784
108,13.938,16.766
109,13.962,16.804
110,13.964,16.797
111,13.987,16.824
112,14.005,16.876
113,13.956,16.777
114,13.952,16.770
115,13.935,16.728
116,13.959,16.778
117,13.953,16.770
118,13.957,16.775
119,13.971,16.807
120,14.013,16.871
121,14.005,16.852
122,14.004,16.848
123,13.974,16.786
124,13.957,16.763
125,13.905,16.657
126,13.908,16.669
127,13.879,16.614
128,13.854,16.581
129,13.825,16.517
130,13.818,16.500
131,13.807,16.484
132,13.775,16.417
133,13.763,16.403
134,13.814,16.484
135,13.811,16.477
136,13.827,16.509
137,13.921,16.663
138,13.929,16.701
139,13.949,16.711
140,13.956,16.705
141,13.971,16.749
142,13.986,16.759
143,14.002,16.799
144,14.000,16.776
145,14.015,16.797
146,13.988,16.739
147,14.014,16.789
148,13.982,16.724
149,13.972,16.740
150,13.981,16.743
151,13.979,16.725
152,13.979,16.718
153,13.985,16.739
154,13.954,16.676
155,13.977,16.733
156,13.949,16.672
157,13.951,16.671
158,13.940,16.673
159,13.956,16.687
160,13.916,16.638
161,13.922,16.624
162,13.904,16.595
163,13.903,16.599
164,13.907,16.611
165,13.911,16.601
166,13.899,16.603
167,13.877,16.573
168,13.919,16.617
169,13.909,16.618
170,13.949,16.659
171,13.920,16.637
172,13.923,16.643
173,13.933,16.647
174,13.937,16.659
175,13.943,16.658
176,13.924,16.646
177,13.926,16.644
178,13.913,16.634
179,13.966,16.718
180,13.949,16.702
181,13.937,16.673
182,13.981,16.739
183,13.981,16.743
184,13.995,16.785
185,14.034,16.859
186,14.034,16.871
187,14.024,16.844
188,14.076,16.947
189,14.080,16.959
190,14.071,16.933
191,14.078,16.946
192,14.101,16.979
193,14.101,16.983
194,14.099,17.002
195,14.097,16.985
196,14.117,17.026
197,14.097,16.995
198,14.077,16.959
199,14.056,16.912
200,14.078,16.958
201,14.098,16.995
202,14.096,16.996
203,14.109,17.010
204,14.082,16.940
205,14.080,16.962
206,14.059,16.916
207,14.056,16.927
208,14.019,16.875
209,14.023,16.882
210,14.048,16.938
211,14.047,16.936
212,14.045,16.930
213,14.039,16.920
214,14.012,16.881
215,13.970,16.792
216,13.930,16.731
217,13.966,16.791
218,13.978,16.810
219,13.959,16.765
220,13.976,16.791
221,13.934,16.726
222,13.917,16.688
223,13.896,16.651
224,13.907,16.668
225,13.883,16.634
226,13.901,16.671
227,13.863,16.608
228,13.880,16.645
229,13.863,16.615
230,13.848,16.582
231,13.869,16.618
232,13.878,16.644
233,13.864,16.629
234,13.867,16.637
235,13.905,16.682
236,13.902,16.671
237,13.921,16.705
238,13.903,16.674
239,13.891,16.674
240,13.865,16.604
241,13.817,16.536
242,13.767,16.461
243,13.740,16.408
244,13.709,16.363
245,13.690,16.321
246,13.620,16.218
247,13.593,16.168
248,13.579,16.156
249,13.549,16.104
250,13.561,16.116
251,13.549,16.090
252,13.572,16.129
253,13.546,16.096
254,13.526,16.049
255,13.532,16.063
256,13.563,16.094
257,13.655,16.260
258,13.646,16.237
259,13.679,16.289
260,13.772,16.418
261,13.776,16.433
262,13.797,16.454
263,13.811,16.489
264,13.810,16.463
265,13.831,16.498
266,13.833,16.493
267,13.834,16.493
268,13.825,16.466
269,13.857,16.509
270,13.894,16.569
271,13.888,16.550
272,13.856,16.510
273,13.871,16.522
274,13.879,16.538
275,13.873,16.516
276,13.879,16.521
277,13.883,16.536
278,13.875,16.513
279,13.886,16.531
280,13.867,16.500
281,13.887,16.527
282,13.911,16.548
283,13.898,16.553
284,13.894,16.531
285,13.899,16.538
286,13.935,16.590
287,13.922,16.569
288,13.909,16.550
289,13.896,16.527
290,13.894,16.539
291,13.940,16.609
292,13.921,16.582
293,13.952,16.631
294,13.950,16.632
295,13.954,16.651
296,13.976,16.684
297,13.979,16.683
298,14.008,16.732
299,13.990,16.704
300,14.009,16.748
301,13.998,16.740
302,14.008,16.731
303,13.997,16.742
304,13.991,16.733
305,13.979,16.726
306,13.988,16.734
307,14.007,16.775
308,14.023,16.801
309,14.001,16.766
310,14.032,16.830
311,14.046,16.853
312,14.050,16.868
313,14.062,16.899
314,14.023,16.853
315,14.042,16.858
316,14.027,16.836
317,14.045,16.864
318,14.039,16.866
319,14.024,16.837
320,14.033,16.870
321,14.038,16.865
322,14.047,16.864
323,14.051,16.898
324,14.047,16.881
325,14.057,16.929
326,14.074,16.938
327,14.090,16.986
328,14.076,16.946
329,14.073,16.945
330,14.094,16.979
331,14.101,16.983
332,14.091,16.976
333,14.113,17.022
334,14.148,17.074
335,14.181,17.143
336,14.204,17.172
337,14.232,17.211
338,14.236,17.220
339,14.263,17.290
340,14.280,17.322
341,14.316,17.383
342,14.348,17.443
343,14.345,17.445
344,14.371,17.506
345,14.396,17.530
346,14.385,17.534
347,14.399,17.542
348,14.415,17.581
349,14.445,17.643
350,14.431,17.607
351,14.431,17.629
352,14.444,17.643
353,14.448,17.652
354,14.467,17.684
355,14.451,17.662
356,14.468,17.681
357,14.467,17.712
358,14.502,17.765
359,14.506,17.771
360,14.538,17.833
361,14.572,17.897
362,14.581,17.916
363,14.583,17.930
364,14.595,17.947
365,14.635,18.006
366,14.629,18.012
367,14.626,18.010
368,14.705,18.156
369,14.741,18.200
370,14.737,18.200
371,14.765,18.246
372,14.794,18.292
373,14.804,18.302
374,14.839,18.339
375,14.841,18.364
376,14.859,18.372
377,14.877,18.417
378,14.860,18.407
379,14.877,18.421
380,14.903,18.430
381,14.881,18.395
382,14.877,18.376
383,14.897,18.417
384,14.926,18.458
385,14.934,18.460
386,14.935,18.464
387,14.981,18.545
388,14.953,18.511
389,15.017,18.592
390,14.988,18.543
391,15.001,18.554
392,14.998,18.549
393,15.012,18.551
394,14.972,18.489
395,14.989,18.482
396,15.001,18.502
397,14.986,18.459
398,15.018,18.495
399,15.004,18.484
400,15.006,18.478
401,15.002,18.494
402,14.996,18.478
403,14.991,18.479
404,15.014,18.545
405,15.065,18.631
406,15.034,18.587
407,15.072,18.666
408,15.076,18.691
409,15.097,18.712
410,15.091,18.698
411,15.112,18.743
412,15.122,18.748
413,15.130,18.778
414,15.142,18.787
415,15.134,18.771
416,15.181,18.850
417,15.220,18.901
418,15.209,18.902
419,15.251,18.955
420,15.256,18.936
421,15.218,18.891
422,15.191,18.827
423,15.196,18.847
424,15.098,18.684
425,15.070,18.605
426,15.035,18.570
427,15.000,18.494
428,14.966,18.455
429,14.928,18.419
430,14.886,18.341
431,14.898,18.355
432,14.852,18.274
433,14.872,18.294
434,14.879,18.274
435,14.889,18.330
436,14.921,18.360
437,14.891,18.318
438,14.899,18.330
439,14.909,18.356
440,14.951,18.432
441,14.933,18.413
442,14.937,18.437
443,14.943,18.457
444,14.970,18.520
445,14.925,18.436
446,14.873,18.370
447,14.860,18.368
448,14.807,18.295
449,14.772,18.225
450,14.710,18.146
451,14.728,18.178
452,14.668,18.081
453,14.608,17.982
454,14.605,17.979
455,14.549,17.908
456,14.551,17.896
457,14.512,17.865
458,14.505,17.855
459,14.525,17.896
460,14.511,17.879
461,14.494,17.861
462,14.504,17.868
463,14.472,17.831
464,14.458,17.783
465,14.452,17.783
466,14.415,17.734
467,14.417,17.763
468,14.379,17.714
469,14.360,17.684
470,14.336,17.664
471,14.291,17.609
472,14.316,17.658
473,14.365,17.763
474,14.387,17.782
475,14.422,17.863
476,14.505,17.981
477,14.536,18.046
478,14.530,18.045
479,14.533,18.043
480,14.558,18.087
481,14.526,18.009
482,14.559,18.085
483,14.543,18.071
484,14.567,18.138
485,14.583,18.164
486,14.591,18.184
487,14.603,18.220
488,14.636,18.260
489,14.656,18.299
490,14.663,18.300
491,14.670,18.318
492,14.682,18.358
493,14.681,18.353
494,14.671,18.340
495,14.645,18.268
496,14.680,18.342
497,14.646,18.259
498,14.658,18.247
499,14.621,18.185
500,14.668,18.266
501,14.631,18.212
502,14.640,18.217
503,14.624,18.130
504,14.579,18.092
505,14.619,18.115
506,14.577,18.067
507,14.572,18.045
508,14.591,18.067
509,14.582,18.054
510,14.590,18.078
511,14.599,18.087
512,14.587,18.070
513,14.594,18.065
514,14.588,18.050
515,14.582,18.046
516,14.578,18.045
517,14.608,18.097
518,14.590,18.045
519,14.581,18.018
520,14.531,17.898
521,14.543,17.894
522,14.529,17.868
523,14.487,17.786
524,14.517,17.805
525,14.479,17.731
526,14.465,17.694
527,14.440,17.646
528,14.430,17.600
529,14.432,17.597
530,14.434,17.578
531,14.402,17.525
532,14.409,17.526
533,14.428,17.567
534,14.389,17.494
535,14.370,17.465
536,14.385,17.509
537,14.367,17.475
538,14.376,17.505
539,14.352,17.469
540,14.361,17.486
541,14.365,17.467
542,14.345,17.438
543,14.346,17.447
544,14.333,17.388
545,14.298,17.346
546,14.311,17.362
547,14.309,17.360
548,14.290,17.313
549,14.283,17.312
550,14.270,17.295
551,14.263,17.282
552,14.240,17.247
553,14.217,17.202
554,14.216,17.218
555,14.181,17.159
556,14.202,17.169
557,14.171,17.103
558,14.143,17.086
559,14.137,17.054
560,14.098,16.989
561,14.113,17.033
562,14.117,17.021
563,14.035,16.861
564,14.061,16.899
565,14.034,16.856
566,14.024,16.848
567,14.025,16.837
568,14.014,16.816
569,13.987,16.743
570,13.963,16.699
571,13.930,16.638
572,13.964,16.685
573,13.968,16.684
574,13.935,16.621
575,13.920,16.605
576,13.881,16.526
577,13.887,16.538
578,13.903,16.553
579,13.872,16.505
580,13.861,16.475
581,13.861,16.460
582,13.845,16.431
583,13.844,16.418
584,13.805,16.345
585,13.790,16.316
586,13.748,16.244
587,13.830,16.380
588,13.793,16.327
589,13.786,16.323
590,13.801,16.344
591,13.816,16.377
592,13.826,16.392
593,13.786,16.335
594,13.777,16.317
595,13.758,16.282
596,13.748,16.261
597,13.710,16.218
598,13.722,16.237
599,13.718,16.236
600,13.717,16.238
601,13.749,16.292
602,13.750,16.287
603,13.754,16.305
604,13.743,16.293
605,13.738,16.298
606,13.708,16.255
607,13.714,16.277
608,13.709,16.274
609,13.716,16.288
610,13.685,16.245
611,13.610,16.123
612,13.608,16.133
613,13.562,16.067
614,13.621,16.157
615,13.601,16.105
616,13.564,16.045
617,13.535,15.998
618,13.550,16.025
619,13.519,15.979
620,13.531,15.973
621,13.487,15.926
622,13.486,15.932
623,13.501,15.954
624,13.503,15.958
625,13.490,15.941
626,13.487,15.942
627,13.514,15.978
628,13.478,15.929
629,13.482,15.921
630,13.474,15.920
631,13.469,15.908
632,13.471,15.932
633,13.470,15.926
634,13.453,15.879
635,13.520,15.983
636,13.542,16.019
637,13.535,16.014
638,13.552,16.049
639,13.545,16.038
640,13.556,16.057
641,13.545,16.046
642,13.559,16.067
643,13.585,16.122
644,13.577,16.080
645,13.620,16.160
646,13.653,16.206
647,13.655,16.215
648,13.674,16.250
649,13.680,16.254
650,13.710,16.292
651,13.751,16.381
652,13.764,16.380
653,13.803,16.452
654,13.797,16.419
655,13.812,16.466
656,13.832,16.486
657,13.794,16.422
658,13.780,16.397
659,13.780,16.411
660,13.783,16.403
661,13.754,16.357
662,13.727,16.303
663,13.693,16.263
664,13.655,16.203
665,13.632,16.170
666,13.612,16.137
667,13.599,16.122
668,13.584,16.102
669,13.592,16.122
670,13.630,16.160
671,13.611,16.141
672,13.641,16.188
673,13.686,16.252
674,13.654,16.211
675,13.679,16.245
676,13.670,16.237
677,13.708,16.278
678,13.692,16.255
679,13.726,16.306
680,13.720,16.300
681,13.705,16.272
682,13.726,16.311
683,13.730,16.289
684,13.743,16.313
685,13.753,16.322
686,13.774,16.368
687,13.771,16.349
688,13.758,16.339
689,13.766,16.340
690,13.752,16.354
691,13.783,16.380
692,13.752,16.328
693,13.753,16.345
694,13.761,16.356
695,13.752,16.334
696,13.784,16.401
697,13.783,16.405
698,13.820,16.448
699,13.868,16.541
700,13.883,16.558
701,13.900,16.604
702,13.903,16.590
703,13.919,16.628
704,13.942,16.666
705,13.964,16.704
706,13.939,16.655
707,13.976,16.727
708,13.964,16.700
709,13.979,16.738
710,13.958,16.689
711,13.966,16.711
712,13.993,16.758
713,13.975,16.727
714,14.010,16.776
715,14.035,16.819
716,14.087,16.900
717,14.117,16.957
718,14.147,17.012
719,14.193,17.062
720,14.236,17.152
721,14.264,17.208
722,14.269,17.204
723,14.286,17.236
724,14.281,17.225
725,14.282,17.222
726,14.246,17.166
727,14.241,17.145
728,14.239,17.130
729,14.214,17.107
730,14.196,17.076
731,14.184,17.064
732,14.206,17.081
733,14.162,17.009
734,14.152,16.981
735,14.114,16.922
736,14.032,16.776
737,14.045,16.821
738,13.979,16.719
739,13.941,16.660
740,13.933,16.661
741,13.896,16.603
742,13.839,16.528
743,13.776,16.409
744,13.737,16.360
745,13.688,16.277
746,13.643,16.210
747,13.615,16.164
748,13.556,16.091
749,13.528,16.024
750,13.545,16.041
751,13.512,16.001
752,13.496,15.970
753,13.517,16.018
754,13.530,16.047
755,13.546,16.064
756,13.563,16.092
757,13.550,16.068
758,13.566,16.094
759,13.562,16.092
760,13.594,16.145
761,13.583,16.132
762,13.626,16.196
763,13.672,16.269
764,13.704,16.311
765,13.719,16.340
766,13.755,16.398
767,13.740,16.359
768,13.748,16.379
769,13.745,16.374
770,13.748,16.379
771,13.766,16.400
772,13.764,16.406
773,13.737,16.356
774,13.714,16.326
775,13.694,16.297
776,13.680,16.283
777,13.678,16.267
778,13.666,16.268
779,13.627,16.215
780,13.600,16.163
781,13.581,16.128
782,13.545,16.063
783,13.538,16.061
784,13.527,16.067
785,13.522,16.044
786,13.529,16.071
787,13.540,16.091
788,13.531,16.056
789,13.509,16.038
790,13.496,16.022
791,13.522,16.066
792,13.513,16.038
793,13.513,16.056
794,13.535,16.070
795,13.523,16.066
796,13.549,16.089
797,13.544,16.090
798,13.548,16.090
799,13.555,16.105
800,13.567,16.122
801,13.591,16.163
802,13.585,16.143
803,13.607,16.179
804,13.600,16.148
805,13.630,16.203
806,13.639,16.202
807,13.674,16.253
808,13.634,16.190
809,13.662,16.249
810,13.650,16.222
811,13.635,16.229
812,13.636,16.236
813,13.615,16.205
814,13.585,16.182
815,13.565,16.152
816,13.511,16.087
817,13.487,16.063
818,13.581,16.210
819,13.602,16.247
820,13.601,16.242
821,13.538,16.133
822,13.544,16.144
823,13.515,16.096
824,13.556,16.152
825,13.568,16.171
826,13.582,16.202
827,13.588,16.202
828,13.606,16.240
829,13.588,16.219
830,13.619,16.267
831,13.613,16.238
832,13.628,16.264
833,13.619,16.259
834,13.605,16.245
835,13.590,16.215
836,13.606,16.247
837,13.586,16.202
838,13.619,16.247
839,13.602,16.225
840,13.599,16.225
841,13.608,16.250
842,13.603,16.234
843,13.619,16.253
844,13.621,16.269
845,13.612,16.242
846,13.568,16.183
847,13.579,16.192
848,13.615,16.254
849,13.606,16.240
850,13.657,16.320
851,13.635,16.298
852,13.635,16.276
853,13.648,16.306
854,13.641,16.289
855,13.650,16.290
856,13.637,16.280
857,13.613,16.245
858,13.616,16.245
859,13.615,16.244
860,13.637,16.279
861,13.603,16.214
862,13.572,16.175
863,13.562,16.156
864,13.578,16.177
865,13.550,16.129
866,13.544,16.125
867,13.524,16.096
868,13.536,16.102
869,13.521,16.084
870,13.528,16.085
871,13.539,16.114
872,13.523,16.078
873,13.518,16.065
874,13.547,16.105
875,13.535,16.073
876,13.547,16.106
877,13.527,16.071
878,13.575,16.133
879,13.549,16.088
880,13.550,16.075
881,13.554,16.095
882,13.580,16.123
883,13.584,16.132
884,13.625,16.204
885,13.629,16.199
886,13.593,16.157
887,13.574,16.123
888,13.562,16.102
889,13.550,16.095
890,13.548,16.092
891,13.561,16.101
892,13.543,16.073
893,13.562,16.107
894,13.553,16.094
895,13.575,16.128
896,13.598,16.160
897,13.606,16.157
898,13.610,16.173
899,13.636,16.192
900,13.621,16.163
901,13.632,16.164
902,13.635,16.185
903,13.625,16.177
904,13.635,16.192
905,13.651,16.213
906,13.636,16.185
907,13.635,16.177
908,13.622,16.161
909,13.632,16.184
910,13.628,16.172
911,13.640,16.191
912,13.638,16.201
913,13.656,16.222
914,13.658,16.233
915,13.662,16.218
916,13.673,16.241
917,13.684,16.260
918,13.678,16.230
919,13.718,16.291
920,13.725,16.299
921,13.726,16.308
922,13.788,16.395
923,13.771,16.367
924,13.775,16.369
925,13.776,16.381
926,13.817,16.430
927,13.824,16.450
928,13.868,16.519
929,13.856,16.499
930,13.868,16.534
931,13.874,16.535
932,13.873,16.541
933,13.898,16.579
934,13.884,16.573
935,13.909,16.600
936,13.926,16.644
937,13.919,16.632
938,13.952,16.700
939,13.964,16.727
940,13.975,16.759
941,14.003,16.791
942,14.006,16.797
943,14.022,16.833
944,14.059,16.886
945,14.081,16.928
946,14.108,16.969
947,14.124,17.005
948,14.140,17.033
949,14.160,17.068
950,14.173,17.090
951,14.154,17.056
952,14.176,17.112
953,14.109,16.984
954,14.104,16.955
955,14.090,16.940
956,14.058,16.873
957,14.071,16.868
958,14.049,16.834
959,14.091,16.906
960,14.102,16.927
961,14.080,16.893
962,14.080,16.890
963,14.069,16.870
964,14.079,16.886
965,14.085,16.887
966,14.076,16.878
967,14.071,16.872
968,14.085,16.891
969,14.079,16.888
970,14.083,16.896
971,14.066,16.850
972,14.076,16.858
973,14.087,16.896
974,14.055,16.830
975,14.024,16.786
976,14.004,16.740
977,14.018,16.766
978,14.017,16.753
979,14.026,16.766
980,13.982,16.713
981,14.000,16.736
982,13.975,16.696
983,13.940,16.607
984,13.924,16.599
985,13.872,16.515
986,13.836,16.462
987,13.791,16.384
988,13.774,16.341
989,13.752,16.318
990,13.732,16.279
991,13.724,16.253
992,13.689,16.204
993,13.666,16.175
994,13.648,16.140
995,13.697,16.208
996,13.687,16.205
997,13.695,16.225
998,13.722,16.277
999,13.705,16.237
1000,13.741,16.315
1001,13.748,16.321
1002,13.755,16.345
1003,13.758,16.354
1004,13.746,16.332
1005,13.731,16.318
1006,13.743,16.332
1007,13.692,16.254
1008,13.684,16.222
1009,13.674,16.210
1010,13.693,16.222
1011,13.677,16.193
1012,13.706,16.247
1013,13.719,16.261
1014,13.726,16.271
1015,13.727,16.296
1016,13.720,16.295
1017,13.721,16.288
1018,13.707,16.272
1019,13.730,16.323
1020,13.716,16.307
1021,13.735,16.336
1022,13.663,16.235
1023,13.672,16.245
1024,13.647,16.210
1025,13.623,16.173
1026,13.635,16.210
1027,13.626,16.186
1028,13.655,16.239
1029,13.667,16.259
1030,13.673,16.270
1031,13.659,16.252
1032,13.669,16.255
1033,13.627,16.204
1034,13.643,16.234
1035,13.616,16.189
1036,13.603,16.173
1037,13.618,16.211
1038,13.595,16.181
1039,13.607,16.183
1040,13.621,16.231
1041,13.595,16.167
1042,13.624,16.223
1043,13.607,16.195
1044,13.607,16.211
1045,13.568,16.146
1046,13.563,16.135
1047,13.545,16.125
1048,13.569,16.158
1049,13.592,16.201
1050,13.586,16.178
1051,13.623,16.244
1052,13.600,16.223
1053,13.607,16.230
1054,13.620,16.243
1055,13.618,16.258
1056,13.625,16.255
1057,13.615,16.246
1058,13.591,16.197
1059,13.600,16.215
1060,13.579,16.185
1061,13.562,16.161
1062,13.541,16.125
1063,13.514,16.090
1064,13.514,16.087
1065,13.475,16.034
1066,13.457,16.014
1067,13.433,15.963
1068,13.415,15.950
1069,13.389,15.904
1070,13.374,15.883
1071,13.362,15.887
1072,13.355,15.861
1073,13.366,15.894
1074,13.362,15.877
1075,13.388,15.929
1076,13.382,15.922
1077,13.365,15.896
1078,13.372,15.911
1079,13.350,15.871
1080,13.316,15.822
1081,13.319,15.827
1082,13.302,15.805
1083,13.293,15.789
1084,13.276,15.763
1085,13.270,15.750
1086,13.242,15.720
1087,13.272,15.758
1088,13.267,15.751
1089,13.260,15.748
1090,13.234,15.708
1091,13.208,15.662
1092,13.189,15.630
1093,13.206,15.650
1094,13.211,15.665
1095,13.186,15.623
1096,13.186,15.630
1097,13.193,15.636
1098,13.186,15.626
1099,13.191,15.651
1100,13.157,15.590
1101,13.161,15.595
1102,13.170,15.615
1103,13.166,15.609
1104,13.169,15.615
1105,13.171,15.618
1106,13.149,15.578
1107,13.146,15.564
1108,13.163,15.592
1109,13.173,15.613
1110,13.161,15.588
1111,13.149,15.572
1112,13.173,15.628
1113,13.193,15.657
1114,13.171,15.619
1115,13.203,15.668
1116,13.173,15.625
1117,13.190,15.645
1118,13.215,15.686
1119,13.229,15.706
1120,13.244,15.724
1121,13.240,15.703
1122,13.257,15.744
1123,13.232,15.693
1124,13.242,15.713
1125,13.203,15.649
1126,13.194,15.628
1127,13.197,15.642
1128,13.170,15.599
1129,13.165,15.599
1130,13.165,15.588
1131,13.135,15.552
1132,13.152,15.567
1133,13.140,15.552
1134,13.162,15.586
1135,13.190,15.629
1136,13.180,15.613
1137,13.170,15.597
1138,13.172,15.596
1139,13.176,15.607
1140,13.152,15.573
1141,13.171,15.597
1142,13.156,15.584
1143,13.160,15.605
1144,13.186,15.631
1145,13.210,15.668
1146,13.216,15.669
1147,13.224,15.678
1148,13.236,15.702
1149,13.249,15.718
1150,13.292,15.779
1151,13.282,15.761
1152,13.298,15.784
1153,13.324,15.839
1154,13.367,15.893
1155,13.379,15.923
1156,13.402,15.951
1157,13.437,16.007
1158,13.454,16.028
1159,13.456,16.025
1160,13.461,16.027
1161,13.469,16.055
1162,13.482,16.071
1163,13.466,16.053
1164,13.456,16.023
1165,13.499,16.096
1166,13.489,16.085
1167,13.498,16.105
1168,13.502,16.109
1169,13.484,16.077
1170,13.497,16.082
1171,13.498,16.096
1172,13.515,16.127
1173,13.521,16.125
1174,13.546,16.193
1175,13.560,16.198
1176,13.568,16.217
1177,13.554,16.179
1178,13.598,16.239
1179,13.610,16.254
1180,13.619,16.268
1181,13.650,16.306
1182,13.670,16.341
1183,13.657,16.307
1184,13.696,16.364
1185,13.719,16.401
1186,13.699,16.394
1187,13.725,16.418
1188,13.760,16.476
1189,13.779,16.505
1190,13.789,16.517
1191,13.798,16.532
1192,13.813,16.559
1193,13.813,16.570
1194,13.830,16.581
1195,13.824,16.553
1196,13.826,16.582
1197,13.844,16.591
1198,13.857,16.628
1199,13.877,16.652
1200,13.889,16.668
1201,13.879,16.644
1202,13.915,16.686
1203,13.927,16.705
1204,13.931,16.717
1205,13.932,16.723
1206,13.976,16.794
1207,13.967,16.761
1208,13.963,16.754
1209,13.949,16.745
1210,13.973,16.771
1211,13.998,16.817
1212,14.001,16.818
1213,14.016,16.842
1214,14.019,16.819
1215,14.029,16.835
1216,14.004,16.789
1217,14.034,16.852
1218,14.036,16.836
1219,14.033,16.848
1220,14.038,16.859
1221,14.038,16.853
1222,14.032,16.842
1223,14.059,16.883
1224,14.016,16.816
1225,14.050,16.872
1226,14.030,16.843
1227,14.018,16.821
1228,13.991,16.783
1229,13.979,16.759
1230,14.055,16.910
1231,14.070,16.924
1232,14.084,16.958
1233,14.105,16.978
1234,14.108,16.982
1235,14.077,16.960
1236,14.070,16.924
1237,14.086,16.958
1238,14.143,17.049
1239,14.287,17.287
1240,14.291,17.322
1241,14.355,17.405
1242,14.388,17.479
1243,14.428,17.521
1244,14.462,17.582
1245,14.489,17.632
1246,14.507,17.647
1247,14.498,17.646
1248,14.493,17.629
1249,14.532,17.708
1250,14.544,17.719
1251,14.556,17.746
1252,14.538,17.711
1253,14.542,17.724
1254,14.531,17.710
1255,14.506,17.661
1256,14.476,17.620
1257,14.471,17.600
1258,14.471,17.619
1259,14.495,17.670
1260,14.511,17.681
1261,14.522,17.701
1262,14.544,17.736
1263,14.576,17.799
1264,14.600,17.829
1265,14.639,17.909
1266,14.609,17.845
1267,14.609,17.856
1268,14.575,17.777
1269,14.571,17.763
1270,14.545,17.722
1271,14.512,17.663
1272,14.500,17.625
1273,14.513,17.668
1274,14.478,17.593
1275,14.470,17.584
1276,14.436,17.519
1277,14.467,17.590
1278,14.481,17.609
1279,14.527,17.677
1280,14.521,17.681
1281,14.505,17.676
1282,14.541,17.737
1283,14.438,17.579
1284,14.435,17.585
1285,14.435,17.561
1286,14.293,17.336
1287,14.276,17.306
1288,14.258,17.261
1289,14.160,17.101
1290,14.043,16.899
1291,13.960,16.760
1292,13.886,16.644
1293,13.785,16.455
1294,13.728,16.361
1295,13.702,16.335
1296,13.671,16.288
1297,13.620,16.207
1298,13.613,16.201
1299,13.509,16.041
1300,13.509,16.042
1301,13.469,15.980
1302,13.445,15.947
1303,13.411,15.893
1304,13.390,15.861
1305,13.320,15.749
1306,13.291,15.721
1307,13.278,15.700
1308,13.231,15.636
1309,13.211,15.609
1310,13.176,15.553
1311,13.149,15.522
1312,13.121,15.473
1313,13.089,15.442
1314,13.108,15.470
1315,13.072,15.416
1316,13.073,15.432
1317,13.066,15.416
1318,13.061,15.421
1319,13.061,15.420
1320,13.042,15.390
1321,13.060,15.407
1322,13.043,15.382
1323,13.033,15.362
1324,13.018,15.346
1325,13.056,15.400
1326,13.031,15.356
1327,13.049,15.377
1328,13.049,15.372
1329,13.067,15.399
1330,13.055,15.385
1331,13.077,15.408
1332,13.085,15.432
1333,13.069,15.395
1334,13.085,15.411
1335,13.110,15.453
1336,13.100,15.438
1337,13.124,15.463
1338,13.134,15.478
1339,13.125,15.463
1340,13.119,15.453
1341,13.123,15.485
1342,13.127,15.484
1343,13.122,15.469
1344,13.100,15.449
1345,13.082,15.437
1346,13.107,15.458
1347,13.130,15.515
1348,13.098,15.452
1349,13.102,15.470
1350,13.087,15.444
1351,13.112,15.480
1352,13.116,15.496
1353,13.147,15.549
1354,13.157,15.554
1355,13.165,15.564
1356,13.181,15.585
1357,13.227,15.657
1358,13.242,15.692
1359,13.270,15.745
1360,13.248,15.709
1361,13.252,15.723
1362,13.276,15.758
1363,13.286,15.765
1364,13.302,15.774
1365,13.337,15.830
1366,13.348,15.845
1367,13.361,15.874
1368,13.385,15.908
1369,13.412,15.941
1370,13.423,15.960
1371,13.413,15.940
1372,13.496,16.095
1373,13.498,16.094
1374,13.506,16.102
1375,13.507,16.111
1376,13.532,16.139
1377,13.548,16.177
1378,13.545,16.182
1379,13.528,16.149
1380,13.537,16.178
1381,13.528,16.167
1382,13.508,16.135
1383,13.485,16.104
1384,13.452,16.050
1385,13.422,15.998
1386,13.399,15.968
1387,13.341,15.884
1388,13.350,15.907
1389,13.353,15.895
1390,13.330,15.862
1391,13.310,15.827
1392,13.281,15.789
1393,13.275,15.772
1394,13.303,15.816
1395,13.326,15.850
1396,13.369,15.926
1397,13.411,15.981
1398,13.469,16.071
1399,13.523,16.158
1400,13.518,16.129
1401,13.536,16.165
1402,13.537,16.162
1403,13.593,16.261
1404,13.602,16.268
1405,13.571,16.210
1406,13.619,16.289
1407,13.668,16.360
1408,13.642,16.309
1409,13.655,16.334
1410,13.661,16.346
1411,13.681,16.364
1412,13.628,16.281
1413,13.608,16.256
1414,13.537,16.138
1415,13.530,16.147
1416,13.463,16.042
1417,13.404,15.946
1418,13.401,15.942
1419,13.362,15.874
1420,13.370,15.900
1421,13.370,15.889
1422,13.380,15.903
1423,13.395,15.931
1424,13.408,15.947
1425,13.423,15.966
1426,13.419,15.949
1427,13.444,15.982
1428,13.498,16.076
1429,13.536,16.143
1430,13.635,16.284
1431,13.697,16.389
1432,13.733,16.449
1433,13.779,16.522
1434,13.812,16.578
1435,13.792,16.534
1436,13.794,16.549
1437,13.842,16.616
1438,13.833,16.608
1439,13.818,16.580
1440,13.758,16.471
1441,13.737,16.436
1442,13.766,16.465
1443,13.853,16.601
1444,13.907,16.684
1445,13.964,16.771
1446,14.038,16.903
1447,14.043,16.907
1448,14.029,16.898
1449,14.035,16.904
1450,14.028,16.897
1451,14.036,16.919
1452,14.015,16.891
1453,14.032,16.916
1454,14.036,16.917
1455,14.091,16.997
1456,14.042,16.934
1457,14.058,16.934
1458,14.008,16.858
1459,13.945,16.755
1460,13.892,16.659
1461,13.847,16.594
1462,13.769,16.465
1463,13.754,16.451
1464,13.749,16.430
1465,13.738,16.417
1466,13.735,16.419
1467,13.731,16.425
1468,13.730,16.429
1469,13.756,16.450
1470,13.754,16.471
1471,13.776,16.505
1472,13.798,16.544
1473,13.833,16.591
1474,13.861,16.653
1475,13.909,16.727
1476,13.948,16.796
1477,13.970,16.824
1478,13.960,16.800
1479,13.949,16.782
1480,13.935,16.763
1481,13.953,16.786
1482,13.954,16.767
1483,13.934,16.750
1484,13.931,16.735
1485,13.914,16.696
1486,13.892,16.675
1487,13.913,16.695
1488,13.903,16.676
1489,13.895,16.677
1490,13.896,16.678
1491,13.923,16.734
1492,13.962,16.800
1493,13.945,16.760
1494,13.951,16.757
1495,13.952,16.762
1496,13.939,16.744
1497,13.915,16.715
1498,13.930,16.721
1499,13.989,16.822
1500,13.965,16.759
1501,13.963,16.764
1502,13.958,16.736
1503,13.937,16.712
1504,13.869,16.592
1505,13.839,16.558
1506,13.767,16.418
1507,13.712,16.343
1508,13.730,16.368
1509,13.688,16.307
1510,13.666,16.279
1511,13.663,16.252
1512,13.659,16.244
1513,13.624,16.191
1514,13.653,16.227
1515,13.644,16.215
1516,13.667,16.245
1517,13.629,16.190
1518,13.628,16.177
1519,13.630,16.182
1520,13.630,16.173
1521,13.624,16.187
1522,13.647,16.207
1523,13.632,16.185
1524,13.637,16.201
1525,13.644,16.197
1526,13.617,16.157
1527,13.599,16.122
1528,13.605,16.142
1529,13.601,16.130
1530,13.592,16.098
1531,13.568,16.069
1532,13.564,16.060
1533,13.566,16.056
1534,13.546,16.019
1535,13.543,16.009
1536,13.537,15.995
1537,13.533,15.988
1538,13.539,15.996
1539,13.517,15.962
1540,13.535,15.987
1541,13.475,15.910
1542,13.455,15.877
1543,13.449,15.871
1544,13.387,15.796
1545,13.403,15.818
1546,13.415,15.849
1547,13.422,15.849
1548,13.427,15.870
1549,13.422,15.855
1550,13.441,15.916
1551,13.433,15.891
1552,13.418,15.870
1553,13.424,15.873
1554,13.444,15.916
1555,13.428,15.895
1556,13.448,15.938
1557,13.453,15.940
1558,13.434,15.928
1559,13.439,15.923
1560,13.457,15.945
1561,13.494,16.010
1562,13.486,16.014
1563,13.521,16.063
1564,13.544,16.102
1565,13.540,16.090
1566,13.559,16.134
1567,13.590,16.167
1568,13.603,16.205
1569,13.654,16.292
1570,13.653,16.281
1571,13.687,16.349
1572,13.722,16.405
1573,13.749,16.438
1574,13.711,16.381
1575,13.720,16.400
1576,13.752,16.435
1577,13.731,16.390
1578,13.751,16.423
1579,13.752,16.427
1580,13.801,16.501
1581,13.796,16.490
1582,13.922,16.682
1583,13.867,16.613
1584,13.871,16.605
1585,13.859,16.585
1586,13.847,16.550
1587,13.847,16.553
1588,13.833,16.526
1589,13.776,16.436
1590,13.750,16.394
1591,13.730,16.374
1592,13.806,16.491
1593,13.825,16.532
1594,13.795,16.460
1595,13.709,16.311
1596,13.652,16.227
1597,13.606,16.155
1598,13.577,16.105
1599,13.522,16.009
1600,13.497,15.976
1601,13.511,16.011
1602,13.470,15.927
1603,13.434,15.882
1604,13.425,15.864
1605,13.417,15.852
1606,13.396,15.810
1607,13.382,15.777
1608,13.380,15.791
1609,13.377,15.796
1610,13.400,15.817
1611,13.415,15.846
1612,13.459,15.928
1613,13.459,15.911
1614,13.456,15.898
1615,13.436,15.869
1616,13.442,15.883
1617,13.462,15.900
1618,13.490,15.941
1619,13.495,15.948
1620,13.517,15.970
1621,13.522,15.991
1622,13.519,15.990
1623,13.527,15.995
1624,13.516,15.976
1625,13.514,15.976
1626,13.535,15.999
1627,13.537,16.017
1628,13.550,16.042
1629,13.560,16.047
1630,13.592,16.077
1631,13.576,16.054
1632,13.620,16.136
1633,13.599,16.095
1634,13.639,16.155
1635,13.661,16.196
1636,13.643,16.158
1637,13.637,16.150
1638,13.660,16.184
1639,13.675,16.221
1640,13.701,16.261
1641,13.728,16.304
1642,13.739,16.320
1643,13.752,16.337
1644,13.755,16.347
1645,13.795,16.411
1646,13.823,16.452
1647,13.823,16.453
1648,13.842,16.469
1649,13.852,16.510
1650,13.866,16.515
1651,13.878,16.534
1652,13.865,16.528
1653,13.867,16.527
1654,13.890,16.568
1655,13.879,16.542
1656,13.887,16.564
1657,13.898,16.580
1658,13.893,16.574
1659,13.876,16.546
1660,13.891,16.570
1661,13.919,16.612
1662,13.881,16.565
1663,13.885,16.563
1664,13.907,16.578
1665,13.897,16.562
1666,13.903,16.577
1667,13.896,16.568
1668,13.893,16.552
1669,13.884,16.546
1670,13.938,16.624
1671,13.956,16.663
1672,13.970,16.695
1673,14.002,16.747
1674,14.006,16.754
1675,14.059,16.829
1676,14.065,16.843
1677,14.099,16.897
1678,14.113,16.932
1679,14.132,16.964
1680,14.129,16.926
1681,14.165,17.018
1682,14.162,17.006
1683,14.156,16.984
1684,14.143,16.973
1685,14.140,16.971
1686,14.141,16.979
1687,14.123,16.952
1688,14.073,16.875
1689,14.064,16.855
1690,14.033,16.805
1691,14.054,16.846
1692,14.087,16.876
1693,14.091,16.905
1694,14.101,16.939
1695,14.109,16.938
1696,14.073,16.899
1697,14.056,16.868
1698,14.017,16.774
1699,13.959,16.692
1700,13.956,16.698
1701,13.948,16.685
1702,13.949,16.690
1703,13.936,16.667
1704,13.916,16.647
1705,13.902,16.625
1706,13.931,16.656
1707,13.942,16.675
1708,13.921,16.653
1709,13.949,16.694
1710,13.941,16.692
1711,13.954,16.702
1712,13.947,16.671
1713,13.935,16.682
1714,13.954,16.701
1715,13.951,16.707
1716,13.944,16.690
1717,13.969,16.717
1718,13.967,16.710
1719,13.976,16.724
1720,13.990,16.764
1721,13.979,16.725
1722,13.986,16.730
1723,13.987,16.722
1724,14.009,16.764
1725,14.007,16.757
1726,13.998,16.748
1727,14.038,16.804
1728,14.028,16.791
1729,14.006,16.764
1730,13.944,16.645
1731,13.914,16.610
1732,13.913,16.593
1733,13.876,16.545
1734,13.868,16.551
1735,13.856,16.517
1736,13.845,16.513
1737,13.793,16.429
1738,13.780,16.409
1739,13.740,16.357
1740,13.737,16.336
1741,13.698,16.284
1742,13.691,16.277
1743,13.647,16.208
1744,13.597,16.132
1745,13.593,16.116
1746,13.587,16.088
1747,13.563,16.063
1748,13.573,16.069
1749,13.596,16.106
1750,13.593,16.101
1751,13.659,16.192
1752,13.663,16.203
1753,13.686,16.229
1754,13.719,16.275
1755,13.727,16.285
1756,13.707,16.244
1757,13.706,16.261
1758,13.730,16.283
1759,13.716,16.255
1760,13.730,16.281
1761,13.690,16.218
1762,13.701,16.214
1763,13.700,16.206
1764,13.695,16.193
1765,13.707,16.212
1766,13.703,16.204
1767,13.705,16.208
1768,13.700,16.198
1769,13.682,16.173
1770,13.655,16.124
1771,13.651,16.108
1772,13.670,16.134
1773,13.651,16.103
1774,13.667,16.138
1775,13.653,16.116
1776,13.688,16.154
1777,13.662,16.120
1778,13.656,16.122
1779,13.616,16.056
1780,13.663,16.112
1781,13.645,16.099
1782,13.666,16.128
1783,13.703,16.175
1784,13.695,16.168
1785,13.700,16.175
1786,13.708,16.199
1787,13.767,16.278
1788,13.763,16.273
1789,13.782,16.297
1790,13.831,16.362
1791,13.807,16.347
1792,13.819,16.372
1793,13.839,16.390
1794,13.850,16.428
1795,13.862,16.462
1796,13.875,16.489
1797,13.890,16.508
1798,13.919,16.562
1799,13.916,16.573
1800,13.924,16.579
1801,13.914,16.561
1802,13.914,16.581
1803,13.924,16.598
1804,13.947,16.629
1805,13.938,16.624
1806,13.947,16.637
1807,13.919,16.594
1808,13.914,16.587
1809,13.926,16.606
1810,13.932,16.619
1811,13.918,16.618
1812,13.934,16.644
1813,13.906,16.612
1814,13.891,16.597
1815,13.896,16.615
1816,13.885,16.594
1817,13.801,16.484
1818,13.791,16.448
1819,13.779,16.437
1820,13.777,16.417
1821,13.785,16.457
1822,13.754,16.381
1823,13.782,16.410
1824,13.769,16.402
1825,13.769,16.402
1826,13.764,16.407
1827,13.719,16.326
1828,13.682,16.278
1829,13.671,16.260
1830,13.607,16.171
1831,13.539,16.055
1832,13.509,16.024
1833,13.499,16.020
1834,13.469,15.960
1835,13.397,15.865
1836,13.370,15.829
1837,13.357,15.816
1838,13.362,15.808
1839,13.358,15.816
1840,13.399,15.867
1841,13.424,15.905
