0,24.260,24.862
1,24.276,24.878
2,24.282,24.888
3,24.300,24.914
4,24.222,24.834
5,24.200,24.809
6,24.229,24.839
7,24.256,24.877
8,24.239,24.863
9,24.183,24.801
10,24.140,24.750
11,24.129,24.742
12,24.137,24.756
13,24.146,24.758
14,24.187,24.811
15,24.185,24.811
16,24.201,24.838
17,24.204,24.838
18,24.197,24.823
19,24.222,24.864
20,24.195,24.830
21,24.166,24.805
22,24.169,24.794
23,24.123,24.748
24,24.118,24.758
25,24.118,24.747
26,24.109,24.734
27,24.086,24.718
28,24.126,24.749
29,24.109,24.740
30,24.128,24.758
31,24.153,24.797
32,24.147,24.789
33,24.194,24.850
34,24.181,24.830
35,24.204,24.862
36,24.265,24.936
37,24.165,24.818
38,24.157,24.795
39,24.207,24.873
40,24.190,24.853
41,24.172,24.825
42,24.223,24.891
43,24.207,24.866
44,24.201,24.863
45,24.249,24.911
46,24.252,24.902
47,24.281,24.964
48,24.259,24.933
49,24.282,24.960
50,24.266,24.941
51,24.306,24.977
52,24.326,25.000
53,24.335,25.011
54,24.336,25.016
55,24.340,25.011
56,24.400,25.085
57,24.348,25.019
58,24.383,25.046
59,24.405,25.082
60,24.440,25.121
61,24.487,25.186
62,24.561,25.248
63,24.549,25.241
64,24.604,25.292
65,24.645,25.335
66,24.685,25.382
67,24.702,25.390
68,24.708,25.397
69,24.583,25.264
70,24.694,25.403
71,24.705,25.413
72,24.697,25.405
73,24.705,25.419
74,24.671,25.367
75,24.664,25.345
76,24.694,25.393
77,24.712,25.420
78,24.679,25.378
79,24.653,25.340
80,24.684,25.363
81,24.697,25.374
82,24.693,25.380
83,24.694,25.363
84,24.669,25.340
85,24.669,25.350
86,24.673,25.357
87,24.708,25.378
88,24.742,25.434
89,24.792,25.500
90,24.755,25.454
91,24.809,25.514
92,24.878,25.598
93,24.843,25.555
94,24.895,25.629
95,24.941,25.681
96,24.887,25.629
97,24.863,25.598
98,24.867,25.597
99,24.851,25.586
100,24.823,25.547
101,24.831,25.557
102,24.824,25.563
103,24.916,25.668
104,24.874,25.613
105,24.876,25.607
106,24.940,25.701
107,24.873,25.609
108,24.863,25.606
109,24.933,25.690
110,24.860,25.602
111,24.850,25.578
112,24.853,25.592
113,24.834,25.560
114,24.809,25.525
115,24.754,25.470
116,24.727,25.413
117,24.708,25.397
118,24.654,25.326
119,24.681,25.347
120,24.670,25.336
121,24.642,25.303
122,24.618,25.270
123,24.611,25.268
124,24.576,25.226
125,24.584,25.219
126,24.564,25.206
127,24.580,25.213
128,24.615,25.256
129,24.670,25.317
130,24.721,25.366
131,24.791,25.440
132,24.821,25.481
133,24.797,25.446
134,24.869,25.534
135,24.784,25.411
136,24.776,25.408
137,24.775,25.423
138,24.824,25.482
139,24.854,25.520
140,24.862,25.528
141,24.869,25.542
142,24.952,25.646
143,24.927,25.621
144,24.933,25.637
145,24.920,25.618
146,24.949,25.653
147,24.961,25.675
148,24.934,25.647
149,25.045,25.796
150,24.932,25.673
151,24.912,25.658
152,25.156,25.951
153,25.043,25.823
154,25.153,25.949
155,25.055,25.835
156,25.011,25.775
157,25.019,25.785
158,24.988,25.752
159,24.976,25.742
160,24.962,25.719
161,24.996,25.749
162,24.980,25.744
163,24.986,25.738
164,24.935,25.694
165,24.938,25.689
166,24.950,25.703
167,24.998,25.753
168,25.026,25.787
169,25.027,25.787
170,25.045,25.812
171,25.001,25.752
172,25.016,25.780
173,25.020,25.783
174,25.026,25.799
175,25.043,25.817
176,25.013,25.789
177,25.024,25.809
178,25.014,25.791
179,24.999,25.780
180,24.980,25.758
181,24.968,25.722
182,25.007,25.774
183,25.002,25.791
184,25.017,25.795
185,25.035,25.818
186,25.059,25.841
187,25.055,25.824
188,25.104,25.878
189,25.127,25.917
190,25.148,25.924
191,25.151,25.934
192,25.127,25.916
193,25.188,25.987
194,25.147,25.933
195,25.136,25.920
196,25.154,25.937
197,25.140,25.946
198,25.174,25.959
199,25.177,25.965
200,25.261,26.058
201,25.293,26.090
202,25.304,26.105
203,25.334,26.139
204,25.329,26.127
205,25.377,26.196
206,25.382,26.192
207,25.399,26.219
208,25.461,26.289
209,25.445,26.263
210,25.486,26.317
211,25.585,26.444
212,25.526,26.384
213,25.521,26.363
214,25.442,26.266
215,25.431,26.241
216,25.420,26.220
217,25.411,26.203
218,25.420,26.199
219,25.402,26.176
220,25.439,26.228
221,25.379,26.146
222,25.378,26.154
223,25.389,26.179
224,25.454,26.242
225,25.522,26.319
226,25.050,25.772
227,25.453,26.226
228,25.487,26.274
229,25.347,26.120
230,25.380,26.155
231,25.421,26.208
232,25.395,26.178
233,25.416,26.206
234,25.355,26.142
235,25.392,26.166
236,25.363,26.150
237,25.306,26.068
238,25.329,26.107
239,25.286,26.066
240,25.252,26.000
241,25.287,26.048
242,25.288,26.036
243,25.296,26.060
244,25.273,26.046
245,25.260,26.029
246,25.263,26.025
247,25.245,26.002
248,25.221,25.964
249,25.212,25.975
250,25.233,25.995
251,25.267,26.031
252,25.191,25.948
253,25.213,25.981
254,25.186,25.941
255,25.180,25.937
256,25.210,25.968
257,25.221,25.999
258,25.239,26.011
259,25.198,25.974
260,25.236,25.996
261,24.873,25.571
262,24.838,25.531
263,24.826,25.518
264,24.798,25.475
265,24.806,25.474
266,25.204,25.954
267,25.236,25.992
268,25.262,26.017
269,25.248,26.006
270,25.237,25.986
271,24.797,25.468
272,24.825,25.502
273,25.202,25.961
274,25.220,25.981
275,25.135,25.895
276,25.200,25.953
277,25.211,25.961
278,25.233,25.978
279,25.324,26.098
280,25.240,25.995
281,25.262,26.017
282,25.251,26.004
283,25.181,25.902
284,25.230,25.981
285,25.240,25.983
286,25.301,26.059
287,25.244,25.998
288,25.205,25.952
289,25.195,25.929
290,25.206,25.951
291,25.173,25.921
292,25.159,25.886
293,25.188,25.945
294,25.212,25.963
295,25.183,25.914
296,25.199,25.945
297,25.196,25.942
298,25.188,25.928
299,25.198,25.941
300,25.126,25.841
301,25.185,25.911
302,25.181,25.903
303,25.114,25.837
304,25.112,25.829
305,25.120,25.836
306,25.122,25.833
307,25.147,25.853
308,25.120,25.810
309,25.111,25.811
310,25.088,25.782
311,25.067,25.758
312,25.070,25.759
313,25.100,25.788
314,25.094,25.774
315,25.088,25.762
316,25.039,25.692
317,24.984,25.645
318,25.018,25.682
319,25.042,25.706
320,25.039,25.707
321,25.032,25.688
322,25.054,25.721
323,25.047,25.710
324,25.024,25.683
325,25.027,25.690
326,24.982,25.640
327,25.011,25.669
328,24.994,25.641
329,25.027,25.696
330,25.095,25.759
331,25.167,25.839
332,25.138,25.818
333,25.184,25.865
334,25.324,26.017
335,25.312,26.003
336,25.179,25.855
337,25.214,25.897
338,25.179,25.851
339,25.109,25.776
340,25.090,25.765
341,25.097,25.765
342,25.118,25.806
343,25.127,25.825
344,25.085,25.781
345,25.015,25.698
346,24.962,25.622
347,25.012,25.686
348,24.585,25.182
349,24.537,25.107
350,24.931,25.567
351,24.924,25.557
352,24.892,25.536
353,24.880,25.500
354,24.846,25.464
355,24.847,25.470
356,24.816,25.424
357,24.817,25.436
358,24.800,25.428
359,24.752,25.364
360,24.748,25.363
361,24.696,25.303
362,24.683,25.287
363,24.699,25.299
364,24.646,25.234
365,24.659,25.252
366,24.634,25.220
367,24.597,25.173
368,24.642,25.232
369,24.605,25.188
370,24.628,25.209
371,24.652,25.230
372,24.668,25.260
373,24.681,25.270
374,24.700,25.286
375,24.740,25.345
376,24.748,25.343
377,24.740,25.331
378,24.784,25.385
379,24.730,25.331
380,24.778,25.379
381,24.769,25.367
382,24.793,25.395
383,24.785,25.382
384,24.732,25.327
385,24.684,25.284
386,24.685,25.281
387,24.670,25.267
388,24.692,25.298
389,24.662,25.243
390,24.659,25.242
391,24.673,25.261
392,24.619,25.202
393,24.657,25.247
394,24.608,25.183
395,24.623,25.195
396,24.592,25.162
397,24.601,25.191
398,24.577,25.150
399,24.552,25.116
400,24.546,25.121
401,24.522,25.084
402,24.502,25.055
403,24.597,25.165
404,24.546,25.097
405,24.545,25.091
406,24.571,25.126
407,24.582,25.154
408,24.541,25.101
409,24.570,25.152
410,24.541,25.101
411,24.498,25.050
412,24.515,25.082
413,24.497,25.044
414,24.534,25.101
415,24.467,25.004
416,24.501,25.058
417,24.533,25.106
418,24.506,25.056
419,24.497,25.057
420,24.575,25.151
421,24.510,25.069
422,24.486,25.050
423,24.593,25.171
424,24.550,25.129
425,24.509,25.077
426,24.577,25.166
427,24.506,25.090
428,24.532,25.113
429,24.632,25.233
430,24.604,25.198
431,24.580,25.150
432,24.604,25.185
433,24.614,25.200
434,24.646,25.229
435,24.663,25.255
436,24.590,25.177
437,24.635,25.235
438,24.565,25.137
439,24.644,25.235
440,24.596,25.180
441,24.671,25.265
442,24.604,25.177
443,24.561,25.129
444,24.625,25.214
445,24.557,25.138
446,24.616,25.201
447,24.651,25.244
448,24.701,25.296
449,24.738,25.348
450,24.691,25.294
451,24.723,25.338
452,24.714,25.304
453,24.775,25.374
454,24.762,25.359
455,24.850,25.456
456,24.819,25.404
457,24.892,25.485
458,24.965,25.590
459,24.785,25.382
460,25.039,25.685
461,25.134,25.788
462,25.074,25.717
463,25.079,25.727
464,25.109,25.742
465,25.147,25.793
466,25.080,25.709
467,25.078,25.700
468,25.079,25.700
469,25.044,25.670
470,25.059,25.683
471,25.048,25.661
472,25.043,25.655
473,25.097,25.729
474,25.067,25.681
475,25.000,25.627
476,24.931,25.535
477,24.995,25.620
478,24.948,25.560
479,25.054,25.671
480,24.987,25.589
481,24.964,25.584
482,25.026,25.655
483,24.957,25.583
484,24.944,25.555
485,25.037,25.676
486,24.980,25.592
487,25.030,25.678
488,24.964,25.591
489,24.934,25.550
490,25.029,25.670
491,24.928,25.549
492,25.017,25.657
493,24.993,25.634
494,25.005,25.645
495,25.038,25.687
496,25.073,25.728
497,25.312,25.998
498,25.268,25.944
499,25.205,25.854
500,25.201,25.852
501,25.209,25.885
502,25.222,25.884
503,25.233,25.898
504,25.299,25.980
505,25.259,25.935
506,25.361,26.058
507,25.293,25.976
508,25.347,26.043
509,25.292,25.961
510,25.389,26.089
511,25.370,26.044
512,25.331,25.985
513,25.511,26.198
514,25.634,26.370
515,25.457,26.140
516,25.416,26.090
517,25.444,26.103
518,25.549,26.265
519,25.491,26.183
520,25.445,26.128
521,25.404,26.071
522,25.415,26.065
523,25.506,26.195
524,25.447,26.122
525,25.519,26.214
526,25.512,26.195
527,25.501,26.175
528,25.587,26.284
529,25.578,26.274
530,25.576,26.262
531,25.583,26.276
532,25.556,26.247
533,25.624,26.325
534,25.598,26.309
535,25.594,26.295
536,25.554,26.246
537,25.594,26.289
538,25.643,26.380
539,25.578,26.299
540,25.581,26.290
541,25.572,26.278
542,25.576,26.285
543,25.631,26.359
544,25.581,26.295
545,25.621,26.354
546,25.628,26.348
547,25.581,26.291
548,25.645,26.374
549,25.567,26.284
550,25.570,26.288
551,25.612,26.345
552,25.623,26.369
553,25.555,26.267
554,25.495,26.194
555,25.526,26.254
556,25.411,26.097
557,25.513,26.247
558,25.486,26.211
559,25.572,26.322
560,25.461,26.179
561,25.447,26.174
562,25.424,26.135
563,25.408,26.134
564,25.445,26.187
565,25.470,26.206
566,25.507,26.234
567,25.587,26.356
568,25.534,26.275
569,25.561,26.299
570,25.590,26.354
571,25.609,26.374
572,25.663,26.427
573,25.645,26.395
574,25.739,26.516
575,25.730,26.501
576,25.683,26.442
577,25.701,26.466
578,25.682,26.444
579,25.684,26.448
580,25.689,26.453
581,25.673,26.430
582,25.655,26.412
583,25.675,26.444
584,25.712,26.493
585,25.707,26.488
586,25.488,26.224
587,25.663,26.420
588,25.607,26.347
589,25.604,26.352
590,25.588,26.341
591,25.609,26.362
592,25.601,26.353
593,25.560,26.316
594,25.533,26.275
595,25.557,26.285
596,25.546,26.289
597,25.581,26.339
598,25.524,26.257
599,25.560,26.293
600,25.576,26.340
601,25.545,26.292
602,25.594,26.356
603,25.554,26.316
604,25.582,26.342
605,25.568,26.332
606,25.522,26.281
607,25.548,26.295
608,25.515,26.276
609,25.542,26.292
610,25.585,26.347
611,25.539,26.292
612,25.526,26.281
613,25.547,26.317
614,25.531,26.291
615,25.557,26.336
616,25.577,26.367
617,25.544,26.318
618,25.582,26.365
619,25.549,26.315
620,25.581,26.365
621,25.562,26.349
622,25.570,26.327
623,25.543,26.322
624,25.569,26.344
625,25.525,26.305
626,25.559,26.356
627,25.460,26.227
628,25.479,26.267
629,25.420,26.186
630,25.484,26.272
631,25.391,26.166
632,25.363,26.119
633,25.353,26.105
634,25.337,26.083
635,25.290,26.040
636,25.291,26.030
637,25.305,26.046
638,25.292,26.035
639,25.277,25.996
640,25.238,25.971
641,25.250,25.981
642,25.266,26.001
643,25.292,26.005
644,25.322,26.041
645,25.276,25.976
646,25.254,25.960
647,25.248,25.957
648,25.255,25.943
649,25.252,25.941
650,25.172,25.836
651,25.184,25.857
652,25.197,25.880
653,25.266,25.946
654,25.269,25.948
655,25.247,25.925
656,25.296,25.961
657,25.323,26.000
658,25.325,26.002
659,25.310,25.970
660,25.350,26.004
661,25.326,25.989
662,25.272,25.939
663,25.236,25.889
664,25.260,25.912
665,25.228,25.873
666,25.190,25.830
667,25.261,25.920
668,25.228,25.882
669,25.264,25.930
670,25.247,25.914
671,25.160,25.791
672,25.189,25.827
673,25.168,25.816
674,25.196,25.845
675,25.228,25.887
676,25.248,25.921
677,25.203,25.868
678,25.254,25.922
679,25.199,25.846
680,24.938,25.547
681,24.878,25.479
682,24.907,25.511
683,24.849,25.443
684,25.043,25.678
685,25.074,25.705
686,25.030,25.659
687,24.987,25.616
688,24.997,25.637
689,24.738,25.321
690,25.004,25.648
691,24.901,25.538
692,24.962,25.603
693,24.934,25.559
694,24.932,25.570
695,24.944,25.576
696,24.985,25.634
697,25.004,25.638
698,25.076,25.745
699,25.029,25.675
700,25.150,25.823
701,25.104,25.762
702,25.094,25.744
703,25.121,25.785
704,24.890,25.521
705,25.142,25.805
706,25.171,25.843
707,25.103,25.741
708,25.072,25.710
709,25.056,25.695
710,25.104,25.740
711,25.168,25.827
712,24.985,25.599
713,25.223,25.888
714,25.248,25.923
715,25.218,25.887
716,25.207,25.869
717,25.240,25.926
718,25.188,25.854
719,25.163,25.821
720,25.151,25.806
721,25.206,25.882
722,25.205,25.858
723,25.291,25.963
724,25.215,25.871
725,25.271,25.951
726,25.260,25.927
727,25.256,25.921
728,25.282,25.985
729,25.296,25.985
730,25.236,25.911
731,25.297,25.999
732,25.275,25.958
733,25.273,25.960
734,25.343,26.054
735,25.288,25.977
736,25.292,25.994
737,25.288,25.987
738,25.311,26.025
739,25.351,26.081
740,25.284,25.995
741,25.245,25.938
742,25.236,25.936
743,25.233,25.944
744,25.280,26.004
745,25.194,25.897
746,25.209,25.903
747,25.198,25.900
748,25.235,25.954
749,25.239,25.946
750,25.236,25.948
751,25.228,25.935
752,25.228,25.921
753,25.189,25.886
754,25.277,25.978
755,25.261,25.965
756,25.291,26.031
757,25.235,25.947
758,25.198,25.898
759,25.202,25.915
760,25.174,25.877
761,25.158,25.852
762,25.213,25.895
763,25.216,25.913
764,25.188,25.880
765,25.204,25.895
766,25.195,25.878
767,25.195,25.866
768,25.163,25.829
769,25.205,25.887
770,25.149,25.820
771,25.155,25.814
772,25.222,25.898
773,25.151,25.792
774,25.236,25.904
775,25.192,25.831
776,25.187,25.820
777,25.259,25.917
778,25.194,25.836
779,25.265,25.898
780,25.201,25.824
781,25.209,25.848
782,25.286,25.924
783,25.248,25.864
784,25.290,25.934
785,25.349,25.992
786,25.322,25.977
787,25.387,26.046
788,25.320,25.952
789,25.332,25.950
790,25.366,26.023
791,25.415,26.073
792,25.435,26.087
793,25.455,26.111
794,25.381,26.019
795,25.403,26.064
796,25.280,25.893
797,25.394,26.045
798,25.469,26.152
799,25.474,26.136
800,25.564,26.262
801,25.612,26.322
802,25.607,26.332
803,25.640,26.387
804,25.667,26.414
805,25.660,26.404
806,25.755,26.527
807,25.710,26.451
808,25.812,26.597
809,25.768,26.531
810,25.719,26.451
811,25.705,26.449
812,25.665,26.401
813,25.725,26.477
814,25.702,26.467
815,25.668,26.409
816,25.696,26.445
817,25.676,26.426
818,25.731,26.520
819,25.751,26.538
820,25.633,26.383
821,25.672,26.421
822,25.631,26.391
823,25.640,26.409
824,25.709,26.510
825,25.639,26.421
826,25.669,26.447
827,25.640,26.406
828,25.617,26.377
829,25.640,26.402
830,25.640,26.397
831,25.614,26.348
832,25.613,26.353
833,25.622,26.372
834,25.572,26.308
835,25.575,26.298
836,25.585,26.317
837,25.536,26.248
838,25.482,26.196
839,25.484,26.199
840,25.465,26.185
841,25.423,26.118
842,25.448,26.156
843,25.486,26.187
844,25.564,26.295
845,25.529,26.208
846,25.579,26.295
847,25.576,26.266
848,25.562,26.250
849,25.611,26.316
850,25.595,26.307
851,25.653,26.380
852,25.582,26.278
853,25.631,26.335
854,25.604,26.310
855,25.689,26.410
856,25.606,26.292
857,25.643,26.359
858,25.642,26.356
859,25.693,26.421
860,25.676,26.398
861,25.670,26.371
862,25.662,26.370
863,25.660,26.378
864,25.598,26.305
865,25.587,26.281
866,25.544,26.235
867,25.512,26.197
868,25.512,26.201
869,25.501,26.196
870,25.498,26.194
871,25.434,26.121
872,25.397,26.076
873,25.394,26.075
874,25.409,26.109
875,25.361,26.033
876,25.406,26.089
877,25.309,25.966
878,25.293,25.946
879,25.263,25.933
880,25.250,25.895
881,25.255,25.920
882,25.192,25.839
883,25.170,25.826
884,25.201,25.868
885,25.135,25.781
886,25.110,25.764
887,25.156,25.821
888,25.137,25.784
889,25.145,25.784
890,25.108,25.767
891,25.217,25.892
892,25.198,25.867
893,25.193,25.859
894,25.194,25.858
895,25.207,25.887
896,25.214,25.883
897,25.215,25.886
898,25.244,25.907
899,25.263,25.944
900,25.314,26.001
901,25.265,25.944
902,25.282,25.963
903,25.252,25.913
904,25.264,25.938
905,25.305,26.003
906,25.224,25.889
907,25.201,25.862
908,25.200,25.861
909,25.219,25.882
910,25.277,25.959
911,25.269,25.930
912,25.308,25.996
913,25.322,26.009
914,25.348,26.025
915,25.357,26.048
916,25.363,26.055
917,25.354,26.035
918,25.352,26.031
919,25.455,26.185
920,25.402,26.090
921,25.378,26.096
922,25.404,26.103
923,25.366,26.066
924,25.366,26.061
925,25.381,26.086
926,25.340,26.051
927,25.355,26.055
928,25.384,26.104
929,25.377,26.095
930,25.350,26.047
931,25.331,26.019
932,25.364,26.088
933,25.292,25.980
934,25.238,25.926
935,25.229,25.907
936,25.204,25.892
937,25.233,25.916
938,25.323,26.021
939,25.306,25.999
940,25.371,26.076
941,25.319,26.010
942,25.281,25.965
943,25.371,26.094
944,25.314,26.016
945,25.317,26.010
946,25.294,25.977
947,25.303,25.979
948,25.387,26.101
949,25.293,25.995
950,25.255,25.958
951,25.259,25.959
952,25.273,25.991
953,25.279,25.983
954,25.341,26.061
955,25.263,25.959
956,25.240,25.934
957,25.199,25.878
958,25.228,25.938
959,25.171,25.866
960,25.148,25.827
961,25.131,25.818
962,25.114,25.794
963,25.131,25.817
964,25.112,25.797
965,25.109,25.795
966,25.201,25.913
967,25.155,25.847
968,25.148,25.847
969,25.132,25.827
970,25.088,25.771
971,25.147,25.841
972,25.168,25.865
973,25.163,25.844
974,25.263,25.979
975,25.154,25.834
976,25.149,25.831
977,25.159,25.846
978,25.135,25.833
979,25.247,25.966
980,25.115,25.790
981,25.093,25.763
982,25.112,25.791
983,25.063,25.729
984,25.165,25.853
985,25.015,25.670
986,25.004,25.654
987,24.999,25.649
988,25.035,25.694
989,24.814,25.429
990,24.994,25.652
991,24.886,25.520
992,24.965,25.613
993,24.893,25.533
994,24.940,25.575
995,24.892,25.516
996,24.939,25.573
997,24.958,25.615
998,24.931,25.553
999,24.776,25.384
1000,24.922,25.557
1001,24.963,25.596
1002,24.938,25.567
1003,24.962,25.608
1004,24.979,25.633
1005,24.968,25.605
1006,24.909,25.521
1007,24.962,25.590
1008,25.032,25.684
1009,24.922,25.530
1010,24.954,25.569
1011,24.911,25.521
1012,24.948,25.559
1013,25.018,25.665
1014,24.954,25.590
1015,24.885,25.490
1016,24.942,25.562
1017,24.928,25.542
1018,24.953,25.585
1019,24.833,25.416
1020,24.879,25.494
1021,24.865,25.480
1022,24.845,25.455
1023,24.841,25.442
1024,24.886,25.508
1025,24.932,25.565
1026,24.873,25.483
1027,25.013,25.649
1028,24.729,25.305
1029,24.800,25.400
1030,24.818,25.424
1031,24.785,25.373
1032,25.000,25.626
1033,24.929,25.538
1034,25.032,25.659
1035,25.006,25.633
1036,24.996,25.622
1037,25.041,25.681
1038,25.123,25.792
1039,25.115,25.777
1040,25.132,25.789
1041,25.153,25.825
1042,25.131,25.813
1043,25.032,25.681
1044,25.121,25.804
1045,25.016,25.672
1046,25.082,25.762
1047,25.052,25.704
1048,25.125,25.801
1049,25.080,25.743
1050,25.070,25.734
1051,24.935,25.583
1052,24.971,25.637
1053,25.099,25.768
1054,25.155,25.839
1055,25.068,25.747
1056,25.062,25.735
1057,25.137,25.821
1058,25.081,25.748
1059,25.092,25.769
1060,25.062,25.737
1061,25.163,25.866
1062,25.079,25.760
1063,25.037,25.702
1064,25.011,25.681
1065,25.039,25.722
1066,25.016,25.682
1067,25.072,25.758
1068,25.011,25.673
1069,24.996,25.653
1070,24.981,25.641
1071,24.998,25.671
1072,25.029,25.704
1073,25.014,25.691
1074,25.066,25.764
1075,25.038,25.720
1076,25.045,25.724
1077,25.042,25.728
1078,25.113,25.811
1079,25.030,25.706
1080,25.022,25.694
1081,24.964,25.638
1082,24.967,25.649
1083,24.968,25.638
1084,24.939,25.605
1085,24.914,25.586
1086,24.891,25.560
1087,24.925,25.611
1088,24.890,25.552
1089,24.864,25.522
1090,24.852,25.512
1091,24.828,25.471
1092,24.825,25.484
1093,24.854,25.514
1094,24.848,25.492
1095,24.857,25.503
1096,24.826,25.492
1097,24.897,25.576
1098,24.828,25.491
1099,24.815,25.494
1100,24.808,25.483
1101,24.863,25.551
1102,24.834,25.521
1103,24.811,25.506
1104,24.844,25.544
1105,24.855,25.563
1106,24.551,25.200
1107,24.531,25.171
1108,24.523,25.140
1109,24.539,25.163
1110,24.911,25.604
1111,24.903,25.594
1112,24.896,25.592
1113,24.881,25.574
1114,24.860,25.537
1115,24.874,25.560
1116,24.883,25.576
1117,24.894,25.580
1118,24.844,25.534
1119,24.877,25.579
1120,24.850,25.539
1121,24.847,25.550
1122,24.832,25.522
1123,24.811,25.493
1124,24.820,25.508
1125,24.806,25.484
1126,24.826,25.511
1127,24.879,25.579
1128,24.932,25.634
1129,24.902,25.601
1130,24.905,25.585
1131,24.861,25.546
1132,24.844,25.523
1133,24.861,25.549
1134,24.869,25.550
1135,24.904,25.589
1136,24.862,25.543
1137,24.877,25.555
1138,24.908,25.599
1139,24.901,25.593
1140,24.959,25.655
1141,24.952,25.638
1142,25.005,25.705
1143,25.002,25.692
1144,25.025,25.717
1145,25.068,25.758
1146,25.061,25.750
1147,25.068,25.760
1148,25.081,25.772
1149,25.035,25.731
1150,25.100,25.794
1151,25.111,25.810
1152,25.106,25.789
1153,25.091,25.787
1154,25.090,25.778
1155,25.080,25.772
1156,25.118,25.819
1157,25.127,25.831
1158,25.188,25.907
1159,25.163,25.879
1160,25.157,25.880
1161,25.129,25.840
1162,25.131,25.837
1163,25.153,25.868
1164,25.128,25.838
1165,25.107,25.821
1166,25.138,25.846
1167,25.111,25.810
1168,25.104,25.803
1169,25.074,25.779
1170,25.081,25.790
1171,25.073,25.764
1172,25.070,25.769
1173,25.063,25.761
1174,25.109,25.798
1175,25.092,25.788
1176,25.107,25.801
1177,25.073,25.762
1178,25.076,25.782
1179,25.071,25.774
1180,25.058,25.752
1181,25.078,25.780
1182,25.083,25.783
1183,25.070,25.754
1184,25.106,25.805
1185,25.076,25.782
1186,25.091,25.800
1187,25.034,25.724
1188,25.033,25.718
1189,25.020,25.711
1190,25.004,25.690
1191,25.009,25.695
1192,24.990,25.671
1193,24.990,25.677
1194,24.994,25.679
1195,24.996,25.690
1196,25.007,25.686
1197,24.989,25.687
1198,24.975,25.656
1199,24.970,25.649
1200,24.976,25.660
1201,24.970,25.653
1202,25.006,25.699
1203,24.993,25.689
1204,24.970,25.667
1205,25.005,25.698
1206,24.996,25.697
1207,24.975,25.665
1208,24.972,25.677
1209,24.939,25.621
1210,24.957,25.655
1211,24.894,25.578
1212,24.881,25.552
1213,24.866,25.536
1214,24.870,25.537
1215,24.883,25.544
1216,24.856,25.520
1217,24.873,25.534
1218,24.885,25.551
1219,24.882,25.536
1220,24.895,25.564
1221,24.887,25.540
1222,24.866,25.527
1223,24.854,25.511
1224,24.856,25.516
1225,24.826,25.479
1226,24.815,25.463
1227,24.786,25.443
1228,24.784,25.433
1229,24.767,25.415
1230,24.757,25.412
1231,24.739,25.379
1232,24.737,25.373
1233,24.708,25.340
1234,24.697,25.328
1235,24.712,25.350
1236,24.693,25.322
1237,24.679,25.306
1238,24.669,25.283
1239,24.710,25.332
1240,24.723,25.350
1241,24.759,25.376
1242,24.769,25.385
1243,24.746,25.358
1244,24.771,25.377
1245,24.749,25.351
1246,24.782,25.399
1247,24.787,25.401
1248,24.776,25.388
1249,24.779,25.385
1250,24.776,25.390
1251,24.748,25.351
1252,24.755,25.369
1253,24.765,25.390
1254,24.760,25.387
1255,24.766,25.383
1256,24.754,25.376
1257,24.756,25.379
1258,24.748,25.366
1259,24.730,25.338
1260,24.742,25.347
1261,24.698,25.313
1262,24.694,25.307
1263,24.706,25.318
1264,24.709,25.322
1265,24.708,25.321
1266,24.713,25.325
1267,24.721,25.339
1268,24.711,25.334
1269,24.683,25.290
1270,24.697,25.308
1271,24.713,25.329
1272,24.701,25.315
1273,24.680,25.287
1274,24.702,25.310
1275,24.675,25.276
1276,24.664,25.264
1277,24.655,25.257
1278,24.687,25.298
1279,24.690,25.290
1280,24.654,25.256
1281,24.691,25.294
1282,24.661,25.262
1283,24.655,25.257
1284,24.677,25.279
1285,24.657,25.251
1286,24.670,25.268
1287,24.682,25.282
1288,24.677,25.273
1289,24.682,25.287
1290,24.704,25.318
1291,24.704,25.314
1292,24.697,25.313
1293,24.708,25.320
1294,24.705,25.321
1295,24.700,25.309
1296,24.692,25.306
1297,24.689,25.304
1298,24.687,25.294
1299,24.656,25.266
1300,24.642,25.254
1301,24.630,25.243
1302,24.628,25.236
1303,24.626,25.244
1304,24.617,25.233
1305,24.628,25.246
1306,24.612,25.230
1307,24.602,25.224
1308,24.616,25.239
1309,24.599,25.211
1310,24.595,25.209
1311,24.614,25.238
1312,24.580,25.200
1313,24.582,25.203
1314,24.579,25.207
1315,24.571,25.190
1316,24.574,25.194
1317,24.585,25.212
1318,24.587,25.218
1319,24.586,25.199
1320,24.600,25.224
1321,24.585,25.214
1322,24.600,25.215
1323,24.595,25.204
1324,24.590,25.195
1325,24.591,25.212
1326,24.583,25.201
1327,24.603,25.216
1328,24.613,25.234
1329,24.611,25.228
1330,24.628,25.257
1331,24.612,25.240
1332,24.635,25.266
1333,24.631,25.257
1334,24.597,25.225
1335,24.592,25.228
1336,24.560,25.189
1337,24.557,25.180
1338,24.530,25.151
1339,24.524,25.158
1340,24.516,25.134
1341,24.492,25.121
1342,24.513,25.133
1343,24.510,25.133
1344,24.526,25.146
1345,24.526,25.156
1346,24.563,25.186
1347,24.538,25.158
1348,24.567,25.191
1349,24.584,25.210
1350,24.609,25.238
1351,24.608,25.244
1352,24.590,25.216
1353,24.614,25.250
1354,24.621,25.250
1355,24.627,25.257
1356,24.627,25.262
1357,24.643,25.281
1358,24.634,25.263
1359,24.614,25.253
1360,24.611,25.227
1361,24.622,25.234
1362,24.575,25.191
1363,24.574,25.188
1364,24.578,25.192
1365,24.557,25.167
1366,24.567,25.179
1367,24.554,25.162
1368,24.543,25.150
1369,24.546,25.160
1370,24.551,25.163
1371,24.543,25.156
1372,24.533,25.148
1373,24.555,25.170
1374,24.522,25.131
1375,24.516,25.117
1376,24.544,25.146
1377,24.534,25.140
1378,24.538,25.148
1379,24.533,25.127
1380,24.511,25.110
1381,24.536,25.133
1382,24.496,25.074
1383,24.486,25.075
1384,24.486,25.071
1385,24.477,25.059
1386,24.483,25.075
1387,24.474,25.059
1388,24.494,25.090
1389,24.503,25.081
1390,24.495,25.092
1391,24.519,25.106
1392,24.525,25.123
1393,24.551,25.147
1394,24.570,25.173
1395,24.609,25.216
1396,24.634,25.247
1397,24.614,25.229
1398,24.608,25.216
1399,24.606,25.213
1400,24.601,25.212
1401,24.607,25.213
1402,24.605,25.229
1403,24.596,25.204
1404,24.603,25.210
1405,24.598,25.209
1406,24.594,25.206
1407,24.600,25.203
1408,24.586,25.193
1409,24.599,25.208
1410,24.591,25.201
1411,24.586,25.202
1412,24.598,25.211
1413,24.585,25.198
1414,24.595,25.198
1415,24.582,25.187
1416,24.581,25.194
1417,24.589,25.196
1418,24.596,25.205
1419,24.593,25.195
1420,24.595,25.197
1421,24.569,25.177
1422,24.586,25.188
1423,24.576,25.181
1424,24.557,25.160
1425,24.575,25.173
1426,24.574,25.168
1427,24.587,25.186
1428,24.586,25.183
1429,24.587,25.190
1430,24.596,25.205
1431,24.586,25.194
1432,24.569,25.174
1433,24.573,25.174
1434,24.571,25.166
1435,24.569,25.167
1436,24.572,25.179
1437,24.579,25.191
1438,24.574,25.175
1439,24.584,25.192
1440,24.565,25.171
1441,24.581,25.194
1442,24.572,25.179
1443,24.566,25.173
1444,24.577,25.190
1445,24.559,25.169
1446,24.573,25.184
1447,24.572,25.191
1448,24.587,25.205
1449,24.580,25.192
1450,24.577,25.184
1451,24.567,25.189
1452,24.564,25.172
1453,24.571,25.192
1454,24.581,25.202
1455,24.553,25.169
1456,24.578,25.196
1457,24.586,25.207
1458,24.560,25.175
1459,24.566,25.191
1460,24.570,25.183
1461,24.572,25.192
1462,24.576,25.200
1463,24.564,25.185
1464,24.562,25.189
1465,24.556,25.192
1466,24.554,25.182
1467,24.570,25.195
1468,24.553,25.185
1469,24.594,25.230
1470,24.582,25.214
1471,24.553,25.185
1472,24.567,25.196
1473,24.566,25.208
1474,24.600,25.229
1475,24.581,25.209
1476,24.559,25.192
1477,24.584,25.225
1478,24.576,25.210
1479,24.598,25.233
1480,24.601,25.242
1481,24.604,25.231
1482,24.595,25.225
1483,24.619,25.264
1484,24.621,25.253
1485,24.614,25.254
1486,24.628,25.260
1487,24.622,25.249
1488,24.630,25.277
1489,24.622,25.251
1490,24.665,25.294
1491,24.634,25.257
1492,24.626,25.238
1493,24.640,25.267
1494,24.637,25.272
1495,24.636,25.263
1496,24.674,25.317
1497,24.636,25.260
1498,24.662,25.297
1499,24.671,25.301
1500,24.683,25.319
1501,24.669,25.313
1502,24.671,25.314
1503,24.670,25.302
1504,24.677,25.306
1505,24.659,25.293
1506,24.661,25.295
1507,24.662,25.296
1508,24.777,25.429
1509,24.791,25.438
1510,24.742,25.383
1511,24.795,25.437
1512,24.798,25.445
1513,24.392,24.972
1514,24.395,24.978
1515,24.405,24.986
1516,24.447,25.050
1517,24.435,25.034
1518,24.438,25.027
1519,24.793,25.446
1520,24.781,25.436
1521,24.796,25.457
1522,24.803,25.465
1523,24.782,25.440
1524,24.739,25.381
1525,24.729,25.372
1526,24.755,25.396
1527,24.827,25.498
1528,24.836,25.498
1529,24.899,25.576
1530,24.861,25.528
1531,24.859,25.515
1532,24.553,25.159
1533,24.560,25.155
1534,24.546,25.152
1535,24.541,25.149
1536,24.532,25.130
1537,24.889,25.544
1538,24.875,25.525
1539,24.861,25.520
1540,24.916,25.571
1541,24.837,25.476
1542,24.829,25.474
1543,24.816,25.452
1544,24.819,25.449
1545,24.837,25.466
1546,24.814,25.442
1547,24.829,25.459
1548,24.834,25.465
1549,24.828,25.455
1550,24.839,25.478
1551,24.858,25.482
1552,24.857,25.485
1553,24.866,25.494
1554,24.863,25.496
1555,24.849,25.481
1556,24.883,25.534
1557,24.883,25.535
1558,24.904,25.548
1559,24.890,25.539
1560,24.871,25.522
1561,24.914,25.566
1562,24.869,25.511
1563,24.882,25.523
1564,24.868,25.510
1565,24.865,25.514
1566,24.887,25.553
1567,24.868,25.517
1568,24.868,25.514
1569,24.866,25.499
1570,24.859,25.496
1571,24.839,25.473
1572,24.851,25.479
1573,24.812,25.449
1574,24.859,25.508
1575,24.835,25.481
1576,24.826,25.462
1577,24.842,25.485
1578,24.809,25.447
1579,24.804,25.429
1580,24.788,25.418
1581,24.775,25.394
1582,24.788,25.410
1583,24.804,25.430
1584,24.808,25.436
1585,24.824,25.451
1586,24.836,25.460
1587,24.847,25.478
1588,24.863,25.484
1589,24.865,25.497
1590,24.885,25.513
1591,24.892,25.519
1592,24.904,25.541
1593,24.893,25.524
1594,24.948,25.588
1595,24.963,25.613
1596,24.617,25.220
1597,24.616,25.213
1598,24.631,25.229
1599,24.641,25.243
1600,24.641,25.242
1601,24.639,25.254
1602,24.643,25.253
1603,24.635,25.231
1604,24.644,25.243
1605,25.048,25.707
1606,25.089,25.760
1607,25.061,25.725
1608,24.674,25.286
1609,24.701,25.316
1610,25.035,25.703
1611,25.019,25.680
1612,25.003,25.662
1613,25.022,25.689
1614,25.028,25.690
1615,24.725,25.337
1616,25.103,25.774
1617,25.129,25.812
1618,25.093,25.766
1619,25.037,25.699
1620,24.999,25.660
1621,25.025,25.688
1622,25.021,25.683
1623,25.046,25.707
1624,25.088,25.759
1625,25.127,25.807
1626,25.165,25.844
1627,25.188,25.880
1628,25.193,25.874
1629,25.157,25.840
1630,25.276,25.982
1631,25.282,26.002
1632,25.323,26.042
1633,25.316,26.037
1634,25.366,26.093
1635,25.365,26.098
1636,25.346,26.079
1637,25.389,26.121
1638,25.395,26.140
1639,25.384,26.125
1640,25.385,26.122
1641,25.395,26.124
1642,25.365,26.095
1643,25.396,26.146
1644,25.347,26.079
1645,25.351,26.102
1646,25.333,26.069
1647,25.345,26.095
1648,25.356,26.096
1649,25.375,26.130
1650,25.369,26.126
1651,25.363,26.106
1652,25.337,26.083
1653,25.334,26.086
1654,25.326,26.073
1655,25.380,26.135
1656,25.321,26.072
1657,25.354,26.108
1658,25.146,25.852
1659,25.132,25.836
1660,25.075,25.774
1661,25.123,25.827
1662,25.363,26.121
1663,25.375,26.130
1664,25.424,26.205
1665,25.382,26.136
1666,25.365,26.118
1667,25.375,26.125
1668,25.385,26.129
1669,25.457,26.196
1670,25.415,26.158
1671,25.403,26.141
1672,25.400,26.142
1673,25.435,26.177
1674,25.515,26.272
1675,25.565,26.344
1676,25.483,26.223
1677,25.508,26.272
1678,25.474,26.207
1679,25.477,26.211
1680,25.486,26.222
1681,25.503,26.251
1682,25.493,26.238
1683,25.480,26.222
1684,25.471,26.209
1685,25.472,26.209
1686,25.440,26.177
1687,25.461,26.207
1688,25.434,26.165
1689,25.444,26.163
1690,25.487,26.209
1691,25.492,26.215
1692,25.244,25.929
1693,25.242,25.914
1694,25.247,25.943
1695,25.417,26.132
1696,25.389,26.094
1697,25.333,26.049
1698,25.333,26.063
1699,25.322,26.038
1700,25.278,25.987
1701,25.330,26.041
1702,25.330,26.040
1703,25.343,26.070
1704,25.322,26.039
1705,25.313,26.017
1706,25.296,25.994
1707,25.317,26.037
1708,25.253,25.968
1709,25.068,25.734
1710,25.277,25.977
1711,25.237,25.933
1712,25.232,25.926
1713,25.253,25.958
1714,25.276,25.986
1715,25.353,26.075
1716,25.332,26.059
1717,25.353,26.074
1718,25.331,26.049
1719,25.342,26.059
1720,25.303,26.014
1721,25.313,26.007
1722,25.290,25.984
1723,25.283,25.986
1724,25.302,26.004
1725,25.289,25.990
1726,25.274,25.987
1727,25.259,25.955
1728,25.253,25.956
1729,25.202,25.899
1730,25.265,25.975
1731,25.232,25.937
1732,25.213,25.915
1733,25.264,25.978
1734,25.269,25.990
1735,25.308,26.023
1736,25.326,26.042
1737,25.336,26.057
1738,25.339,26.075
1739,25.399,26.126
1740,25.436,26.161
1741,25.489,26.232
1742,25.461,26.180
1743,25.484,26.219
1744,25.508,26.236
1745,25.428,26.155
1746,25.493,26.238
1747,25.440,26.152
1748,25.448,26.169
1749,25.454,26.161
1750,25.443,26.170
1751,25.435,26.159
1752,25.444,26.168
1753,25.495,26.254
1754,25.463,26.202
1755,25.472,26.216
1756,25.452,26.204
1757,25.448,26.201
1758,25.433,26.196
1759,25.452,26.212
1760,25.603,26.386
1761,25.667,26.456
1762,25.664,26.442
1763,25.646,26.421
1764,25.682,26.455
1765,25.669,26.446
1766,25.647,26.424
1767,25.622,26.378
1768,25.618,26.374
1769,25.624,26.393
1770,25.607,26.371
1771,25.599,26.354
1772,25.547,26.294
1773,25.561,26.315
1774,25.510,26.243
1775,25.492,26.215
1776,25.470,26.185
1777,25.404,26.099
1778,25.448,26.168
1779,25.444,26.144
1780,25.424,26.112
1781,25.387,26.055
1782,25.395,26.063
1783,25.364,26.018
1784,25.337,25.986
1785,25.380,26.046
1786,25.395,26.074
1787,25.408,26.080
1788,25.351,26.000
1789,25.417,26.088
1790,25.341,25.961
1791,25.400,26.055
1792,25.327,25.951
1793,25.438,26.089
1794,25.336,25.940
1795,25.380,26.012
1796,25.314,25.922
1797,25.382,26.016
1798,25.360,25.986
1799,25.395,26.025
1800,25.307,25.904
1801,25.354,25.992
1802,25.320,25.933
1803,25.338,25.963
1804,25.332,25.969
1805,25.324,25.925
1806,25.364,26.011
1807,25.313,25.930
1808,25.404,26.053
1809,25.369,26.008
1810,25.340,25.965
1811,25.391,26.041
1812,25.345,25.979
1813,25.360,25.988
1814,25.357,25.988
1815,25.389,26.042
1816,25.367,26.005
1817,25.368,26.012
1818,25.495,26.172
1819,25.461,26.122
1820,25.401,26.055
1821,25.448,26.093
1822,25.499,26.150
1823,25.467,26.132
1824,25.572,26.285
1825,25.554,26.220
1826,25.553,26.215
1827,25.548,26.207
1828,25.535,26.204
1829,25.558,26.225
1830,25.617,26.325
1831,25.595,26.295
1832,25.587,26.284
1833,25.611,26.310
1834,25.629,26.323
1835,25.660,26.375
1836,25.681,26.404
1837,25.746,26.468
1838,25.750,26.469
1839,25.767,26.493
1840,25.783,26.517
