0,9.396,13.317
1,9.393,13.305
2,9.379,13.279
3,9.387,13.322
4,9.350,13.244
5,9.345,13.249
6,9.301,13.175
7,9.278,13.161
8,9.300,13.224
9,9.284,13.216
10,9.268,13.212
11,9.268,13.208
12,9.247,13.138
13,9.238,13.133
14,9.244,13.127
15,9.210,13.088
16,9.203,13.083
17,9.204,13.099
18,9.201,13.107
19,9.189,13.124
20,9.182,13.110
21,9.260,13.163
22,9.238,13.117
23,9.283,13.200
24,9.302,13.269
25,9.275,13.238
26,9.274,13.238
27,9.294,13.218
28,9.296,13.207
29,9.315,13.258
30,9.270,13.237
31,9.235,13.167
32,9.261,13.235
33,9.195,13.108
34,9.225,13.158
35,9.219,13.192
36,9.150,13.051
37,9.156,13.090
38,9.152,13.095
39,9.217,13.165
40,9.223,13.159
41,9.212,13.123
42,9.250,13.166
43,9.260,13.186
44,9.270,13.192
45,9.241,13.179
46,9.231,13.151
47,9.267,13.238
48,9.355,13.298
49,9.400,13.322
50,9.517,13.466
51,9.525,13.476
52,9.557,13.523
53,9.607,13.598
54,9.661,13.648
55,9.703,13.699
56,9.776,13.755
57,9.826,13.816
58,9.954,14.018
59,9.967,14.008
60,9.991,14.036
61,10.035,14.130
62,10.037,14.086
63,10.009,14.078
64,10.112,14.225
65,10.086,14.161
66,10.123,14.234
67,10.107,14.214
68,10.063,14.133
69,10.023,14.123
70,10.010,14.093
71,10.014,14.126
72,10.024,14.147
73,10.004,14.078
74,9.990,14.071
75,9.970,14.054
76,9.938,14.018
77,9.935,14.022
78,9.914,13.986
79,9.919,14.007
80,9.921,14.044
81,9.938,14.096
82,9.926,14.044
83,9.931,14.049
84,9.953,14.038
85,10.020,14.153
86,9.990,14.111
87,9.969,14.054
88,10.004,14.139
89,9.930,14.056
90,9.801,13.886
91,9.783,13.855
92,9.786,13.889
93,9.717,13.751
94,9.718,13.749
95,9.742,13.805
96,9.718,13.800
97,9.714,13.779
98,9.703,13.779
99,9.668,13.693
100,9.663,13.712
101,9.629,13.642
102,9.615,13.639
103,9.649,13.716
104,9.621,13.688
105,9.427,13.438
106,9.357,13.337
107,9.382,13.366
108,9.368,13.328
109,9.397,13.361
110,9.441,13.388
111,9.464,13.418
112,9.521,13.512
113,9.545,13.571
114,9.528,13.539
115,9.511,13.496
116,9.525,13.550
117,9.518,13.516
118,9.567,13.614
119,9.530,13.505
120,9.539,13.516
121,9.577,13.547
122,9.578,13.579
123,9.613,13.592
124,9.623,13.601
125,9.632,13.597
126,9.637,13.595
127,9.643,13.647
128,9.644,13.637
129,9.647,13.658
130,9.633,13.622
131,9.614,13.580
132,9.652,13.632
133,9.648,13.604
134,9.657,13.621
135,9.686,13.707
136,9.652,13.609
137,9.658,13.620
138,9.669,13.633
139,9.677,13.656
140,9.668,13.622
141,9.650,13.609
142,9.690,13.691
143,9.647,13.608
144,9.637,13.592
145,9.592,13.531
146,9.600,13.550
147,9.592,13.531
148,9.584,13.531
149,9.593,13.544
150,9.554,13.492
151,9.546,13.473
152,9.554,13.499
153,9.541,13.475
154,9.524,13.432
155,9.557,13.503
156,9.534,13.455
157,9.527,13.447
158,9.554,13.496
159,9.554,13.484
160,9.525,13.420
161,9.536,13.466
162,9.532,13.455
163,9.521,13.440
164,9.468,13.367
165,9.465,13.395
166,9.449,13.368
167,9.430,13.334
168,9.446,13.349
169,9.401,13.285
170,9.415,13.312
171,9.439,13.347
172,9.420,13.310
173,9.399,13.285
174,9.417,13.306
175,9.442,13.343
176,9.442,13.350
177,9.451,13.347
178,9.410,13.282
179,9.443,13.347
180,9.422,13.330
181,9.433,13.327
182,9.423,13.335
183,9.396,13.289
184,9.444,13.358
185,9.431,13.317
186,9.424,13.313
187,9.410,13.299
188,9.392,13.237
189,9.413,13.291
190,9.412,13.280
191,9.446,13.317
192,9.464,13.318
193,9.448,13.329
194,9.474,13.346
195,9.493,13.378
196,9.514,13.375
197,9.561,13.434
198,9.546,13.416
199,9.572,13.433
200,9.531,13.371
201,9.561,13.421
202,9.576,13.431
203,9.602,13.439
204,9.619,13.484
205,9.644,13.528
206,9.593,13.451
207,9.590,13.484
208,9.574,13.478
209,9.535,13.419
210,9.554,13.471
211,9.555,13.456
212,9.547,13.477
213,9.519,13.404
214,9.562,13.466
215,9.500,13.392
216,9.498,13.413
217,9.437,13.344
218,9.421,13.300
219,9.457,13.321
220,9.489,13.401
221,9.499,13.392
222,9.546,13.449
223,9.526,13.451
224,9.505,13.401
225,9.496,13.426
226,9.462,13.388
227,9.469,13.406
228,9.464,13.424
229,9.453,13.427
230,9.414,13.378
231,9.423,13.408
232,9.380,13.344
233,9.357,13.302
234,9.355,13.323
235,9.330,13.344
236,9.330,13.341
237,9.291,13.279
238,9.328,13.352
239,9.285,13.277
240,9.256,13.247
241,9.275,13.294
242,9.283,13.317
243,9.278,13.295
244,9.265,13.317
245,9.267,13.344
246,9.284,13.349
247,9.280,13.318
248,9.238,13.278
249,9.260,13.327
250,9.306,13.366
251,9.314,13.379
252,9.362,13.436
253,9.397,13.424
254,9.402,13.439
255,9.438,13.459
256,9.448,13.460
257,9.479,13.496
258,9.490,13.502
259,9.527,13.564
260,9.550,13.536
261,9.557,13.597
262,9.574,13.613
263,9.552,13.549
264,9.607,13.637
265,9.632,13.661
266,9.645,13.653
267,9.710,13.713
268,9.725,13.750
269,9.764,13.777
270,9.803,13.794
271,9.856,13.845
272,9.872,13.863
273,9.918,13.896
274,9.981,13.957
275,9.953,13.897
276,9.912,13.820
277,9.909,13.877
278,9.882,13.847
279,9.863,13.867
280,9.894,13.869
281,9.930,13.922
282,9.926,13.898
283,9.939,13.938
284,10.003,14.032
285,9.879,13.861
286,9.906,13.922
287,9.900,13.904
288,9.863,13.860
289,9.845,13.849
290,9.826,13.816
291,9.860,13.883
292,9.837,13.829
293,9.849,13.872
294,9.847,13.871
295,9.882,13.880
296,9.886,13.855
297,9.964,13.988
298,9.964,13.970
299,9.988,13.999
300,10.061,14.069
301,10.119,14.108
302,10.130,14.112
303,10.178,14.175
304,10.251,14.305
305,10.237,14.290
306,10.240,14.232
307,10.238,14.236
308,10.259,14.268
309,10.213,14.214
310,10.255,14.294
311,10.257,14.283
312,10.245,14.280
313,10.290,14.345
314,10.287,14.307
315,10.257,14.273
316,10.274,14.261
317,10.300,14.359
318,10.306,14.375
319,10.292,14.322
320,10.283,14.316
321,10.317,14.404
322,10.293,14.352
323,10.257,14.291
324,10.283,14.388
325,10.293,14.410
326,10.276,14.390
327,10.193,14.227
328,10.224,14.330
329,10.195,14.360
330,10.114,14.197
331,10.144,14.315
332,10.172,14.370
333,10.165,14.373
334,10.144,14.310
335,10.149,14.345
336,10.210,14.439
337,10.142,14.357
338,10.152,14.356
339,10.107,14.328
340,10.107,14.342
341,10.116,14.372
342,10.092,14.309
343,10.113,14.356
344,10.096,14.329
345,10.060,14.300
346,10.101,14.381
347,10.047,14.270
348,10.044,14.294
349,10.003,14.264
350,9.974,14.240
351,9.933,14.191
352,9.973,14.261
353,9.936,14.236
354,9.853,14.055
355,9.827,14.089
356,9.793,14.060
357,9.768,14.025
358,9.723,13.983
359,9.673,13.894
360,9.660,13.917
361,9.634,13.881
362,9.610,13.870
363,9.725,14.014
364,9.785,14.082
365,9.809,14.095
366,9.725,14.003
367,9.717,13.976
368,9.760,14.095
369,9.711,14.006
370,9.734,14.041
371,9.712,14.033
372,9.692,14.035
373,9.630,13.941
374,9.650,13.939
375,9.619,13.956
376,9.636,13.972
377,9.537,13.805
378,9.495,13.806
379,9.409,13.673
380,9.363,13.656
381,9.458,13.748
382,9.483,13.789
383,9.455,13.713
384,9.584,13.903
385,9.592,13.874
386,9.587,13.863
387,9.510,13.757
388,9.474,13.712
389,9.429,13.683
390,9.561,13.839
391,9.532,13.820
392,9.549,13.854
393,9.466,13.803
394,9.375,13.665
395,9.367,13.661
396,9.512,13.816
397,9.540,13.838
398,9.618,13.929
399,9.654,13.968
400,9.785,14.123
401,9.896,14.242
402,10.056,14.495
403,10.174,14.555
404,10.284,14.675
405,10.357,14.727
406,10.506,14.889
407,10.598,14.918
408,10.482,14.821
409,10.567,14.871
410,10.616,14.904
411,10.563,14.850
412,10.584,14.852
413,10.644,14.920
414,10.592,14.898
415,10.497,14.749
416,10.486,14.725
417,10.526,14.789
418,10.526,14.754
419,10.584,14.837
420,10.606,14.849
421,10.615,14.839
422,10.626,14.833
423,10.612,14.827
424,10.690,15.036
425,10.634,14.905
426,10.630,14.849
427,10.635,14.894
428,10.623,14.871
429,10.602,14.858
430,10.618,14.893
431,10.639,14.912
432,10.623,14.916
433,10.677,15.009
434,10.712,15.041
435,10.757,15.148
436,10.722,15.074
437,10.744,15.107
438,10.733,15.116
439,10.717,15.079
440,10.710,15.070
441,10.752,15.170
442,10.773,15.167
443,10.760,15.124
444,10.780,15.177
445,10.811,15.257
446,10.822,15.224
447,10.838,15.247
448,10.778,15.204
449,10.702,15.106
450,10.660,15.046
451,10.587,14.950
452,10.562,14.941
453,10.515,14.911
454,10.441,14.811
455,10.353,14.701
456,10.285,14.612
457,10.212,14.583
458,10.209,14.608
459,10.186,14.568
460,10.124,14.468
461,10.076,14.429
462,10.052,14.457
463,9.962,14.333
464,9.905,14.243
465,9.846,14.157
466,9.827,14.145
467,9.754,14.031
468,9.708,13.980
469,9.655,13.906
470,9.582,13.822
471,9.510,13.713
472,9.504,13.739
473,9.471,13.680
474,9.443,13.644
475,9.401,13.591
476,9.319,13.453
477,9.339,13.514
478,9.272,13.411
479,9.262,13.390
480,9.220,13.348
481,9.230,13.375
482,9.199,13.336
483,9.198,13.319
484,9.160,13.266
485,9.159,13.253
486,9.112,13.186
487,9.096,13.166
488,9.084,13.160
489,9.061,13.116
490,9.044,13.137
491,9.008,13.065
492,9.010,13.070
493,9.030,13.133
494,9.033,13.126
495,9.051,13.157
496,9.051,13.130
497,9.084,13.199
498,9.091,13.239
499,9.089,13.175
500,9.098,13.195
501,9.132,13.248
502,9.145,13.288
503,9.146,13.297
504,9.134,13.286
505,9.110,13.209
506,9.120,13.260
507,9.120,13.271
508,9.149,13.322
509,9.163,13.334
510,9.196,13.364
511,9.217,13.419
512,9.219,13.393
513,9.241,13.418
514,9.294,13.488
515,9.278,13.440
516,9.295,13.465
517,9.281,13.442
518,9.310,13.503
519,9.334,13.568
520,9.300,13.463
521,9.327,13.531
522,9.325,13.519
523,9.342,13.551
524,9.331,13.523
525,9.356,13.571
526,9.335,13.516
527,9.336,13.520
528,9.349,13.540
529,9.317,13.510
530,9.328,13.550
531,9.297,13.487
532,9.281,13.480
533,9.238,13.407
534,9.201,13.345
535,9.171,13.311
536,9.182,13.343
537,9.177,13.329
538,9.138,13.304
539,9.129,13.292
540,9.104,13.228
541,9.102,13.232
542,9.095,13.246
543,9.056,13.183
544,9.013,13.124
545,8.996,13.122
546,8.933,13.030
547,8.881,12.933
548,8.871,12.970
549,8.849,12.932
550,8.849,12.933
551,8.781,12.826
552,8.951,13.009
553,8.957,13.025
554,8.969,13.012
555,8.889,12.920
556,8.885,12.933
557,8.891,12.937
558,9.024,13.080
559,9.052,13.086
560,9.096,13.137
561,9.041,13.074
562,9.052,13.129
563,9.025,13.053
564,9.035,13.117
565,9.024,13.091
566,9.007,13.099
567,9.004,13.108
568,8.980,13.073
569,9.020,13.104
570,9.043,13.152
571,9.045,13.141
572,9.045,13.147
573,9.050,13.161
574,9.058,13.177
575,9.071,13.181
576,9.090,13.244
577,9.122,13.282
578,9.114,13.243
579,9.141,13.291
580,9.188,13.372
581,9.185,13.337
582,9.231,13.413
583,9.247,13.423
584,9.262,13.416
585,9.293,13.529
586,9.293,13.534
587,9.291,13.487
588,9.370,13.632
589,9.444,13.723
590,9.520,13.798
591,9.560,13.868
592,9.647,13.965
593,9.708,14.042
594,9.763,14.096
595,9.796,14.150
596,9.857,14.178
597,9.705,14.028
598,9.684,14.008
599,9.682,14.038
600,9.749,14.102
601,9.757,14.122
602,9.789,14.169
603,9.573,13.919
604,9.556,13.933
605,9.479,13.806
606,9.536,13.876
607,9.533,13.863
608,9.512,13.822
609,9.531,13.858
610,9.523,13.864
611,9.519,13.858
612,9.549,13.928
613,9.508,13.853
614,9.490,13.834
615,9.523,13.876
616,9.540,13.900
617,9.511,13.840
618,9.504,13.820
619,9.520,13.857
620,9.501,13.824
621,9.476,13.807
622,9.425,13.722
623,9.442,13.773
624,9.422,13.740
625,9.406,13.712
626,9.388,13.686
627,9.352,13.615
628,9.363,13.639
629,9.352,13.650
630,9.330,13.606
631,9.300,13.576
632,9.251,13.497
633,9.240,13.509
634,9.202,13.461
635,9.188,13.455
636,9.168,13.407
637,9.134,13.360
638,9.151,13.371
639,9.080,13.302
640,9.052,13.233
641,9.012,13.187
642,9.034,13.231
643,9.024,13.241
644,9.049,13.277
645,9.048,13.266
646,9.003,13.136
647,9.046,13.236
648,9.070,13.274
649,9.055,13.247
650,9.076,13.240
651,9.079,13.228
652,9.101,13.240
653,9.125,13.281
654,9.159,13.300
655,9.145,13.256
656,9.174,13.300
657,9.170,13.281
658,9.197,13.297
659,9.216,13.316
660,9.257,13.405
661,9.235,13.324
662,9.241,13.312
663,9.240,13.326
664,9.213,13.274
665,9.242,13.315
666,9.246,13.291
667,9.257,13.331
668,9.283,13.381
669,9.260,13.309
670,9.259,13.342
671,9.234,13.286
672,9.209,13.271
673,9.205,13.272
674,9.184,13.249
675,9.203,13.288
676,9.168,13.276
677,9.163,13.256
678,9.137,13.206
679,9.128,13.242
680,9.093,13.158
681,9.077,13.138
682,9.050,13.154
683,8.991,13.071
684,8.987,13.135
685,8.903,13.003
686,8.871,12.975
687,8.830,12.851
688,8.790,12.833
689,8.720,12.746
690,8.727,12.758
691,8.709,12.716
692,8.732,12.813
693,8.729,12.785
694,8.734,12.818
695,8.761,12.881
696,8.941,13.051
697,8.988,13.107
698,9.052,13.143
699,8.944,13.011
700,8.933,12.968
701,8.922,12.982
702,9.122,13.195
703,9.123,13.168
704,9.209,13.262
705,9.110,13.163
706,9.122,13.199
707,9.098,13.169
708,9.092,13.150
709,9.069,13.129
710,9.087,13.174
711,9.076,13.132
712,9.094,13.172
713,9.105,13.186
714,9.116,13.162
715,9.157,13.272
716,9.127,13.206
717,9.170,13.261
718,9.169,13.240
719,9.212,13.349
720,9.164,13.254
721,9.179,13.258
722,9.181,13.266
723,9.168,13.253
724,9.198,13.269
725,9.173,13.235
726,9.226,13.325
727,9.219,13.305
728,9.248,13.344
729,9.291,13.364
730,9.346,13.430
731,9.434,13.541
732,9.499,13.642
733,9.536,13.673
734,9.594,13.738
735,9.631,13.790
736,9.675,13.827
737,9.734,13.907
738,9.699,13.880
739,9.682,13.842
740,9.678,13.834
741,9.654,13.815
742,9.677,13.840
743,9.687,13.863
744,9.690,13.871
745,9.686,13.835
746,9.728,13.915
747,9.744,13.902
748,9.735,13.893
749,9.759,13.932
750,9.766,13.930
751,9.775,13.963
752,9.808,13.993
753,9.819,13.987
754,9.855,14.047
755,9.891,14.085
756,9.905,14.130
757,9.942,14.167
758,9.945,14.123
759,9.947,14.095
760,9.977,14.144
761,10.026,14.206
762,10.019,14.160
763,10.016,14.166
764,10.007,14.110
765,10.027,14.146
766,10.031,14.160
767,10.057,14.167
768,10.077,14.242
769,10.050,14.159
770,10.093,14.248
771,10.071,14.181
772,10.076,14.182
773,10.087,14.216
774,10.096,14.195
775,10.098,14.184
776,10.117,14.230
777,10.122,14.214
778,10.135,14.228
779,10.134,14.234
780,10.145,14.234
781,10.179,14.276
782,10.182,14.268
783,10.196,14.250
784,10.210,14.297
785,10.228,14.324
786,10.253,14.372
787,10.245,14.315
788,10.275,14.363
789,10.293,14.370
790,10.283,14.339
791,10.252,14.308
792,10.251,14.346
793,10.188,14.252
794,10.178,14.220
795,10.160,14.219
796,10.101,14.151
797,10.110,14.178
798,10.089,14.137
799,10.072,14.094
800,10.091,14.119
801,10.093,14.140
802,10.083,14.118
803,10.083,14.107
804,10.070,14.127
805,10.080,14.126
806,10.057,14.125
807,10.070,14.156
808,10.072,14.152
809,10.047,14.094
810,10.037,14.037
811,10.033,14.060
812,10.039,14.063
813,10.034,14.051
814,10.040,14.088
815,10.038,14.062
816,10.047,14.057
817,10.043,14.093
818,10.010,14.068
819,10.050,14.100
820,10.060,14.176
821,10.000,14.040
822,10.018,14.094
823,10.014,14.076
824,9.997,14.051
825,9.956,13.992
826,9.999,14.060
827,10.015,14.067
828,10.011,14.051
829,10.011,14.074
830,10.016,14.084
831,9.997,14.086
832,9.998,14.045
833,10.004,14.081
834,10.045,14.156
835,10.073,14.207
836,10.059,14.146
837,10.057,14.148
838,10.069,14.161
839,10.107,14.224
840,10.086,14.195
841,10.064,14.118
842,10.055,14.112
843,10.085,14.198
844,9.993,14.038
845,10.021,14.129
846,9.989,14.062
847,9.969,14.032
848,9.985,14.038
849,10.010,14.058
850,10.052,14.103
851,10.071,14.139
852,10.061,14.092
853,10.095,14.144
854,10.103,14.124
855,10.111,14.150
856,10.110,14.110
857,10.140,14.162
858,10.116,14.135
859,10.093,14.110
860,10.139,14.194
861,10.110,14.142
862,10.101,14.129
863,10.124,14.155
864,10.186,14.250
865,10.194,14.281
866,10.227,14.280
867,10.241,14.315
868,10.266,14.299
869,10.326,14.418
870,10.360,14.455
871,10.338,14.386
872,10.357,14.452
873,10.370,14.447
874,10.337,14.415
875,10.348,14.433
876,10.292,14.332
877,10.306,14.371
878,10.267,14.303
879,10.270,14.320
880,10.223,14.235
881,10.224,14.221
882,10.220,14.251
883,10.196,14.188
884,10.146,14.166
885,10.153,14.171
886,10.114,14.101
887,10.077,14.071
888,9.998,13.939
889,9.953,13.876
890,9.962,13.911
891,9.917,13.833
892,9.866,13.785
893,9.855,13.738
894,9.847,13.745
895,9.799,13.689
896,9.777,13.655
897,9.739,13.622
898,9.719,13.584
899,9.685,13.556
900,9.647,13.501
901,9.615,13.494
902,9.576,13.446
903,9.553,13.367
904,9.521,13.339
905,9.492,13.323
906,9.454,13.287
907,9.431,13.252
908,9.360,13.137
909,9.354,13.168
910,9.313,13.140
911,9.295,13.136
912,9.281,13.130
913,9.233,13.060
914,9.189,12.991
915,9.159,12.995
916,9.160,12.986
917,9.001,12.836
918,8.943,12.736
919,8.858,12.649
920,8.862,12.700
921,8.846,12.715
922,8.845,12.682
923,8.863,12.717
924,8.881,12.755
925,8.864,12.717
926,8.879,12.755
927,8.759,12.608
928,8.763,12.654
929,8.770,12.636
930,8.777,12.631
931,8.754,12.580
932,8.793,12.636
933,8.782,12.630
934,8.782,12.612
935,8.780,12.584
936,8.825,12.678
937,8.798,12.602
938,8.781,12.599
939,8.749,12.541
940,8.752,12.541
941,8.719,12.492
942,8.690,12.442
943,8.686,12.447
944,8.631,12.358
945,8.634,12.388
946,8.612,12.372
947,8.614,12.358
948,8.700,12.443
949,8.711,12.461
950,8.697,12.442
951,8.821,12.604
952,8.840,12.603
953,8.850,12.611
954,8.801,12.523
955,8.796,12.553
956,8.820,12.596
957,8.819,12.582
958,8.819,12.571
959,8.846,12.626
960,8.892,12.666
961,8.930,12.681
962,8.998,12.768
963,9.040,12.814
964,9.093,12.910
965,9.092,12.888
966,9.139,12.928
967,9.160,12.939
968,9.138,12.895
969,9.245,13.014
970,9.249,13.004
971,9.394,13.183
972,9.521,13.271
973,9.648,13.428
974,9.711,13.489
975,9.689,13.492
976,9.683,13.440
977,9.726,13.523
978,9.721,13.558
979,9.753,13.571
980,9.770,13.569
981,9.783,13.556
982,9.891,13.674
983,9.972,13.795
984,10.087,13.896
985,10.225,14.047
986,10.367,14.196
987,10.318,14.139
988,10.353,14.149
989,10.419,14.227
990,10.343,14.133
991,10.384,14.270
992,10.395,14.326
993,10.213,14.098
994,10.185,14.055
995,10.248,14.169
996,10.126,14.007
997,10.171,14.108
998,10.100,13.995
999,10.090,13.962
1000,10.177,14.118
1001,10.202,14.132
1002,10.190,14.087
1003,10.209,14.110
1004,10.173,14.066
1005,10.179,14.078
1006,10.181,14.065
1007,10.163,14.029
1008,10.194,14.074
1009,10.177,14.050
1010,10.184,14.062
1011,10.186,14.057
1012,10.217,14.091
1013,10.223,14.103
1014,10.201,14.038
1015,10.234,14.082
1016,10.228,14.066
1017,10.264,14.079
1018,10.255,14.066
1019,10.312,14.149
1020,10.340,14.164
1021,10.372,14.199
1022,10.409,14.264
1023,10.394,14.220
1024,10.398,14.220
1025,10.409,14.239
1026,10.398,14.252
1027,10.320,14.130
1028,10.323,14.142
1029,10.287,14.068
1030,10.286,14.048
1031,10.253,14.020
1032,10.258,14.036
1033,10.237,14.005
1034,10.214,13.968
1035,10.237,14.044
1036,10.227,14.018
1037,10.195,13.983
1038,10.146,13.904
1039,10.170,13.959
1040,10.158,13.931
1041,10.146,13.908
1042,10.140,13.907
1043,10.078,13.845
1044,10.072,13.811
1045,10.090,13.866
1046,10.082,13.834
1047,10.066,13.851
1048,10.060,13.832
1049,10.056,13.821
1050,10.088,13.871
1051,10.045,13.821
1052,10.104,13.914
1053,10.088,13.886
1054,10.066,13.842
1055,10.054,13.829
1056,10.017,13.808
1057,10.010,13.803
1058,9.985,13.788
1059,9.968,13.746
1060,9.987,13.791
1061,9.945,13.764
1062,9.911,13.725
1063,9.896,13.689
1064,9.860,13.676
1065,9.834,13.650
1066,9.790,13.625
1067,9.769,13.566
1068,9.749,13.568
1069,9.675,13.461
1070,9.714,13.558
1071,9.646,13.475
1072,9.609,13.418
1073,9.595,13.399
1074,9.568,13.390
1075,9.563,13.371
1076,9.526,13.332
1077,9.534,13.346
1078,9.512,13.333
1079,9.493,13.289
1080,9.506,13.332
1081,9.521,13.384
1082,9.466,13.291
1083,9.464,13.271
1084,9.436,13.258
1085,9.466,13.333
1086,9.448,13.273
1087,9.451,13.268
1088,9.429,13.240
1089,9.467,13.287
1090,9.485,13.305
1091,9.506,13.307
1092,9.497,13.325
1093,9.448,13.239
1094,9.451,13.271
1095,9.444,13.281
1096,9.418,13.257
1097,9.399,13.232
1098,9.362,13.168
1099,9.387,13.249
1100,9.397,13.268
1101,9.415,13.297
1102,9.364,13.212
1103,9.356,13.228
1104,9.340,13.206
1105,9.333,13.212
1106,9.317,13.205
1107,9.290,13.190
1108,9.305,13.212
1109,9.269,13.179
1110,9.293,13.231
1111,9.245,13.154
1112,9.264,13.163
1113,9.297,13.289
1114,9.261,13.232
1115,9.254,13.225
1116,9.235,13.216
1117,9.240,13.243
1118,9.237,13.228
1119,9.222,13.224
1120,9.244,13.261
1121,9.261,13.296
1122,9.290,13.364
1123,9.339,13.434
1124,9.342,13.426
1125,9.379,13.497
1126,9.424,13.544
1127,9.444,13.577
1128,9.552,13.733
1129,9.609,13.834
1130,9.672,13.917
1131,9.663,13.841
1132,9.644,13.782
1133,9.605,13.745
1134,9.612,13.798
1135,9.618,13.772
1136,9.621,13.780
1137,9.603,13.735
1138,9.609,13.773
1139,9.597,13.737
1140,9.610,13.827
1141,9.556,13.710
1142,9.545,13.732
1143,9.512,13.645
1144,9.517,13.668
1145,9.524,13.639
1146,9.554,13.730
1147,9.564,13.698
1148,9.590,13.725
1149,9.625,13.744
1150,9.683,13.842
1151,9.670,13.821
1152,9.667,13.803
1153,9.646,13.817
1154,9.586,13.710
1155,9.588,13.768
1156,9.533,13.651
1157,9.569,13.684
1158,9.544,13.617
1159,9.570,13.697
1160,9.555,13.647
1161,9.577,13.683
1162,9.609,13.757
1163,9.616,13.724
1164,9.604,13.649
1165,9.642,13.766
1166,9.651,13.796
1167,9.619,13.715
1168,9.594,13.665
1169,9.606,13.697
1170,9.581,13.656
1171,9.599,13.701
1172,9.533,13.574
1173,9.529,13.560
1174,9.534,13.587
1175,9.555,13.659
1176,9.529,13.592
1177,9.538,13.605
1178,9.565,13.672
1179,9.546,13.622
1180,9.550,13.615
1181,9.541,13.620
1182,9.480,13.552
1183,9.455,13.507
1184,9.431,13.516
1185,9.442,13.518
1186,9.371,13.415
1187,9.401,13.500
1188,9.373,13.456
1189,9.345,13.453
1190,9.350,13.482
1191,9.352,13.486
1192,9.356,13.495
1193,9.349,13.536
1194,9.197,13.317
1195,9.229,13.405
1196,9.058,13.158
1197,9.034,13.176
1198,9.058,13.212
1199,9.148,13.354
1200,9.219,13.445
1201,9.282,13.525
1202,9.330,13.623
1203,9.281,13.577
1204,9.247,13.557
1205,9.247,13.552
1206,9.196,13.540
1207,9.100,13.325
1208,9.088,13.321
1209,9.114,13.421
1210,9.017,13.268
1211,8.988,13.260
1212,8.986,13.360
1213,8.896,13.177
1214,8.832,13.059
1215,8.855,13.118
1216,8.877,13.170
1217,8.844,13.094
1218,8.807,13.024
1219,8.812,13.057
1220,8.807,13.074
1221,8.999,13.333
1222,9.071,13.389
1223,9.052,13.380
1224,8.978,13.379
1225,8.903,13.236
1226,8.866,13.203
1227,8.999,13.348
1228,8.977,13.315
1229,9.007,13.335
1230,8.934,13.276
1231,8.856,13.126
1232,8.851,13.123
1233,8.868,13.172
1234,8.867,13.164
1235,8.861,13.158
1236,8.997,13.319
1237,9.011,13.319
1238,9.014,13.352
1239,9.075,13.440
1240,9.073,13.425
1241,9.080,13.431
1242,9.146,13.488
1243,9.131,13.469
1244,9.186,13.588
1245,9.090,13.438
1246,9.126,13.440
1247,9.188,13.535
1248,9.283,13.673
1249,9.427,13.809
1250,9.577,14.006
1251,9.665,14.108
1252,9.773,14.221
1253,9.892,14.380
1254,10.005,14.471
1255,10.182,14.693
1256,10.255,14.773
1257,10.169,14.628
1258,10.208,14.719
1259,10.253,14.783
1260,10.255,14.774
1261,10.292,14.885
1262,10.293,14.858
1263,10.056,14.513
1264,10.095,14.571
1265,10.242,14.735
1266,10.220,14.673
1267,10.273,14.754
1268,10.260,14.708
1269,10.283,14.741
1270,10.289,14.742
1271,10.318,14.781
1272,10.401,14.878
1273,10.388,14.845
1274,10.427,14.907
1275,10.439,14.854
1276,10.472,14.907
1277,10.489,14.934
1278,10.495,14.941
1279,10.540,15.000
1280,10.559,15.018
1281,10.586,15.073
1282,10.561,15.016
1283,10.546,15.016
1284,10.557,15.026
1285,10.519,14.935
1286,10.563,15.034
1287,10.521,14.960
1288,10.477,14.944
1289,10.425,14.831
1290,10.394,14.811
1291,10.365,14.778
1292,10.337,14.741
1293,10.320,14.692
1294,10.299,14.651
1295,10.262,14.596
1296,10.273,14.617
1297,10.235,14.530
1298,10.204,14.525
1299,10.152,14.419
1300,10.050,14.251
1301,10.007,14.190
1302,9.929,14.159
1303,9.847,14.050
1304,9.765,13.931
1305,9.615,13.736
1306,9.512,13.615
1307,9.362,13.406
1308,9.218,13.193
1309,9.065,12.948
1310,9.006,12.907
1311,9.058,12.977
1312,9.081,13.040
1313,9.072,12.997
1314,9.129,13.097
1315,9.080,12.980
1316,9.121,13.051
1317,9.131,13.060
1318,9.147,13.084
1319,9.126,13.024
1320,9.150,13.061
1321,9.188,13.111
1322,9.170,13.032
1323,9.204,13.095
1324,9.218,13.089
1325,9.245,13.151
1326,9.249,13.160
1327,9.240,13.103
1328,9.285,13.192
1329,9.259,13.146
1330,9.258,13.139
1331,9.282,13.187
1332,9.300,13.213
1333,9.285,13.172
1334,9.311,13.240
1335,9.295,13.181
1336,9.301,13.217
1337,9.301,13.157
1338,9.302,13.172
1339,9.304,13.172
1340,9.296,13.190
1341,9.352,13.269
1342,9.291,13.123
1343,9.345,13.224
1344,9.340,13.196
1345,9.351,13.219
1346,9.359,13.240
1347,9.372,13.300
1348,9.350,13.267
1349,9.357,13.273
1350,9.372,13.236
1351,9.393,13.324
1352,9.452,13.386
1353,9.364,13.225
1354,9.381,13.276
1355,9.386,13.244
1356,9.374,13.212
1357,9.382,13.256
1358,9.377,13.242
1359,9.348,13.201
1360,9.333,13.206
1361,9.348,13.184
1362,9.339,13.191
1363,9.339,13.182
1364,9.349,13.186
1365,9.360,13.195
1366,9.371,13.224
1367,9.404,13.230
1368,9.425,13.285
1369,9.418,13.269
1370,9.457,13.309
1371,9.476,13.311
1372,9.492,13.308
1373,9.499,13.346
1374,9.468,13.261
1375,9.496,13.282
1376,9.502,13.274
1377,9.486,13.242
1378,9.510,13.263
1379,9.539,13.304
1380,9.584,13.358
1381,9.568,13.310
1382,9.556,13.302
1383,9.662,13.530
1384,9.620,13.382
1385,9.662,13.449
1386,9.660,13.444
1387,9.634,13.401
1388,9.637,13.381
1389,9.685,13.496
1390,9.640,13.411
1391,9.647,13.428
1392,9.683,13.486
1393,9.661,13.433
1394,9.662,13.431
1395,9.643,13.423
1396,9.644,13.443
1397,9.641,13.440
1398,9.679,13.487
1399,9.645,13.441
1400,9.683,13.506
1401,9.692,13.485
1402,9.729,13.559
1403,9.745,13.541
1404,9.739,13.518
1405,9.761,13.553
1406,9.757,13.543
1407,9.790,13.622
1408,9.787,13.579
1409,9.815,13.595
1410,9.854,13.655
1411,9.900,13.729
1412,9.920,13.740
1413,9.936,13.737
1414,9.959,13.754
1415,9.971,13.783
1416,9.990,13.797
1417,9.998,13.831
1418,9.957,13.742
1419,9.915,13.697
1420,9.904,13.685
1421,9.887,13.632
1422,9.946,13.744
1423,9.936,13.759
1424,9.931,13.705
1425,9.967,13.750
1426,9.954,13.714
1427,9.980,13.783
1428,9.954,13.746
1429,9.967,13.748
1430,9.954,13.743
1431,9.939,13.720
1432,9.959,13.775
1433,9.932,13.696
1434,9.964,13.779
1435,9.933,13.750
1436,9.879,13.674
1437,9.836,13.637
1438,9.812,13.617
1439,9.830,13.657
1440,9.757,13.592
1441,9.740,13.574
1442,9.727,13.572
1443,9.722,13.570
1444,9.674,13.534
1445,9.644,13.473
1446,9.643,13.513
1447,9.580,13.399
1448,9.573,13.403
1449,9.538,13.366
1450,9.491,13.298
1451,9.367,13.116
1452,9.445,13.274
1453,9.451,13.285
1454,9.408,13.248
1455,9.456,13.315
1456,9.438,13.295
1457,9.428,13.300
1458,9.303,13.098
1459,9.335,13.174
1460,9.399,13.323
1461,9.357,13.218
1462,9.362,13.273
1463,9.339,13.250
1464,9.331,13.275
1465,9.354,13.276
1466,9.301,13.193
1467,9.282,13.171
1468,9.321,13.240
1469,9.319,13.243
1470,9.321,13.254
1471,9.320,13.218
1472,9.333,13.262
1473,9.348,13.275
1474,9.363,13.287
1475,9.371,13.264
1476,9.379,13.297
1477,9.386,13.320
1478,9.379,13.251
1479,9.400,13.313
1480,9.393,13.313
1481,9.398,13.326
1482,9.332,13.258
1483,9.343,13.269
1484,9.385,13.326
1485,9.407,13.349
1486,9.407,13.369
1487,9.443,13.378
1488,9.471,13.425
1489,9.456,13.359
1490,9.496,13.425
1491,9.442,13.349
1492,9.506,13.448
1493,9.524,13.447
1494,9.545,13.476
1495,9.550,13.461
1496,9.558,13.471
1497,9.525,13.420
1498,9.565,13.504
1499,9.562,13.486
1500,9.580,13.516
1501,9.580,13.507
1502,9.604,13.523
1503,9.525,13.460
1504,9.496,13.395
1505,9.493,13.416
1506,9.512,13.411
1507,9.579,13.526
1508,9.568,13.501
1509,9.512,13.438
1510,9.473,13.412
1511,9.466,13.426
1512,9.427,13.339
1513,9.405,13.299
1514,9.401,13.322
1515,9.517,13.458
1516,9.527,13.492
1517,9.497,13.413
1518,9.475,13.378
1519,9.520,13.454
1520,9.507,13.428
1521,9.506,13.417
1522,9.506,13.439
1523,9.510,13.429
1524,9.510,13.431
1525,9.561,13.462
1526,9.617,13.570
1527,9.640,13.596
1528,9.608,13.502
1529,9.665,13.578
1530,9.714,13.650
1531,9.771,13.711
1532,9.811,13.777
1533,9.833,13.765
1534,9.838,13.770
1535,9.867,13.755
1536,9.930,13.835
1537,9.958,13.885
1538,9.984,13.890
1539,9.998,13.914
1540,9.953,13.841
1541,9.963,13.854
1542,9.977,13.905
1543,9.953,13.849
1544,9.965,13.891
1545,9.940,13.856
1546,9.928,13.846
1547,9.922,13.846
1548,9.916,13.848
1549,9.910,13.829
1550,9.879,13.782
1551,9.880,13.784
1552,9.899,13.848
1553,9.876,13.842
1554,9.886,13.834
1555,9.870,13.779
1556,9.851,13.760
1557,9.840,13.763
1558,9.819,13.712
1559,9.809,13.731
1560,9.779,13.680
1561,9.799,13.726
1562,9.765,13.709
1563,9.743,13.674
1564,9.726,13.662
1565,9.712,13.656
1566,9.716,13.661
1567,9.748,13.751
1568,9.727,13.687
1569,9.730,13.688
1570,9.735,13.692
1571,9.689,13.651
1572,9.739,13.715
1573,9.684,13.636
1574,9.688,13.674
1575,9.642,13.619
1576,9.625,13.582
1577,9.625,13.596
1578,9.586,13.558
1579,9.559,13.525
1580,9.598,13.580
1581,9.546,13.475
1582,9.537,13.485
1583,9.535,13.492
1584,9.521,13.455
1585,9.538,13.524
1586,9.506,13.478
1587,9.489,13.444
1588,9.499,13.460
1589,9.467,13.444
1590,9.479,13.432
1591,9.464,13.433
1592,9.441,13.396
1593,9.453,13.446
1594,9.429,13.380
1595,9.444,13.422
1596,9.416,13.386
1597,9.425,13.428
1598,9.420,13.405
1599,9.421,13.397
1600,9.427,13.408
1601,9.436,13.424
1602,9.445,13.392
1603,9.429,13.370
1604,9.448,13.404
1605,9.476,13.434
1606,9.501,13.479
1607,9.498,13.447
1608,9.502,13.453
1609,9.513,13.492
1610,9.515,13.515
1611,9.496,13.471
1612,9.513,13.471
1613,9.557,13.571
1614,9.546,13.524
1615,9.542,13.505
1616,9.573,13.561
1617,9.561,13.545
1618,9.569,13.545
1619,9.569,13.548
1620,9.591,13.567
1621,9.590,13.590
1622,9.585,13.610
1623,9.578,13.562
1624,9.588,13.567
1625,9.593,13.588
1626,9.566,13.554
1627,9.588,13.578
1628,9.628,13.635
1629,9.580,13.541
1630,9.606,13.617
1631,9.584,13.588
1632,9.578,13.583
1633,9.562,13.573
1634,9.569,13.557
1635,9.575,13.570
1636,9.554,13.540
1637,9.540,13.559
1638,9.570,13.581
1639,9.514,13.493
1640,9.534,13.519
1641,9.517,13.511
1642,9.498,13.528
1643,9.487,13.506
1644,9.476,13.487
1645,9.468,13.478
1646,9.483,13.521
1647,9.546,13.574
1648,9.575,13.626
1649,9.554,13.587
1650,9.520,13.536
1651,9.505,13.519
1652,9.491,13.490
1653,9.488,13.490
1654,9.482,13.488
1655,9.492,13.506
1656,9.452,13.443
1657,9.448,13.448
1658,9.427,13.421
1659,9.500,13.488
1660,9.515,13.521
1661,9.494,13.494
1662,9.440,13.411
1663,9.434,13.429
1664,9.398,13.381
1665,9.417,13.394
1666,9.376,13.342
1667,9.371,13.354
1668,9.444,13.439
1669,9.431,13.432
1670,9.448,13.450
1671,9.417,13.444
1672,9.402,13.387
1673,9.402,13.400
1674,9.407,13.439
1675,9.389,13.407
1676,9.337,13.341
1677,9.319,13.323
1678,9.325,13.380
1679,9.307,13.338
1680,9.373,13.418
1681,9.419,13.488
1682,9.469,13.526
1683,9.467,13.528
1684,9.482,13.505
1685,9.480,13.513
1686,9.527,13.586
1687,9.579,13.640
1688,9.640,13.725
1689,9.639,13.647
1690,9.680,13.730
1691,9.769,13.855
1692,9.792,13.841
1693,9.827,13.905
1694,9.850,13.933
1695,9.803,13.877
1696,9.819,13.904
1697,9.809,13.872
1698,9.780,13.827
1699,9.748,13.783
1700,9.758,13.803
1701,9.734,13.766
1702,9.696,13.725
1703,9.730,13.742
1704,9.684,13.721
1705,9.665,13.677
1706,9.607,13.594
1707,9.576,13.518
1708,9.589,13.587
1709,9.597,13.573
1710,9.555,13.509
1711,9.552,13.508
1712,9.566,13.536
1713,9.555,13.505
1714,9.528,13.436
1715,9.543,13.471
1716,9.546,13.488
1717,9.571,13.518
1718,9.533,13.462
1719,9.553,13.488
1720,9.516,13.435
1721,9.534,13.468
1722,9.540,13.486
1723,9.504,13.417
1724,9.525,13.433
1725,9.554,13.459
1726,9.548,13.465
1727,9.567,13.461
1728,9.542,13.422
1729,9.570,13.458
1730,9.549,13.430
1731,9.560,13.451
1732,9.560,13.441
1733,9.540,13.408
1734,9.558,13.419
1735,9.566,13.436
1736,9.552,13.408
1737,9.580,13.432
1738,9.572,13.431
1739,9.584,13.429
1740,9.608,13.502
1741,9.601,13.454
1742,9.624,13.514
1743,9.590,13.432
1744,9.624,13.478
1745,9.589,13.412
1746,9.609,13.430
1747,9.620,13.475
1748,9.601,13.428
1749,9.627,13.494
1750,9.609,13.446
1751,9.616,13.444
1752,9.629,13.457
1753,9.632,13.479
1754,9.612,13.446
1755,9.631,13.521
1756,9.598,13.418
1757,9.599,13.433
1758,9.639,13.533
1759,9.623,13.487
1760,9.635,13.477
1761,9.577,13.399
1762,9.601,13.436
1763,9.599,13.414
1764,9.577,13.389
1765,9.568,13.368
1766,9.571,13.368
1767,9.541,13.310
1768,9.553,13.300
1769,9.558,13.304
1770,9.578,13.302
1771,9.568,13.276
1772,9.594,13.320
1773,9.611,13.328
1774,9.606,13.327
1775,9.655,13.414
1776,9.650,13.401
1777,9.650,13.372
1778,9.689,13.423
1779,9.682,13.378
1780,9.711,13.438
1781,9.688,13.369
1782,9.741,13.438
1783,9.779,13.515
1784,9.764,13.448
1785,9.789,13.490
1786,9.793,13.456
1787,9.756,13.399
1788,9.758,13.390
1789,9.767,13.412
1790,9.840,13.493
1791,9.800,13.447
1792,9.791,13.451
1793,9.812,13.462
1794,9.841,13.524
1795,9.826,13.506
1796,9.855,13.504
1797,9.832,13.474
1798,9.839,13.473
1799,9.867,13.506
1800,9.885,13.515
1801,9.851,13.477
1802,9.856,13.550
1803,9.850,13.507
1804,9.848,13.512
1805,9.844,13.551
1806,9.818,13.504
1807,9.782,13.486
1808,9.730,13.405
1809,9.729,13.412
1810,9.662,13.345
1811,9.635,13.306
1812,9.548,13.234
1813,9.535,13.254
1814,9.499,13.213
1815,9.473,13.188
1816,9.411,13.138
1817,9.414,13.160
1818,9.424,13.188
1819,9.415,13.182
1820,9.415,13.188
1821,9.420,13.150
1822,9.354,13.097
1823,9.357,13.114
1824,9.374,13.153
1825,9.351,13.116
1826,9.342,13.091
1827,9.339,13.071
1828,9.295,13.074
1829,9.308,13.087
1830,9.270,13.006
1831,9.309,13.056
1832,9.321,13.062
1833,9.305,13.037
1834,9.299,13.065
1835,9.322,13.074
1836,9.332,13.083
1837,9.346,13.093
1838,9.364,13.124
1839,9.331,13.087
1840,9.334,13.100
1841,9.335,13.094
1842,9.380,13.167
1843,9.356,13.155
1844,9.329,13.099
1845,9.316,13.086
1846,9.291,13.082
1847,9.328,13.145
1848,9.260,13.057
1849,9.246,13.030
1850,9.247,13.013
1851,9.272,13.022
1852,9.290,13.034
1853,9.286,13.014
1854,9.258,12.962
1855,9.245,12.973
1856,9.289,13.096
1857,9.262,13.000
1858,9.262,13.004
1859,9.268,12.989
1860,9.206,12.967
1861,9.168,12.939
1862,9.102,12.868
1863,9.114,12.869
1864,9.135,12.904
1865,9.127,12.909
1866,9.100,12.850
1867,9.137,12.880
1868,9.119,12.886
1869,9.166,12.931
1870,9.262,13.033
1871,9.332,13.124
1872,9.319,13.070
1873,9.419,13.209
1874,9.467,13.184
1875,9.517,13.269
1876,9.617,13.377
1877,9.699,13.455
1878,9.764,13.606
1879,9.754,13.546
1880,9.806,13.640
1881,9.779,13.588
1882,9.671,13.451
1883,9.747,13.565
1884,9.846,13.620
1885,9.983,13.779
1886,10.124,13.948
1887,10.034,13.802
1888,10.141,13.958
1889,10.266,14.084
1890,10.222,14.004
1891,10.211,13.980
1892,10.105,13.798
1893,9.994,13.660
1894,9.981,13.645
1895,9.986,13.677
1896,9.937,13.615
1897,9.946,13.632
1898,9.923,13.607
1899,9.910,13.569
1900,9.929,13.649
1901,9.948,13.704
1902,9.893,13.579
1903,9.913,13.674
1904,9.933,13.712
1905,9.895,13.617
1906,9.889,13.614
1907,9.945,13.740
1908,9.975,13.790
1909,9.972,13.772
1910,9.946,13.717
1911,9.969,13.797
1912,9.972,13.778
1913,9.967,13.797
1914,10.003,13.828
1915,9.992,13.821
1916,9.985,13.792
1917,10.002,13.829
1918,9.977,13.802
1919,9.969,13.807
1920,9.962,13.809
1921,9.975,13.818
1922,9.998,13.863
1923,9.977,13.842
1924,9.908,13.728
1925,9.918,13.735
1926,9.946,13.811
1927,9.985,13.854
1928,9.944,13.788
1929,9.946,13.803
1930,9.970,13.854
1931,9.928,13.752
1932,9.927,13.756
1933,9.976,13.830
1934,10.012,13.897
1935,9.955,13.785
1936,9.962,13.824
1937,9.959,13.828
1938,9.933,13.773
1939,9.938,13.814
1940,9.901,13.726
1941,9.907,13.755
1942,9.901,13.739
1943,9.857,13.699
1944,9.838,13.652
1945,9.837,13.679
1946,9.834,13.711
1947,9.773,13.584
1948,9.776,13.626
1949,9.761,13.601
1950,9.754,13.634
1951,9.726,13.606
1952,9.704,13.615
1953,9.665,13.561
1954,9.624,13.525
1955,9.595,13.489
1956,9.750,13.679
1957,9.738,13.648
1958,9.759,13.695
1959,9.688,13.584
1960,9.683,13.579
1961,9.669,13.574
1962,9.675,13.600
1963,9.665,13.560
1964,9.680,13.605
1965,9.655,13.561
1966,9.682,13.597
1967,9.685,13.623
1968,9.642,13.549
1969,9.620,13.512
1970,9.663,13.586
1971,9.631,13.522
1972,9.692,13.632
1973,9.692,13.614
1974,9.731,13.652
1975,9.726,13.672
1976,9.705,13.668
1977,9.651,13.572
1978,9.598,13.495
1979,9.641,13.580
1980,9.624,13.569
1981,9.595,13.533
1982,9.626,13.569
1983,9.599,13.542
1984,9.582,13.522
1985,9.569,13.510
1986,9.556,13.496
1987,9.544,13.512
