0,21.681,23.621
1,21.647,23.579
2,21.672,23.605
3,21.634,23.554
4,21.663,23.588
5,21.682,23.637
6,21.545,23.403
7,21.591,23.477
8,21.694,23.643
9,21.699,23.634
10,21.672,23.600
11,21.673,23.615
12,21.579,23.460
13,21.603,23.492
14,21.602,23.496
15,21.581,23.452
16,21.619,23.522
17,21.610,23.496
18,21.645,23.535
19,21.607,23.505
20,21.643,23.528
21,21.656,23.562
22,21.710,23.638
23,21.696,23.600
24,21.838,23.849
25,21.835,23.823
26,21.863,23.854
27,21.887,23.875
28,21.877,23.852
29,21.872,23.863
30,21.852,23.851
31,21.831,23.820
32,21.824,23.818
33,21.821,23.801
34,21.845,23.840
35,21.870,23.885
36,21.731,23.648
37,21.860,23.859
38,21.852,23.846
39,21.856,23.834
40,21.837,23.822
41,21.877,23.866
42,21.860,23.839
43,21.858,23.829
44,21.860,23.845
45,21.850,23.824
46,21.860,23.853
47,21.938,23.973
48,21.807,23.754
49,21.810,23.757
50,21.913,23.901
51,21.928,23.928
52,21.956,23.968
53,21.964,23.964
54,21.960,23.966
55,21.981,23.997
56,21.946,23.933
57,21.982,23.974
58,22.014,24.048
59,22.043,24.094
60,21.998,24.044
61,22.032,24.077
62,21.960,23.949
63,22.030,24.095
64,22.075,24.157
65,22.080,24.148
66,22.108,24.188
67,22.095,24.190
68,22.087,24.176
69,22.103,24.189
70,22.094,24.198
71,22.092,24.197
72,22.075,24.174
73,22.066,24.161
74,22.081,24.182
75,22.076,24.184
76,22.087,24.196
77,22.125,24.249
78,22.083,24.184
79,22.120,24.229
80,22.170,24.308
81,22.168,24.302
82,22.175,24.306
83,22.167,24.287
84,22.167,24.281
85,22.212,24.369
86,22.170,24.317
87,22.177,24.315
88,22.223,24.382
89,22.250,24.435
90,22.145,24.278
91,22.116,24.241
92,22.116,24.254
93,21.998,24.057
94,22.008,24.084
95,22.115,24.255
96,22.117,24.258
97,22.113,24.248
98,22.103,24.227
99,22.096,24.228
100,22.168,24.337
101,22.089,24.204
102,22.101,24.233
103,22.147,24.301
104,22.256,24.460
105,22.089,24.221
106,22.094,24.233
107,22.051,24.186
108,22.075,24.217
109,22.045,24.162
110,22.031,24.142
111,21.945,24.014
112,22.118,24.329
113,22.110,24.276
114,22.170,24.387
115,22.085,24.203
116,22.122,24.277
117,22.090,24.205
118,22.219,24.419
119,22.046,24.141
120,22.080,24.208
121,22.043,24.164
122,22.023,24.155
123,22.027,24.151
124,22.017,24.106
125,22.009,24.160
126,21.975,24.104
127,22.033,24.182
128,21.975,24.082
129,22.087,24.256
130,22.070,24.210
131,22.055,24.158
132,22.071,24.159
133,22.099,24.194
134,22.093,24.175
135,22.211,24.353
136,22.114,24.184
137,22.181,24.285
138,22.149,24.271
139,22.160,24.276
140,22.058,24.123
141,22.067,24.160
142,22.086,24.221
143,21.986,24.082
144,22.040,24.179
145,21.877,23.911
146,21.906,23.951
147,21.882,23.925
148,21.865,23.886
149,21.845,23.889
150,21.858,23.902
151,21.833,23.851
152,21.878,23.895
153,21.854,23.887
154,21.850,23.858
155,21.859,23.892
156,21.844,23.858
157,21.859,23.878
158,21.896,23.954
159,21.876,23.918
160,21.822,23.853
161,21.808,23.828
162,21.789,23.798
163,21.757,23.759
164,21.744,23.743
165,21.713,23.715
166,21.725,23.719
167,21.704,23.707
168,21.691,23.668
169,21.714,23.704
170,21.692,23.680
171,21.709,23.712
172,21.644,23.627
173,21.652,23.617
174,21.631,23.585
175,21.612,23.566
176,21.656,23.629
177,21.672,23.668
178,21.585,23.501
179,21.579,23.538
180,21.558,23.488
181,21.552,23.473
182,21.526,23.457
183,21.522,23.447
184,21.519,23.457
185,21.557,23.516
186,21.495,23.416
187,21.497,23.412
188,21.484,23.404
189,21.446,23.335
190,21.469,23.393
191,21.431,23.328
192,21.452,23.355
193,21.393,23.277
194,21.426,23.316
195,21.434,23.318
196,21.428,23.317
197,21.412,23.282
198,21.462,23.331
199,21.465,23.323
200,21.415,23.289
201,21.404,23.275
202,21.407,23.275
203,21.387,23.252
204,21.380,23.233
205,21.434,23.322
206,21.429,23.298
207,21.406,23.293
208,21.475,23.377
209,21.433,23.320
210,21.487,23.408
211,21.444,23.337
212,21.465,23.378
213,21.436,23.347
214,21.435,23.356
215,21.396,23.306
216,21.405,23.303
217,21.414,23.322
218,21.378,23.277
219,21.390,23.313
220,21.458,23.397
221,21.477,23.434
222,21.472,23.410
223,21.517,23.495
224,21.511,23.492
225,21.495,23.438
226,21.483,23.449
227,21.495,23.450
228,21.513,23.477
229,21.522,23.491
230,21.523,23.484
231,21.541,23.499
232,21.459,23.407
233,21.494,23.448
234,21.512,23.465
235,21.583,23.574
236,21.550,23.534
237,21.588,23.577
238,21.564,23.548
239,21.580,23.575
240,21.610,23.625
241,21.630,23.630
242,21.648,23.648
243,21.667,23.679
244,21.699,23.719
245,21.791,23.838
246,21.765,23.812
247,21.786,23.842
248,21.777,23.828
249,21.821,23.895
250,21.870,23.929
251,21.856,23.934
252,21.834,23.897
253,21.842,23.898
254,21.839,23.889
255,21.863,23.911
256,21.859,23.882
257,21.837,23.872
258,21.863,23.910
259,21.887,23.931
260,21.841,23.896
261,21.891,23.932
262,21.866,23.926
263,21.868,23.923
264,21.861,23.917
265,21.843,23.874
266,21.846,23.880
267,21.845,23.887
268,21.846,23.896
269,21.906,23.966
270,21.825,23.855
271,21.855,23.923
272,21.850,23.884
273,21.885,23.968
274,21.832,23.895
275,21.774,23.800
276,21.800,23.816
277,21.803,23.838
278,21.792,23.837
279,21.902,24.037
280,21.831,23.920
281,21.843,23.933
282,21.830,23.921
283,21.855,23.974
284,21.840,23.933
285,21.828,23.891
286,21.869,23.983
287,21.847,23.931
288,21.834,23.891
289,21.920,24.005
290,21.935,24.028
291,21.923,24.018
292,21.947,24.032
293,21.925,24.014
294,21.949,24.071
295,21.917,23.997
296,21.889,23.958
297,21.983,24.115
298,21.881,23.946
299,21.918,24.018
300,21.930,24.016
301,21.940,24.042
302,21.973,24.078
303,21.976,24.081
304,22.074,24.252
305,22.017,24.131
306,21.978,24.080
307,21.954,24.035
308,21.979,24.063
309,21.977,24.072
310,22.010,24.115
311,22.009,24.101
312,21.974,24.051
313,21.979,24.065
314,21.920,23.975
315,21.921,23.970
316,21.920,23.981
317,21.905,23.991
318,21.941,24.025
319,21.911,23.998
320,21.838,23.894
321,21.890,23.969
322,21.880,23.976
323,21.823,23.878
324,21.871,23.976
325,21.881,23.992
326,21.853,23.961
327,21.699,23.674
328,21.862,23.987
329,21.964,24.112
330,21.713,23.699
331,21.944,24.084
332,21.984,24.148
333,21.971,24.132
334,21.935,24.071
335,22.004,24.184
336,22.028,24.220
337,22.038,24.238
338,22.059,24.275
339,22.057,24.278
340,22.039,24.238
341,22.055,24.256
342,22.024,24.216
343,22.044,24.244
344,22.019,24.202
345,22.037,24.236
346,22.017,24.209
347,22.013,24.179
348,22.017,24.197
349,22.049,24.271
350,22.018,24.206
351,22.051,24.263
352,22.030,24.236
353,22.022,24.224
354,21.839,23.930
355,21.995,24.164
356,22.003,24.196
357,21.969,24.164
358,21.940,24.096
359,21.948,24.121
360,21.972,24.175
361,21.969,24.158
362,21.954,24.143
363,21.980,24.170
364,21.995,24.194
365,21.964,24.137
366,21.979,24.186
367,21.902,24.070
368,22.016,24.263
369,22.011,24.256
370,21.964,24.178
371,22.012,24.249
372,22.076,24.339
373,22.107,24.363
374,22.009,24.237
375,21.991,24.232
376,22.073,24.380
377,21.881,24.060
378,21.927,24.139
379,21.969,24.202
380,21.961,24.159
381,21.924,24.133
382,21.918,24.118
383,21.880,24.041
384,21.893,24.090
385,21.878,24.075
386,21.852,24.062
387,21.824,24.018
388,21.819,24.023
389,21.820,24.049
390,21.896,24.143
391,21.889,24.134
392,21.867,24.105
393,21.878,24.123
394,21.878,24.105
395,21.847,24.075
396,21.875,24.087
397,21.907,24.141
398,21.907,24.143
399,21.897,24.137
400,21.941,24.201
401,21.925,24.179
402,22.112,24.530
403,22.012,24.354
404,21.977,24.291
405,21.966,24.296
406,22.055,24.439
407,21.979,24.293
408,22.047,24.416
409,22.034,24.398
410,22.030,24.382
411,21.987,24.321
412,21.988,24.322
413,21.990,24.323
414,22.019,24.390
415,21.990,24.323
416,21.983,24.304
417,21.947,24.258
418,21.968,24.283
419,21.972,24.307
420,21.990,24.322
421,21.942,24.231
422,21.979,24.280
423,21.929,24.245
424,22.123,24.545
425,21.977,24.337
426,21.963,24.266
427,21.953,24.270
428,22.034,24.391
429,21.989,24.332
430,22.033,24.374
431,21.999,24.321
432,22.006,24.372
433,21.993,24.327
434,21.994,24.330
435,22.052,24.426
436,22.044,24.406
437,22.029,24.369
438,22.063,24.410
439,22.072,24.417
440,22.044,24.377
441,22.066,24.390
442,22.100,24.454
443,22.054,24.361
444,22.065,24.360
445,22.103,24.439
446,22.096,24.419
447,22.116,24.453
448,22.079,24.403
449,22.082,24.365
450,22.073,24.372
451,22.059,24.329
452,22.058,24.326
453,22.016,24.253
454,22.014,24.228
455,22.000,24.235
456,21.999,24.213
457,22.015,24.257
458,22.003,24.230
459,21.993,24.229
460,22.006,24.208
461,22.024,24.233
462,22.008,24.211
463,22.046,24.271
464,22.047,24.272
465,22.040,24.260
466,22.045,24.278
467,22.044,24.263
468,21.992,24.177
469,22.034,24.257
470,22.002,24.206
471,22.029,24.257
472,22.022,24.245
473,22.038,24.270
474,22.026,24.257
475,22.010,24.261
476,22.003,24.218
477,21.996,24.199
478,22.006,24.225
479,21.980,24.213
480,21.970,24.216
481,21.948,24.174
482,21.975,24.221
483,21.927,24.128
484,21.923,24.120
485,21.892,24.078
486,21.845,24.002
487,21.840,24.013
488,21.831,23.990
489,21.854,24.026
490,21.830,24.010
491,21.832,24.003
492,21.817,23.991
493,21.808,23.964
494,21.789,23.960
495,21.795,23.962
496,21.813,23.981
497,21.803,23.981
498,21.789,23.935
499,21.827,23.987
500,21.860,24.026
501,21.875,24.058
502,21.885,24.068
503,21.895,24.103
504,21.938,24.110
505,21.968,24.157
506,21.961,24.144
507,21.968,24.163
508,21.986,24.192
509,21.992,24.220
510,22.047,24.295
511,22.075,24.316
512,22.125,24.373
513,22.161,24.431
514,22.098,24.336
515,22.135,24.393
516,22.159,24.421
517,22.157,24.427
518,22.153,24.418
519,22.163,24.462
520,22.141,24.414
521,22.132,24.396
522,22.132,24.391
523,22.128,24.409
524,22.141,24.432
525,22.114,24.385
526,22.091,24.374
527,22.112,24.389
528,22.106,24.386
529,22.088,24.370
530,22.103,24.399
531,22.092,24.392
532,22.093,24.380
533,22.072,24.357
534,22.054,24.328
535,22.022,24.263
536,22.055,24.326
537,22.028,24.298
538,22.031,24.280
539,22.024,24.271
540,22.022,24.257
541,22.014,24.257
542,22.008,24.251
543,21.989,24.225
544,21.987,24.199
545,21.970,24.181
546,21.933,24.111
547,21.913,24.069
548,21.933,24.105
549,21.917,24.066
550,21.921,24.081
551,21.863,23.996
552,21.879,24.021
553,21.864,24.004
554,21.843,23.971
555,21.836,23.939
556,21.832,23.959
557,21.864,23.973
558,21.898,24.026
559,21.885,24.020
560,21.870,24.007
561,21.842,23.970
562,21.863,24.004
563,21.865,24.017
564,21.901,24.086
565,21.863,24.012
566,21.878,24.076
567,21.893,24.076
568,21.888,24.078
569,21.918,24.107
570,21.923,24.117
571,21.951,24.166
572,21.903,24.101
573,21.938,24.147
574,21.950,24.162
575,21.949,24.161
576,21.957,24.158
577,21.946,24.149
578,21.954,24.142
579,21.975,24.178
580,22.036,24.300
581,22.006,24.245
582,22.001,24.212
583,22.000,24.214
584,22.006,24.229
585,22.083,24.351
586,22.022,24.270
587,22.060,24.338
588,22.116,24.414
589,22.107,24.440
590,22.126,24.436
591,22.104,24.419
592,22.141,24.456
593,22.188,24.547
594,22.177,24.523
595,22.201,24.548
596,22.226,24.608
597,22.140,24.484
598,22.160,24.523
599,22.223,24.601
600,22.204,24.591
601,22.230,24.613
602,22.211,24.587
603,22.199,24.562
604,22.197,24.583
605,22.201,24.544
606,22.180,24.540
607,22.188,24.554
608,22.194,24.556
609,22.188,24.544
610,22.192,24.584
611,22.168,24.569
612,22.168,24.543
613,22.148,24.539
614,22.166,24.561
615,22.161,24.570
616,22.200,24.636
617,22.192,24.631
618,22.165,24.585
619,22.176,24.619
620,22.165,24.597
621,22.190,24.635
622,22.206,24.672
623,22.254,24.750
624,22.218,24.671
625,22.205,24.671
626,22.166,24.620
627,22.171,24.632
628,22.168,24.654
629,22.191,24.690
630,22.153,24.616
631,22.139,24.584
632,22.175,24.646
633,22.189,24.687
634,22.163,24.609
635,22.143,24.599
636,22.151,24.592
637,22.187,24.649
638,22.135,24.535
639,22.157,24.592
640,22.138,24.551
641,22.144,24.570
642,22.116,24.517
643,22.118,24.528
644,22.137,24.549
645,22.130,24.548
646,22.101,24.500
647,22.109,24.505
648,22.119,24.539
649,22.078,24.469
650,22.101,24.529
651,22.066,24.511
652,22.023,24.428
653,22.052,24.458
654,22.001,24.423
655,21.963,24.372
656,22.007,24.472
657,21.950,24.368
658,21.878,24.253
659,21.894,24.278
660,21.992,24.467
661,21.952,24.397
662,21.939,24.367
663,21.899,24.278
664,21.907,24.310
665,21.897,24.293
666,21.881,24.271
667,21.870,24.245
668,21.880,24.264
669,21.908,24.289
670,21.922,24.319
671,21.843,24.201
672,21.864,24.247
673,21.839,24.177
674,21.895,24.265
675,21.877,24.231
676,21.980,24.422
677,21.891,24.239
678,21.865,24.208
679,21.868,24.206
680,21.861,24.187
681,21.858,24.154
682,21.870,24.217
683,21.971,24.342
684,22.099,24.598
685,22.053,24.481
686,21.942,24.272
687,21.898,24.184
688,21.900,24.201
689,21.905,24.211
690,21.854,24.146
691,21.825,24.076
692,21.863,24.163
693,21.811,24.069
694,21.846,24.153
695,21.851,24.166
696,21.798,24.051
697,21.792,24.052
698,21.802,24.067
699,21.717,23.930
700,21.724,23.931
701,21.707,23.924
702,21.731,23.988
703,21.706,23.931
704,21.686,23.898
705,21.681,23.891
706,21.681,23.886
707,21.693,23.908
708,21.641,23.805
709,21.686,23.881
710,21.705,23.945
711,21.685,23.911
712,21.675,23.865
713,21.666,23.874
714,21.633,23.803
715,21.640,23.830
716,21.626,23.799
717,21.632,23.789
718,21.617,23.768
719,21.660,23.855
720,21.686,23.875
721,21.706,23.891
722,21.683,23.848
723,21.682,23.853
724,21.689,23.864
725,21.695,23.838
726,21.715,23.867
727,21.702,23.850
728,21.699,23.847
729,21.745,23.900
730,21.787,23.980
731,21.771,23.947
732,21.807,24.017
733,21.791,23.981
734,21.797,23.995
735,21.829,24.051
736,21.865,24.108
737,21.852,24.081
738,21.861,24.130
739,21.840,24.070
740,21.819,24.044
741,21.789,23.987
742,21.848,24.074
743,21.846,24.078
744,21.836,24.073
745,21.844,24.076
746,21.844,24.071
747,21.835,24.073
748,21.831,24.048
749,21.800,23.998
750,21.826,24.054
751,21.808,24.025
752,21.792,24.015
753,21.760,23.957
754,21.768,23.957
755,21.808,24.049
756,21.825,24.049
757,21.833,24.063
758,21.774,23.992
759,21.771,23.969
760,21.762,23.946
761,21.777,23.964
762,21.725,23.903
763,21.749,23.935
764,21.706,23.862
765,21.680,23.815
766,21.715,23.866
767,21.700,23.845
768,21.725,23.877
769,21.712,23.869
770,21.781,23.979
771,21.711,23.865
772,21.758,23.911
773,21.705,23.841
774,21.731,23.889
775,21.676,23.824
776,21.726,23.892
777,21.730,23.909
778,21.721,23.877
779,21.772,23.945
780,21.720,23.866
781,21.724,23.891
782,21.747,23.898
783,21.761,23.920
784,21.765,23.921
785,21.795,23.957
786,21.832,24.006
787,21.853,24.025
788,21.868,24.032
789,21.816,23.971
790,21.824,23.978
791,21.802,23.910
792,21.791,23.937
793,21.782,23.902
794,21.757,23.848
795,21.741,23.835
796,21.721,23.816
797,21.734,23.833
798,21.679,23.747
799,21.704,23.776
800,21.691,23.749
801,21.655,23.698
802,21.696,23.765
803,21.710,23.803
804,21.713,23.815
805,21.678,23.756
806,21.661,23.742
807,21.739,23.880
808,21.672,23.744
809,21.620,23.679
810,21.547,23.570
811,21.619,23.697
812,21.572,23.602
813,21.576,23.633
814,21.631,23.707
815,21.620,23.678
816,21.598,23.637
817,21.636,23.690
818,21.631,23.679
819,21.655,23.713
820,21.647,23.705
821,21.610,23.643
822,21.648,23.719
823,21.611,23.649
824,21.581,23.622
825,21.568,23.581
826,21.592,23.623
827,21.613,23.643
828,21.582,23.607
829,21.612,23.653
830,21.615,23.635
831,21.643,23.693
832,21.623,23.660
833,21.684,23.730
834,21.758,23.827
835,21.776,23.865
836,21.781,23.832
837,21.762,23.826
838,21.749,23.820
839,21.732,23.740
840,21.725,23.765
841,21.734,23.760
842,21.704,23.730
843,21.741,23.793
844,21.667,23.667
845,21.690,23.728
846,21.650,23.669
847,21.664,23.683
848,21.641,23.640
849,21.619,23.615
850,21.632,23.637
851,21.678,23.698
852,21.678,23.667
853,21.682,23.679
854,21.631,23.601
855,21.621,23.591
856,21.596,23.562
857,21.627,23.608
858,21.607,23.562
859,21.639,23.615
860,21.748,23.784
861,21.675,23.659
862,21.676,23.650
863,21.689,23.684
864,21.706,23.704
865,21.754,23.788
866,21.725,23.736
867,21.733,23.742
868,21.776,23.787
869,21.789,23.798
870,21.855,23.901
871,21.820,23.819
872,21.861,23.920
873,21.893,23.941
874,21.865,23.909
875,21.857,23.889
876,21.807,23.835
877,21.812,23.836
878,21.790,23.795
879,21.796,23.808
880,21.727,23.728
881,21.699,23.655
882,21.697,23.682
883,21.676,23.650
884,21.690,23.670
885,21.723,23.731
886,21.661,23.632
887,21.610,23.553
888,21.614,23.563
889,21.579,23.527
890,21.605,23.553
891,21.537,23.463
892,21.562,23.526
893,21.519,23.447
894,21.533,23.451
895,21.488,23.404
896,21.440,23.349
897,21.422,23.308
898,21.404,23.276
899,21.432,23.325
900,21.400,23.259
901,21.391,23.266
902,21.387,23.246
903,21.366,23.232
904,21.372,23.258
905,21.397,23.273
906,21.369,23.237
907,21.431,23.331
908,21.389,23.253
909,21.445,23.342
910,21.414,23.289
911,21.438,23.342
912,21.462,23.364
913,21.483,23.391
914,21.450,23.333
915,21.458,23.354
916,21.461,23.357
917,21.406,23.297
918,21.440,23.352
919,21.338,23.217
920,21.338,23.241
921,21.370,23.298
922,21.374,23.297
923,21.385,23.295
924,21.389,23.323
925,21.379,23.303
926,21.435,23.361
927,21.352,23.254
928,21.381,23.310
929,21.365,23.301
930,21.403,23.316
931,21.360,23.251
932,21.368,23.256
933,21.384,23.285
934,21.383,23.287
935,21.370,23.263
936,21.349,23.244
937,21.353,23.216
938,21.363,23.256
939,21.355,23.225
940,21.329,23.204
941,21.369,23.252
942,21.330,23.181
943,21.322,23.191
944,21.282,23.125
945,21.260,23.104
946,21.201,23.039
947,21.201,23.049
948,21.194,23.027
949,21.206,23.047
950,21.137,22.963
951,21.244,23.094
952,21.195,23.018
953,21.189,23.030
954,21.116,22.916
955,21.146,22.953
956,21.099,22.889
957,21.099,22.904
958,21.070,22.861
959,21.050,22.850
960,21.060,22.874
961,21.105,22.921
962,21.069,22.891
963,21.057,22.897
964,21.183,23.081
965,21.187,23.067
966,21.232,23.121
967,21.260,23.121
968,21.283,23.163
969,21.350,23.237
970,21.239,23.094
971,21.327,23.227
972,21.334,23.193
973,21.392,23.286
974,21.396,23.287
975,21.444,23.340
976,21.459,23.342
977,21.477,23.376
978,21.578,23.545
979,21.544,23.478
980,21.487,23.371
981,21.490,23.410
982,21.500,23.404
983,21.505,23.415
984,21.562,23.488
985,21.620,23.579
986,21.603,23.566
987,21.551,23.476
988,21.472,23.362
989,21.502,23.401
990,21.462,23.369
991,21.652,23.650
992,21.750,23.788
993,21.668,23.677
994,21.629,23.609
995,21.705,23.699
996,21.672,23.659
997,21.758,23.778
998,21.757,23.782
999,21.654,23.646
1000,21.742,23.812
1001,21.702,23.715
1002,21.735,23.738
1003,21.768,23.787
1004,21.786,23.815
1005,21.768,23.762
1006,21.718,23.698
1007,21.702,23.643
1008,21.758,23.739
1009,21.743,23.726
1010,21.731,23.717
1011,21.738,23.725
1012,21.766,23.746
1013,21.796,23.822
1014,21.756,23.763
1015,21.740,23.738
1016,21.795,23.816
1017,21.714,23.688
1018,21.702,23.692
1019,21.722,23.720
1020,21.744,23.758
1021,21.731,23.756
1022,21.733,23.761
1023,21.752,23.788
1024,21.738,23.778
1025,21.728,23.768
1026,21.776,23.845
1027,21.686,23.702
1028,21.717,23.765
1029,21.657,23.693
1030,21.638,23.631
1031,21.702,23.718
1032,21.652,23.650
1033,21.644,23.645
1034,21.560,23.517
1035,21.658,23.651
1036,21.651,23.668
1037,21.595,23.589
1038,21.593,23.570
1039,21.587,23.591
1040,21.576,23.591
1041,21.525,23.521
1042,21.508,23.522
1043,21.518,23.532
1044,21.483,23.454
1045,21.490,23.507
1046,21.476,23.454
1047,21.509,23.523
1048,21.459,23.435
1049,21.462,23.444
1050,21.466,23.458
1051,21.487,23.478
1052,21.561,23.593
1053,21.484,23.460
1054,21.503,23.482
1055,21.472,23.420
1056,21.467,23.437
1057,21.442,23.388
1058,21.437,23.392
1059,21.409,23.336
1060,21.415,23.349
1061,21.441,23.377
1062,21.461,23.397
1063,21.441,23.363
1064,21.432,23.337
1065,21.422,23.335
1066,21.391,23.275
1067,21.412,23.314
1068,21.419,23.316
1069,21.414,23.306
1070,21.491,23.443
1071,21.359,23.218
1072,21.367,23.208
1073,21.396,23.235
1074,21.377,23.243
1075,21.394,23.249
1076,21.360,23.182
1077,21.402,23.222
1078,21.405,23.243
1079,21.424,23.253
1080,21.466,23.344
1081,21.441,23.282
1082,21.454,23.305
1083,21.412,23.242
1084,21.462,23.320
1085,21.430,23.266
1086,21.451,23.318
1087,21.463,23.315
1088,21.454,23.335
1089,21.445,23.299
1090,21.447,23.301
1091,21.425,23.295
1092,21.420,23.283
1093,21.384,23.237
1094,21.371,23.226
1095,21.417,23.305
1096,21.409,23.301
1097,21.370,23.223
1098,21.302,23.119
1099,21.379,23.261
1100,21.443,23.359
1101,21.462,23.399
1102,21.377,23.261
1103,21.392,23.291
1104,21.390,23.255
1105,21.422,23.323
1106,21.420,23.311
1107,21.433,23.301
1108,21.427,23.313
1109,21.466,23.347
1110,21.496,23.416
1111,21.456,23.360
1112,21.427,23.309
1113,21.529,23.498
1114,21.478,23.390
1115,21.486,23.412
1116,21.466,23.384
1117,21.541,23.473
1118,21.489,23.416
1119,21.527,23.443
1120,21.544,23.473
1121,21.517,23.444
1122,21.524,23.445
1123,21.589,23.569
1124,21.509,23.422
1125,21.573,23.526
1126,21.554,23.487
1127,21.596,23.528
1128,21.663,23.623
1129,21.691,23.693
1130,21.796,23.848
1131,21.778,23.787
1132,21.905,23.937
1133,21.920,23.984
1134,21.965,24.056
1135,21.903,23.947
1136,21.873,23.894
1137,21.926,23.982
1138,21.908,23.952
1139,21.885,23.925
1140,22.117,24.292
1141,21.977,24.036
1142,22.082,24.197
1143,22.049,24.134
1144,22.041,24.123
1145,22.012,24.080
1146,22.082,24.208
1147,21.900,23.946
1148,21.875,23.910
1149,21.823,23.822
1150,21.891,23.954
1151,21.871,23.899
1152,21.905,23.953
1153,21.943,24.024
1154,21.850,23.847
1155,21.947,24.023
1156,21.840,23.830
1157,21.884,23.947
1158,21.819,23.827
1159,21.870,23.917
1160,21.829,23.852
1161,21.839,23.875
1162,21.881,23.968
1163,21.792,23.802
1164,21.798,23.826
1165,21.830,23.901
1166,21.819,23.868
1167,21.818,23.856
1168,21.745,23.745
1169,21.769,23.794
1170,21.802,23.809
1171,21.913,23.990
1172,21.829,23.844
1173,21.830,23.821
1174,21.836,23.842
1175,21.857,23.873
1176,21.858,23.892
1177,21.812,23.829
1178,21.806,23.812
1179,21.756,23.738
1180,21.767,23.774
1181,21.748,23.754
1182,21.791,23.832
1183,21.766,23.778
1184,21.814,23.852
1185,21.837,23.874
1186,21.815,23.837
1187,21.845,23.880
1188,21.896,23.970
1189,21.927,24.013
1190,21.980,24.093
1191,21.926,24.000
1192,21.953,24.038
1193,22.027,24.170
1194,22.005,24.116
1195,21.985,24.091
1196,21.891,23.975
1197,21.978,24.113
1198,21.932,24.051
1199,21.988,24.103
1200,21.999,24.136
1201,22.069,24.226
1202,22.129,24.324
1203,22.171,24.361
1204,22.236,24.443
1205,22.314,24.561
1206,22.336,24.593
1207,22.258,24.460
1208,22.264,24.455
1209,22.294,24.490
1210,22.348,24.558
1211,22.255,24.414
1212,22.482,24.832
1213,22.321,24.541
1214,22.287,24.477
1215,22.374,24.600
1216,22.410,24.637
1217,22.311,24.492
1218,22.320,24.525
1219,22.297,24.497
1220,22.283,24.468
1221,22.322,24.526
1222,22.320,24.533
1223,22.351,24.546
1224,22.529,24.851
1225,22.431,24.663
1226,22.491,24.747
1227,22.469,24.707
1228,22.406,24.563
1229,22.441,24.616
1230,22.460,24.702
1231,22.420,24.626
1232,22.340,24.517
1233,22.329,24.536
1234,22.334,24.577
1235,22.271,24.439
1236,22.298,24.480
1237,22.296,24.480
1238,22.311,24.519
1239,22.326,24.527
1240,22.337,24.534
1241,22.337,24.529
1242,22.361,24.565
1243,22.364,24.601
1244,22.417,24.657
1245,22.389,24.624
1246,22.374,24.563
1247,22.327,24.496
1248,22.423,24.699
1249,22.407,24.664
1250,22.415,24.660
1251,22.339,24.558
1252,22.342,24.560
1253,22.437,24.720
1254,22.356,24.582
1255,22.355,24.603
1256,22.345,24.582
1257,22.293,24.482
1258,22.307,24.528
1259,22.327,24.555
1260,22.377,24.626
1261,22.410,24.697
1262,22.511,24.837
1263,22.325,24.529
1264,22.371,24.598
1265,22.344,24.547
1266,22.329,24.505
1267,22.323,24.510
1268,22.283,24.412
1269,22.334,24.470
1270,22.347,24.513
1271,22.418,24.670
1272,22.380,24.598
1273,22.339,24.558
1274,22.301,24.495
1275,22.225,24.371
1276,22.211,24.354
1277,22.206,24.328
1278,22.264,24.437
1279,22.251,24.383
1280,22.200,24.292
1281,22.287,24.411
1282,22.242,24.345
1283,22.258,24.341
1284,22.274,24.383
1285,22.189,24.243
1286,22.229,24.296
1287,22.230,24.305
1288,22.246,24.365
1289,22.182,24.243
1290,22.139,24.177
1291,22.163,24.232
1292,22.171,24.218
1293,22.155,24.196
1294,22.144,24.186
1295,22.112,24.130
1296,22.155,24.206
1297,22.073,24.070
1298,22.083,24.103
1299,22.041,24.060
1300,22.001,23.996
1301,22.033,24.027
1302,22.052,24.079
1303,22.000,24.005
1304,22.012,24.008
1305,21.948,23.915
1306,22.062,24.108
1307,21.886,23.849
1308,21.789,23.733
1309,21.647,23.533
1310,21.534,23.415
1311,21.540,23.429
1312,21.552,23.446
1313,21.542,23.425
1314,21.640,23.577
1315,21.528,23.411
1316,21.536,23.403
1317,21.562,23.446
1318,21.564,23.444
1319,21.525,23.377
1320,21.565,23.425
1321,21.570,23.438
1322,21.515,23.354
1323,21.504,23.334
1324,21.508,23.336
1325,21.597,23.489
1326,21.562,23.439
1327,21.493,23.321
1328,21.564,23.422
1329,21.503,23.345
1330,21.493,23.334
1331,21.510,23.390
1332,21.560,23.448
1333,21.456,23.313
1334,21.550,23.450
1335,21.444,23.290
1336,21.448,23.338
1337,21.392,23.260
1338,21.405,23.275
1339,21.362,23.215
1340,21.383,23.239
1341,21.390,23.252
1342,21.362,23.194
1343,21.399,23.274
1344,21.397,23.262
1345,21.429,23.278
1346,21.471,23.315
1347,21.517,23.397
1348,21.532,23.413
1349,21.529,23.406
1350,21.455,23.303
1351,21.463,23.319
1352,21.507,23.393
1353,21.413,23.245
1354,21.374,23.201
1355,21.371,23.179
1356,21.367,23.174
1357,21.363,23.174
1358,21.363,23.153
1359,21.388,23.185
1360,21.369,23.169
1361,21.365,23.139
1362,21.347,23.125
1363,21.327,23.110
1364,21.334,23.089
1365,21.361,23.129
1366,21.387,23.181
1367,21.360,23.138
1368,21.405,23.198
1369,21.384,23.148
1370,21.398,23.164
1371,21.365,23.128
1372,21.351,23.110
1373,21.348,23.103
1374,21.324,23.062
1375,21.299,23.029
1376,21.299,23.028
1377,21.309,23.030
1378,21.294,23.038
1379,21.306,23.036
1380,21.359,23.113
1381,21.279,22.981
1382,21.286,23.004
1383,21.452,23.243
1384,21.291,23.005
1385,21.389,23.161
1386,21.365,23.108
1387,21.326,23.045
1388,21.282,22.995
1389,21.359,23.104
1390,21.329,23.057
1391,21.328,23.068
1392,21.363,23.129
1393,21.346,23.078
1394,21.318,23.049
1395,21.350,23.105
1396,21.331,23.084
1397,21.362,23.116
1398,21.297,23.026
1399,21.336,23.077
1400,21.369,23.130
1401,21.341,23.089
1402,21.368,23.121
1403,21.424,23.190
1404,21.392,23.134
1405,21.351,23.103
1406,21.382,23.129
1407,21.417,23.183
1408,21.388,23.162
1409,21.411,23.176
1410,21.439,23.227
1411,21.485,23.278
1412,21.396,23.153
1413,21.410,23.176
1414,21.405,23.150
1415,21.440,23.192
1416,21.423,23.189
1417,21.495,23.284
1418,21.376,23.117
1419,21.317,23.022
1420,21.284,22.983
1421,21.282,22.967
1422,21.443,23.219
1423,21.415,23.187
1424,21.432,23.181
1425,21.454,23.204
1426,21.439,23.187
1427,21.448,23.192
1428,21.444,23.197
1429,21.412,23.162
1430,21.445,23.189
1431,21.416,23.163
1432,21.494,23.267
1433,21.481,23.233
1434,21.528,23.309
1435,21.524,23.303
1436,21.552,23.341
1437,21.544,23.341
1438,21.529,23.325
1439,21.588,23.396
1440,21.579,23.393
1441,21.536,23.322
1442,21.513,23.307
1443,21.562,23.384
1444,21.583,23.399
1445,21.560,23.387
1446,21.558,23.388
1447,21.543,23.350
1448,21.580,23.417
1449,21.486,23.290
1450,21.541,23.368
1451,21.334,23.040
1452,21.533,23.348
1453,21.550,23.376
1454,21.559,23.387
1455,21.551,23.383
1456,21.544,23.370
1457,21.566,23.400
1458,21.439,23.195
1459,21.444,23.244
1460,21.607,23.490
1461,21.562,23.407
1462,21.630,23.479
1463,21.594,23.433
1464,21.613,23.481
1465,21.591,23.440
1466,21.579,23.455
1467,21.573,23.418
1468,21.590,23.450
1469,21.612,23.465
1470,21.628,23.506
1471,21.628,23.512
1472,21.598,23.469
1473,21.621,23.490
1474,21.617,23.498
1475,21.585,23.445
1476,21.597,23.462
1477,21.540,23.398
1478,21.562,23.389
1479,21.580,23.436
1480,21.579,23.429
1481,21.585,23.421
1482,21.620,23.491
1483,21.624,23.464
1484,21.597,23.429
1485,21.605,23.460
1486,21.651,23.503
1487,21.678,23.555
1488,21.640,23.486
1489,21.642,23.495
1490,21.627,23.471
1491,21.592,23.434
1492,21.574,23.391
1493,21.638,23.468
1494,21.597,23.434
1495,21.607,23.430
1496,21.587,23.407
1497,21.558,23.366
1498,21.604,23.473
1499,21.597,23.437
1500,21.603,23.427
1501,21.573,23.406
1502,21.600,23.435
1503,21.597,23.451
1504,21.588,23.421
1505,21.564,23.380
1506,21.576,23.386
1507,21.561,23.381
1508,21.576,23.425
1509,21.539,23.360
1510,21.551,23.366
1511,21.620,23.479
1512,21.552,23.396
1513,21.536,23.355
1514,21.569,23.394
1515,21.630,23.476
1516,21.689,23.567
1517,21.594,23.422
1518,21.585,23.412
1519,21.621,23.482
1520,21.582,23.435
1521,21.571,23.385
1522,21.584,23.430
1523,21.619,23.462
1524,21.603,23.446
1525,21.574,23.403
1526,21.610,23.474
1527,21.727,23.661
1528,21.633,23.479
1529,21.653,23.496
1530,21.719,23.606
1531,21.717,23.607
1532,21.798,23.710
1533,21.747,23.641
1534,21.706,23.599
1535,21.750,23.619
1536,21.723,23.605
1537,21.697,23.574
1538,21.708,23.585
1539,21.696,23.570
1540,21.695,23.580
1541,21.664,23.541
1542,21.671,23.561
1543,21.713,23.598
1544,21.682,23.569
1545,21.697,23.598
1546,21.683,23.575
1547,21.694,23.603
1548,21.674,23.579
1549,21.664,23.551
1550,21.650,23.541
1551,21.629,23.492
1552,21.651,23.508
1553,21.708,23.604
1554,21.697,23.590
1555,21.681,23.553
1556,21.673,23.549
1557,21.661,23.528
1558,21.628,23.494
1559,21.689,23.570
1560,21.674,23.555
1561,21.677,23.580
1562,21.693,23.598
1563,21.569,23.407
1564,21.591,23.440
1565,21.601,23.440
1566,21.657,23.523
1567,21.794,23.741
1568,21.763,23.704
1569,21.793,23.751
1570,21.809,23.765
1571,21.823,23.755
1572,21.795,23.742
1573,21.795,23.737
1574,21.843,23.798
1575,21.845,23.786
1576,21.830,23.760
1577,21.832,23.783
1578,21.817,23.758
1579,21.817,23.756
1580,21.809,23.761
1581,21.811,23.772
1582,21.819,23.758
1583,21.822,23.756
1584,21.823,23.754
1585,21.864,23.840
1586,21.876,23.848
1587,21.883,23.852
1588,21.903,23.866
1589,21.899,23.873
1590,21.921,23.899
1591,21.915,23.885
1592,21.875,23.845
1593,21.879,23.852
1594,21.901,23.873
1595,21.885,23.872
1596,21.916,23.894
1597,21.900,23.906
1598,21.891,23.893
1599,21.875,23.880
1600,21.925,23.925
1601,21.916,23.887
1602,21.909,23.860
1603,21.912,23.880
1604,21.937,23.908
1605,21.974,23.948
1606,22.027,24.058
1607,21.961,23.950
1608,21.982,23.998
1609,21.923,23.926
1610,21.906,23.892
1611,21.871,23.846
1612,21.899,23.914
1613,21.868,23.854
1614,21.871,23.855
1615,21.869,23.856
1616,21.891,23.885
1617,21.862,23.845
1618,21.913,23.910
1619,21.924,23.922
1620,21.896,23.880
1621,21.896,23.880
1622,21.948,23.990
1623,21.898,23.891
1624,21.930,23.949
1625,21.941,23.956
1626,21.902,23.897
1627,21.913,23.902
1628,21.933,23.952
1629,21.907,23.912
1630,21.992,24.025
1631,21.931,23.941
1632,21.949,23.963
1633,21.981,24.023
1634,21.930,23.970
1635,21.947,23.990
1636,21.949,23.972
1637,21.916,23.929
1638,21.973,24.014
1639,21.936,23.968
1640,21.914,23.918
1641,21.926,23.934
1642,21.910,23.940
1643,21.913,23.929
1644,21.918,23.935
1645,21.885,23.892
1646,21.916,23.942
1647,21.982,24.021
1648,21.984,24.037
1649,22.037,24.106
1650,22.017,24.050
1651,22.020,24.040
1652,22.014,24.028
1653,22.021,24.075
1654,22.002,24.022
1655,22.037,24.077
1656,22.025,24.060
1657,22.042,24.079
1658,21.993,24.021
1659,22.080,24.130
1660,22.085,24.160
1661,22.066,24.145
1662,22.060,24.146
1663,22.032,24.098
1664,22.014,24.063
1665,22.028,24.084
1666,21.973,23.993
1667,21.996,24.022
1668,22.048,24.105
1669,22.036,24.093
1670,22.033,24.048
1671,22.080,24.127
1672,22.022,24.059
1673,22.050,24.115
1674,22.007,24.042
1675,22.060,24.139
1676,22.031,24.095
1677,22.039,24.093
1678,22.035,24.075
1679,22.059,24.105
1680,22.168,24.254
1681,22.173,24.259
1682,22.136,24.198
1683,22.240,24.350
1684,22.175,24.244
1685,22.213,24.276
1686,22.229,24.303
1687,22.263,24.348
1688,22.323,24.445
1689,22.229,24.282
1690,22.270,24.343
1691,22.288,24.389
1692,22.330,24.437
1693,22.344,24.457
1694,22.363,24.461
1695,22.347,24.465
1696,22.363,24.504
1697,22.310,24.396
1698,22.319,24.435
1699,22.290,24.359
1700,22.328,24.427
1701,22.302,24.388
1702,22.306,24.376
1703,22.357,24.471
1704,22.359,24.454
1705,22.351,24.437
1706,22.298,24.359
1707,22.307,24.377
1708,22.348,24.461
1709,22.293,24.382
1710,22.274,24.353
1711,22.295,24.412
1712,22.337,24.432
1713,22.312,24.417
1714,22.277,24.337
1715,22.295,24.361
1716,22.312,24.377
1717,22.258,24.313
1718,22.262,24.311
1719,22.274,24.326
1720,22.253,24.267
1721,22.248,24.271
1722,22.271,24.316
1723,22.256,24.280
1724,22.219,24.240
1725,22.196,24.209
1726,22.212,24.206
1727,22.166,24.154
1728,22.171,24.157
1729,22.180,24.180
1730,22.162,24.158
1731,22.157,24.165
1732,22.176,24.167
1733,22.121,24.131
1734,22.111,24.100
1735,22.086,24.056
1736,22.056,24.044
1737,22.069,24.023
1738,22.041,23.982
1739,22.010,23.956
1740,21.996,23.950
1741,22.030,23.984
1742,22.014,23.965
1743,21.998,23.941
1744,21.980,23.919
1745,21.954,23.886
1746,21.938,23.858
1747,21.944,23.881
1748,21.868,23.798
1749,21.878,23.788
1750,21.836,23.751
1751,21.803,23.699
1752,21.731,23.617
1753,21.729,23.589
1754,21.692,23.567
1755,21.721,23.617
1756,21.622,23.482
1757,21.613,23.464
1758,21.660,23.519
1759,21.578,23.410
1760,21.603,23.422
1761,21.546,23.351
1762,21.566,23.380
1763,21.552,23.352
1764,21.557,23.382
1765,21.558,23.377
1766,21.532,23.317
1767,21.502,23.279
1768,21.485,23.250
1769,21.496,23.260
1770,21.477,23.241
1771,21.500,23.286
1772,21.457,23.229
1773,21.464,23.230
1774,21.452,23.211
1775,21.455,23.214
1776,21.445,23.213
1777,21.410,23.152
1778,21.418,23.161
1779,21.385,23.122
1780,21.357,23.103
1781,21.355,23.097
1782,21.322,23.060
1783,21.355,23.111
1784,21.339,23.063
1785,21.306,23.025
1786,21.274,22.988
1787,21.266,22.957
1788,21.253,22.956
1789,21.277,22.976
1790,21.250,22.955
1791,21.232,22.932
1792,21.230,22.920
1793,21.209,22.910
1794,21.257,22.977
1795,21.253,22.984
1796,21.259,22.977
1797,21.212,22.931
1798,21.228,22.939
1799,21.221,22.909
1800,21.233,22.933
1801,21.227,22.917
1802,21.302,23.020
1803,21.307,23.042
1804,21.278,22.985
1805,21.335,23.046
1806,21.326,23.055
1807,21.338,23.091
1808,21.309,23.037
1809,21.358,23.087
1810,21.400,23.154
1811,21.416,23.174
1812,21.317,23.051
1813,21.329,23.103
1814,21.346,23.119
1815,21.355,23.122
1816,21.322,23.109
1817,21.304,23.091
1818,21.295,23.078
1819,21.314,23.104
1820,21.285,23.081
1821,21.299,23.100
1822,21.299,23.105
1823,21.334,23.143
1824,21.331,23.140
1825,21.375,23.192
1826,21.388,23.204
1827,21.397,23.233
1828,21.347,23.170
1829,21.312,23.128
1830,21.286,23.090
1831,21.289,23.122
1832,21.273,23.073
1833,21.273,23.101
1834,21.277,23.080
1835,21.298,23.091
1836,21.278,23.077
1837,21.311,23.125
1838,21.323,23.130
1839,21.304,23.098
1840,21.312,23.089
1841,21.301,23.069
1842,21.281,23.050
1843,21.286,23.048
1844,21.278,23.036
1845,21.232,22.980
1846,21.263,23.047
1847,21.258,23.046
1848,21.251,23.044
1849,21.185,22.936
1850,21.153,22.901
1851,21.188,22.938
1852,21.236,23.012
1853,21.171,22.932
1854,21.156,22.902
1855,21.187,22.947
1856,21.324,23.161
1857,21.185,22.917
1858,21.186,22.957
1859,21.128,22.877
1860,21.103,22.847
1861,21.095,22.845
1862,21.062,22.799
1863,21.118,22.879
1864,21.131,22.911
1865,21.137,22.932
1866,21.169,22.971
1867,21.152,22.936
1868,21.190,22.996
1869,21.200,23.007
1870,21.244,23.054
1871,21.345,23.218
1872,21.306,23.134
1873,21.390,23.282
1874,21.320,23.129
1875,21.346,23.180
1876,21.401,23.253
1877,21.421,23.290
1878,21.569,23.542
1879,21.427,23.277
1880,21.516,23.400
1881,21.453,23.286
1882,21.397,23.248
1883,21.493,23.373
1884,21.435,23.287
1885,21.461,23.312
1886,21.541,23.421
1887,21.442,23.305
1888,21.476,23.337
1889,21.590,23.495
1890,21.494,23.357
1891,21.458,23.327
1892,21.290,23.089
1893,21.255,23.024
1894,21.262,23.057
1895,21.233,23.021
1896,21.201,22.974
1897,21.227,23.004
1898,21.215,22.991
1899,21.220,22.992
1900,21.343,23.161
1901,21.382,23.220
1902,21.328,23.135
1903,21.338,23.158
1904,21.378,23.229
1905,21.268,23.047
1906,21.260,23.045
1907,21.426,23.313
1908,21.435,23.329
1909,21.384,23.231
1910,21.394,23.241
1911,21.442,23.313
1912,21.424,23.286
1913,21.443,23.307
1914,21.445,23.311
1915,21.452,23.308
1916,21.403,23.235
1917,21.420,23.276
1918,21.431,23.299
1919,21.419,23.279
1920,21.435,23.304
1921,21.398,23.250
1922,21.442,23.328
1923,21.414,23.282
1924,21.329,23.146
1925,21.330,23.160
1926,21.472,23.355
1927,21.441,23.306
1928,21.446,23.322
1929,21.426,23.275
1930,21.431,23.289
1931,21.443,23.309
1932,21.397,23.241
1933,21.452,23.340
1934,21.479,23.373
1935,21.330,23.125
1936,21.464,23.351
1937,21.431,23.319
1938,21.450,23.310
1939,21.451,23.342
1940,21.495,23.380
1941,21.452,23.331
1942,21.492,23.389
1943,21.474,23.357
1944,21.468,23.353
1945,21.501,23.415
1946,21.542,23.482
1947,21.473,23.355
1948,21.482,23.378
1949,21.497,23.397
1950,21.482,23.390
1951,21.516,23.423
1952,21.602,23.562
1953,21.525,23.445
1954,21.587,23.555
1955,21.577,23.521
1956,21.570,23.510
1957,21.518,23.419
1958,21.538,23.466
1959,21.510,23.411
1960,21.491,23.388
1961,21.476,23.370
1962,21.504,23.421
1963,21.471,23.356
1964,21.474,23.379
1965,21.469,23.367
1966,21.469,23.354
1967,21.534,23.445
1968,21.505,23.384
1969,21.479,23.362
1970,21.501,23.412
1971,21.464,23.371
1972,21.503,23.415
1973,21.461,23.365
1974,21.515,23.455
1975,21.564,23.519
1976,21.550,23.515
1977,21.477,23.399
1978,21.421,23.329
1979,21.533,23.518
1980,21.458,23.384
1981,21.449,23.355
1982,21.430,23.350
1983,21.443,23.372
1984,21.482,23.434
1985,21.441,23.377
1986,21.444,23.369
1987,21.460,23.398
