0,14.979,16.918
1,14.944,16.876
2,14.969,16.902
3,14.910,16.831
4,14.933,16.858
5,14.942,16.896
6,14.770,16.628
7,14.800,16.686
8,14.882,16.830
9,14.874,16.809
10,14.834,16.762
11,14.830,16.772
12,14.738,16.619
13,14.764,16.653
14,14.755,16.649
15,14.715,16.586
16,14.745,16.648
17,14.718,16.603
18,14.745,16.635
19,14.682,16.580
20,14.719,16.605
21,14.820,16.726
22,14.891,16.819
23,14.892,16.797
24,15.012,17.024
25,15.001,16.989
26,15.024,17.015
27,15.106,17.094
28,15.106,17.081
29,15.088,17.079
30,15.021,17.020
31,14.978,16.968
32,14.964,16.958
33,14.944,16.924
34,14.977,16.972
35,14.995,17.010
36,14.832,16.750
37,14.935,16.934
38,14.914,16.909
39,15.001,16.979
40,15.002,16.986
41,15.047,17.036
42,15.079,17.059
43,15.082,17.053
44,15.097,17.082
45,15.043,17.017
46,15.055,17.048
47,15.134,17.169
48,15.128,17.075
49,15.183,17.131
50,15.387,17.375
51,15.411,17.410
52,15.465,17.476
53,15.505,17.506
54,15.541,17.548
55,15.623,17.639
56,15.657,17.645
57,15.744,17.737
58,15.860,17.894
59,15.926,17.977
60,15.892,17.938
61,15.962,18.007
62,15.927,17.915
63,15.976,18.041
64,16.076,18.158
65,16.094,18.162
66,16.119,18.200
67,16.102,18.197
68,16.079,18.168
69,16.039,18.125
70,16.036,18.139
71,16.022,18.128
72,16.008,18.107
73,15.998,18.094
74,16.004,18.105
75,15.972,18.081
76,15.970,18.080
77,15.997,18.121
78,15.941,18.042
79,15.971,18.080
80,16.001,18.140
81,15.991,18.124
82,16.003,18.135
83,16.007,18.128
84,16.037,18.151
85,16.121,18.278
86,16.052,18.199
87,16.048,18.186
88,16.097,18.256
89,16.071,18.257
90,15.871,18.004
91,15.825,17.950
92,15.822,17.961
93,15.701,17.760
94,15.702,17.778
95,15.796,17.937
96,15.791,17.932
97,15.776,17.911
98,15.751,17.875
99,15.739,17.871
100,15.802,17.971
101,15.713,17.828
102,15.712,17.844
103,15.754,17.909
104,15.856,18.061
105,15.548,17.680
106,15.504,17.642
107,15.470,17.606
108,15.503,17.644
109,15.484,17.601
110,15.514,17.626
111,15.456,17.524
112,15.640,17.851
113,15.626,17.792
114,15.676,17.893
115,15.575,17.693
116,15.596,17.751
117,15.560,17.675
118,15.714,17.914
119,15.542,17.638
120,15.580,17.708
121,15.579,17.700
122,15.567,17.700
123,15.606,17.730
124,15.599,17.688
125,15.613,17.764
126,15.588,17.717
127,15.625,17.774
128,15.565,17.672
129,15.667,17.836
130,15.631,17.771
131,15.600,17.703
132,15.614,17.702
133,15.644,17.739
134,15.629,17.711
135,15.742,17.884
136,15.633,17.703
137,15.702,17.806
138,15.701,17.822
139,15.732,17.848
140,15.616,17.681
141,15.634,17.727
142,15.670,17.805
143,15.549,17.645
144,15.613,17.752
145,15.420,17.455
146,15.463,17.508
147,15.436,17.479
148,15.407,17.428
149,15.387,17.431
150,15.367,17.411
151,15.332,17.350
152,15.375,17.392
153,15.339,17.372
154,15.330,17.338
155,15.354,17.387
156,15.345,17.359
157,15.347,17.367
158,15.404,17.463
159,15.393,17.436
160,15.325,17.356
161,15.296,17.316
162,15.284,17.294
163,15.251,17.253
164,15.216,17.214
165,15.156,17.159
166,15.162,17.156
167,15.132,17.136
168,15.120,17.097
169,15.109,17.100
170,15.086,17.074
171,15.112,17.116
172,15.044,17.027
173,15.029,16.995
174,15.006,16.960
175,15.008,16.962
176,15.038,17.011
177,15.077,17.073
178,14.965,16.882
179,14.970,16.929
180,14.935,16.865
181,14.941,16.861
182,14.900,16.832
183,14.880,16.804
184,14.897,16.835
185,14.929,16.888
186,14.878,16.799
187,14.861,16.777
188,14.853,16.773
189,14.820,16.709
190,14.848,16.772
191,14.842,16.738
192,14.874,16.778
193,14.805,16.689
194,14.851,16.741
195,14.871,16.755
196,14.883,16.772
197,14.890,16.761
198,14.938,16.807
199,14.964,16.822
200,14.890,16.764
201,14.893,16.763
202,14.910,16.778
203,14.907,16.772
204,14.903,16.755
205,14.971,16.859
206,14.938,16.807
207,14.914,16.801
208,14.949,16.850
209,14.901,16.787
210,14.947,16.868
211,14.913,16.806
212,14.937,16.850
213,14.901,16.812
214,14.925,16.846
215,14.850,16.760
216,14.862,16.760
217,14.823,16.731
218,14.773,16.673
219,14.852,16.775
220,14.934,16.874
221,14.968,16.926
222,15.007,16.945
223,15.041,17.019
224,15.031,17.012
225,14.980,16.924
226,14.945,16.910
227,14.957,16.911
228,14.961,16.925
229,14.951,16.920
230,14.927,16.888
231,14.922,16.880
232,14.817,16.765
233,14.835,16.789
234,14.834,16.787
235,14.871,16.862
236,14.842,16.826
237,14.845,16.835
238,14.833,16.816
239,14.822,16.817
240,14.823,16.839
241,14.843,16.842
242,14.873,16.872
243,14.894,16.906
244,14.899,16.919
245,14.990,17.037
246,14.974,17.021
247,15.002,17.059
248,14.974,17.025
249,15.018,17.093
250,15.094,17.154
251,15.103,17.181
252,15.126,17.189
253,15.182,17.238
254,15.203,17.253
255,15.255,17.304
256,15.276,17.299
257,15.287,17.321
258,15.322,17.370
259,15.367,17.410
260,15.382,17.437
261,15.414,17.455
262,15.402,17.463
263,15.411,17.466
264,15.443,17.499
265,15.445,17.476
266,15.474,17.508
267,15.537,17.579
268,15.554,17.604
269,15.660,17.721
270,15.633,17.663
271,15.705,17.773
272,15.734,17.768
273,15.824,17.908
274,15.811,17.874
275,15.754,17.780
276,15.774,17.789
277,15.752,17.786
278,15.720,17.765
279,15.815,17.951
280,15.789,17.878
281,15.820,17.909
282,15.826,17.918
283,15.874,17.993
284,15.891,17.984
285,15.788,17.851
286,15.830,17.943
287,15.800,17.884
288,15.732,17.789
289,15.816,17.901
290,15.802,17.896
291,15.793,17.888
292,15.815,17.900
293,15.799,17.887
294,15.824,17.946
295,15.830,17.910
296,15.817,17.887
297,15.952,18.085
298,15.853,17.918
299,15.914,18.013
300,15.991,18.078
301,16.058,18.160
302,16.122,18.227
303,16.143,18.248
304,16.281,18.459
305,16.235,18.349
306,16.198,18.301
307,16.170,18.251
308,16.197,18.281
309,16.171,18.266
310,16.212,18.317
311,16.219,18.311
312,16.160,18.238
313,16.190,18.275
314,16.136,18.190
315,16.126,18.175
316,16.158,18.219
317,16.139,18.225
318,16.167,18.251
319,16.154,18.241
320,16.070,18.126
321,16.133,18.212
322,16.114,18.210
323,16.037,18.091
324,16.100,18.204
325,16.094,18.206
326,16.057,18.165
327,15.886,17.861
328,16.033,18.158
329,16.099,18.248
330,15.810,17.797
331,16.038,18.178
332,16.078,18.242
333,16.080,18.241
334,16.038,18.174
335,16.121,18.300
336,16.156,18.348
337,16.135,18.335
338,16.157,18.373
339,16.115,18.336
340,16.095,18.293
341,16.108,18.310
342,16.069,18.261
343,16.085,18.286
344,16.058,18.241
345,16.060,18.259
346,16.044,18.235
347,16.026,18.192
348,16.018,18.197
349,16.012,18.234
350,15.952,18.140
351,15.970,18.182
352,15.948,18.154
353,15.926,18.128
354,15.707,17.798
355,15.826,17.996
356,15.793,17.985
357,15.731,17.927
358,15.661,17.817
359,15.649,17.821
360,15.644,17.847
361,15.630,17.819
362,15.576,17.766
363,15.712,17.902
364,15.781,17.980
365,15.771,17.943
366,15.731,17.938
367,15.662,17.830
368,15.772,18.020
369,15.744,17.989
370,15.697,17.911
371,15.715,17.952
372,15.751,18.014
373,15.752,18.008
374,15.660,17.889
375,15.625,17.866
376,15.725,18.032
377,15.479,17.658
378,15.469,17.682
379,15.456,17.689
380,15.385,17.583
381,15.453,17.662
382,15.467,17.667
383,15.431,17.592
384,15.540,17.737
385,15.549,17.746
386,15.529,17.740
387,15.449,17.643
388,15.416,17.620
389,15.388,17.617
390,15.539,17.786
391,15.510,17.756
392,15.496,17.734
393,15.404,17.649
394,15.359,17.586
395,15.303,17.531
396,15.468,17.680
397,15.525,17.759
398,15.590,17.826
399,15.629,17.868
400,15.762,18.022
401,15.853,18.107
402,16.137,18.555
403,16.168,18.510
404,16.231,18.544
405,16.303,18.632
406,16.501,18.884
407,16.520,18.835
408,16.509,18.878
409,16.552,18.917
410,16.599,18.951
411,16.502,18.837
412,16.538,18.872
413,16.573,18.906
414,16.546,18.917
415,16.470,18.802
416,16.457,18.778
417,16.447,18.759
418,16.482,18.797
419,16.519,18.854
420,16.566,18.898
421,16.531,18.820
422,16.571,18.871
423,16.527,18.843
424,16.711,19.134
425,16.565,18.925
426,16.548,18.851
427,16.527,18.844
428,16.590,18.947
429,16.535,18.878
430,16.585,18.927
431,16.559,18.882
432,16.556,18.922
433,16.572,18.906
434,16.602,18.938
435,16.681,19.056
436,16.657,19.019
437,16.627,18.966
438,16.640,18.986
439,16.639,18.984
440,16.612,18.945
441,16.637,18.962
442,16.668,19.022
443,16.625,18.931
444,16.645,18.940
445,16.704,19.039
446,16.701,19.024
447,16.715,19.053
448,16.655,18.978
449,16.606,18.888
450,16.554,18.853
451,16.499,18.769
452,16.461,18.729
453,16.365,18.603
454,16.319,18.532
455,16.242,18.478
456,16.168,18.382
457,16.134,18.375
458,16.091,18.318
459,16.047,18.282
460,16.037,18.240
461,16.002,18.211
462,15.948,18.151
463,15.922,18.147
464,15.894,18.119
465,15.854,18.075
466,15.841,18.074
467,15.802,18.021
468,15.700,17.885
469,15.707,17.929
470,15.633,17.837
471,15.622,17.851
472,15.595,17.819
473,15.591,17.823
474,15.565,17.796
475,15.521,17.771
476,15.476,17.692
477,15.446,17.649
478,15.423,17.642
479,15.389,17.621
480,15.366,17.612
481,15.323,17.549
482,15.331,17.577
483,15.281,17.482
484,15.259,17.456
485,15.207,17.393
486,15.144,17.301
487,15.125,17.298
488,15.099,17.259
489,15.104,17.276
490,15.056,17.236
491,15.030,17.200
492,15.000,17.173
493,14.992,17.148
494,14.982,17.152
495,14.991,17.158
496,15.006,17.173
497,15.008,17.186
498,15.000,17.146
499,15.046,17.207
500,15.080,17.246
501,15.114,17.297
502,15.122,17.305
503,15.135,17.343
504,15.185,17.357
505,15.206,17.394
506,15.192,17.375
507,15.199,17.394
508,15.239,17.445
509,15.265,17.493
510,15.336,17.584
511,15.393,17.634
512,15.471,17.718
513,15.524,17.794
514,15.481,17.720
515,15.538,17.796
516,15.580,17.843
517,15.585,17.855
518,15.586,17.851
519,15.612,17.910
520,15.596,17.869
521,15.595,17.859
522,15.617,17.876
523,15.628,17.909
524,15.641,17.932
525,15.613,17.883
526,15.596,17.879
527,15.617,17.893
528,15.613,17.893
529,15.608,17.889
530,15.610,17.906
531,15.586,17.886
532,15.569,17.855
533,15.526,17.811
534,15.480,17.754
535,15.434,17.675
536,15.456,17.727
537,15.418,17.687
538,15.386,17.636
539,15.375,17.622
540,15.368,17.603
541,15.350,17.593
542,15.326,17.570
543,15.284,17.521
544,15.248,17.460
545,15.203,17.415
546,15.118,17.296
547,15.070,17.226
548,15.071,17.243
549,15.042,17.191
550,15.027,17.188
551,14.951,17.084
552,15.102,17.244
553,15.099,17.239
554,15.086,17.215
555,15.011,17.114
556,14.992,17.118
557,15.010,17.119
558,15.172,17.301
559,15.202,17.336
560,15.212,17.349
561,15.150,17.278
562,15.154,17.295
563,15.174,17.325
564,15.202,17.387
565,15.158,17.308
566,15.151,17.349
567,15.159,17.342
568,15.150,17.340
569,15.194,17.383
570,15.223,17.417
571,15.256,17.471
572,15.210,17.408
573,15.234,17.443
574,15.255,17.468
575,15.254,17.466
576,15.267,17.468
577,15.268,17.471
578,15.297,17.485
579,15.334,17.536
580,15.417,17.682
581,15.406,17.644
582,15.431,17.641
583,15.438,17.652
584,15.466,17.689
585,15.547,17.815
586,15.480,17.727
587,15.550,17.828
588,15.647,17.945
589,15.712,18.045
590,15.782,18.092
591,15.812,18.127
592,15.904,18.219
593,16.007,18.366
594,16.048,18.395
595,16.100,18.447
596,16.175,18.558
597,15.971,18.315
598,15.980,18.343
599,16.019,18.396
600,16.054,18.441
601,16.095,18.478
602,16.079,18.455
603,15.899,18.262
604,15.854,18.240
605,15.822,18.166
606,15.845,18.205
607,15.858,18.224
608,15.861,18.223
609,15.866,18.222
610,15.877,18.269
611,15.853,18.254
612,15.859,18.235
613,15.837,18.228
614,15.851,18.246
615,15.858,18.266
616,15.914,18.349
617,15.923,18.362
618,15.895,18.315
619,15.922,18.365
620,15.905,18.338
621,15.898,18.343
622,15.905,18.370
623,15.942,18.438
624,15.886,18.339
625,15.867,18.334
626,15.818,18.272
627,15.829,18.290
628,15.820,18.307
629,15.827,18.326
630,15.774,18.238
631,15.736,18.181
632,15.739,18.209
633,15.714,18.212
634,15.663,18.109
635,15.631,18.087
636,15.603,18.045
637,15.627,18.088
638,15.560,17.961
639,15.536,17.971
640,15.492,17.905
641,15.477,17.903
642,15.448,17.849
643,15.432,17.842
644,15.450,17.862
645,15.452,17.870
646,15.429,17.828
647,15.439,17.835
648,15.478,17.898
649,15.446,17.837
650,15.500,17.928
651,15.491,17.936
652,15.473,17.878
653,15.525,17.931
654,15.512,17.934
655,15.490,17.900
656,15.557,18.022
657,15.528,17.946
658,15.475,17.849
659,15.514,17.898
660,15.632,18.107
661,15.600,18.045
662,15.600,18.028
663,15.559,17.938
664,15.563,17.966
665,15.556,17.952
666,15.551,17.940
667,15.547,17.922
668,15.562,17.946
669,15.594,17.975
670,15.595,17.993
671,15.500,17.857
672,15.492,17.875
673,15.439,17.776
674,15.480,17.849
675,15.460,17.814
676,15.536,17.978
677,15.442,17.791
678,15.414,17.756
679,15.389,17.727
680,15.364,17.691
681,15.342,17.638
682,15.297,17.643
683,15.347,17.718
684,15.426,17.925
685,15.322,17.751
686,15.169,17.499
687,15.096,17.382
688,15.059,17.361
689,15.023,17.329
690,14.968,17.260
691,14.932,17.183
692,14.969,17.269
693,14.913,17.171
694,14.969,17.276
695,14.971,17.286
696,15.090,17.343
697,15.132,17.393
698,15.213,17.478
699,15.044,17.258
700,15.048,17.255
701,15.012,17.229
702,15.210,17.467
703,15.207,17.432
704,15.250,17.462
705,15.151,17.361
706,15.155,17.360
707,15.145,17.361
708,15.082,17.245
709,15.115,17.311
710,15.126,17.366
711,15.120,17.346
712,15.110,17.301
713,15.122,17.330
714,15.099,17.270
715,15.111,17.301
716,15.098,17.271
717,15.113,17.271
718,15.111,17.262
719,15.161,17.356
720,15.157,17.346
721,15.181,17.366
722,15.158,17.324
723,15.165,17.336
724,15.179,17.354
725,15.179,17.321
726,15.215,17.367
727,15.204,17.352
728,15.217,17.366
729,15.297,17.452
730,15.383,17.576
731,15.429,17.605
732,15.505,17.715
733,15.550,17.739
734,15.591,17.789
735,15.653,17.875
736,15.730,17.972
737,15.766,17.995
738,15.736,18.005
739,15.714,17.944
740,15.693,17.918
741,15.638,17.836
742,15.708,17.934
743,15.708,17.940
744,15.703,17.940
745,15.723,17.955
746,15.731,17.958
747,15.741,17.978
748,15.745,17.962
749,15.720,17.918
750,15.751,17.980
751,15.753,17.970
752,15.767,17.990
753,15.736,17.933
754,15.776,17.965
755,15.842,18.083
756,15.872,18.095
757,15.912,18.142
758,15.869,18.087
759,15.887,18.085
760,15.895,18.079
761,15.939,18.126
762,15.908,18.085
763,15.947,18.133
764,15.910,18.066
765,15.887,18.022
766,15.927,18.078
767,15.914,18.059
768,15.948,18.099
769,15.937,18.094
770,16.022,18.220
771,15.939,18.093
772,15.995,18.148
773,15.938,18.074
774,15.983,18.141
775,15.936,18.084
776,15.984,18.150
777,16.008,18.187
778,16.001,18.157
779,16.050,18.222
780,16.017,18.163
781,16.040,18.207
782,16.073,18.224
783,16.094,18.253
784,16.092,18.248
785,16.129,18.291
786,16.152,18.326
787,16.183,18.355
788,16.205,18.369
789,16.170,18.325
790,16.170,18.324
791,16.134,18.242
792,16.096,18.242
793,16.052,18.172
794,16.026,18.118
795,15.982,18.076
796,15.933,18.028
797,15.925,18.024
798,15.851,17.919
799,15.884,17.955
800,15.852,17.910
801,15.818,17.861
802,15.865,17.933
803,15.888,17.980
804,15.874,17.975
805,15.831,17.909
806,15.812,17.893
807,15.896,18.037
808,15.834,17.907
809,15.786,17.845
810,15.721,17.745
811,15.783,17.861
812,15.742,17.771
813,15.737,17.794
814,15.784,17.860
815,15.763,17.820
816,15.749,17.788
817,15.770,17.824
818,15.756,17.804
819,15.784,17.842
820,15.761,17.819
821,15.700,17.732
822,15.740,17.810
823,15.705,17.743
824,15.672,17.713
825,15.629,17.642
826,15.658,17.689
827,15.685,17.715
828,15.660,17.685
829,15.681,17.722
830,15.660,17.680
831,15.688,17.738
832,15.677,17.714
833,15.731,17.778
834,15.807,17.875
835,15.828,17.917
836,15.829,17.880
837,15.823,17.887
838,15.820,17.891
839,15.812,17.820
840,15.812,17.853
841,15.828,17.855
842,15.783,17.809
843,15.829,17.881
844,15.708,17.708
845,15.730,17.768
846,15.680,17.698
847,15.696,17.714
848,15.687,17.686
849,15.681,17.676
850,15.728,17.732
851,15.796,17.816
852,15.788,17.777
853,15.810,17.807
854,15.780,17.751
855,15.781,17.750
856,15.772,17.738
857,15.811,17.792
858,15.784,17.739
859,15.808,17.785
860,15.922,17.957
861,15.839,17.822
862,15.828,17.802
863,15.860,17.855
864,15.898,17.896
865,15.964,17.999
866,15.961,17.972
867,15.988,17.997
868,16.058,18.069
869,16.093,18.103
870,16.184,18.230
871,16.144,18.143
872,16.193,18.252
873,16.224,18.272
874,16.180,18.224
875,16.182,18.214
876,16.129,18.157
877,16.125,18.149
878,16.084,18.089
879,16.082,18.094
880,16.004,18.005
881,15.983,17.940
882,15.975,17.960
883,15.937,17.911
884,15.928,17.907
885,15.951,17.959
886,15.876,17.847
887,15.786,17.730
888,15.762,17.711
889,15.712,17.659
890,15.723,17.671
891,15.641,17.567
892,15.642,17.606
893,15.575,17.503
894,15.578,17.496
895,15.495,17.411
896,15.419,17.328
897,15.378,17.263
898,15.333,17.205
899,15.329,17.222
900,15.283,17.141
901,15.236,17.111
902,15.200,17.059
903,15.173,17.039
904,15.153,17.039
905,15.141,17.017
906,15.072,16.940
907,15.113,17.013
908,15.017,16.881
909,15.058,16.955
910,14.983,16.858
911,14.974,16.877
912,14.977,16.879
913,14.961,16.869
914,14.898,16.781
915,14.862,16.758
916,14.851,16.747
917,14.656,16.547
918,14.657,16.569
919,14.460,16.340
920,14.425,16.328
921,14.438,16.367
922,14.445,16.369
923,14.464,16.374
924,14.479,16.414
925,14.462,16.387
926,14.529,16.455
927,14.334,16.235
928,14.335,16.264
929,14.322,16.259
930,14.356,16.269
931,14.301,16.192
932,14.312,16.201
933,14.337,16.237
934,14.324,16.229
935,14.325,16.219
936,14.328,16.224
937,14.327,16.189
938,14.338,16.231
939,14.300,16.171
940,14.279,16.153
941,14.279,16.163
942,14.221,16.071
943,14.210,16.080
944,14.129,15.973
945,14.093,15.937
946,14.023,15.860
947,14.029,15.877
948,14.114,15.947
949,14.128,15.969
950,14.049,15.875
951,14.254,16.104
952,14.227,16.050
953,14.215,16.056
954,14.087,15.887
955,14.099,15.905
956,14.059,15.849
957,14.059,15.865
958,14.033,15.824
959,14.032,15.833
960,14.120,15.934
961,14.201,16.017
962,14.228,16.049
963,14.301,16.141
964,14.465,16.363
965,14.489,16.369
966,14.605,16.494
967,14.681,16.542
968,14.717,16.597
969,14.885,16.772
970,14.780,16.635
971,14.992,16.893
972,15.147,17.006
973,15.299,17.193
974,15.365,17.256
975,15.395,17.290
976,15.432,17.315
977,15.466,17.365
978,15.555,17.522
979,15.558,17.493
980,15.514,17.398
981,15.554,17.474
982,15.637,17.540
983,15.709,17.620
984,15.876,17.802
985,16.040,17.999
986,16.152,18.115
987,16.066,17.990
988,16.042,17.932
989,16.114,18.013
990,15.997,17.904
991,16.181,18.178
992,16.267,18.305
993,16.051,18.061
994,15.985,17.965
995,16.088,18.082
996,15.969,17.956
997,16.050,18.070
998,16.019,18.044
999,15.914,17.907
1000,16.060,18.129
1001,16.029,18.042
1002,16.060,18.063
1003,16.087,18.106
1004,16.070,18.099
1005,16.045,18.038
1006,15.995,17.975
1007,15.970,17.911
1008,16.044,18.025
1009,16.025,18.008
1010,16.026,18.013
1011,16.038,18.025
1012,16.081,18.061
1013,16.118,18.143
1014,16.095,18.102
1015,16.095,18.093
1016,16.169,18.190
1017,16.119,18.093
1018,16.121,18.111
1019,16.168,18.166
1020,16.229,18.243
1021,16.239,18.264
1022,16.270,18.298
1023,16.282,18.318
1024,16.282,18.322
1025,16.282,18.322
1026,16.313,18.382
1027,16.180,18.196
1028,16.210,18.257
1029,16.134,18.170
1030,16.105,18.099
1031,16.135,18.151
1032,16.069,18.067
1033,16.052,18.053
1034,15.948,17.905
1035,16.032,18.024
1036,16.029,18.046
1037,15.966,17.960
1038,15.946,17.923
1039,15.944,17.947
1040,15.939,17.953
1041,15.877,17.873
1042,15.858,17.872
1043,15.834,17.848
1044,15.808,17.779
1045,15.821,17.838
1046,15.799,17.778
1047,15.819,17.833
1048,15.762,17.738
1049,15.743,17.725
1050,15.764,17.756
1051,15.768,17.759
1052,15.866,17.898
1053,15.794,17.770
1054,15.805,17.783
1055,15.756,17.704
1056,15.726,17.696
1057,15.681,17.626
1058,15.649,17.604
1059,15.602,17.529
1060,15.601,17.535
1061,15.589,17.525
1062,15.584,17.520
1063,15.545,17.468
1064,15.484,17.389
1065,15.451,17.364
1066,15.380,17.264
1067,15.397,17.298
1068,15.354,17.251
1069,15.307,17.200
1070,15.364,17.316
1071,15.181,17.040
1072,15.176,17.017
1073,15.168,17.006
1074,15.106,16.973
1075,15.123,16.978
1076,15.060,16.882
1077,15.094,16.914
1078,15.070,16.909
1079,15.078,16.907
1080,15.112,16.990
1081,15.075,16.917
1082,15.061,16.912
1083,15.004,16.834
1084,15.039,16.897
1085,14.991,16.827
1086,15.009,16.877
1087,15.039,16.891
1088,15.033,16.914
1089,15.030,16.884
1090,15.054,16.908
1091,15.046,16.916
1092,15.030,16.893
1093,14.977,16.830
1094,14.967,16.823
1095,14.996,16.884
1096,14.947,16.839
1097,14.888,16.741
1098,14.802,16.619
1099,14.888,16.771
1100,14.939,16.856
1101,14.965,16.903
1102,14.832,16.717
1103,14.833,16.732
1104,14.799,16.664
1105,14.822,16.723
1106,14.784,16.675
1107,14.766,16.634
1108,14.772,16.658
1109,14.792,16.673
1110,14.814,16.735
1111,14.759,16.663
1112,14.755,16.637
1113,14.842,16.811
1114,14.783,16.695
1115,14.776,16.702
1116,14.724,16.642
1117,14.778,16.710
1118,14.712,16.638
1119,14.733,16.650
1120,14.758,16.687
1121,14.723,16.650
1122,14.735,16.656
1123,14.831,16.810
1124,14.767,16.680
1125,14.858,16.812
1126,14.882,16.815
1127,14.951,16.884
1128,15.084,17.045
1129,15.165,17.167
1130,15.365,17.417
1131,15.387,17.396
1132,15.547,17.579
1133,15.565,17.630
1134,15.584,17.676
1135,15.527,17.571
1136,15.493,17.514
1137,15.549,17.605
1138,15.518,17.562
1139,15.494,17.535
1140,15.714,17.889
1141,15.562,17.621
1142,15.649,17.764
1143,15.604,17.689
1144,15.601,17.684
1145,15.589,17.657
1146,15.670,17.796
1147,15.511,17.556
1148,15.504,17.540
1149,15.505,17.503
1150,15.597,17.660
1151,15.566,17.594
1152,15.575,17.623
1153,15.604,17.684
1154,15.467,17.464
1155,15.541,17.616
1156,15.410,17.400
1157,15.489,17.552
1158,15.443,17.451
1159,15.486,17.533
1160,15.464,17.488
1161,15.487,17.523
1162,15.550,17.637
1163,15.481,17.491
1164,15.517,17.546
1165,15.553,17.623
1166,15.546,17.595
1167,15.519,17.557
1168,15.414,17.414
1169,15.455,17.479
1170,15.496,17.503
1171,15.596,17.672
1172,15.488,17.504
1173,15.478,17.469
1174,15.486,17.492
1175,15.489,17.505
1176,15.494,17.528
1177,15.459,17.476
1178,15.469,17.475
1179,15.427,17.409
1180,15.456,17.463
1181,15.421,17.427
1182,15.422,17.464
1183,15.368,17.380
1184,15.386,17.423
1185,15.410,17.446
1186,15.347,17.370
1187,15.366,17.401
1188,15.389,17.463
1189,15.382,17.468
1190,15.434,17.546
1191,15.365,17.439
1192,15.382,17.466
1193,15.434,17.578
1194,15.311,17.422
1195,15.266,17.372
1196,15.045,17.129
1197,15.073,17.208
1198,15.020,17.139
1199,15.134,17.249
1200,15.208,17.345
1201,15.335,17.492
1202,15.434,17.630
1203,15.457,17.647
1204,15.462,17.669
1205,15.546,17.793
1206,15.503,17.761
1207,15.372,17.575
1208,15.359,17.550
1209,15.358,17.554
1210,15.350,17.560
1211,15.207,17.366
1212,15.370,17.720
1213,15.171,17.391
1214,15.095,17.285
1215,15.195,17.421
1216,15.231,17.458
1217,15.126,17.308
1218,15.125,17.330
1219,15.091,17.291
1220,15.072,17.257
1221,15.268,17.473
1222,15.324,17.537
1223,15.345,17.541
1224,15.401,17.722
1225,15.244,17.476
1226,15.251,17.506
1227,15.343,17.580
1228,15.261,17.418
1229,15.301,17.476
1230,15.267,17.509
1231,15.193,17.400
1232,15.113,17.290
1233,15.107,17.314
1234,15.122,17.366
1235,15.060,17.229
1236,15.220,17.402
1237,15.229,17.413
1238,15.228,17.435
1239,15.297,17.498
1240,15.287,17.484
1241,15.283,17.474
1242,15.364,17.568
1243,15.355,17.591
1244,15.446,17.686
1245,15.348,17.582
1246,15.376,17.565
1247,15.383,17.553
1248,15.557,17.833
1249,15.677,17.934
1250,15.815,18.060
1251,15.807,18.026
1252,15.912,18.130
1253,16.105,18.388
1254,16.153,18.379
1255,16.290,18.538
1256,16.346,18.583
1257,16.230,18.418
1258,16.272,18.494
1259,16.311,18.540
1260,16.347,18.596
1261,16.391,18.678
1262,16.465,18.791
1263,16.114,18.318
1264,16.198,18.425
1265,16.266,18.469
1266,16.226,18.402
1267,16.245,18.431
1268,16.206,18.336
1269,16.282,18.419
1270,16.306,18.472
1271,16.426,18.678
1272,16.426,18.644
1273,16.423,18.642
1274,16.413,18.608
1275,16.368,18.514
1276,16.376,18.519
1277,16.372,18.494
1278,16.450,18.623
1279,16.452,18.584
1280,16.406,18.499
1281,16.495,18.619
1282,16.428,18.532
1283,16.429,18.512
1284,16.434,18.543
1285,16.353,18.407
1286,16.404,18.471
1287,16.378,18.453
1288,16.355,18.474
1289,16.287,18.348
1290,16.214,18.253
1291,16.233,18.302
1292,16.223,18.270
1293,16.200,18.240
1294,16.166,18.208
1295,16.117,18.135
1296,16.174,18.225
1297,16.069,18.066
1298,16.070,18.090
1299,16.004,18.023
1300,15.909,17.905
1301,15.907,17.901
1302,15.819,17.846
1303,15.720,17.725
1304,15.659,17.656
1305,15.480,17.447
1306,15.519,17.565
1307,15.225,17.188
1308,15.026,16.971
1309,14.785,16.671
1310,14.592,16.473
1311,14.616,16.505
1312,14.630,16.523
1313,14.616,16.498
1314,14.748,16.685
1315,14.626,16.509
1316,14.654,16.522
1317,14.696,16.579
1318,14.705,16.585
1319,14.659,16.511
1320,14.714,16.574
1321,14.743,16.610
1322,14.690,16.529
1323,14.701,16.531
1324,14.716,16.544
1325,14.820,16.712
1326,14.782,16.659
1327,14.733,16.561
1328,14.807,16.665
1329,14.745,16.587
1330,14.743,16.584
1331,14.784,16.664
1332,14.848,16.735
1333,14.739,16.595
1334,14.834,16.734
1335,14.752,16.597
1336,14.756,16.645
1337,14.728,16.595
1338,14.740,16.610
1339,14.691,16.544
1340,14.716,16.572
1341,14.751,16.613
1342,14.705,16.538
1343,14.758,16.632
1344,14.752,16.617
1345,14.773,16.622
1346,14.804,16.648
1347,14.842,16.723
1348,14.834,16.715
1349,14.839,16.715
1350,14.793,16.640
1351,14.803,16.660
1352,14.868,16.754
1353,14.757,16.590
1354,14.719,16.546
1355,14.730,16.538
1356,14.740,16.546
1357,14.726,16.537
1358,14.716,16.506
1359,14.718,16.515
1360,14.685,16.485
1361,14.685,16.459
1362,14.660,16.438
1363,14.637,16.420
1364,14.652,16.407
1365,14.684,16.452
1366,14.716,16.510
1367,14.727,16.505
1368,14.790,16.583
1369,14.768,16.532
1370,14.800,16.566
1371,14.805,16.567
1372,14.815,16.574
1373,14.819,16.574
1374,14.773,16.511
1375,14.777,16.507
1376,14.787,16.517
1377,14.792,16.513
1378,14.799,16.543
1379,14.829,16.559
1380,14.911,16.664
1381,14.846,16.548
1382,14.845,16.564
1383,15.044,16.835
1384,14.896,16.610
1385,15.006,16.779
1386,14.978,16.721
1387,14.924,16.642
1388,14.898,16.611
1389,14.979,16.724
1390,14.932,16.661
1391,14.935,16.675
1392,14.990,16.756
1393,14.970,16.702
1394,14.930,16.660
1395,14.952,16.707
1396,14.919,16.672
1397,14.952,16.706
1398,14.918,16.646
1399,14.937,16.677
1400,14.982,16.742
1401,14.972,16.720
1402,15.022,16.775
1403,15.122,16.888
1404,15.080,16.822
1405,15.050,16.802
1406,15.074,16.821
1407,15.136,16.901
1408,15.112,16.886
1409,15.163,16.928
1410,15.217,17.005
1411,15.290,17.082
1412,15.224,16.981
1413,15.244,17.010
1414,15.277,17.022
1415,15.301,17.053
1416,15.307,17.072
1417,15.385,17.174
1418,15.254,16.996
1419,15.171,16.876
1420,15.132,16.831
1421,15.131,16.816
1422,15.315,17.091
1423,15.263,17.035
1424,15.280,17.029
1425,15.328,17.079
1426,15.316,17.064
1427,15.332,17.076
1428,15.320,17.073
1429,15.312,17.062
1430,15.337,17.081
1431,15.306,17.053
1432,15.393,17.166
1433,15.387,17.140
1434,15.406,17.187
1435,15.386,17.165
1436,15.361,17.150
1437,15.326,17.123
1438,15.289,17.085
1439,15.346,17.154
1440,15.283,17.097
1441,15.218,17.005
1442,15.193,16.987
1443,15.237,17.059
1444,15.234,17.049
1445,15.178,17.006
1446,15.167,16.998
1447,15.123,16.930
1448,15.150,16.987
1449,15.040,16.844
1450,15.055,16.883
1451,14.781,16.487
1452,15.032,16.846
1453,15.034,16.861
1454,15.015,16.843
1455,15.043,16.876
1456,15.027,16.853
1457,15.031,16.865
1458,14.841,16.597
1459,14.825,16.625
1460,14.990,16.872
1461,14.933,16.779
1462,14.971,16.820
1463,14.931,16.770
1464,14.912,16.780
1465,14.899,16.749
1466,14.858,16.733
1467,14.842,16.687
1468,14.871,16.730
1469,14.886,16.739
1470,14.927,16.805
1471,14.925,16.809
1472,14.898,16.770
1473,14.931,16.800
1474,14.940,16.821
1475,14.921,16.782
1476,14.922,16.788
1477,14.856,16.714
1478,14.895,16.722
1479,14.915,16.771
1480,14.897,16.746
1481,14.901,16.737
1482,14.901,16.772
1483,14.902,16.741
1484,14.917,16.749
1485,14.930,16.786
1486,14.990,16.841
1487,15.056,16.934
1488,15.034,16.880
1489,15.059,16.912
1490,15.055,16.900
1491,15.007,16.849
1492,15.011,16.829
1493,15.109,16.939
1494,15.089,16.926
1495,15.107,16.929
1496,15.094,16.914
1497,15.068,16.876
1498,15.117,16.986
1499,15.103,16.942
1500,15.126,16.950
1501,15.111,16.945
1502,15.149,16.984
1503,15.070,16.925
1504,15.053,16.886
1505,14.998,16.814
1506,15.057,16.867
1507,15.079,16.899
1508,15.095,16.944
1509,14.999,16.820
1510,14.970,16.785
1511,15.022,16.880
1512,14.967,16.811
1513,14.920,16.739
1514,14.944,16.770
1515,15.096,16.943
1516,15.147,17.024
1517,15.048,16.876
1518,15.031,16.858
1519,15.090,16.951
1520,15.070,16.923
1521,15.048,16.861
1522,15.065,16.911
1523,15.103,16.946
1524,15.105,16.948
1525,15.118,16.947
1526,15.194,17.058
1527,15.322,17.256
1528,15.228,17.073
1529,15.275,17.117
1530,15.376,17.263
1531,15.410,17.300
1532,15.527,17.439
1533,15.513,17.407
1534,15.483,17.375
1535,15.568,17.437
1536,15.585,17.467
1537,15.593,17.469
1538,15.639,17.516
1539,15.626,17.499
1540,15.613,17.499
1541,15.582,17.459
1542,15.586,17.476
1543,15.617,17.501
1544,15.581,17.467
1545,15.601,17.502
1546,15.568,17.459
1547,15.567,17.475
1548,15.539,17.445
1549,15.517,17.404
1550,15.476,17.367
1551,15.434,17.297
1552,15.452,17.308
1553,15.488,17.384
1554,15.493,17.385
1555,15.484,17.355
1556,15.468,17.344
1557,15.438,17.306
1558,15.392,17.257
1559,15.427,17.308
1560,15.410,17.291
1561,15.405,17.308
1562,15.399,17.305
1563,15.251,17.089
1564,15.239,17.088
1565,15.238,17.076
1566,15.299,17.165
1567,15.443,17.390
1568,15.413,17.354
1569,15.443,17.401
1570,15.459,17.415
1571,15.444,17.377
1572,15.433,17.381
1573,15.403,17.344
1574,15.427,17.382
1575,15.416,17.357
1576,15.380,17.309
1577,15.363,17.313
1578,15.332,17.273
1579,15.317,17.256
1580,15.301,17.252
1581,15.293,17.254
1582,15.289,17.227
1583,15.284,17.219
1584,15.274,17.205
1585,15.298,17.275
1586,15.304,17.276
1587,15.280,17.249
1588,15.308,17.271
1589,15.270,17.244
1590,15.287,17.265
1591,15.267,17.237
1592,15.207,17.177
1593,15.203,17.176
1594,15.222,17.194
1595,15.212,17.200
1596,15.223,17.201
1597,15.201,17.206
1598,15.187,17.190
1599,15.173,17.178
1600,15.210,17.211
1601,15.197,17.168
1602,15.199,17.150
1603,15.192,17.160
1604,15.212,17.184
1605,15.270,17.245
1606,15.342,17.373
1607,15.288,17.277
1608,15.304,17.320
1609,15.250,17.254
1610,15.229,17.215
1611,15.194,17.168
1612,15.225,17.240
1613,15.205,17.192
1614,15.218,17.202
1615,15.227,17.214
1616,15.255,17.249
1617,15.235,17.218
1618,15.288,17.284
1619,15.302,17.299
1620,15.275,17.260
1621,15.258,17.241
1622,15.319,17.361
1623,15.271,17.264
1624,15.306,17.325
1625,15.308,17.323
1626,15.269,17.265
1627,15.285,17.274
1628,15.316,17.334
1629,15.289,17.294
1630,15.364,17.397
1631,15.289,17.299
1632,15.308,17.322
1633,15.322,17.364
1634,15.283,17.323
1635,15.296,17.339
1636,15.291,17.313
1637,15.237,17.251
1638,15.300,17.340
1639,15.244,17.276
1640,15.213,17.216
1641,15.213,17.221
1642,15.158,17.188
1643,15.147,17.164
1644,15.160,17.178
1645,15.121,17.127
1646,15.147,17.173
1647,15.286,17.325
1648,15.306,17.359
1649,15.353,17.422
1650,15.295,17.327
1651,15.287,17.308
1652,15.276,17.290
1653,15.280,17.334
1654,15.251,17.271
1655,15.298,17.339
1656,15.278,17.313
1657,15.298,17.335
1658,15.235,17.263
1659,15.404,17.454
1660,15.425,17.500
1661,15.401,17.480
1662,15.364,17.450
1663,15.315,17.381
1664,15.266,17.315
1665,15.282,17.338
1666,15.209,17.230
1667,15.199,17.225
1668,15.328,17.385
1669,15.309,17.366
1670,15.306,17.321
1671,15.317,17.364
1672,15.259,17.296
1673,15.268,17.333
1674,15.204,17.239
1675,15.239,17.318
1676,15.174,17.238
1677,15.179,17.232
1678,15.151,17.191
1679,15.167,17.213
1680,15.338,17.425
1681,15.383,17.469
1682,15.405,17.467
1683,15.489,17.599
1684,15.462,17.531
1685,15.513,17.577
1686,15.560,17.634
1687,15.643,17.728
1688,15.743,17.865
1689,15.699,17.751
1690,15.777,17.850
1691,15.844,17.946
1692,15.941,18.047
1693,15.991,18.104
1694,16.042,18.140
1695,15.984,18.102
1696,16.002,18.144
1697,15.960,18.047
1698,15.943,18.059
1699,15.887,17.956
1700,15.932,18.031
1701,15.883,17.968
1702,15.874,17.943
1703,15.937,18.051
1704,15.900,17.995
1705,15.877,17.964
1706,15.808,17.868
1707,15.796,17.866
1708,15.826,17.940
1709,15.767,17.856
1710,15.735,17.814
1711,15.754,17.871
1712,15.797,17.893
1713,15.775,17.879
1714,15.718,17.778
1715,15.743,17.809
1716,15.753,17.818
1717,15.710,17.764
1718,15.701,17.749
1719,15.715,17.767
1720,15.671,17.685
1721,15.669,17.692
1722,15.695,17.740
1723,15.669,17.693
1724,15.644,17.664
1725,15.633,17.645
1726,15.645,17.639
1727,15.620,17.608
1728,15.614,17.600
1729,15.637,17.636
1730,15.611,17.606
1731,15.618,17.625
1732,15.632,17.623
1733,15.577,17.587
1734,15.570,17.559
1735,15.552,17.522
1736,15.529,17.516
1737,15.556,17.511
1738,15.524,17.465
1739,15.488,17.434
1740,15.491,17.445
1741,15.520,17.474
1742,15.511,17.463
1743,15.479,17.421
1744,15.461,17.400
1745,15.439,17.372
1746,15.429,17.348
1747,15.431,17.368
1748,15.360,17.289
1749,15.377,17.286
1750,15.334,17.250
1751,15.303,17.199
1752,15.228,17.114
1753,15.224,17.084
1754,15.176,17.052
1755,15.197,17.093
1756,15.100,16.961
1757,15.079,16.930
1758,15.128,16.988
1759,15.049,16.881
1760,15.080,16.899
1761,15.004,16.809
1762,15.027,16.841
1763,15.026,16.825
1764,15.010,16.835
1765,14.998,16.817
1766,14.993,16.778
1767,14.955,16.732
1768,14.963,16.728
1769,14.983,16.748
1770,14.992,16.756
1771,15.021,16.807
1772,15.000,16.771
1773,15.035,16.800
1774,15.017,16.777
1775,15.035,16.794
1776,15.034,16.802
1777,15.015,16.757
1778,15.047,16.790
1779,15.034,16.771
1780,15.001,16.748
1781,15.017,16.759
1782,15.025,16.763
1783,15.083,16.840
1784,15.074,16.798
1785,15.060,16.779
1786,15.050,16.764
1787,15.028,16.719
1788,15.023,16.726
1789,15.058,16.757
1790,15.076,16.782
1791,15.049,16.749
1792,15.054,16.743
1793,15.051,16.753
1794,15.099,16.820
1795,15.108,16.839
1796,15.152,16.870
1797,15.106,16.825
1798,15.144,16.855
1799,15.146,16.835
1800,15.163,16.862
1801,15.136,16.826
1802,15.178,16.896
1803,15.205,16.941
1804,15.154,16.861
1805,15.194,16.906
1806,15.175,16.904
1807,15.175,16.928
1808,15.107,16.835
1809,15.149,16.878
1810,15.152,16.907
1811,15.147,16.905
1812,14.958,16.691
1813,14.932,16.706
1814,14.907,16.680
1815,14.901,16.668
1816,14.780,16.567
1817,14.759,16.546
1818,14.743,16.526
1819,14.741,16.531
1820,14.726,16.522
1821,14.741,16.542
1822,14.710,16.517
1823,14.726,16.535
1824,14.727,16.535
1825,14.754,16.571
1826,14.758,16.574
1827,14.757,16.593
1828,14.649,16.471
1829,14.600,16.416
1830,14.576,16.379
1831,14.596,16.428
1832,14.581,16.380
1833,14.577,16.405
1834,14.557,16.360
1835,14.589,16.383
1836,14.562,16.361
1837,14.600,16.413
1838,14.601,16.407
1839,14.554,16.348
1840,14.546,16.322
1841,14.530,16.298
1842,14.525,16.294
1843,14.509,16.272
1844,14.490,16.247
1845,14.440,16.188
1846,14.435,16.219
1847,14.442,16.230
1848,14.404,16.198
1849,14.325,16.077
1850,14.301,16.049
1851,14.403,16.152
1852,14.478,16.255
1853,14.418,16.180
1854,14.400,16.146
1855,14.409,16.169
1856,14.559,16.397
1857,14.452,16.185
1858,14.449,16.220
1859,14.406,16.154
1860,14.296,16.041
1861,14.236,15.986
1862,14.159,15.896
1863,14.280,16.041
1864,14.306,16.086
1865,14.301,16.096
1866,14.361,16.164
1867,14.371,16.155
1868,14.401,16.207
1869,14.485,16.292
1870,14.615,16.425
1871,14.775,16.649
1872,14.759,16.587
1873,14.942,16.833
1874,14.956,16.765
1875,15.028,16.861
1876,15.188,17.040
1877,15.311,17.180
1878,15.464,17.437
1879,15.346,17.195
1880,15.471,17.356
1881,15.390,17.222
1882,15.254,17.105
1883,15.399,17.280
1884,15.475,17.327
1885,15.601,17.453
1886,15.800,17.680
1887,15.661,17.524
1888,15.765,17.626
1889,15.993,17.899
1890,15.879,17.741
1891,15.858,17.727
1892,15.637,17.435
1893,15.509,17.278
1894,15.520,17.315
1895,15.478,17.265
1896,15.426,17.199
1897,15.454,17.230
1898,15.397,17.173
1899,15.428,17.200
1900,15.533,17.351
1901,15.569,17.407
1902,15.502,17.308
1903,15.504,17.324
1904,15.538,17.390
1905,15.435,17.214
1906,15.427,17.212
1907,15.595,17.482
1908,15.608,17.503
1909,15.560,17.407
1910,15.554,17.401
1911,15.610,17.480
1912,15.574,17.437
1913,15.586,17.450
1914,15.611,17.477
1915,15.604,17.460
1916,15.558,17.390
1917,15.592,17.448
1918,15.584,17.452
1919,15.573,17.432
1920,15.573,17.442
1921,15.543,17.396
1922,15.599,17.485
1923,15.558,17.426
1924,15.456,17.273
1925,15.453,17.283
1926,15.606,17.490
1927,15.584,17.448
1928,15.581,17.457
1929,15.547,17.396
1930,15.553,17.411
1931,15.569,17.435
1932,15.526,17.370
1933,15.598,17.486
1934,15.641,17.536
1935,15.490,17.285
1936,15.613,17.500
1937,15.574,17.462
1938,15.585,17.446
1939,15.589,17.481
1940,15.621,17.507
1941,15.583,17.461
1942,15.612,17.509
1943,15.583,17.466
1944,15.569,17.454
1945,15.601,17.515
1946,15.629,17.569
1947,15.541,17.423
1948,15.534,17.431
1949,15.528,17.429
1950,15.493,17.401
1951,15.494,17.401
1952,15.547,17.507
1953,15.432,17.352
1954,15.469,17.437
1955,15.428,17.371
1956,15.538,17.478
1957,15.493,17.394
1958,15.523,17.451
1959,15.434,17.334
1960,15.409,17.305
1961,15.388,17.282
1962,15.412,17.329
1963,15.382,17.267
1964,15.385,17.290
1965,15.381,17.279
1966,15.386,17.271
1967,15.446,17.356
1968,15.404,17.283
1969,15.374,17.258
1970,15.413,17.324
1971,15.389,17.297
1972,15.447,17.359
1973,15.412,17.316
1974,15.502,17.442
1975,15.552,17.506
1976,15.512,17.476
1977,15.413,17.335
1978,15.336,17.244
1979,15.454,17.439
1980,15.361,17.287
1981,15.345,17.250
1982,15.337,17.257
1983,15.331,17.261
1984,15.361,17.313
1985,15.320,17.256
1986,15.303,17.227
1987,15.309,17.246
