0,24.236,24.775
1,24.236,24.772
2,24.221,24.762
3,24.224,24.774
4,24.238,24.789
5,24.267,24.817
6,24.232,24.761
7,24.232,24.767
8,24.289,24.826
9,24.266,24.813
10,24.097,24.612
11,24.104,24.616
12,24.315,24.877
13,24.291,24.845
14,24.305,24.871
15,24.316,24.891
16,24.337,24.908
17,24.351,24.935
18,24.405,24.989
19,24.381,24.960
20,24.392,24.982
21,24.363,24.952
22,24.343,24.936
23,24.368,24.966
24,24.364,24.954
25,24.409,25.006
26,24.407,25.005
27,24.390,24.976
28,24.370,24.957
29,24.424,25.025
30,24.255,24.828
31,24.472,25.075
32,24.391,24.988
33,24.387,24.982
34,24.325,24.896
35,24.346,24.926
36,24.361,24.960
37,24.353,24.950
38,24.325,24.889
39,24.381,24.957
40,24.358,24.947
41,24.266,24.842
42,24.291,24.877
43,24.326,24.903
44,24.328,24.923
45,24.233,24.798
46,24.276,24.855
47,24.337,24.925
48,24.160,24.728
49,24.317,24.886
50,24.318,24.911
51,24.345,24.942
52,24.266,24.834
53,24.320,24.902
54,24.329,24.912
55,24.382,24.959
56,24.314,24.865
57,24.317,24.883
58,24.124,24.659
59,24.077,24.606
60,24.102,24.636
61,24.326,24.905
62,24.255,24.806
63,24.226,24.788
64,24.224,24.797
65,24.232,24.790
66,24.189,24.748
67,24.197,24.746
68,24.216,24.768
69,24.138,24.674
70,24.166,24.715
71,24.157,24.707
72,24.141,24.690
73,24.151,24.692
74,24.162,24.714
75,24.132,24.671
76,23.910,24.416
77,23.885,24.383
78,23.861,24.360
79,24.097,24.632
80,24.151,24.702
81,24.184,24.733
82,24.187,24.730
83,23.936,24.443
84,24.007,24.528
85,24.018,24.536
86,24.039,24.571
87,24.030,24.554
88,24.034,24.559
89,24.195,24.743
90,24.187,24.729
91,24.180,24.730
92,23.885,24.382
93,23.906,24.414
94,23.956,24.468
95,23.964,24.476
96,23.980,24.494
97,24.155,24.703
98,24.113,24.665
99,24.112,24.649
100,24.101,24.656
101,24.084,24.627
102,24.108,24.658
103,24.134,24.691
104,24.111,24.650
105,24.195,24.745
106,24.020,24.541
107,24.198,24.755
108,24.175,24.730
109,24.210,24.767
110,24.230,24.780
111,24.212,24.768
112,24.245,24.799
113,24.228,24.781
114,24.267,24.825
115,24.098,24.629
116,24.182,24.724
117,24.215,24.787
118,24.290,24.873
119,24.204,24.761
120,24.314,24.887
121,24.327,24.910
122,24.305,24.887
123,24.123,24.666
124,24.091,24.616
125,24.352,24.914
126,24.378,24.952
127,24.358,24.929
128,24.280,24.818
129,24.345,24.906
130,24.157,24.703
131,24.298,24.854
132,24.402,24.982
133,24.341,24.915
134,24.331,24.896
135,24.254,24.805
136,24.339,24.899
137,24.340,24.911
138,24.090,24.616
139,24.105,24.634
140,24.237,24.776
141,24.255,24.803
142,24.223,24.769
143,24.271,24.820
144,24.219,24.765
145,24.230,24.792
146,24.021,24.553
147,23.920,24.440
148,24.150,24.710
149,24.155,24.713
150,24.138,24.697
151,24.116,24.669
152,24.047,24.601
153,24.059,24.608
154,24.064,24.610
155,24.079,24.626
156,24.094,24.650
157,24.071,24.621
158,24.054,24.597
159,23.747,24.225
160,23.821,24.332
161,23.843,24.371
162,23.895,24.425
163,24.101,24.654
164,24.078,24.620
165,24.101,24.641
166,23.916,24.443
167,23.926,24.456
168,23.939,24.474
169,24.152,24.734
170,24.115,24.695
171,24.128,24.709
172,24.093,24.666
173,24.089,24.658
174,24.131,24.700
175,24.131,24.712
176,24.159,24.740
177,24.126,24.703
178,23.944,24.482
179,23.933,24.466
180,23.957,24.498
181,23.947,24.495
182,24.166,24.750
183,24.177,24.749
184,24.161,24.745
185,24.176,24.758
186,24.206,24.790
187,24.247,24.836
188,24.259,24.845
189,24.282,24.875
190,24.266,24.854
191,24.268,24.857
192,24.250,24.832
193,24.306,24.906
194,24.083,24.637
195,24.076,24.630
196,24.259,24.830
197,24.213,24.788
198,24.167,24.739
199,24.180,24.745
200,24.005,24.539
201,24.215,24.790
202,24.224,24.801
203,24.119,24.681
204,24.145,24.701
205,24.120,24.670
206,24.143,24.706
207,24.184,24.743
208,24.160,24.726
209,24.154,24.715
210,24.140,24.708
211,24.128,24.700
212,24.101,24.661
213,24.140,24.710
214,24.155,24.721
215,24.179,24.760
216,24.145,24.711
217,23.927,24.455
218,23.945,24.469
219,23.979,24.503
220,23.967,24.491
221,23.950,24.490
222,23.966,24.499
223,23.945,24.476
224,23.914,24.425
225,23.903,24.420
226,23.934,24.444
227,23.944,24.460
228,23.962,24.486
229,23.880,24.391
230,24.035,24.565
231,24.102,24.643
232,24.033,24.558
233,24.011,24.549
234,24.006,24.555
235,23.998,24.532
236,23.976,24.507
237,23.968,24.494
238,23.991,24.529
239,24.022,24.550
240,24.060,24.585
241,23.988,24.515
242,23.970,24.488
243,23.945,24.460
244,23.952,24.469
245,23.991,24.506
246,23.987,24.507
247,23.950,24.460
248,23.956,24.464
249,23.944,24.443
250,23.956,24.467
251,23.961,24.478
252,23.922,24.428
253,23.924,24.428
254,23.894,24.406
255,23.850,24.351
256,23.886,24.388
257,23.882,24.378
258,23.880,24.392
259,23.943,24.443
260,23.918,24.434
261,23.855,24.349
262,23.831,24.317
263,23.949,24.451
264,23.876,24.368
265,23.837,24.316
266,23.848,24.348
267,23.867,24.369
268,23.806,24.296
269,23.817,24.317
270,23.843,24.332
271,23.888,24.379
272,23.895,24.388
273,23.920,24.416
274,23.911,24.403
275,23.931,24.430
276,23.896,24.393
277,23.797,24.290
278,23.823,24.322
279,23.738,24.224
280,23.952,24.455
281,23.885,24.383
282,23.882,24.373
283,23.853,24.343
284,23.849,24.340
285,23.882,24.367
286,23.871,24.362
287,23.891,24.392
288,23.828,24.306
289,24.194,24.718
290,24.213,24.740
291,24.274,24.803
292,24.194,24.718
293,24.132,24.655
294,24.339,24.904
295,24.349,24.915
296,24.418,25.004
297,24.477,25.067
298,24.441,25.019
299,24.435,25.013
300,24.243,24.780
301,24.500,25.076
302,24.491,25.079
303,24.527,25.106
304,24.504,25.090
305,24.527,25.112
306,24.597,25.174
307,24.678,25.291
308,24.607,25.213
309,24.591,25.189
310,24.637,25.241
311,24.654,25.249
312,24.649,25.252
313,24.617,25.219
314,24.640,25.240
315,24.706,25.322
316,24.823,25.469
317,24.770,25.419
318,24.596,25.194
319,24.699,25.311
320,24.681,25.281
321,24.698,25.308
322,24.736,25.337
323,24.809,25.429
324,24.739,25.344
325,24.847,25.481
326,24.753,25.382
327,24.647,25.233
328,24.691,25.300
329,24.721,25.326
330,24.779,25.381
331,24.784,25.384
332,24.694,25.286
333,24.696,25.292
334,24.705,25.324
335,24.713,25.309
336,24.694,25.283
337,24.693,25.298
338,24.637,25.213
339,24.656,25.240
340,24.640,25.225
341,24.672,25.260
342,24.707,25.314
343,24.681,25.281
344,24.570,25.153
345,24.602,25.192
346,24.581,25.172
347,24.645,25.234
348,24.430,24.957
349,24.715,25.286
350,24.671,25.249
351,24.709,25.294
352,24.716,25.297
353,24.782,25.373
354,24.834,25.431
355,24.881,25.491
356,24.879,25.488
357,24.884,25.493
358,24.809,25.418
359,24.707,25.285
360,24.776,25.383
361,24.737,25.347
362,24.773,25.379
363,24.745,25.340
364,24.681,25.270
365,24.675,25.255
366,24.680,25.273
367,24.751,25.348
368,24.838,25.454
369,24.778,25.370
370,24.857,25.458
371,24.964,25.579
372,24.840,25.432
373,25.158,25.809
374,25.000,25.616
375,24.935,25.541
376,24.949,25.556
377,25.026,25.634
378,25.251,25.894
379,25.168,25.803
380,25.026,25.653
381,25.223,25.873
382,24.971,25.599
383,25.369,26.048
384,25.097,25.780
385,24.530,25.085
386,24.846,25.458
387,25.040,25.678
388,24.860,25.454
389,25.016,25.609
390,25.102,25.705
391,24.929,25.506
392,24.895,25.465
393,24.955,25.533
394,25.003,25.598
395,25.051,25.649
396,24.951,25.530
397,24.889,25.441
398,24.908,25.475
399,24.950,25.537
400,24.889,25.460
401,24.896,25.473
402,24.926,25.495
403,24.961,25.550
404,25.012,25.600
405,25.025,25.612
406,24.965,25.537
407,24.930,25.497
408,24.977,25.552
409,25.017,25.598
410,24.948,25.491
411,25.067,25.649
412,25.011,25.569
413,25.006,25.567
414,24.937,25.482
415,24.854,25.386
416,24.886,25.430
417,24.884,25.434
418,24.925,25.478
419,24.864,25.402
420,24.917,25.480
421,24.886,25.434
422,24.885,25.458
423,24.844,25.399
424,24.894,25.448
425,24.869,25.429
426,24.811,25.364
427,24.828,25.400
428,24.761,25.308
429,24.773,25.329
430,24.723,25.278
431,24.709,25.266
432,24.697,25.250
433,24.702,25.274
434,24.682,25.247
435,24.599,25.145
436,24.623,25.169
437,24.666,25.210
438,24.659,25.212
439,24.710,25.268
440,24.699,25.248
441,24.698,25.254
442,24.625,25.179
443,24.704,25.276
444,24.725,25.292
445,24.712,25.275
446,24.740,25.301
447,24.667,25.224
448,24.640,25.191
449,24.717,25.298
450,24.586,25.144
451,24.580,25.123
452,24.581,25.144
453,24.567,25.102
454,24.533,25.075
455,24.489,25.021
456,24.462,24.989
457,24.438,24.969
458,24.492,25.031
459,24.492,25.020
460,24.478,25.010
461,24.458,24.999
462,24.526,25.082
463,24.558,25.111
464,24.515,25.069
465,24.499,25.047
466,24.494,25.050
467,24.464,25.006
468,24.493,25.041
469,24.505,25.053
470,24.461,25.000
471,24.457,24.993
472,24.434,24.950
473,24.426,24.947
474,24.406,24.927
475,24.410,24.938
476,24.433,24.953
477,24.460,24.994
478,24.493,25.049
479,24.496,25.038
480,24.474,25.029
481,24.471,25.033
482,24.492,25.042
483,24.485,25.033
484,24.497,25.053
485,24.476,25.029
486,24.474,25.022
487,24.472,25.034
488,24.489,25.036
489,24.469,25.018
490,24.490,25.032
491,24.455,24.989
492,24.429,24.978
493,24.381,24.940
494,24.355,24.902
495,24.403,24.956
496,24.408,24.942
497,24.385,24.936
498,24.393,24.944
499,24.384,24.932
500,24.465,25.027
501,24.418,24.969
502,24.481,25.050
503,24.482,25.050
504,24.575,25.139
505,24.513,25.074
506,24.567,25.126
507,24.588,25.171
508,24.511,25.077
509,24.567,25.140
510,24.522,25.086
511,24.505,25.072
512,24.477,25.052
513,24.501,25.078
514,24.490,25.053
515,24.515,25.094
516,24.509,25.102
517,24.520,25.120
518,24.505,25.106
519,24.540,25.154
520,24.581,25.206
521,24.482,25.098
522,24.643,25.298
523,24.501,25.135
524,24.370,24.993
525,24.399,25.032
526,24.387,25.018
527,24.358,24.983
528,24.508,25.151
529,24.440,25.074
530,24.537,25.217
531,24.448,25.095
532,24.386,25.007
533,24.469,25.097
534,24.406,25.031
535,24.495,25.139
536,24.499,25.156
537,24.929,25.682
538,24.598,25.275
539,24.548,25.213
540,24.424,25.052
541,24.512,25.147
542,24.693,25.377
543,24.442,25.074
544,24.500,25.138
545,24.384,24.988
546,24.478,25.105
547,24.531,25.170
548,24.508,25.135
549,24.668,25.318
550,24.605,25.233
551,24.571,25.190
552,24.692,25.324
553,24.541,25.144
554,24.598,25.219
555,24.548,25.163
556,24.551,25.169
557,24.388,24.974
558,24.536,25.160
559,24.455,25.057
560,24.522,25.139
561,24.858,25.538
562,24.836,25.519
563,24.625,25.251
564,24.610,25.245
565,24.506,25.118
566,24.614,25.247
567,24.553,25.178
568,24.566,25.178
569,24.631,25.293
570,25.154,25.896
571,24.789,25.481
572,24.686,25.337
573,24.594,25.232
574,24.548,25.181
575,24.618,25.258
576,24.519,25.129
577,24.633,25.272
578,24.522,25.142
579,24.421,25.021
580,24.475,25.097
581,24.534,25.155
582,24.519,25.138
583,24.646,25.277
584,24.664,25.301
585,24.579,25.194
586,24.559,25.151
587,24.507,25.106
588,24.573,25.198
589,24.489,25.089
590,24.669,25.290
591,24.628,25.246
592,24.582,25.175
593,24.622,25.246
594,24.689,25.325
595,24.669,25.274
596,24.720,25.344
597,24.497,25.090
598,24.722,25.357
599,24.741,25.372
600,24.679,25.291
601,24.736,25.371
602,24.754,25.360
603,24.874,25.525
604,24.903,25.529
605,24.852,25.471
606,24.880,25.522
607,24.851,25.479
608,25.006,25.661
609,24.862,25.484
610,24.990,25.655
611,24.862,25.493
612,24.894,25.548
613,24.851,25.478
614,24.862,25.498
615,24.874,25.514
616,24.931,25.583
617,24.881,25.516
618,24.939,25.594
619,24.874,25.505
620,24.946,25.592
621,25.007,25.677
622,24.929,25.567
623,24.954,25.604
624,24.879,25.516
625,25.024,25.702
626,24.978,25.640
627,24.842,25.466
628,24.764,25.378
629,24.989,25.632
630,25.104,25.803
631,24.895,25.533
632,24.906,25.555
633,24.766,25.404
634,24.809,25.448
635,24.940,25.597
636,24.939,25.603
637,25.025,25.708
638,25.010,25.689
639,24.955,25.620
640,24.723,25.356
641,24.806,25.443
642,24.836,25.489
643,24.829,25.475
644,24.679,25.291
645,24.644,25.255
646,24.646,25.250
647,24.685,25.299
648,24.705,25.331
649,24.709,25.322
650,24.686,25.292
651,24.812,25.427
652,24.660,25.280
653,24.638,25.239
654,24.678,25.283
655,24.646,25.258
656,24.827,25.484
657,24.488,25.078
658,24.920,25.571
659,24.706,25.320
660,24.442,25.028
661,24.690,25.324
662,24.643,25.269
663,24.529,25.128
664,24.600,25.207
665,25.026,25.697
666,24.674,25.297
667,24.691,25.330
668,24.652,25.286
669,24.559,25.164
670,24.692,25.332
671,24.593,25.210
672,24.699,25.318
673,24.706,25.343
674,24.637,25.260
675,24.579,25.189
676,24.602,25.237
677,24.575,25.209
678,24.529,25.172
679,24.484,25.115
680,24.493,25.132
681,24.520,25.163
682,24.713,25.401
683,24.542,25.204
684,24.522,25.177
685,24.557,25.218
686,24.518,25.173
687,24.479,25.132
688,24.517,25.155
689,24.298,24.913
690,24.476,25.140
691,24.468,25.111
692,24.690,25.368
693,24.572,25.242
694,24.558,25.216
695,24.543,25.180
696,24.758,25.425
697,24.626,25.258
698,24.593,25.230
699,24.548,25.168
700,24.690,25.345
701,24.661,25.310
702,24.746,25.409
703,24.681,25.320
704,24.690,25.332
705,24.688,25.346
706,24.704,25.369
707,24.707,25.367
708,24.795,25.476
709,24.671,25.334
710,24.655,25.313
711,24.688,25.370
712,24.709,25.395
713,24.751,25.447
714,24.904,25.622
715,24.951,25.669
716,24.843,25.547
717,24.805,25.503
718,24.755,25.447
719,24.741,25.415
720,24.753,25.429
721,24.798,25.490
722,24.666,25.341
723,24.891,25.606
724,24.865,25.556
725,24.766,25.437
726,24.893,25.597
727,24.892,25.599
728,25.007,25.740
729,25.041,25.749
730,24.953,25.647
731,24.925,25.604
732,24.904,25.567
733,24.840,25.501
734,24.780,25.449
735,24.805,25.472
736,24.881,25.559
737,24.907,25.581
738,24.852,25.505
739,24.873,25.518
740,24.837,25.500
741,24.918,25.596
742,24.917,25.590
743,24.884,25.536
744,24.978,25.645
745,24.919,25.574
746,25.075,25.760
747,24.924,25.561
748,25.108,25.769
749,24.904,25.522
750,25.096,25.755
751,25.024,25.662
752,24.934,25.560
753,24.944,25.579
754,24.897,25.513
755,24.698,25.295
756,24.777,25.386
757,24.909,25.535
758,24.952,25.582
759,24.764,25.375
760,24.999,25.626
761,25.005,25.626
762,25.022,25.675
763,25.479,26.201
764,25.183,25.854
765,24.997,25.636
766,24.991,25.629
767,24.972,25.607
768,25.098,25.769
769,25.032,25.666
770,24.944,25.569
771,25.061,25.710
772,25.003,25.643
773,24.920,25.539
774,24.946,25.571
775,24.913,25.534
776,25.045,25.700
777,24.936,25.561
778,24.956,25.594
779,24.930,25.562
780,24.926,25.550
781,24.925,25.551
782,24.928,25.550
783,24.955,25.589
784,25.040,25.696
785,25.083,25.747
786,25.042,25.690
787,24.748,25.360
788,24.841,25.475
789,24.821,25.445
790,24.866,25.498
791,24.917,25.560
792,25.004,25.657
793,24.789,25.406
794,25.003,25.654
795,25.002,25.649
796,25.064,25.726
797,25.029,25.678
798,25.109,25.787
799,25.143,25.820
800,25.102,25.759
801,25.099,25.765
802,25.074,25.750
803,25.135,25.809
804,25.156,25.836
805,25.196,25.883
806,25.227,25.913
807,25.209,25.896
808,25.210,25.891
809,25.213,25.890
810,25.181,25.846
811,25.255,25.926
812,25.241,25.912
813,25.243,25.918
814,25.281,25.972
815,25.268,25.945
816,25.253,25.931
817,25.310,25.987
818,25.233,25.929
819,25.279,25.972
820,25.282,25.963
821,25.301,25.990
822,25.325,26.014
823,25.262,25.937
824,25.280,25.957
825,25.438,26.165
826,25.454,26.208
827,25.198,25.899
828,25.508,26.283
829,25.344,26.061
830,25.363,26.079
831,25.278,25.967
832,25.247,25.919
833,25.315,25.992
834,25.315,25.991
835,25.370,26.086
836,25.354,26.054
837,25.306,26.007
838,25.322,26.024
839,25.277,25.965
840,25.224,25.891
841,25.230,25.904
842,25.253,25.940
843,25.286,25.984
844,25.142,25.817
845,25.350,26.080
846,25.330,26.027
847,25.302,25.990
848,25.289,25.961
849,25.239,25.900
850,25.205,25.840
851,25.218,25.862
852,25.237,25.876
853,25.253,25.904
854,25.276,25.952
855,25.254,25.925
856,25.242,25.916
857,25.233,25.899
858,25.220,25.868
859,25.201,25.851
860,24.906,25.505
861,25.234,25.884
862,25.125,25.745
863,25.072,25.683
864,25.045,25.643
865,25.091,25.692
866,25.105,25.702
867,25.081,25.669
868,25.090,25.679
869,25.077,25.649
870,25.140,25.722
871,25.200,25.792
872,25.158,25.756
873,25.235,25.821
874,25.120,25.713
875,25.079,25.656
876,25.158,25.762
877,25.174,25.775
878,25.153,25.763
879,25.123,25.709
880,24.930,25.486
881,24.955,25.515
882,24.929,25.488
883,25.222,25.822
884,24.972,25.543
885,24.978,25.551
886,25.005,25.567
887,24.984,25.541
888,25.270,25.877
889,25.200,25.802
890,25.186,25.778
891,25.167,25.767
892,25.198,25.796
893,25.191,25.787
894,25.182,25.785
895,25.166,25.748
896,25.166,25.760
897,25.144,25.728
898,25.151,25.745
899,25.207,25.803
900,24.926,25.472
901,24.914,25.456
902,25.172,25.758
903,25.060,25.622
904,25.092,25.655
905,25.176,25.754
906,25.152,25.731
907,25.210,25.809
908,25.232,25.825
909,25.002,25.550
910,25.184,25.772
911,25.328,25.966
912,25.285,25.913
913,25.182,25.778
914,25.176,25.764
915,25.195,25.785
916,25.209,25.807
917,25.178,25.765
918,24.952,25.496
919,25.153,25.742
920,25.104,25.668
921,25.169,25.753
922,25.183,25.754
923,25.136,25.728
924,25.173,25.772
925,25.200,25.808
926,25.214,25.819
927,25.167,25.779
928,25.226,25.838
929,25.227,25.835
930,25.158,25.743
931,25.191,25.803
932,25.262,25.889
933,25.313,25.942
934,25.282,25.906
935,25.347,25.997
936,25.328,25.969
937,25.303,25.926
938,25.360,26.000
939,25.375,26.034
940,25.327,25.976
941,25.381,26.044
942,25.394,26.062
943,25.340,25.986
944,25.366,26.027
945,25.363,26.021
946,25.387,26.069
947,25.307,25.956
948,25.328,26.005
949,25.321,25.984
950,25.412,26.100
951,25.245,25.887
952,25.513,26.220
953,25.454,26.127
954,25.474,26.179
955,25.396,26.065
956,25.463,26.148
957,25.412,26.069
958,25.477,26.158
959,25.397,26.054
960,25.263,25.897
961,25.385,26.036
962,25.403,26.074
963,25.321,25.987
964,25.368,26.055
965,25.315,25.976
966,25.384,26.078
967,25.392,26.081
968,25.424,26.109
969,25.349,26.025
970,25.259,25.905
971,25.432,26.115
972,25.360,26.018
973,25.335,26.005
974,25.282,25.912
975,25.086,25.692
976,25.271,25.932
977,25.217,25.882
978,25.183,25.814
979,25.198,25.842
980,25.230,25.885
981,25.185,25.825
982,25.222,25.882
983,25.241,25.878
984,25.236,25.878
985,25.318,25.995
986,25.191,25.848
987,25.096,25.728
988,25.114,25.750
989,25.063,25.690
990,25.020,25.634
991,25.281,25.936
992,25.199,25.825
993,25.251,25.894
994,25.240,25.891
995,25.157,25.782
996,25.238,25.877
997,25.209,25.833
998,25.252,25.888
999,25.059,25.641
1000,25.186,25.792
1001,25.287,25.937
1002,25.150,25.792
1003,25.163,25.807
1004,25.094,25.703
1005,25.152,25.808
1006,25.116,25.758
1007,25.029,25.649
1008,25.050,25.669
1009,25.041,25.669
1010,25.028,25.642
1011,25.061,25.688
1012,24.888,25.498
1013,25.084,25.728
1014,25.008,25.635
1015,25.069,25.723
1016,25.027,25.678
1017,25.027,25.676
1018,24.982,25.614
1019,25.144,25.810
1020,24.962,25.597
1021,25.120,25.772
1022,25.141,25.805
1023,25.068,25.733
1024,25.028,25.688
1025,25.032,25.704
1026,25.072,25.747
1027,25.061,25.716
1028,25.052,25.718
1029,25.039,25.706
1030,24.808,25.417
1031,25.028,25.700
1032,25.013,25.662
1033,25.081,25.749
1034,24.988,25.623
1035,25.012,25.646
1036,24.919,25.538
1037,24.943,25.583
1038,24.979,25.627
1039,24.944,25.577
1040,24.956,25.595
1041,24.869,25.486
1042,24.878,25.503
1043,24.861,25.486
1044,24.863,25.486
1045,24.836,25.462
1046,24.880,25.506
1047,24.664,25.255
1048,24.823,25.425
1049,24.880,25.498
1050,24.865,25.481
1051,24.862,25.468
1052,24.924,25.553
1053,24.951,25.570
1054,24.728,25.328
1055,24.729,25.311
1056,24.732,25.320
1057,24.937,25.561
1058,24.993,25.625
1059,24.964,25.603
1060,24.977,25.611
1061,24.964,25.596
1062,24.933,25.554
1063,24.880,25.493
1064,24.897,25.508
1065,24.877,25.495
1066,24.867,25.484
1067,24.910,25.536
1068,24.890,25.508
1069,24.872,25.485
1070,24.680,25.267
1071,24.686,25.243
1072,24.846,25.448
1073,24.881,25.481
1074,24.860,25.468
1075,24.926,25.531
1076,24.806,25.376
1077,24.934,25.543
1078,24.834,25.421
1079,24.989,25.613
1080,25.131,25.768
1081,25.039,25.678
1082,24.945,25.545
1083,25.001,25.611
1084,25.023,25.641
1085,25.060,25.698
1086,24.955,25.560
1087,24.971,25.584
1088,25.000,25.617
1089,24.732,25.286
1090,24.949,25.552
1091,24.929,25.522
1092,24.877,25.471
1093,24.856,25.461
1094,24.782,25.361
1095,24.817,25.411
1096,24.874,25.465
1097,24.778,25.358
1098,24.778,25.378
1099,24.797,25.390
1100,24.800,25.392
1101,24.773,25.389
1102,24.722,25.324
1103,24.686,25.272
1104,24.725,25.312
1105,24.572,25.124
1106,24.576,25.142
1107,24.781,25.374
1108,24.817,25.435
1109,24.767,25.367
1110,24.801,25.407
1111,24.830,25.442
1112,24.837,25.461
1113,24.801,25.407
1114,24.801,25.403
1115,24.945,25.554
1116,24.868,25.494
1117,24.812,25.418
1118,24.784,25.386
1119,24.701,25.268
1120,24.906,25.518
1121,24.920,25.536
1122,24.909,25.520
1123,25.083,25.740
1124,24.794,25.389
1125,24.926,25.537
1126,24.979,25.586
1127,24.985,25.589
1128,24.959,25.569
1129,24.955,25.561
1130,24.960,25.563
1131,24.760,25.324
1132,24.813,25.389
1133,24.936,25.542
1134,24.926,25.541
1135,24.956,25.554
1136,24.926,25.514
1137,24.923,25.513
1138,24.910,25.498
1139,24.915,25.500
1140,24.930,25.514
1141,24.998,25.603
1142,24.967,25.587
1143,24.831,25.401
1144,24.792,25.350
1145,24.975,25.570
1146,24.970,25.576
1147,24.797,25.371
1148,24.784,25.352
1149,24.913,25.500
1150,24.903,25.495
1151,24.849,25.442
1152,24.842,25.428
1153,24.893,25.509
1154,24.925,25.538
1155,24.905,25.530
1156,24.943,25.557
1157,24.974,25.595
1158,24.957,25.579
1159,24.996,25.636
1160,25.021,25.676
1161,24.838,25.430
1162,25.134,25.776
1163,24.999,25.626
1164,24.925,25.531
1165,24.885,25.493
1166,25.016,25.618
1167,24.786,25.362
1168,25.079,25.714
1169,24.943,25.557
1170,25.019,25.631
1171,25.011,25.624
1172,24.994,25.596
1173,24.991,25.609
1174,24.996,25.622
1175,24.938,25.546
1176,24.920,25.535
1177,24.852,25.459
1178,24.813,25.416
1179,24.816,25.420
1180,24.773,25.366
1181,24.756,25.350
1182,24.706,25.292
1183,24.730,25.302
1184,24.667,25.234
1185,24.621,25.172
1186,24.569,25.119
1187,24.564,25.115
1188,24.601,25.164
1189,24.375,24.887
1190,24.652,25.198
1191,24.592,25.126
1192,24.547,25.076
1193,24.531,25.066
1194,24.560,25.079
1195,24.574,25.092
1196,24.350,24.843
1197,24.322,24.809
1198,24.301,24.780
1199,24.461,24.970
1200,24.485,24.997
1201,24.433,24.956
1202,24.421,24.933
1203,24.431,24.959
1204,24.410,24.920
1205,24.412,24.913
1206,24.419,24.932
1207,24.403,24.905
1208,24.422,24.923
1209,24.374,24.869
1210,24.356,24.853
1211,24.298,24.808
1212,24.366,24.878
1213,24.127,24.597
1214,24.128,24.589
1215,24.198,24.667
1216,24.303,24.798
1217,24.315,24.812
1218,24.296,24.782
1219,24.348,24.847
1220,24.417,24.903
1221,24.478,24.983
1222,24.428,24.940
1223,24.460,24.988
1224,24.422,24.937
1225,24.240,24.728
1226,24.439,24.950
1227,24.404,24.918
1228,24.425,24.928
1229,24.455,24.960
1230,24.286,24.772
1231,24.226,24.699
1232,24.486,25.017
1233,24.439,24.957
1234,24.460,24.992
1235,24.491,25.025
1236,24.479,25.014
1237,24.456,24.966
1238,24.481,24.999
1239,24.483,24.981
1240,24.494,25.022
1241,24.551,25.080
1242,24.523,25.057
1243,24.475,24.984
1244,24.487,25.016
1245,24.476,25.004
1246,24.537,25.078
1247,24.535,25.074
1248,24.499,25.013
1249,24.572,25.104
1250,24.528,25.050
1251,24.574,25.111
1252,24.497,25.025
1253,24.497,25.020
1254,24.543,25.068
1255,24.529,25.054
1256,24.642,25.167
1257,24.770,25.338
1258,24.822,25.412
1259,24.783,25.358
1260,24.599,25.132
1261,24.588,25.119
1262,24.885,25.458
1263,24.867,25.451
1264,25.200,25.848
1265,24.590,25.131
1266,25.102,25.737
1267,24.847,25.456
1268,24.678,25.242
1269,24.643,25.209
1270,24.495,25.026
1271,24.442,24.959
1272,24.400,24.914
1273,24.541,25.071
1274,24.555,25.096
1275,24.493,25.034
1276,24.575,25.120
1277,24.496,25.028
1278,24.529,25.067
1279,24.577,25.119
1280,24.525,25.073
1281,24.590,25.128
1282,24.681,25.239
1283,24.691,25.264
1284,24.700,25.259
1285,24.654,25.198
1286,24.675,25.217
1287,24.645,25.187
1288,24.713,25.271
1289,24.701,25.272
1290,24.757,25.311
1291,24.683,25.244
1292,24.712,25.267
1293,24.766,25.341
1294,24.696,25.258
1295,24.733,25.307
1296,24.783,25.342
1297,24.784,25.357
1298,24.790,25.368
1299,24.798,25.379
1300,24.800,25.380
1301,24.815,25.378
1302,24.893,25.470
1303,24.913,25.498
1304,25.039,25.636
1305,25.004,25.605
1306,25.004,25.608
1307,24.973,25.569
1308,25.003,25.592
1309,24.991,25.582
1310,25.019,25.606
1311,25.004,25.598
1312,25.008,25.602
1313,24.975,25.556
1314,24.931,25.503
1315,24.929,25.517
1316,24.865,25.436
1317,24.937,25.518
1318,24.911,25.503
1319,24.865,25.439
1320,24.626,25.156
1321,24.644,25.165
1322,24.669,25.200
1323,24.586,25.094
1324,24.728,25.269
1325,24.721,25.257
1326,24.680,25.220
1327,24.560,25.064
1328,24.509,25.008
1329,24.554,25.055
1330,24.611,25.121
1331,24.570,25.068
1332,24.751,25.280
1333,24.753,25.271
1334,24.773,25.279
1335,24.754,25.254
1336,24.762,25.280
1337,24.820,25.333
1338,24.788,25.285
1339,24.857,25.365
1340,24.871,25.391
1341,24.880,25.419
1342,24.845,25.359
1343,24.850,25.357
1344,24.827,25.349
1345,24.854,25.368
1346,24.844,25.357
1347,24.844,25.344
1348,24.893,25.411
1349,24.844,25.356
1350,24.837,25.355
1351,24.883,25.412
1352,24.905,25.434
1353,24.856,25.367
1354,24.893,25.407
1355,24.864,25.365
1356,24.791,25.276
1357,24.768,25.260
1358,24.826,25.319
1359,24.724,25.209
1360,24.876,25.398
1361,24.881,25.401
1362,24.856,25.372
1363,24.881,25.403
1364,24.850,25.363
1365,24.889,25.419
1366,24.839,25.352
1367,24.597,25.072
1368,24.617,25.094
1369,24.619,25.101
1370,24.721,25.222
1371,24.485,24.943
1372,24.533,25.007
1373,24.515,24.974
1374,24.471,24.922
1375,24.463,24.930
1376,24.374,24.815
1377,24.367,24.808
1378,24.669,25.162
1379,24.632,25.110
1380,24.572,25.045
1381,24.574,25.035
1382,24.585,25.052
1383,24.737,25.240
1384,24.651,25.143
1385,24.636,25.106
1386,24.692,25.174
1387,24.401,24.852
1388,24.579,25.045
1389,24.564,25.030
1390,24.633,25.122
1391,24.611,25.097
1392,24.652,25.160
1393,24.769,25.300
1394,24.584,25.072
1395,24.795,25.297
1396,24.910,25.434
1397,24.826,25.342
1398,24.915,25.448
1399,24.871,25.382
1400,24.896,25.425
1401,24.794,25.301
1402,24.812,25.324
1403,24.843,25.352
1404,24.808,25.303
1405,24.877,25.401
1406,24.831,25.345
1407,24.920,25.444
1408,24.843,25.360
1409,24.860,25.387
1410,24.811,25.328
1411,24.833,25.349
1412,24.789,25.302
1413,24.912,25.420
1414,24.791,25.296
1415,24.868,25.394
1416,24.890,25.404
1417,24.872,25.392
1418,24.800,25.293
1419,24.885,25.402
1420,24.706,25.183
1421,24.781,25.281
1422,24.710,25.191
1423,24.867,25.385
1424,24.874,25.408
1425,24.877,25.406
1426,24.910,25.427
1427,24.930,25.449
1428,24.918,25.450
1429,24.960,25.483
1430,25.071,25.613
1431,25.086,25.624
1432,25.100,25.623
1433,25.092,25.637
1434,25.108,25.660
1435,25.081,25.630
1436,25.072,25.618
1437,25.105,25.642
1438,24.981,25.519
1439,25.140,25.690
1440,25.152,25.719
1441,25.122,25.674
1442,25.129,25.693
1443,25.184,25.774
1444,24.960,25.485
1445,25.063,25.594
1446,25.098,25.647
1447,25.145,25.723
1448,25.072,25.649
1449,25.085,25.644
1450,25.032,25.588
1451,25.069,25.626
1452,25.125,25.694
1453,25.112,25.677
1454,25.112,25.686
1455,25.088,25.663
1456,25.053,25.619
1457,25.067,25.633
1458,25.052,25.619
1459,25.009,25.583
1460,24.979,25.555
1461,25.027,25.606
1462,25.020,25.610
1463,24.835,25.395
1464,24.835,25.378
1465,25.068,25.661
1466,25.029,25.635
1467,25.062,25.663
1468,25.067,25.664
1469,25.078,25.679
1470,25.098,25.689
1471,25.114,25.719
1472,25.145,25.770
1473,25.220,25.835
1474,25.217,25.852
1475,25.247,25.891
1476,25.243,25.898
1477,25.256,25.907
1478,25.316,25.964
1479,25.316,25.971
1480,25.314,25.971
1481,25.353,26.012
1482,25.331,26.013
1483,25.344,26.008
1484,25.304,25.949
1485,25.322,25.980
1486,25.304,25.933
1487,25.357,26.012
1488,25.257,25.894
1489,25.269,25.897
1490,25.328,25.976
1491,25.235,25.852
1492,25.272,25.914
1493,25.199,25.838
1494,25.355,26.020
1495,25.017,25.614
1496,25.345,25.990
1497,25.253,25.876
1498,25.220,25.866
1499,25.242,25.856
1500,25.285,25.927
1501,24.972,25.557
1502,25.272,25.903
1503,25.162,25.787
1504,25.054,25.654
1505,25.116,25.725
1506,25.135,25.766
1507,25.092,25.702
1508,25.126,25.747
1509,25.118,25.750
1510,25.094,25.700
1511,25.073,25.684
1512,25.097,25.718
1513,25.117,25.750
1514,25.087,25.716
1515,24.996,25.588
1516,25.071,25.690
1517,25.073,25.706
1518,25.058,25.676
1519,25.048,25.657
1520,25.125,25.748
1521,25.167,25.789
1522,25.168,25.799
1523,25.152,25.764
1524,25.159,25.787
1525,25.237,25.890
1526,25.187,25.823
1527,25.222,25.887
1528,25.124,25.749
1529,25.146,25.789
1530,25.143,25.769
1531,25.141,25.774
1532,25.065,25.704
1533,25.344,26.023
1534,25.117,25.762
1535,25.192,25.843
1536,25.093,25.704
1537,25.092,25.710
1538,25.098,25.719
1539,25.109,25.736
1540,25.078,25.693
1541,25.099,25.718
1542,24.984,25.581
1543,25.019,25.642
1544,25.086,25.719
1545,25.034,25.667
1546,24.972,25.580
1547,25.072,25.694
1548,24.970,25.584
1549,24.911,25.516
1550,24.686,25.238
1551,24.904,25.516
1552,24.915,25.523
1553,24.916,25.523
1554,24.912,25.503
1555,24.672,25.220
1556,24.884,25.480
1557,24.683,25.231
1558,24.625,25.173
1559,24.848,25.435
1560,24.841,25.425
1561,24.784,25.358
1562,24.815,25.388
1563,24.818,25.393
1564,24.785,25.332
1565,24.809,25.372
1566,24.811,25.371
1567,24.911,25.477
1568,24.953,25.533
1569,24.952,25.549
1570,24.920,25.506
1571,24.891,25.478
1572,24.903,25.501
1573,24.961,25.567
1574,24.933,25.529
1575,24.943,25.539
1576,24.943,25.554
1577,25.038,25.661
1578,24.934,25.532
1579,24.919,25.514
1580,24.873,25.453
1581,24.843,25.417
1582,24.912,25.491
1583,24.925,25.532
1584,24.945,25.556
1585,24.966,25.575
1586,24.996,25.620
1587,24.898,25.493
1588,24.928,25.530
1589,24.914,25.530
1590,24.936,25.561
1591,24.941,25.577
1592,24.988,25.628
1593,24.909,25.543
1594,24.947,25.582
1595,24.926,25.555
1596,24.862,25.481
1597,24.990,25.650
1598,24.925,25.567
1599,24.623,25.207
1600,24.653,25.255
1601,24.676,25.292
1602,24.700,25.336
1603,24.734,25.383
1604,24.783,25.434
1605,24.694,25.325
1606,24.694,25.333
1607,24.678,25.302
1608,24.686,25.314
1609,24.715,25.339
1610,24.754,25.398
1611,24.760,25.407
1612,24.800,25.456
1613,24.768,25.420
1614,24.765,25.408
1615,24.789,25.429
1616,24.784,25.406
1617,24.852,25.482
1618,24.809,25.431
1619,24.847,25.452
1620,24.846,25.445
1621,24.886,25.501
1622,24.855,25.458
1623,24.909,25.517
1624,24.904,25.506
1625,24.884,25.500
1626,24.879,25.481
1627,24.890,25.508
1628,24.861,25.477
1629,24.838,25.468
1630,24.872,25.502
1631,24.880,25.507
1632,24.832,25.458
1633,24.781,25.422
1634,24.812,25.457
1635,24.795,25.431
1636,24.756,25.391
1637,24.827,25.490
1638,24.801,25.475
1639,24.700,25.353
1640,24.811,25.489
1641,24.756,25.443
1642,24.715,25.385
1643,24.755,25.444
1644,24.827,25.538
1645,24.756,25.459
1646,24.710,25.395
1647,24.725,25.403
1648,24.713,25.398
1649,24.651,25.321
1650,24.688,25.367
1651,24.649,25.336
1652,24.658,25.347
1653,24.642,25.310
1654,24.624,25.309
1655,24.562,25.231
1656,24.603,25.295
1657,24.588,25.252
1658,24.642,25.318
1659,24.665,25.348
1660,24.690,25.380
1661,24.600,25.275
1662,24.591,25.275
1663,24.597,25.272
1664,24.576,25.253
1665,24.638,25.314
1666,24.638,25.312
1667,24.628,25.309
1668,24.712,25.391
1669,24.754,25.448
1670,24.670,25.323
1671,24.621,25.256
1672,24.703,25.345
1673,24.988,25.679
1674,24.811,25.448
1675,24.891,25.544
1676,24.882,25.522
1677,25.206,25.913
1678,24.955,25.597
1679,24.852,25.487
1680,24.879,25.532
1681,24.886,25.528
1682,24.909,25.551
1683,24.781,25.399
1684,24.847,25.476
1685,24.869,25.505
1686,24.930,25.568
1687,24.916,25.574
1688,24.983,25.635
1689,24.970,25.626
1690,24.883,25.508
1691,24.929,25.572
1692,24.985,25.644
1693,25.077,25.738
1694,25.024,25.684
1695,24.973,25.620
1696,24.990,25.645
1697,24.895,25.526
1698,24.976,25.635
1699,24.944,25.588
1700,24.980,25.643
1701,24.922,25.561
1702,24.977,25.640
1703,24.931,25.571
1704,24.962,25.605
1705,24.973,25.620
1706,24.899,25.524
1707,24.966,25.628
1708,24.934,25.573
1709,24.981,25.634
1710,24.974,25.614
1711,25.039,25.684
1712,25.090,25.757
1713,25.100,25.756
1714,25.172,25.832
1715,25.238,25.940
1716,25.210,25.887
1717,25.244,25.952
1718,25.191,25.876
1719,25.179,25.865
1720,25.235,25.950
1721,25.306,26.016
1722,25.252,25.935
1723,25.244,25.932
1724,25.230,25.922
1725,25.231,25.914
1726,25.248,25.940
1727,25.232,25.918
1728,25.243,25.930
1729,25.245,25.956
1730,25.214,25.910
1731,25.202,25.888
1732,25.168,25.859
1733,25.180,25.863
1734,25.203,25.874
1735,25.208,25.885
1736,25.164,25.843
1737,25.148,25.819
1738,25.146,25.809
1739,25.120,25.762
1740,25.105,25.746
1741,25.130,25.788
1742,25.131,25.778
1743,25.128,25.779
1744,25.078,25.734
1745,25.086,25.729
1746,25.063,25.702
1747,25.055,25.699
1748,25.133,25.802
1749,25.040,25.685
1750,25.040,25.691
1751,24.994,25.634
1752,24.974,25.609
1753,25.009,25.657
1754,25.212,25.893
1755,25.067,25.709
1756,25.092,25.741
1757,25.077,25.709
1758,25.089,25.744
1759,25.161,25.850
1760,25.117,25.769
1761,25.124,25.762
1762,25.097,25.735
1763,25.100,25.755
1764,25.138,25.783
1765,25.090,25.723
1766,25.079,25.724
1767,25.139,25.786
1768,25.077,25.718
1769,25.046,25.679
1770,25.090,25.728
1771,25.092,25.725
1772,25.064,25.707
1773,25.079,25.732
1774,25.040,25.678
1775,25.062,25.705
1776,25.003,25.638
1777,25.005,25.639
1778,24.978,25.611
1779,24.985,25.621
1780,24.997,25.636
1781,25.015,25.660
1782,25.016,25.666
1783,25.055,25.707
1784,24.994,25.650
1785,24.994,25.626
1786,25.027,25.666
1787,25.076,25.721
1788,25.045,25.675
1789,25.145,25.795
1790,25.060,25.684
1791,25.111,25.718
1792,25.143,25.774
1793,25.120,25.753
1794,25.194,25.842
1795,25.124,25.754
1796,25.149,25.781
1797,25.131,25.767
1798,25.211,25.867
1799,25.079,25.705
1800,25.127,25.761
1801,25.060,25.678
1802,25.102,25.734
1803,25.076,25.691
1804,25.085,25.711
1805,25.060,25.686
1806,24.974,25.569
1807,25.011,25.634
1808,25.020,25.649
1809,25.088,25.712
1810,24.990,25.579
1811,25.059,25.684
1812,25.045,25.661
1813,24.975,25.582
1814,25.002,25.595
1815,24.747,25.307
1816,25.054,25.655
1817,25.016,25.628
1818,24.978,25.581
1819,24.902,25.478
1820,24.942,25.530
1821,24.918,25.510
1822,25.001,25.591
1823,24.782,25.361
1824,24.771,25.347
1825,24.641,25.161
1826,24.681,25.222
1827,24.746,25.311
1828,25.015,25.629
1829,24.913,25.503
1830,24.972,25.570
1831,24.952,25.538
1832,24.989,25.591
1833,24.931,25.513
1834,24.961,25.554
1835,24.976,25.560
1836,24.958,25.537
1837,24.975,25.560
1838,25.004,25.585
1839,24.927,25.475
1840,25.059,25.651
1841,24.799,25.352
