0,14.853,18.458
1,14.870,18.461
2,14.856,18.442
3,14.731,18.201
4,14.707,18.185
5,14.562,17.902
6,14.571,17.922
7,14.675,18.128
8,16.607,21.185
9,16.330,20.324
10,16.298,20.250
11,16.364,20.365
12,16.382,20.420
13,16.433,20.492
14,16.425,20.501
15,16.420,20.474
16,16.463,20.577
17,16.492,20.625
18,16.480,20.601
19,16.490,20.603
20,16.502,20.627
21,16.504,20.626
22,16.503,20.645
23,16.530,20.670
24,16.520,20.662
25,16.497,20.604
26,16.517,20.648
27,16.469,20.532
28,16.526,20.649
29,16.526,20.631
30,16.474,20.539
31,16.494,20.542
32,16.492,20.533
33,16.403,20.364
34,16.437,20.408
35,16.414,20.372
36,16.394,20.286
37,16.370,20.237
38,16.333,20.202
39,16.289,20.063
40,16.270,20.053
41,16.310,20.086
42,16.324,20.094
43,16.253,19.989
44,16.227,19.947
45,16.285,20.034
46,16.293,20.033
47,16.297,20.064
48,16.349,20.142
49,16.324,20.107
50,16.373,20.173
51,16.368,20.168
52,16.382,20.231
53,16.369,20.213
54,16.391,20.220
55,16.373,20.197
56,16.408,20.254
57,16.399,20.206
58,16.344,20.142
59,16.342,20.105
60,16.346,20.092
61,16.327,20.064
62,16.246,19.913
63,16.271,19.942
64,16.241,19.899
65,16.207,19.828
66,16.224,19.852
67,16.226,19.826
68,16.223,19.818
69,16.178,19.747
70,16.170,19.710
71,16.158,19.673
72,16.147,19.670
73,16.151,19.635
74,16.121,19.599
75,16.066,19.516
76,16.090,19.526
77,16.024,19.406
78,16.070,19.467
79,16.044,19.405
80,16.043,19.365
81,16.003,19.334
82,16.002,19.299
83,15.992,19.274
84,15.981,19.222
85,15.914,19.113
86,15.985,19.224
87,15.942,19.118
88,15.887,19.018
89,15.866,18.992
90,15.815,18.895
91,15.793,18.862
92,15.738,18.737
93,15.699,18.700
94,15.713,18.693
95,15.710,18.689
96,15.686,18.647
97,15.673,18.612
98,15.643,18.572
99,15.617,18.540
100,15.619,18.562
101,15.590,18.558
102,15.576,18.545
103,15.585,18.588
104,15.523,18.503
105,15.537,18.541
106,15.546,18.561
107,15.476,18.499
108,15.466,18.508
109,15.432,18.459
110,15.434,18.486
111,15.381,18.420
112,15.393,18.457
113,15.381,18.458
114,15.323,18.385
115,15.288,18.344
116,15.291,18.350
117,15.257,18.314
118,15.207,18.266
119,15.189,18.244
120,15.130,18.168
121,15.100,18.126
122,15.052,18.052
123,15.020,17.995
124,14.945,17.909
125,14.929,17.883
126,14.881,17.821
127,14.838,17.784
128,14.755,17.671
129,14.698,17.587
130,14.681,17.574
131,14.624,17.493
132,14.553,17.384
133,14.500,17.328
134,14.432,17.209
135,14.328,17.067
136,14.263,16.985
137,14.218,16.921
138,14.105,16.774
139,13.989,16.598
140,13.930,16.538
141,13.800,16.363
142,13.708,16.250
143,13.547,16.013
144,13.455,15.905
145,13.383,15.819
146,13.316,15.734
147,13.266,15.666
148,13.272,15.689
149,13.262,15.692
150,13.299,15.755
151,13.278,15.702
152,13.333,15.810
153,13.320,15.815
154,13.297,15.763
155,13.198,15.618
156,13.163,15.593
157,13.143,15.575
158,13.118,15.527
159,13.095,15.502
160,13.101,15.523
161,13.050,15.448
162,13.043,15.436
163,13.031,15.425
164,13.025,15.423
165,13.007,15.382
166,12.991,15.368
167,13.016,15.408
168,13.003,15.385
169,13.011,15.405
170,12.998,15.387
171,13.028,15.421
172,13.021,15.433
173,13.015,15.419
174,13.032,15.447
175,13.023,15.440
176,12.988,15.377
177,13.001,15.390
178,12.965,15.334
179,12.953,15.321
180,12.942,15.303
181,12.930,15.293
182,12.919,15.278
183,12.907,15.252
184,12.908,15.253
185,12.897,15.236
186,12.874,15.204
187,12.875,15.207
188,12.869,15.197
189,12.859,15.177
190,12.841,15.156
191,12.831,15.142
192,12.839,15.150
193,12.847,15.182
194,12.851,15.172
195,12.853,15.183
196,12.851,15.183
197,12.853,15.192
198,12.872,15.216
199,12.878,15.221
200,12.858,15.185
201,12.865,15.209
202,12.867,15.214
203,12.868,15.207
204,12.884,15.230
205,12.870,15.210
206,12.883,15.223
207,12.894,15.236
208,12.882,15.221
209,12.881,15.213
210,12.876,15.219
211,12.880,15.224
212,12.872,15.216
213,12.858,15.194
214,12.864,15.198
215,12.866,15.214
216,12.844,15.166
217,12.852,15.184
218,12.828,15.160
219,12.835,15.159
220,12.832,15.163
221,12.836,15.170
222,12.817,15.139
223,12.827,15.164
224,12.831,15.163
225,12.838,15.166
226,12.844,15.173
227,12.839,15.159
228,12.857,15.190
229,12.877,15.218
230,12.882,15.228
231,12.901,15.253
232,12.904,15.255
233,12.912,15.268
234,12.884,15.231
235,12.914,15.269
236,12.909,15.268
237,12.907,15.266
238,12.915,15.275
239,12.896,15.245
240,12.919,15.294
241,12.911,15.278
242,12.924,15.289
243,12.920,15.288
244,12.910,15.273
245,12.922,15.298
246,12.889,15.245
247,12.884,15.243
248,12.880,15.236
249,12.873,15.227
250,12.873,15.228
251,12.877,15.220
252,12.860,15.203
253,12.863,15.216
254,12.860,15.207
255,12.851,15.191
256,12.833,15.166
257,12.831,15.169
258,12.833,15.154
259,12.847,15.179
260,12.838,15.171
261,12.842,15.175
262,12.862,15.212
263,12.852,15.201
264,12.863,15.227
265,12.854,15.193
266,12.877,15.231
267,12.843,15.186
268,12.839,15.172
269,12.829,15.165
270,12.852,15.193
271,12.843,15.172
272,12.837,15.170
273,12.849,15.182
274,12.844,15.179
275,12.875,15.220
276,12.827,15.155
277,12.841,15.164
278,12.830,15.154
279,12.837,15.170
280,12.836,15.155
281,12.821,15.140
282,12.831,15.144
283,12.837,15.159
284,12.839,15.160
285,12.830,15.156
286,12.827,15.143
287,12.811,15.119
288,12.812,15.121
289,12.829,15.144
290,12.832,15.145
291,12.831,15.146
292,12.814,15.118
293,12.824,15.136
294,12.817,15.115
295,12.822,15.133
296,12.801,15.090
297,12.832,15.144
298,12.819,15.130
299,12.823,15.125
300,12.814,15.120
301,12.810,15.103
302,12.829,15.138
303,12.836,15.145
304,12.816,15.120
305,12.830,15.144
306,12.842,15.157
307,12.839,15.155
308,12.841,15.163
309,12.833,15.151
310,12.838,15.145
311,12.836,15.154
312,12.841,15.150
313,12.849,15.169
314,12.845,15.162
315,12.854,15.170
316,12.861,15.194
317,12.836,15.156
318,12.849,15.169
319,12.859,15.187
320,12.881,15.222
321,12.861,15.186
322,12.852,15.173
323,12.841,15.160
324,12.863,15.190
325,12.865,15.189
326,12.844,15.168
327,12.861,15.191
328,12.865,15.185
329,12.853,15.169
330,12.835,15.145
331,12.848,15.176
332,12.839,15.156
333,12.840,15.173
334,12.850,15.184
335,12.841,15.166
336,12.827,15.144
337,12.821,15.132
338,12.816,15.136
339,12.835,15.147
340,12.799,15.108
341,12.797,15.110
342,12.803,15.108
343,12.790,15.094
344,12.790,15.104
345,12.770,15.075
346,12.788,15.111
347,12.794,15.116
348,12.764,15.075
349,12.772,15.083
350,12.760,15.070
351,12.753,15.052
352,12.742,15.034
353,12.768,15.087
354,12.780,15.104
355,12.746,15.041
356,12.769,15.078
357,12.770,15.082
358,12.770,15.078
359,12.789,15.103
360,12.776,15.078
361,12.786,15.107
362,12.783,15.088
363,12.771,15.073
364,12.769,15.080
365,12.770,15.074
366,12.803,15.128
367,12.812,15.142
368,12.792,15.118
369,12.804,15.131
370,12.818,15.153
371,12.807,15.135
372,12.808,15.135
373,12.811,15.150
374,12.820,15.156
375,12.829,15.174
376,12.827,15.178
377,12.812,15.146
378,12.828,15.173
379,12.823,15.159
380,12.827,15.170
381,12.829,15.156
382,12.835,15.181
383,12.833,15.178
384,12.829,15.179
385,12.844,15.190
386,12.824,15.169
387,12.845,15.197
388,12.827,15.161
389,12.842,15.175
390,12.834,15.172
391,12.851,15.198
392,12.851,15.198
393,12.862,15.216
394,12.857,15.210
395,12.865,15.226
396,12.879,15.244
397,12.876,15.231
398,12.882,15.235
399,12.902,15.269
400,12.884,15.249
401,12.898,15.262
402,12.894,15.258
403,12.897,15.251
404,12.904,15.274
405,12.918,15.295
406,12.919,15.293
407,12.914,15.272
408,12.916,15.282
409,12.927,15.303
410,12.949,15.324
411,12.941,15.317
412,12.922,15.295
413,12.934,15.315
414,12.930,15.318
415,12.919,15.302
416,12.909,15.273
417,12.910,15.274
418,12.901,15.272
419,12.895,15.252
420,12.889,15.255
421,12.868,15.224
422,12.877,15.243
423,12.850,15.203
424,12.850,15.205
425,12.822,15.165
426,12.812,15.151
427,12.801,15.126
428,12.816,15.147
429,12.805,15.135
430,12.811,15.149
431,12.808,15.143
432,12.806,15.130
433,12.801,15.124
434,12.794,15.122
435,12.778,15.082
436,12.791,15.110
437,12.813,15.148
438,12.821,15.157
439,12.807,15.125
440,12.813,15.152
441,12.806,15.122
442,12.812,15.142
443,12.829,15.166
444,12.831,15.175
445,12.833,15.176
446,12.834,15.174
447,12.839,15.174
448,12.841,15.186
449,12.836,15.170
450,12.842,15.180
451,12.840,15.179
452,12.838,15.170
453,12.857,15.217
454,12.833,15.171
455,12.849,15.191
456,12.862,15.216
457,12.851,15.204
458,12.856,15.205
459,12.854,15.194
460,12.843,15.182
461,12.863,15.222
462,12.859,15.204
463,12.867,15.227
464,12.876,15.220
465,12.881,15.242
466,12.847,15.191
467,12.864,15.219
468,12.858,15.200
469,12.865,15.212
470,12.882,15.244
471,12.866,15.210
472,12.873,15.224
473,12.856,15.198
474,12.870,15.219
475,12.855,15.205
476,12.880,15.229
477,12.875,15.223
478,12.884,15.235
479,12.868,15.215
480,12.874,15.218
481,12.880,15.229
482,12.873,15.225
483,12.865,15.204
484,12.873,15.223
485,12.882,15.232
486,12.897,15.253
487,12.909,15.280
488,12.916,15.281
489,12.912,15.279
490,12.886,15.235
491,12.921,15.290
492,12.910,15.270
493,12.910,15.274
494,12.911,15.273
495,12.898,15.252
496,12.896,15.255
497,12.885,15.232
498,12.882,15.238
499,12.864,15.213
500,12.862,15.208
501,12.861,15.208
502,12.860,15.209
503,12.829,15.157
504,12.815,15.139
505,12.804,15.122
506,12.807,15.129
507,12.808,15.124
508,12.794,15.110
509,12.792,15.107
510,12.819,15.152
511,12.805,15.125
512,12.800,15.125
513,12.802,15.124
514,12.825,15.158
515,12.784,15.101
516,12.791,15.108
517,12.788,15.098
518,12.796,15.120
519,12.809,15.134
520,12.781,15.087
521,12.798,15.117
522,12.800,15.118
523,12.815,15.135
524,12.812,15.138
525,12.814,15.139
526,12.826,15.170
527,12.798,15.113
528,12.804,15.134
529,12.807,15.133
530,12.813,15.143
531,12.797,15.123
532,12.813,15.139
533,12.808,15.124
534,12.803,15.123
535,12.815,15.148
536,12.806,15.132
537,12.818,15.150
538,12.804,15.126
539,12.824,15.152
540,12.806,15.129
541,12.812,15.134
542,12.812,15.131
543,12.823,15.156
544,12.814,15.147
545,12.832,15.174
546,12.846,15.193
547,12.820,15.148
548,12.823,15.158
549,12.833,15.173
550,12.835,15.176
551,12.842,15.185
552,12.850,15.204
553,12.843,15.182
554,12.839,15.188
555,12.844,15.185
556,12.842,15.179
557,12.853,15.202
558,12.872,15.223
559,12.865,15.222
560,12.874,15.240
561,12.884,15.252
562,12.872,15.234
563,12.873,15.233
564,12.894,15.271
565,12.887,15.255
566,12.878,15.242
567,12.881,15.256
568,12.904,15.290
569,12.910,15.303
570,12.903,15.272
571,12.928,15.324
572,12.912,15.296
573,12.940,15.342
574,12.923,15.322
575,12.945,15.348
576,12.921,15.313
577,12.922,15.310
578,12.907,15.287
579,12.910,15.286
580,12.932,15.330
581,12.930,15.325
582,12.936,15.341
583,12.922,15.306
584,12.933,15.339
585,12.908,15.279
586,12.921,15.309
587,12.916,15.306
588,12.920,15.302
589,12.909,15.298
590,12.939,15.320
591,12.975,15.390
592,12.958,15.363
593,12.954,15.364
594,12.947,15.352
595,12.961,15.353
596,12.984,15.395
597,12.978,15.388
598,12.986,15.395
599,12.981,15.389
600,12.987,15.391
601,13.006,15.418
602,13.032,15.463
603,13.029,15.458
604,13.006,15.430
605,13.024,15.444
606,13.012,15.441
607,13.004,15.417
608,13.001,15.411
609,12.992,15.400
610,12.995,15.420
611,12.958,15.354
612,12.966,15.363
613,12.941,15.319
614,12.946,15.332
615,12.933,15.312
616,12.911,15.277
617,12.906,15.263
618,12.870,15.213
619,12.874,15.213
620,12.857,15.192
621,12.853,15.191
622,12.837,15.167
623,12.816,15.137
624,12.816,15.147
625,12.817,15.145
626,12.793,15.109
627,12.797,15.111
628,12.799,15.116
629,12.804,15.123
630,12.780,15.087
631,12.804,15.128
632,12.798,15.121
633,12.789,15.102
634,12.811,15.124
635,12.808,15.130
636,12.819,15.151
637,12.811,15.131
638,12.798,15.113
639,12.806,15.130
640,12.815,15.149
641,12.817,15.143
642,12.826,15.151
643,12.801,15.108
644,12.795,15.113
645,12.827,15.156
646,12.817,15.149
647,12.812,15.134
648,12.795,15.115
649,12.799,15.121
650,12.831,15.163
651,12.801,15.111
652,12.796,15.111
653,12.814,15.131
654,12.795,15.107
655,12.798,15.108
656,12.803,15.122
657,12.788,15.108
658,12.837,15.169
659,12.801,15.123
660,12.784,15.089
661,12.785,15.095
662,12.810,15.133
663,12.801,15.123
664,12.795,15.110
665,12.820,15.139
666,12.802,15.122
667,12.800,15.128
668,12.801,15.119
669,12.809,15.133
670,12.811,15.134
671,12.812,15.145
672,12.812,15.142
673,12.826,15.159
674,12.795,15.115
675,12.810,15.136
676,12.819,15.150
677,12.818,15.152
678,12.815,15.140
679,12.817,15.150
680,12.825,15.163
681,12.824,15.158
682,12.822,15.161
683,12.816,15.133
684,12.822,15.156
685,12.840,15.192
686,12.818,15.147
687,12.817,15.150
688,12.826,15.154
689,12.827,15.166
690,12.824,15.152
691,12.820,15.157
692,12.828,15.161
693,12.821,15.153
694,12.813,15.140
695,12.837,15.189
696,12.833,15.170
697,12.822,15.157
698,12.851,15.200
699,12.815,15.149
700,12.846,15.198
701,12.849,15.200
702,12.836,15.185
703,12.857,15.213
704,12.850,15.207
705,12.871,15.234
706,12.866,15.225
707,12.877,15.242
708,12.881,15.246
709,12.859,15.213
710,12.892,15.268
711,12.867,15.236
712,12.895,15.273
713,12.895,15.264
714,12.901,15.274
715,12.911,15.292
716,12.909,15.295
717,12.907,15.291
718,12.914,15.301
719,12.918,15.303
720,12.921,15.298
721,12.902,15.273
722,12.924,15.308
723,12.907,15.273
724,12.936,15.334
725,12.919,15.303
726,12.948,15.353
727,12.928,15.309
728,12.944,15.332
729,12.930,15.322
730,12.936,15.333
731,12.940,15.344
732,12.942,15.340
733,12.928,15.313
734,12.927,15.313
735,12.920,15.300
736,12.929,15.324
737,12.931,15.316
738,12.901,15.268
739,12.886,15.254
740,12.875,15.237
741,12.886,15.250
742,12.875,15.229
743,12.882,15.243
744,12.881,15.229
745,12.890,15.249
746,12.908,15.287
747,12.895,15.274
748,12.893,15.256
749,12.904,15.278
750,12.899,15.275
751,12.907,15.286
752,12.902,15.264
753,12.923,15.307
754,12.915,15.294
755,12.898,15.270
756,12.924,15.305
757,12.907,15.280
758,12.920,15.284
759,12.927,15.311
760,12.915,15.287
761,12.920,15.296
762,12.920,15.297
763,12.925,15.300
764,12.938,15.319
765,12.929,15.305
766,12.912,15.277
767,12.919,15.290
768,12.905,15.265
769,12.911,15.282
770,12.914,15.271
771,12.907,15.263
772,12.913,15.275
773,12.891,15.229
774,12.903,15.255
775,12.900,15.249
776,12.895,15.248
777,12.887,15.226
778,12.911,15.255
779,12.897,15.241
780,12.896,15.235
781,12.909,15.262
782,12.895,15.227
783,12.930,15.290
784,12.921,15.272
785,12.935,15.296
786,12.920,15.270
787,12.936,15.296
788,12.938,15.293
789,12.944,15.310
790,12.961,15.336
791,12.954,15.319
792,12.941,15.308
793,12.954,15.320
794,12.967,15.343
795,12.962,15.334
796,12.969,15.339
797,12.958,15.323
798,12.950,15.311
799,12.977,15.352
800,12.949,15.304
801,12.988,15.363
802,12.972,15.338
803,12.967,15.332
804,12.969,15.330
805,12.943,15.292
806,12.965,15.322
807,12.969,15.329
808,12.984,15.353
809,12.976,15.328
810,12.977,15.332
811,12.979,15.350
812,12.988,15.366
813,12.990,15.369
814,12.972,15.339
815,12.968,15.337
816,12.959,15.321
817,12.991,15.374
818,12.958,15.322
819,12.963,15.326
820,12.946,15.299
821,12.947,15.307
822,12.950,15.313
823,12.928,15.283
824,12.936,15.289
825,12.927,15.280
826,12.918,15.268
827,12.930,15.290
828,12.929,15.291
829,12.931,15.291
830,12.901,15.246
831,12.925,15.285
832,12.923,15.272
833,12.929,15.282
834,12.902,15.243
835,12.912,15.266
836,12.900,15.247
837,12.910,15.259
838,12.903,15.242
839,12.906,15.257
840,12.902,15.252
841,12.929,15.290
842,12.906,15.244
843,12.926,15.280
844,12.942,15.299
845,12.962,15.331
846,12.953,15.304
847,12.969,15.341
848,12.982,15.362
849,13.009,15.397
850,13.009,15.401
851,13.021,15.406
852,13.040,15.445
853,13.054,15.460
854,13.060,15.473
855,13.068,15.490
856,13.089,15.519
857,13.080,15.505
858,13.094,15.535
859,13.082,15.497
860,13.104,15.530
861,13.084,15.501
862,13.103,15.532
863,13.126,15.570
864,13.123,15.572
865,13.116,15.549
866,13.095,15.512
867,13.116,15.543
868,13.107,15.536
869,13.145,15.587
870,13.138,15.593
871,13.136,15.577
872,13.114,15.552
873,13.132,15.578
874,13.105,15.543
875,13.111,15.553
876,13.077,15.499
877,13.074,15.497
878,13.071,15.491
879,13.053,15.463
880,13.056,15.471
881,13.036,15.428
882,13.041,15.452
883,13.009,15.401
884,13.032,15.444
885,13.005,15.399
886,13.004,15.390
887,13.002,15.386
888,12.976,15.356
889,12.979,15.358
890,12.991,15.381
891,12.985,15.374
892,12.981,15.369
893,12.969,15.348
894,12.967,15.343
895,12.980,15.362
896,12.969,15.337
897,12.983,15.380
898,12.978,15.357
899,12.989,15.381
900,12.981,15.355
901,13.000,15.384
902,13.028,15.436
903,13.025,15.418
904,13.038,15.449
905,13.055,15.476
906,13.065,15.473
907,13.078,15.502
908,13.077,15.505
909,13.086,15.517
910,13.108,15.541
911,13.105,15.542
912,13.112,15.556
913,13.110,15.542
914,13.110,15.547
915,13.131,15.583
916,13.144,15.597
917,13.118,15.557
918,13.119,15.552
919,13.129,15.578
920,13.103,15.544
921,13.116,15.558
922,13.117,15.548
923,13.092,15.517
924,13.101,15.544
925,13.103,15.542
926,13.095,15.531
927,13.070,15.487
928,13.051,15.457
929,13.050,15.453
930,13.037,15.439
931,13.021,15.424
932,13.014,15.404
933,13.025,15.432
934,13.001,15.393
935,12.999,15.383
936,12.994,15.379
937,12.994,15.386
938,12.977,15.364
939,12.992,15.384
940,12.978,15.361
941,12.971,15.352
942,12.966,15.341
943,12.958,15.326
944,12.945,15.292
945,12.949,15.312
946,12.930,15.286
947,12.960,15.341
948,12.937,15.293
949,12.926,15.286
950,12.942,15.303
951,12.936,15.296
952,12.955,15.323
953,12.942,15.305
954,12.964,15.330
955,12.954,15.325
956,12.964,15.333
957,12.953,15.315
958,12.969,15.338
959,12.985,15.369
960,12.963,15.339
961,12.967,15.344
962,12.981,15.363
963,12.974,15.353
964,12.965,15.335
965,12.961,15.328
966,12.953,15.307
967,12.961,15.328
968,12.979,15.358
969,12.987,15.366
970,12.999,15.399
971,12.959,15.332
972,12.957,15.323
973,12.978,15.362
974,12.970,15.351
975,12.976,15.361
976,12.959,15.338
977,12.958,15.329
978,12.932,15.290
979,12.936,15.291
980,12.947,15.314
981,12.919,15.272
982,12.936,15.300
983,12.926,15.281
984,12.921,15.274
985,12.934,15.296
986,12.944,15.298
987,12.947,15.301
988,12.965,15.331
989,12.975,15.350
990,12.979,15.353
991,12.995,15.388
992,13.007,15.396
993,13.022,15.430
994,13.028,15.449
995,13.029,15.447
996,13.040,15.476
997,13.032,15.461
998,13.023,15.441
999,13.031,15.447
1000,13.014,15.415
1001,12.993,15.398
1002,13.025,15.442
1003,13.013,15.422
1004,13.006,15.419
1005,12.995,15.396
1006,12.999,15.388
1007,13.009,15.414
1008,13.001,15.387
1009,12.979,15.358
1010,12.971,15.355
1011,12.984,15.382
1012,12.944,15.312
1013,12.958,15.342
1014,12.945,15.312
1015,12.946,15.321
1016,12.951,15.329
1017,12.941,15.316
1018,12.940,15.310
1019,12.954,15.337
1020,12.970,15.359
1021,12.956,15.335
1022,12.905,15.264
1023,12.900,15.254
1024,12.934,15.309
1025,12.912,15.273
1026,12.915,15.281
1027,12.914,15.269
1028,12.909,15.278
1029,12.922,15.299
1030,12.881,15.235
1031,12.880,15.229
1032,12.851,15.199
1033,12.862,15.202
1034,12.866,15.205
1035,12.845,15.164
1036,12.837,15.160
1037,12.821,15.141
1038,12.855,15.195
1039,12.819,15.143
1040,12.817,15.145
1041,12.805,15.136
1042,12.812,15.145
1043,12.799,15.119
1044,12.784,15.098
1045,12.768,15.076
1046,12.795,15.128
1047,12.774,15.106
1048,12.774,15.100
1049,12.780,15.111
1050,12.772,15.088
1051,12.800,15.143
1052,12.778,15.105
1053,12.813,15.168
1054,12.832,15.199
1055,12.805,15.155
1056,12.813,15.165
1057,12.819,15.177
1058,12.803,15.145
1059,12.817,15.177
1060,12.837,15.193
1061,12.843,15.210
1062,12.850,15.217
1063,12.838,15.193
1064,12.851,15.202
1065,12.890,15.270
1066,12.880,15.246
1067,12.897,15.275
1068,12.913,15.303
1069,12.940,15.338
1070,12.922,15.323
1071,12.938,15.348
1072,12.959,15.376
1073,12.968,15.396
1074,12.980,15.400
1075,12.976,15.411
1076,12.987,15.407
1077,13.006,15.456
1078,13.031,15.495
1079,13.026,15.476
1080,13.049,15.513
1081,13.056,15.522
1082,13.074,15.552
1083,13.077,15.550
1084,13.072,15.543
1085,13.086,15.568
1086,13.095,15.567
1087,13.108,15.597
1088,13.087,15.549
1089,13.100,15.577
1090,13.147,15.643
1091,13.109,15.596
1092,13.110,15.575
1093,13.108,15.576
1094,13.099,15.562
1095,13.114,15.594
1096,13.104,15.570
1097,13.126,15.612
1098,13.110,15.578
1099,13.130,15.595
1100,13.162,15.644
1101,13.156,15.631
1102,13.167,15.643
1103,13.163,15.628
1104,13.155,15.601
1105,13.180,15.641
1106,13.188,15.653
1107,13.204,15.687
1108,13.220,15.718
1109,13.226,15.741
1110,13.255,15.777
1111,13.256,15.778
1112,13.252,15.767
1113,13.276,15.787
1114,13.277,15.798
1115,13.251,15.775
1116,13.268,15.779
1117,13.253,15.753
1118,13.249,15.749
1119,13.259,15.756
1120,13.239,15.735
1121,13.245,15.764
1122,13.254,15.766
1123,13.250,15.757
1124,13.272,15.788
1125,13.273,15.800
1126,13.291,15.827
1127,13.319,15.863
1128,13.317,15.852
1129,13.332,15.879
1130,13.332,15.874
1131,13.335,15.870
1132,13.364,15.925
1133,13.350,15.898
1134,13.393,15.960
1135,13.387,15.948
1136,13.384,15.941
1137,13.392,15.947
1138,13.358,15.901
1139,13.384,15.937
1140,13.393,15.948
1141,13.382,15.942
1142,13.400,15.964
1143,13.406,15.981
1144,13.415,16.007
1145,13.423,16.024
1146,13.390,15.967
1147,13.425,16.033
1148,13.427,16.041
1149,13.474,16.128
1150,13.475,16.125
1151,13.503,16.161
1152,13.515,16.186
1153,13.522,16.202
1154,13.523,16.213
1155,13.534,16.236
1156,13.523,16.228
1157,13.528,16.239
1158,13.535,16.253
1159,13.564,16.300
1160,13.580,16.317
1161,13.561,16.292
1162,13.547,16.264
1163,13.536,16.248
1164,13.553,16.275
1165,13.535,16.257
1166,13.522,16.239
1167,13.513,16.213
1168,13.503,16.207
1169,13.488,16.181
1170,13.471,16.159
1171,13.459,16.132
1172,13.433,16.092
1173,13.415,16.066
1174,13.371,15.993
1175,13.366,15.995
1176,13.319,15.923
1177,13.333,15.956
1178,13.327,15.930
1179,13.342,15.958
1180,13.316,15.919
1181,13.305,15.909
1182,13.292,15.902
1183,13.295,15.901
1184,13.320,15.936
1185,13.270,15.872
1186,13.276,15.872
1187,13.300,15.911
1188,13.288,15.892
1189,13.269,15.864
1190,13.264,15.861
1191,13.246,15.835
1192,13.241,15.838
1193,13.250,15.835
1194,13.276,15.881
1195,13.283,15.892
1196,13.254,15.845
1197,13.297,15.913
1198,13.315,15.945
1199,13.333,15.966
1200,13.313,15.939
1201,13.332,15.980
1202,13.287,15.903
1203,13.271,15.879
1204,13.255,15.857
1205,13.272,15.876
1206,13.275,15.914
1207,13.263,15.879
1208,13.293,15.930
1209,13.291,15.935
1210,13.287,15.929
1211,13.293,15.926
1212,13.304,15.948
1213,13.330,16.000
1214,13.321,15.983
1215,13.328,15.992
1216,13.330,15.989
1217,13.333,16.006
1218,13.320,15.993
1219,13.318,15.972
1220,13.339,16.011
1221,13.309,15.973
1222,13.322,15.987
1223,13.342,16.020
1224,13.318,15.981
1225,13.317,15.984
1226,13.326,15.999
1227,13.345,16.031
1228,13.328,15.989
1229,13.343,16.023
1230,13.339,16.018
1231,13.330,16.010
1232,13.337,16.011
1233,13.358,16.033
1234,13.339,16.021
1235,13.330,15.999
1236,13.372,16.057
1237,13.342,16.010
1238,13.365,16.063
1239,13.390,16.077
1240,13.363,16.052
1241,13.369,16.049
1242,13.372,16.059
1243,13.358,16.042
1244,13.361,16.039
1245,13.365,16.044
1246,13.367,16.042
1247,13.358,16.034
1248,13.368,16.039
1249,13.371,16.050
1250,13.378,16.064
1251,13.348,16.008
1252,13.367,16.041
1253,13.379,16.057
1254,13.398,16.087
1255,13.376,16.055
1256,13.395,16.078
1257,13.411,16.090
1258,13.397,16.069
1259,13.415,16.099
1260,13.466,16.178
1261,13.470,16.184
1262,13.522,16.269
1263,13.540,16.290
1264,13.490,16.175
1265,13.498,16.191
1266,13.525,16.236
1267,13.511,16.214
1268,13.542,16.254
1269,13.517,16.219
1270,13.539,16.234
1271,13.522,16.185
1272,13.510,16.169
1273,13.526,16.167
1274,13.525,16.161
1275,13.523,16.165
1276,13.512,16.143
1277,13.469,16.070
1278,13.498,16.121
1279,13.502,16.142
1280,13.493,16.125
1281,13.501,16.147
1282,13.491,16.101
1283,13.479,16.093
1284,13.480,16.106
1285,13.490,16.106
1286,13.504,16.142
1287,13.513,16.154
1288,13.508,16.129
1289,13.494,16.122
1290,13.495,16.131
1291,13.521,16.166
1292,13.510,16.145
1293,13.510,16.151
1294,13.500,16.131
1295,13.516,16.157
1296,13.509,16.152
1297,13.530,16.169
1298,13.518,16.152
1299,13.522,16.160
1300,13.502,16.140
1301,13.471,16.092
1302,13.461,16.079
1303,13.475,16.107
1304,13.460,16.080
1305,13.462,16.077
1306,13.481,16.110
1307,13.527,16.184
1308,13.510,16.152
1309,13.510,16.164
1310,13.504,16.137
1311,13.510,16.145
1312,13.499,16.132
1313,13.511,16.158
1314,13.510,16.151
1315,13.521,16.180
1316,13.525,16.184
1317,13.500,16.138
1318,13.521,16.182
1319,13.515,16.173
1320,13.521,16.179
1321,13.526,16.197
1322,13.520,16.187
1323,13.501,16.165
1324,13.504,16.168
1325,13.513,16.174
1326,13.522,16.212
1327,13.519,16.216
1328,13.532,16.235
1329,13.490,16.173
1330,13.495,16.187
1331,13.483,16.151
1332,13.497,16.189
1333,13.480,16.173
1334,13.496,16.194
1335,13.482,16.182
1336,13.505,16.218
1337,13.496,16.223
1338,13.474,16.190
1339,13.484,16.212
1340,13.468,16.176
1341,13.473,16.191
1342,13.470,16.199
1343,13.464,16.204
1344,13.454,16.173
1345,13.452,16.165
1346,13.433,16.133
1347,13.433,16.142
1348,13.448,16.165
1349,13.455,16.198
1350,13.449,16.192
1351,13.454,16.210
1352,13.482,16.237
1353,13.463,16.201
1354,13.471,16.228
1355,13.469,16.221
1356,13.434,16.172
1357,13.453,16.204
1358,13.455,16.208
1359,13.422,16.148
1360,13.437,16.162
1361,13.440,16.178
1362,13.432,16.161
1363,13.462,16.210
1364,13.423,16.149
1365,13.424,16.142
1366,13.434,16.159
1367,13.411,16.120
1368,13.417,16.141
1369,13.440,16.164
1370,13.410,16.128
1371,13.422,16.150
1372,13.425,16.155
1373,13.405,16.119
1374,13.412,16.143
1375,13.419,16.158
1376,13.394,16.104
1377,13.387,16.103
1378,13.394,16.111
1379,13.405,16.123
1380,13.412,16.128
1381,13.399,16.089
1382,13.376,16.057
1383,13.416,16.131
1384,13.406,16.113
1385,13.400,16.109
1386,13.394,16.094
1387,13.386,16.083
1388,13.401,16.098
1389,13.408,16.110
1390,13.390,16.097
1391,13.384,16.092
1392,13.402,16.094
1393,13.384,16.047
1394,13.371,16.031
1395,13.364,16.021
1396,13.369,16.040
1397,13.387,16.055
1398,13.388,16.049
1399,13.404,16.091
1400,13.396,16.062
1401,13.397,16.060
1402,13.410,16.088
1403,13.444,16.137
1404,13.429,16.117
1405,13.451,16.148
1406,13.458,16.164
1407,13.462,16.189
1408,13.468,16.190
1409,13.484,16.216
1410,13.474,16.207
1411,13.485,16.193
1412,13.450,16.156
1413,13.456,16.153
1414,13.483,16.191
1415,13.450,16.142
1416,13.455,16.154
1417,13.448,16.148
1418,13.456,16.161
1419,13.479,16.183
1420,13.449,16.155
1421,13.426,16.098
1422,13.411,16.067
1423,13.425,16.100
1424,13.403,16.065
1425,13.408,16.089
1426,13.416,16.110
1427,13.414,16.107
1428,13.358,16.022
1429,13.356,16.028
1430,13.347,16.001
1431,13.340,15.999
1432,13.346,16.020
1433,13.325,15.983
1434,13.343,16.007
1435,13.351,16.025
1436,13.335,16.001
1437,13.312,15.945
1438,13.334,15.996
1439,13.317,15.977
1440,13.303,15.952
1441,13.299,15.944
1442,13.278,15.911
1443,13.305,15.956
1444,13.279,15.912
1445,13.289,15.936
1446,13.271,15.911
1447,13.249,15.882
1448,13.253,15.883
1449,13.254,15.891
1450,13.209,15.815
1451,13.185,15.774
1452,13.186,15.795
1453,13.205,15.832
1454,13.208,15.836
1455,13.180,15.780
1456,13.166,15.746
1457,13.178,15.773
1458,13.182,15.782
1459,13.162,15.755
1460,13.172,15.762
1461,13.170,15.768
1462,13.156,15.743
1463,13.158,15.742
1464,13.163,15.748
1465,13.163,15.748
1466,13.156,15.739
1467,13.136,15.705
1468,13.140,15.710
1469,13.146,15.713
1470,13.147,15.707
1471,13.145,15.706
1472,13.140,15.697
1473,13.156,15.723
1474,13.120,15.659
1475,13.150,15.719
1476,13.133,15.689
1477,13.145,15.691
1478,13.150,15.710
1479,13.126,15.672
1480,13.133,15.681
1481,13.111,15.652
1482,13.110,15.647
1483,13.121,15.675
1484,13.129,15.685
1485,13.126,15.681
1486,13.125,15.681
1487,13.120,15.680
1488,13.109,15.651
1489,13.115,15.667
1490,13.119,15.669
1491,13.111,15.662
1492,13.122,15.667
1493,13.135,15.708
1494,13.118,15.683
1495,13.145,15.712
1496,13.151,15.726
1497,13.117,15.673
1498,13.107,15.665
1499,13.138,15.719
1500,13.140,15.705
1501,13.141,15.720
1502,13.132,15.699
1503,13.120,15.669
1504,13.153,15.730
1505,13.149,15.729
1506,13.139,15.717
1507,13.177,15.781
1508,13.155,15.729
1509,13.164,15.754
1510,13.165,15.768
1511,13.182,15.785
1512,13.189,15.809
1513,13.185,15.810
1514,13.188,15.801
1515,13.170,15.769
1516,13.184,15.797
1517,13.192,15.812
1518,13.172,15.783
1519,13.183,15.801
1520,13.161,15.763
1521,13.167,15.782
1522,13.152,15.752
1523,13.163,15.760
1524,13.152,15.759
1525,13.140,15.719
1526,13.137,15.723
1527,13.174,15.789
1528,13.152,15.749
1529,13.163,15.766
1530,13.141,15.721
1531,13.143,15.733
1532,13.136,15.721
1533,13.165,15.767
1534,13.148,15.744
1535,13.135,15.727
1536,13.138,15.719
1537,13.133,15.718
1538,13.147,15.739
1539,13.163,15.762
1540,13.151,15.733
1541,13.145,15.736
1542,13.149,15.737
1543,13.147,15.733
1544,13.173,15.787
1545,13.156,15.746
1546,13.142,15.711
1547,13.141,15.718
1548,13.133,15.711
1549,13.176,15.776
1550,13.141,15.725
1551,13.152,15.737
1552,13.156,15.743
1553,13.159,15.746
1554,13.143,15.716
1555,13.143,15.724
1556,13.144,15.723
1557,13.138,15.705
1558,13.130,15.701
1559,13.117,15.679
1560,13.117,15.681
1561,13.125,15.693
1562,13.147,15.724
1563,13.127,15.691
1564,13.126,15.689
1565,13.121,15.687
1566,13.144,15.714
1567,13.120,15.670
1568,13.122,15.665
1569,13.160,15.739
1570,13.174,15.757
1571,13.163,15.734
1572,13.170,15.736
1573,13.160,15.731
1574,13.183,15.772
1575,13.180,15.765
1576,13.185,15.770
1577,13.173,15.739
1578,13.188,15.770
1579,13.198,15.785
1580,13.214,15.819
1581,13.191,15.782
1582,13.204,15.811
1583,13.218,15.819
1584,13.215,15.815
1585,13.226,15.827
1586,13.217,15.816
1587,13.226,15.835
1588,13.226,15.836
1589,13.223,15.826
1590,13.214,15.831
1591,13.221,15.827
1592,13.217,15.831
1593,13.202,15.811
1594,13.213,15.839
1595,13.201,15.812
1596,13.209,15.817
1597,13.198,15.804
1598,13.225,15.849
1599,13.190,15.788
1600,13.190,15.791
1601,13.172,15.759
1602,13.189,15.782
1603,13.194,15.812
1604,13.183,15.783
1605,13.189,15.792
1606,13.196,15.802
1607,13.175,15.761
1608,13.200,15.818
1609,13.192,15.796
1610,13.201,15.809
1611,13.191,15.796
1612,13.173,15.754
1613,13.183,15.781
1614,13.169,15.748
1615,13.197,15.803
1616,13.179,15.772
1617,13.175,15.754
1618,13.185,15.775
1619,13.178,15.765
1620,13.167,15.742
1621,13.147,15.720
1622,13.159,15.720
1623,13.152,15.728
1624,13.158,15.732
1625,13.178,15.761
1626,13.145,15.708
1627,13.168,15.746
1628,13.158,15.730
1629,13.152,15.723
1630,13.144,15.711
1631,13.165,15.744
1632,13.140,15.706
1633,13.129,15.680
1634,13.141,15.705
1635,13.158,15.725
1636,13.175,15.749
1637,13.164,15.729
1638,13.153,15.711
1639,13.166,15.737
1640,13.157,15.711
1641,13.161,15.726
1642,13.150,15.720
1643,13.159,15.721
1644,13.172,15.754
1645,13.179,15.762
1646,13.158,15.733
1647,13.170,15.756
1648,13.158,15.733
1649,13.132,15.695
1650,13.131,15.683
1651,13.141,15.700
1652,13.148,15.716
1653,13.143,15.712
1654,13.147,15.720
1655,13.158,15.741
1656,13.184,15.775
1657,13.169,15.764
1658,13.161,15.738
1659,13.141,15.729
1660,13.147,15.734
1661,13.114,15.672
1662,13.140,15.714
1663,13.149,15.722
1664,13.144,15.717
1665,13.142,15.718
1666,13.140,15.720
1667,13.154,15.742
1668,13.149,15.720
1669,13.139,15.703
1670,13.163,15.749
1671,13.169,15.764
1672,13.159,15.747
1673,13.169,15.760
1674,13.150,15.722
1675,13.153,15.724
1676,13.182,15.776
1677,13.179,15.759
1678,13.171,15.747
1679,13.174,15.760
1680,13.164,15.747
1681,13.146,15.711
1682,13.150,15.722
1683,13.137,15.708
1684,13.142,15.712
1685,13.146,15.731
1686,13.148,15.729
1687,13.139,15.717
1688,13.144,15.719
1689,13.145,15.717
1690,13.164,15.755
1691,13.140,15.722
1692,13.119,15.679
1693,13.134,15.704
1694,13.148,15.720
1695,13.153,15.724
1696,13.165,15.744
1697,13.210,15.815
1698,13.206,15.804
1699,13.195,15.791
1700,13.197,15.782
1701,13.211,15.819
1702,13.218,15.824
1703,13.225,15.840
1704,13.223,15.838
1705,13.241,15.858
1706,13.227,15.847
1707,13.228,15.832
1708,13.261,15.884
1709,13.223,15.818
1710,13.212,15.799
1711,13.212,15.806
1712,13.198,15.777
1713,13.181,15.761
1714,13.192,15.781
1715,13.165,15.728
1716,13.155,15.727
1717,13.185,15.764
1718,13.179,15.752
1719,13.184,15.772
1720,13.168,15.740
1721,13.206,15.785
1722,13.195,15.758
1723,13.191,15.755
1724,13.212,15.803
1725,13.188,15.754
1726,13.202,15.764
1727,13.206,15.776
1728,13.205,15.778
1729,13.199,15.766
1730,13.216,15.791
1731,13.190,15.750
1732,13.165,15.708
1733,13.167,15.723
1734,13.176,15.748
1735,13.173,15.741
1736,13.149,15.711
1737,13.163,15.722
1738,13.133,15.678
1739,13.131,15.669
1740,13.126,15.673
1741,13.102,15.618
1742,13.113,15.651
1743,13.112,15.659
1744,13.120,15.666
1745,13.109,15.636
1746,13.105,15.624
1747,13.107,15.646
1748,13.118,15.654
1749,13.106,15.644
1750,13.125,15.667
1751,13.098,15.630
1752,13.092,15.621
1753,13.082,15.607
1754,13.100,15.643
1755,13.099,15.627
1756,13.103,15.649
1757,13.102,15.643
1758,13.108,15.644
1759,13.085,15.619
1760,13.101,15.636
1761,13.108,15.648
1762,13.118,15.660
1763,13.097,15.628
1764,13.079,15.613
1765,13.034,15.531
1766,13.015,15.518
1767,13.047,15.560
1768,13.053,15.577
1769,13.053,15.575
1770,13.099,15.651
1771,13.106,15.656
1772,13.124,15.693
1773,13.118,15.674
1774,13.131,15.700
1775,13.146,15.718
1776,13.191,15.784
1777,13.196,15.789
1778,13.182,15.759
1779,13.181,15.759
1780,13.225,15.836
1781,13.199,15.793
1782,13.164,15.743
1783,13.154,15.739
1784,13.133,15.695
1785,13.106,15.653
1786,13.088,15.648
1787,13.085,15.629
1788,13.094,15.651
1789,13.100,15.647
1790,13.117,15.674
1791,13.106,15.649
1792,13.111,15.655
1793,13.100,15.638
1794,13.099,15.642
1795,13.104,15.636
1796,13.106,15.641
1797,13.102,15.636
1798,13.095,15.627
1799,13.085,15.615
1800,13.076,15.605
1801,13.079,15.608
1802,13.090,15.639
1803,13.053,15.571
1804,13.084,15.625
1805,13.080,15.628
1806,13.069,15.607
1807,13.076,15.619
1808,13.083,15.637
1809,13.099,15.647
1810,13.095,15.649
1811,13.100,15.660
1812,13.120,15.680
1813,13.120,15.689
1814,13.117,15.677
1815,13.138,15.713
1816,13.118,15.668
1817,13.131,15.695
1818,13.131,15.702
1819,13.134,15.710
1820,13.131,15.696
1821,13.140,15.726
1822,13.147,15.729
1823,13.146,15.727
1824,13.177,15.772
1825,13.163,15.750
1826,13.167,15.760
1827,13.178,15.773
1828,13.183,15.773
1829,13.185,15.776
1830,13.228,15.859
1831,13.182,15.777
1832,13.211,15.831
1833,13.207,15.814
1834,13.184,15.780
1835,13.184,15.781
1836,13.173,15.758
1837,13.184,15.788
1838,13.196,15.799
1839,13.197,15.781
1840,13.170,15.751
