0,10.059,14.212
1,10.064,14.202
2,10.060,14.229
3,10.038,14.190
4,10.024,14.169
5,9.989,14.120
6,10.191,14.380
7,10.184,14.374
8,10.226,14.394
9,10.154,14.317
10,10.136,14.293
11,10.110,14.296
12,10.118,14.322
13,10.065,14.224
14,10.061,14.247
15,10.228,14.472
16,10.227,14.449
17,10.325,14.589
18,10.310,14.593
19,10.352,14.636
20,10.448,14.793
21,10.471,14.768
22,10.572,14.939
23,10.669,15.043
24,10.758,15.131
25,10.899,15.320
26,11.008,15.386
27,10.974,15.370
28,11.050,15.463
29,11.101,15.471
30,11.076,15.497
31,11.140,15.547
32,11.154,15.558
33,11.073,15.512
34,11.021,15.444
35,10.970,15.422
36,10.924,15.359
37,10.872,15.304
38,10.876,15.307
39,10.868,15.313
40,10.790,15.216
41,10.776,15.213
42,10.750,15.168
43,10.718,15.131
44,10.711,15.111
45,10.646,15.070
46,10.612,15.073
47,10.636,15.131
48,10.591,15.052
49,10.556,15.019
50,10.532,14.983
51,10.490,14.897
52,10.455,14.923
53,10.395,14.841
54,10.371,14.829
55,10.340,14.785
56,10.298,14.744
57,10.255,14.682
58,10.182,14.582
59,10.164,14.607
60,10.129,14.560
61,10.075,14.522
62,10.031,14.444
63,9.976,14.373
64,9.928,14.323
65,9.919,14.322
66,9.873,14.248
67,9.836,14.191
68,9.871,14.264
69,9.867,14.246
70,9.830,14.211
71,9.798,14.174
72,9.763,14.115
73,9.753,14.135
74,9.722,14.065
75,9.738,14.111
76,9.683,14.046
77,9.634,13.925
78,9.469,13.757
79,9.437,13.682
80,9.448,13.743
81,9.471,13.757
82,9.412,13.648
83,9.400,13.664
84,9.369,13.624
85,9.311,13.506
86,9.234,13.380
87,9.262,13.413
88,9.294,13.474
89,9.312,13.499
90,9.303,13.479
91,9.315,13.483
92,9.304,13.470
93,9.348,13.548
94,9.339,13.527
95,9.410,13.652
96,9.388,13.601
97,9.430,13.698
98,9.451,13.704
99,9.447,13.667
100,9.478,13.728
101,9.481,13.736
102,9.430,13.612
103,9.390,13.600
104,9.324,13.480
105,9.312,13.489
106,9.233,13.399
107,9.152,13.303
108,9.239,13.393
109,9.227,13.366
110,9.139,13.240
111,9.250,13.349
112,9.261,13.350
113,9.206,13.298
114,9.307,13.397
115,9.266,13.321
116,9.210,13.211
117,9.213,13.213
118,9.157,13.139
119,9.105,13.045
120,9.200,13.136
121,9.183,13.121
122,9.178,13.090
123,9.218,13.137
124,9.269,13.188
125,9.296,13.246
126,9.341,13.261
127,9.442,13.382
128,9.564,13.500
129,9.769,13.745
130,9.895,13.861
131,10.025,14.030
132,10.019,14.028
133,10.035,14.013
134,10.096,14.094
135,10.087,14.073
136,10.202,14.193
137,10.444,14.452
138,10.519,14.563
139,10.434,14.398
140,10.546,14.600
141,10.427,14.487
142,10.475,14.556
143,10.467,14.542
144,10.246,14.293
145,10.305,14.385
146,10.414,14.496
147,10.536,14.632
148,10.529,14.605
149,10.484,14.576
150,10.431,14.502
151,10.332,14.313
152,10.327,14.313
153,10.209,14.179
154,10.170,14.109
155,10.283,14.264
156,10.360,14.350
157,10.385,14.390
158,10.313,14.257
159,10.392,14.348
160,10.393,14.345
161,10.419,14.385
162,10.430,14.412
163,10.432,14.410
164,10.408,14.392
165,10.400,14.359
166,10.371,14.333
167,10.320,14.281
168,10.243,14.160
169,9.993,13.877
170,9.986,13.870
171,9.984,13.866
172,10.003,13.868
173,10.032,13.887
174,10.088,13.964
175,10.132,14.023
176,10.147,14.055
177,10.142,14.039
178,10.205,14.156
179,10.235,14.212
180,10.268,14.291
181,10.276,14.268
182,10.228,14.240
183,10.200,14.194
184,10.140,14.120
185,10.092,14.050
186,10.033,13.955
187,10.001,13.923
188,9.981,13.876
189,10.033,13.975
190,10.025,13.947
191,10.048,13.951
192,10.075,14.020
193,10.321,14.302
194,10.416,14.421
195,10.306,14.294
196,10.396,14.380
197,10.338,14.312
198,10.338,14.342
199,10.356,14.386
200,10.416,14.457
201,10.365,14.387
202,10.350,14.384
203,10.395,14.504
204,10.314,14.417
205,10.272,14.446
206,10.183,14.338
207,10.139,14.305
208,9.996,14.149
209,9.931,14.089
210,9.800,13.907
211,9.643,13.702
212,9.539,13.565
213,9.481,13.497
214,9.388,13.374
215,9.312,13.281
216,9.355,13.335
217,9.396,13.385
218,9.380,13.339
219,9.346,13.290
220,9.312,13.261
221,9.219,13.115
222,9.114,12.954
223,9.015,12.801
224,8.942,12.728
225,8.892,12.665
226,8.788,12.518
227,8.741,12.475
228,8.688,12.364
229,8.678,12.353
230,8.664,12.337
231,8.810,12.495
232,8.849,12.515
233,8.887,12.575
234,8.780,12.408
235,8.772,12.411
236,8.739,12.385
237,8.671,12.309
238,8.693,12.352
239,8.687,12.349
240,8.853,12.539
241,8.906,12.571
242,8.933,12.595
243,9.009,12.658
244,9.099,12.752
245,9.152,12.794
246,9.114,12.765
247,9.116,12.784
248,9.135,12.794
249,9.176,12.848
250,9.213,12.865
251,9.241,12.892
252,9.288,12.973
253,9.303,12.991
254,9.373,13.071
255,9.397,13.095
256,9.461,13.150
257,9.556,13.273
258,9.653,13.376
259,9.776,13.492
260,9.942,13.678
261,9.870,13.609
262,9.942,13.704
263,10.040,13.832
264,9.940,13.718
265,10.034,13.832
266,10.096,13.889
267,10.272,14.102
268,10.427,14.307
269,10.464,14.301
270,10.511,14.378
271,10.542,14.392
272,10.561,14.418
273,10.586,14.437
274,10.597,14.446
275,10.647,14.535
276,10.693,14.600
277,10.772,14.688
278,10.867,14.785
279,10.902,14.831
280,10.972,14.917
281,11.103,15.054
282,11.278,15.260
283,11.437,15.465
284,11.503,15.522
285,11.534,15.537
286,11.594,15.632
287,11.592,15.593
288,11.580,15.584
289,11.508,15.556
290,11.415,15.467
291,11.327,15.382
292,11.198,15.261
293,11.082,15.100
294,10.985,15.008
295,10.879,14.926
296,10.797,14.866
297,10.700,14.801
298,10.574,14.617
299,10.494,14.525
300,10.436,14.466
301,10.364,14.408
302,10.249,14.229
303,10.138,14.123
304,10.106,14.097
305,10.050,14.062
306,9.973,13.961
307,9.885,13.850
308,9.842,13.804
309,9.839,13.815
310,9.790,13.744
311,9.823,13.808
312,9.808,13.793
313,9.822,13.804
314,9.836,13.870
315,9.852,13.843
316,9.853,13.881
317,9.825,13.858
318,9.791,13.819
319,9.769,13.782
320,9.758,13.800
321,9.721,13.745
322,9.701,13.779
323,9.692,13.758
324,9.646,13.699
325,9.588,13.632
326,9.536,13.585
327,9.490,13.519
328,9.463,13.485
329,9.467,13.503
330,9.409,13.404
331,9.391,13.362
332,9.375,13.363
333,9.327,13.281
334,9.290,13.234
335,9.229,13.120
336,9.203,13.094
337,9.150,13.000
338,9.122,13.014
339,9.068,12.891
340,8.986,12.770
341,8.942,12.704
342,8.872,12.609
343,8.798,12.510
344,8.738,12.433
345,8.655,12.332
346,8.566,12.180
347,8.521,12.131
348,8.597,12.172
349,8.584,12.160
350,8.567,12.157
351,8.616,12.179
352,8.643,12.194
353,8.691,12.249
354,8.655,12.192
355,8.662,12.200
356,8.668,12.217
357,8.653,12.192
358,8.635,12.161
359,8.599,12.141
360,8.594,12.147
361,8.617,12.173
362,8.581,12.124
363,8.596,12.130
364,8.623,12.184
365,8.574,12.119
366,8.573,12.109
367,8.601,12.155
368,8.610,12.173
369,8.624,12.200
370,8.650,12.227
371,8.663,12.209
372,8.674,12.246
373,8.668,12.252
374,8.693,12.276
375,8.683,12.270
376,8.660,12.204
377,8.658,12.203
378,8.694,12.256
379,8.716,12.272
380,8.774,12.305
381,8.898,12.487
382,9.028,12.614
383,9.152,12.770
384,9.331,12.962
385,9.350,12.974
386,9.420,13.059
387,9.251,12.867
388,9.292,12.925
389,9.285,12.901
390,9.177,12.779
391,9.169,12.775
392,9.153,12.717
393,9.166,12.725
394,9.124,12.651
395,9.170,12.728
396,9.114,12.654
397,9.138,12.686
398,9.189,12.771
399,9.205,12.758
400,9.251,12.808
401,9.291,12.872
402,9.402,12.982
403,9.468,13.082
404,9.483,13.087
405,9.529,13.151
406,9.513,13.132
407,9.514,13.085
408,9.488,13.087
409,9.481,13.076
410,9.503,13.117
411,9.437,13.028
412,9.382,12.949
413,9.383,12.956
414,9.432,13.048
415,9.442,13.054
416,9.451,13.061
417,9.493,13.122
418,9.509,13.138
419,9.565,13.197
420,9.595,13.218
421,9.656,13.308
422,9.743,13.422
423,9.829,13.547
424,9.895,13.617
425,9.944,13.669
426,9.948,13.688
427,9.943,13.655
428,9.952,13.667
429,9.979,13.701
430,9.996,13.711
431,9.976,13.739
432,9.888,13.601
433,9.952,13.717
434,9.947,13.703
435,9.861,13.589
436,9.800,13.535
437,9.749,13.461
438,9.744,13.461
439,9.699,13.412
440,9.701,13.433
441,9.669,13.391
442,9.638,13.357
443,9.595,13.297
444,9.554,13.264
445,9.507,13.209
446,9.515,13.240
447,9.499,13.224
448,9.463,13.160
449,9.467,13.192
450,9.483,13.221
451,9.463,13.191
452,9.504,13.239
453,9.553,13.311
454,9.573,13.335
455,9.584,13.369
456,9.583,13.356
457,9.553,13.310
458,9.551,13.299
459,9.524,13.247
460,9.518,13.249
461,9.494,13.225
462,9.474,13.231
463,9.449,13.199
464,9.425,13.143
465,9.388,13.099
466,9.369,13.066
467,9.351,13.070
468,9.329,13.037
469,9.340,13.073
470,9.302,13.008
471,9.246,12.927
472,9.226,12.932
473,9.151,12.813
474,9.051,12.663
475,9.039,12.661
476,9.052,12.692
477,9.018,12.672
478,9.005,12.651
479,8.974,12.589
480,8.934,12.549
481,8.935,12.551
482,8.941,12.546
483,8.921,12.517
484,8.917,12.556
485,8.929,12.580
486,8.891,12.511
487,8.886,12.506
488,8.872,12.487
489,8.874,12.489
490,8.832,12.440
491,8.817,12.410
492,8.778,12.350
493,8.786,12.353
494,8.824,12.435
495,8.801,12.370
496,8.808,12.410
497,8.805,12.403
498,8.820,12.433
499,8.807,12.437
500,8.793,12.396
501,8.828,12.451
502,8.868,12.481
503,8.882,12.542
504,8.864,12.519
505,8.816,12.436
506,8.850,12.529
507,8.827,12.463
508,8.806,12.429
509,8.835,12.480
510,8.820,12.480
511,8.799,12.426
512,8.800,12.424
513,8.922,12.567
514,8.971,12.626
515,8.980,12.638
516,8.935,12.553
517,8.934,12.559
518,8.929,12.552
519,8.885,12.491
520,8.914,12.551
521,8.911,12.537
522,8.924,12.565
523,8.938,12.585
524,8.944,12.569
525,8.956,12.585
526,8.973,12.622
527,8.990,12.639
528,8.989,12.632
529,9.023,12.667
530,9.018,12.652
531,9.013,12.655
532,9.043,12.696
533,9.021,12.639
534,9.040,12.675
535,9.075,12.761
536,9.065,12.715
537,9.057,12.681
538,9.094,12.740
539,9.135,12.806
540,9.100,12.733
541,9.131,12.772
542,9.137,12.771
543,9.138,12.785
544,9.148,12.784
545,9.161,12.820
546,9.191,12.866
547,9.176,12.828
548,9.191,12.826
549,9.228,12.887
550,9.238,12.915
551,9.246,12.907
552,9.222,12.861
553,9.241,12.903
554,9.249,12.896
555,9.268,12.929
556,9.288,12.937
557,9.302,12.980
558,9.303,12.974
559,9.325,13.001
560,9.303,12.969
561,9.311,12.976
562,9.325,12.982
563,9.307,12.947
564,9.327,12.983
565,9.363,13.045
566,9.372,13.054
567,9.355,13.015
568,9.383,13.041
569,9.388,13.053
570,9.414,13.082
571,9.446,13.141
572,9.427,13.095
573,9.433,13.107
574,9.445,13.133
575,9.445,13.113
576,9.470,13.131
577,9.463,13.132
578,9.470,13.120
579,9.462,13.111
580,9.491,13.180
581,9.495,13.166
582,9.532,13.197
583,9.500,13.147
584,9.543,13.206
585,9.535,13.207
586,9.562,13.239
587,9.545,13.213
588,9.570,13.262
589,9.573,13.248
590,9.565,13.217
591,9.584,13.243
592,9.603,13.279
593,9.594,13.270
594,9.629,13.311
595,9.598,13.249
596,9.605,13.283
597,9.610,13.271
598,9.653,13.338
599,9.644,13.333
600,9.648,13.297
601,9.641,13.289
602,9.642,13.316
603,9.676,13.379
604,9.680,13.369
605,9.665,13.331
606,9.686,13.365
607,9.700,13.385
608,9.712,13.411
609,9.703,13.369
610,9.709,13.390
611,9.727,13.406
612,9.726,13.407
613,9.725,13.396
614,9.741,13.439
615,9.728,13.388
616,9.753,13.450
617,9.753,13.426
618,9.752,13.428
619,9.754,13.437
620,9.756,13.436
621,9.759,13.426
622,9.774,13.464
623,9.765,13.448
624,9.774,13.457
625,9.762,13.409
626,9.766,13.439
627,9.806,13.515
628,9.775,13.442
629,9.795,13.474
630,9.803,13.485
631,9.805,13.494
632,9.795,13.474
633,9.802,13.477
634,9.801,13.468
635,9.797,13.459
636,9.801,13.480
637,9.798,13.458
638,9.803,13.438
639,9.780,13.416
640,9.805,13.473
641,9.792,13.457
642,9.807,13.480
643,9.788,13.422
644,9.810,13.468
645,9.832,13.496
646,9.821,13.472
647,9.817,13.476
648,9.798,13.440
649,9.822,13.468
650,9.830,13.514
651,9.820,13.470
652,9.831,13.490
653,9.825,13.473
654,9.813,13.472
655,9.827,13.483
656,9.818,13.471
657,9.816,13.457
658,9.830,13.465
659,9.825,13.479
660,9.820,13.459
661,9.855,13.528
662,9.813,13.427
663,9.831,13.459
664,9.849,13.491
665,9.835,13.461
666,9.857,13.498
667,9.865,13.488
668,9.872,13.519
669,9.879,13.547
670,9.860,13.509
671,9.856,13.486
672,9.845,13.471
673,9.834,13.458
674,9.867,13.535
675,9.862,13.508
676,9.857,13.513
677,9.848,13.500
678,9.862,13.521
679,9.832,13.468
680,9.835,13.463
681,9.844,13.517
682,9.817,13.436
683,9.826,13.459
684,9.816,13.426
685,9.821,13.434
686,9.820,13.428
687,9.824,13.455
688,9.859,13.513
689,9.850,13.516
690,9.858,13.539
691,9.863,13.524
692,9.905,13.595
693,9.889,13.569
694,9.890,13.564
695,9.903,13.554
696,9.891,13.537
697,9.893,13.530
698,9.887,13.502
699,9.765,13.386
700,9.735,13.361
701,9.733,13.355
702,9.764,13.393
703,9.734,13.303
704,9.731,13.305
705,9.740,13.327
706,9.721,13.294
707,9.705,13.259
708,9.750,13.371
709,9.740,13.343
710,9.763,13.381
711,9.763,13.375
712,9.756,13.337
713,9.761,13.362
714,9.748,13.295
715,9.768,13.347
716,9.764,13.364
717,9.747,13.302
718,9.770,13.327
719,9.763,13.337
720,9.721,13.276
721,9.711,13.277
722,9.712,13.280
723,9.667,13.199
724,9.650,13.177
725,9.610,13.153
726,9.617,13.180
727,9.573,13.128
728,9.548,13.104
729,9.520,13.063
730,9.488,13.034
731,9.437,12.944
732,9.426,12.931
733,9.392,12.886
734,9.369,12.880
735,9.365,12.898
736,9.327,12.836
737,9.298,12.805
738,9.249,12.724
739,9.240,12.722
740,9.238,12.750
741,9.213,12.710
742,9.149,12.615
743,9.133,12.624
744,9.185,12.645
745,9.202,12.672
746,9.236,12.702
747,9.259,12.737
748,9.289,12.760
749,9.292,12.756
750,9.331,12.766
751,9.326,12.758
752,9.343,12.766
753,9.298,12.713
754,9.300,12.721
755,9.280,12.711
756,9.288,12.674
757,9.302,12.698
758,9.327,12.758
759,9.311,12.742
760,9.266,12.645
761,9.237,12.622
762,9.241,12.630
763,9.215,12.564
764,9.259,12.651
765,9.269,12.659
766,9.323,12.733
767,9.341,12.761
768,9.371,12.783
769,9.396,12.789
770,9.452,12.869
771,9.473,12.860
772,9.552,12.960
773,9.599,13.004
774,9.676,13.083
775,9.716,13.125
776,9.801,13.205
777,9.742,13.125
778,9.808,13.216
779,9.808,13.228
780,9.844,13.294
781,9.886,13.329
782,9.935,13.390
783,9.898,13.342
784,9.907,13.365
785,9.912,13.369
786,9.948,13.427
787,9.958,13.439
788,9.921,13.398
789,9.943,13.472
790,9.956,13.478
791,9.928,13.444
792,9.961,13.469
793,9.968,13.485
794,9.988,13.507
795,10.064,13.598
796,10.059,13.597
797,10.067,13.591
798,10.119,13.664
799,10.180,13.741
800,10.217,13.775
801,10.257,13.806
802,10.207,13.775
803,10.206,13.742
804,10.245,13.785
805,10.255,13.795
806,10.291,13.857
807,10.334,13.905
808,10.376,13.945
809,10.418,14.024
810,10.459,14.064
811,10.467,14.058
812,10.450,14.031
813,10.459,14.027
814,10.458,14.036
815,10.440,14.015
816,10.462,14.055
817,10.477,14.088
818,10.446,14.042
819,10.474,14.104
820,10.527,14.177
821,10.576,14.230
822,10.495,14.105
823,10.465,14.117
824,10.534,14.208
825,10.532,14.210
826,10.519,14.196
827,10.564,14.259
828,10.554,14.263
829,10.437,14.107
830,10.520,14.196
831,10.523,14.200
832,10.515,14.230
833,10.508,14.256
834,10.444,14.171
835,10.421,14.180
836,10.380,14.100
837,10.333,14.070
838,10.271,13.980
839,10.257,13.977
840,10.270,14.011
841,10.228,13.966
842,10.208,13.934
843,10.133,13.817
844,10.127,13.845
845,10.057,13.818
846,10.075,13.816
847,10.023,13.773
848,9.893,13.561
849,9.941,13.630
850,9.993,13.759
851,9.943,13.702
852,9.886,13.630
853,9.874,13.615
854,9.840,13.575
855,9.790,13.508
856,9.784,13.532
857,9.744,13.450
858,9.712,13.425
859,9.712,13.421
860,9.660,13.336
861,9.677,13.399
862,9.659,13.367
863,9.614,13.316
864,9.604,13.353
865,9.579,13.306
866,9.539,13.258
867,9.496,13.202
868,9.470,13.171
869,9.438,13.137
870,9.368,13.045
871,9.360,13.050
872,9.350,13.072
873,9.303,13.007
874,9.282,12.971
875,9.222,12.922
876,9.219,12.938
877,9.196,12.915
878,9.207,12.979
879,9.299,13.037
880,9.338,13.104
881,9.390,13.186
882,9.340,13.120
883,9.348,13.132
884,9.371,13.135
885,9.353,13.101
886,9.397,13.143
887,9.434,13.189
888,9.434,13.192
889,9.442,13.204
890,9.448,13.217
891,9.487,13.294
892,9.496,13.301
893,9.523,13.319
894,9.520,13.329
895,9.542,13.386
896,9.517,13.299
897,9.531,13.322
898,9.545,13.375
899,9.527,13.334
900,9.532,13.348
901,9.526,13.330
902,9.507,13.301
903,9.535,13.382
904,9.494,13.311
905,9.528,13.376
906,9.518,13.335
907,9.513,13.318
908,9.532,13.338
909,9.506,13.287
910,9.566,13.405
911,9.574,13.410
912,9.553,13.354
913,9.542,13.317
914,9.565,13.372
915,9.578,13.406
916,9.556,13.330
917,9.564,13.351
918,9.587,13.391
919,9.613,13.444
920,9.617,13.439
921,9.584,13.402
922,9.602,13.412
923,9.610,13.446
924,9.610,13.428
925,9.616,13.445
926,9.605,13.436
927,9.634,13.488
928,9.626,13.468
929,9.624,13.441
930,9.616,13.432
931,9.611,13.426
932,9.617,13.417
933,9.627,13.444
934,9.593,13.405
935,9.598,13.398
936,9.630,13.459
937,9.639,13.496
938,9.621,13.472
939,9.636,13.495
940,9.597,13.422
941,9.618,13.453
942,9.601,13.420
943,9.607,13.427
944,9.629,13.466
945,9.624,13.466
946,9.602,13.421
947,9.628,13.478
948,9.612,13.434
949,9.619,13.471
950,9.615,13.440
951,9.612,13.465
952,9.602,13.414
953,9.611,13.440
954,9.597,13.400
955,9.583,13.388
956,9.587,13.424
957,9.600,13.413
958,9.613,13.437
959,9.617,13.429
960,9.610,13.396
961,9.623,13.422
962,9.614,13.408
963,9.633,13.436
964,9.632,13.442
965,9.665,13.495
966,9.646,13.449
967,9.672,13.484
968,9.642,13.437
969,9.637,13.413
970,9.662,13.475
971,9.660,13.471
972,9.681,13.479
973,9.690,13.497
974,9.694,13.510
975,9.671,13.434
976,9.677,13.460
977,9.699,13.511
978,9.711,13.496
979,9.729,13.543
980,9.726,13.517
981,9.725,13.534
982,9.742,13.564
983,9.749,13.549
984,9.737,13.501
985,9.779,13.584
986,9.771,13.582
987,9.786,13.570
988,9.778,13.567
989,9.774,13.540
990,9.795,13.589
991,9.787,13.569
992,9.801,13.568
993,9.812,13.578
994,9.854,13.631
995,9.850,13.629
996,9.856,13.615
997,9.859,13.644
998,9.887,13.699
999,9.890,13.659
1000,9.880,13.649
1001,9.905,13.666
1002,9.911,13.668
1003,9.896,13.623
1004,9.939,13.702
1005,9.925,13.664
1006,9.925,13.669
1007,9.949,13.681
1008,9.969,13.733
1009,9.982,13.701
1010,9.977,13.684
1011,10.011,13.748
1012,9.998,13.742
1013,9.980,13.684
1014,10.006,13.713
1015,9.993,13.685
1016,10.011,13.730
1017,10.015,13.704
1018,10.047,13.763
1019,10.059,13.765
1020,10.047,13.743
1021,10.038,13.738
1022,10.053,13.760
1023,9.954,13.660
1024,9.899,13.616
1025,9.848,13.543
1026,9.859,13.565
1027,9.826,13.497
1028,9.829,13.498
1029,9.849,13.547
1030,9.833,13.530
1031,9.824,13.526
1032,9.815,13.518
1033,9.809,13.501
1034,9.821,13.529
1035,9.820,13.499
1036,9.819,13.498
1037,9.811,13.497
1038,9.808,13.492
1039,9.772,13.459
1040,9.789,13.455
1041,9.779,13.439
1042,9.825,13.501
1043,9.795,13.451
1044,9.825,13.508
1045,9.855,13.529
1046,9.867,13.563
1047,9.867,13.557
1048,9.902,13.601
1049,9.909,13.603
1050,9.936,13.668
1051,9.945,13.674
1052,9.922,13.630
1053,9.948,13.671
1054,9.943,13.672
1055,9.936,13.671
1056,9.932,13.658
1057,9.920,13.651
1058,9.903,13.591
1059,9.922,13.625
1060,9.927,13.629
1061,9.930,13.619
1062,9.914,13.596
1063,9.929,13.614
1064,9.894,13.584
1065,9.851,13.495
1066,9.842,13.500
1067,9.855,13.514
1068,9.852,13.525
1069,9.893,13.550
1070,9.903,13.581
1071,9.906,13.565
1072,9.928,13.612
1073,9.921,13.603
1074,9.932,13.625
1075,9.919,13.632
1076,9.906,13.598
1077,9.898,13.620
1078,9.892,13.615
1079,9.866,13.567
1080,9.867,13.609
1081,9.849,13.549
1082,9.852,13.564
1083,9.864,13.587
1084,9.876,13.593
1085,9.873,13.551
1086,9.928,13.667
1087,9.887,13.582
1088,9.874,13.576
1089,9.876,13.574
1090,9.855,13.576
1091,9.827,13.522
1092,9.822,13.545
1093,9.802,13.501
1094,9.777,13.469
1095,9.768,13.469
1096,9.748,13.435
1097,9.753,13.479
1098,9.736,13.434
1099,9.727,13.436
1100,9.719,13.445
1101,9.681,13.385
1102,9.665,13.363
1103,9.650,13.326
1104,9.630,13.312
1105,9.570,13.240
1106,9.538,13.211
1107,9.520,13.196
1108,9.479,13.143
1109,9.454,13.119
1110,9.521,13.169
1111,9.509,13.136
1112,9.501,13.127
1113,9.432,13.043
1114,9.425,13.056
1115,9.421,13.056
1116,9.483,13.087
1117,9.521,13.123
1118,9.523,13.104
1119,9.511,13.102
1120,9.493,13.078
1121,9.495,13.066
1122,9.456,13.021
1123,9.452,12.998
1124,9.450,13.003
1125,9.419,12.971
1126,9.364,12.933
1127,9.354,12.911
1128,9.319,12.880
1129,9.283,12.811
1130,9.238,12.789
1131,9.363,12.919
1132,9.402,12.954
1133,9.455,13.008
1134,9.447,13.012
1135,9.438,12.992
1136,9.411,12.957
1137,9.408,12.953
1138,9.425,12.991
1139,9.518,13.078
1140,9.564,13.119
1141,9.668,13.224
1142,9.741,13.292
1143,9.795,13.356
1144,9.847,13.387
1145,9.933,13.481
1146,10.003,13.558
1147,10.064,13.611
1148,10.146,13.705
1149,10.128,13.691
1150,10.153,13.710
1151,10.142,13.671
1152,10.095,13.648
1153,10.089,13.626
1154,10.097,13.630
1155,10.130,13.712
1156,10.134,13.694
1157,10.110,13.706
1158,10.072,13.677
1159,10.027,13.607
1160,10.002,13.590
1161,9.983,13.554
1162,9.981,13.559
1163,9.965,13.577
1164,9.946,13.520
1165,9.955,13.569
1166,9.942,13.557
1167,9.907,13.509
1168,9.893,13.504
1169,9.871,13.451
1170,9.854,13.439
1171,9.835,13.415
1172,9.812,13.387
1173,9.802,13.390
1174,9.794,13.372
1175,9.803,13.395
1176,9.813,13.422
1177,9.814,13.390
1178,9.805,13.409
1179,9.809,13.401
1180,9.801,13.383
1181,9.826,13.397
1182,9.820,13.400
1183,9.834,13.408
1184,9.834,13.423
1185,9.830,13.416
1186,9.798,13.378
1187,9.769,13.318
1188,9.739,13.292
1189,9.753,13.341
1190,9.750,13.312
1191,9.755,13.354
1192,9.757,13.327
1193,9.776,13.380
1194,9.834,13.463
1195,9.850,13.459
1196,9.873,13.490
1197,9.899,13.536
1198,9.911,13.518
1199,9.918,13.553
1200,9.929,13.568
1201,9.929,13.549
1202,9.897,13.508
1203,9.892,13.502
1204,9.851,13.449
1205,9.828,13.437
1206,9.795,13.413
1207,9.769,13.361
1208,9.790,13.406
1209,9.797,13.421
1210,9.802,13.425
1211,9.798,13.410
1212,9.780,13.375
1213,9.797,13.401
1214,9.781,13.392
1215,9.755,13.344
1216,9.745,13.378
1217,9.712,13.353
1218,9.668,13.302
1219,9.636,13.266
1220,9.592,13.238
1221,9.583,13.223
1222,9.586,13.259
1223,9.584,13.244
1224,9.554,13.202
1225,9.600,13.262
1226,9.632,13.309
1227,9.629,13.278
1228,9.657,13.329
1229,9.684,13.359
1230,9.671,13.343
1231,9.688,13.401
1232,9.628,13.311
1233,9.598,13.271
1234,9.586,13.285
1235,9.557,13.238
1236,9.524,13.198
1237,9.501,13.200
1238,9.466,13.148
1239,9.464,13.152
1240,9.462,13.149
1241,9.459,13.151
1242,9.475,13.173
1243,9.458,13.134
1244,9.487,13.151
1245,9.495,13.174
1246,9.459,13.124
1247,9.463,13.155
1248,9.484,13.185
1249,9.497,13.169
1250,9.523,13.207
1251,9.554,13.261
1252,9.575,13.283
1253,9.587,13.300
1254,9.574,13.262
1255,9.604,13.315
1256,9.575,13.287
1257,9.554,13.251
1258,9.549,13.250
1259,9.528,13.233
1260,9.515,13.233
1261,9.508,13.221
1262,9.502,13.206
1263,9.498,13.225
1264,9.493,13.215
1265,9.490,13.208
1266,9.512,13.274
1267,9.455,13.170
1268,9.439,13.147
1269,9.425,13.134
1270,9.418,13.135
1271,9.410,13.113
1272,9.405,13.117
1273,9.421,13.169
1274,9.370,13.107
1275,9.501,13.218
1276,9.550,13.297
1277,9.542,13.251
1278,9.541,13.278
1279,9.497,13.213
1280,9.476,13.200
1281,9.476,13.232
1282,9.400,13.111
1283,9.373,13.108
1284,9.347,13.088
1285,9.307,13.034
1286,9.250,12.989
1287,9.363,13.073
1288,9.336,13.026
1289,9.326,13.033
1290,9.377,13.076
1291,9.381,13.088
1292,9.432,13.162
1293,9.446,13.186
1294,9.488,13.254
1295,9.527,13.279
1296,9.717,13.481
1297,9.765,13.506
1298,9.871,13.609
1299,9.883,13.595
1300,9.958,13.708
1301,9.999,13.718
1302,10.003,13.705
1303,10.055,13.736
1304,10.085,13.759
1305,10.155,13.838
1306,10.225,13.933
1307,10.268,13.982
1308,10.225,13.945
1309,10.206,13.911
1310,10.283,14.025
1311,10.279,14.031
1312,10.283,14.015
1313,10.341,14.062
1314,10.377,14.098
1315,10.424,14.136
1316,10.514,14.203
1317,10.572,14.299
1318,10.597,14.318
1319,10.610,14.312
1320,10.626,14.322
1321,10.624,14.328
1322,10.613,14.309
1323,10.640,14.347
1324,10.621,14.327
1325,10.621,14.324
1326,10.581,14.271
1327,10.561,14.253
1328,10.520,14.202
1329,10.473,14.165
1330,10.461,14.194
1331,10.409,14.097
1332,10.368,14.054
1333,10.340,14.026
1334,10.329,14.033
1335,10.368,14.106
1336,10.392,14.111
1337,10.405,14.090
1338,10.451,14.173
1339,10.470,14.198
1340,10.517,14.256
1341,10.541,14.272
1342,10.580,14.290
1343,10.615,14.306
1344,10.660,14.372
1345,10.630,14.344
1346,10.591,14.292
1347,10.535,14.223
1348,10.512,14.233
1349,10.480,14.176
1350,10.439,14.143
1351,10.369,14.064
1352,10.342,14.074
1353,10.285,13.980
1354,10.265,13.955
1355,10.274,13.999
1356,10.237,13.958
1357,10.227,13.923
1358,10.214,13.934
1359,10.174,13.885
1360,10.134,13.813
1361,10.123,13.813
1362,10.148,13.865
1363,10.176,13.910
1364,10.184,13.888
1365,10.224,13.953
1366,10.258,13.999
1367,10.273,13.982
1368,10.332,14.084
1369,10.366,14.087
1370,10.387,14.111
1371,10.373,14.086
1372,10.290,13.976
1373,10.253,13.967
1374,10.179,13.887
1375,10.119,13.836
1376,10.053,13.774
1377,10.016,13.732
1378,9.994,13.708
1379,9.970,13.688
1380,9.953,13.658
1381,9.949,13.648
1382,9.971,13.673
1383,9.988,13.664
1384,10.039,13.742
1385,10.096,13.809
1386,10.110,13.813
1387,10.111,13.805
1388,10.136,13.839
1389,10.155,13.853
1390,10.101,13.823
1391,10.097,13.786
1392,10.094,13.816
1393,10.078,13.797
1394,10.060,13.766
1395,10.072,13.792
1396,10.064,13.790
1397,10.026,13.746
1398,10.011,13.719
1399,10.033,13.783
1400,10.011,13.731
1401,9.974,13.691
1402,9.951,13.661
1403,9.950,13.678
1404,9.939,13.649
1405,9.880,13.560
1406,9.902,13.623
1407,9.873,13.558
1408,9.883,13.600
1409,9.851,13.528
1410,9.873,13.613
1411,9.861,13.595
1412,9.841,13.579
1413,9.810,13.541
1414,9.803,13.529
1415,9.818,13.557
1416,9.761,13.492
1417,9.752,13.475
1418,9.715,13.445
1419,9.701,13.419
1420,9.658,13.361
1421,9.645,13.345
1422,9.630,13.314
1423,9.655,13.376
1424,9.632,13.329
1425,9.598,13.295
1426,9.580,13.285
1427,9.565,13.230
1428,9.577,13.273
1429,9.611,13.320
1430,9.609,13.313
1431,9.632,13.375
1432,9.600,13.306
1433,9.613,13.344
1434,9.575,13.316
1435,9.565,13.309
1436,9.573,13.324
1437,9.546,13.280
1438,9.525,13.246
1439,9.521,13.266
1440,9.469,13.164
1441,9.477,13.184
1442,9.462,13.169
1443,9.484,13.194
1444,9.476,13.180
1445,9.479,13.176
1446,9.508,13.217
1447,9.499,13.200
1448,9.521,13.226
1449,9.491,13.198
1450,9.477,13.199
1451,9.480,13.192
1452,9.541,13.255
1453,9.566,13.287
1454,9.573,13.306
1455,9.552,13.242
1456,9.555,13.273
1457,9.533,13.259
1458,9.553,13.277
1459,9.533,13.251
1460,9.563,13.286
1461,9.542,13.244
1462,9.547,13.258
1463,9.581,13.320
1464,9.553,13.272
1465,9.558,13.256
1466,9.570,13.274
1467,9.584,13.314
1468,9.574,13.279
1469,9.590,13.306
1470,9.600,13.313
1471,9.587,13.306
1472,9.597,13.301
1473,9.616,13.339
1474,9.618,13.324
1475,9.597,13.300
1476,9.641,13.369
1477,9.645,13.379
1478,9.616,13.306
1479,9.635,13.330
1480,9.644,13.367
1481,9.667,13.386
1482,9.652,13.366
1483,9.665,13.375
1484,9.701,13.423
1485,9.691,13.404
1486,9.698,13.413
1487,9.705,13.429
1488,9.701,13.416
1489,9.731,13.454
1490,9.724,13.441
1491,9.726,13.457
1492,9.750,13.492
1493,9.764,13.515
1494,9.738,13.466
1495,9.708,13.394
1496,9.749,13.471
1497,9.772,13.501
1498,9.789,13.523
1499,9.770,13.462
1500,9.781,13.492
1501,9.787,13.500
1502,9.793,13.511
1503,9.813,13.532
1504,9.800,13.512
1505,9.802,13.516
1506,9.836,13.569
1507,9.819,13.507
1508,9.842,13.572
1509,9.869,13.618
1510,9.836,13.535
1511,9.867,13.600
1512,9.852,13.573
1513,9.871,13.564
1514,9.885,13.601
1515,9.913,13.645
1516,9.900,13.608
1517,9.917,13.635
1518,9.926,13.649
1519,9.947,13.673
1520,9.946,13.668
1521,9.946,13.635
1522,9.984,13.702
1523,9.969,13.667
1524,9.995,13.717
1525,9.978,13.684
1526,10.020,13.743
1527,9.995,13.703
1528,10.016,13.729
1529,10.027,13.748
1530,10.012,13.717
1531,10.024,13.714
1532,10.031,13.744
1533,10.031,13.727
1534,10.041,13.746
1535,10.057,13.761
1536,10.068,13.775
1537,10.064,13.747
1538,10.047,13.709
1539,10.097,13.823
1540,10.093,13.801
1541,10.084,13.780
1542,10.084,13.790
1543,10.088,13.763
1544,10.103,13.815
1545,10.057,13.742
1546,10.046,13.729
1547,10.015,13.689
1548,9.972,13.638
1549,9.943,13.615
1550,9.898,13.568
1551,9.904,13.569
1552,9.876,13.534
1553,9.891,13.574
1554,9.891,13.575
1555,9.946,13.644
1556,9.960,13.643
1557,10.007,13.719
1558,10.032,13.704
1559,10.072,13.737
1560,10.139,13.832
1561,10.153,13.838
1562,10.158,13.823
1563,10.185,13.870
1564,10.145,13.787
1565,10.153,13.824
1566,9.986,13.648
1567,9.944,13.633
1568,9.894,13.578
1569,9.866,13.518
1570,9.836,13.490
1571,9.837,13.521
1572,9.845,13.498
1573,9.898,13.573
1574,9.920,13.573
1575,10.003,13.692
1576,10.034,13.714
1577,10.053,13.733
1578,10.072,13.732
1579,10.109,13.779
1580,10.100,13.764
1581,10.089,13.735
1582,10.110,13.772
1583,10.115,13.769
1584,10.105,13.743
1585,10.144,13.814
1586,10.133,13.779
1587,10.149,13.814
1588,10.123,13.761
1589,10.134,13.776
1590,10.107,13.751
1591,10.088,13.741
1592,10.051,13.701
1593,9.996,13.610
1594,9.967,13.595
1595,9.923,13.531
1596,9.908,13.532
1597,9.902,13.521
1598,9.903,13.532
1599,9.919,13.524
1600,9.943,13.555
1601,9.966,13.575
1602,10.055,13.738
1603,10.096,13.767
1604,10.133,13.775
1605,10.142,13.778
1606,10.173,13.816
1607,10.169,13.801
1608,10.153,13.786
1609,10.103,13.743
1610,10.034,13.641
1611,9.987,13.636
1612,9.900,13.504
1613,9.846,13.471
1614,9.806,13.437
1615,9.776,13.414
1616,9.793,13.420
1617,9.792,13.400
1618,9.811,13.425
1619,9.837,13.450
1620,9.863,13.493
1621,9.900,13.537
1622,9.925,13.551
1623,9.921,13.563
1624,9.924,13.568
1625,9.883,13.518
1626,9.872,13.516
1627,9.843,13.475
1628,9.823,13.477
1629,9.811,13.458
1630,9.780,13.395
1631,9.770,13.405
1632,9.755,13.399
1633,9.740,13.355
1634,9.701,13.313
1635,9.717,13.331
1636,9.699,13.317
1637,9.691,13.340
1638,9.663,13.277
1639,9.662,13.311
1640,9.647,13.298
1641,9.621,13.248
1642,9.596,13.224
1643,9.604,13.239
1644,9.588,13.239
1645,9.545,13.172
1646,9.523,13.150
1647,9.513,13.148
1648,9.491,13.095
1649,9.487,13.109
1650,9.568,13.149
1651,9.612,13.224
1652,9.612,13.217
1653,9.610,13.229
1654,9.598,13.219
1655,9.563,13.166
1656,9.562,13.154
1657,9.577,13.203
1658,9.553,13.149
1659,9.566,13.180
1660,9.546,13.143
1661,9.553,13.167
1662,9.544,13.144
1663,9.524,13.126
1664,9.541,13.157
1665,9.517,13.102
1666,9.525,13.108
1667,9.504,13.089
1668,9.501,13.086
1669,9.513,13.126
1670,9.513,13.110
1671,9.520,13.147
1672,9.481,13.081
1673,9.514,13.111
1674,9.458,13.065
1675,9.480,13.099
1676,9.478,13.108
1677,9.483,13.099
1678,9.476,13.081
1679,9.470,13.066
1680,9.615,13.218
1681,9.608,13.189
1682,9.644,13.228
1683,9.642,13.248
1684,9.628,13.221
1685,9.633,13.227
1686,9.600,13.173
1687,9.590,13.165
1688,9.564,13.092
1689,9.569,13.131
1690,9.554,13.090
1691,9.546,13.088
1692,9.512,13.068
1693,9.508,13.049
1694,9.483,13.033
1695,9.463,12.988
1696,9.469,13.002
1697,9.472,13.028
1698,9.486,13.040
1699,9.471,13.010
1700,9.498,13.070
1701,9.471,13.006
1702,9.481,13.014
1703,9.506,13.041
1704,9.549,13.093
1705,9.553,13.096
1706,9.581,13.138
1707,9.611,13.171
1708,9.609,13.163
1709,9.651,13.228
1710,9.658,13.233
1711,9.673,13.258
1712,9.649,13.220
1713,9.690,13.269
1714,9.709,13.292
1715,9.728,13.303
1716,9.746,13.279
1717,9.784,13.283
1718,9.849,13.388
1719,9.882,13.392
1720,9.959,13.475
1721,10.034,13.563
1722,10.059,13.569
1723,10.185,13.752
1724,10.210,13.744
1725,10.100,13.620
1726,10.114,13.655
1727,10.100,13.622
1728,10.073,13.630
1729,10.085,13.611
1730,10.097,13.677
1731,10.148,13.727
1732,10.167,13.752
1733,10.147,13.705
1734,10.144,13.693
1735,10.146,13.709
1736,10.158,13.734
1737,10.149,13.725
1738,10.118,13.678
1739,10.121,13.654
1740,10.110,13.666
1741,10.097,13.660
1742,10.096,13.664
1743,10.056,13.613
1744,10.032,13.592
1745,9.998,13.563
1746,9.956,13.514
1747,9.939,13.512
1748,9.919,13.488
1749,9.892,13.456
1750,9.883,13.434
1751,9.901,13.511
1752,9.887,13.496
1753,9.859,13.463
1754,9.864,13.470
1755,9.830,13.440
1756,9.807,13.415
1757,9.783,13.401
1758,9.739,13.355
1759,9.697,13.319
1760,9.646,13.257
1761,9.622,13.243
1762,9.606,13.225
1763,9.580,13.208
1764,9.607,13.238
1765,9.585,13.172
1766,9.579,13.167
1767,9.607,13.202
1768,9.589,13.154
1769,9.595,13.163
1770,9.596,13.200
1771,9.615,13.182
1772,9.615,13.179
1773,9.668,13.269
1774,9.702,13.283
1775,9.739,13.287
1776,9.795,13.355
1777,9.852,13.417
1778,9.857,13.422
1779,9.877,13.450
1780,9.915,13.514
1781,9.959,13.558
1782,9.973,13.578
1783,9.973,13.557
1784,9.988,13.578
1785,9.998,13.587
1786,9.998,13.584
1787,9.985,13.585
1788,9.967,13.543
1789,9.910,13.460
1790,9.916,13.465
1791,9.879,13.464
1792,9.851,13.410
1793,9.855,13.435
1794,9.853,13.440
1795,9.832,13.414
1796,9.870,13.486
1797,9.871,13.482
1798,9.853,13.479
1799,9.823,13.422
1800,9.833,13.470
1801,9.824,13.443
1802,9.800,13.438
1803,9.767,13.407
1804,9.762,13.385
1805,9.753,13.376
1806,9.758,13.400
1807,9.711,13.344
1808,9.667,13.295
1809,9.644,13.273
1810,9.619,13.227
1811,9.614,13.244
1812,9.581,13.175
1813,9.564,13.151
1814,9.552,13.147
1815,9.520,13.108
1816,9.532,13.139
1817,9.521,13.156
1818,9.469,13.076
1819,9.486,13.115
1820,9.472,13.091
1821,9.473,13.107
1822,9.460,13.097
1823,9.436,13.074
1824,9.426,13.063
1825,9.415,13.067
1826,9.384,13.019
1827,9.487,13.139
1828,9.503,13.135
1829,9.529,13.148
1830,9.515,13.161
1831,9.504,13.135
1832,9.469,13.102
1833,9.442,13.063
1834,9.411,13.028
1835,9.428,13.071
1836,9.557,13.180
1837,9.577,13.206
1838,9.589,13.196
1839,9.574,13.197
1840,9.559,13.191
