0,10.360,14.314
1,10.371,14.320
2,10.373,14.313
3,10.382,14.347
4,10.384,14.322
5,10.387,14.334
6,10.458,14.452
7,10.412,14.367
8,10.419,14.390
9,10.412,14.357
10,10.427,14.410
11,10.448,14.465
12,10.439,14.445
13,10.456,14.485
14,10.431,14.430
15,10.431,14.429
16,10.432,14.410
17,10.430,14.412
18,10.430,14.406
19,10.422,14.402
20,10.411,14.373
21,10.380,14.409
22,10.363,14.317
23,10.373,14.343
24,10.377,14.384
25,10.364,14.308
26,10.375,14.324
27,10.325,14.253
28,10.365,14.324
29,10.346,14.283
30,10.338,14.238
31,10.322,14.225
32,10.346,14.248
33,10.392,14.331
34,10.446,14.421
35,10.432,14.348
36,10.477,14.363
37,10.489,14.375
38,10.521,14.413
39,10.505,14.389
40,10.496,14.394
41,10.471,14.347
42,10.447,14.313
43,10.409,14.292
44,10.365,14.228
45,10.342,14.217
46,10.320,14.194
47,10.258,14.142
48,10.252,14.148
49,10.213,14.125
50,10.171,14.063
51,10.159,14.056
52,10.156,14.087
53,10.089,14.037
54,10.032,13.991
55,10.024,13.982
56,10.025,14.018
57,9.980,13.971
58,9.980,13.956
59,9.904,13.861
60,9.867,13.809
61,9.845,13.794
62,9.824,13.780
63,9.768,13.701
64,9.792,13.761
65,9.800,13.787
66,9.734,13.671
67,9.727,13.690
68,9.686,13.653
69,9.675,13.652
70,9.629,13.575
71,9.590,13.580
72,9.478,13.385
73,9.462,13.423
74,9.614,13.571
75,9.615,13.579
76,9.612,13.580
77,9.552,13.490
78,9.504,13.433
79,9.495,13.441
80,9.669,13.638
81,9.726,13.710
82,9.737,13.686
83,9.661,13.565
84,9.659,13.592
85,9.648,13.542
86,9.606,13.508
87,9.585,13.440
88,9.606,13.530
89,9.603,13.554
90,9.572,13.481
91,9.550,13.467
92,9.534,13.445
93,9.534,13.436
94,9.538,13.466
95,9.557,13.537
96,9.518,13.432
97,9.526,13.448
98,9.695,13.602
99,9.764,13.703
100,9.832,13.786
101,9.802,13.720
102,9.812,13.771
103,9.839,13.775
104,9.910,13.855
105,10.022,14.001
106,10.066,14.028
107,10.044,13.956
108,10.107,14.034
109,10.192,14.112
110,10.299,14.203
111,10.354,14.207
112,10.401,14.260
113,10.319,14.174
114,10.341,14.171
115,10.358,14.199
116,10.290,14.124
117,10.303,14.119
118,10.279,14.063
119,10.316,14.051
120,10.312,13.996
121,10.373,14.111
122,10.193,13.927
123,10.209,13.943
124,10.223,14.008
125,10.226,13.944
126,10.293,14.050
127,10.283,14.008
128,10.244,13.936
129,10.260,14.023
130,10.226,14.000
131,10.159,13.911
132,10.171,13.915
133,10.217,13.976
134,10.104,13.834
135,10.153,14.005
136,10.118,13.929
137,10.079,13.798
138,10.122,13.909
139,10.099,13.847
140,10.167,13.941
141,10.224,14.111
142,10.136,13.910
143,10.110,13.853
144,10.110,13.859
145,10.164,13.983
146,10.160,13.941
147,10.190,13.997
148,10.211,13.997
149,10.206,13.993
150,10.214,14.026
151,10.206,13.966
152,10.246,14.050
153,10.274,14.085
154,10.227,14.001
155,10.242,14.026
156,10.259,14.069
157,10.299,14.131
158,10.322,14.141
159,10.295,14.078
160,10.289,14.052
161,10.305,14.040
162,10.344,14.089
163,10.356,14.106
164,10.373,14.100
165,10.378,14.119
166,10.388,14.153
167,10.427,14.204
168,10.416,14.198
169,10.438,14.235
170,10.369,14.088
171,10.376,14.126
172,10.399,14.169
173,10.432,14.237
174,10.450,14.255
175,10.472,14.288
176,10.475,14.284
177,10.515,14.335
178,10.546,14.331
179,10.600,14.425
180,10.633,14.445
181,10.708,14.531
182,10.734,14.554
183,10.777,14.570
184,10.798,14.580
185,10.739,14.523
186,10.642,14.452
187,10.566,14.393
188,10.509,14.370
189,10.379,14.225
190,10.246,14.083
191,10.144,14.008
192,9.994,13.841
193,9.960,13.837
194,9.900,13.772
195,9.888,13.762
196,9.855,13.714
197,9.864,13.785
198,9.801,13.704
199,9.748,13.659
200,9.949,13.867
201,9.925,13.876
202,9.919,13.790
203,9.846,13.744
204,9.836,13.764
205,9.816,13.724
206,9.819,13.697
207,9.807,13.743
208,9.801,13.719
209,9.808,13.731
210,9.797,13.695
211,9.817,13.732
212,9.777,13.660
213,9.810,13.730
214,9.819,13.708
215,9.839,13.753
216,9.825,13.693
217,9.865,13.765
218,9.907,13.833
219,9.948,13.890
220,9.997,13.954
221,10.060,14.030
222,10.133,14.109
223,10.170,14.132
224,10.143,14.102
225,10.179,14.158
226,10.179,14.122
227,10.184,14.152
228,10.171,14.111
229,10.192,14.133
230,10.135,14.007
231,10.136,14.031
232,10.152,14.078
233,10.124,14.014
234,10.120,14.001
235,10.119,13.998
236,10.090,13.952
237,10.112,13.992
238,10.075,13.912
239,10.106,13.967
240,10.110,13.973
241,10.109,13.957
242,10.105,13.964
243,10.117,13.947
244,10.096,13.923
245,10.099,13.952
246,10.090,13.933
247,10.099,13.926
248,10.040,13.838
249,10.045,13.870
250,10.029,13.845
251,10.043,13.870
252,10.014,13.799
253,10.021,13.840
254,10.018,13.799
255,10.053,13.871
256,10.090,13.899
257,10.091,13.925
258,10.146,13.981
259,10.138,13.970
260,10.157,14.002
261,10.133,13.963
262,10.127,13.947
263,10.077,13.906
264,10.026,13.867
265,9.956,13.744
266,9.938,13.698
267,9.944,13.708
268,9.939,13.699
269,9.919,13.653
270,9.956,13.710
271,9.925,13.647
272,9.974,13.720
273,10.045,13.806
274,10.048,13.819
275,10.095,13.866
276,10.135,13.891
277,10.183,13.970
278,10.220,13.997
279,10.221,14.004
280,10.239,14.064
281,10.244,14.036
282,10.269,14.088
283,10.303,14.127
284,10.291,14.107
285,10.282,14.068
286,10.286,14.107
287,10.118,13.954
288,10.083,13.925
289,10.101,13.958
290,10.124,13.990
291,10.142,14.002
292,10.154,14.031
293,10.191,14.093
294,10.207,14.081
295,10.212,14.100
296,10.199,14.086
297,10.216,14.080
298,10.206,14.093
299,10.235,14.125
300,10.255,14.166
301,10.228,14.116
302,10.199,14.086
303,10.206,14.105
304,10.204,14.101
305,10.221,14.140
306,10.235,14.151
307,10.255,14.217
308,10.224,14.159
309,10.255,14.214
310,10.226,14.165
311,10.229,14.184
312,10.218,14.163
313,10.242,14.212
314,10.253,14.217
315,10.222,14.163
316,10.251,14.190
317,10.231,14.166
318,10.250,14.164
319,10.267,14.223
320,10.256,14.175
321,10.211,14.108
322,10.236,14.153
323,10.232,14.188
324,10.211,14.149
325,10.205,14.146
326,10.178,14.102
327,10.166,14.103
328,10.145,14.089
329,10.119,14.078
330,10.100,14.079
331,10.084,14.036
332,10.021,13.952
333,10.028,13.995
334,9.999,13.944
335,10.010,13.943
336,10.006,13.939
337,9.974,13.915
338,9.990,13.958
339,9.982,13.947
340,9.940,13.831
341,9.968,13.911
342,9.966,13.905
343,9.891,13.835
344,9.955,13.889
345,9.950,13.879
346,9.963,13.886
347,9.977,13.915
348,9.957,13.863
349,9.966,13.907
350,9.942,13.871
351,9.924,13.855
352,9.949,13.901
353,9.938,13.893
354,9.929,13.852
355,9.928,13.864
356,9.917,13.862
357,9.862,13.776
358,9.849,13.787
359,9.831,13.746
360,9.848,13.803
361,9.838,13.752
362,9.856,13.778
363,9.855,13.807
364,9.838,13.763
365,9.829,13.777
366,9.849,13.770
367,9.866,13.851
368,9.855,13.822
369,9.843,13.820
370,9.826,13.789
371,10.013,13.971
372,10.038,13.992
373,10.015,13.967
374,10.062,14.015
375,10.009,13.969
376,9.960,13.906
377,9.978,13.914
378,9.906,13.827
379,9.856,13.803
380,10.040,14.016
381,10.105,14.133
382,10.106,14.083
383,10.169,14.140
384,10.213,14.257
385,10.171,14.209
386,10.031,14.079
387,9.927,13.896
388,9.967,14.029
389,10.176,14.192
390,10.322,14.360
391,10.526,14.534
392,10.541,14.543
393,10.673,14.673
394,10.793,14.798
395,10.804,14.888
396,11.058,15.114
397,11.092,15.131
398,10.937,14.983
399,11.018,15.074
400,11.109,15.123
401,11.071,15.106
402,11.098,15.096
403,11.163,15.215
404,11.064,15.142
405,11.099,15.150
406,11.183,15.239
407,11.204,15.281
408,11.225,15.307
409,11.167,15.212
410,11.159,15.275
411,11.097,15.150
412,11.079,15.159
413,11.032,15.128
414,10.975,15.056
415,10.944,15.018
416,10.972,15.066
417,10.954,15.066
418,10.986,15.105
419,11.032,15.202
420,11.047,15.158
421,11.020,15.104
422,11.013,15.117
423,11.044,15.173
424,11.043,15.141
425,11.078,15.173
426,11.110,15.235
427,11.098,15.207
428,11.100,15.172
429,11.154,15.272
430,11.130,15.256
431,11.120,15.241
432,11.129,15.252
433,11.154,15.308
434,11.145,15.230
435,11.175,15.292
436,11.181,15.299
437,11.211,15.295
438,11.254,15.364
439,11.271,15.351
440,11.309,15.391
441,11.298,15.355
442,11.357,15.404
443,11.374,15.434
444,11.362,15.407
445,11.356,15.408
446,11.322,15.348
447,11.303,15.317
448,11.272,15.259
449,11.232,15.198
450,11.213,15.190
451,11.160,15.137
452,11.172,15.180
453,11.173,15.164
454,11.181,15.179
455,11.117,15.111
456,11.159,15.158
457,11.121,15.124
458,11.085,15.060
459,11.040,14.972
460,11.042,15.013
461,10.998,14.957
462,10.946,14.888
463,10.888,14.805
464,10.869,14.824
465,10.857,14.805
466,10.820,14.700
467,10.820,14.722
468,10.766,14.633
469,10.799,14.680
470,10.791,14.686
471,10.787,14.685
472,10.724,14.590
473,10.718,14.602
474,10.688,14.573
475,10.639,14.486
476,10.644,14.557
477,10.621,14.495
478,10.545,14.392
479,10.531,14.405
480,10.524,14.375
481,10.457,14.290
482,10.456,14.311
483,10.436,14.282
484,10.397,14.259
485,10.377,14.241
486,10.393,14.280
487,10.296,14.119
488,10.303,14.144
489,10.305,14.192
490,10.252,14.058
491,10.274,14.102
492,10.199,13.991
493,10.223,14.078
494,10.215,14.073
495,10.171,14.030
496,10.160,14.020
497,10.118,13.965
498,10.135,14.006
499,10.113,14.034
500,10.067,13.950
501,10.086,14.015
502,10.065,13.977
503,10.067,14.017
504,10.046,13.971
505,10.055,13.940
506,10.062,13.988
507,10.083,14.033
508,10.063,13.980
509,10.076,14.018
510,10.094,14.041
511,10.098,14.048
512,10.051,13.974
513,10.083,14.058
514,10.052,13.977
515,10.060,14.000
516,10.040,14.021
517,10.057,14.038
518,10.048,14.006
519,10.058,14.054
520,10.028,14.029
521,10.067,14.057
522,10.079,14.081
523,10.037,14.002
524,10.027,14.000
525,10.001,13.969
526,10.001,14.002
527,10.005,14.029
528,9.976,14.031
529,9.974,13.962
530,9.973,13.977
531,9.963,13.985
532,9.983,14.002
533,9.981,14.023
534,9.962,13.977
535,9.991,14.041
536,9.994,14.056
537,9.989,14.022
538,9.950,14.012
539,9.978,14.050
540,9.968,14.035
541,9.940,13.978
542,9.979,14.038
543,9.940,13.984
544,9.952,14.089
545,9.911,14.049
546,9.922,14.058
547,9.954,14.124
548,9.943,14.075
549,9.911,14.051
550,9.897,14.059
551,9.881,14.014
552,9.869,14.039
553,9.827,13.970
554,9.847,14.018
555,9.827,13.970
556,9.842,14.008
557,9.793,13.943
558,9.794,13.999
559,9.731,13.845
560,9.720,13.871
561,9.683,13.830
562,9.667,13.799
563,9.664,13.786
564,9.647,13.754
565,9.657,13.756
566,9.703,13.862
567,9.691,13.811
568,9.690,13.783
569,9.677,13.824
570,9.665,13.818
571,9.645,13.804
572,9.634,13.800
573,9.595,13.729
574,9.612,13.791
575,9.513,13.720
576,9.483,13.682
577,9.487,13.676
578,9.701,13.890
579,9.766,13.975
580,9.792,14.031
581,9.769,13.972
582,9.783,14.031
583,9.746,13.945
584,9.771,14.006
585,9.787,14.011
586,9.776,13.988
587,9.818,14.062
588,9.840,14.113
589,9.824,14.051
590,9.824,14.058
591,9.824,14.095
592,9.809,14.047
593,9.811,14.055
594,9.815,14.036
595,9.805,14.028
596,9.797,14.026
597,9.807,14.065
598,9.784,14.011
599,9.796,14.015
600,9.786,13.997
601,9.818,14.085
602,9.814,14.037
603,9.859,14.117
604,9.853,14.098
605,9.845,14.102
606,9.845,14.130
607,9.800,14.029
608,9.808,14.087
609,9.780,14.045
610,9.765,14.045
611,9.767,14.052
612,9.742,14.005
613,9.727,14.014
614,9.939,14.199
615,9.998,14.308
616,10.022,14.297
617,9.994,14.267
618,10.005,14.262
619,9.965,14.181
620,10.012,14.324
621,10.001,14.300
622,10.012,14.297
623,10.025,14.331
624,10.051,14.406
625,10.043,14.355
626,10.029,14.327
627,10.008,14.285
628,10.015,14.287
629,10.016,14.292
630,10.039,14.363
631,10.051,14.357
632,10.020,14.288
633,10.040,14.313
634,10.069,14.361
635,10.115,14.395
636,10.452,14.801
637,10.458,14.729
638,10.447,14.661
639,10.542,14.824
640,10.540,14.775
641,10.562,14.774
642,10.581,14.822
643,10.557,14.728
644,10.610,14.843
645,10.610,14.847
646,10.593,14.820
647,10.586,14.799
648,10.631,14.859
649,10.626,14.819
650,10.669,14.913
651,10.659,14.866
652,10.636,14.810
653,10.464,14.667
654,10.434,14.626
655,10.411,14.606
656,10.524,14.716
657,10.598,14.857
658,10.603,14.811
659,10.626,14.843
660,10.652,14.865
661,10.688,14.948
662,10.525,14.734
663,10.444,14.646
664,10.443,14.647
665,10.527,14.723
666,10.540,14.750
667,10.546,14.743
668,10.549,14.773
669,10.568,14.798
670,10.530,14.722
671,10.544,14.763
672,10.524,14.721
673,10.492,14.696
674,10.486,14.729
675,10.418,14.603
676,10.394,14.615
677,10.351,14.540
678,10.340,14.565
679,10.275,14.438
680,10.252,14.447
681,10.237,14.401
682,10.190,14.361
683,10.155,14.324
684,10.115,14.270
685,10.094,14.256
686,10.119,14.319
687,10.062,14.212
688,10.082,14.244
689,10.067,14.232
690,10.046,14.178
691,10.059,14.220
692,10.020,14.161
693,10.015,14.173
694,9.998,14.102
695,10.156,14.251
696,10.178,14.282
697,10.248,14.362
698,10.126,14.262
699,10.082,14.198
700,10.058,14.180
701,10.031,14.128
702,9.987,14.076
703,9.983,14.076
704,9.978,14.092
705,9.964,14.067
706,9.931,14.030
707,9.931,14.044
708,9.915,14.003
709,9.928,14.005
710,9.917,14.010
711,9.934,14.042
712,9.933,14.018
713,9.920,13.990
714,9.935,14.053
715,9.881,13.951
716,9.907,14.004
717,9.918,14.026
718,9.871,13.973
719,9.846,13.916
720,9.849,13.913
721,9.864,13.928
722,9.858,13.881
723,9.855,13.887
724,9.896,13.894
725,9.945,13.959
726,9.979,14.002
727,9.989,13.998
728,9.982,13.967
729,10.016,14.001
730,10.050,14.029
731,10.038,14.006
732,10.056,14.013
733,10.076,14.061
734,10.064,14.027
735,10.074,14.041
736,10.083,14.067
737,10.077,14.058
738,10.085,14.078
739,10.072,14.057
740,10.097,14.068
741,10.089,14.051
742,10.147,14.179
743,10.125,14.117
744,10.109,14.085
745,10.136,14.131
746,10.108,14.060
747,10.124,14.093
748,10.171,14.199
749,10.146,14.120
750,10.159,14.146
751,10.133,14.067
752,10.168,14.167
753,10.140,14.122
754,10.139,14.114
755,10.146,14.137
756,10.169,14.194
757,10.115,14.064
758,10.149,14.115
759,10.162,14.126
760,10.163,14.084
761,10.199,14.164
762,10.198,14.170
763,10.180,14.112
764,10.178,14.110
765,10.192,14.117
766,10.213,14.154
767,10.203,14.111
768,10.282,14.219
769,10.267,14.168
770,10.319,14.252
771,10.314,14.208
772,10.341,14.269
773,10.172,14.089
774,10.114,14.032
775,10.112,14.032
776,10.163,14.071
777,10.146,14.046
778,10.163,14.083
779,10.146,14.038
780,10.134,13.991
781,10.160,14.057
782,10.182,14.074
783,10.204,14.132
784,10.173,14.066
785,10.204,14.109
786,10.184,14.114
787,10.201,14.135
788,10.202,14.094
789,10.224,14.142
790,10.239,14.142
791,10.294,14.226
792,10.317,14.256
793,10.324,14.227
794,10.306,14.211
795,10.312,14.220
796,10.344,14.251
797,10.331,14.231
798,10.400,14.325
799,10.424,14.339
800,10.474,14.430
801,10.468,14.401
802,10.393,14.340
803,10.356,14.316
804,10.286,14.238
805,10.275,14.233
806,10.263,14.218
807,10.242,14.181
808,10.238,14.150
809,10.233,14.156
810,10.277,14.245
811,10.259,14.184
812,10.297,14.215
813,10.326,14.247
814,10.339,14.247
815,10.353,14.272
816,10.357,14.269
817,10.382,14.291
818,10.431,14.351
819,10.478,14.414
820,10.509,14.449
821,10.510,14.454
822,10.546,14.496
823,10.532,14.448
824,10.553,14.481
825,10.535,14.457
826,10.514,14.409
827,10.500,14.393
828,10.498,14.402
829,10.500,14.399
830,10.469,14.407
831,10.483,14.403
832,10.432,14.343
833,10.386,14.325
834,10.398,14.352
835,10.366,14.280
836,10.397,14.360
837,10.382,14.315
838,10.376,14.322
839,10.392,14.338
840,10.389,14.313
841,10.418,14.339
842,10.466,14.395
843,10.485,14.412
844,10.562,14.490
845,10.583,14.488
846,10.624,14.534
847,10.594,14.487
848,10.594,14.501
849,10.622,14.527
850,10.565,14.443
851,10.438,14.359
852,10.361,14.299
853,10.299,14.238
854,10.240,14.207
855,10.185,14.158
856,10.093,14.069
857,10.026,13.966
858,10.030,14.022
859,9.990,13.959
860,9.999,13.968
861,9.986,13.953
862,9.985,13.949
863,9.956,13.865
864,9.961,13.889
865,9.974,13.904
866,9.980,13.948
867,9.978,13.942
868,9.980,13.929
869,9.941,13.874
870,9.989,13.982
871,9.973,13.948
872,9.942,13.908
873,9.924,13.884
874,9.890,13.808
875,9.890,13.825
876,9.887,13.819
877,9.866,13.789
878,9.879,13.817
879,9.885,13.830
880,9.843,13.774
881,9.857,13.782
882,9.810,13.734
883,9.800,13.731
884,9.775,13.718
885,9.735,13.653
886,9.761,13.711
887,9.738,13.693
888,9.713,13.677
889,9.698,13.654
890,9.665,13.615
891,9.666,13.596
892,9.662,13.583
893,9.669,13.644
894,9.668,13.667
895,9.688,13.654
896,9.720,13.718
897,9.674,13.636
898,9.667,13.649
899,9.649,13.648
900,9.643,13.639
901,9.636,13.647
902,9.602,13.624
903,9.573,13.562
904,9.574,13.596
905,9.572,13.597
906,9.532,13.545
907,9.541,13.567
908,9.714,13.716
909,9.781,13.789
910,9.795,13.818
911,9.721,13.738
912,9.707,13.707
913,9.712,13.733
914,9.713,13.719
915,9.725,13.731
916,9.747,13.782
917,9.731,13.747
918,9.733,13.803
919,9.745,13.796
920,9.737,13.785
921,9.765,13.842
922,9.719,13.759
923,9.722,13.751
924,9.746,13.803
925,9.739,13.782
926,9.702,13.751
927,9.667,13.708
928,9.661,13.675
929,9.657,13.703
930,9.656,13.686
931,9.617,13.636
932,9.627,13.662
933,9.604,13.669
934,9.539,13.567
935,9.520,13.544
936,9.509,13.520
937,9.492,13.484
938,9.482,13.485
939,9.471,13.466
940,9.471,13.453
941,9.487,13.494
942,9.480,13.487
943,9.485,13.481
944,9.516,13.534
945,9.522,13.537
946,9.563,13.570
947,9.600,13.612
948,9.758,13.788
949,9.809,13.826
950,9.850,13.859
951,9.868,13.879
952,9.889,13.901
953,9.933,13.956
954,9.969,13.989
955,9.993,14.033
956,9.985,14.000
957,10.001,14.040
958,10.007,14.030
959,10.031,14.051
960,10.024,14.043
961,10.015,14.052
962,10.042,14.089
963,10.035,14.071
964,10.020,14.060
965,10.011,14.007
966,10.018,14.031
967,10.025,14.021
968,10.025,14.044
969,10.014,14.010
970,10.011,14.017
971,10.013,14.027
972,9.979,13.961
973,9.970,13.973
974,9.979,13.989
975,10.012,14.038
976,10.019,14.038
977,10.016,14.064
978,9.998,14.034
979,9.998,14.046
980,9.945,13.965
981,9.911,13.898
982,9.866,13.850
983,9.850,13.852
984,9.831,13.853
985,9.788,13.813
986,9.744,13.753
987,9.779,13.804
988,9.778,13.796
989,9.730,13.729
990,9.749,13.749
991,9.748,13.745
992,9.754,13.800
993,9.736,13.756
994,9.766,13.810
995,9.784,13.790
996,9.798,13.854
997,9.761,13.765
998,9.758,13.790
999,9.759,13.839
1000,9.765,13.877
1001,9.766,13.784
1002,9.805,13.899
1003,9.770,13.830
1004,9.828,13.910
1005,9.832,13.895
1006,9.902,13.991
1007,9.884,13.967
1008,9.932,14.044
1009,9.918,14.008
1010,9.856,13.916
1011,9.916,14.050
1012,9.867,13.927
1013,9.910,13.971
1014,9.916,13.988
1015,9.930,13.948
1016,9.987,14.044
1017,9.987,14.024
1018,10.038,14.092
1019,9.903,13.933
1020,9.875,13.891
1021,9.936,13.977
1022,10.020,14.105
1023,10.052,14.126
1024,10.062,14.127
1025,10.074,14.160
1026,10.089,14.139
1027,10.084,14.113
1028,10.084,14.108
1029,10.076,14.075
1030,10.066,14.041
1031,10.082,14.074
1032,10.103,14.124
1033,10.107,14.077
1034,10.129,14.119
1035,10.115,14.081
1036,10.131,14.113
1037,10.088,14.084
1038,10.109,14.092
1039,10.033,13.995
1040,9.973,13.896
1041,9.934,13.874
1042,9.916,13.820
1043,9.889,13.818
1044,9.878,13.784
1045,9.856,13.774
1046,9.862,13.792
1047,9.831,13.772
1048,9.852,13.841
1049,9.836,13.801
1050,9.705,13.638
1051,9.633,13.621
1052,9.482,13.439
1053,9.345,13.332
1054,9.310,13.303
1055,9.563,13.532
1056,9.672,13.665
1057,9.713,13.668
1058,9.712,13.724
1059,9.784,13.775
1060,9.828,13.778
1061,9.866,13.825
1062,9.833,13.744
1063,9.829,13.746
1064,9.806,13.741
1065,9.759,13.721
1066,9.710,13.661
1067,9.770,13.751
1068,9.758,13.683
1069,9.791,13.734
1070,9.912,13.909
1071,9.910,13.837
1072,9.913,13.857
1073,9.915,13.869
1074,9.910,13.909
1075,9.931,13.984
1076,9.870,13.824
1077,9.767,13.697
1078,9.669,13.568
1079,9.639,13.587
1080,9.601,13.561
1081,9.571,13.506
1082,9.536,13.444
1083,9.514,13.402
1084,9.544,13.434
1085,9.608,13.542
1086,9.628,13.549
1087,9.684,13.614
1088,9.859,13.775
1089,9.959,13.840
1090,10.024,13.925
1091,9.981,13.955
1092,9.900,13.761
1093,9.875,13.721
1094,9.812,13.633
1095,9.734,13.552
1096,9.669,13.473
1097,9.640,13.499
1098,9.660,13.552
1099,9.685,13.597
1100,9.709,13.633
1101,9.738,13.685
1102,9.735,13.650
1103,9.790,13.696
1104,9.824,13.710
1105,9.989,14.015
1106,10.354,14.227
1107,10.351,14.185
1108,10.391,14.288
1109,10.307,14.184
1110,10.386,14.319
1111,10.456,14.463
1112,10.719,14.621
1113,10.724,14.650
1114,10.703,14.657
1115,10.586,14.581
1116,10.666,14.715
1117,10.710,14.809
1118,10.635,14.815
1119,10.657,14.779
1120,10.615,14.704
1121,10.562,14.639
1122,10.498,14.487
1123,10.463,14.434
1124,10.520,14.550
1125,10.530,14.527
1126,10.666,14.787
1127,10.780,14.837
1128,10.820,14.876
1129,10.867,14.895
1130,10.819,14.799
1131,10.759,14.654
1132,10.800,14.678
1133,10.799,14.675
1134,10.854,14.757
1135,10.883,14.784
1136,10.961,14.924
1137,10.992,14.985
1138,11.009,14.952
1139,11.037,14.978
1140,11.024,14.936
1141,11.063,15.029
1142,10.995,14.912
1143,11.029,14.950
1144,10.975,14.894
1145,10.961,14.876
1146,10.954,14.920
1147,10.931,14.890
1148,10.898,14.800
1149,10.868,14.775
1150,10.849,14.761
1151,10.843,14.812
1152,10.822,14.791
1153,10.804,14.736
1154,10.854,14.783
1155,10.930,14.918
1156,10.876,14.807
1157,10.851,14.796
1158,10.775,14.676
1159,10.752,14.683
1160,10.727,14.668
1161,10.635,14.564
1162,10.576,14.514
1163,10.470,14.389
1164,10.355,14.272
1165,10.282,14.219
1166,10.214,14.157
1167,10.119,14.063
1168,10.080,14.029
1169,10.042,13.999
1170,10.009,13.987
1171,9.987,13.989
1172,9.985,13.993
1173,9.999,13.974
1174,9.978,13.971
1175,9.956,13.933
1176,9.942,13.948
1177,9.919,13.953
1178,9.888,13.886
1179,9.874,13.915
1180,9.858,13.864
1181,9.843,13.861
1182,9.813,13.789
1183,9.804,13.780
1184,9.775,13.753
1185,9.784,13.776
1186,9.736,13.698
1187,9.763,13.774
1188,9.727,13.703
1189,9.736,13.797
1190,9.740,13.803
1191,9.722,13.799
1192,9.725,13.769
1193,9.709,13.751
1194,9.700,13.749
1195,9.697,13.732
1196,9.697,13.724
1197,9.709,13.751
1198,9.675,13.699
1199,9.678,13.714
1200,9.700,13.794
1201,9.681,13.764
1202,9.679,13.786
1203,9.657,13.759
1204,9.669,13.745
1205,9.645,13.697
1206,9.612,13.673
1207,9.574,13.616
1208,9.733,13.759
1209,9.773,13.818
1210,9.763,13.832
1211,9.596,13.569
1212,9.596,13.634
1213,9.551,13.560
1214,9.768,13.832
1215,9.734,13.719
1216,9.799,13.789
1217,9.760,13.794
1218,9.738,13.742
1219,9.735,13.748
1220,9.727,13.708
1221,9.756,13.818
1222,9.737,13.758
1223,9.752,13.777
1224,9.783,13.835
1225,9.802,13.876
1226,9.845,13.934
1227,9.857,13.976
1228,9.848,13.970
1229,9.859,13.990
1230,9.884,14.039
1231,9.883,14.008
1232,9.879,14.028
1233,9.846,13.977
1234,9.879,14.041
1235,9.826,14.019
1236,9.838,14.038
1237,9.834,14.050
1238,9.855,14.069
1239,9.839,14.015
1240,9.874,14.067
1241,9.892,14.095
1242,9.916,14.133
1243,9.929,14.152
1244,9.945,14.126
1245,9.951,14.153
1246,10.014,14.258
1247,9.991,14.180
1248,10.030,14.254
1249,10.059,14.296
1250,10.035,14.198
1251,10.041,14.206
1252,10.051,14.231
1253,10.053,14.210
1254,10.108,14.287
1255,10.223,14.376
1256,10.269,14.437
1257,10.282,14.416
1258,10.334,14.499
1259,10.284,14.403
1260,10.326,14.469
1261,10.309,14.409
1262,10.348,14.469
1263,10.361,14.453
1264,10.348,14.417
1265,10.361,14.431
1266,10.587,14.714
1267,10.625,14.743
1268,10.650,14.854
1269,10.660,14.801
1270,10.635,14.745
1271,10.466,14.598
1272,10.464,14.600
1273,10.423,14.531
1274,10.340,14.488
1275,10.344,14.523
1276,10.303,14.453
1277,10.356,14.485
1278,10.383,14.521
1279,10.377,14.511
1280,10.410,14.561
1281,10.423,14.569
1282,10.426,14.547
1283,10.488,14.685
1284,10.509,14.649
1285,10.530,14.683
1286,10.558,14.675
1287,10.535,14.588
1288,10.508,14.582
1289,10.516,14.572
1290,10.469,14.493
1291,10.488,14.516
1292,10.477,14.531
1293,10.502,14.540
1294,10.485,14.565
1295,10.467,14.506
1296,10.461,14.513
1297,10.452,14.460
1298,10.503,14.557
1299,10.540,14.575
1300,10.579,14.631
1301,10.644,14.701
1302,10.685,14.737
1303,10.709,14.745
1304,10.763,14.816
1305,10.789,14.826
1306,10.771,14.813
1307,10.792,14.844
1308,10.808,14.871
1309,10.867,14.938
1310,10.877,14.893
1311,10.887,14.935
1312,10.863,14.908
1313,10.875,14.913
1314,10.861,14.890
1315,10.868,14.954
1316,10.846,14.895
1317,10.834,14.894
1318,10.846,14.906
1319,10.794,14.844
1320,10.768,14.822
1321,10.717,14.773
1322,10.719,14.777
1323,10.696,14.785
1324,10.668,14.746
1325,10.636,14.736
1326,10.617,14.749
1327,10.594,14.713
1328,10.534,14.620
1329,10.554,14.695
1330,10.523,14.667
1331,10.494,14.633
1332,10.449,14.562
1333,10.463,14.609
1334,10.436,14.573
1335,10.471,14.717
1336,10.410,14.600
1337,10.356,14.527
1338,10.361,14.577
1339,10.303,14.444
1340,10.258,14.406
1341,10.257,14.457
1342,10.235,14.429
1343,10.217,14.412
1344,10.159,14.361
1345,10.153,14.350
1346,10.091,14.236
1347,10.114,14.306
1348,10.077,14.233
1349,10.065,14.241
1350,10.038,14.259
1351,9.980,14.156
1352,9.984,14.133
1353,9.945,14.120
1354,9.961,14.170
1355,9.876,14.014
1356,9.842,14.019
1357,9.802,13.971
1358,9.745,13.890
1359,9.718,13.890
1360,9.657,13.814
1361,9.817,13.974
1362,9.831,14.007
1363,9.825,14.012
1364,9.747,13.950
1365,9.693,13.885
1366,9.683,13.879
1367,9.657,13.853
1368,9.662,13.885
1369,9.642,13.850
1370,9.875,14.122
1371,9.940,14.223
1372,9.946,14.187
1373,9.863,14.036
1374,9.840,14.030
1375,9.786,13.978
1376,9.752,13.886
1377,9.764,13.970
1378,9.736,13.926
1379,9.681,13.843
1380,9.715,13.915
1381,9.709,13.864
1382,9.736,13.911
1383,9.770,13.907
1384,9.789,13.951
1385,9.776,13.888
1386,9.826,13.951
1387,9.885,14.010
1388,9.929,14.056
1389,9.917,14.025
1390,9.943,14.034
1391,9.974,14.100
1392,10.014,14.177
1393,10.025,14.144
1394,10.082,14.218
1395,10.225,14.379
1396,10.271,14.370
1397,10.303,14.412
1398,10.372,14.540
1399,10.391,14.566
1400,10.276,14.449
1401,10.279,14.438
1402,10.279,14.467
1403,10.386,14.562
1404,10.429,14.604
1405,10.468,14.639
1406,10.320,14.478
1407,10.308,14.485
1408,10.250,14.408
1409,10.318,14.534
1410,10.307,14.502
1411,10.292,14.475
1412,10.293,14.433
1413,10.284,14.479
1414,10.272,14.499
1415,10.233,14.440
1416,10.227,14.466
1417,10.168,14.336
1418,10.127,14.321
1419,10.092,14.274
1420,10.033,14.236
1421,10.030,14.220
1422,10.001,14.190
1423,9.982,14.163
1424,9.937,14.113
1425,9.896,14.106
1426,9.877,14.095
1427,9.832,14.031
1428,9.791,13.965
1429,9.793,13.990
1430,9.816,14.022
1431,9.789,14.008
1432,9.762,13.990
1433,9.770,13.979
1434,9.787,14.026
1435,9.812,14.054
1436,9.971,14.146
1437,10.017,14.190
1438,10.134,14.314
1439,10.066,14.285
1440,10.044,14.233
1441,10.118,14.327
1442,10.118,14.325
1443,10.137,14.348
1444,10.096,14.288
1445,10.049,14.230
1446,10.039,14.272
1447,10.016,14.206
1448,9.975,14.165
1449,9.978,14.207
1450,9.971,14.201
1451,9.936,14.155
1452,9.938,14.184
1453,9.949,14.195
1454,10.012,14.300
1455,9.975,14.211
1456,9.954,14.210
1457,10.181,14.425
1458,10.223,14.475
1459,10.306,14.580
1460,10.201,14.443
1461,10.208,14.471
1462,10.148,14.363
1463,10.186,14.449
1464,10.226,14.446
1465,10.289,14.596
1466,10.482,14.776
1467,10.493,14.807
1468,10.519,14.810
1469,10.533,14.820
1470,10.538,14.843
1471,10.553,14.875
1472,10.533,14.799
1473,10.582,14.852
1474,10.582,14.864
1475,10.614,14.875
1476,10.626,14.866
1477,10.655,14.939
1478,10.666,14.955
1479,10.705,14.967
1480,10.714,14.958
1481,10.554,14.739
1482,10.544,14.697
1483,10.529,14.686
1484,10.449,14.594
1485,10.418,14.514
1486,10.439,14.550
1487,10.499,14.605
1488,10.527,14.632
1489,10.531,14.635
1490,10.440,14.547
1491,10.389,14.454
1492,10.400,14.502
1493,10.385,14.448
1494,10.324,14.396
1495,10.343,14.400
1496,10.318,14.364
1497,10.301,14.344
1498,10.282,14.293
1499,10.287,14.321
1500,10.261,14.298
1501,10.267,14.305
1502,10.288,14.355
1503,10.288,14.337
1504,10.313,14.405
1505,10.326,14.437
1506,10.366,14.488
1507,10.376,14.504
1508,10.410,14.554
1509,10.447,14.655
1510,10.453,14.658
1511,10.465,14.664
1512,10.476,14.686
1513,10.518,14.736
1514,10.516,14.708
1515,10.531,14.727
1516,10.552,14.760
1517,10.561,14.780
1518,10.557,14.804
1519,10.582,14.844
1520,10.582,14.832
1521,10.587,14.831
1522,10.625,14.903
1523,10.593,14.826
1524,10.638,14.919
1525,10.656,14.935
1526,10.627,14.901
1527,10.609,14.848
1528,10.599,14.849
1529,10.550,14.784
1530,10.522,14.768
1531,10.491,14.693
1532,10.454,14.690
1533,10.414,14.660
1534,10.378,14.618
1535,10.382,14.650
1536,10.345,14.598
1537,10.382,14.703
1538,10.338,14.658
1539,10.341,14.673
1540,10.326,14.675
1541,10.324,14.676
1542,10.290,14.617
1543,10.305,14.653
1544,10.325,14.679
1545,10.301,14.643
1546,10.282,14.601
1547,10.273,14.581
1548,10.272,14.612
1549,10.240,14.544
1550,10.254,14.643
1551,10.199,14.486
1552,10.209,14.497
1553,10.158,14.451
1554,10.133,14.434
1555,10.129,14.466
1556,10.116,14.434
1557,10.065,14.349
1558,10.083,14.410
1559,10.046,14.346
1560,10.042,14.310
1561,10.025,14.280
1562,10.022,14.276
1563,9.997,14.244
1564,10.013,14.276
1565,10.026,14.320
1566,10.005,14.275
1567,10.004,14.289
1568,9.991,14.279
1569,9.968,14.226
1570,9.965,14.243
1571,9.912,14.150
1572,9.895,14.126
1573,9.879,14.133
1574,10.012,14.258
1575,10.006,14.212
1576,10.081,14.372
1577,9.986,14.203
1578,9.979,14.209
1579,9.961,14.167
1580,9.935,14.136
1581,9.955,14.180
1582,9.913,14.079
1583,9.934,14.128
1584,9.936,14.123
1585,9.907,14.044
1586,9.908,14.065
1587,9.887,14.041
1588,9.921,14.086
1589,9.890,14.045
1590,9.912,14.048
1591,9.945,14.116
1592,9.954,14.114
1593,9.970,14.154
1594,9.970,14.160
1595,9.976,14.120
1596,9.994,14.213
1597,9.977,14.177
1598,9.986,14.169
1599,9.999,14.177
1600,10.040,14.236
1601,10.081,14.276
1602,10.094,14.289
1603,10.131,14.337
1604,10.149,14.327
1605,10.198,14.392
1606,10.193,14.344
1607,10.221,14.372
1608,10.212,14.352
1609,10.228,14.319
1610,10.254,14.358
1611,10.258,14.317
1612,10.258,14.284
1613,10.297,14.321
1614,10.350,14.404
1615,10.355,14.398
1616,10.376,14.423
1617,10.420,14.492
1618,10.379,14.407
1619,10.401,14.474
1620,10.385,14.456
1621,10.373,14.419
1622,10.418,14.517
1623,10.390,14.472
1624,10.408,14.497
1625,10.419,14.497
1626,10.462,14.577
1627,10.487,14.642
1628,10.466,14.564
1629,10.471,14.566
1630,10.535,14.659
1631,10.348,14.457
1632,10.365,14.470
1633,10.362,14.420
1634,10.438,14.545
1635,10.471,14.570
1636,10.509,14.625
1637,10.581,14.698
1638,10.603,14.703
1639,10.667,14.776
1640,10.703,14.805
1641,10.736,14.843
1642,10.694,14.795
1643,10.705,14.830
1644,10.706,14.820
1645,10.710,14.857
1646,10.689,14.795
1647,10.721,14.839
1648,10.731,14.896
1649,10.713,14.860
1650,10.688,14.840
1651,10.700,14.844
1652,10.706,14.890
1653,10.693,14.867
1654,10.717,14.872
1655,10.679,14.827
1656,10.657,14.801
1657,10.670,14.813
1658,10.723,14.929
1659,10.693,14.864
1660,10.689,14.915
1661,10.688,14.880
1662,10.628,14.820
1663,10.639,14.864
1664,10.611,14.805
1665,10.587,14.774
1666,10.537,14.722
1667,10.545,14.757
1668,10.485,14.681
1669,10.470,14.667
1670,10.432,14.630
1671,10.452,14.705
1672,10.439,14.712
1673,10.383,14.655
1674,10.353,14.599
1675,10.340,14.609
1676,10.492,14.794
1677,10.471,14.755
1678,10.405,14.704
1679,10.277,14.590
1680,10.175,14.507
1681,10.165,14.580
1682,10.201,14.603
1683,10.229,14.613
1684,10.183,14.596
1685,10.169,14.606
1686,10.158,14.626
1687,10.143,14.635
1688,10.365,14.892
1689,10.414,14.965
1690,10.394,14.920
1691,10.360,14.924
1692,10.303,14.838
1693,10.296,14.802
1694,10.303,14.844
1695,10.290,14.834
1696,10.264,14.821
1697,10.230,14.730
1698,10.217,14.764
1699,10.183,14.702
1700,10.390,14.968
1701,10.386,14.937
1702,10.403,14.935
1703,10.315,14.821
1704,10.275,14.788
1705,10.234,14.744
1706,10.343,14.871
1707,10.373,14.919
1708,10.409,14.914
1709,10.339,14.799
1710,10.386,14.866
1711,10.505,14.999
1712,10.558,15.055
1713,10.630,15.111
1714,10.700,15.171
1715,10.833,15.341
1716,10.873,15.338
1717,10.918,15.380
1718,10.853,15.327
1719,10.935,15.425
1720,10.955,15.481
1721,10.870,15.316
1722,10.850,15.285
1723,10.882,15.341
1724,10.812,15.215
1725,10.837,15.315
1726,10.780,15.304
1727,10.847,15.379
1728,10.870,15.399
1729,10.853,15.356
1730,10.651,15.092
1731,10.548,14.929
1732,10.555,14.969
1733,10.557,14.935
1734,10.550,14.893
1735,10.539,14.873
1736,10.519,14.826
1737,10.452,14.696
1738,10.499,14.808
1739,10.481,14.775
1740,10.469,14.743
1741,10.482,14.732
1742,10.514,14.791
1743,10.487,14.719
1744,10.530,14.783
1745,10.530,14.765
1746,10.550,14.823
1747,10.535,14.733
1748,10.553,14.794
1749,10.535,14.724
1750,10.561,14.784
1751,10.529,14.751
1752,10.548,14.773
1753,10.560,14.796
1754,10.581,14.867
1755,10.564,14.818
1756,10.570,14.827
1757,10.558,14.838
1758,10.598,14.933
1759,10.588,14.894
1760,10.568,14.815
1761,10.591,14.850
1762,10.573,14.818
1763,10.570,14.793
1764,10.542,14.773
1765,10.548,14.773
1766,10.497,14.728
1767,10.494,14.728
1768,10.473,14.677
1769,10.441,14.634
1770,10.417,14.587
1771,10.393,14.538
1772,10.370,14.513
1773,10.386,14.525
1774,10.337,14.442
1775,10.334,14.454
1776,10.338,14.453
1777,10.354,14.483
1778,10.369,14.481
1779,10.352,14.415
1780,10.401,14.519
1781,10.402,14.517
1782,10.416,14.543
1783,10.483,14.651
1784,10.476,14.610
1785,10.505,14.738
1786,10.490,14.645
1787,10.496,14.655
1788,10.519,14.698
1789,10.494,14.650
1790,10.522,14.703
1791,10.542,14.770
1792,10.553,14.762
1793,10.561,14.808
1794,10.612,14.906
1795,10.598,14.867
1796,10.608,14.879
1797,10.635,14.935
1798,10.652,14.946
1799,10.667,15.015
1800,10.681,15.032
1801,10.707,15.105
1802,10.596,14.942
1803,10.615,14.954
1804,10.610,14.977
1805,10.608,14.969
1806,10.594,14.929
1807,10.597,14.933
1808,10.628,15.025
1809,10.580,14.923
1810,10.598,14.948
1811,10.584,14.899
1812,10.593,14.916
1813,10.620,14.956
1814,10.596,14.922
1815,10.658,14.996
1816,10.668,14.990
1817,10.710,15.068
1818,10.744,15.117
1819,10.706,15.020
1820,10.739,15.111
1821,10.687,15.050
1822,10.655,14.988
1823,10.629,15.035
1824,10.609,14.962
1825,10.633,15.029
1826,10.582,14.925
1827,10.631,15.023
1828,10.619,14.975
1829,10.616,14.968
1830,10.645,15.018
1831,10.588,14.917
1832,10.568,14.911
1833,10.509,14.843
1834,10.485,14.808
1835,10.487,14.806
1836,10.447,14.795
1837,10.427,14.718
1838,10.439,14.734
1839,10.422,14.722
1840,10.434,14.728
