0,26.782,26.858
1,26.782,26.858
2,26.782,26.855
3,26.758,26.829
4,26.781,26.853
5,26.878,26.960
6,26.739,26.812
7,26.716,26.803
8,26.721,26.797
9,26.727,26.804
10,26.711,26.773
11,26.720,26.785
12,26.701,26.778
13,26.607,26.680
14,26.636,26.703
15,26.756,26.840
16,26.402,26.454
17,26.760,26.815
18,26.688,26.742
19,26.562,26.603
20,26.612,26.657
21,26.541,26.584
22,26.580,26.629
23,26.580,26.625
24,26.158,26.195
25,26.449,26.509
26,26.465,26.527
27,26.335,26.387
28,26.322,26.388
29,26.435,26.489
30,26.134,26.179
31,26.428,26.471
32,26.381,26.421
33,26.416,26.465
34,26.462,26.503
35,26.355,26.394
36,26.271,26.309
37,26.299,26.344
38,26.277,26.319
39,26.223,26.269
40,26.220,26.273
41,26.222,26.268
42,26.315,26.366
43,26.211,26.259
44,26.170,26.212
45,26.125,26.162
46,26.023,26.063
47,26.012,26.048
48,25.984,26.026
49,26.128,26.186
50,26.127,26.179
51,26.098,26.155
52,26.050,26.104
53,26.076,26.134
54,26.054,26.095
55,26.078,26.134
56,25.990,26.039
57,25.984,26.038
58,25.893,25.930
59,25.954,25.997
60,25.959,26.013
61,25.991,26.045
62,26.010,26.072
63,26.070,26.140
64,26.073,26.109
65,26.124,26.181
66,26.030,26.079
67,26.092,26.140
68,26.008,26.048
69,26.043,26.094
70,26.103,26.155
71,25.904,25.940
72,26.037,26.092
73,25.880,25.917
74,25.913,25.969
75,25.838,25.880
76,25.865,25.906
77,25.776,25.813
78,25.744,25.780
79,25.800,25.836
80,25.695,25.716
81,25.810,25.836
82,25.747,25.768
83,25.713,25.745
84,25.619,25.640
85,25.703,25.730
86,25.600,25.634
87,25.617,25.640
88,25.549,25.562
89,25.525,25.533
90,25.652,25.664
91,25.552,25.561
92,25.610,25.626
93,25.484,25.490
94,25.497,25.505
95,25.489,25.500
96,25.548,25.554
97,25.541,25.555
98,25.606,25.610
99,25.595,25.608
100,25.636,25.645
101,25.595,25.601
102,25.605,25.624
103,25.573,25.595
104,25.653,25.669
105,25.721,25.740
106,25.631,25.652
107,25.674,25.688
108,25.582,25.589
109,25.548,25.556
110,25.547,25.560
111,25.774,25.789
112,25.589,25.604
113,25.582,25.598
114,25.627,25.634
115,25.668,25.681
116,25.675,25.700
117,25.627,25.649
118,25.589,25.608
119,25.576,25.597
120,25.564,25.584
121,25.688,25.705
122,25.631,25.647
123,25.621,25.642
124,25.688,25.702
125,26.045,26.079
126,26.073,26.116
127,25.746,25.800
128,25.664,25.694
129,25.797,25.846
130,25.681,25.721
131,25.739,25.784
132,25.866,25.912
133,25.894,25.938
134,25.840,25.868
135,26.362,26.408
136,25.975,25.997
137,26.007,26.052
138,25.804,25.844
139,25.797,25.829
140,25.760,25.808
141,25.756,25.790
142,25.785,25.820
143,25.830,25.863
144,25.844,25.873
145,25.815,25.842
146,25.822,25.842
147,25.788,25.815
148,25.812,25.851
149,25.719,25.755
150,25.742,25.757
151,25.760,25.798
152,25.707,25.736
153,25.777,25.808
154,25.803,25.840
155,25.804,25.835
156,25.805,25.823
157,25.857,25.885
158,25.862,25.901
159,25.813,25.858
160,25.864,25.910
161,25.850,25.887
162,25.879,25.912
163,25.921,25.952
164,26.019,26.063
165,26.092,26.133
166,26.093,26.118
167,26.016,26.035
168,26.009,26.049
169,26.159,26.209
170,25.688,25.717
171,25.754,25.794
172,25.804,25.846
173,25.822,25.862
174,26.310,26.350
175,26.290,26.350
176,26.366,26.428
177,26.306,26.360
178,26.384,26.447
179,26.465,26.526
180,26.489,26.546
181,26.491,26.536
182,26.536,26.578
183,26.510,26.549
184,26.726,26.776
185,26.597,26.645
186,26.541,26.578
187,26.542,26.587
188,26.540,26.586
189,26.505,26.535
190,26.487,26.515
191,26.540,26.566
192,26.425,26.454
193,26.345,26.367
194,26.341,26.359
195,26.255,26.268
196,26.295,26.313
197,26.189,26.186
198,26.112,26.101
199,26.159,26.159
200,26.130,26.121
201,26.142,26.130
202,26.173,26.149
203,26.250,26.237
204,26.276,26.260
205,26.268,26.234
206,26.407,26.376
207,26.317,26.285
208,26.333,26.292
209,26.422,26.376
210,26.500,26.452
211,26.477,26.433
212,26.662,26.624
213,26.666,26.603
214,26.708,26.654
215,26.827,26.781
216,26.742,26.677
217,26.654,26.594
218,26.715,26.667
219,26.745,26.705
220,26.734,26.687
221,26.790,26.749
222,26.955,26.915
223,26.819,26.766
224,26.869,26.818
225,26.795,26.738
226,26.847,26.803
227,26.911,26.868
228,26.864,26.802
229,26.951,26.894
230,26.930,26.872
231,26.770,26.709
232,26.828,26.771
233,26.881,26.835
234,26.826,26.767
235,26.841,26.812
236,26.848,26.799
237,26.822,26.788
238,26.817,26.789
239,26.801,26.769
240,26.907,26.866
241,26.916,26.887
242,26.890,26.852
243,26.909,26.897
244,26.869,26.848
245,26.920,26.900
246,26.808,26.785
247,26.782,26.755
248,26.821,26.797
249,26.871,26.849
250,26.925,26.914
251,26.905,26.886
252,26.889,26.868
253,26.905,26.881
254,27.000,26.981
255,27.031,27.003
256,26.981,26.962
257,26.960,26.924
258,26.975,26.949
259,26.947,26.910
260,26.937,26.904
261,26.982,26.953
262,26.919,26.895
263,26.941,26.926
264,26.901,26.877
265,26.843,26.810
266,26.841,26.808
267,26.838,26.801
268,26.810,26.776
269,26.973,26.952
270,26.887,26.839
271,26.931,26.901
272,26.839,26.792
273,26.867,26.840
274,26.879,26.841
275,27.004,26.972
276,27.029,27.006
277,27.000,26.981
278,26.914,26.880
279,26.921,26.901
280,27.049,27.040
281,27.098,27.083
282,26.985,26.965
283,26.936,26.923
284,26.867,26.841
285,26.866,26.851
286,26.892,26.862
287,26.855,26.838
288,26.881,26.853
289,26.889,26.875
290,26.838,26.813
291,26.861,26.829
292,26.859,26.842
293,26.912,26.894
294,26.974,26.962
295,26.897,26.877
296,26.843,26.832
297,26.823,26.813
298,26.789,26.778
299,26.749,26.722
300,26.747,26.733
301,26.735,26.716
302,26.734,26.704
303,26.760,26.748
304,26.717,26.696
305,26.694,26.683
306,26.700,26.690
307,26.758,26.750
308,26.681,26.675
309,26.731,26.727
310,26.729,26.728
311,26.736,26.730
312,26.798,26.785
313,26.757,26.764
314,26.763,26.757
315,26.850,26.849
316,26.681,26.684
317,26.653,26.648
318,26.688,26.675
319,26.685,26.685
320,26.629,26.644
321,26.722,26.727
322,26.689,26.696
323,26.666,26.654
324,26.819,26.845
325,26.687,26.673
326,26.738,26.746
327,26.733,26.741
328,26.713,26.710
329,26.646,26.646
330,26.640,26.639
331,26.666,26.662
332,26.779,26.775
333,26.851,26.859
334,26.759,26.750
335,26.788,26.773
336,26.884,26.877
337,26.908,26.906
338,26.998,27.019
339,26.999,27.012
340,26.917,26.915
341,26.907,26.912
342,26.914,26.908
343,26.976,26.988
344,26.894,26.890
345,26.982,27.004
346,26.861,26.855
347,26.868,26.880
348,26.993,26.999
349,26.816,26.808
350,26.815,26.826
351,26.786,26.766
352,26.847,26.828
353,26.927,26.915
354,26.819,26.803
355,26.847,26.843
356,26.868,26.855
357,26.768,26.758
358,26.796,26.787
359,26.763,26.758
360,26.773,26.743
361,26.793,26.772
362,26.787,26.771
363,26.782,26.750
364,26.777,26.732
365,26.748,26.717
366,26.718,26.680
367,26.844,26.824
368,26.781,26.758
369,26.780,26.748
370,26.798,26.772
371,26.785,26.755
372,26.789,26.770
373,26.861,26.839
374,26.877,26.869
375,26.899,26.869
376,26.867,26.844
377,26.878,26.858
378,26.834,26.805
379,26.842,26.813
380,26.805,26.777
381,26.900,26.884
382,26.879,26.864
383,26.856,26.842
384,26.822,26.796
385,26.805,26.783
386,26.856,26.851
387,26.832,26.824
388,26.803,26.782
389,26.876,26.870
390,26.792,26.777
391,26.848,26.829
392,26.707,26.692
393,26.749,26.727
394,26.799,26.788
395,26.705,26.674
396,26.757,26.764
397,26.706,26.694
398,26.884,26.860
399,27.015,27.016
400,26.935,26.946
401,26.925,26.920
402,26.999,26.997
403,26.943,26.957
404,27.023,27.041
405,27.101,27.124
406,26.999,27.005
407,27.122,27.125
408,27.041,27.040
409,27.161,27.156
410,27.187,27.197
411,27.103,27.105
412,27.091,27.106
413,27.174,27.190
414,27.176,27.181
415,27.177,27.209
416,27.060,27.049
417,27.109,27.105
418,27.044,27.026
419,27.048,27.029
420,27.081,27.080
421,26.992,26.985
422,26.971,26.958
423,26.942,26.945
424,27.010,27.010
425,26.950,26.939
426,26.912,26.895
427,26.992,26.994
428,26.951,26.918
429,27.001,26.993
430,26.882,26.854
431,26.935,26.912
432,26.825,26.785
433,26.790,26.764
434,26.763,26.739
435,26.664,26.647
436,26.659,26.656
437,26.690,26.679
438,26.644,26.617
439,26.767,26.741
440,26.642,26.608
441,26.597,26.575
442,26.588,26.562
443,26.477,26.434
444,26.503,26.453
445,26.507,26.463
446,26.465,26.413
447,26.376,26.313
448,26.309,26.254
449,26.271,26.221
450,26.235,26.186
451,26.290,26.241
452,26.195,26.136
453,26.171,26.118
454,26.137,26.077
455,26.097,26.038
456,26.129,26.063
457,26.126,26.045
458,26.122,26.037
459,26.072,25.980
460,26.029,25.952
461,26.019,25.929
462,26.008,25.910
463,26.075,25.971
464,26.032,25.924
465,26.082,25.973
466,26.088,25.989
467,26.025,25.912
468,26.113,26.007
469,26.136,26.021
470,26.106,26.006
471,26.119,26.011
472,26.074,25.966
473,26.042,25.932
474,26.125,26.027
475,26.144,26.037
476,26.132,26.011
477,26.078,25.967
478,26.140,26.047
479,26.237,26.143
480,26.225,26.137
481,26.171,26.093
482,26.200,26.118
483,26.223,26.145
484,26.270,26.188
485,26.232,26.154
486,26.267,26.181
487,26.289,26.204
488,26.349,26.265
489,26.467,26.377
490,26.243,26.134
491,26.216,26.107
492,26.194,26.091
493,26.186,26.068
494,26.191,26.072
495,26.145,26.025
496,26.151,26.026
497,26.291,26.191
498,26.304,26.190
499,26.586,26.471
500,26.369,26.257
501,26.185,26.084
502,26.327,26.228
503,26.268,26.165
504,26.140,26.048
505,26.140,26.039
506,26.055,25.955
507,26.103,26.000
508,26.008,25.904
509,26.004,25.893
510,25.986,25.873
511,25.964,25.839
512,26.015,25.890
513,26.107,25.984
514,26.018,25.898
515,26.059,25.948
516,26.024,25.914
517,26.016,25.892
518,25.936,25.809
519,25.887,25.764
520,25.799,25.670
521,25.763,25.620
522,25.730,25.598
523,25.779,25.637
524,25.778,25.647
525,25.742,25.603
526,25.764,25.630
527,25.729,25.599
528,25.713,25.570
529,25.834,25.700
530,25.827,25.694
531,25.727,25.582
532,25.770,25.626
533,25.654,25.513
534,25.701,25.561
535,25.721,25.588
536,25.582,25.435
537,25.631,25.491
538,25.632,25.501
539,25.631,25.501
540,25.610,25.465
541,25.633,25.492
542,25.700,25.558
543,25.716,25.575
544,25.780,25.652
545,25.886,25.734
546,25.912,25.762
547,25.957,25.818
548,25.849,25.706
549,25.877,25.725
550,25.728,25.584
551,25.683,25.557
552,25.691,25.550
553,25.715,25.568
554,25.652,25.524
555,25.586,25.453
556,25.607,25.459
557,25.623,25.500
558,25.633,25.516
559,25.655,25.524
560,25.708,25.588
561,25.688,25.554
562,25.656,25.506
563,25.808,25.665
564,26.010,25.861
565,25.959,25.822
566,25.905,25.768
567,25.970,25.834
568,25.934,25.807
569,25.948,25.816
570,25.948,25.820
571,25.936,25.790
572,26.083,25.942
573,26.056,25.925
574,26.155,26.023
575,26.205,26.080
576,26.194,26.055
577,26.311,26.174
578,26.355,26.223
579,26.525,26.373
580,26.554,26.405
581,26.474,26.325
582,26.565,26.417
583,26.611,26.480
584,26.632,26.478
585,26.656,26.505
586,26.653,26.496
587,26.643,26.491
588,26.625,26.467
589,26.752,26.613
590,26.710,26.557
591,26.757,26.639
592,26.753,26.614
593,26.620,26.492
594,26.622,26.500
595,26.611,26.511
596,26.582,26.480
597,26.507,26.386
598,26.594,26.481
599,26.613,26.490
600,26.567,26.454
601,26.601,26.494
602,26.712,26.602
603,26.658,26.555
604,26.677,26.575
605,26.634,26.532
606,26.636,26.519
607,26.611,26.507
608,26.630,26.518
609,26.661,26.570
610,26.659,26.568
611,26.680,26.585
612,26.659,26.568
613,26.670,26.576
614,26.691,26.601
615,26.736,26.643
616,26.677,26.581
617,26.718,26.638
618,26.876,26.794
619,26.738,26.671
620,26.617,26.524
621,26.616,26.531
622,26.607,26.522
623,26.647,26.554
624,26.628,26.530
625,26.545,26.440
626,26.472,26.377
627,26.472,26.392
628,26.409,26.318
629,26.321,26.235
630,26.364,26.282
631,26.362,26.292
632,26.392,26.328
633,26.373,26.286
634,26.297,26.227
635,26.341,26.260
636,26.369,26.290
637,26.423,26.359
638,26.428,26.355
639,26.533,26.455
640,26.476,26.389
641,26.440,26.374
642,26.380,26.308
643,26.364,26.299
644,26.347,26.273
645,26.425,26.336
646,26.440,26.367
647,26.511,26.430
648,26.577,26.508
649,26.593,26.509
650,26.567,26.498
651,26.570,26.489
652,26.527,26.469
653,26.586,26.534
654,26.544,26.495
655,26.610,26.575
656,26.574,26.536
657,26.587,26.553
658,26.576,26.536
659,26.602,26.567
660,26.675,26.632
661,26.687,26.658
662,26.757,26.743
663,26.674,26.649
664,26.586,26.556
665,26.699,26.669
666,26.753,26.723
667,26.727,26.680
668,26.759,26.728
669,26.675,26.652
670,26.680,26.651
671,26.729,26.709
672,26.708,26.685
673,26.725,26.718
674,26.715,26.681
675,26.661,26.629
676,26.637,26.612
677,26.648,26.631
678,26.693,26.662
679,26.674,26.661
680,26.664,26.642
681,26.558,26.522
682,26.602,26.560
683,26.662,26.641
684,26.494,26.466
685,26.499,26.479
686,26.532,26.502
687,26.501,26.475
688,26.438,26.407
689,26.354,26.331
690,26.370,26.351
691,26.396,26.360
692,26.425,26.389
693,26.420,26.389
694,26.386,26.344
695,26.366,26.326
696,26.432,26.402
697,26.415,26.386
698,26.511,26.489
699,26.507,26.486
700,26.435,26.408
701,26.408,26.387
702,26.319,26.286
703,26.358,26.321
704,26.425,26.399
705,26.481,26.450
706,26.453,26.436
707,26.453,26.430
708,26.410,26.391
709,26.351,26.329
710,26.352,26.331
711,26.336,26.321
712,26.325,26.295
713,26.294,26.260
714,26.279,26.265
715,26.241,26.223
716,26.274,26.230
717,26.072,26.046
718,26.281,26.285
719,26.290,26.295
720,26.276,26.268
721,26.223,26.222
722,26.141,26.129
723,26.267,26.261
724,26.228,26.223
725,26.135,26.103
726,26.233,26.206
727,26.177,26.170
728,26.201,26.183
729,26.072,26.052
730,26.047,26.034
731,26.064,26.051
732,25.989,25.978
733,25.991,25.973
734,25.942,25.925
735,26.001,25.975
736,26.023,26.009
737,25.971,25.958
738,26.003,25.979
739,25.991,25.981
740,26.057,26.040
741,26.029,26.024
742,26.086,26.085
743,26.080,26.080
744,26.047,26.047
745,26.060,26.062
746,26.182,26.193
747,26.194,26.206
748,26.219,26.242
749,26.342,26.361
750,26.292,26.314
751,26.268,26.292
752,26.199,26.223
753,26.144,26.164
754,26.157,26.175
755,26.127,26.150
756,26.152,26.176
757,26.196,26.215
758,26.221,26.233
759,26.202,26.224
760,26.212,26.231
761,26.110,26.111
762,26.136,26.164
763,26.110,26.130
764,26.068,26.086
765,26.030,26.036
766,25.952,25.967
767,25.974,25.999
768,25.848,25.870
769,25.841,25.861
770,25.794,25.819
771,25.752,25.772
772,25.766,25.767
773,25.741,25.763
774,25.716,25.732
775,25.700,25.705
776,25.686,25.704
777,25.642,25.668
778,25.555,25.572
779,25.500,25.528
780,25.400,25.427
781,25.387,25.403
782,25.354,25.375
783,25.326,25.340
784,25.267,25.269
785,25.225,25.231
786,25.205,25.222
787,25.175,25.183
788,25.114,25.117
789,25.074,25.060
790,25.070,25.058
791,25.106,25.096
792,25.024,25.022
793,25.049,25.057
794,24.990,24.991
795,25.065,25.055
796,25.157,25.148
797,25.250,25.244
798,25.212,25.205
799,25.163,25.141
800,25.174,25.140
801,25.162,25.135
802,25.454,25.436
803,25.425,25.401
804,25.408,25.395
805,25.415,25.384
806,25.431,25.400
807,25.459,25.428
808,25.408,25.383
809,25.415,25.383
810,25.539,25.506
811,24.980,24.942
812,25.067,25.039
813,25.376,25.341
814,25.312,25.279
815,25.263,25.232
816,25.259,25.228
817,25.305,25.268
818,24.904,24.865
819,24.822,24.791
820,25.171,25.145
821,25.291,25.281
822,25.247,25.222
823,24.806,24.762
824,24.940,24.913
825,24.793,24.756
826,24.829,24.786
827,25.035,25.010
828,24.907,24.892
829,24.849,24.834
830,24.926,24.917
831,24.987,24.981
832,25.032,25.004
833,25.004,24.983
834,25.037,25.014
835,25.128,25.090
836,25.354,25.319
837,25.292,25.241
838,25.463,25.422
839,25.440,25.392
840,25.406,25.362
841,25.224,25.169
842,25.443,25.400
843,25.387,25.328
844,25.439,25.389
845,25.387,25.341
846,25.366,25.312
847,25.537,25.493
848,25.535,25.490
849,25.395,25.324
850,25.544,25.472
851,25.637,25.586
852,25.588,25.547
853,25.536,25.485
854,25.618,25.568
855,25.509,25.443
856,25.641,25.586
857,25.701,25.654
858,25.622,25.557
859,25.731,25.682
860,25.732,25.673
861,25.767,25.713
862,25.807,25.754
863,25.723,25.658
864,25.809,25.750
865,25.808,25.741
866,25.703,25.638
867,25.817,25.755
868,25.694,25.617
869,25.740,25.682
870,25.712,25.639
871,25.816,25.755
872,25.846,25.769
873,25.801,25.723
874,25.834,25.772
875,25.864,25.809
876,25.762,25.698
877,25.833,25.788
878,25.761,25.699
879,25.929,25.886
880,25.942,25.898
881,25.994,25.952
882,26.010,25.950
883,26.050,25.981
884,26.122,26.071
885,26.082,26.020
886,26.082,26.022
887,26.062,26.019
888,26.066,26.014
889,26.155,26.122
890,26.174,26.128
891,25.967,25.927
892,26.258,26.224
893,26.215,26.190
894,26.131,26.096
895,26.138,26.093
896,26.143,26.102
897,26.166,26.132
898,26.160,26.118
899,26.137,26.111
900,26.107,26.089
901,26.092,26.073
902,26.149,26.132
903,26.255,26.230
904,26.277,26.267
905,26.233,26.233
906,26.264,26.257
907,26.276,26.265
908,26.254,26.262
909,26.249,26.252
910,26.239,26.238
911,26.170,26.152
912,26.120,26.121
913,26.097,26.099
914,26.087,26.081
915,26.029,26.022
916,26.083,26.085
917,26.114,26.120
918,26.111,26.122
919,26.127,26.141
920,26.234,26.236
921,26.144,26.159
922,26.174,26.180
923,26.152,26.159
924,26.219,26.252
925,26.233,26.255
926,26.158,26.182
927,26.098,26.102
928,26.091,26.095
929,26.159,26.180
930,26.171,26.186
931,26.143,26.157
932,26.093,26.107
933,26.033,26.059
934,25.986,25.996
935,25.931,25.955
936,26.004,26.025
937,25.744,25.739
938,25.762,25.770
939,25.724,25.729
940,25.672,25.672
941,25.682,25.690
942,25.631,25.637
943,25.840,25.835
944,25.843,25.831
945,25.830,25.832
946,25.798,25.808
947,25.768,25.779
948,25.875,25.878
949,25.714,25.708
950,25.660,25.642
951,25.576,25.561
952,25.489,25.480
953,25.562,25.544
954,25.598,25.590
955,25.601,25.596
956,25.564,25.546
957,25.464,25.461
958,25.564,25.574
959,25.581,25.597
960,25.556,25.572
961,25.547,25.571
962,25.559,25.569
963,25.617,25.640
964,25.555,25.584
965,25.487,25.511
966,25.514,25.531
967,25.476,25.492
968,25.713,25.735
969,25.365,25.362
970,25.335,25.338
971,25.384,25.384
972,25.565,25.573
973,25.753,25.761
974,25.686,25.712
975,25.751,25.769
976,25.790,25.805
977,25.791,25.807
978,25.815,25.819
979,25.761,25.755
980,25.493,25.496
981,25.870,25.882
982,25.836,25.841
983,25.890,25.892
984,25.840,25.838
985,25.934,25.940
986,25.910,25.924
987,25.946,25.952
988,25.937,25.951
989,25.963,25.973
990,25.960,25.971
991,25.939,25.964
992,25.954,25.962
993,25.895,25.906
994,25.867,25.889
995,25.844,25.859
996,25.798,25.800
997,25.830,25.835
998,25.846,25.863
999,25.870,25.881
1000,25.919,25.936
1001,25.965,25.982
1002,25.959,25.995
1003,25.994,26.009
1004,25.741,25.738
1005,25.715,25.722
1006,25.741,25.759
1007,25.984,26.021
1008,26.004,26.045
1009,26.018,26.052
1010,26.043,26.082
1011,26.116,26.142
1012,26.085,26.124
1013,26.045,26.088
1014,26.036,26.069
1015,26.020,26.040
1016,25.994,26.033
1017,26.002,26.035
1018,26.039,26.064
1019,25.995,26.011
1020,26.009,26.027
1021,26.021,26.032
1022,25.991,26.006
1023,25.955,25.976
1024,25.972,26.003
1025,25.962,25.989
1026,25.951,25.976
1027,25.969,25.996
1028,25.960,25.976
1029,26.018,26.045
1030,25.955,25.985
1031,25.974,25.997
1032,25.953,25.985
1033,25.989,26.022
1034,25.932,25.965
1035,25.952,25.970
1036,25.886,25.891
1037,25.687,25.679
1038,25.657,25.633
1039,25.609,25.598
1040,25.585,25.571
1041,25.905,25.921
1042,25.809,25.838
1043,25.756,25.779
1044,25.739,25.761
1045,25.726,25.746
1046,25.707,25.733
1047,25.687,25.698
1048,25.711,25.715
1049,25.699,25.717
1050,25.665,25.674
1051,25.687,25.706
1052,25.621,25.630
1053,25.676,25.690
1054,25.656,25.655
1055,25.740,25.746
1056,25.659,25.663
1057,25.693,25.686
1058,25.730,25.711
1059,25.763,25.752
1060,25.783,25.774
1061,25.841,25.837
1062,26.127,26.141
1063,25.903,25.913
1064,26.197,26.203
1065,26.092,26.117
1066,25.797,25.807
1067,25.915,25.911
1068,25.741,25.727
1069,25.797,25.787
1070,25.580,25.575
1071,25.790,25.796
1072,25.765,25.768
1073,25.713,25.715
1074,25.802,25.807
1075,25.807,25.824
1076,25.818,25.830
1077,25.739,25.753
1078,25.740,25.750
1079,25.730,25.736
1080,25.772,25.773
1081,25.693,25.698
1082,25.664,25.674
1083,25.602,25.614
1084,25.583,25.598
1085,25.608,25.616
1086,25.626,25.639
1087,25.633,25.645
1088,25.664,25.676
1089,25.639,25.647
1090,25.671,25.680
1091,25.735,25.744
1092,25.708,25.711
1093,25.627,25.639
1094,25.638,25.655
1095,25.704,25.715
1096,25.712,25.719
1097,25.703,25.716
1098,25.778,25.783
1099,25.806,25.813
1100,25.808,25.805
1101,25.816,25.815
1102,25.814,25.819
1103,25.795,25.795
1104,25.785,25.796
1105,25.832,25.837
1106,25.865,25.877
1107,25.882,25.889
1108,25.877,25.889
1109,25.838,25.860
1110,25.845,25.861
1111,25.889,25.895
1112,25.950,25.961
1113,25.971,25.989
1114,25.963,25.985
1115,25.902,25.932
1116,25.891,25.928
1117,25.871,25.898
1118,25.832,25.885
1119,25.827,25.860
1120,25.854,25.897
1121,25.935,25.970
1122,26.009,26.049
1123,25.935,25.984
1124,25.890,25.930
1125,25.932,25.972
1126,25.965,26.007
1127,25.838,25.878
1128,25.858,25.909
1129,25.835,25.891
1130,25.881,25.919
1131,26.196,26.251
1132,26.187,26.250
1133,25.960,25.997
1134,25.833,25.874
1135,26.104,26.150
1136,25.935,25.969
1137,25.952,25.967
1138,25.836,25.861
1139,25.796,25.820
1140,25.798,25.830
1141,25.794,25.823
1142,25.789,25.822
1143,25.754,25.792
1144,25.682,25.702
1145,25.831,25.863
1146,25.706,25.728
1147,25.646,25.662
1148,25.381,25.389
1149,25.405,25.417
1150,25.360,25.379
1151,25.705,25.727
1152,25.662,25.676
1153,25.243,25.252
1154,25.350,25.368
1155,25.727,25.757
1156,25.543,25.552
1157,25.574,25.612
1158,25.556,25.587
1159,25.510,25.530
1160,25.533,25.558
1161,25.606,25.628
1162,25.482,25.490
1163,25.485,25.517
1164,25.498,25.531
1165,25.507,25.532
1166,25.413,25.428
1167,25.448,25.464
1168,25.417,25.436
1169,25.447,25.480
1170,25.377,25.405
1171,25.368,25.393
1172,25.343,25.365
1173,25.305,25.331
1174,25.317,25.343
1175,25.274,25.302
1176,25.250,25.272
1177,25.204,25.227
1178,25.228,25.270
1179,25.232,25.268
1180,25.182,25.208
1181,25.159,25.192
1182,25.199,25.240
1183,25.196,25.233
1184,25.193,25.229
1185,25.161,25.196
1186,25.156,25.186
1187,25.160,25.196
1188,25.174,25.219
1189,25.210,25.239
1190,25.072,25.112
1191,25.077,25.111
1192,25.010,25.052
1193,25.129,25.167
1194,25.108,25.144
1195,25.138,25.186
1196,25.211,25.260
1197,25.143,25.179
1198,25.249,25.310
1199,25.215,25.271
1200,25.166,25.225
1201,25.189,25.236
1202,25.425,25.487
1203,25.318,25.383
1204,25.256,25.304
1205,25.256,25.313
1206,25.262,25.318
1207,25.247,25.307
1208,25.284,25.345
1209,25.325,25.382
1210,25.299,25.358
1211,25.232,25.282
1212,25.270,25.317
1213,25.277,25.345
1214,25.295,25.358
1215,25.315,25.379
1216,25.330,25.390
1217,25.408,25.477
1218,25.333,25.385
1219,25.381,25.432
1220,25.412,25.461
1221,25.363,25.415
1222,25.445,25.507
1223,25.413,25.466
1224,25.511,25.562
1225,25.493,25.540
1226,25.420,25.468
1227,25.446,25.491
1228,25.493,25.553
1229,25.541,25.593
1230,25.470,25.512
1231,25.443,25.484
1232,25.446,25.487
1233,25.485,25.532
1234,25.512,25.567
1235,25.532,25.579
1236,25.509,25.554
1237,25.572,25.622
1238,25.532,25.575
1239,25.558,25.607
1240,25.555,25.603
1241,25.503,25.533
1242,25.582,25.623
1243,25.563,25.598
1244,25.536,25.572
1245,25.534,25.574
1246,25.543,25.577
1247,25.521,25.545
1248,25.639,25.675
1249,25.614,25.649
1250,25.610,25.641
1251,25.642,25.670
1252,25.586,25.616
1253,25.546,25.556
1254,25.611,25.618
1255,25.659,25.684
1256,25.659,25.678
1257,25.644,25.675
1258,25.633,25.663
1259,25.544,25.556
1260,25.612,25.635
1261,25.754,25.775
1262,25.787,25.823
1263,25.777,25.799
1264,25.929,25.954
1265,25.719,25.726
1266,25.752,25.772
1267,25.827,25.851
1268,25.792,25.814
1269,25.835,25.858
1270,25.711,25.718
1271,25.779,25.799
1272,25.762,25.786
1273,25.746,25.768
1274,25.736,25.747
1275,25.723,25.733
1276,25.741,25.757
1277,25.672,25.687
1278,25.641,25.649
1279,25.629,25.641
1280,25.671,25.682
1281,25.526,25.519
1282,25.551,25.554
1283,25.562,25.564
1284,25.583,25.585
1285,25.592,25.607
1286,25.572,25.570
1287,25.558,25.548
1288,25.559,25.572
1289,25.594,25.610
1290,25.597,25.599
1291,25.555,25.566
1292,25.519,25.515
1293,25.504,25.508
1294,25.576,25.580
1295,25.554,25.574
1296,25.453,25.452
1297,25.444,25.445
1298,25.488,25.472
1299,25.539,25.526
1300,25.602,25.594
1301,25.600,25.598
1302,25.832,25.845
1303,25.720,25.711
1304,25.754,25.758
1305,25.738,25.736
1306,25.761,25.761
1307,25.718,25.707
1308,25.759,25.755
1309,25.813,25.814
1310,25.778,25.773
1311,25.728,25.724
1312,25.766,25.765
1313,25.814,25.811
1314,25.764,25.761
1315,25.769,25.771
1316,25.824,25.826
1317,26.001,25.998
1318,26.017,26.027
1319,25.851,25.853
1320,25.759,25.754
1321,25.700,25.687
1322,25.680,25.663
1323,25.614,25.599
1324,25.630,25.610
1325,25.731,25.722
1326,25.847,25.830
1327,25.808,25.793
1328,25.618,25.592
1329,25.777,25.741
1330,25.701,25.681
1331,25.555,25.529
1332,25.555,25.531
1333,25.576,25.548
1334,25.634,25.617
1335,25.565,25.539
1336,25.527,25.490
1337,25.498,25.464
1338,25.543,25.525
1339,25.512,25.479
1340,25.463,25.447
1341,25.463,25.443
1342,25.525,25.512
1343,25.439,25.426
1344,25.401,25.382
1345,25.450,25.417
1346,25.382,25.360
1347,25.377,25.352
1348,25.359,25.341
1349,25.342,25.338
1350,25.438,25.414
1351,25.341,25.331
1352,25.342,25.329
1353,25.309,25.280
1354,25.263,25.235
1355,25.365,25.345
1356,25.339,25.334
1357,25.293,25.288
1358,25.379,25.385
1359,25.347,25.339
1360,25.322,25.310
1361,25.237,25.240
1362,25.290,25.291
1363,25.222,25.213
1364,25.199,25.192
1365,25.250,25.253
1366,25.208,25.216
1367,25.242,25.235
1368,25.164,25.159
1369,25.296,25.306
1370,25.208,25.202
1371,25.312,25.319
1372,25.238,25.237
1373,25.273,25.270
1374,25.212,25.209
1375,25.204,25.195
1376,25.192,25.171
1377,25.188,25.178
1378,25.199,25.200
1379,25.261,25.269
1380,25.248,25.249
1381,25.273,25.272
1382,25.321,25.337
1383,25.268,25.283
1384,25.329,25.333
1385,25.379,25.393
1386,25.389,25.415
1387,25.336,25.361
1388,25.314,25.344
1389,25.273,25.290
1390,25.275,25.289
1391,25.323,25.348
1392,25.321,25.342
1393,25.378,25.405
1394,25.418,25.454
1395,25.420,25.456
1396,25.491,25.521
1397,25.483,25.500
1398,25.453,25.493
1399,25.510,25.541
1400,25.541,25.583
1401,25.583,25.616
1402,25.633,25.678
1403,25.625,25.673
1404,25.629,25.671
1405,25.678,25.719
1406,25.614,25.658
1407,25.630,25.671
1408,25.665,25.721
1409,25.683,25.727
1410,25.656,25.701
1411,25.624,25.667
1412,25.622,25.676
1413,25.572,25.617
1414,25.571,25.614
1415,25.603,25.653
1416,25.563,25.599
1417,25.567,25.613
1418,25.578,25.629
1419,25.575,25.627
1420,25.584,25.639
1421,25.609,25.656
1422,25.595,25.648
1423,25.589,25.637
1424,25.590,25.643
1425,25.621,25.674
1426,25.657,25.708
1427,25.648,25.693
1428,25.642,25.684
1429,25.660,25.709
1430,25.680,25.729
1431,25.696,25.750
1432,25.694,25.750
1433,25.707,25.769
1434,25.681,25.737
1435,25.703,25.764
1436,25.721,25.776
1437,25.663,25.724
1438,25.722,25.793
1439,25.654,25.729
1440,25.646,25.711
1441,25.631,25.690
1442,25.670,25.735
1443,25.687,25.758
1444,25.626,25.692
1445,25.620,25.666
1446,25.594,25.646
1447,25.572,25.614
1448,25.628,25.677
1449,25.567,25.612
1450,25.551,25.589
1451,25.608,25.654
1452,25.570,25.613
1453,25.555,25.590
1454,25.588,25.628
1455,25.600,25.652
1456,25.560,25.606
1457,25.554,25.594
1458,25.547,25.583
1459,25.559,25.594
1460,25.572,25.614
1461,25.557,25.598
1462,25.564,25.599
1463,25.591,25.633
1464,25.522,25.558
1465,25.502,25.538
1466,25.490,25.529
1467,25.526,25.565
1468,25.532,25.579
1469,25.554,25.594
1470,25.538,25.579
1471,25.543,25.577
1472,25.521,25.563
1473,25.509,25.552
1474,25.522,25.565
1475,25.519,25.570
1476,25.510,25.554
1477,25.496,25.543
1478,25.523,25.572
1479,25.513,25.560
1480,25.530,25.578
1481,25.602,25.645
1482,25.672,25.740
1483,25.580,25.632
1484,25.547,25.592
1485,25.562,25.618
1486,25.487,25.540
1487,25.489,25.534
1488,25.480,25.521
1489,25.488,25.518
1490,25.485,25.523
1491,25.441,25.475
1492,25.428,25.464
1493,25.423,25.466
1494,25.416,25.459
1495,25.416,25.450
1496,25.417,25.445
1497,25.419,25.451
1498,25.413,25.461
1499,25.414,25.459
1500,25.446,25.490
1501,25.409,25.443
1502,25.428,25.460
1503,25.416,25.447
1504,25.469,25.503
1505,25.481,25.519
1506,25.531,25.576
1507,25.511,25.551
1508,25.566,25.612
1509,25.512,25.551
1510,25.521,25.554
1511,25.592,25.631
1512,25.569,25.605
1513,25.593,25.629
1514,25.684,25.731
1515,25.629,25.679
1516,25.556,25.590
1517,25.599,25.639
1518,25.560,25.595
1519,25.558,25.587
1520,25.561,25.587
1521,25.559,25.589
1522,25.582,25.614
1523,25.568,25.599
1524,25.568,25.602
1525,25.631,25.684
1526,25.625,25.673
1527,25.651,25.700
1528,25.682,25.725
1529,25.608,25.651
1530,25.588,25.630
1531,25.586,25.632
1532,25.576,25.623
1533,25.552,25.585
1534,25.548,25.591
1535,25.596,25.651
1536,25.580,25.633
1537,25.597,25.657
1538,25.622,25.680
1539,25.661,25.708
1540,25.676,25.726
1541,25.705,25.751
1542,25.628,25.669
1543,25.628,25.673
1544,25.626,25.668
1545,25.626,25.669
1546,25.619,25.659
1547,25.613,25.654
1548,25.618,25.653
1549,25.617,25.648
1550,25.616,25.653
1551,25.610,25.650
1552,25.654,25.689
1553,25.669,25.706
1554,25.648,25.687
1555,25.711,25.760
1556,25.657,25.705
1557,25.661,25.708
1558,25.666,25.706
1559,25.657,25.699
1560,25.659,25.704
1561,25.626,25.663
1562,25.648,25.687
1563,25.616,25.652
1564,25.627,25.675
1565,25.633,25.686
1566,25.627,25.667
1567,25.671,25.714
1568,25.672,25.709
1569,25.674,25.716
1570,25.667,25.712
1571,25.691,25.739
1572,25.629,25.680
1573,25.603,25.656
1574,25.595,25.647
1575,25.577,25.623
1576,25.587,25.625
1577,25.602,25.655
1578,25.584,25.628
1579,25.617,25.668
1580,25.638,25.684
1581,25.650,25.695
1582,25.646,25.693
1583,25.653,25.695
1584,25.643,25.688
1585,25.644,25.699
1586,25.638,25.696
1587,25.612,25.668
1588,25.601,25.657
1589,25.585,25.640
1590,25.594,25.640
1591,25.605,25.665
1592,25.653,25.712
1593,25.625,25.686
1594,25.614,25.671
1595,25.649,25.706
1596,25.627,25.680
1597,25.635,25.701
1598,25.604,25.663
1599,25.608,25.673
1600,25.605,25.664
1601,25.626,25.677
1602,25.602,25.649
1603,25.617,25.656
1604,25.604,25.647
1605,25.627,25.674
1606,25.612,25.656
1607,25.616,25.660
1608,25.610,25.660
1609,25.614,25.661
1610,25.606,25.666
1611,25.592,25.639
1612,25.588,25.638
1613,25.579,25.631
1614,25.621,25.671
1615,25.612,25.669
1616,25.564,25.605
1617,25.560,25.614
1618,25.600,25.658
1619,25.578,25.638
1620,25.588,25.650
1621,25.573,25.632
1622,25.605,25.650
1623,25.580,25.629
1624,25.612,25.667
1625,25.606,25.650
1626,25.599,25.656
1627,25.636,25.690
1628,25.614,25.664
1629,25.634,25.685
1630,25.639,25.680
1631,25.639,25.683
1632,25.628,25.661
1633,25.634,25.671
1634,25.646,25.711
1635,25.645,25.704
1636,25.644,25.699
1637,25.664,25.713
1638,25.680,25.726
1639,25.703,25.749
1640,25.719,25.764
1641,25.681,25.731
1642,25.670,25.717
1643,25.681,25.735
1644,25.673,25.714
1645,25.667,25.714
1646,25.679,25.733
1647,25.642,25.690
1648,25.644,25.700
1649,25.640,25.693
1650,25.651,25.710
1651,25.633,25.685
1652,25.623,25.679
1653,25.620,25.667
1654,25.617,25.653
1655,25.615,25.661
1656,25.586,25.628
1657,25.597,25.642
1658,25.590,25.639
1659,25.562,25.619
1660,25.566,25.620
1661,25.551,25.613
1662,25.559,25.617
1663,25.579,25.633
1664,25.588,25.640
1665,25.551,25.601
1666,25.539,25.594
1667,25.534,25.594
1668,25.539,25.598
1669,25.559,25.615
1670,25.569,25.623
1671,25.562,25.619
1672,25.539,25.592
1673,25.544,25.604
1674,25.549,25.615
1675,25.522,25.573
1676,25.539,25.594
1677,25.565,25.617
1678,25.553,25.623
1679,25.542,25.605
1680,25.565,25.631
1681,25.539,25.602
1682,25.532,25.597
1683,25.528,25.593
1684,25.514,25.579
1685,25.504,25.572
1686,25.491,25.547
1687,25.469,25.527
1688,25.494,25.555
1689,25.478,25.546
1690,25.495,25.563
1691,25.468,25.533
1692,25.451,25.512
1693,25.448,25.515
1694,25.445,25.512
1695,25.452,25.524
1696,25.468,25.538
1697,25.468,25.536
1698,25.491,25.561
1699,25.479,25.550
1700,25.482,25.556
1701,25.505,25.577
1702,25.453,25.515
1703,25.413,25.469
1704,25.405,25.463
1705,25.414,25.470
1706,25.430,25.478
1707,25.415,25.468
1708,25.423,25.483
1709,25.412,25.468
1710,25.417,25.486
1711,25.413,25.485
1712,25.405,25.478
1713,25.423,25.491
1714,25.440,25.504
1715,25.448,25.515
1716,25.456,25.516
1717,25.444,25.507
1718,25.448,25.515
1719,25.451,25.516
1720,25.458,25.522
1721,25.442,25.503
1722,25.442,25.508
1723,25.447,25.517
1724,25.491,25.559
1725,25.486,25.553
1726,25.469,25.535
1727,25.472,25.528
1728,25.474,25.540
1729,25.490,25.552
1730,25.499,25.560
1731,25.505,25.566
1732,25.521,25.584
1733,25.509,25.577
1734,25.511,25.583
1735,25.524,25.590
1736,25.517,25.592
1737,25.515,25.577
1738,25.493,25.556
1739,25.511,25.570
1740,25.503,25.566
1741,25.510,25.572
1742,25.499,25.559
1743,25.513,25.580
1744,25.537,25.600
1745,25.519,25.591
1746,25.508,25.570
1747,25.529,25.596
1748,25.522,25.587
1749,25.507,25.566
1750,25.532,25.595
1751,25.519,25.591
1752,25.513,25.580
1753,25.532,25.603
1754,25.523,25.596
1755,25.537,25.610
1756,25.535,25.608
1757,25.542,25.613
1758,25.561,25.626
1759,25.560,25.628
1760,25.560,25.636
1761,25.543,25.617
1762,25.545,25.619
1763,25.540,25.615
1764,25.514,25.592
1765,25.514,25.590
1766,25.515,25.588
1767,25.533,25.608
1768,25.536,25.618
1769,25.525,25.603
1770,25.516,25.587
1771,25.518,25.591
1772,25.517,25.586
1773,25.518,25.584
1774,25.514,25.580
1775,25.511,25.579
1776,25.503,25.576
1777,25.500,25.560
1778,25.520,25.596
1779,25.501,25.571
1780,25.487,25.559
1781,25.480,25.554
1782,25.454,25.528
1783,25.466,25.531
1784,25.437,25.504
1785,25.461,25.533
1786,25.426,25.504
1787,25.422,25.494
1788,25.406,25.469
1789,25.417,25.483
1790,25.395,25.461
1791,25.406,25.472
1792,25.398,25.464
1793,25.415,25.481
1794,25.423,25.490
1795,25.420,25.491
1796,25.430,25.504
1797,25.410,25.472
1798,25.419,25.482
1799,25.410,25.463
1800,25.409,25.459
1801,25.414,25.472
1802,25.421,25.481
1803,25.433,25.501
1804,25.434,25.500
1805,25.450,25.526
1806,25.436,25.510
1807,25.454,25.523
1808,25.447,25.515
1809,25.445,25.524
1810,25.464,25.551
1811,25.505,25.586
1812,25.503,25.566
1813,25.513,25.585
1814,25.531,25.605
1815,25.540,25.602
1816,25.507,25.573
1817,25.514,25.576
1818,25.504,25.572
1819,25.520,25.588
1820,25.537,25.611
1821,25.538,25.609
1822,25.520,25.594
1823,25.521,25.594
1824,25.510,25.576
1825,25.531,25.596
1826,25.528,25.587
1827,25.539,25.601
1828,25.528,25.596
1829,25.511,25.572
1830,25.538,25.606
1831,25.544,25.619
1832,25.563,25.628
1833,25.537,25.604
1834,25.557,25.616
1835,25.591,25.653
1836,25.619,25.685
1837,25.634,25.707
1838,25.618,25.680
1839,25.593,25.658
1840,25.535,25.593
