0,9.063,13.127
1,9.039,13.089
2,9.048,13.112
3,8.884,12.903
4,8.677,12.606
5,8.480,12.358
6,8.211,11.983
7,7.908,11.538
8,7.511,11.075
9,7.208,10.497
10,6.734,9.931
11,6.207,9.269
12,6.128,8.969
13,6.125,8.873
14,6.140,8.835
15,6.217,8.876
16,6.282,8.920
17,6.393,8.989
18,6.368,8.962
19,6.411,8.989
20,6.489,9.064
21,6.497,9.058
22,6.414,8.951
23,6.458,8.992
24,5.847,9.033
25,5.366,10.013
26,5.310,9.821
27,5.512,10.055
28,5.616,10.110
29,5.676,10.112
30,6.345,11.036
31,6.404,11.059
32,6.558,11.204
33,6.739,11.385
34,6.868,11.508
35,6.961,11.512
36,7.094,11.674
37,7.167,11.711
38,7.283,11.828
39,7.368,11.833
40,7.453,11.911
41,7.541,11.998
42,7.550,11.976
43,7.630,11.995
44,7.639,11.924
45,7.683,11.941
46,7.732,11.977
47,7.787,12.001
48,7.829,12.004
49,7.867,12.013
50,7.913,12.024
51,7.969,12.116
52,7.991,12.099
53,8.049,12.121
54,8.052,12.111
55,8.077,12.109
56,8.148,12.181
57,8.169,12.183
58,8.235,12.226
59,8.308,12.302
60,8.312,12.312
61,8.360,12.317
62,8.403,12.323
63,8.442,12.376
64,8.484,12.384
65,8.531,12.418
66,8.592,12.484
67,8.703,12.606
68,8.738,12.594
69,8.776,12.650
70,8.851,12.761
71,8.932,12.833
72,8.960,12.887
73,9.030,12.930
74,9.146,13.078
75,9.195,13.163
76,9.270,13.256
77,9.353,13.354
78,9.351,13.348
79,9.383,13.363
80,9.424,13.398
81,9.495,13.486
82,9.575,13.562
83,9.644,13.610
84,9.738,13.706
85,9.791,13.736
86,9.897,13.834
87,9.964,13.908
88,10.033,13.949
89,10.083,13.956
90,10.173,14.018
91,10.255,14.088
92,10.332,14.145
93,10.409,14.195
94,10.446,14.176
95,10.533,14.284
96,10.588,14.296
97,10.661,14.351
98,10.734,14.409
99,10.820,14.453
100,10.917,14.572
101,10.967,14.610
102,11.051,14.657
103,11.132,14.719
104,11.206,14.793
105,11.289,14.856
106,11.385,14.932
107,11.492,15.047
108,11.605,15.149
109,11.698,15.226
110,11.815,15.317
111,11.840,15.311
112,11.921,15.420
113,11.984,15.462
114,12.033,15.521
115,12.047,15.498
116,12.104,15.558
117,12.129,15.580
118,12.148,15.556
119,12.197,15.601
120,12.261,15.634
121,12.247,15.582
122,12.252,15.593
123,12.243,15.546
124,12.215,15.456
125,12.155,15.384
126,12.187,15.368
127,12.196,15.358
128,12.193,15.306
129,12.195,15.317
130,12.230,15.339
131,12.207,15.317
132,12.139,15.203
133,12.147,15.182
134,12.112,15.137
135,12.054,15.058
136,11.990,15.000
137,12.002,15.020
138,11.946,14.931
139,11.897,14.891
140,11.832,14.790
141,11.809,14.760
142,11.789,14.754
143,11.784,14.757
144,11.741,14.740
145,11.710,14.775
146,11.676,14.741
147,11.571,14.639
148,11.493,14.620
149,11.407,14.528
150,11.310,14.453
151,11.240,14.375
152,11.070,14.167
153,11.003,14.135
154,10.885,13.972
155,10.792,13.869
156,10.688,13.743
157,10.596,13.633
158,10.516,13.511
159,10.416,13.375
160,10.318,13.242
161,10.260,13.145
162,10.212,13.069
163,10.095,12.897
164,9.986,12.741
165,9.913,12.640
166,9.809,12.502
167,9.685,12.329
168,9.556,12.158
169,9.437,11.977
170,9.310,11.827
171,9.213,11.697
172,9.134,11.619
173,9.107,11.610
174,8.989,11.483
175,8.935,11.445
176,8.895,11.421
177,8.857,11.387
178,8.784,11.304
179,8.669,11.167
180,8.637,11.159
181,8.634,11.105
182,8.718,11.221
183,8.680,11.177
184,8.624,11.116
185,8.594,11.099
186,8.575,11.086
187,8.496,10.992
188,8.477,10.986
189,8.379,10.886
190,8.269,10.770
191,8.121,10.620
192,8.052,10.550
193,7.977,10.471
194,7.893,10.368
195,7.846,10.349
196,7.827,10.346
197,7.747,10.252
198,7.683,10.162
199,7.650,10.135
200,7.631,10.123
201,7.559,10.038
202,7.586,10.095
203,7.547,10.042
204,7.559,10.078
205,7.508,10.017
206,7.475,9.991
207,7.480,10.003
208,7.461,9.983
209,7.472,10.006
210,7.457,10.010
211,7.458,10.015
212,7.449,9.989
213,7.485,10.076
214,7.445,10.026
215,7.446,10.023
216,7.413,9.979
217,7.417,10.007
218,7.380,9.945
219,7.389,9.986
220,7.403,9.993
221,7.443,10.050
222,7.430,10.033
223,7.415,10.033
224,7.410,10.038
225,7.443,10.089
226,7.504,10.167
227,7.514,10.164
228,7.511,10.173
229,7.468,10.132
230,7.460,10.128
231,7.435,10.115
232,7.470,10.158
233,7.463,10.163
234,7.490,10.193
235,7.523,10.248
236,7.539,10.281
237,7.687,10.390
238,7.749,10.469
239,7.737,10.432
240,7.805,10.485
241,7.825,10.511
242,7.823,10.502
243,7.797,10.503
244,7.748,10.438
245,7.731,10.422
246,7.802,10.507
247,7.811,10.502
248,7.820,10.517
249,7.733,10.413
250,7.701,10.384
251,7.639,10.310
252,7.714,10.370
253,7.712,10.367
254,7.722,10.371
255,7.644,10.298
256,7.580,10.235
257,7.575,10.217
258,7.536,10.213
259,7.589,10.197
260,7.637,10.255
261,7.713,10.292
262,7.783,10.367
263,7.935,10.518
264,7.995,10.563
265,8.036,10.581
266,8.076,10.619
267,7.927,10.455
268,7.883,10.399
269,7.801,10.314
270,7.778,10.299
271,7.799,10.323
272,7.808,10.318
273,7.899,10.398
274,7.910,10.416
275,7.864,10.369
276,7.743,10.262
277,7.733,10.238
278,7.763,10.283
279,7.752,10.264
280,7.785,10.318
281,7.829,10.355
282,7.855,10.388
283,7.903,10.434
284,7.927,10.441
285,7.952,10.452
286,8.000,10.488
287,7.938,10.417
288,7.930,10.430
289,7.928,10.431
290,7.858,10.343
291,7.804,10.298
292,7.752,10.252
293,7.687,10.208
294,7.599,10.098
295,7.530,10.042
296,7.530,10.073
297,7.546,10.100
298,7.546,10.088
299,7.561,10.113
300,7.582,10.132
301,7.631,10.199
302,7.678,10.262
303,7.666,10.243
304,7.727,10.314
305,7.722,10.322
306,7.793,10.388
307,7.818,10.426
308,7.842,10.465
309,7.861,10.517
310,7.887,10.537
311,7.874,10.499
312,7.919,10.571
313,7.939,10.609
314,7.968,10.657
315,7.974,10.651
316,7.999,10.683
317,8.029,10.717
318,8.091,10.778
319,8.163,10.836
320,8.232,10.876
321,8.305,10.953
322,8.358,11.010
323,8.339,10.953
324,8.353,10.946
325,8.364,10.967
326,8.340,10.908
327,8.330,10.909
328,8.332,10.895
329,8.347,10.943
330,8.391,10.979
331,8.347,10.892
332,8.335,10.881
333,8.319,10.859
334,8.344,10.882
335,8.345,10.894
336,8.347,10.892
337,8.387,10.948
338,8.369,10.922
339,8.353,10.924
340,8.354,10.914
341,8.320,10.882
342,8.303,10.866
343,8.293,10.879
344,8.263,10.863
345,8.209,10.771
346,8.192,10.861
347,8.058,10.616
348,8.057,10.651
349,8.036,10.664
350,7.963,10.579
351,7.943,10.575
352,7.884,10.480
353,7.860,10.442
354,7.849,10.440
355,7.870,10.495
356,7.842,10.431
357,7.832,10.406
358,7.811,10.379
359,7.760,10.329
360,7.751,10.325
361,7.752,10.327
362,7.710,10.266
363,7.698,10.273
364,7.729,10.339
365,7.667,10.233
366,7.628,10.192
367,7.617,10.189
368,7.555,10.128
369,7.547,10.127
370,7.537,10.142
371,7.530,10.165
372,7.481,10.081
373,7.479,10.104
374,7.422,10.016
375,7.426,10.019
376,7.432,10.027
377,7.447,10.049
378,7.441,10.064
379,7.422,10.029
380,7.396,9.980
381,7.399,9.962
382,7.372,9.934
383,7.370,9.958
384,7.370,9.930
385,7.386,9.959
386,7.380,9.911
387,7.388,9.906
388,7.450,9.985
389,7.443,9.988
390,7.459,10.022
391,7.408,9.932
392,7.438,10.020
393,7.457,10.026
394,7.484,10.060
395,7.474,10.006
396,7.551,10.118
397,7.629,10.215
398,7.616,10.164
399,7.664,10.238
400,7.701,10.285
401,7.708,10.284
402,7.755,10.365
403,7.726,10.314
404,7.764,10.365
405,7.771,10.349
406,7.752,10.315
407,7.769,10.341
408,7.757,10.328
409,7.765,10.332
410,7.778,10.338
411,7.799,10.355
412,7.772,10.317
413,7.780,10.340
414,7.779,10.338
415,7.757,10.303
416,7.777,10.326
417,7.780,10.323
418,7.772,10.306
419,7.772,10.304
420,7.740,10.278
421,7.700,10.212
422,7.683,10.203
423,7.663,10.184
424,7.630,10.127
425,7.602,10.104
426,7.580,10.081
427,7.557,10.055
428,7.512,10.016
429,7.492,9.997
430,7.469,9.975
431,7.464,9.951
432,7.481,9.999
433,7.475,9.987
434,7.488,9.992
435,7.515,10.041
436,7.498,10.032
437,7.497,10.008
438,7.550,10.084
439,7.571,10.117
440,7.597,10.133
441,7.613,10.135
442,7.716,10.254
443,7.733,10.244
444,7.752,10.270
445,7.761,10.294
446,7.760,10.279
447,7.733,10.236
448,7.753,10.269
449,7.728,10.229
450,7.696,10.200
451,7.746,10.265
452,7.725,10.239
453,7.676,10.199
454,7.663,10.178
455,7.612,10.107
456,7.604,10.113
457,7.584,10.105
458,7.500,9.999
459,7.495,10.006
460,7.426,9.926
461,7.414,9.914
462,7.364,9.840
463,7.334,9.795
464,7.291,9.759
465,7.240,9.684
466,7.233,9.692
467,7.156,9.603
468,7.100,9.552
469,7.081,9.541
470,7.068,9.530
471,7.101,9.571
472,7.097,9.555
473,7.166,9.644
474,7.130,9.593
475,7.173,9.648
476,7.140,9.601
477,7.122,9.576
478,7.139,9.604
479,7.125,9.575
480,7.094,9.540
481,7.072,9.513
482,7.035,9.463
483,7.057,9.503
484,7.017,9.444
485,7.014,9.446
486,7.019,9.458
487,6.980,9.402
488,6.970,9.395
489,6.928,9.343
490,6.907,9.316
491,6.882,9.286
492,6.865,9.268
493,6.850,9.262
494,6.847,9.262
495,6.798,9.195
496,6.782,9.184
497,6.736,9.131
498,6.840,9.228
499,6.866,9.261
500,6.865,9.268
501,6.944,9.339
502,6.951,9.347
503,6.973,9.388
504,6.933,9.342
505,6.926,9.337
506,6.936,9.346
507,7.095,9.518
508,7.131,9.548
509,7.147,9.573
510,7.128,9.569
511,7.130,9.574
512,7.106,9.535
513,7.237,9.676
514,7.247,9.678
515,7.276,9.703
516,7.227,9.660
517,7.214,9.652
518,7.219,9.687
519,7.181,9.647
520,7.259,9.728
521,7.350,9.825
522,7.627,10.125
523,7.750,10.281
524,7.881,10.425
525,7.865,10.405
526,7.947,10.492
527,8.005,10.533
528,7.953,10.515
529,8.243,10.788
530,8.417,10.968
531,8.398,10.928
532,8.352,10.851
533,8.410,10.891
534,8.253,10.753
535,8.247,10.740
536,8.295,10.813
537,8.266,10.803
538,8.189,10.697
539,8.201,10.720
540,8.212,10.725
541,8.174,10.683
542,8.160,10.666
543,8.151,10.648
544,8.159,10.657
545,8.126,10.629
546,8.134,10.676
547,8.092,10.609
548,8.038,10.548
549,8.031,10.558
550,8.018,10.556
551,7.988,10.533
552,7.988,10.550
553,7.974,10.529
554,7.928,10.474
555,7.920,10.474
556,7.873,10.407
557,7.836,10.379
558,7.824,10.350
559,7.830,10.383
560,7.829,10.368
561,7.865,10.430
562,7.870,10.422
563,7.895,10.470
564,7.850,10.392
565,7.867,10.418
566,7.841,10.375
567,7.844,10.381
568,7.830,10.366
569,7.871,10.454
570,7.856,10.423
571,7.860,10.422
572,7.839,10.395
573,7.834,10.381
574,7.839,10.407
575,7.815,10.368
576,7.796,10.376
577,7.816,10.405
578,7.815,10.401
579,7.834,10.419
580,7.833,10.410
581,7.820,10.403
582,7.832,10.417
583,7.831,10.418
584,7.811,10.397
585,7.760,10.338
586,7.751,10.334
587,7.752,10.350
588,7.743,10.377
589,7.720,10.309
590,7.762,10.381
591,7.720,10.374
592,7.658,10.241
593,7.699,10.287
594,7.692,10.264
595,7.699,10.282
596,7.667,10.238
597,7.600,10.194
598,7.588,10.163
599,7.554,10.151
600,7.516,10.099
601,7.508,10.092
602,7.481,10.049
603,7.451,10.018
604,7.433,10.017
605,7.392,9.985
606,7.408,10.001
607,7.388,9.958
608,7.395,9.986
609,7.369,9.956
610,7.363,9.965
611,7.370,9.996
612,7.362,9.976
613,7.365,10.012
614,7.371,10.045
615,7.360,10.014
616,7.386,10.063
617,7.390,10.066
618,7.411,10.093
619,7.438,10.124
620,7.445,10.108
621,7.513,10.200
622,7.510,10.193
623,7.508,10.160
624,7.496,10.167
625,7.488,10.145
626,7.487,10.141
627,7.447,10.113
628,7.408,10.068
629,7.341,9.985
630,7.339,9.985
631,7.377,10.036
632,7.392,10.029
633,7.413,10.052
634,7.399,10.044
635,7.376,10.024
636,7.357,10.014
637,7.306,9.948
638,7.318,9.980
639,7.262,9.902
640,7.244,9.899
641,7.194,9.814
642,7.168,9.788
643,7.157,9.786
644,7.095,9.699
645,7.076,9.681
646,7.021,9.606
647,6.997,9.592
648,6.936,9.498
649,6.892,9.463
650,6.872,9.434
651,6.832,9.383
652,6.824,9.397
653,6.800,9.357
654,6.788,9.343
655,6.759,9.303
656,6.748,9.283
657,6.708,9.211
658,6.690,9.209
659,6.702,9.214
660,6.671,9.185
661,6.644,9.173
662,6.667,9.207
663,6.650,9.181
664,6.642,9.190
665,6.642,9.173
666,6.677,9.229
667,6.657,9.206
668,6.669,9.231
669,6.705,9.264
670,6.637,9.187
671,6.630,9.205
672,6.784,9.358
673,6.829,9.399
674,6.878,9.483
675,6.842,9.447
676,6.798,9.401
677,6.786,9.351
678,6.829,9.397
679,6.882,9.475
680,6.889,9.469
681,6.902,9.488
682,6.885,9.463
683,6.883,9.455
684,6.887,9.468
685,6.875,9.444
686,6.871,9.460
687,7.035,9.621
688,7.046,9.623
689,7.053,9.649
690,7.047,9.646
691,7.001,9.604
692,7.000,9.594
693,7.008,9.616
694,7.030,9.643
695,7.048,9.659
696,7.029,9.644
697,7.032,9.649
698,7.058,9.689
699,7.063,9.662
700,7.097,9.693
701,7.102,9.686
702,7.116,9.682
703,7.135,9.722
704,7.144,9.723
705,7.149,9.739
706,7.126,9.693
707,7.104,9.656
708,7.127,9.697
709,7.110,9.696
710,7.125,9.688
711,7.347,9.944
712,7.362,9.968
713,7.408,10.038
714,7.405,10.029
715,7.468,10.115
716,7.603,10.195
717,7.525,10.132
718,7.534,10.146
719,7.532,10.148
720,7.429,10.042
721,7.452,10.068
722,7.435,10.036
723,7.436,10.049
724,7.474,10.090
725,7.460,10.047
726,7.491,10.090
727,7.452,10.042
728,7.459,10.061
729,7.331,9.984
730,7.433,10.055
731,7.469,10.109
732,7.471,10.105
733,7.462,10.084
734,7.437,10.062
735,7.434,10.059
736,7.431,10.050
737,7.437,10.055
738,7.470,10.101
739,7.497,10.131
740,7.478,10.122
741,7.507,10.137
742,7.522,10.144
743,7.501,10.132
744,7.509,10.122
745,7.551,10.183
746,7.563,10.193
747,7.567,10.204
748,7.580,10.240
749,7.557,10.217
750,7.579,10.246
751,7.571,10.234
752,7.592,10.271
753,7.575,10.244
754,7.555,10.207
755,7.528,10.176
756,7.531,10.187
757,7.519,10.157
758,7.567,10.272
759,7.531,10.196
760,7.488,10.122
761,7.465,10.095
762,7.477,10.135
763,7.424,10.063
764,7.422,10.095
765,7.396,10.078
766,7.365,10.054
767,7.360,10.046
768,7.322,9.996
769,7.345,10.027
770,7.357,10.062
771,7.359,10.057
772,7.360,10.056
773,7.313,9.996
774,7.343,10.061
775,7.298,10.017
776,7.310,10.052
777,7.277,10.014
778,7.269,10.025
779,7.305,10.072
780,7.277,10.027
781,7.300,10.048
782,7.320,10.072
783,7.281,10.038
784,7.313,10.087
785,7.320,10.097
786,7.476,10.234
787,7.497,10.247
788,7.542,10.289
789,7.526,10.330
790,7.337,10.163
791,7.294,10.109
792,7.302,10.076
793,7.309,10.108
794,7.298,10.103
795,7.429,10.213
796,7.461,10.268
797,7.469,10.264
798,7.416,10.207
799,7.374,10.156
800,7.352,10.124
801,7.480,10.256
802,7.519,10.286
803,7.507,10.280
804,7.438,10.224
805,7.348,10.106
806,7.312,10.077
807,7.423,10.191
808,7.399,10.152
809,7.414,10.181
810,7.484,10.236
811,7.477,10.215
812,7.519,10.271
813,7.455,10.186
814,7.549,10.300
815,7.686,10.434
816,7.881,10.584
817,7.942,10.646
818,8.053,10.737
819,7.975,10.627
820,8.068,10.701
821,8.304,10.946
822,8.323,10.963
823,8.338,10.985
824,8.317,10.939
825,8.214,10.847
826,8.263,10.875
827,8.253,10.875
828,8.139,10.747
829,8.110,10.692
830,8.141,10.739
831,8.174,10.796
832,8.182,10.800
833,8.196,10.801
834,8.177,10.773
835,8.185,10.778
836,8.173,10.765
837,8.169,10.742
838,8.179,10.751
839,8.170,10.742
840,8.168,10.737
841,8.212,10.782
842,8.209,10.771
843,8.215,10.780
844,8.263,10.846
845,8.254,10.847
846,8.262,10.826
847,8.264,10.832
848,8.268,10.833
849,8.260,10.831
850,8.287,10.856
851,8.316,10.901
852,8.344,10.919
853,8.389,10.985
854,8.413,11.003
855,8.410,11.005
856,8.420,11.023
857,8.402,10.990
858,8.436,11.046
859,8.441,11.046
860,8.451,11.055
861,8.463,11.063
862,8.476,11.081
863,8.448,11.049
864,8.486,11.098
865,8.503,11.129
866,8.514,11.161
867,8.505,11.142
868,8.509,11.172
869,8.476,11.165
870,8.432,11.123
871,8.421,11.121
872,8.350,11.019
873,8.352,11.047
874,8.325,11.021
875,8.344,11.054
876,8.325,11.030
877,8.327,11.035
878,8.303,11.010
879,8.326,11.037
880,8.351,11.049
881,8.341,11.044
882,8.316,11.043
883,8.270,10.970
884,8.231,10.942
885,8.220,10.961
886,8.160,10.907
887,8.152,10.884
888,8.161,10.948
889,8.112,10.901
890,8.084,10.846
891,8.086,10.853
892,8.040,10.802
893,8.045,10.794
894,8.044,10.808
895,8.015,10.753
896,8.013,10.753
897,8.014,10.750
898,7.985,10.727
899,7.955,10.649
900,7.941,10.640
901,7.951,10.678
902,7.911,10.613
903,7.779,10.497
904,7.724,10.417
905,7.748,10.476
906,7.688,10.382
907,7.679,10.377
908,7.671,10.379
909,7.642,10.349
910,7.635,10.337
911,7.614,10.322
912,7.589,10.292
913,7.589,10.323
914,7.591,10.328
915,7.572,10.274
916,7.643,10.359
917,7.687,10.393
918,7.644,10.348
919,7.623,10.351
920,7.608,10.319
921,7.571,10.281
922,7.581,10.296
923,7.566,10.296
924,7.544,10.239
925,7.530,10.227
926,7.515,10.200
927,7.510,10.211
928,7.509,10.201
929,7.501,10.192
930,7.494,10.186
931,7.502,10.215
932,7.467,10.173
933,7.468,10.180
934,7.433,10.134
935,7.443,10.146
936,7.418,10.126
937,7.384,10.083
938,7.381,10.080
939,7.368,10.071
940,7.345,10.038
941,7.337,10.038
942,7.354,10.057
943,7.375,10.078
944,7.338,10.029
945,7.512,10.226
946,7.552,10.250
947,7.555,10.259
948,7.660,10.367
949,7.676,10.387
950,7.723,10.452
951,7.652,10.375
952,7.625,10.337
953,7.609,10.317
954,7.623,10.368
955,7.597,10.326
956,7.586,10.324
957,7.714,10.442
958,7.745,10.485
959,7.776,10.517
960,7.733,10.469
961,7.702,10.434
962,7.694,10.424
963,7.662,10.377
964,7.627,10.352
965,7.611,10.346
966,7.607,10.336
967,7.598,10.308
968,7.618,10.371
969,7.587,10.334
970,7.606,10.344
971,7.878,10.625
972,7.880,10.607
973,7.884,10.605
974,7.907,10.625
975,7.969,10.695
976,7.995,10.707
977,8.023,10.742
978,8.045,10.754
979,8.101,10.806
980,8.130,10.838
981,8.212,10.918
982,8.298,10.977
983,8.340,11.019
984,8.142,10.817
985,8.159,10.863
986,8.089,10.767
987,8.056,10.699
988,8.126,10.804
989,8.192,10.860
990,8.276,10.933
991,8.307,10.978
992,8.318,10.994
993,8.221,10.917
994,8.237,10.975
995,8.246,10.959
996,8.212,10.912
997,8.204,10.899
998,8.179,10.885
999,8.199,10.906
1000,8.159,10.858
1001,8.172,10.889
1002,8.157,10.840
1003,8.142,10.824
1004,8.156,10.840
1005,8.151,10.809
1006,8.150,10.809
1007,8.125,10.778
1008,8.122,10.768
1009,8.140,10.797
1010,8.233,10.884
1011,8.306,10.943
1012,8.344,10.979
1013,8.329,10.963
1014,8.342,11.002
1015,8.314,10.962
1016,8.295,10.946
1017,8.310,10.963
1018,8.272,10.909
1019,8.295,10.970
1020,8.274,10.943
1021,8.252,10.913
1022,8.227,10.899
1023,8.178,10.828
1024,8.200,10.838
1025,8.153,10.784
1026,8.161,10.804
1027,8.163,10.799
1028,8.133,10.775
1029,8.141,10.823
1030,8.098,10.741
1031,8.089,10.765
1032,8.104,10.763
1033,8.077,10.716
1034,8.100,10.768
1035,8.069,10.722
1036,8.060,10.714
1037,8.066,10.728
1038,8.082,10.743
1039,8.083,10.747
1040,8.129,10.805
1041,8.103,10.776
1042,8.122,10.805
1043,8.121,10.792
1044,8.120,10.798
1045,8.099,10.800
1046,8.117,10.808
1047,8.099,10.807
1048,8.096,10.782
1049,8.073,10.759
1050,8.108,10.825
1051,8.129,10.855
1052,8.121,10.826
1053,8.138,10.827
1054,8.123,10.801
1055,8.160,10.855
1056,8.130,10.819
1057,8.111,10.805
1058,8.104,10.808
1059,8.072,10.753
1060,8.014,10.684
1061,7.993,10.680
1062,7.981,10.669
1063,7.961,10.652
1064,7.914,10.595
1065,7.880,10.578
1066,7.859,10.554
1067,7.825,10.506
1068,7.835,10.521
1069,7.815,10.489
1070,7.807,10.498
1071,7.767,10.458
1072,7.763,10.454
1073,7.749,10.451
1074,7.726,10.410
1075,7.714,10.409
1076,7.708,10.401
1077,7.685,10.403
1078,7.661,10.373
1079,7.646,10.383
1080,7.616,10.339
1081,7.600,10.362
1082,7.593,10.390
1083,7.572,10.391
1084,7.560,10.411
1085,7.510,10.354
1086,7.624,10.461
1087,7.662,10.496
1088,7.641,10.465
1089,7.714,10.517
1090,7.745,10.560
1091,7.823,10.669
1092,7.818,10.631
1093,7.830,10.631
1094,7.821,10.634
1095,7.797,10.580
1096,7.788,10.578
1097,7.805,10.596
1098,7.819,10.644
1099,7.755,10.531
1100,7.771,10.545
1101,7.750,10.534
1102,7.737,10.526
1103,7.722,10.477
1104,7.746,10.541
1105,7.769,10.568
1106,7.778,10.566
1107,7.756,10.543
1108,7.748,10.539
1109,7.707,10.475
1110,7.692,10.457
1111,7.678,10.436
1112,7.689,10.462
1113,7.680,10.446
1114,7.673,10.433
1115,7.642,10.384
1116,7.645,10.394
1117,7.617,10.341
1118,7.606,10.349
1119,7.604,10.341
1120,7.621,10.364
1121,7.659,10.393
1122,7.703,10.449
1123,7.702,10.434
1124,7.762,10.493
1125,7.769,10.502
1126,7.779,10.490
1127,7.816,10.546
1128,7.955,10.628
1129,7.947,10.629
1130,7.965,10.630
1131,7.944,10.599
1132,7.940,10.575
1133,7.955,10.599
1134,7.978,10.617
1135,7.979,10.607
1136,8.008,10.639
1137,8.001,10.638
1138,7.986,10.611
1139,7.989,10.617
1140,8.001,10.639
1141,8.015,10.644
1142,8.010,10.639
1143,8.034,10.654
1144,8.021,10.647
1145,8.004,10.608
1146,7.905,10.538
1147,7.877,10.514
1148,7.847,10.466
1149,7.920,10.542
1150,7.933,10.545
1151,7.941,10.554
1152,7.946,10.572
1153,7.945,10.560
1154,7.937,10.553
1155,7.815,10.473
1156,7.777,10.418
1157,7.759,10.412
1158,7.808,10.444
1159,7.814,10.476
1160,7.830,10.478
1161,7.784,10.406
1162,7.804,10.432
1163,7.817,10.460
1164,7.794,10.432
1165,7.819,10.470
1166,7.833,10.479
1167,7.855,10.517
1168,7.870,10.520
1169,7.896,10.571
1170,7.888,10.550
1171,7.906,10.574
1172,7.918,10.604
1173,7.940,10.612
1174,7.943,10.615
1175,7.981,10.657
1176,8.002,10.696
1177,8.002,10.689
1178,8.018,10.722
1179,8.008,10.704
1180,8.046,10.748
1181,8.063,10.787
1182,8.061,10.785
1183,8.039,10.773
1184,8.087,10.842
1185,8.083,10.832
1186,8.101,10.856
1187,8.069,10.802
1188,8.100,10.845
1189,8.115,10.868
1190,8.128,10.866
1191,8.103,10.808
1192,8.117,10.812
1193,8.103,10.759
1194,8.133,10.790
1195,8.094,10.726
1196,8.099,10.749
1197,8.091,10.762
1198,8.084,10.755
1199,8.076,10.742
1200,8.087,10.767
1201,8.069,10.740
1202,8.090,10.776
1203,8.050,10.727
1204,8.014,10.676
1205,8.012,10.686
1206,7.996,10.664
1207,7.955,10.610
1208,7.941,10.595
1209,7.913,10.572
1210,7.843,10.461
1211,7.856,10.492
1212,7.844,10.499
1213,7.856,10.508
1214,7.852,10.512
1215,7.842,10.514
1216,7.809,10.468
1217,7.792,10.432
1218,7.762,10.399
1219,7.745,10.377
1220,7.721,10.344
1221,7.692,10.319
1222,7.696,10.321
1223,7.637,10.261
1224,7.619,10.224
1225,7.599,10.218
1226,7.573,10.175
1227,7.555,10.171
1228,7.546,10.157
1229,7.502,10.105
1230,7.449,10.066
1231,7.438,10.071
1232,7.390,9.999
1233,7.409,10.031
1234,7.399,10.014
1235,7.401,10.010
1236,7.366,9.968
1237,7.349,9.966
1238,7.360,9.968
1239,7.376,10.002
1240,7.363,9.998
1241,7.368,9.994
1242,7.369,10.000
1243,7.342,9.966
1244,7.344,9.957
1245,7.334,9.944
1246,7.366,9.989
1247,7.330,9.952
1248,7.357,9.978
1249,7.337,9.951
1250,7.336,9.930
1251,7.349,9.953
1252,7.321,9.918
1253,7.340,9.944
1254,7.316,9.909
1255,7.300,9.890
1256,7.276,9.849
1257,7.287,9.871
1258,7.261,9.871
1259,7.239,9.819
1260,7.251,9.843
1261,7.213,9.787
1262,7.205,9.782
1263,7.171,9.746
1264,7.135,9.705
1265,7.126,9.699
1266,7.112,9.697
1267,7.081,9.670
1268,7.076,9.654
1269,7.091,9.682
1270,7.072,9.655
1271,7.041,9.623
1272,7.009,9.601
1273,7.012,9.617
1274,7.000,9.585
1275,7.002,9.610
1276,6.972,9.561
1277,6.962,9.551
1278,6.968,9.558
1279,6.969,9.566
1280,6.946,9.532
1281,7.096,9.681
1282,7.116,9.709
1283,7.138,9.729
1284,7.036,9.605
1285,7.021,9.615
1286,6.989,9.576
1287,6.968,9.549
1288,6.920,9.481
1289,6.953,9.543
1290,6.924,9.518
1291,6.911,9.496
1292,6.916,9.515
1293,7.081,9.670
1294,7.153,9.740
1295,7.184,9.794
1296,7.078,9.683
1297,7.089,9.713
1298,7.105,9.717
1299,7.107,9.724
1300,7.112,9.736
1301,7.067,9.679
1302,7.042,9.663
1303,7.009,9.636
1304,6.997,9.608
1305,6.973,9.585
1306,6.997,9.622
1307,6.982,9.603
1308,6.982,9.624
1309,6.995,9.652
1310,6.974,9.624
1311,6.975,9.621
1312,6.994,9.663
1313,6.978,9.597
1314,7.048,9.698
1315,7.040,9.674
1316,7.107,9.751
1317,7.120,9.727
1318,7.197,9.813
1319,7.274,9.872
1320,7.365,9.971
1321,7.400,9.982
1322,7.467,10.042
1323,7.526,10.104
1324,7.606,10.180
1325,7.668,10.223
1326,7.665,10.225
1327,7.685,10.250
1328,7.682,10.238
1329,7.598,10.153
1330,7.607,10.169
1331,7.599,10.154
1332,7.638,10.218
1333,7.658,10.244
1334,7.659,10.225
1335,7.684,10.266
1336,7.715,10.293
1337,7.738,10.325
1338,7.781,10.368
1339,7.779,10.369
1340,7.821,10.434
1341,7.840,10.443
1342,7.869,10.454
1343,7.934,10.527
1344,7.948,10.509
1345,8.018,10.599
1346,8.031,10.595
1347,8.055,10.624
1348,8.075,10.643
1349,8.067,10.634
1350,8.086,10.657
1351,8.063,10.631
1352,8.052,10.606
1353,8.040,10.606
1354,8.050,10.612
1355,8.051,10.625
1356,8.051,10.610
1357,8.024,10.573
1358,8.034,10.586
1359,8.067,10.638
1360,8.032,10.577
1361,8.061,10.631
1362,8.042,10.590
1363,8.038,10.605
1364,8.011,10.561
1365,8.017,10.573
1366,8.023,10.588
1367,8.005,10.573
1368,7.995,10.562
1369,7.999,10.561
1370,8.009,10.575
1371,7.985,10.553
1372,7.962,10.520
1373,7.906,10.457
1374,7.867,10.422
1375,7.846,10.399
1376,7.813,10.375
1377,7.780,10.341
1378,7.789,10.343
1379,7.736,10.261
1380,7.754,10.294
1381,7.723,10.276
1382,7.708,10.266
1383,7.647,10.200
1384,7.609,10.174
1385,7.552,10.115
1386,7.544,10.112
1387,7.520,10.098
1388,7.465,10.046
1389,7.409,9.979
1390,7.408,9.966
1391,7.469,10.010
1392,7.474,9.987
1393,7.488,10.010
1394,7.473,9.984
1395,7.483,10.008
1396,7.464,9.965
1397,7.496,10.034
1398,7.465,9.967
1399,7.431,9.937
1400,7.406,9.914
1401,7.384,9.886
1402,7.362,9.860
1403,7.368,9.875
1404,7.394,9.936
1405,7.345,9.848
1406,7.330,9.843
1407,7.313,9.817
1408,7.311,9.818
1409,7.307,9.806
1410,7.270,9.771
1411,7.243,9.757
1412,7.248,9.761
1413,7.222,9.737
1414,7.223,9.735
1415,7.207,9.733
1416,7.193,9.718
1417,7.133,9.645
1418,7.103,9.618
1419,7.093,9.609
1420,7.056,9.577
1421,7.034,9.573
1422,7.012,9.528
1423,7.016,9.542
1424,7.009,9.550
1425,6.994,9.532
1426,6.962,9.487
1427,6.953,9.470
1428,6.915,9.451
1429,6.918,9.470
1430,6.892,9.428
1431,6.870,9.393
1432,6.861,9.409
1433,6.836,9.381
1434,6.952,9.488
1435,6.982,9.516
1436,7.029,9.587
1437,6.954,9.508
1438,6.972,9.536
1439,6.945,9.523
1440,6.935,9.517
1441,6.949,9.564
1442,6.936,9.556
1443,6.941,9.568
1444,6.946,9.567
1445,6.953,9.554
1446,6.953,9.561
1447,6.974,9.552
1448,7.007,9.558
1449,7.031,9.586
1450,7.034,9.580
1451,7.028,9.572
1452,7.050,9.598
1453,7.048,9.597
1454,7.027,9.577
1455,7.044,9.641
1456,7.041,9.629
1457,7.073,9.686
1458,7.022,9.577
1459,7.016,9.573
1460,7.028,9.603
1461,7.014,9.585
1462,7.028,9.602
1463,7.038,9.619
1464,7.061,9.637
1465,7.091,9.679
1466,7.085,9.664
1467,7.096,9.663
1468,7.104,9.641
1469,7.129,9.675
1470,7.163,9.730
1471,7.138,9.700
1472,7.134,9.695
1473,7.296,9.868
1474,7.313,9.882
1475,7.323,9.924
1476,7.243,9.836
1477,7.178,9.776
1478,7.109,9.701
1479,7.261,9.847
1480,7.251,9.835
1481,7.301,9.892
1482,7.249,9.843
1483,7.224,9.818
1484,7.267,9.860
1485,7.363,9.955
1486,7.441,10.036
1487,7.392,9.973
1488,7.378,9.974
1489,7.331,9.925
1490,7.325,9.914
1491,7.308,9.888
1492,7.317,9.901
1493,7.381,9.976
1494,7.420,9.994
1495,7.502,10.104
1496,7.550,10.149
1497,7.609,10.204
1498,7.733,10.345
1499,7.792,10.380
1500,7.845,10.462
1501,8.006,10.644
1502,8.019,10.633
1503,8.021,10.665
1504,8.002,10.621
1505,7.979,10.612
1506,7.862,10.488
1507,7.946,10.570
1508,7.907,10.527
1509,7.992,10.606
1510,8.007,10.650
1511,7.963,10.580
1512,7.951,10.580
1513,7.912,10.523
1514,7.930,10.563
1515,7.894,10.529
1516,7.944,10.625
1517,7.886,10.514
1518,7.914,10.554
1519,7.914,10.550
1520,7.839,10.478
1521,7.851,10.510
1522,7.851,10.526
1523,7.839,10.509
1524,7.816,10.479
1525,7.838,10.497
1526,7.854,10.514
1527,7.863,10.516
1528,7.889,10.542
1529,7.900,10.543
1530,7.739,10.372
1531,7.715,10.347
1532,7.714,10.353
1533,7.768,10.391
1534,7.811,10.460
1535,7.813,10.431
1536,7.781,10.405
1537,7.808,10.445
1538,7.825,10.466
1539,7.811,10.438
1540,7.821,10.453
1541,7.826,10.443
1542,7.866,10.494
1543,7.894,10.510
1544,7.894,10.493
1545,7.912,10.539
1546,7.876,10.487
1547,7.904,10.527
1548,7.871,10.477
1549,7.861,10.467
1550,7.853,10.465
1551,7.886,10.520
1552,7.873,10.501
1553,7.864,10.491
1554,7.812,10.433
1555,7.798,10.424
1556,7.784,10.423
1557,7.798,10.473
1558,7.757,10.398
1559,7.745,10.392
1560,7.757,10.392
1561,7.776,10.419
1562,7.779,10.417
1563,7.833,10.496
1564,7.797,10.424
1565,7.795,10.456
1566,7.776,10.419
1567,7.758,10.404
1568,7.718,10.350
1569,7.672,10.301
1570,7.632,10.250
1571,7.629,10.254
1572,7.603,10.222
1573,7.571,10.185
1574,7.552,10.171
1575,7.538,10.162
1576,7.504,10.118
1577,7.474,10.095
1578,7.475,10.096
1579,7.442,10.053
1580,7.442,10.060
1581,7.451,10.087
1582,7.415,10.036
1583,7.416,10.054
1584,7.430,10.083
1585,7.389,10.048
1586,7.379,10.054
1587,7.379,10.042
1588,7.378,10.037
1589,7.383,10.042
1590,7.372,10.044
1591,7.336,9.999
1592,7.277,9.922
1593,7.235,9.885
1594,7.226,9.894
1595,7.196,9.839
1596,7.248,9.900
1597,7.285,9.932
1598,7.323,9.969
1599,7.312,9.963
1600,7.320,9.978
1601,7.308,9.946
1602,7.345,9.996
1603,7.332,9.979
1604,7.336,10.004
1605,7.307,9.961
1606,7.306,9.970
1607,7.292,9.950
1608,7.314,9.972
1609,7.317,9.992
1610,7.331,10.000
1611,7.301,9.977
1612,7.280,9.940
1613,7.259,9.913
1614,7.257,9.910
1615,7.260,9.911
1616,7.247,9.904
1617,7.263,9.920
1618,7.256,9.912
1619,7.267,9.914
1620,7.228,9.856
1621,7.250,9.894
1622,7.230,9.868
1623,7.327,9.925
1624,7.357,9.960
1625,7.349,9.956
1626,7.261,9.873
1627,7.186,9.798
1628,7.175,9.772
1629,7.375,9.998
1630,7.362,9.961
1631,7.410,10.007
1632,7.351,9.961
1633,7.367,9.970
1634,7.406,10.033
1635,7.413,10.021
1636,7.445,10.057
1637,7.498,10.135
1638,7.487,10.101
1639,7.517,10.132
1640,7.539,10.171
1641,7.546,10.183
1642,7.560,10.187
1643,7.567,10.211
1644,7.548,10.179
1645,7.580,10.227
1646,7.601,10.283
1647,7.594,10.228
1648,7.612,10.257
1649,7.621,10.258
1650,7.643,10.277
1651,7.681,10.330
1652,7.710,10.366
1653,7.699,10.342
1654,7.724,10.370
1655,7.779,10.424
1656,7.789,10.431
1657,7.878,10.536
1658,7.900,10.547
1659,7.939,10.579
1660,8.108,10.735
1661,8.111,10.716
1662,8.143,10.775
1663,8.166,10.789
1664,8.161,10.751
1665,8.081,10.688
1666,8.042,10.635
1667,8.052,10.633
1668,7.969,10.545
1669,7.974,10.553
1670,7.974,10.553
1671,8.058,10.620
1672,8.101,10.657
1673,8.103,10.650
1674,8.083,10.629
1675,8.103,10.653
1676,8.129,10.677
1677,8.150,10.696
1678,8.170,10.725
1679,8.180,10.730
1680,8.211,10.778
1681,8.223,10.791
1682,8.248,10.804
1683,8.313,10.874
1684,8.310,10.856
1685,8.324,10.851
1686,8.390,10.946
1687,8.400,10.957
1688,8.378,10.910
1689,8.426,10.993
1690,8.442,10.993
1691,8.488,11.048
1692,8.457,11.009
1693,8.465,10.998
1694,8.483,11.025
1695,8.498,11.074
1696,8.499,11.077
1697,8.451,11.010
1698,8.504,11.099
1699,8.474,11.054
1700,8.477,11.041
1701,8.510,11.079
1702,8.551,11.148
1703,8.516,11.088
1704,8.537,11.120
1705,8.532,11.105
1706,8.514,11.072
1707,8.499,11.076
1708,8.515,11.111
1709,8.496,11.099
1710,8.445,11.068
1711,8.380,10.959
1712,8.347,10.910
1713,8.364,10.933
1714,8.318,10.869
1715,8.316,10.883
1716,8.255,10.826
1717,8.251,10.805
1718,8.179,10.719
1719,8.189,10.731
1720,8.145,10.677
1721,8.115,10.664
1722,8.077,10.620
1723,8.052,10.605
1724,8.012,10.578
1725,7.950,10.505
1726,7.899,10.470
1727,7.853,10.418
1728,7.827,10.427
1729,7.831,10.422
1730,7.889,10.480
1731,7.938,10.523
1732,7.938,10.516
1733,7.911,10.482
1734,7.900,10.475
1735,7.904,10.481
1736,7.880,10.445
1737,7.878,10.447
1738,7.861,10.430
1739,7.850,10.415
1740,7.846,10.427
1741,7.829,10.402
1742,7.844,10.427
1743,7.821,10.399
1744,7.795,10.362
1745,7.791,10.372
1746,7.769,10.349
1747,7.741,10.304
1748,7.735,10.304
1749,7.750,10.333
1750,7.751,10.335
1751,7.731,10.314
1752,7.723,10.299
1753,7.712,10.294
1754,7.694,10.269
1755,7.667,10.236
1756,7.645,10.234
1757,7.621,10.197
1758,7.581,10.157
1759,7.556,10.136
1760,7.510,10.091
1761,7.492,10.084
1762,7.463,10.054
1763,7.415,10.010
1764,7.368,9.952
1765,7.295,9.863
1766,7.281,9.870
1767,7.218,9.787
1768,7.191,9.755
1769,7.154,9.713
1770,7.126,9.701
1771,7.069,9.624
1772,7.052,9.609
1773,7.003,9.560
1774,6.960,9.496
1775,6.954,9.503
1776,7.086,9.623
1777,7.127,9.667
1778,7.122,9.645
1779,7.079,9.607
1780,7.059,9.596
1781,7.032,9.560
1782,7.144,9.678
1783,7.155,9.679
1784,7.144,9.666
1785,7.215,9.734
1786,7.228,9.752
1787,7.227,9.767
1788,7.136,9.678
1789,7.126,9.683
1790,7.129,9.692
1791,7.111,9.673
1792,7.101,9.664
1793,7.083,9.636
1794,7.064,9.617
1795,7.059,9.627
1796,7.034,9.584
1797,7.046,9.600
1798,7.095,9.667
1799,7.099,9.652
1800,7.129,9.684
1801,7.205,9.745
1802,7.260,9.795
1803,7.364,9.895
1804,7.640,10.153
1805,7.724,10.199
1806,7.825,10.293
1807,7.933,10.397
1808,8.012,10.478
1809,7.782,10.258
1810,7.782,10.263
1811,7.784,10.275
1812,7.690,10.176
1813,7.767,10.253
1814,7.817,10.308
1815,7.849,10.324
1816,7.900,10.396
1817,7.891,10.363
1818,7.894,10.366
1819,7.909,10.373
1820,7.918,10.387
1821,7.911,10.362
1822,7.960,10.415
1823,7.979,10.427
1824,8.013,10.469
1825,8.041,10.513
1826,8.048,10.521
1827,8.076,10.557
1828,8.100,10.576
1829,8.128,10.601
1830,8.129,10.593
1831,8.161,10.648
1832,8.180,10.654
1833,8.175,10.662
1834,8.216,10.723
1835,8.217,10.715
1836,8.237,10.727
1837,8.238,10.731
1838,8.223,10.705
1839,8.262,10.760
1840,8.243,10.728
1841,8.266,10.751
