0,9.571,13.589
1,9.589,13.654
2,9.598,13.646
3,9.574,13.579
4,9.597,13.647
5,9.589,13.631
6,9.595,13.626
7,9.590,13.620
8,9.587,13.642
9,9.585,13.633
10,9.599,13.639
11,9.582,13.603
12,9.578,13.607
13,9.574,13.593
14,9.596,13.629
15,9.586,13.609
16,9.596,13.614
17,9.582,13.593
18,9.574,13.602
19,9.585,13.620
20,9.575,13.595
21,9.575,13.585
22,9.587,13.614
23,9.552,13.539
24,9.584,13.596
25,9.593,13.627
26,9.565,13.568
27,9.570,13.571
28,9.582,13.605
29,9.569,13.580
30,9.576,13.584
31,9.565,13.561
32,9.561,13.585
33,9.571,13.574
34,9.583,13.609
35,9.578,13.612
36,9.560,13.569
37,9.559,13.560
38,9.565,13.558
39,9.573,13.594
40,9.562,13.563
41,9.554,13.540
42,9.568,13.600
43,9.563,13.574
44,9.572,13.586
45,9.575,13.585
46,9.571,13.602
47,9.579,13.601
48,9.595,13.651
49,9.569,13.583
50,9.591,13.614
51,9.547,13.566
52,9.577,13.610
53,9.589,13.635
54,9.581,13.624
55,9.583,13.617
56,9.581,13.587
57,9.576,13.592
58,9.578,13.632
59,9.569,13.595
60,9.540,13.566
61,9.548,13.606
62,9.521,13.561
63,9.513,13.567
64,9.501,13.566
65,9.482,13.549
66,9.473,13.527
67,9.442,13.492
68,9.432,13.494
69,9.419,13.508
70,9.389,13.442
71,9.388,13.469
72,9.365,13.427
73,9.343,13.379
74,9.355,13.444
75,9.329,13.391
76,9.332,13.421
77,9.316,13.411
78,9.315,13.410
79,9.299,13.395
80,9.299,13.369
81,9.309,13.412
82,9.272,13.348
83,9.299,13.409
84,9.269,13.346
85,9.252,13.330
86,9.252,13.342
87,9.252,13.375
88,9.252,13.383
89,9.221,13.318
90,9.225,13.317
91,9.233,13.332
92,9.244,13.367
93,9.264,13.406
94,9.241,13.341
95,9.216,13.292
96,9.231,13.330
97,9.222,13.299
98,9.205,13.288
99,9.233,13.334
100,9.224,13.308
101,9.235,13.357
102,9.236,13.350
103,9.215,13.315
104,9.224,13.317
105,9.251,13.365
106,9.210,13.300
107,9.248,13.366
108,9.225,13.333
109,9.221,13.308
110,9.227,13.326
111,9.241,13.344
112,9.228,13.320
113,9.209,13.268
114,9.231,13.318
115,9.230,13.292
116,9.252,13.356
117,9.281,13.372
118,9.275,13.386
119,9.296,13.418
120,9.274,13.351
121,9.290,13.391
122,9.285,13.364
123,9.304,13.403
124,9.309,13.416
125,9.313,13.365
126,9.311,13.414
127,9.301,13.377
128,9.335,13.418
129,9.325,13.413
130,9.322,13.394
131,9.312,13.391
132,9.320,13.389
133,9.325,13.380
134,9.329,13.395
135,9.336,13.418
136,9.366,13.450
137,9.339,13.406
138,9.338,13.400
139,9.324,13.368
140,9.320,13.377
141,9.348,13.413
142,9.344,13.406
143,9.335,13.402
144,9.354,13.420
145,9.366,13.463
146,9.356,13.431
147,9.346,13.406
148,9.368,13.457
149,9.348,13.416
150,9.343,13.391
151,9.325,13.388
152,9.332,13.397
153,9.375,13.468
154,9.374,13.442
155,9.341,13.388
156,9.376,13.448
157,9.371,13.418
158,9.390,13.463
159,9.360,13.412
160,9.399,13.476
161,9.378,13.428
162,9.387,13.443
163,9.395,13.440
164,9.400,13.473
165,9.385,13.439
166,9.384,13.451
167,9.364,13.391
168,9.385,13.439
169,9.417,13.500
170,9.402,13.478
171,9.418,13.496
172,9.399,13.463
173,9.402,13.452
174,9.402,13.465
175,9.397,13.454
176,9.398,13.449
177,9.404,13.447
178,9.391,13.454
179,9.398,13.452
180,9.384,13.433
181,9.380,13.454
182,9.385,13.449
183,9.360,13.411
184,9.364,13.405
185,9.360,13.431
186,9.364,13.439
187,9.360,13.400
188,9.375,13.442
189,9.393,13.474
190,9.360,13.416
191,9.344,13.371
192,9.377,13.445
193,9.349,13.383
194,9.389,13.465
195,9.370,13.429
196,9.342,13.367
197,9.351,13.412
198,9.335,13.379
199,9.382,13.454
200,9.373,13.469
201,9.357,13.434
202,9.376,13.451
203,9.357,13.398
204,9.343,13.385
205,9.354,13.410
206,9.345,13.410
207,9.349,13.420
208,9.357,13.441
209,9.379,13.466
210,9.356,13.444
211,9.364,13.441
212,9.369,13.459
213,9.371,13.439
214,9.353,13.393
215,9.346,13.393
216,9.364,13.432
217,9.354,13.416
218,9.351,13.409
219,9.329,13.389
220,9.355,13.416
221,9.337,13.422
222,9.350,13.394
223,9.364,13.395
224,9.361,13.411
225,9.363,13.455
226,9.347,13.387
227,9.336,13.409
228,9.350,13.410
229,9.347,13.438
230,9.341,13.428
231,9.353,13.435
232,9.330,13.392
233,9.335,13.386
234,9.312,13.406
235,9.305,13.366
236,9.302,13.399
237,9.311,13.409
238,9.313,13.430
239,9.289,13.357
240,9.314,13.405
241,9.277,13.341
242,9.281,13.325
243,9.291,13.378
244,9.296,13.375
245,9.297,13.388
246,9.311,13.394
247,9.294,13.374
248,9.318,13.427
249,9.319,13.431
250,9.286,13.371
251,9.289,13.363
252,9.295,13.396
253,9.304,13.398
254,9.296,13.388
255,9.305,13.421
256,9.295,13.384
257,9.290,13.383
258,9.297,13.386
259,9.298,13.395
260,9.286,13.375
261,9.280,13.357
262,9.285,13.395
263,9.292,13.394
264,9.270,13.361
265,9.255,13.342
266,9.269,13.362
267,9.281,13.408
268,9.255,13.328
269,9.313,13.406
270,9.265,13.362
271,9.275,13.355
272,9.286,13.372
273,9.276,13.397
274,9.243,13.324
275,9.252,13.354
276,9.245,13.331
277,9.246,13.342
278,9.245,13.365
279,9.265,13.372
280,9.238,13.315
281,9.250,13.337
282,9.251,13.354
283,9.251,13.349
284,9.233,13.313
285,9.207,13.308
286,9.199,13.266
287,9.195,13.272
288,9.199,13.256
289,9.200,13.251
290,9.194,13.251
291,9.194,13.259
292,9.187,13.269
293,9.218,13.299
294,9.198,13.270
295,9.259,13.385
296,9.244,13.342
297,9.259,13.383
298,9.267,13.367
299,9.268,13.407
300,9.260,13.368
301,9.274,13.419
302,9.253,13.358
303,9.264,13.372
304,9.234,13.293
305,9.266,13.353
306,9.297,13.401
307,9.293,13.401
308,9.289,13.405
309,9.268,13.335
310,9.293,13.404
311,9.275,13.382
312,9.294,13.407
313,9.295,13.403
314,9.305,13.444
315,9.334,13.469
316,9.349,13.490
317,9.313,13.430
318,9.331,13.468
319,9.308,13.428
320,9.308,13.416
321,9.304,13.417
322,9.301,13.416
323,9.330,13.471
324,9.310,13.414
325,9.319,13.426
326,9.346,13.472
327,9.351,13.459
328,9.354,13.514
329,9.349,13.472
330,9.364,13.521
331,9.324,13.400
332,9.346,13.473
333,9.341,13.442
334,9.324,13.423
335,9.317,13.420
336,9.313,13.456
337,9.298,13.420
338,9.292,13.420
339,9.313,13.458
340,9.289,13.356
341,9.288,13.393
342,9.276,13.385
343,9.275,13.407
344,9.271,13.387
345,9.241,13.353
346,9.247,13.359
347,9.264,13.377
348,9.273,13.409
349,9.281,13.388
350,9.268,13.375
351,9.274,13.367
352,9.263,13.357
353,9.261,13.369
354,9.255,13.331
355,9.275,13.386
356,9.250,13.345
357,9.252,13.331
358,9.267,13.374
359,9.250,13.343
360,9.281,13.396
361,9.274,13.361
362,9.274,13.373
363,9.284,13.392
364,9.226,13.307
365,9.197,13.279
366,9.155,13.219
367,9.149,13.211
368,9.104,13.135
369,9.128,13.217
370,9.101,13.156
371,9.089,13.142
372,9.084,13.156
373,9.070,13.147
374,9.053,13.089
375,9.058,13.080
376,9.059,13.110
377,9.054,13.092
378,9.041,13.088
379,9.057,13.108
380,9.033,13.062
381,8.999,13.010
382,9.008,13.062
383,8.999,13.052
384,8.976,13.018
385,8.955,12.973
386,8.957,12.995
387,8.942,12.990
388,8.920,12.985
389,8.909,12.943
390,8.917,13.003
391,8.919,13.017
392,8.899,12.978
393,8.877,12.954
394,8.880,12.936
395,8.882,12.952
396,8.870,12.938
397,8.854,12.943
398,8.878,12.978
399,8.869,12.948
400,8.861,12.938
401,8.886,12.966
402,8.884,12.974
403,8.880,12.960
404,8.895,12.990
405,8.897,13.005
406,8.902,13.002
407,8.912,13.016
408,8.919,13.047
409,8.916,13.055
410,8.892,13.005
411,8.906,13.047
412,8.886,13.041
413,8.893,13.054
414,8.872,13.021
415,8.849,12.993
416,8.816,12.976
417,8.810,12.965
418,8.778,12.934
419,8.736,12.899
420,8.723,12.883
421,8.712,12.871
422,8.726,12.892
423,8.815,12.958
424,8.876,13.046
425,8.917,13.065
426,8.937,13.052
427,8.954,13.092
428,8.953,13.067
429,8.948,13.048
430,8.928,12.991
431,8.949,13.048
432,8.926,13.010
433,8.922,13.018
434,8.922,13.017
435,8.951,13.094
436,8.946,13.082
437,8.971,13.089
438,8.993,13.132
439,8.984,13.084
440,9.028,13.186
441,9.053,13.166
442,9.060,13.160
443,9.057,13.167
444,9.028,13.120
445,9.034,13.141
446,8.994,13.079
447,8.976,13.064
448,8.991,13.094
449,9.001,13.088
450,9.011,13.068
451,9.040,13.068
452,9.095,13.119
453,9.155,13.182
454,9.181,13.196
455,9.243,13.276
456,9.291,13.325
457,9.307,13.311
458,9.324,13.336
459,9.341,13.335
460,9.338,13.324
461,9.391,13.404
462,9.411,13.397
463,9.432,13.410
464,9.478,13.443
465,9.423,13.431
466,9.413,13.409
467,9.458,13.486
468,9.455,13.447
469,9.492,13.465
470,9.496,13.467
471,9.442,13.449
472,9.459,13.480
473,9.453,13.468
474,9.465,13.460
475,9.484,13.477
476,9.495,13.467
477,9.527,13.534
478,9.539,13.520
479,9.551,13.547
480,9.567,13.568
481,9.591,13.598
482,9.608,13.597
483,9.621,13.616
484,9.648,13.654
485,9.657,13.645
486,9.671,13.657
487,9.688,13.666
488,9.704,13.702
489,9.704,13.684
490,9.741,13.746
491,9.732,13.720
492,9.754,13.730
493,9.772,13.752
494,9.787,13.766
495,9.813,13.802
496,9.820,13.828
497,9.842,13.822
498,9.876,13.869
499,9.857,13.845
500,9.875,13.861
501,9.883,13.845
502,9.883,13.832
503,9.911,13.876
504,9.926,13.905
505,9.956,13.947
506,9.961,13.935
507,9.961,13.919
508,9.951,13.933
509,9.930,13.920
510,9.924,13.912
511,9.905,13.871
512,9.909,13.905
513,9.915,13.915
514,9.864,13.881
515,9.872,13.886
516,9.861,13.872
517,9.865,13.886
518,9.880,13.903
519,9.882,13.900
520,9.884,13.910
521,9.895,13.931
522,9.889,13.900
523,9.889,13.934
524,9.909,13.968
525,9.933,14.014
526,9.911,14.003
527,9.906,13.945
528,9.897,13.961
529,9.892,13.959
530,9.888,13.951
531,9.931,14.045
532,9.926,14.026
533,9.920,14.023
534,9.934,14.033
535,9.915,14.023
536,9.928,14.038
537,9.932,14.058
538,9.957,14.062
539,9.933,14.031
540,9.969,14.093
541,9.972,14.072
542,9.952,14.073
543,9.961,14.096
544,9.961,14.088
545,9.972,14.102
546,9.977,14.124
547,9.956,14.117
548,9.974,14.108
549,9.975,14.123
550,9.994,14.178
551,10.000,14.165
552,10.017,14.211
553,10.014,14.188
554,10.008,14.156
555,10.062,14.291
556,10.066,14.298
557,10.043,14.243
558,10.071,14.323
559,10.066,14.309
560,10.071,14.306
561,10.089,14.297
562,10.096,14.355
563,10.083,14.331
564,10.091,14.333
565,10.076,14.323
566,10.117,14.397
567,10.107,14.372
568,10.111,14.365
569,10.083,14.338
570,10.111,14.403
571,10.117,14.396
572,10.084,14.376
573,10.086,14.358
574,10.103,14.387
575,10.067,14.338
576,10.069,14.328
577,10.064,14.335
578,10.068,14.342
579,10.065,14.344
580,10.066,14.348
581,10.084,14.374
582,10.082,14.374
583,10.082,14.349
584,10.093,14.387
585,10.091,14.404
586,10.096,14.386
587,10.117,14.408
588,10.126,14.423
589,10.082,14.318
590,10.079,14.356
591,10.065,14.350
592,10.016,14.284
593,9.963,14.201
594,9.964,14.216
595,9.932,14.157
596,9.921,14.167
597,9.902,14.159
598,9.881,14.115
599,9.875,14.137
600,9.831,14.036
601,9.828,14.052
602,9.796,13.996
603,9.786,14.014
604,9.771,13.967
605,9.742,13.924
606,9.731,13.932
607,9.732,13.934
608,9.747,13.932
609,9.781,13.966
610,9.797,13.983
611,9.841,14.034
612,9.814,13.996
613,9.830,14.017
614,9.827,13.988
615,9.846,14.031
616,9.808,13.992
617,9.785,13.904
618,9.816,13.951
619,9.838,13.986
620,9.852,14.005
621,9.844,13.952
622,9.886,14.042
623,9.871,14.010
624,9.845,13.957
625,9.841,13.935
626,9.841,13.937
627,9.823,13.901
628,9.859,13.946
629,9.833,13.918
630,9.835,13.933
631,9.830,13.909
632,9.819,13.875
633,9.835,13.885
634,9.827,13.878
635,9.826,13.882
636,9.814,13.847
637,9.819,13.858
638,9.820,13.839
639,9.831,13.834
640,9.816,13.828
641,9.854,13.908
642,9.848,13.867
643,9.795,13.785
644,9.798,13.777
645,9.785,13.788
646,9.758,13.769
647,9.760,13.774
648,9.727,13.719
649,9.731,13.729
650,9.722,13.700
651,9.735,13.710
652,9.731,13.690
653,9.742,13.704
654,9.712,13.672
655,9.721,13.693
656,9.716,13.647
657,9.709,13.684
658,9.705,13.693
659,9.675,13.637
660,9.683,13.666
661,9.686,13.657
662,9.637,13.577
663,9.644,13.586
664,9.637,13.594
665,9.626,13.572
666,9.611,13.562
667,9.588,13.545
668,9.566,13.522
669,9.542,13.500
670,9.527,13.475
671,9.546,13.532
672,9.551,13.496
673,9.541,13.461
674,9.535,13.458
675,9.498,13.422
676,9.472,13.392
677,9.474,13.380
678,9.483,13.385
679,9.472,13.381
680,9.509,13.431
681,9.474,13.383
682,9.511,13.401
683,9.484,13.365
684,9.501,13.413
685,9.489,13.384
686,9.478,13.378
687,9.468,13.372
688,9.486,13.412
689,9.514,13.443
690,9.529,13.446
691,9.549,13.455
692,9.538,13.460
693,9.546,13.461
694,9.529,13.438
695,9.547,13.481
696,9.558,13.483
697,9.549,13.490
698,9.541,13.479
699,9.503,13.424
700,9.513,13.451
701,9.472,13.394
702,9.474,13.375
703,9.473,13.404
704,9.466,13.416
705,9.468,13.417
706,9.445,13.384
707,9.415,13.319
708,9.407,13.337
709,9.386,13.314
710,9.387,13.330
711,9.365,13.273
712,9.384,13.335
713,9.425,13.366
714,9.415,13.357
715,9.424,13.359
716,9.433,13.358
717,9.456,13.401
718,9.434,13.362
719,9.430,13.344
720,9.424,13.342
721,9.429,13.373
722,9.433,13.371
723,9.442,13.377
724,9.455,13.384
725,9.458,13.377
726,9.485,13.419
727,9.482,13.393
728,9.515,13.447
729,9.503,13.414
730,9.552,13.482
731,9.558,13.502
732,9.539,13.472
733,9.565,13.516
734,9.560,13.487
735,9.568,13.484
736,9.571,13.490
737,9.579,13.496
738,9.574,13.497
739,9.588,13.513
740,9.596,13.511
741,9.625,13.610
742,9.612,13.551
743,9.619,13.553
744,9.604,13.535
745,9.614,13.506
746,9.626,13.548
747,9.621,13.541
748,9.621,13.534
749,9.663,13.638
750,9.636,13.581
751,9.648,13.601
752,9.676,13.656
753,9.637,13.570
754,9.617,13.552
755,9.628,13.575
756,9.619,13.545
757,9.596,13.548
758,9.571,13.484
759,9.565,13.453
760,9.543,13.491
761,9.520,13.428
762,9.530,13.456
763,9.496,13.422
764,9.520,13.470
765,9.509,13.436
766,9.542,13.526
767,9.521,13.455
768,9.515,13.484
769,9.515,13.462
770,9.536,13.509
771,9.525,13.456
772,9.566,13.533
773,9.544,13.484
774,9.561,13.503
775,9.540,13.465
776,9.569,13.522
777,9.584,13.554
778,9.585,13.533
779,9.580,13.533
780,9.569,13.495
781,9.574,13.512
782,9.574,13.535
783,9.558,13.524
784,9.529,13.466
785,9.535,13.508
786,9.532,13.479
787,9.522,13.478
788,9.498,13.417
789,9.485,13.426
790,9.489,13.411
791,9.483,13.418
792,9.490,13.401
793,9.509,13.443
794,9.498,13.414
795,9.502,13.418
796,9.512,13.425
797,9.511,13.435
798,9.502,13.417
799,9.515,13.432
800,9.508,13.410
801,9.515,13.419
802,9.505,13.435
803,9.514,13.419
804,9.506,13.409
805,9.527,13.429
806,9.537,13.456
807,9.521,13.411
808,9.545,13.483
809,9.540,13.433
810,9.523,13.394
811,9.528,13.412
812,9.535,13.436
813,9.550,13.453
814,9.518,13.394
815,9.535,13.434
816,9.510,13.373
817,9.541,13.451
818,9.512,13.360
819,9.523,13.391
820,9.509,13.378
821,9.497,13.341
822,9.521,13.385
823,9.516,13.388
824,9.527,13.438
825,9.529,13.406
826,9.545,13.439
827,9.545,13.419
828,9.541,13.415
829,9.536,13.412
830,9.516,13.374
831,9.528,13.385
832,9.539,13.431
833,9.548,13.443
834,9.562,13.451
835,9.569,13.460
836,9.578,13.480
837,9.582,13.483
838,9.574,13.459
839,9.579,13.468
840,9.600,13.512
841,9.617,13.533
842,9.616,13.532
843,9.598,13.512
844,9.605,13.517
845,9.601,13.508
846,9.583,13.479
847,9.584,13.477
848,9.589,13.506
849,9.605,13.516
850,9.684,13.555
851,9.626,13.573
852,9.607,13.517
853,9.607,13.504
854,9.621,13.544
855,9.644,13.562
856,9.639,13.577
857,9.659,13.597
858,9.671,13.616
859,9.632,13.560
860,9.653,13.604
861,9.652,13.591
862,9.644,13.572
863,9.687,13.671
864,9.685,13.649
865,9.686,13.640
866,9.673,13.600
867,9.667,13.614
868,9.666,13.612
869,9.654,13.592
870,9.687,13.599
871,9.699,13.635
872,9.694,13.614
873,9.650,13.549
874,9.659,13.588
875,9.607,13.491
876,9.610,13.525
877,9.597,13.516
878,9.568,13.461
879,9.587,13.488
880,9.573,13.457
881,9.576,13.450
882,9.521,13.424
883,9.512,13.411
884,9.500,13.400
885,9.467,13.377
886,9.420,13.334
887,9.394,13.309
888,9.409,13.329
889,9.380,13.276
890,9.366,13.255
891,9.301,13.187
892,9.261,13.158
893,9.235,13.132
894,9.268,13.183
895,9.244,13.135
896,9.258,13.154
897,9.293,13.150
898,9.286,13.130
899,9.274,13.128
900,9.222,13.072
901,9.227,13.067
902,9.206,13.062
903,9.184,13.018
904,9.159,12.986
905,9.170,13.029
906,9.162,13.009
907,9.100,12.923
908,9.129,12.987
909,9.257,13.163
910,9.240,13.071
911,9.287,13.174
912,9.422,13.364
913,9.427,13.371
914,9.485,13.476
915,9.588,13.609
916,9.603,13.635
917,9.668,13.722
918,9.813,13.903
919,9.885,14.046
920,9.947,14.144
921,10.075,14.290
922,10.165,14.392
923,10.306,14.554
924,10.356,14.611
925,10.476,14.720
926,10.656,14.918
927,10.640,14.873
928,10.711,14.922
929,10.798,14.994
930,10.764,14.935
931,10.838,15.029
932,10.895,15.068
933,10.848,14.993
934,10.900,15.028
935,10.986,15.128
936,10.992,15.143
937,11.042,15.241
938,11.022,15.215
939,10.982,15.234
940,10.951,15.247
941,10.920,15.255
942,10.849,15.232
943,10.779,15.206
944,10.687,15.135
945,10.574,15.050
946,10.535,15.057
947,10.488,15.022
948,10.528,15.067
949,10.512,15.067
950,10.426,14.996
951,10.345,14.957
952,10.246,14.868
953,10.139,14.766
954,10.078,14.746
955,10.014,14.674
956,9.975,14.662
957,10.085,14.716
958,10.116,14.785
959,10.149,14.772
960,10.043,14.665
961,10.021,14.640
962,9.981,14.610
963,9.923,14.547
964,9.892,14.509
965,9.859,14.471
966,9.836,14.457
967,9.875,14.472
968,9.933,14.507
969,10.092,14.691
970,10.208,14.759
971,10.325,14.816
972,10.439,14.911
973,10.535,14.992
974,10.628,15.089
975,10.388,14.826
976,10.425,14.896
977,10.488,14.937
978,10.603,15.057
979,10.748,15.153
980,10.935,15.310
981,11.146,15.525
982,11.285,15.620
983,11.474,15.798
984,11.620,15.957
985,11.767,16.079
986,11.860,16.184
987,11.947,16.239
988,12.006,16.294
989,12.064,16.371
990,12.046,16.298
991,12.031,16.259
992,12.060,16.317
993,12.038,16.259
994,12.011,16.183
995,11.976,16.129
996,11.978,16.126
997,11.889,15.989
998,11.788,15.896
999,11.705,15.754
1000,11.581,15.617
1001,11.411,15.367
1002,11.277,15.207
1003,11.139,15.081
1004,10.988,14.896
1005,10.869,14.789
1006,10.728,14.607
1007,10.596,14.472
1008,10.472,14.337
1009,10.377,14.221
1010,10.337,14.205
1011,10.246,14.056
1012,10.203,14.027
1013,10.189,14.030
1014,10.165,13.992
1015,10.155,14.016
1016,10.138,13.974
1017,10.113,13.894
1018,10.123,13.973
1019,10.119,13.995
1020,10.059,13.907
1021,10.017,13.865
1022,9.994,13.837
1023,9.947,13.752
1024,9.926,13.783
1025,9.866,13.730
1026,9.807,13.656
1027,9.736,13.562
1028,9.696,13.530
1029,9.659,13.500
1030,9.625,13.484
1031,9.622,13.501
1032,9.588,13.435
1033,9.595,13.445
1034,9.602,13.497
1035,9.594,13.456
1036,9.551,13.408
1037,9.532,13.400
1038,9.480,13.328
1039,9.451,13.324
1040,9.395,13.259
1041,9.357,13.208
1042,9.344,13.237
1043,9.303,13.161
1044,9.297,13.170
1045,9.286,13.122
1046,9.273,13.112
1047,9.273,13.129
1048,9.285,13.157
1049,9.249,13.107
1050,9.270,13.145
1051,9.278,13.141
1052,9.296,13.157
1053,9.312,13.204
1054,9.319,13.196
1055,9.335,13.211
1056,9.324,13.211
1057,9.313,13.213
1058,9.288,13.183
1059,9.282,13.157
1060,9.270,13.208
1061,9.194,13.041
1062,9.215,13.119
1063,9.204,13.100
1064,9.164,13.062
1065,9.133,13.018
1066,9.104,13.003
1067,9.097,12.990
1068,9.037,12.912
1069,9.027,12.911
1070,9.048,12.957
1071,8.993,12.900
1072,8.991,12.908
1073,8.994,12.915
1074,8.967,12.851
1075,8.981,12.882
1076,8.979,12.895
1077,8.948,12.833
1078,8.955,12.832
1079,8.989,12.901
1080,8.987,12.910
1081,8.995,12.903
1082,8.988,12.864
1083,8.966,12.827
1084,9.007,12.899
1085,9.009,12.922
1086,8.995,12.904
1087,8.987,12.886
1088,9.002,12.907
1089,9.005,12.935
1090,8.914,12.767
1091,8.903,12.774
1092,8.893,12.754
1093,8.911,12.803
1094,8.873,12.740
1095,8.952,12.810
1096,8.963,12.809
1097,8.992,12.836
1098,8.959,12.810
1099,8.968,12.840
1100,8.960,12.813
1101,8.933,12.795
1102,8.917,12.751
1103,8.922,12.771
1104,8.921,12.789
1105,8.911,12.801
1106,8.932,12.813
1107,9.007,12.884
1108,9.038,12.923
1109,9.063,12.945
1110,9.056,12.958
1111,9.051,12.925
1112,9.056,12.920
1113,9.102,12.972
1114,9.076,12.945
1115,9.107,12.978
1116,9.091,12.971
1117,9.098,12.958
1118,9.119,13.011
1119,9.099,12.977
1120,9.117,13.015
1121,9.137,13.015
1122,9.079,12.907
1123,9.097,12.981
1124,9.056,12.916
1125,9.056,12.933
1126,9.043,12.925
1127,9.025,12.893
1128,9.051,12.954
1129,9.057,12.931
1130,9.062,12.938
1131,9.069,12.968
1132,9.082,12.980
1133,9.074,12.960
1134,9.093,12.970
1135,9.071,12.946
1136,9.070,12.972
1137,9.030,12.895
1138,9.006,12.865
1139,9.008,12.907
1140,8.995,12.875
1141,9.009,12.927
1142,8.993,12.871
1143,8.986,12.856
1144,8.991,12.854
1145,9.033,12.924
1146,9.032,12.892
1147,9.064,12.927
1148,9.107,12.992
1149,9.122,13.004
1150,9.128,12.994
1151,9.130,12.992
1152,9.197,13.099
1153,9.171,13.044
1154,9.204,13.078
1155,9.208,13.070
1156,9.252,13.124
1157,9.286,13.150
1158,9.299,13.163
1159,9.308,13.155
1160,9.312,13.162
1161,9.323,13.180
1162,9.327,13.186
1163,9.376,13.239
1164,9.375,13.250
1165,9.375,13.238
1166,9.389,13.260
1167,9.304,13.143
1168,9.283,13.106
1169,9.304,13.170
1170,9.348,13.196
1171,9.334,13.154
1172,9.361,13.193
1173,9.370,13.195
1174,9.334,13.129
1175,9.302,13.076
1176,9.346,13.161
1177,9.313,13.080
1178,9.321,13.091
1179,9.380,13.233
1180,9.349,13.129
1181,9.371,13.198
1182,9.340,13.133
1183,9.345,13.139
1184,9.334,13.147
1185,9.302,13.083
1186,9.319,13.138
1187,9.294,13.100
1188,9.304,13.115
1189,9.269,13.067
1190,9.277,13.061
1191,9.254,13.020
1192,9.279,13.056
1193,9.257,13.031
1194,9.274,13.052
1195,9.246,13.006
1196,9.259,12.996
1197,9.250,13.012
1198,9.258,13.002
1199,9.300,13.092
1200,9.225,12.944
1201,9.230,12.986
1202,9.236,13.016
1203,9.232,13.033
1204,9.226,13.029
1205,9.215,13.020
1206,9.198,12.982
1207,9.230,13.041
1208,9.253,13.082
1209,9.278,13.148
1210,9.217,13.049
1211,9.194,13.037
1212,9.179,13.030
1213,9.167,13.019
1214,9.180,13.026
1215,9.247,13.193
1216,9.251,13.127
1217,9.284,13.175
1218,9.295,13.192
1219,9.315,13.258
1220,9.312,13.212
1221,9.285,13.218
1222,9.303,13.207
1223,9.319,13.232
1224,9.355,13.263
1225,9.367,13.287
1226,9.357,13.267
1227,9.360,13.268
1228,9.360,13.269
1229,9.374,13.271
1230,9.386,13.314
1231,9.384,13.314
1232,9.387,13.329
1233,9.381,13.311
1234,9.400,13.306
1235,9.396,13.306
1236,9.427,13.344
1237,9.436,13.364
1238,9.443,13.349
1239,9.462,13.402
1240,9.452,13.362
1241,9.473,13.402
1242,9.492,13.413
1243,9.518,13.469
1244,9.530,13.479
1245,9.533,13.456
1246,9.560,13.478
1247,9.574,13.516
1248,9.514,13.459
1249,9.519,13.511
1250,9.517,13.491
1251,9.572,13.544
1252,9.584,13.540
1253,9.615,13.564
1254,9.660,13.656
1255,9.708,13.709
1256,9.741,13.749
1257,9.718,13.725
1258,9.740,13.748
1259,9.795,13.796
1260,9.852,13.881
1261,9.876,13.872
1262,9.929,13.942
1263,9.996,14.017
1264,10.047,14.068
1265,10.065,14.067
1266,10.083,14.104
1267,10.122,14.139
1268,10.068,14.045
1269,10.086,14.077
1270,10.107,14.157
1271,10.110,14.161
1272,10.129,14.160
1273,10.149,14.211
1274,10.137,14.208
1275,10.096,14.087
1276,10.086,14.114
1277,10.062,14.078
1278,10.082,14.079
1279,10.083,14.105
1280,10.121,14.164
1281,10.081,14.082
1282,10.077,14.089
1283,10.037,14.036
1284,10.002,14.015
1285,9.993,14.000
1286,9.951,13.975
1287,9.933,13.962
1288,9.888,13.878
1289,9.866,13.874
1290,9.803,13.825
1291,9.756,13.750
1292,9.721,13.719
1293,9.666,13.652
1294,9.657,13.658
1295,9.546,13.510
1296,9.500,13.495
1297,9.436,13.398
1298,9.386,13.349
1299,9.372,13.420
1300,9.307,13.331
1301,9.236,13.236
1302,9.308,13.304
1303,9.347,13.336
1304,9.354,13.334
1305,9.265,13.227
1306,9.273,13.272
1307,9.260,13.252
1308,9.297,13.322
1309,9.247,13.216
1310,9.246,13.218
1311,9.235,13.220
1312,9.230,13.206
1313,9.240,13.232
1314,9.271,13.270
1315,9.257,13.243
1316,9.247,13.223
1317,9.260,13.229
1318,9.279,13.234
1319,9.275,13.237
1320,9.265,13.242
1321,9.225,13.158
1322,9.235,13.180
1323,9.242,13.236
1324,9.207,13.180
1325,9.186,13.120
1326,9.312,13.294
1327,9.312,13.262
1328,9.362,13.342
1329,9.310,13.290
1330,9.302,13.256
1331,9.331,13.342
1332,9.264,13.238
1333,9.245,13.194
1334,9.233,13.201
1335,9.227,13.213
1336,9.218,13.191
1337,9.206,13.207
1338,9.184,13.191
1339,9.156,13.136
1340,9.137,13.116
1341,9.130,13.138
1342,9.109,13.115
1343,9.100,13.125
1344,9.157,13.202
1345,9.162,13.211
1346,9.163,13.228
1347,9.120,13.186
1348,9.083,13.154
1349,9.048,13.090
1350,9.067,13.139
1351,9.062,13.098
1352,9.056,13.125
1353,9.034,13.074
1354,9.069,13.118
1355,9.063,13.111
1356,9.047,13.071
1357,9.034,13.049
1358,9.039,13.057
1359,9.176,13.184
1360,9.211,13.233
1361,9.273,13.270
1362,9.301,13.306
1363,9.336,13.342
1364,9.352,13.371
1365,9.382,13.398
1366,9.450,13.474
1367,9.491,13.530
1368,9.518,13.521
1369,9.562,13.597
1370,9.601,13.642
1371,9.649,13.694
1372,9.680,13.699
1373,9.715,13.724
1374,9.778,13.808
1375,9.845,13.893
1376,9.845,13.867
1377,9.791,13.796
1378,9.799,13.787
1379,9.820,13.793
1380,9.792,13.775
1381,9.775,13.737
1382,9.759,13.729
1383,9.718,13.663
1384,9.689,13.638
1385,9.683,13.630
1386,9.735,13.677
1387,9.765,13.721
1388,9.728,13.654
1389,9.699,13.611
1390,9.684,13.649
1391,9.617,13.524
1392,9.575,13.447
1393,9.562,13.465
1394,9.527,13.409
1395,9.537,13.422
1396,9.535,13.438
1397,9.531,13.435
1398,9.530,13.441
1399,9.495,13.373
1400,9.484,13.383
1401,9.487,13.375
1402,9.497,13.436
1403,9.499,13.420
1404,9.458,13.369
1405,9.491,13.411
1406,9.491,13.398
1407,9.522,13.467
1408,9.492,13.434
1409,9.470,13.383
1410,9.487,13.391
1411,9.472,13.397
1412,9.521,13.459
1413,9.523,13.431
1414,9.505,13.410
1415,9.527,13.454
1416,9.514,13.473
1417,9.554,13.517
1418,9.548,13.480
1419,9.544,13.464
1420,9.554,13.499
1421,9.575,13.503
1422,9.565,13.470
1423,9.597,13.521
1424,9.626,13.587
1425,9.631,13.560
1426,9.631,13.546
1427,9.649,13.542
1428,9.683,13.633
1429,9.700,13.629
1430,9.689,13.614
1431,9.686,13.593
1432,9.707,13.635
1433,9.725,13.665
1434,9.733,13.645
1435,9.744,13.674
1436,9.756,13.658
1437,9.755,13.654
1438,9.780,13.684
1439,9.778,13.719
1440,9.782,13.695
1441,9.781,13.689
1442,9.786,13.741
1443,9.802,13.753
1444,9.815,13.775
1445,9.846,13.798
1446,9.835,13.817
1447,9.849,13.830
1448,9.818,13.777
1449,9.706,13.697
1450,9.684,13.657
1451,9.679,13.649
1452,9.650,13.636
1453,9.697,13.684
1454,9.713,13.715
1455,9.725,13.733
1456,9.739,13.730
1457,9.732,13.736
1458,9.724,13.724
1459,9.763,13.791
1460,9.770,13.775
1461,9.766,13.756
1462,9.791,13.799
1463,9.789,13.794
1464,9.786,13.808
1465,9.794,13.796
1466,9.824,13.858
1467,9.828,13.847
1468,9.833,13.850
1469,9.863,13.917
1470,9.847,13.871
1471,9.816,13.782
1472,9.858,13.893
1473,9.854,13.851
1474,9.877,13.887
1475,9.851,13.849
1476,9.897,13.907
1477,9.909,13.928
1478,9.918,13.921
1479,9.932,13.932
1480,9.927,13.930
1481,9.915,13.896
1482,9.925,13.928
1483,9.978,13.982
1484,9.951,13.928
1485,9.976,13.968
1486,10.011,14.009
1487,10.017,13.994
1488,10.011,14.009
1489,9.991,13.968
1490,10.047,14.056
1491,10.005,13.997
1492,9.986,13.957
1493,9.985,13.977
1494,9.971,13.941
1495,9.957,13.920
1496,9.943,13.912
1497,9.920,13.893
1498,9.893,13.878
1499,9.900,13.895
1500,9.844,13.813
1501,9.827,13.772
1502,9.815,13.739
1503,9.793,13.723
1504,9.768,13.683
1505,9.752,13.690
1506,9.738,13.662
1507,9.717,13.639
1508,9.630,13.545
1509,9.631,13.557
1510,9.599,13.483
1511,9.581,13.463
1512,9.546,13.455
1513,9.522,13.407
1514,9.511,13.404
1515,9.642,13.544
1516,9.653,13.558
1517,9.601,13.486
1518,9.543,13.442
1519,9.475,13.353
1520,9.486,13.417
1521,9.581,13.506
1522,9.602,13.518
1523,9.602,13.521
1524,9.666,13.572
1525,9.685,13.598
1526,9.702,13.598
1527,9.798,13.718
1528,9.782,13.684
1529,9.803,13.690
1530,9.725,13.605
1531,9.699,13.564
1532,9.652,13.508
1533,9.843,13.754
1534,9.871,13.769
1535,9.921,13.818
1536,9.866,13.772
1537,9.844,13.733
1538,9.849,13.750
1539,9.926,13.838
1540,9.988,13.885
1541,10.073,13.936
1542,10.215,14.125
1543,10.297,14.197
1544,10.415,14.360
1545,10.538,14.457
1546,10.657,14.574
1547,10.793,14.752
1548,10.678,14.620
1549,10.731,14.638
1550,10.801,14.724
1551,10.780,14.702
1552,10.836,14.727
1553,10.885,14.830
1554,10.817,14.759
1555,10.819,14.727
1556,10.820,14.743
1557,10.824,14.749
1558,10.807,14.728
1559,10.799,14.709
1560,10.840,14.820
1561,10.827,14.781
1562,10.851,14.817
1563,10.831,14.774
1564,10.833,14.802
1565,10.826,14.817
1566,10.794,14.745
1567,10.807,14.738
1568,10.787,14.714
1569,10.839,14.823
1570,10.867,14.871
1571,10.848,14.839
1572,10.889,14.937
1573,10.869,14.886
1574,10.868,14.882
1575,10.879,14.918
1576,10.859,14.843
1577,10.838,14.815
1578,10.861,14.870
1579,10.856,14.863
1580,10.824,14.814
1581,10.858,14.863
1582,10.862,14.867
1583,10.868,14.857
1584,10.918,14.940
1585,10.939,14.949
1586,10.950,14.963
1587,10.976,14.984
1588,11.041,15.100
1589,11.023,15.058
1590,11.022,15.074
1591,10.989,15.018
1592,10.908,14.926
1593,10.848,14.849
1594,10.844,14.841
1595,10.914,15.029
1596,10.874,14.952
1597,10.823,14.883
1598,10.798,14.885
1599,10.774,14.859
1600,10.725,14.826
1601,10.702,14.806
1602,10.661,14.748
1603,10.631,14.759
1604,10.626,14.734
1605,10.595,14.673
1606,10.569,14.660
1607,10.581,14.697
1608,10.550,14.658
1609,10.558,14.669
1610,10.522,14.606
1611,10.503,14.587
1612,10.491,14.559
1613,10.514,14.597
1614,10.464,14.525
1615,10.477,14.534
1616,10.487,14.574
1617,10.453,14.522
1618,10.421,14.501
1619,10.389,14.514
1620,10.335,14.443
1621,10.286,14.362
1622,10.266,14.354
1623,10.263,14.358
1624,10.255,14.386
1625,10.215,14.285
1626,10.211,14.318
1627,10.213,14.315
1628,10.205,14.333
1629,10.186,14.293
1630,10.143,14.249
1631,10.153,14.253
1632,10.136,14.257
1633,10.097,14.180
1634,10.107,14.222
1635,10.106,14.271
1636,10.089,14.231
1637,10.041,14.188
1638,10.012,14.141
1639,10.025,14.183
1640,10.021,14.177
1641,10.000,14.116
1642,10.001,14.141
1643,9.965,14.109
1644,9.967,14.132
1645,9.944,14.096
1646,9.955,14.119
1647,9.941,14.094
1648,9.913,14.079
1649,9.909,14.052
1650,9.872,14.017
1651,9.859,13.993
1652,9.882,14.025
1653,9.893,14.055
1654,9.876,14.032
1655,9.862,14.043
1656,9.826,13.977
1657,9.824,13.979
1658,9.811,13.995
1659,9.791,13.973
1660,9.766,13.959
1661,9.769,13.945
1662,9.742,13.920
1663,9.725,13.949
1664,9.684,13.902
1665,9.814,14.005
1666,9.821,13.986
1667,9.903,14.110
1668,9.815,14.001
1669,9.811,14.017
1670,9.794,13.985
1671,9.774,13.971
1672,9.774,13.974
1673,9.788,14.009
1674,9.782,13.982
1675,9.799,14.050
1676,9.796,14.035
1677,9.819,14.069
1678,9.792,14.025
1679,9.828,14.115
1680,9.817,14.074
1681,9.779,14.020
1682,9.755,13.996
1683,9.799,14.083
1684,9.795,14.047
1685,9.778,14.023
1686,9.803,14.059
1687,9.795,14.077
1688,9.795,14.036
1689,9.949,14.194
1690,9.991,14.244
1691,10.046,14.308
1692,9.998,14.246
1693,10.000,14.296
1694,10.025,14.326
1695,10.048,14.339
1696,10.100,14.398
1697,10.088,14.371
1698,10.103,14.390
1699,10.113,14.396
1700,10.170,14.460
1701,10.176,14.475
1702,10.161,14.456
1703,10.192,14.459
1704,10.226,14.520
1705,10.224,14.515
1706,10.240,14.507
1707,10.278,14.600
1708,10.313,14.590
1709,10.322,14.614
1710,10.339,14.623
1711,10.353,14.647
1712,10.350,14.633
1713,10.377,14.658
1714,10.410,14.707
1715,10.394,14.675
1716,10.473,14.785
1717,10.437,14.723
1718,10.444,14.723
1719,10.496,14.807
1720,10.483,14.793
1721,10.477,14.780
1722,10.499,14.792
1723,10.532,14.854
1724,10.527,14.851
1725,10.555,14.893
1726,10.557,14.888
1727,10.550,14.856
1728,10.554,14.893
1729,10.545,14.884
1730,10.559,14.884
1731,10.549,14.895
1732,10.531,14.856
1733,10.543,14.861
1734,10.565,14.886
1735,10.609,14.944
1736,10.629,15.006
1737,10.657,15.001
1738,10.649,15.001
1739,10.667,15.004
1740,10.675,15.052
1741,10.656,15.016
1742,10.645,14.966
1743,10.629,14.907
1744,10.661,14.930
1745,10.646,14.888
1746,10.654,14.888
1747,10.674,14.906
1748,10.687,14.928
1749,10.707,14.925
1750,10.707,14.928
1751,10.755,14.975
1752,10.745,14.966
1753,10.733,14.934
1754,10.723,14.899
1755,10.727,14.908
1756,10.747,14.927
1757,10.764,14.987
1758,10.745,14.942
1759,10.735,14.897
1760,10.707,14.867
1761,10.701,14.858
1762,10.691,14.839
1763,10.697,14.850
1764,10.741,14.907
1765,10.739,14.921
1766,10.733,14.893
1767,10.739,14.903
1768,10.757,14.935
1769,10.762,14.905
1770,10.786,14.937
1771,10.767,14.901
1772,10.780,14.934
1773,10.749,14.913
1774,10.775,14.952
1775,10.772,14.929
1776,10.807,15.023
1777,10.771,14.923
1778,10.826,14.963
1779,10.854,14.986
1780,10.844,14.930
1781,10.900,15.013
1782,10.875,14.922
1783,10.909,14.951
1784,10.920,14.956
1785,10.825,14.870
1786,10.849,14.941
1787,10.836,14.924
1788,10.850,14.921
1789,10.921,15.023
1790,10.938,15.009
1791,10.960,15.038
1792,10.959,15.026
1793,10.951,14.997
1794,10.940,14.982
1795,10.951,15.013
1796,10.957,15.016
1797,10.814,14.893
1798,10.770,14.813
1799,10.765,14.845
1800,10.790,14.865
1801,10.807,14.889
1802,10.835,14.930
1803,10.824,14.910
1804,10.830,14.914
1805,10.875,14.954
1806,10.869,14.934
1807,10.869,14.938
1808,10.939,15.043
1809,10.871,14.983
1810,10.901,15.051
1811,10.902,15.024
1812,10.879,15.004
1813,10.845,14.945
1814,10.879,14.986
1815,10.889,14.981
1816,10.904,15.008
1817,10.887,14.960
1818,10.891,14.975
1819,10.872,14.929
1820,10.871,14.932
1821,10.866,14.954
1822,10.902,15.000
1823,10.923,14.999
1824,10.915,15.011
1825,10.955,15.066
1826,10.927,14.996
1827,10.913,14.962
1828,10.904,14.942
1829,10.946,15.006
1830,10.929,14.987
1831,10.933,14.995
1832,10.945,15.004
1833,10.942,14.997
1834,10.922,14.998
1835,10.939,15.034
1836,10.899,14.954
1837,10.882,14.988
1838,10.858,14.960
1839,10.780,14.851
1840,10.765,14.857
1841,10.738,14.890
