0 426 173 18 64 0.96
0 511 168 21 54 0.92
0 21 145 42 101 0.50
1 427 172 17 66 0.97
1 514 169 19 54 0.91
1 456 166 16 49 0.32
2 426 173 19 64 0.98
2 513 170 18 53 0.76
2 27 159 34 86 0.49
3 428 171 18 63 0.96
3 513 170 19 53 0.78
3 14 144 51 98 0.45
4 428 171 20 65 0.96
4 513 165 19 58 0.78
4 24 191 39 52 0.35
5 432 174 18 62 0.87
5 513 169 20 54 0.61
6 432 175 24 61 0.95
6 512 165 22 57 0.50
7 432 178 26 56 0.96
7 511 166 20 57 0.85
7 40 190 21 56 0.68
8 431 173 33 64 0.99
8 512 166 21 57 0.65
8 460 125 19 84 0.38
9 514 168 20 55 0.96
9 431 174 35 63 0.95
10 433 174 33 63 0.98
10 514 169 20 55 0.91
11 439 177 27 59 0.95
11 514 165 20 58 0.91
12 433 174 34 64 0.97
12 515 168 21 55 0.81
12 478 105 28 90 0.36
13 439 176 29 61 0.90
13 514 165 20 59 0.47
14 441 176 28 62 0.97
14 515 168 20 55 0.94
15 447 174 23 60 0.91
15 516 168 18 55 0.86
16 451 173 22 62 0.97
16 516 166 20 56 0.96
17 453 171 22 62 0.98
17 518 166 19 56 0.97
18 519 167 18 54 0.97
18 454 175 22 60 0.94
18 48 159 32 86 0.90
19 455 172 23 62 0.96
19 519 164 20 59 0.91
19 54 152 27 94 0.35
20 520 166 17 57 0.88
20 457 204 17 30 0.43
20 56 163 25 83 0.42
20 456 187 23 47 0.42
21 519 164 17 59 0.82
21 454 131 34 102 0.81
21 454 179 34 55 0.68
21 53 165 28 82 0.44
22 520 166 16 57 0.96
22 454 127 40 109 0.94
23 456 172 37 63 0.98
23 520 165 19 59 0.95
24 455 172 39 63 0.95
24 519 165 25 57 0.84
25 460 169 35 67 0.99
25 519 167 25 53 0.77
26 460 171 36 65 0.97
26 522 165 22 56 0.93
26 83 161 14 30 0.45
27 462 171 31 65 0.97
27 521 161 22 64 0.91
28 467 172 30 64 0.96
28 523 160 20 64 0.91
29 472 167 24 70 0.95
29 522 160 22 62 0.95
30 475 177 25 57 0.86
30 456 123 20 88 0.75
30 521 163 23 59 0.70
31 479 172 23 64 0.91
31 454 125 23 90 0.90
31 523 161 20 57 0.68
32 479 170 24 64 0.95
32 523 161 21 62 0.62
33 483 176 22 57 0.94
33 456 126 20 84 0.66
33 523 161 22 63 0.62
34 483 161 26 73 0.93
34 452 124 24 91 0.87
34 72 158 32 85 0.66
34 524 168 20 55 0.39
35 483 167 26 67 0.98
35 454 121 22 91 0.90
35 74 166 25 79 0.78
35 525 165 20 60 0.58
36 485 169 31 65 0.99
36 527 165 17 59 0.96
36 455 122 22 88 0.73
37 485 171 32 64 0.98
37 526 161 19 64 0.91
37 454 120 23 90 0.88
38 485 170 34 66 0.98
38 529 165 16 60 0.84
38 454 128 22 80 0.64
39 487 169 33 67 0.97
39 525 163 19 60 0.52
39 453 120 22 89 0.48
40 486 168 35 68 0.98
40 527 161 19 62 0.87
41 489 170 34 65 0.99
41 453 126 23 86 0.90
41 529 165 17 57 0.88
42 491 168 31 68 0.99
42 452 121 24 91 0.91
42 530 169 15 55 0.74
43 493 170 28 66 0.99
43 527 165 21 60 0.78
43 454 129 24 87 0.70
44 498 169 23 65 0.96
44 451 119 26 96 0.93
44 527 164 20 59 0.88
44 360 161 17 59 0.53
45 501 167 23 67 0.87
45 449 123 27 94 0.67
45 529 167 19 58 0.63
46 504 168 20 66 0.89
46 451 125 26 93 0.81
46 97 171 25 75 0.62
47 507 168 19 65 0.94
47 529 165 18 62 0.90
47 451 126 26 91 0.87
48 508 166 25 68 0.95
48 99 178 27 68 0.79
48 452 124 24 92 0.72
48 527 161 22 66 0.72
49 451 127 25 90 0.93
49 509 169 25 64 0.92
49 94 176 34 72 0.74
49 531 168 17 56 0.40
50 511 171 27 63 0.92
50 451 117 26 99 0.81
50 532 164 17 62 0.77
50 99 202 30 44 0.74
51 509 169 35 68 0.98
51 97 200 34 47 0.84
51 449 118 29 99 0.70
51 532 160 19 67 0.56
52 512 172 31 65 0.94
52 532 165 19 68 0.80
52 94 187 36 61 0.78
52 453 121 24 90 0.75
52 451 180 22 36 0.53
52 431 123 17 84 0.31
53 511 170 33 66 0.94
53 532 161 19 66 0.59
53 94 191 36 56 0.52
53 454 117 22 83 0.50
53 462 182 12 34 0.46
53 518 166 32 62 0.36
54 512 169 30 66 0.98
54 451 127 26 90 0.91
54 101 176 32 72 0.89
54 533 161 19 71 0.85
55 512 169 35 69 0.98
55 100 184 38 65 0.84
55 535 163 18 62 0.83
55 450 106 25 112 0.34
56 515 169 31 67 0.95
56 447 130 30 86 0.75
56 528 166 21 70 0.75
57 517 165 32 70 0.96
57 532 163 20 69 0.57
57 453 124 19 65 0.48
57 449 123 26 93 0.46
57 107 187 26 61 0.33
58 518 169 32 68 0.98
58 446 121 30 97 0.56
59 523 168 31 69 0.99
59 119 168 24 77 0.85
59 448 128 26 87 0.39
59 453 129 17 64 0.34
60 525 166 30 71 0.98
60 448 128 28 88 0.79
60 424 126 18 84 0.41
60 452 130 19 69 0.37
61 530 166 26 72 0.99
61 122 174 22 74 0.81
61 449 115 26 99 0.67
62 533 167 23 69 0.99
62 444 135 33 82 0.64
62 124 173 20 74 0.62
62 125 173 16 40 0.38
62 443 172 35 44 0.36
63 534 165 25 71 0.99
63 128 172 21 77 0.80
63 447 126 29 88 0.72
64 535 168 27 69 0.99
64 452 129 25 92 0.89
64 130 167 18 81 0.44
65 537 168 27 71 0.98
65 125 172 33 80 0.91
65 447 127 28 88 0.67
65 452 130 18 69 0.41
66 537 170 30 70 0.98
66 446 128 30 89 0.88
66 123 206 41 46 0.85
66 434 127 14 81 0.34
67 539 173 31 67 0.99
67 452 127 18 77 0.66
67 123 206 45 45 0.40
67 535 170 12 35 0.36
68 539 177 31 63 0.99
68 448 127 30 91 0.79
68 125 178 46 76 0.71
68 5 201 21 46 0.38
69 540 173 33 68 0.99
69 126 179 45 72 0.93
69 450 126 28 95 0.62
70 540 174 33 66 0.99
70 127 189 44 62 0.76
70 447 128 33 94 0.68
70 425 127 17 79 0.32
71 542 172 32 69 0.99
71 448 128 31 94 0.76
71 354 181 11 41 0.63
71 0 199 23 42 0.41
72 547 173 27 66 0.97
73 546 173 28 67 0.96
74 550 176 25 63 0.91
74 536 170 19 52 0.54
74 446 127 30 93 0.35
75 555 171 22 65 0.97
75 538 168 19 63 0.93
75 149 171 20 75 0.86
75 445 125 31 94 0.67
75 355 174 13 47 0.40
76 558 173 21 65 0.96
76 538 170 18 62 0.82
76 447 123 30 98 0.61
77 562 175 19 65 0.94
77 539 170 18 62 0.92
77 447 133 29 91 0.63
78 564 175 18 65 0.94
78 539 168 18 63 0.75
78 446 119 30 103 0.58
78 449 125 21 82 0.39
78 157 172 21 59 0.34
79 564 173 20 69 0.97
79 539 168 19 67 0.91
79 447 127 29 97 0.74
80 565 175 23 65 0.99
80 539 167 19 67 0.96
80 445 128 28 95 0.67
80 162 178 16 49 0.59
81 565 175 26 66 0.96
81 538 167 19 67 0.96
81 457 173 19 52 0.63
81 447 124 24 95 0.51
82 566 176 31 66 0.97
82 540 167 19 69 0.92
82 444 130 33 94 0.58
82 448 127 20 76 0.57
82 443 179 34 46 0.55
83 566 177 34 65 0.97
83 541 169 18 65 0.91
83 462 183 14 42 0.59
83 449 125 18 78 0.51
84 565 173 37 69 0.98
84 541 168 22 68 0.95
84 443 132 27 89 0.66
85 569 173 33 71 0.99
85 542 169 21 66 0.92
85 443 129 26 92 0.48
86 571 173 29 69 0.87
86 543 168 18 70 0.87
87 574 178 28 63 0.99
87 543 167 20 70 0.96
87 473 118 24 87 0.54
87 445 135 26 85 0.54
88 543 166 20 71 0.97
88 578 176 29 62 0.93
88 447 137 20 74 0.38
89 543 167 20 69 0.98
89 581 174 25 57 0.79
89 445 131 22 85 0.64
89 421 128 20 84 0.44
90 544 168 19 70 0.96
90 583 172 24 72 0.49
90 446 130 22 86 0.42
90 423 128 18 80 0.32
91 544 170 19 59 0.95
91 584 172 23 62 0.93
91 423 131 17 62 0.45
91 448 141 24 72 0.40
92 544 168 19 57 0.93
92 589 175 17 58 0.91
92 184 209 21 42 0.58
93 586 177 22 47 0.85
93 186 197 19 58 0.84
93 544 168 20 51 0.43
94 591 174 18 45 0.61
94 185 192 24 66 0.55
94 423 134 16 44 0.46
94 544 168 21 46 0.33
95 594 173 18 46 0.73
95 182 188 23 69 0.48
96 184 180 35 73 0.75
96 423 133 15 58 0.69
97 182 186 39 66 0.72
97 447 132 19 61 0.65
97 421 131 18 75 0.61
98 446 131 21 78 0.86
98 181 186 44 67 0.75
99 445 132 23 78 0.64
99 184 202 42 53 0.63
99 183 211 16 42 0.35
100 184 193 43 62 0.92
100 445 132 21 82 0.84
101 444 134 22 81 0.81
101 188 195 38 59 0.41
101 545 168 21 41 0.33
102 444 136 24 81 0.58
102 545 171 22 44 0.39
103 545 170 22 50 0.94
103 441 136 26 83 0.86
104 546 170 20 74 0.97
105 545 169 22 73 0.96
105 441 133 23 88 0.55
105 614 174 21 39 0.52
105 344 180 15 47 0.50
106 546 169 21 73 0.97
106 213 195 20 61 0.79
106 444 136 25 83 0.34
106 423 131 17 92 0.32
107 545 170 22 72 0.98
107 215 192 17 64 0.91
107 622 171 14 71 0.58
107 462 188 12 42 0.37
107 443 132 22 85 0.37
108 545 170 22 71 0.97
108 216 185 22 71 0.93
108 617 172 19 74 0.80
108 441 134 24 84 0.40
109 546 170 22 74 0.98
109 216 188 20 69 0.82
109 443 134 24 84 0.72
109 617 164 22 82 0.63
110 546 172 23 68 0.95
110 220 198 21 57 0.77
110 442 134 21 81 0.36
111 545 172 24 70 0.96
111 217 166 32 91 0.92
111 620 180 17 63 0.66
111 457 181 21 54 0.65
111 441 138 23 80 0.41
112 546 172 23 71 0.98
112 217 177 37 81 0.96
113 547 171 23 74 0.98
113 216 183 41 73 0.89
113 441 139 23 81 0.57
113 621 194 16 49 0.48
113 455 182 19 49 0.43
114 548 169 21 76 0.97
114 218 187 45 70 0.96
115 547 170 24 76 0.98
115 218 182 46 75 0.92
115 454 184 22 46 0.41
116 220 183 43 73 0.98
116 549 171 22 71 0.97
116 439 138 27 82 0.89
117 549 170 25 73 0.92
117 223 196 41 61 0.91
117 443 128 24 85 0.70
118 549 170 24 74 0.93
118 439 130 26 91 0.75
118 240 180 19 76 0.72
118 236 179 19 70 0.41
119 549 172 25 73 0.98
119 440 127 26 89 0.55
119 240 181 20 73 0.47
120 551 174 23 71 0.97
120 438 129 27 89 0.49
120 246 198 16 60 0.44
121 549 172 24 74 0.96
121 442 135 21 83 0.56
121 343 181 15 47 0.48
122 551 175 23 72 0.97
122 458 177 17 53 0.66
122 439 131 25 86 0.43
123 552 175 22 72 0.98
124 553 175 21 71 0.98
124 251 186 17 74 0.62
124 456 180 17 51 0.57
124 441 138 24 82 0.53
125 554 173 21 74 0.98
125 252 176 19 81 0.95
126 554 170 21 75 0.99
126 252 175 23 83 0.95
126 456 181 16 50 0.50
127 554 171 21 74 0.99
127 251 179 32 81 0.94
127 440 129 25 91 0.45
128 555 171 21 74 0.99
128 248 178 42 80 0.97
128 440 114 25 101 0.38
129 556 172 21 75 0.98
129 246 186 48 72 0.96
129 437 125 29 96 0.54
129 456 179 18 51 0.34
129 1 203 10 34 0.32
130 557 172 21 75 0.98
130 249 196 49 60 0.82
130 442 134 20 85 0.44
130 455 181 19 50 0.33
131 557 172 21 74 0.99
131 248 184 49 75 0.94
131 438 131 26 89 0.74
131 0 205 11 34 0.36
132 559 173 19 72 0.98
132 250 192 51 66 0.95
132 456 181 17 51 0.51
132 439 137 24 83 0.48
133 249 184 52 77 0.99
133 558 171 19 75 0.98
133 435 131 29 94 0.82
133 457 183 14 50 0.44
134 558 170 22 79 0.98
134 438 131 22 90 0.83
134 256 182 42 79 0.81
134 457 180 15 53 0.43
135 559 173 21 76 0.98
135 456 183 16 50 0.48
136 559 170 24 80 0.97
136 436 131 25 89 0.70
136 276 196 22 62 0.59
136 454 179 20 54 0.31
137 561 172 23 77 0.93
137 436 131 26 90 0.79
137 271 192 30 66 0.60
137 455 183 16 50 0.42
137 465 118 28 92 0.37
138 561 171 22 77 0.95
138 271 185 28 72 0.62
138 437 117 24 102 0.40
139 562 171 21 76 0.97
139 436 92 27 131 0.42
139 455 178 17 54 0.40
140 562 171 21 76 0.96
140 280 182 23 77 0.85
140 436 129 25 94 0.56
141 563 170 20 78 0.96
141 437 135 26 84 0.77
141 287 217 14 41 0.64
142 564 172 20 76 0.99
142 284 195 25 63 0.86
142 435 135 25 87 0.82
143 563 171 21 78 0.99
143 282 195 32 66 0.96
143 436 132 23 91 0.82
144 563 172 20 76 0.98
144 280 182 41 79 0.97
144 458 178 16 57 0.67
144 437 138 21 80 0.64
145 564 174 19 72 0.98
145 281 192 44 66 0.95
145 435 135 24 87 0.82
145 454 180 19 54 0.54
146 567 173 16 73 0.99
146 281 202 46 56 0.97
146 435 129 23 90 0.47
147 566 175 18 72 0.98
147 284 178 41 82 0.98
147 435 135 24 85 0.74
147 333 186 16 46 0.31
148 567 172 20 76 0.99
148 285 180 46 78 0.98
148 436 132 22 87 0.83
148 455 132 25 100 0.59
148 456 99 34 137 0.51
149 290 181 37 80 0.98
149 568 172 20 76 0.98
149 436 136 23 84 0.81
150 569 174 21 73 0.94
150 300 176 26 85 0.92
150 436 133 21 88 0.81
151 569 171 23 77 0.97
151 300 178 27 84 0.68
151 460 180 15 55 0.56
151 408 87 34 151 0.44
152 569 171 22 77 0.98
152 459 194 15 42 0.74
153 569 171 25 78 0.97
153 457 174 19 63 0.52
154 569 174 28 78 0.97
154 310 180 20 79 0.79
154 437 134 21 84 0.78
155 569 177 29 74 0.98
155 460 186 14 52 0.55
156 570 176 26 72 0.97
156 460 180 15 56 0.73
156 437 130 20 88 0.66
157 572 175 29 76 0.98
157 438 136 19 83 0.68
157 460 182 16 54 0.44
158 571 176 34 76 0.98
158 435 136 22 87 0.66
159 573 176 28 75 0.98
159 436 139 22 72 0.57
160 574 173 27 79 0.99
160 172 164 36 41 0.59
160 437 137 19 66 0.58
161 575 178 25 73 0.92
162 576 174 21 71 0.62
170 343 173 20 62 0.59
171 430 146 26 82 0.51
171 333 180 15 53 0.50
171 336 180 17 52 0.43
171 341 179 17 54 0.41
171 328 185 13 48 0.38
172 436 138 19 81 0.40
172 334 188 14 47 0.32
173 461 177 20 64 0.55
173 434 118 24 103 0.52
173 332 194 13 37 0.30
174 353 187 21 75 0.61
174 466 202 11 39 0.60
174 435 123 22 93 0.45
175 351 180 29 81 0.80
175 464 187 13 53 0.51
176 353 184 30 75 0.94
176 588 178 19 72 0.91
176 432 132 25 93 0.83
176 588 181 15 55 0.43
177 353 183 37 77 0.98
177 587 177 25 73 0.82
177 434 135 23 84 0.70
177 461 180 17 59 0.63
177 585 178 19 56 0.55
178 587 180 28 71 0.91
178 352 183 39 77 0.82
178 463 187 17 51 0.62
178 584 180 24 60 0.56
178 583 179 16 54 0.40
179 588 175 26 78 0.95
179 461 181 21 59 0.88
179 353 180 38 79 0.75
179 333 180 19 52 0.51
179 586 178 19 60 0.48
180 353 185 41 76 0.95
180 589 173 26 81 0.95
180 462 188 19 51 0.92
180 327 193 11 37 0.39
181 356 186 38 77 0.94
181 589 173 26 80 0.92
181 588 177 18 63 0.34
181 464 187 17 55 0.33
182 358 185 39 79 0.97
182 589 173 27 81 0.94
182 461 179 19 61 0.70
183 590 176 24 74 0.92
183 464 189 16 50 0.79
183 368 179 26 84 0.76
184 591 176 22 77 0.96
184 465 195 14 45 0.52
185 592 174 21 79 0.94
185 464 190 15 49 0.77
185 372 171 21 81 0.40
185 430 134 23 91 0.39
185 407 86 34 155 0.32
186 592 174 21 79 0.98
186 465 191 16 49 0.73
187 591 173 23 80 0.99
187 433 120 25 105 0.51
187 466 188 18 53 0.50
188 593 176 21 75 0.97
188 466 204 13 35 0.58
189 594 174 21 78 0.99
189 465 196 14 45 0.89
189 382 189 22 73 0.72
190 592 173 25 80 0.96
190 382 186 25 73 0.77
190 463 188 19 53 0.74
191 592 172 24 80 0.99
191 465 194 17 46 0.73
192 597 174 20 77 0.95
192 465 192 15 49 0.73
193 597 177 22 76 0.97
193 466 195 14 45 0.71
194 386 163 46 97 0.96
194 597 179 23 76 0.87
194 466 194 14 46 0.68
194 433 102 25 119 0.38
194 328 196 10 35 0.31
195 596 172 24 81 0.96
195 464 186 21 55 0.87
195 381 138 56 122 0.35
196 597 175 24 81 0.88
196 465 190 16 52 0.57
197 598 172 25 86 0.97
197 462 180 21 62 0.61
198 598 173 26 83 0.94
198 466 185 17 56 0.59
199 600 171 24 84 0.93
199 465 184 17 57 0.64
200 466 185 18 57 0.94
200 599 174 24 81 0.92
200 435 134 20 86 0.63
201 601 176 22 80 0.90
202 600 175 24 81 0.91
202 433 134 22 86 0.36
203 600 178 23 77 0.90
203 464 177 20 66 0.47
203 406 107 29 151 0.43
204 602 173 22 82 0.89
204 463 177 19 63 0.37
204 433 131 25 80 0.30
205 601 175 21 80 0.91
205 422 195 20 66 0.40
206 601 176 22 80 0.93
206 336 196 11 38 0.62
206 420 179 26 82 0.62
206 433 135 23 82 0.51
206 331 197 11 36 0.35
207 602 175 21 80 0.89
207 435 132 21 80 0.70
207 421 183 31 77 0.43
207 415 134 36 126 0.36
208 601 175 23 81 0.90
208 419 186 40 75 0.80
208 465 188 17 53 0.68
208 417 139 42 124 0.31
209 602 175 21 80 0.88
209 420 188 39 72 0.42
210 602 172 22 84 0.96
210 423 191 44 70 0.93
210 465 191 15 50 0.70
211 603 173 21 83 0.97
211 465 183 17 58 0.62
211 424 196 47 63 0.55
211 420 152 53 110 0.32
212 604 172 20 84 0.96
212 426 197 44 63 0.39
212 468 197 13 43 0.34
213 428 183 42 77 0.98
213 602 171 22 84 0.97
213 464 186 18 54 0.71
214 604 172 19 83 0.97
214 426 192 45 68 0.52
215 603 172 21 84 0.92
215 429 138 27 91 0.35
216 603 172 21 84 0.98
216 441 176 30 85 0.92
216 465 185 18 56 0.43
216 332 198 9 34 0.35
216 329 197 10 36 0.34
217 603 171 21 85 0.98
217 440 174 30 86 0.60
217 465 190 17 52 0.36
218 604 175 19 80 0.96
219 604 172 20 83 0.98
219 464 186 21 53 0.50
220 604 174 19 81 0.96
221 604 173 20 84 0.97
221 458 175 25 82 0.75
222 605 174 18 82 0.97
223 605 174 19 81 0.98
224 604 174 19 82 0.98
224 456 127 40 132 0.85
224 459 176 36 81 0.56
225 455 178 50 80 0.96
225 605 172 19 83 0.95
226 457 175 49 84 0.97
226 605 178 18 78 0.95
226 431 118 26 105 0.48
227 604 179 19 76 0.96
227 456 159 51 99 0.62
228 605 175 19 80 0.98
228 182 197 14 53 0.59
228 455 140 50 118 0.39
229 606 174 19 81 0.98
229 462 188 44 69 0.62
230 605 176 19 80 0.97
230 432 124 22 101 0.46
231 607 177 17 80 0.97
231 467 175 30 77 0.36
232 604 173 20 83 0.98
232 470 190 33 64 0.68
233 605 175 19 80 0.98
233 470 188 16 58 0.77
233 405 81 30 143 0.42
233 431 106 25 119 0.30
234 606 177 18 79 0.98
234 469 187 17 56 0.74
234 407 85 33 145 0.32
235 606 176 18 80 0.97
235 470 186 16 58 0.48
235 484 169 23 86 0.42
236 606 178 18 77 0.99
236 486 176 21 80 0.94
236 469 189 18 55 0.71
237 606 176 18 80 0.97
237 467 192 20 50 0.84
237 490 171 23 83 0.30
238 605 176 18 79 0.97
238 466 189 20 52 0.72
238 493 189 22 66 0.33
239 605 175 19 81 0.96
239 468 192 17 50 0.40
240 606 177 17 77 0.96
240 467 185 21 58 0.57
241 605 174 19 81 0.98
241 491 186 38 69 0.83
241 468 190 19 53 0.68
242 605 178 19 77 0.98
242 495 184 35 72 0.97
242 469 182 19 62 0.86
243 605 174 19 83 0.97
243 493 174 39 83 0.88
243 430 102 27 125 0.81
243 329 195 10 37 0.49
243 472 204 13 40 0.47
243 471 210 11 34 0.39
244 605 175 19 80 0.98
244 494 178 40 79 0.87
244 330 197 8 37 0.47
244 466 187 23 53 0.43
245 604 175 20 80 0.98
245 496 187 38 68 0.93
245 330 199 8 34 0.49
245 332 199 9 35 0.42
245 468 180 21 62 0.41
246 605 175 19 80 0.97
246 469 190 19 53 0.72
246 500 177 34 78 0.59
247 605 174 20 82 0.98
247 467 189 23 55 0.80
248 506 174 27 81 0.96
248 604 177 19 77 0.95
248 466 184 24 61 0.93
248 435 128 21 91 0.42
249 605 176 19 78 0.98
249 512 178 22 78 0.96
249 466 183 24 62 0.95
249 330 197 9 35 0.56
249 432 130 23 94 0.50
250 605 175 19 80 0.98
250 510 174 26 78 0.93
250 468 185 24 59 0.89
250 328 198 10 37 0.36
251 604 173 20 83 0.98
251 518 179 18 70 0.91
251 468 189 22 55 0.83
251 434 132 23 88 0.57
252 604 177 19 78 0.96
252 519 175 18 77 0.93
252 469 191 21 53 0.72
253 604 175 21 81 0.98
253 519 187 21 66 0.82
253 470 187 17 56 0.78
253 432 110 23 119 0.35
254 604 177 20 79 0.98
254 469 181 22 63 0.87
254 520 186 25 67 0.82
255 603 176 21 79 0.98
255 470 185 19 60 0.84
255 520 182 34 70 0.79
256 603 175 21 81 0.98
256 524 182 33 69 0.59
257 604 179 20 76 0.98
258 601 177 22 78 0.88
259 603 180 21 65 0.91
260 604 179 19 59 0.95
261 603 179 20 51 0.72
262 603 178 20 53 0.56
268 332 195 11 40 0.34
268 330 195 9 39 0.31
270 329 197 10 37 0.48
270 332 198 10 36 0.33
271 407 78 31 150 0.34
271 432 110 23 112 0.32
272 473 182 20 61 0.56
272 430 122 24 105 0.51
272 328 194 11 39 0.43
273 551 173 25 73 0.88
273 472 177 22 70 0.74
274 551 176 34 76 0.99
274 474 190 19 55 0.54
274 329 195 10 38 0.35
274 601 169 35 70 0.34
275 554 175 32 76 0.95
275 601 174 22 80 0.93
276 556 175 30 75 0.97
276 601 173 23 82 0.94
276 472 177 23 66 0.33
277 601 176 23 80 0.91
277 558 179 30 72 0.89
277 474 185 23 60 0.89
278 560 175 28 78 0.96
278 601 174 24 82 0.87
278 408 105 26 119 0.60
278 433 125 23 97 0.38
279 601 174 24 83 0.94
279 565 170 22 84 0.71
279 474 185 20 57 0.61
279 430 117 24 109 0.49
279 333 200 10 35 0.49
279 330 200 10 34 0.38
280 472 190 22 53 0.91
280 568 172 22 78 0.90
280 602 177 22 80 0.90
280 434 136 22 89 0.45
281 472 180 23 67 0.96
281 601 173 23 84 0.92
281 571 174 20 76 0.81
281 433 132 21 89 0.50
282 474 184 22 63 0.92
282 601 175 23 81 0.90
282 377 155 17 60 0.34
283 473 188 23 58 0.95
283 602 174 21 84 0.88
283 430 116 23 112 0.35
284 474 186 22 61 0.95
284 602 178 22 82 0.81
284 434 145 21 77 0.44
284 578 183 17 69 0.36
285 475 189 20 58 0.95
285 602 183 22 72 0.93
286 601 178 23 78 0.89
286 477 190 17 57 0.82
286 433 137 23 87 0.68
287 600 174 23 83 0.92
287 476 188 22 58 0.48
287 578 188 21 62 0.44
287 435 118 21 103 0.33
288 599 178 26 78 0.91
288 576 178 24 70 0.64
288 475 187 20 58 0.55
288 432 126 23 100 0.43
288 328 196 10 38 0.38
289 600 173 24 83 0.92
289 579 178 23 72 0.75
289 432 129 20 96 0.34
290 600 175 25 82 0.89
290 577 177 24 72 0.85
291 600 176 25 82 0.86
291 478 184 17 61 0.86
291 578 180 22 69 0.69
291 433 141 21 83 0.43
291 327 193 11 42 0.34
292 601 175 24 81 0.81
292 478 191 18 56 0.74
292 579 181 21 67 0.72
292 434 133 22 88 0.57
292 328 196 12 38 0.46
293 599 172 27 86 0.87
293 433 117 22 106 0.80
293 578 174 30 74 0.46
293 584 172 38 81 0.45
294 476 180 23 62 0.83
294 433 128 22 97 0.81
294 599 175 25 83 0.80
295 599 173 25 84 0.90
295 435 113 21 110 0.30
296 596 174 28 82 0.89
296 477 187 19 57 0.73
296 329 197 9 37 0.34
297 597 174 27 83 0.94
297 324 193 15 42 0.67
297 476 187 22 59 0.65
297 433 127 23 96 0.39
298 597 174 26 83 0.95
298 477 186 21 61 0.87
298 435 132 19 92 0.55
298 330 194 10 40 0.32
299 478 183 19 63 0.96
299 602 176 21 81 0.95
299 434 125 22 96 0.49
300 477 183 20 64 0.96
300 600 174 25 83 0.93
300 355 206 19 45 0.38
301 600 173 26 82 0.94
301 480 187 16 63 0.82
301 434 131 23 88 0.44
301 330 196 13 40 0.43
302 478 178 20 68 0.94
302 600 175 25 82 0.93
302 329 195 14 41 0.64
302 433 112 23 110 0.48
303 601 176 23 80 0.95
303 480 182 16 64 0.78
303 431 133 22 92 0.73
304 601 176 24 79 0.96
304 479 180 19 65 0.82
304 435 131 20 90 0.46
305 602 176 23 79 0.97
305 480 181 17 65 0.82
306 602 179 25 75 0.97
306 479 181 20 65 0.89
307 603 176 24 83 0.97
307 477 180 21 67 0.82
308 602 177 25 80 0.98
308 435 137 21 83 0.79
308 477 179 20 69 0.74
309 602 177 24 79 0.95
309 434 127 21 88 0.80
310 603 179 24 76 0.93
311 604 176 21 79 0.81
312 603 179 22 60 0.58
313 602 174 22 48 0.41
319 330 197 13 39 0.31
321 432 125 24 99 0.66
322 481 181 20 66 0.88
322 431 136 22 90 0.58
323 480 182 23 67 0.90
324 481 183 23 63 0.95
324 430 111 25 117 0.66
324 572 149 62 125 0.41
325 483 182 21 66 0.96
325 600 170 28 88 0.35
326 604 176 22 80 0.99
326 483 179 19 69 0.69
327 605 179 20 77 0.98
327 483 180 21 67 0.88
327 433 132 23 94 0.77
328 605 176 21 81 0.98
328 482 184 22 64 0.91
329 606 178 20 80 0.99
329 483 182 23 65 0.97
330 607 181 18 75 0.98
330 481 179 24 67 0.95
331 606 177 20 79 0.98
331 483 181 21 66 0.89
332 607 178 19 79 0.98
332 483 181 22 66 0.85
332 430 137 27 90 0.74
332 329 196 10 38 0.41
333 606 175 20 81 0.96
333 483 180 24 68 0.93
334 607 180 19 76 0.98
334 484 183 21 65 0.65
334 434 133 22 90 0.61
335 607 179 19 77 0.98
335 483 183 23 64 0.91
336 607 179 18 77 0.97
336 487 188 18 58 0.89
336 432 119 23 105 0.45
336 184 200 13 40 0.42
337 607 181 19 76 0.99
337 485 183 22 64 0.95
337 432 103 24 123 0.37
338 608 177 18 80 0.98
338 485 183 23 63 0.94
339 607 178 20 78 0.97
339 485 179 23 69 0.96
339 432 133 21 94 0.53
340 607 176 20 81 0.98
340 482 183 25 62 0.90
340 432 134 23 91 0.73
340 406 84 31 140 0.34
341 607 178 19 79 0.98
341 484 179 22 68 0.96
341 431 137 22 90 0.50
342 606 177 19 81 0.97
342 483 178 25 71 0.93
343 606 178 20 79 0.97
343 432 130 21 95 0.67
343 407 94 27 127 0.30
344 607 178 19 80 0.98
344 485 180 24 66 0.88
345 607 177 19 79 0.98
345 484 181 24 62 0.74
345 433 118 21 107 0.41
346 606 177 20 80 0.98
346 486 182 22 64 0.86
346 329 199 9 36 0.48
346 406 80 32 153 0.39
346 319 201 9 31 0.31
346 322 200 10 32 0.31
347 606 179 19 79 0.97
347 486 172 23 73 0.45
348 607 178 19 79 0.97
348 433 137 22 86 0.64
349 606 175 20 81 0.98
349 488 181 23 66 0.78
349 432 122 23 99 0.43
350 607 175 19 82 0.98
350 485 179 25 70 0.91
350 431 137 21 92 0.51
351 606 176 20 81 0.99
351 486 174 25 74 0.87
351 431 123 23 106 0.61
352 607 176 19 83 0.98
352 432 134 22 94 0.59
353 607 175 19 83 0.97
353 400 89 38 143 0.74
354 607 176 18 80 0.97
354 488 179 25 70 0.93
354 433 130 23 92 0.70
354 328 197 10 38 0.48
354 331 198 12 38 0.36
355 607 176 20 80 0.98
355 488 181 25 64 0.91
355 431 125 22 101 0.66
356 606 178 21 78 0.98
356 489 179 26 70 0.92
356 431 131 22 95 0.52
357 606 181 20 76 0.97
357 492 181 23 67 0.93
357 433 141 22 83 0.84
358 608 178 18 79 0.98
358 491 178 23 72 0.86
359 608 178 19 78 0.98
359 492 181 21 68 0.79
360 608 177 18 80 0.98
360 493 181 21 68 0.79
361 607 178 19 79 0.98
361 495 184 19 66 0.94
361 433 129 23 93 0.65
361 404 83 31 147 0.46
362 607 179 19 78 0.98
362 492 182 19 67 0.46
363 607 176 20 82 0.98
363 494 173 24 76 0.87
363 430 114 25 113 0.65
364 606 181 20 79 0.98
364 434 131 22 90 0.75
365 608 175 16 74 0.93
365 493 182 22 67 0.68
365 430 136 24 92 0.58
366 494 183 24 63 0.88
366 605 176 19 62 0.76
366 435 125 20 96 0.52
367 608 177 16 48 0.78
367 430 136 23 91 0.71
367 495 184 21 66 0.51
368 496 186 23 63 0.90
368 432 139 23 87 0.80
368 609 177 15 46 0.76
369 497 187 21 62 0.90
369 607 175 16 47 0.66
370 496 181 22 69 0.95
370 605 175 19 43 0.81
371 499 183 19 66 0.84
371 433 138 22 85 0.58
372 500 182 17 54 0.81
372 407 80 32 153 0.33
372 431 127 23 98 0.31
373 497 179 21 53 0.47
374 496 178 28 47 0.74
374 433 137 21 88 0.41
375 433 134 22 87 0.67
375 498 186 24 36 0.35
376 434 128 21 95 0.58
381 605 175 20 40 0.75
381 435 130 20 82 0.47
382 605 174 19 42 0.67
382 406 111 30 103 0.61
382 437 135 17 61 0.54
383 283 197 28 31 0.87
383 607 175 17 59 0.60
383 409 134 20 70 0.31
384 605 175 19 82 0.91
385 607 175 17 75 0.94
385 295 197 21 25 0.36
385 303 198 15 24 0.32
386 607 179 16 53 0.82
387 608 178 16 46 0.81
388 607 177 18 42 0.86
391 434 143 21 57 0.43
392 435 145 19 67 0.70
393 432 128 22 88 0.58
394 504 177 22 34 0.68
394 430 133 25 94 0.55
395 506 182 26 34 0.73
396 505 183 25 68 0.87
396 433 135 23 88 0.69
397 505 177 28 76 0.97
397 429 136 24 94 0.83
398 505 180 27 73 0.96
398 434 139 21 82 0.76
398 608 177 16 34 0.58
399 505 179 29 72 0.95
399 608 175 18 83 0.92
399 431 141 23 83 0.70
400 607 177 19 79 0.99
400 506 180 29 72 0.96
401 607 175 19 84 0.97
401 507 176 26 77 0.96
401 431 135 24 91 0.84
401 332 199 11 36 0.35
401 330 198 9 36 0.30
402 607 177 19 81 0.98
402 507 175 26 77 0.96
402 433 134 22 90 0.66
403 608 177 18 79 0.97
403 508 173 25 79 0.97
403 432 135 23 85 0.61
403 327 189 12 45 0.39
403 331 192 13 43 0.34
404 607 173 19 84 0.98
404 509 177 24 76 0.96
404 434 134 22 86 0.59
404 324 185 14 49 0.53
405 607 178 19 79 0.98
405 508 176 25 75 0.97
405 433 130 22 91 0.63
406 506 175 28 80 0.98
406 607 175 19 81 0.98
407 607 175 20 82 0.98
407 509 176 25 74 0.97
407 431 140 23 87 0.69
407 327 191 12 42 0.37
408 606 178 19 77 0.98
408 510 179 24 71 0.93
409 607 178 19 78 0.98
409 507 175 28 79 0.88
409 434 131 19 91 0.80
410 607 176 18 81 0.98
410 508 173 27 78 0.96
410 429 130 24 96 0.79
411 607 177 19 81 0.99
411 509 179 27 71 0.94
411 430 138 23 86 0.66
412 606 175 19 80 0.97
412 430 123 23 104 0.90
412 509 177 28 66 0.88
413 607 175 20 82 0.97
413 510 175 25 78 0.86
413 433 138 21 87 0.76
414 607 178 19 80 0.98
414 512 179 23 73 0.87
414 432 134 23 92 0.63
415 606 178 19 77 0.98
415 513 177 24 73 0.97
415 430 125 24 102 0.72
416 607 180 19 77 0.97
416 513 178 24 69 0.94
416 430 134 22 90 0.83
416 426 129 19 98 0.42
417 607 178 18 79 0.98
417 511 178 27 75 0.96
417 431 119 23 104 0.38
418 607 179 19 79 0.98
418 511 179 31 76 0.98
418 432 125 22 95 0.38
419 606 177 20 81 0.97
419 514 182 27 74 0.88
419 432 122 21 101 0.36
420 512 175 34 80 0.98
420 607 179 18 78 0.98
420 432 137 21 86 0.79
421 607 178 19 78 0.98
421 513 179 32 76 0.95
421 434 134 20 84 0.73
422 607 177 19 80 0.98
422 516 177 26 78 0.96
422 432 134 21 94 0.76
423 607 176 19 82 0.99
423 518 185 25 66 0.85
423 434 116 22 106 0.34
424 608 176 18 79 0.97
424 518 176 24 78 0.96
424 526 180 18 73 0.50
424 431 130 22 94 0.40
425 607 178 19 80 0.98
425 518 184 27 68 0.95
425 433 144 19 76 0.40
426 607 178 19 79 0.98
426 518 185 29 68 0.95
426 430 134 23 93 0.90
427 607 178 20 80 0.98
427 520 186 26 66 0.96
427 429 138 23 88 0.79
428 607 176 20 80 0.98
428 519 183 28 69 0.96
428 429 132 24 94 0.88
429 606 176 20 81 0.99
429 519 181 28 71 0.93
429 430 139 23 88 0.72
430 521 177 26 77 0.95
430 607 180 19 73 0.92
430 431 136 21 90 0.82
431 520 178 28 76 0.97
431 429 118 25 108 0.71
431 607 183 16 45 0.66
432 520 175 30 81 0.98
432 430 134 21 96 0.78
432 608 180 15 42 0.60
433 522 173 28 83 0.99
434 523 175 28 69 0.97
434 428 118 26 111 0.78
434 606 177 17 42 0.58
435 525 180 24 46 0.73
435 429 132 24 94 0.62
436 430 132 24 95 0.83
436 523 181 28 42 0.80
437 431 129 20 96 0.74
438 433 133 20 89 0.73
439 431 142 22 79 0.33
440 430 135 21 88 0.82
441 428 134 24 85 0.54
442 432 133 22 82 0.78
443 431 140 21 68 0.50
444 431 135 19 63 0.77
445 605 179 19 76 0.92
446 607 180 19 76 0.98
446 432 139 20 47 0.45
447 606 178 19 81 0.98
448 607 177 18 79 0.98
448 525 177 31 66 0.45
448 524 176 28 40 0.30
449 607 178 18 77 0.96
449 526 177 30 75 0.72
450 607 178 18 79 0.98
450 526 178 32 77 0.87
451 607 181 18 75 0.98
451 527 181 32 73 0.91
451 431 138 20 70 0.39
452 606 179 19 77 0.97
452 528 181 30 76 0.93
452 431 128 21 86 0.38
453 606 177 19 79 0.98
453 527 177 33 83 0.97
454 606 180 19 76 0.98
454 529 179 31 80 0.97
454 430 136 21 82 0.81
455 606 178 20 80 0.98
455 532 178 30 81 0.98
455 429 102 25 124 0.73
456 606 178 18 79 0.98
456 533 177 28 84 0.98
456 428 111 25 117 0.90
457 606 176 19 81 0.99
457 536 180 24 77 0.94
457 430 109 23 121 0.66
458 606 178 19 79 0.99
458 536 177 27 80 0.97
458 428 134 23 93 0.71
459 606 175 20 80 0.99
459 537 177 26 79 0.97
459 431 135 21 85 0.78
460 605 177 21 80 0.99
460 537 175 27 85 0.98
460 428 103 26 125 0.38
461 537 176 29 82 0.97
461 605 177 20 79 0.96
461 430 101 25 123 0.65
462 605 177 20 79 0.98
462 539 175 27 81 0.95
462 427 132 23 95 0.62
462 403 85 33 147 0.31
463 605 174 21 81 0.98
463 538 175 29 82 0.97
464 606 177 19 80 0.99
464 540 174 25 87 0.96
464 428 132 21 95 0.69
465 605 174 21 81 0.98
465 540 176 27 83 0.98
465 431 134 18 78 0.45
465 405 140 22 71 0.39
466 605 176 20 80 0.98
466 539 174 28 85 0.96
466 431 144 19 64 0.54
467 541 175 28 84 0.98
467 605 176 20 79 0.97
467 432 143 19 59 0.51
468 605 174 20 82 0.99
470 604 172 22 39 0.53
477 319 196 10 38 0.37
477 325 195 12 42 0.32
480 424 128 28 97 0.74
483 328 204 10 30 0.40
484 542 177 33 86 0.97
485 541 175 38 88 0.99
485 424 136 25 92 0.40
486 543 175 34 89 0.99
487 544 178 29 81 0.91
488 543 176 28 56 0.91
488 598 173 26 45 0.58
489 546 175 29 48 0.83
489 596 174 22 37 0.44
490 548 176 27 46 0.85
491 547 175 22 40 0.47
493 420 139 25 90 0.36
493 397 84 34 145 0.34
499 596 174 24 81 0.96
499 551 175 27 33 0.60
500 598 175 22 82 0.95
500 550 175 24 38 0.46
501 597 173 23 86 0.95
501 548 176 29 83 0.92
502 550 176 27 91 0.97
502 597 176 18 81 0.88
503 551 176 26 88 0.96
503 595 172 24 86 0.96
504 548 176 30 88 0.98
504 598 176 20 82 0.73
504 397 89 31 102 0.62
505 596 174 21 85 0.96
505 548 175 31 91 0.95
505 426 136 20 73 0.52
505 398 78 29 127 0.36
506 546 176 33 88 0.97
506 597 175 19 83 0.94
507 549 177 30 86 0.95
507 597 177 20 83 0.94
508 550 178 29 87 0.97
508 596 176 21 84 0.96
509 545 177 35 92 0.98
509 596 176 21 83 0.97
510 596 178 19 83 0.95
510 547 176 32 90 0.91
510 425 135 21 87 0.68
511 549 179 32 91 0.98
511 595 177 21 83 0.97
512 548 177 33 90 0.96
512 596 176 20 84 0.93
513 549 180 32 88 0.98
513 596 177 19 85 0.92
514 549 178 32 91 0.97
514 595 177 20 83 0.95
514 397 80 29 150 0.51
515 549 178 33 93 0.98
515 594 175 22 85 0.96
515 421 132 22 94 0.57
516 548 179 34 91 0.97
516 594 177 20 85 0.94
516 420 138 24 90 0.86
517 549 178 37 93 0.99
517 594 174 21 84 0.94
517 424 126 24 95 0.43
518 549 179 35 94 0.99
518 594 175 20 87 0.96
518 419 137 25 89 0.52
519 550 177 34 94 0.99
519 594 175 21 83 0.96
519 419 116 25 110 0.41
520 549 177 36 94 0.99
520 594 176 20 84 0.95
520 420 137 24 92 0.40
521 549 176 33 94 0.94
521 593 175 22 87 0.84
521 418 120 24 108 0.38
522 550 176 32 94 0.99
522 593 177 22 84 0.97
523 550 175 32 96 0.99
523 593 175 22 84 0.87
524 549 174 33 96 0.98
524 592 176 23 85 0.88
524 418 138 25 90 0.48
525 552 175 30 95 0.99
525 592 174 23 88 0.92
526 549 176 33 95 0.98
526 591 175 24 87 0.91
526 423 130 21 95 0.54
527 551 177 30 92 0.97
527 589 175 26 88 0.95
528 551 174 31 97 0.98
528 590 176 25 86 0.94
528 418 140 23 89 0.59
529 551 176 30 93 0.98
529 590 176 25 87 0.95
529 420 132 22 96 0.37
530 552 175 31 93 0.98
530 591 177 24 85 0.90
530 418 138 24 90 0.82
531 551 178 32 92 0.99
531 589 177 25 88 0.94
531 420 142 22 80 0.64
532 551 177 31 92 0.99
532 590 176 25 87 0.90
532 418 121 26 102 0.50
533 550 177 32 93 0.98
533 589 175 25 88 0.91
533 420 133 22 91 0.77
534 551 178 33 91 0.99
534 587 175 28 88 0.94
534 420 133 21 88 0.77
535 552 177 31 93 0.98
535 588 179 24 83 0.93
535 420 130 24 92 0.80
536 551 177 30 94 0.98
536 589 177 23 86 0.93
536 419 125 23 100 0.40
537 552 178 33 93 0.99
537 588 177 24 87 0.91
537 418 127 25 94 0.66
538 551 178 30 93 0.98
538 588 178 22 83 0.90
538 420 127 22 93 0.46
539 549 179 32 91 0.96
539 588 178 24 85 0.92
539 418 126 24 98 0.37
540 550 178 32 94 0.99
540 586 177 25 85 0.91
541 547 179 36 93 0.98
541 588 178 23 84 0.89
542 551 178 31 94 0.98
542 587 178 24 86 0.94
543 551 179 29 92 0.98
543 587 180 24 81 0.90
543 418 134 22 92 0.72
544 551 178 30 92 0.99
544 585 177 27 86 0.93
544 417 133 22 88 0.76
545 550 178 30 93 0.98
545 589 182 21 82 0.91
545 308 194 10 36 0.41
545 316 194 12 40 0.32
546 551 179 29 93 0.99
546 585 179 24 85 0.95
546 416 128 23 94 0.61
547 550 178 29 94 0.98
547 584 178 27 87 0.97
548 550 178 29 94 0.97
548 583 176 26 89 0.97
548 310 200 8 32 0.38
549 550 177 30 96 0.98
549 584 177 24 88 0.97
549 416 125 21 93 0.43
550 549 177 32 96 0.99
550 585 180 24 84 0.96
551 550 178 29 92 0.96
551 584 177 25 89 0.96
551 417 130 22 90 0.31
552 549 177 30 95 0.98
552 584 181 23 84 0.95
552 415 139 23 85 0.32
553 549 179 29 94 0.98
553 584 179 24 87 0.95
553 415 121 24 103 0.50
554 549 176 32 97 0.99
554 585 178 23 86 0.96
554 414 130 23 96 0.74
555 549 176 31 97 0.99
555 584 180 23 84 0.97
556 584 178 24 87 0.98
556 549 176 31 97 0.98
556 416 132 22 90 0.58
557 549 177 31 96 0.96
557 585 180 22 85 0.95
557 415 127 22 98 0.65
558 550 175 28 97 0.97
558 585 181 24 83 0.95
558 414 129 24 94 0.87
559 548 178 31 94 0.98
559 584 179 23 87 0.96
559 414 130 23 99 0.86
560 549 176 31 97 0.96
560 584 182 23 84 0.89
560 414 136 22 88 0.76
561 549 177 30 95 0.97
561 584 179 23 86 0.97
561 413 118 26 107 0.76
562 547 177 32 97 0.98
562 584 180 23 85 0.97
562 411 126 26 103 0.74
563 550 178 29 95 0.98
563 583 180 23 85 0.94
563 312 199 12 36 0.55
563 317 200 10 34 0.50
563 310 197 10 38 0.31
563 413 134 25 90 0.31
564 549 178 29 95 0.98
564 584 184 22 81 0.96
564 413 131 24 93 0.69
565 549 177 31 96 0.97
565 583 179 24 88 0.94
565 411 113 24 116 0.48
566 549 177 29 96 0.98
566 584 181 24 85 0.95
566 414 135 23 90 0.69
567 548 178 32 94 0.98
567 582 181 25 84 0.93
567 412 133 24 90 0.70
568 583 181 24 85 0.98
568 548 178 32 95 0.97
568 411 137 25 90 0.80
569 549 178 30 96 0.98
569 585 179 22 88 0.95
570 549 177 30 97 0.98
570 582 179 25 88 0.97
570 413 121 23 105 0.38
571 548 176 31 97 0.98
571 582 178 25 89 0.98
571 412 119 24 104 0.56
572 548 178 31 95 0.98
572 582 183 26 83 0.94
572 413 121 23 106 0.57
573 548 179 30 94 0.98
573 583 185 24 82 0.91
573 412 116 26 107 0.58
574 547 177 32 97 0.97
574 582 182 24 83 0.96
574 412 136 23 86 0.79
575 547 178 30 94 0.98
575 408 130 27 99 0.81
575 581 183 25 84 0.81
576 548 177 31 96 0.98
576 582 183 25 84 0.95
576 388 78 31 154 0.81
576 411 129 25 95 0.59
577 548 179 30 94 0.98
577 581 182 26 85 0.77
577 395 84 39 146 0.42
578 547 179 31 97 0.97
578 582 181 25 86 0.91
579 548 179 30 96 0.96
579 582 183 24 84 0.77
579 411 137 22 83 0.74
580 547 179 33 94 0.98
580 580 179 27 89 0.90
580 387 75 29 150 0.71
581 546 179 33 96 0.97
581 581 181 26 87 0.73
581 412 132 20 83 0.55
582 548 181 30 92 0.95
582 580 182 27 84 0.88
582 413 140 19 65 0.37
583 548 178 31 80 0.91
583 581 177 26 90 0.84
584 548 178 27 45 0.89
585 549 177 26 37 0.74
591 309 207 9 31 0.30
592 303 202 11 34 0.65
592 306 203 11 34 0.50
592 301 202 9 34 0.38
598 299 198 10 36 0.45
599 550 178 22 49 0.81
599 299 198 10 34 0.35
601 405 139 23 91 0.62
601 302 204 9 31 0.42
601 306 204 9 32 0.34
602 302 198 11 37 0.40
602 300 194 9 40 0.39
602 307 203 10 33 0.33
603 302 201 10 34 0.75
603 306 202 9 34 0.56
603 299 201 10 34 0.56
604 405 137 22 84 0.65
607 580 180 26 88 0.80
607 553 179 23 57 0.75
608 551 181 27 95 0.99
608 579 180 27 88 0.89
609 550 180 28 95 0.98
609 580 180 25 86 0.67
610 550 185 29 91 0.98
610 581 177 23 92 0.72
610 405 134 22 73 0.65
611 550 181 30 94 0.99
611 581 183 23 86 0.71
612 551 183 28 92 0.98
612 581 181 24 87 0.83
613 551 182 28 93 0.98
613 580 181 26 88 0.73
614 549 180 31 96 0.99
614 579 177 25 92 0.87
615 550 184 28 92 0.97
615 580 178 22 89 0.78
615 302 204 12 33 0.52
615 300 203 10 35 0.32
616 552 177 28 99 0.97
616 579 175 25 92 0.83
616 301 203 12 34 0.76
616 399 124 28 102 0.63
617 549 180 31 95 0.98
617 580 179 24 90 0.86
617 301 202 12 35 0.69
618 549 178 30 100 0.99
618 578 177 25 90 0.90
618 302 205 12 32 0.64
618 300 204 10 34 0.44
619 549 185 29 91 0.97
619 300 205 13 32 0.77
619 580 182 22 87 0.60
619 297 205 9 30 0.52
620 550 176 30 99 0.99
620 579 176 22 93 0.70
620 299 203 10 33 0.51
620 297 202 9 33 0.43
621 549 178 30 97 0.99
621 580 184 22 87 0.75
621 301 202 12 35 0.68
621 299 201 10 36 0.59
621 305 202 11 35 0.53
621 293 201 9 31 0.39
622 549 180 30 96 0.99
622 579 177 24 91 0.85
623 549 181 30 94 0.98
623 579 179 24 90 0.86
623 376 75 30 141 0.43
624 549 179 31 98 0.97
624 579 178 23 92 0.85
624 298 203 10 34 0.51
624 301 203 11 34 0.36
625 551 178 28 98 0.99
625 579 184 23 85 0.87
625 401 132 25 91 0.76
626 549 176 33 101 0.98
626 579 176 22 91 0.88
626 399 121 25 105 0.36
627 549 177 34 99 0.98
627 581 181 21 86 0.90
627 375 75 29 137 0.36
628 551 177 28 98 0.95
628 580 184 19 86 0.82
629 550 176 30 100 0.97
629 580 182 22 86 0.90
629 302 204 11 32 0.45
629 299 203 9 32 0.41
629 305 205 11 31 0.32
630 551 178 29 97 0.99
630 579 182 22 86 0.91
631 551 176 29 100 0.98
631 579 181 25 87 0.91
632 552 177 27 100 0.99
632 578 177 24 94 0.85
632 302 203 11 34 0.40
632 298 201 9 35 0.40
632 294 199 10 35 0.40
632 290 198 8 34 0.37
632 401 116 23 107 0.30
633 553 179 27 98 0.98
633 578 177 23 90 0.88
634 552 180 28 100 0.99
634 579 181 22 89 0.87
634 297 203 10 33 0.60
634 293 203 12 32 0.56
634 291 203 9 32 0.33
635 551 178 28 98 0.97
635 577 177 24 92 0.92
636 550 180 29 98 0.98
636 578 180 25 90 0.90
636 292 197 12 38 0.71
636 289 196 11 39 0.63
636 297 198 10 39 0.55
637 551 180 28 96 0.98
637 577 181 23 89 0.87
638 550 176 29 101 0.98
638 577 179 25 92 0.90
638 296 203 11 34 0.47
639 550 179 28 97 0.98
639 578 180 23 91 0.89
639 401 132 20 87 0.62
639 298 202 9 35 0.32
640 551 178 30 98 0.99
640 578 178 24 92 0.86
641 551 178 29 99 0.98
641 577 178 24 93 0.84
642 549 181 30 100 0.98
642 577 176 24 99 0.71
642 293 202 12 34 0.50
643 550 182 29 92 0.97
643 577 179 24 91 0.67
643 293 202 11 34 0.55
643 296 201 11 36 0.54
643 300 201 12 36 0.30
644 548 189 30 88 0.94
644 577 180 24 91 0.69
645 550 181 30 94 0.97
645 578 178 22 93 0.76
645 298 200 10 38 0.51
645 292 200 12 37 0.50
645 302 201 12 38 0.41
645 306 202 11 38 0.33
646 551 187 27 93 0.92
646 576 178 25 95 0.85
646 398 133 23 91 0.58
646 293 200 11 37 0.57
646 296 200 11 39 0.47
646 289 200 10 35 0.33
647 547 186 33 89 0.97
647 576 178 26 94 0.78
647 294 200 11 36 0.65
647 297 200 10 37 0.57
647 291 199 9 36 0.38
647 395 121 26 108 0.33
648 548 183 31 94 0.94
648 576 178 24 93 0.86
648 398 120 24 101 0.40
649 548 180 31 98 0.97
649 576 180 26 90 0.93
649 293 201 11 35 0.73
649 296 201 11 36 0.68
649 291 200 10 36 0.35
649 378 137 21 99 0.30
650 548 180 32 99 0.93
650 576 179 25 90 0.71
650 392 103 31 128 0.43
651 547 182 32 97 0.95
651 575 180 26 90 0.93
651 295 201 12 36 0.60
651 297 201 14 37 0.33
652 547 179 32 99 0.99
652 576 183 24 86 0.81
652 292 204 12 33 0.67
652 296 203 11 35 0.63
652 394 121 27 109 0.52
652 290 204 10 32 0.46
652 299 203 13 35 0.33
653 547 181 34 96 0.96
653 575 180 26 89 0.90
653 292 199 12 37 0.69
653 297 200 10 37 0.62
653 289 199 11 37 0.52
653 300 201 12 37 0.41
653 393 101 29 126 0.34
654 547 181 32 98 0.92
654 575 178 26 94 0.52
654 296 201 11 36 0.40
654 395 116 25 108 0.32
655 575 179 26 89 0.92
655 551 186 29 91 0.82
655 291 198 12 39 0.42
655 296 199 11 38 0.36
656 546 179 36 100 0.96
656 573 180 27 91 0.89
656 395 117 25 111 0.75
656 291 201 12 38 0.69
657 548 180 34 95 0.94
657 575 180 25 88 0.90
657 394 139 25 86 0.88
657 289 197 14 40 0.39
657 294 199 13 39 0.32
658 548 186 30 91 0.87
658 576 185 23 86 0.81
658 291 202 11 36 0.42
659 548 182 35 97 0.98
659 574 181 27 89 0.87
659 395 131 24 95 0.44
660 548 180 33 98 0.97
660 576 183 25 86 0.89
660 393 138 27 87 0.70
660 290 197 10 41 0.42
661 550 184 31 97 0.97
661 575 179 26 92 0.92
661 398 141 20 77 0.47
662 548 186 32 95 0.96
662 575 180 25 91 0.95
662 292 203 12 33 0.62
662 394 133 26 95 0.53
663 575 181 26 90 0.96
663 549 188 29 92 0.89
663 292 203 11 34 0.55
663 289 202 10 35 0.51
663 295 205 11 33 0.40
664 550 185 30 92 0.95
664 576 181 25 90 0.93
664 290 197 14 38 0.49
664 294 199 13 38 0.41
664 395 120 25 104 0.36
665 550 182 29 94 0.95
665 576 182 24 89 0.86
665 395 139 22 90 0.44
666 551 182 29 96 0.98
666 577 185 23 87 0.90
666 289 192 15 45 0.73
666 293 191 13 48 0.63
667 551 181 30 96 0.92
667 578 180 23 91 0.85
667 393 112 26 117 0.59
667 292 205 13 33 0.45
667 332 153 20 63 0.33
668 550 180 31 98 0.95
668 579 183 22 89 0.88
668 395 140 23 83 0.61
669 551 178 32 98 0.96
669 580 184 22 87 0.80
669 294 195 13 44 0.67
669 390 109 30 122 0.61
670 551 176 30 102 0.96
670 578 180 25 92 0.85
670 391 126 26 104 0.68
671 552 177 30 104 0.97
671 579 182 23 90 0.88
671 396 136 22 87 0.56
671 293 204 14 34 0.38
672 551 179 33 102 0.96
672 581 184 21 89 0.82
672 394 132 22 96 0.80
673 549 178 35 104 0.98
673 581 185 20 88 0.79
673 392 140 26 88 0.76
673 292 204 12 34 0.40
674 551 176 33 106 0.96
674 580 182 23 91 0.92
674 394 135 22 87 0.42
675 550 178 35 101 0.97
675 579 185 24 91 0.87
675 326 156 27 61 0.66
675 389 132 24 100 0.49
676 549 178 34 103 0.98
676 581 182 22 88 0.87
676 395 140 20 79 0.67
676 291 206 13 32 0.51
676 296 207 11 31 0.40
676 289 206 10 32 0.32
677 550 176 35 107 0.99
677 581 183 22 90 0.86
677 391 141 23 88 0.43
678 550 175 33 108 0.98
678 580 183 25 91 0.88
678 393 139 22 86 0.86
679 549 177 36 105 0.99
679 581 183 24 93 0.83
679 393 134 23 92 0.73
680 550 177 34 106 0.99
680 581 184 23 89 0.93
680 394 131 22 87 0.35
681 551 175 34 109 0.98
681 580 184 26 91 0.85
681 279 190 22 49 0.61
681 564 184 26 94 0.33
682 548 176 36 107 0.97
682 580 185 25 92 0.86
683 551 187 31 96 0.94
683 579 182 27 99 0.68
683 295 206 12 35 0.52
683 279 199 10 36 0.45
683 288 200 9 39 0.42
684 549 177 35 108 0.98
684 580 184 25 94 0.86
684 277 191 13 48 0.47
685 548 178 34 107 0.96
685 578 183 28 96 0.91
685 279 192 15 46 0.57
685 283 192 13 47 0.40
685 387 129 25 101 0.36
686 581 185 27 91 0.96
686 548 179 36 104 0.96
686 281 198 14 41 0.59
686 286 200 11 39 0.57
686 288 201 13 38 0.34
687 547 178 38 106 0.98
687 582 184 26 93 0.97
687 278 192 11 44 0.47
688 546 176 40 107 0.98
688 583 186 25 89 0.96
688 284 199 14 39 0.68
688 288 200 14 38 0.48
688 278 199 12 39 0.33
689 549 180 38 103 0.97
689 584 188 24 88 0.94
689 388 135 22 95 0.44
689 566 188 22 93 0.37
690 583 188 25 89 0.95
690 550 179 33 105 0.94
690 284 198 13 42 0.62
690 544 180 21 67 0.39
690 388 122 24 104 0.34
691 548 176 38 110 0.97
691 584 189 24 89 0.93
691 390 141 20 80 0.78
691 278 196 18 42 0.50
692 584 185 24 93 0.96
692 556 180 29 106 0.86
692 547 177 31 100 0.83
692 543 183 22 64 0.64
692 568 187 20 96 0.53
693 548 180 38 104 0.97
693 585 186 23 94 0.93
693 386 130 25 97 0.62
693 564 185 23 100 0.49
693 278 196 16 43 0.48
694 548 175 37 109 0.97
694 584 183 27 92 0.92
694 386 132 26 94 0.82
694 277 190 13 48 0.49
695 549 178 39 107 0.99
695 584 185 27 92 0.94
695 384 132 26 96 0.66
695 279 197 15 41 0.51
695 284 197 12 42 0.41
695 277 196 12 41 0.31
696 549 178 38 106 0.99
696 586 188 24 91 0.94
696 282 201 11 35 0.72
696 285 201 10 36 0.61
696 280 201 9 35 0.48
697 550 177 36 108 0.98
697 583 186 28 93 0.90
697 281 196 14 41 0.59
697 285 198 12 40 0.49
697 279 194 11 44 0.36
698 549 178 38 108 0.99
698 586 185 26 90 0.94
698 380 137 28 94 0.78
699 551 177 35 110 0.99
699 586 188 25 87 0.94
699 385 133 26 94 0.80
699 285 203 11 36 0.45
700 550 176 36 108 0.99
700 586 184 28 93 0.91
700 385 140 25 84 0.74
701 551 175 35 110 0.99
701 587 187 27 91 0.92
701 281 199 12 38 0.69
701 385 133 23 91 0.66
701 286 201 9 36 0.47
702 551 175 37 111 0.99
702 586 184 29 93 0.86
702 386 133 23 94 0.44
703 554 175 35 113 0.98
703 587 185 29 93 0.88
703 386 131 22 90 0.54
704 553 176 35 108 0.98
704 585 186 33 94 0.78
704 385 134 22 89 0.72
704 274 192 18 46 0.39
705 555 174 33 109 0.98
705 587 191 31 89 0.81
706 553 173 36 115 0.98
706 588 188 30 93 0.85
706 383 134 23 98 0.56
706 277 191 11 44 0.38
707 554 172 36 114 0.97
707 588 186 29 95 0.87
708 555 171 33 115 0.97
708 588 186 29 94 0.94
708 381 131 27 99 0.70
709 554 173 38 114 0.98
709 589 187 28 96 0.91
709 384 134 23 90 0.68
710 554 175 36 113 0.99
710 590 186 28 95 0.95
711 555 174 35 117 0.98
711 591 188 28 95 0.94
711 382 132 24 96 0.69
712 554 177 35 114 0.99
712 593 189 27 93 0.96
713 555 176 35 115 0.98
713 593 185 26 97 0.96
713 269 195 15 45 0.46
714 555 174 37 115 0.99
714 594 185 25 99 0.96
715 554 173 36 118 0.99
715 596 185 27 96 0.96
715 381 105 26 118 0.40
716 553 176 39 117 0.99
716 598 188 26 95 0.94
716 377 140 26 93 0.73
717 552 175 40 116 0.99
717 595 184 26 98 0.98
717 376 100 29 130 0.65
717 271 196 13 40 0.31
718 551 174 44 118 0.99
718 596 182 32 103 0.96
718 375 115 29 116 0.74
718 278 206 10 33 0.30
719 552 173 42 117 0.98
719 598 187 29 97 0.93
719 379 104 25 124 0.58
720 551 173 41 120 0.99
720 598 185 31 98 0.93
721 553 172 40 121 0.97
721 599 185 29 100 0.95
721 381 140 21 84 0.79
722 551 170 43 122 0.99
722 597 184 33 100 0.95
722 372 131 32 98 0.82
722 278 208 10 29 0.47
722 269 202 9 33 0.34
723 552 168 43 126 0.98
723 598 182 32 103 0.95
723 376 131 27 95 0.80
723 278 205 10 33 0.34
723 354 68 34 157 0.33
724 557 172 40 121 0.99
724 598 184 35 100 0.97
724 373 127 30 100 0.69
725 553 170 43 123 0.99
725 598 184 32 99 0.94
725 377 130 24 100 0.71
726 551 173 45 121 0.99
726 600 181 33 104 0.97
726 377 139 24 87 0.71
727 552 175 45 121 0.99
727 602 178 30 107 0.98
727 378 136 22 78 0.58
728 554 174 44 123 0.99
728 602 180 28 104 0.98
728 277 207 10 31 0.51
728 274 205 11 33 0.41
728 376 135 23 92 0.37
729 557 174 39 122 0.99
729 603 179 30 107 0.99
729 276 206 12 33 0.61
729 376 136 24 91 0.46
729 271 205 10 32 0.34
730 556 175 40 121 0.99
730 604 176 31 108 0.98
731 558 174 38 123 0.98
731 604 179 30 109 0.98
732 558 175 39 124 0.99
732 603 178 28 108 0.95
732 375 139 22 85 0.75
733 559 169 40 130 0.98
733 603 182 28 105 0.96
734 558 170 40 131 0.99
734 603 181 30 105 0.97
734 371 136 24 98 0.56
735 559 169 39 132 0.98
735 604 183 27 104 0.97
735 374 136 23 89 0.56
736 561 169 36 127 0.99
736 602 186 30 102 0.97
737 561 167 38 128 0.99
737 604 179 28 107 0.97
737 370 139 25 89 0.78
738 561 165 41 134 0.99
738 606 177 27 109 0.97
739 562 164 38 135 0.99
739 606 183 28 103 0.96
740 561 163 42 136 0.99
740 607 185 27 102 0.96
740 371 134 24 96 0.36
741 560 164 41 131 0.98
741 607 181 27 104 0.95
741 371 139 23 87 0.46
742 559 163 43 137 0.99
742 609 181 26 105 0.93
743 559 165 45 138 0.99
743 610 178 24 106 0.92
743 372 140 22 83 0.61
744 558 169 43 131 0.99
744 613 179 21 107 0.76
744 368 136 26 93 0.67
744 267 207 10 31 0.34
745 559 167 44 137 0.99
745 615 179 19 113 0.39
746 560 168 44 135 0.98
746 612 179 22 111 0.88
746 346 138 24 98 0.71
746 371 127 24 95 0.34
747 560 170 42 129 0.95
747 614 177 20 116 0.85
748 559 171 43 131 0.99
748 612 176 23 113 0.94
748 370 125 24 92 0.34
749 560 167 41 139 0.99
749 614 179 22 110 0.88
749 367 133 25 97 0.69
750 561 167 46 137 0.99
750 615 179 20 112 0.64
751 559 167 45 136 0.98
751 617 178 19 117 0.87
752 560 167 43 134 0.99
752 617 179 19 110 0.79
753 557 166 48 136 0.99
753 616 179 18 108 0.76
753 365 138 25 90 0.44
754 560 165 46 138 0.99
754 366 141 23 88 0.70
755 559 164 48 143 0.99
755 618 179 17 115 0.71
755 362 138 25 94 0.51
756 561 166 46 138 0.99
756 364 143 24 86 0.54
756 617 177 18 111 0.38
757 559 164 48 140 0.99
757 363 131 22 102 0.48
758 561 162 47 142 0.99
759 560 165 48 142 0.99
759 361 143 24 89 0.85
760 562 164 47 142 0.99
760 258 193 10 45 0.40
761 561 168 50 138 1.00
761 356 140 30 94 0.87
762 562 166 49 142 1.00
762 358 117 28 112 0.62
763 566 168 46 139 0.99
763 357 140 28 94 0.67
764 567 169 46 139 0.99
764 362 127 24 96 0.39
765 567 170 50 143 0.99
765 360 126 27 99 0.43
766 568 165 47 145 1.00
767 570 165 48 147 0.99
767 253 203 11 33 0.43
767 250 202 9 33 0.34
767 258 204 9 33 0.34
768 571 167 48 145 0.99
768 359 139 25 92 0.70
768 337 141 24 91 0.41
769 570 167 47 141 0.99
770 572 161 46 149 1.00
770 357 111 27 119 0.64
771 571 163 48 147 0.99
771 358 128 25 100 0.59
772 574 159 47 152 1.00
772 353 137 28 96 0.84
773 574 159 51 151 1.00
773 357 133 24 94 0.84
774 572 161 51 151 1.00
774 352 133 29 101 0.63
775 573 160 52 153 1.00
776 572 163 53 151 1.00
777 571 160 54 156 1.00
777 355 142 23 85 0.75
778 576 160 51 158 1.00
778 347 138 30 97 0.61
779 575 161 48 155 1.00
779 353 138 25 92 0.59
780 577 163 47 153 1.00
780 351 142 27 90 0.79
780 328 144 25 102 0.75
781 577 165 50 152 1.00
781 347 129 29 106 0.43
782 576 164 53 149 0.99
782 352 108 26 120 0.44
783 575 165 56 153 0.99
783 329 144 22 90 0.59
783 351 124 24 108 0.55
784 573 162 60 160 1.00
784 349 125 27 108 0.75
785 576 163 57 156 1.00
785 346 139 28 97 0.88
786 579 160 51 159 1.00
786 352 135 23 95 0.57
787 579 159 52 160 1.00
788 579 156 55 163 1.00
789 581 154 53 163 1.00
790 582 157 53 164 1.00
791 584 157 53 163 1.00
791 345 119 28 121 0.55
792 584 160 52 161 1.00
792 346 128 26 100 0.77
793 583 156 52 167 1.00
793 341 131 30 104 0.56
794 583 159 51 163 1.00
794 342 138 29 94 0.74
794 270 223 13 36 0.39
794 267 220 12 38 0.33
795 583 155 51 167 1.00
795 339 122 30 113 0.41
796 585 158 52 163 1.00
796 342 110 28 122 0.49
797 590 159 47 160 0.99
797 345 142 23 85 0.46
798 589 159 46 164 1.00
799 590 159 46 163 1.00
800 593 158 42 165 1.00
800 341 132 26 99 0.51
801 594 154 41 167 0.99
801 342 139 23 90 0.33
802 593 153 42 172 1.00
803 595 153 41 169 0.99
803 341 129 25 101 0.44
804 596 150 40 176 0.99
805 597 152 39 174 1.00
805 340 130 24 102 0.34
806 597 148 39 184 0.99
806 335 127 27 108 0.41
807 599 153 37 166 0.96
807 611 219 24 108 0.46
807 333 144 30 88 0.33
808 601 151 33 171 0.98
809 600 155 35 170 0.98
810 601 152 35 170 0.97
810 336 133 24 94 0.51
810 262 224 13 34 0.47
810 315 139 22 91 0.31
811 605 153 30 170 0.97
812 605 158 31 163 0.97
812 335 113 25 113 0.58
813 605 159 29 136 0.90
813 334 135 24 93 0.62
813 218 194 12 43 0.60
813 222 195 12 42 0.55
813 225 197 12 41 0.47
814 605 163 30 151 0.84
815 605 158 31 156 0.88
816 606 154 29 159 0.93
816 331 134 26 97 0.65
817 599 153 37 141 0.98
817 329 125 29 106 0.66
818 597 155 39 132 0.98
819 597 159 38 128 0.95
819 329 111 26 123 0.59
820 598 154 39 133 0.98
820 331 111 25 116 0.48
821 598 159 37 123 0.97
821 329 126 25 103 0.84
821 612 154 22 111 0.38
822 599 155 37 131 0.97
822 326 134 28 97 0.38
823 597 163 39 120 0.95
823 329 122 24 98 0.70
823 218 198 11 39 0.46
824 598 158 38 126 0.99
825 600 155 37 129 0.98
825 326 120 28 103 0.71
826 598 161 40 122 0.93
826 326 134 24 91 0.72
826 612 161 26 110 0.40
827 601 171 34 109 0.72
828 325 136 25 90 0.43
828 610 176 24 96 0.33
829 607 172 29 107 0.85
829 324 129 25 97 0.64
830 608 183 26 94 0.91
831 613 186 23 85 0.79
831 321 133 26 97 0.62
832 615 186 21 85 0.62
832 212 196 13 42 0.54
832 321 131 26 99 0.45
832 217 198 10 40 0.42
832 209 195 11 42 0.38
833 615 188 21 91 0.82
833 317 122 31 109 0.55
833 209 197 15 41 0.35
833 216 198 10 41 0.30
834 616 193 21 81 0.91
834 317 99 31 134 0.67
835 618 191 20 88 0.53
835 320 135 26 96 0.44
836 319 120 28 109 0.47
838 624 198 15 78 0.66
838 317 112 28 119 0.36
839 623 203 16 74 0.78
840 623 226 14 50 0.34
841 208 192 10 45 0.52
843 313 124 29 105 0.80
843 209 192 13 45 0.50
845 316 122 23 102 0.40
846 314 121 25 104 0.70
847 310 131 26 102 0.37
849 200 202 9 34 0.49
849 307 143 27 94 0.31
851 309 122 26 109 0.48
851 200 190 13 46 0.36
851 197 188 12 47 0.36
853 307 121 28 110 0.67
855 308 123 26 103 0.75
855 198 195 10 43 0.56
855 200 195 11 43 0.51
855 195 195 9 41 0.46
856 310 115 23 109 0.49
858 304 109 29 121 0.48
859 308 125 25 95 0.68
860 303 125 29 101 0.61
862 300 104 31 127 0.67
864 198 201 9 35 0.37
867 302 104 24 122 0.40
867 191 200 9 33 0.30
868 298 112 29 117 0.87
871 186 193 15 40 0.37
873 188 196 14 39 0.33
875 263 57 41 182 0.33
875 298 86 26 143 0.33
877 293 120 30 109 0.32
879 296 115 26 113 0.47
879 180 201 7 28 0.31
880 217 217 16 42 0.32
881 293 98 31 130 0.46
882 179 201 8 30 0.34
889 294 116 24 109 0.47
890 207 207 16 48 0.63
890 212 207 15 49 0.41
892 622 177 16 70 0.62
893 616 177 21 76 0.58
894 618 175 21 133 0.84
894 615 178 22 95 0.33
895 615 177 24 157 0.52
896 610 174 28 146 0.83
896 289 115 25 113 0.51
897 607 168 30 140 0.95
898 606 162 31 145 0.98
899 604 164 33 142 0.99
900 605 162 31 148 0.99
901 605 167 31 138 0.98
902 604 161 31 142 0.97
903 602 165 33 138 0.97
904 600 164 35 140 0.99
905 599 162 36 140 0.99
906 597 162 38 144 0.99
907 596 163 38 142 0.99
908 591 163 44 141 0.99
909 582 163 50 144 0.99
910 578 162 53 144 1.00
910 285 127 28 98 0.81
911 579 162 52 144 1.00
912 580 167 49 138 1.00
912 2 216 16 70 0.50
913 579 176 52 127 1.00
914 579 166 51 138 1.00
915 577 164 51 138 1.00
916 575 162 52 141 1.00
917 574 168 49 135 1.00
917 171 198 14 36 0.48
917 169 198 10 35 0.31
917 175 198 12 36 0.31
918 571 172 46 131 0.99
919 569 176 45 128 0.99
920 566 172 44 132 0.99
921 565 174 44 129 0.97
921 281 73 30 154 0.65
921 166 197 12 36 0.34
922 562 174 47 127 0.97
923 559 167 51 136 0.99
924 556 164 52 137 1.00
924 283 134 24 92 0.33
925 555 167 49 133 0.99
926 551 165 58 133 1.00
927 552 168 52 132 0.99
928 552 169 56 130 0.99
929 552 168 49 131 1.00
930 549 168 52 131 1.00
930 277 128 29 99 0.44
931 547 168 52 131 1.00
931 211 154 24 83 0.35
932 554 167 44 129 1.00
933 548 167 47 127 1.00
933 275 131 30 98 0.60
934 551 167 46 130 1.00
935 550 166 45 131 1.00
935 275 116 31 112 0.43
936 550 166 41 131 1.00
936 271 77 37 155 0.55
937 550 168 40 128 1.00
937 275 133 29 98 0.36
938 549 167 39 130 1.00
939 548 167 38 130 1.00
940 547 168 39 130 1.00
941 545 167 40 132 1.00
942 546 169 38 129 1.00
942 160 199 9 32 0.52
943 544 169 40 130 1.00
944 540 171 40 125 1.00
945 540 170 39 127 0.99
946 540 171 41 126 1.00
947 537 171 42 124 0.99
948 536 169 42 127 1.00
949 534 168 45 128 0.99
950 534 168 42 127 0.99
951 532 167 45 128 1.00
951 623 203 16 66 0.61
951 236 42 49 186 0.33
952 533 166 44 129 1.00
952 623 204 15 61 0.86
953 532 166 46 128 0.99
954 531 166 47 126 1.00
955 528 166 51 128 0.99
955 618 173 18 91 0.40
956 529 167 47 128 0.99
956 614 170 24 96 0.88
956 268 141 26 89 0.33
957 527 170 46 125 0.99
957 613 169 24 100 0.79
957 266 125 31 102 0.51
958 526 171 55 125 0.99
958 609 167 27 102 0.91
959 525 170 50 125 0.99
959 608 175 26 97 0.97
960 528 172 54 124 1.00
960 606 179 28 92 0.98
960 187 219 16 38 0.42
960 266 121 28 102 0.31
961 525 172 52 123 0.99
961 605 180 29 93 0.97
962 525 171 52 124 0.99
962 604 183 28 87 0.98
963 527 173 51 120 1.00
963 603 178 29 94 0.98
963 264 131 27 96 0.42
963 185 221 14 35 0.35
964 529 171 47 122 0.99
964 601 179 28 91 0.98
964 264 123 27 102 0.66
964 540 163 15 26 0.31
965 528 171 45 120 0.99
965 600 177 29 96 0.98
966 526 171 46 120 1.00
966 598 176 30 95 0.96
967 528 166 40 125 1.00
967 597 176 29 95 0.97
968 526 167 42 123 0.99
968 596 173 31 101 0.97
968 146 188 13 44 0.65
969 525 167 43 121 0.99
969 595 176 30 98 0.98
970 525 167 39 123 0.99
970 592 175 32 102 0.98
971 521 167 42 123 1.00
971 591 176 34 99 0.97
971 176 214 14 41 0.63
972 520 169 43 120 0.99
972 591 176 32 96 0.96
973 519 171 42 117 0.99
973 585 175 36 102 0.98
974 517 167 42 123 0.98
974 585 175 36 99 0.96
975 516 164 41 127 0.99
975 586 174 34 101 0.98
975 140 200 9 31 0.42
976 512 165 43 124 0.99
976 586 175 34 98 0.96
977 512 169 43 120 0.99
977 587 171 32 103 0.99
978 510 168 44 121 0.99
978 584 171 36 102 0.95
978 590 203 24 69 0.58
979 509 167 41 118 0.99
979 585 170 34 108 0.99
980 508 165 39 121 0.99
980 586 174 31 104 0.98
981 506 164 40 121 0.99
981 583 173 35 113 0.99
982 506 164 38 120 1.00
982 583 177 38 111 0.99
983 504 165 38 118 1.00
983 585 177 36 106 0.99
984 501 165 39 119 0.99
984 584 179 37 102 0.99
985 500 166 36 117 0.98
985 585 179 38 102 0.98
986 497 165 37 120 1.00
986 584 177 40 104 0.98
986 156 213 12 41 0.33
987 495 166 37 117 1.00
987 586 175 37 97 0.96
988 490 169 41 115 0.99
988 583 175 40 116 0.98
989 486 172 46 111 0.99
989 585 173 40 110 0.99
990 481 172 50 113 1.00
990 586 175 38 115 0.97
990 120 197 8 34 0.32
991 475 174 57 111 1.00
991 586 177 42 115 0.99
992 480 173 49 110 1.00
992 586 179 42 119 0.99
993 475 173 51 112 0.99
993 589 184 38 112 0.99
994 480 171 48 112 1.00
994 585 184 41 109 0.98
995 479 171 42 109 1.00
995 585 185 39 112 0.99
996 474 170 48 108 0.99
996 586 182 40 115 0.99
997 588 179 37 118 1.00
997 471 170 51 108 0.99
998 471 166 38 112 1.00
998 587 173 39 125 0.99
998 217 131 33 97 0.65
999 470 169 48 109 1.00
999 589 172 39 126 0.99
999 134 197 16 59 0.57
1000 592 170 37 130 0.99
1000 464 166 45 113 0.99
1001 462 167 36 111 0.99
1001 590 169 41 131 0.99
1002 458 166 38 113 0.99
1002 591 173 42 126 0.98
1002 135 220 13 34 0.39
1003 452 169 42 110 1.00
1003 595 176 39 125 0.97
1004 450 178 42 102 0.99
1004 596 178 40 121 0.97
1004 181 204 15 58 0.35
1005 447 173 41 107 1.00
1005 594 179 41 119 0.99
1005 101 198 8 33 0.43
1006 445 173 43 108 1.00
1006 597 183 38 105 0.91
1007 443 174 41 104 0.99
1007 599 181 36 117 0.99
1008 442 169 40 110 1.00
1008 601 177 33 115 0.92
1008 605 211 30 90 0.63
1009 439 174 41 104 1.00
1009 604 173 31 104 0.91
1010 435 173 42 104 0.99
1010 605 174 31 127 0.98
1011 432 170 40 107 0.99
1011 605 167 31 134 0.97
1012 428 170 39 107 1.00
1012 607 169 28 131 0.95
1012 171 212 8 44 0.50
1012 89 203 9 27 0.30
1013 424 169 37 108 0.99
1013 608 171 27 124 0.96
1013 165 203 12 57 0.56
1013 88 203 10 30 0.54
1013 84 203 7 27 0.35
1014 422 168 35 109 0.99
1014 612 170 23 128 0.66
1014 164 198 12 63 0.33
1015 418 167 37 108 0.99
1015 609 187 26 103 0.91
1016 413 167 40 108 0.99
1016 81 201 7 30 0.31
1017 412 166 36 109 0.99
1018 411 169 33 107 0.99
1018 81 203 9 31 0.50
1018 84 202 9 32 0.31
1019 405 167 37 108 0.99
1019 153 203 14 56 0.59
1020 402 169 39 105 0.99
1020 78 203 10 30 0.44
1020 72 202 9 28 0.36
1021 399 168 41 109 0.99
1022 394 169 41 106 0.99
1022 69 199 10 31 0.34
1023 391 169 41 106 0.99
1024 392 170 35 106 0.99
1024 139 195 21 67 0.37
1025 391 169 37 106 0.99
1025 62 195 9 34 0.40
1025 67 197 10 34 0.31
1026 386 167 36 104 0.99
1027 382 170 38 101 0.99
1028 378 167 35 103 0.99
1029 379 166 34 105 1.00
1029 137 200 11 57 0.33
1030 377 165 32 108 0.99
1031 372 166 37 106 0.99
1031 129 198 18 60 0.80
1031 58 198 12 31 0.37
1031 169 125 25 96 0.31
1032 372 165 32 106 0.99
1033 366 166 34 105 0.99
1033 124 194 19 69 0.40
1033 130 195 15 64 0.35
1034 358 163 39 109 0.99
1034 583 183 14 83 0.58
1035 355 167 41 104 1.00
1035 117 190 22 74 0.76
1036 353 169 40 104 1.00
1036 48 196 11 34 0.59
1036 51 197 16 33 0.39
1037 352 168 37 103 0.99
1037 124 197 13 59 0.59
1038 351 168 37 101 0.99
1039 349 169 37 102 0.99
1039 43 186 21 47 0.51
1039 150 198 16 29 0.48
1039 116 191 18 71 0.48
1040 344 169 41 102 0.99
1040 41 196 10 33 0.32
1040 49 198 11 31 0.31
1041 343 168 40 103 1.00
1041 111 193 19 68 0.73
1041 38 196 11 30 0.33
1042 340 168 39 102 1.00
1042 114 197 15 61 0.43
1043 339 170 35 100 1.00
1043 113 199 15 59 0.83
1043 118 200 14 56 0.33
1044 335 167 35 103 0.99
1044 113 192 14 65 0.66
1045 329 164 38 104 0.98
1046 327 164 36 103 0.99
1046 621 173 16 92 0.64
1046 34 202 29 71 0.56
1047 325 169 36 99 0.99
1047 618 174 18 82 0.85
1047 106 200 16 60 0.57
1047 112 202 13 55 0.44
1047 30 194 10 35 0.33
1047 30 213 33 59 0.32
1048 324 168 36 100 1.00
1048 615 172 22 91 0.70
1048 104 191 20 68 0.43
1049 322 171 36 98 0.99
1049 609 172 25 97 0.94
1049 105 195 16 63 0.77
1049 110 197 14 59 0.49
1050 316 173 38 96 0.99
1050 609 174 25 91 0.83
1050 103 193 15 64 0.37
1050 24 217 39 62 0.31
1051 313 172 40 94 0.99
1051 605 169 29 100 0.87
1051 106 204 12 55 0.86
1051 111 205 11 52 0.47
1052 314 179 41 88 0.96
1052 102 198 15 58 0.81
1053 309 172 43 97 0.99
1053 597 172 30 98 0.75
1053 593 220 43 53 0.41
1053 105 199 11 57 0.35
1054 305 176 42 91 1.00
1054 594 179 34 90 0.79
1054 592 215 40 57 0.50
1055 303 174 42 91 1.00
1055 590 173 36 97 0.88
1055 597 172 28 73 0.52
1055 590 215 37 59 0.42
1055 105 197 11 59 0.31
1056 303 175 42 91 0.99
1056 591 174 30 92 0.94
1057 305 176 37 89 0.98
1057 591 169 25 97 0.72
1057 592 170 23 59 0.39
1057 96 190 18 71 0.34
1058 305 177 37 88 0.96
1058 586 167 29 100 0.88
1059 305 173 34 94 0.98
1059 585 168 28 96 0.96
1059 96 192 17 65 0.82
1060 303 167 35 98 0.99
1060 582 169 27 87 0.94
1060 129 200 18 27 0.36
1061 301 172 37 93 0.98
1061 579 177 27 65 0.70
1061 92 188 18 70 0.66
1061 25 184 12 46 0.41
1061 100 193 14 62 0.39
1062 300 165 34 101 0.99
1062 92 191 17 69 0.81
1062 580 166 26 94 0.66
1062 99 192 15 64 0.42
1063 297 165 34 99 0.99
1063 576 181 26 86 0.85
1063 96 191 14 65 0.53
1064 293 166 39 100 0.99
1064 93 190 17 70 0.95
1064 573 175 29 94 0.91
1065 292 168 40 99 1.00
1065 93 192 17 68 0.85
1065 10 210 42 67 0.54
1065 573 165 27 97 0.45
1065 23 189 18 45 0.38
1066 291 169 37 96 1.00
1066 91 189 19 70 0.94
1066 570 174 26 100 0.72
1066 18 199 29 73 0.58
1067 290 168 39 96 1.00
1067 92 186 18 69 0.36
1068 289 168 38 97 1.00
1068 569 181 26 81 0.72
1069 289 169 36 97 1.00
1069 92 189 16 68 0.83
1069 566 183 24 85 0.33
1069 96 190 16 66 0.32
1070 288 169 39 94 0.99
1070 94 191 15 66 0.62
1070 557 176 34 100 0.44
1071 285 168 41 97 0.99
1071 94 194 15 62 0.84
1071 553 166 29 109 0.41
1072 282 167 39 96 0.99
1072 93 190 15 65 0.91
1072 553 187 18 89 0.60
1073 282 166 36 98 1.00
1073 94 193 15 61 0.80
1073 552 172 19 103 0.70
1073 553 177 29 98 0.44
1074 278 167 36 96 0.99
1074 551 181 19 95 0.88
1074 93 188 16 66 0.61
1074 554 182 26 93 0.51
1075 271 165 40 100 0.99
1075 548 178 21 96 0.95
1075 93 193 15 62 0.52
1075 560 182 18 89 0.32
1076 276 168 33 96 0.99
1076 546 174 26 99 0.96
1076 90 192 14 66 0.72
1076 554 174 25 98 0.48
1077 273 165 34 97 0.99
1077 544 174 24 99 0.98
1077 91 195 13 64 0.51
1077 95 200 11 57 0.50
1078 270 167 34 94 0.99
1078 541 173 27 100 0.95
1078 93 195 14 61 0.81
1079 266 166 38 97 1.00
1079 539 173 25 103 0.97
1079 92 194 12 64 0.64
1080 265 170 36 93 1.00
1080 537 169 29 106 0.98
1080 91 190 15 66 0.40
1081 262 169 40 94 1.00
1081 536 174 28 101 0.97
1081 87 190 16 69 0.78
1082 261 170 39 94 1.00
1082 532 169 29 106 0.99
1082 85 189 19 71 0.82
1083 262 169 37 94 1.00
1083 527 174 33 103 0.95
1083 83 187 20 73 0.86
1083 35 205 17 53 0.36
1084 259 170 39 93 1.00
1084 520 179 37 95 0.99
1084 85 191 15 66 0.62
1084 31 195 20 60 0.57
1085 260 170 36 92 0.99
1085 515 161 42 115 0.99
1085 85 192 14 64 0.77
1085 15 196 12 37 0.34
1086 259 170 37 91 0.99
1086 510 158 45 119 0.94
1086 85 189 13 68 0.85
1087 256 171 36 89 0.99
1087 509 174 41 104 0.97
1087 83 193 16 62 0.92
1088 255 170 39 89 0.99
1088 510 180 34 94 0.99
1088 82 187 16 72 0.69
1088 32 194 17 62 0.69
1088 24 195 22 59 0.30
1089 255 167 39 91 0.99
1089 507 177 33 98 0.97
1089 4 225 37 55 0.68
1089 82 193 14 66 0.59
1090 256 169 32 91 0.99
1090 505 177 34 99 0.99
1090 81 193 14 64 0.61
1091 254 167 30 91 0.99
1091 502 176 34 99 0.94
1091 80 191 15 71 0.72
1091 2 196 14 34 0.42
1092 250 167 32 93 0.99
1092 498 176 32 100 0.96
1092 77 190 16 69 0.89
1092 4 226 21 49 0.45
1092 10 230 16 44 0.33
1093 491 174 37 104 0.99
1093 248 166 31 93 0.98
1093 76 194 16 63 0.91
1094 245 169 30 90 0.99
1094 492 174 32 102 0.98
1094 76 195 15 63 0.83
1094 21 195 19 62 0.43
1095 239 168 35 92 1.00
1095 487 174 34 105 0.97
1095 75 196 12 62 0.85
1096 237 169 34 91 1.00
1096 482 174 36 105 0.99
1096 74 196 12 61 0.74
1097 234 170 41 90 0.99
1097 478 172 34 106 0.98
1097 69 194 13 62 0.65
1098 231 171 35 89 1.00
1098 473 171 35 107 0.99
1098 67 193 16 63 0.92
1099 230 169 32 90 1.00
1099 462 181 44 96 0.99
1099 66 193 15 63 0.91
1100 456 179 47 100 1.00
1100 227 170 31 88 0.99
1100 65 195 13 60 0.89
1101 223 169 33 90 1.00
1101 449 178 53 101 1.00
1101 65 208 11 49 0.62
1101 60 197 13 61 0.46
1102 443 180 52 99 1.00
1102 219 169 35 90 0.99
1102 58 192 14 64 0.74
1103 441 182 53 98 1.00
1103 216 169 34 90 0.99
1103 57 194 15 62 0.84
1104 213 169 31 88 1.00
1104 438 181 48 99 0.99
1104 54 195 17 61 0.92
1105 207 168 32 90 0.99
1105 436 177 43 102 0.98
1105 45 195 17 66 0.76
1105 52 192 13 66 0.39
1106 205 168 29 91 1.00
1106 432 173 35 108 0.99
1106 48 196 13 62 0.76
1107 201 167 28 92 1.00
1107 430 175 31 100 0.95
1107 46 193 14 66 0.74
1108 197 168 27 91 0.99
1108 426 173 32 104 0.94
1108 44 195 13 62 0.84
1109 192 167 30 93 1.00
1109 419 171 38 108 0.99
1109 40 195 15 63 0.85
1110 186 169 29 91 0.99
1110 414 171 33 108 0.98
1110 37 197 16 61 0.81
1111 183 170 28 90 1.00
1111 408 174 33 105 0.99
1111 33 197 14 59 0.80
1111 30 196 14 59 0.56
1111 493 182 17 82 0.52
1112 176 171 31 88 0.99
1112 403 173 30 108 0.99
1112 28 197 13 59 0.84
1113 171 171 30 90 1.00
1113 396 175 30 108 0.99
1113 23 197 16 61 0.91
1114 167 173 28 87 0.99
1114 388 177 32 103 0.98
1114 20 197 14 63 0.80
1115 159 175 31 86 0.99
1115 378 176 34 105 0.99
1115 13 198 16 60 0.85
1116 156 173 28 87 1.00
1116 371 175 34 107 0.97
1116 7 198 17 65 0.87
1117 146 175 33 87 1.00
1117 357 177 40 105 0.99
1117 2 196 17 64 0.93
1117 7 197 10 65 0.56
1118 143 173 30 88 1.00
1118 349 177 41 105 0.99
1118 0 197 11 62 0.68
1119 135 172 30 87 1.00
1119 338 172 49 114 0.99
1120 126 173 33 88 0.99
1120 330 175 48 112 0.99
1120 22 199 18 32 0.35
1121 320 175 53 113 0.99
1121 121 175 28 83 0.99
1121 576 4 60 112 0.31
1122 114 175 28 86 0.99
1122 315 175 46 108 0.96
1123 105 173 29 87 0.99
1123 306 176 40 109 0.98
1123 564 3 71 82 0.52
1123 558 8 79 126 0.31
1124 97 171 28 90 0.99
1124 286 175 50 111 0.99
1124 556 4 80 91 0.40
1125 90 171 25 89 0.99
1125 290 174 34 113 0.99
1126 81 174 27 85 0.98
1126 274 180 33 106 0.97
1126 550 0 81 98 0.50
1127 72 174 27 84 0.99
1127 266 174 29 114 0.99
1127 439 79 25 34 0.35
1128 65 175 27 84 0.99
1128 251 173 33 113 0.98
1128 346 4 50 127 0.44
1129 54 176 28 82 0.99
1129 241 182 33 100 0.98
1129 518 0 82 97 0.45
1130 43 173 27 86 0.98
1130 230 181 30 103 0.95
1130 510 0 86 104 0.75
1131 33 172 28 88 0.98
1131 215 184 33 101 0.91
1131 493 3 91 101 0.62
1132 199 184 33 102 0.98
1132 23 172 27 88 0.98
1132 496 0 80 99 0.46
1132 509 0 102 99 0.30
1133 181 179 44 110 0.99
1133 10 171 27 88 0.97
1133 483 0 83 100 0.50
1134 168 176 45 113 0.99
1134 2 172 27 87 0.98
1135 154 184 48 103 0.98
1135 0 172 18 86 0.96
1135 462 3 78 98 0.39
1136 139 173 44 118 0.98
1136 457 2 78 100 0.68
1137 123 174 50 116 0.99
1138 113 175 38 117 0.99
1138 520 163 40 42 0.59
1138 427 0 88 95 0.55
1139 103 171 38 120 0.95
1139 101 180 28 108 0.34
1140 89 184 48 105 0.97
1141 78 185 39 104 0.53
1141 397 1 80 97 0.38
1143 182 88 31 50 0.70
1143 47 172 38 120 0.68
1143 369 2 87 92 0.58
1144 29 170 31 87 0.58
1144 30 169 38 118 0.50
1144 358 4 80 90 0.34
1145 9 171 33 79 0.54
1145 344 0 76 94 0.37
1146 0 171 24 69 0.66
1146 1 171 26 108 0.47
1148 108 93 30 44 0.52
1148 390 162 42 46 0.43
1148 197 165 27 41 0.32
1148 304 0 85 73 0.30
1149 385 163 37 44 0.37
1153 117 163 29 42 0.52
1153 226 3 73 83 0.31
1156 120 209 37 72 0.46
1157 101 212 37 67 0.58
1160 107 0 68 78 0.36
1160 111 138 38 60 0.33
1165 91 139 42 51 0.49
1167 59 144 34 43 0.43
1168 29 140 45 53 0.60
1205 610 130 23 89 0.52
1207 597 130 27 85 0.47
1208 589 129 22 83 0.41
1210 578 129 22 89 0.33
1213 593 110 31 106 0.82
1213 608 109 22 102 0.50
1213 560 129 20 89 0.47
1216 610 97 27 146 0.45
1218 597 119 27 119 0.77
1218 604 101 30 139 0.43
1219 594 96 33 142 0.77
1219 568 109 26 108 0.36
1224 563 180 12 44 0.62
1224 586 97 41 145 0.49
1225 578 88 39 152 0.50
1226 575 73 48 170 0.61
1226 555 179 12 53 0.40
1227 467 152 15 60 0.35
1228 12 188 15 39 0.45
1229 559 103 38 138 0.68
1232 246 148 20 56 0.60
1233 559 51 49 190 0.78
1233 469 187 10 32 0.40
1234 557 79 39 163 0.82
1235 554 77 43 164 0.81
1236 525 174 12 53 0.69
1237 537 76 54 164 0.50
1237 517 178 14 51 0.30
1238 548 157 22 85 0.37
1238 516 176 14 52 0.35
1239 224 167 14 24 0.37
1240 515 171 10 54 0.69
1240 541 5 63 252 0.60
1241 214 156 16 43 0.44
1241 472 192 16 32 0.39
1242 505 180 15 49 0.34
1243 505 168 13 60 0.65
1244 404 153 18 58 0.52
1244 409 150 16 62 0.49
1245 405 151 17 62 0.58
1249 199 157 15 41 0.32
1250 401 144 21 71 0.57
1250 407 142 20 73 0.54
1251 503 169 13 61 0.77
1252 504 180 13 52 0.63
1253 463 184 16 35 0.74
1253 461 184 13 34 0.37
1253 506 172 11 51 0.36
1254 465 186 13 34 0.51
1254 476 186 10 31 0.46
1254 470 187 13 32 0.43
1254 461 185 12 33 0.33
1255 506 176 14 55 0.66
1255 460 181 16 42 0.52
1256 411 142 15 68 0.43
1258 429 178 9 35 0.35
1259 199 156 14 39 0.66
1260 408 150 13 62 0.32
1260 413 153 13 59 0.31
1261 513 179 12 52 0.68
1262 513 167 15 62 0.50
1263 408 162 11 51 0.34
1264 428 177 10 38 0.34
1265 410 175 8 36 0.40
1266 426 179 12 35 0.60
1267 427 181 11 33 0.61
1267 195 157 15 28 0.39
1267 515 176 16 54 0.37
1267 468 181 16 40 0.34
1268 427 178 11 35 0.51
1268 164 143 15 53 0.32
1269 427 181 11 33 0.64
1269 515 170 15 46 0.49
1269 464 180 20 40 0.46
1270 193 152 17 34 0.59
1270 516 170 15 42 0.41
1271 428 177 11 38 0.48
1272 429 181 10 33 0.54
1272 520 171 17 59 0.44
1272 517 168 16 54 0.40
1273 582 55 47 200 0.41
1273 192 154 17 32 0.36
1274 576 36 53 221 0.46
1275 427 172 11 40 0.44
1276 424 175 14 41 0.33
1277 524 170 11 47 0.42
1277 595 31 39 228 0.34
1277 426 173 12 43 0.31
1278 597 29 39 231 0.69
1278 525 177 11 40 0.60
1279 596 38 39 216 0.88
1279 524 168 12 51 0.79
1279 571 30 61 229 0.43
1280 523 166 13 51 0.83
1280 478 184 22 41 0.70
1280 185 152 17 31 0.67
1280 474 186 20 40 0.39
1281 525 171 12 46 0.79
1281 186 154 15 29 0.63
1281 543 184 11 29 0.41
1282 524 174 12 44 0.64
1282 185 153 20 30 0.62
1283 524 170 13 50 0.81
1283 497 189 13 41 0.43
1284 525 170 12 52 0.85
1284 183 156 15 29 0.32
1285 525 170 12 49 0.61
1285 426 172 13 42 0.46
1285 147 142 20 62 0.42
1285 181 150 17 33 0.40
1286 524 172 17 48 0.67
1286 547 185 13 55 0.61
1286 145 140 16 60 0.44
1286 477 185 19 40 0.31
1286 483 184 15 43 0.30
1287 524 170 19 49 0.86
1287 546 186 16 54 0.70
1287 146 144 15 55 0.59
1287 426 183 11 32 0.59
1287 181 154 16 27 0.49
1288 550 185 14 55 0.92
1288 524 168 16 50 0.77
1288 145 140 14 59 0.47
1288 425 181 12 34 0.43
1289 528 172 15 50 0.75
1289 144 141 18 57 0.62
1289 554 186 12 55 0.52
1289 425 181 12 34 0.52
1290 524 167 20 51 0.82
1290 142 143 16 59 0.47
1291 526 171 17 50 0.72
1291 478 186 18 38 0.54
1291 142 142 15 55 0.49
1292 527 169 17 52 0.76
1293 529 173 16 47 0.56
1293 179 152 14 39 0.56
1293 183 153 13 39 0.45
1294 528 163 19 55 0.68
1295 529 169 19 52 0.85
1295 136 140 18 52 0.53
1296 529 167 19 53 0.90
1296 175 152 19 75 0.80
1297 531 167 14 56 0.60
1297 175 154 15 42 0.45
1298 529 170 17 50 0.83
1298 134 141 15 47 0.51
1298 483 174 20 46 0.45
1299 533 167 15 49 0.59
1299 130 141 16 44 0.46
1299 174 153 13 39 0.44
1300 533 165 14 51 0.76
1300 439 134 20 79 0.46
1301 534 168 16 50 0.72
1301 574 193 16 56 0.48
1301 484 174 24 36 0.31
1302 132 139 15 41 0.62
1302 532 168 18 53 0.39
1303 166 149 14 44 0.47
1303 534 166 16 51 0.41
1303 169 149 17 46 0.39
1303 484 170 23 42 0.32
1304 533 171 19 45 0.43
1305 487 170 26 48 0.67
1305 166 151 12 41 0.49
1305 583 201 18 52 0.39
1305 534 167 17 51 0.30
1306 489 169 25 53 0.76
1306 535 168 15 55 0.59
1306 163 150 16 42 0.57
1306 522 183 16 52 0.37
1306 540 168 14 53 0.37
1307 488 170 27 54 0.72
1307 162 150 16 45 0.58
1308 538 163 19 50 0.57
1308 378 156 16 38 0.31
1309 491 171 24 49 0.75
1309 542 173 16 46 0.47
1310 491 174 25 51 0.65
1310 538 99 26 99 0.56
1311 490 173 26 50 0.71
1311 540 159 21 59 0.55
1312 494 171 22 54 0.81
1312 162 149 17 42 0.39
1314 409 123 26 91 0.70
1314 497 175 17 48 0.50
1315 500 164 17 62 0.54
1315 157 152 16 40 0.35
1317 501 173 19 56 0.39
1317 409 116 23 102 0.34
1318 501 170 22 56 0.43
1319 501 170 24 54 0.79
1319 410 142 22 70 0.68
1319 446 174 14 40 0.39
1319 153 150 18 43 0.32
1320 409 140 21 73 0.75
1320 500 173 23 55 0.66
1320 443 167 22 50 0.43
1321 149 144 20 49 0.45
1321 407 138 26 74 0.31
1322 503 175 25 41 0.32
1323 151 147 17 48 0.46
1323 148 147 15 47 0.31
1324 510 173 22 50 0.31
1325 509 176 23 52 0.51
1325 503 180 15 48 0.47
1325 408 143 23 69 0.44
1326 511 172 22 55 0.51
1327 454 179 12 35 0.64
1327 513 169 23 57 0.57
1327 98 132 24 60 0.53
1327 408 170 14 39 0.43
1328 452 177 16 37 0.31
1329 410 158 15 50 0.41
1329 376 149 22 50 0.36
1330 175 136 24 72 0.55
1330 145 145 21 48 0.48
1330 411 153 14 54 0.47
1330 521 164 21 60 0.39
1331 410 158 15 49 0.50
1331 457 170 12 43 0.32
1332 456 170 12 44 0.45
1332 98 132 19 61 0.40
1332 412 150 16 55 0.35
1333 462 168 14 45 0.42
1333 459 165 12 47 0.30
1334 525 153 23 75 0.89
1334 563 160 12 58 0.71
1334 96 131 25 60 0.31
1335 461 175 13 39 0.73
1335 565 158 13 58 0.69
1335 527 161 23 66 0.53
1335 465 174 11 40 0.37
1336 527 158 24 72 0.90
1336 460 170 14 46 0.76
1336 412 153 17 51 0.41
1337 531 186 20 44 0.34
1338 463 167 14 47 0.70
1338 142 135 18 57 0.39
1339 534 192 14 44 0.49
1340 536 158 24 68 0.65
1340 471 169 13 46 0.42
1340 468 167 13 48 0.40
1341 467 167 13 48 0.50
1342 540 161 24 70 0.50
1342 164 143 16 57 0.40
1343 470 171 13 42 0.77
1343 540 169 25 60 0.46
1343 489 176 13 22 0.31
1344 469 167 15 46 0.90
1344 540 169 26 59 0.52
1344 474 167 13 47 0.39
1345 471 171 14 47 0.80
1345 421 134 24 69 0.52
1346 547 160 23 74 0.70
1346 469 167 16 48 0.69
1346 595 0 41 232 0.50
1347 471 166 14 48 0.72
1347 409 117 24 88 0.54
1347 547 163 27 69 0.49
1347 417 126 20 80 0.33
1348 472 167 14 49 0.81
1348 409 113 22 91 0.59
1348 577 158 22 59 0.50
1348 553 159 39 65 0.32
1349 554 164 27 69 0.86
1349 473 170 13 45 0.71
1350 472 164 15 51 0.78
1350 557 161 21 70 0.53
1351 474 168 15 46 0.81
1351 449 136 24 76 0.38
1351 442 66 43 154 0.37
1352 474 169 15 47 0.70
1353 475 168 13 48 0.64
1354 474 166 14 51 0.52
1354 392 149 15 51 0.43
1355 474 169 16 50 0.67
1355 559 0 45 237 0.57
1356 477 168 13 47 0.60
1357 475 168 16 57 0.73
1357 562 0 49 240 0.66
1357 576 166 29 67 0.58
1357 417 169 11 38 0.39
1358 479 170 14 48 0.82
1358 443 56 50 162 0.68
1358 483 169 13 49 0.34
1359 475 167 16 52 0.66
1359 420 172 10 32 0.52
1359 446 59 46 160 0.49
1360 476 167 17 51 0.79
1360 448 57 47 165 0.77
1360 419 174 11 31 0.56
1360 379 149 14 37 0.31
1361 482 167 14 49 0.70
1361 420 174 11 30 0.46
1362 507 176 20 50 0.80
1362 483 170 13 45 0.75
1362 419 175 12 30 0.52
1362 572 0 47 220 0.50
1363 450 53 48 167 0.72
1363 590 153 27 87 0.49
1363 482 163 15 54 0.39
1363 508 171 19 34 0.34
1364 485 170 13 47 0.67
1365 485 164 13 60 0.56
1365 598 156 25 73 0.50
1368 604 154 27 80 0.86
1370 486 167 19 51 0.80
1370 420 173 15 34 0.53
1371 492 168 15 49 0.80
1372 494 167 14 53 0.83
1372 432 132 19 71 0.50
1372 489 166 13 56 0.48
1373 494 166 19 53 0.82
1374 497 164 18 58 0.94
1374 436 131 19 72 0.50
1375 498 166 16 53 0.90
1376 502 170 15 47 0.84
1376 464 176 13 42 0.53
1376 497 171 13 48 0.52
1377 501 166 21 57 0.91
1377 429 173 13 35 0.71
1378 501 164 25 58 0.81
1378 429 168 14 40 0.42
1379 506 163 24 56 0.74
1380 509 167 17 56 0.88
1380 504 167 18 57 0.60
1380 431 171 14 37 0.55
1380 502 170 14 54 0.42
1380 500 169 11 55 0.34
1381 503 172 21 52 0.67
1381 509 169 20 52 0.61
1381 500 176 15 50 0.59
1382 511 166 20 56 0.73
1382 467 178 18 41 0.71
1382 433 166 17 41 0.48
1382 507 168 13 56 0.32
1383 506 163 13 66 0.41
1384 520 168 16 52 0.83
1384 470 167 22 53 0.66
1384 604 156 17 59 0.58
1384 436 172 14 37 0.55
1384 505 162 11 39 0.45
1384 537 162 12 47 0.42
1384 506 163 14 62 0.40
1385 523 171 16 52 0.77
1385 474 166 20 54 0.67
1385 511 191 10 37 0.45
1385 544 157 13 52 0.43
1385 508 178 12 49 0.43
1385 514 176 12 52 0.32
1386 514 173 13 56 0.70
1386 525 171 15 52 0.67
1386 439 173 15 38 0.61
1386 533 169 13 50 0.38
1387 550 154 14 62 0.81
1387 529 168 15 52 0.80
1387 480 174 15 46 0.79
1387 514 174 13 54 0.77
1387 524 170 14 55 0.46
1387 510 173 12 54 0.40
1387 438 171 17 39 0.32
1388 478 171 22 49 0.90
1388 439 170 18 41 0.36
1388 523 173 13 54 0.35
1389 534 172 14 46 0.69
1389 483 167 18 55 0.56
1389 445 171 12 37 0.50
1390 483 171 20 50 0.89
1390 448 173 9 36 0.70
1390 560 157 13 61 0.67
1390 534 170 16 48 0.67
1390 443 172 12 36 0.56
1390 517 165 9 33 0.45
1391 560 155 14 63 0.87
1391 535 170 15 50 0.66
1391 542 168 14 51 0.43
1392 562 160 14 56 0.72
1392 537 171 16 48 0.69
1392 542 172 14 46 0.54
1392 525 171 13 57 0.43
1392 547 172 15 44 0.33
1393 485 172 20 50 0.88
1393 566 160 14 58 0.69
1393 543 171 13 49 0.68
1393 536 172 14 52 0.56
1393 562 163 14 53 0.32
1394 569 159 15 61 0.83
1394 543 172 14 47 0.75
1394 534 177 12 50 0.39
1394 537 174 11 49 0.37
1395 451 168 13 44 0.88
1395 572 161 13 59 0.81
1395 544 170 16 54 0.74
1395 455 167 11 45 0.63
1395 492 168 16 53 0.52
1395 536 174 12 52 0.46
1395 540 172 15 52 0.45
1395 528 174 12 54 0.44
1396 535 175 14 55 0.77
1396 573 163 16 58 0.76
1396 454 168 11 43 0.66
1396 541 172 16 57 0.65
1396 552 169 14 53 0.47
1396 451 170 10 42 0.39
1397 547 168 21 56 0.92
1397 576 160 17 60 0.71
1397 456 167 13 43 0.42
1397 535 171 13 55 0.40
1398 547 166 21 62 0.92
1398 458 167 14 41 0.77
1398 581 161 15 56 0.69
1398 535 172 13 38 0.51
1399 458 166 15 42 0.77
1399 551 166 23 53 0.58
1399 537 173 11 31 0.50
1399 570 1 63 211 0.37
1400 493 171 16 52 0.66
1400 550 169 22 58 0.61
1400 458 167 14 44 0.40
1400 544 174 15 53 0.39
1400 463 166 13 44 0.32
1401 542 170 16 62 0.74
1401 553 167 23 60 0.67
1402 555 164 23 64 0.89
1402 588 155 18 67 0.69
1402 578 0 58 237 0.47
1403 560 166 17 61 0.84
1403 595 191 9 31 0.64
1403 553 168 18 61 0.61
1403 546 169 13 36 0.39
1403 504 173 13 48 0.37
1403 566 170 15 55 0.33
1404 562 166 20 61 0.87
1404 592 157 17 65 0.81
1404 552 168 17 62 0.60
1404 551 171 11 34 0.41
1405 564 165 21 62 0.89
1405 594 158 19 65 0.71
1405 552 168 17 48 0.51
1405 554 168 18 59 0.35
1406 600 155 19 71 0.91
1406 460 161 18 54 0.85
1406 567 167 20 62 0.69
1406 561 163 22 68 0.61
1406 554 166 20 51 0.43
1407 463 164 16 49 0.86
1407 602 154 19 66 0.78
1407 568 151 23 76 0.75
1407 559 160 24 69 0.57
1408 604 154 20 73 0.95
1408 573 161 20 67 0.78
1408 466 165 12 47 0.67
1408 563 161 18 69 0.64
1409 607 155 18 72 0.93
1409 568 158 28 75 0.89
1410 609 156 19 69 0.93
1410 468 166 14 47 0.86
1410 570 153 24 76 0.70
1410 577 153 22 72 0.63
1410 615 156 17 70 0.45
1410 464 168 13 46 0.39
1411 580 157 24 73 0.86
1411 609 156 23 70 0.76
1411 467 161 14 58 0.58
1412 581 164 24 68 0.96
1412 468 168 14 46 0.58
1413 585 160 23 75 0.89
1413 617 155 19 73 0.82
1413 592 161 21 70 0.31
1414 582 164 18 77 0.84
1414 593 164 22 69 0.83
1414 618 152 20 77 0.49
1414 469 169 11 44 0.48
1415 593 149 23 84 0.81
1415 473 166 14 49 0.73
1416 593 151 27 83 0.89
1416 473 165 16 50 0.76
1416 581 163 21 57 0.40
1417 599 159 28 74 0.92
1417 475 165 13 47 0.82
1418 601 160 23 78 0.80
1418 592 169 16 75 0.61
1418 476 164 13 47 0.55
1418 587 169 16 42 0.42
1419 604 160 24 77 0.84
1419 477 155 13 61 0.73
1419 595 161 19 84 0.56
1419 479 149 14 64 0.40
1419 594 164 19 44 0.30
1420 610 157 18 77 0.75
1420 478 155 11 58 0.36
1420 595 165 17 44 0.35
1420 619 157 14 76 0.34
1421 612 155 24 85 0.69
1421 600 168 17 80 0.61
1422 613 159 23 74 0.33
1427 484 143 16 68 0.47
1430 552 168 21 65 0.73
1430 547 170 14 62 0.33
1432 502 5 82 239 0.40
1434 487 159 13 56 0.38
1435 489 165 11 47 0.53
1435 470 164 14 49 0.51
1436 473 8 113 232 0.39
1437 492 166 12 47 0.88
1438 469 165 14 48 0.71
1445 480 162 14 52 0.69
1446 480 159 14 58 0.81
1451 510 163 14 53 0.85
1452 509 160 16 56 0.66
1452 489 165 16 51 0.58
1453 510 160 16 55 0.80
1454 489 160 16 58 0.53
1454 511 160 16 55 0.38
1455 551 165 15 43 0.35
1457 491 155 18 62 0.33
1458 522 154 13 63 0.44
1458 579 163 17 46 0.38
1459 521 124 19 94 0.68
1459 500 159 14 60 0.43
1461 128 87 22 60 0.45
1462 502 160 14 58 0.82
1463 503 163 14 53 0.38
1466 530 155 21 62 0.78
1466 430 161 12 37 0.55
1467 534 158 16 56 0.69
1469 532 157 22 58 0.86
1469 573 164 18 44 0.57
1469 1 209 29 133 0.36
1470 542 162 14 53 0.81
1470 1 208 23 135 0.69
1470 513 162 14 28 0.55
1470 512 162 16 55 0.54
1470 536 160 17 54 0.33
1471 544 158 15 56 0.81
1471 574 164 13 42 0.37
1472 546 161 18 55 0.90
1472 576 163 16 45 0.81
1473 547 164 17 52 0.92
1473 247 388 65 80 0.84
1473 518 161 17 59 0.61
1474 549 158 20 58 0.94
1474 578 159 16 47 0.79
1475 551 159 18 58 0.86
1475 521 161 17 33 0.66
1475 520 162 18 53 0.65
1476 555 159 19 58 0.83
1476 520 161 17 62 0.74
1476 581 163 14 44 0.69
1477 556 156 20 61 0.90
1477 523 162 17 39 0.53
1477 584 163 13 44 0.51
1477 27 51 26 87 0.32
1478 559 151 20 69 0.92
1478 586 162 13 47 0.48
1478 61 56 22 68 0.42
1478 64 58 28 81 0.41
1478 78 72 20 72 0.38
1479 561 159 16 60 0.94
1479 587 163 17 46 0.79
1479 520 160 22 62 0.77
1479 537 157 16 49 0.53
1479 522 160 18 32 0.47
1479 543 157 12 48 0.40
1479 531 158 16 58 0.35
1480 564 156 20 64 0.93
1480 589 162 15 47 0.72
1481 589 162 17 46 0.76
1481 566 160 16 54 0.36
1482 569 158 16 57 0.86
1482 591 159 18 52 0.71
1484 597 163 17 45 0.52
1485 599 162 16 48 0.84
1485 575 160 19 60 0.67
1486 575 154 21 63 0.46
1486 599 161 17 46 0.31
1487 579 155 19 62 0.93
1488 582 154 20 63 0.93
1488 1 201 30 154 0.58
1488 608 162 15 46 0.52
1489 584 133 21 86 0.80
1489 539 161 13 30 0.35
1490 585 148 19 71 0.92
1490 0 35 26 92 0.33
1490 542 158 19 41 0.32
1491 541 160 19 35 0.37
1492 591 154 17 66 0.43
1498 604 150 19 65 0.56
1503 561 153 19 41 0.70
1503 561 155 20 66 0.60
1504 562 153 22 39 0.34
1505 565 154 23 39 0.43
1506 567 157 22 61 0.48
1506 565 156 22 37 0.46
1518 480 161 17 43 0.70
1519 564 6 40 224 0.32
1520 565 5 40 230 0.32
1521 570 8 37 221 0.72
1521 452 173 10 25 0.37
1522 485 169 16 38 0.34
1522 452 171 10 26 0.31
1525 575 10 41 229 0.51
1526 40 101 26 96 0.40
1527 568 7 54 243 0.44
1527 452 174 9 25 0.40
1528 577 5 49 258 0.41
1530 37 114 22 76 0.54
1530 585 4 45 245 0.42
1531 599 31 35 219 0.81
1533 34 111 23 82 0.54
1535 29 101 24 55 0.54
1536 456 165 11 32 0.38
1536 26 108 23 69 0.32
1537 21 107 25 81 0.42
1540 16 103 27 94 0.63
1541 14 102 29 90 0.65
1554 517 160 21 56 0.53
1560 526 163 21 53 0.34
1563 465 167 17 34 0.52
1565 534 159 21 61 0.87
1566 536 160 21 64 0.90
1566 466 169 17 32 0.33
1569 540 161 22 65 0.73
1570 541 162 26 69 0.92
1571 543 161 24 66 0.66
1572 545 162 27 68 0.90
1574 550 161 26 64 0.48
1575 471 168 16 32 0.70
1576 473 167 14 32 0.61
1576 551 161 30 64 0.49
1577 554 162 28 70 0.64
1578 557 162 26 69 0.87
1578 471 169 16 31 0.67
1579 559 159 25 74 0.83
1579 472 169 15 29 0.67
1580 561 159 33 76 0.85
1580 472 171 16 28 0.49
1581 561 158 33 73 0.92
1583 566 161 31 66 0.77
1584 568 159 29 75 0.89
1585 568 158 32 74 0.90
1586 571 158 34 75 0.94
1587 576 162 30 72 0.72
1588 577 160 33 76 0.92
1589 577 159 34 76 0.81
1590 580 156 34 85 0.94
1591 583 157 31 78 0.74
1592 585 156 32 79 0.62
1593 587 155 32 81 0.81
1594 588 152 36 84 0.88
1595 589 152 37 85 0.91
1595 408 110 26 96 0.45
1596 597 149 29 83 0.80
1597 601 149 27 95 0.94
1598 601 147 32 98 0.89
1605 427 101 23 111 0.56
1609 518 167 17 35 0.48
1609 433 128 17 77 0.46
1613 534 163 17 42 0.57
1615 543 164 14 41 0.62
1617 444 122 15 70 0.39
1624 572 166 23 47 0.65
1626 465 108 28 109 0.40
1628 582 162 18 53 0.47
1632 589 164 24 57 0.82
1633 595 167 18 53 0.87
1636 602 163 19 56 0.75
1636 473 117 23 96 0.50
1637 598 164 26 62 0.83
1637 528 140 24 77 0.37
1640 606 159 23 66 0.69
1641 610 158 21 65 0.42
1642 602 162 32 70 0.73
1645 622 155 15 73 0.47
1646 475 107 44 117 0.40
1648 539 139 27 88 0.71
1648 475 98 26 106 0.32
1660 75 130 29 39 0.31
1675 620 248 18 169 0.73
1676 511 169 16 59 0.66
1678 508 178 13 48 0.44
1680 511 171 14 54 0.67
1680 507 172 15 50 0.32
1681 510 170 15 57 0.58
1682 509 172 13 54 0.32
1684 510 172 15 54 0.88
1685 550 88 47 144 0.42
1685 512 174 15 53 0.31
1686 594 64 40 161 0.44
1692 514 166 16 63 0.60
1694 515 171 14 56 0.83
1695 516 172 13 50 0.65
1697 517 169 16 63 0.84
1699 515 167 20 61 0.54
1700 519 173 18 57 0.42
1702 95 174 16 51 0.43
1703 519 170 18 60 0.91
1703 249 167 9 33 0.31
1733 227 167 13 35 0.35
1750 594 24 33 108 0.41
1757 561 0 75 142 0.71
1761 585 2 50 142 0.53
1778 590 167 21 67 0.37
1779 447 73 48 60 0.33
1781 591 172 24 79 0.71
1782 590 171 24 73 0.70
1783 590 165 23 85 0.88
1784 564 151 25 97 0.68
1784 591 171 22 79 0.37
1785 594 175 22 77 0.65
1785 571 40 63 220 0.54
1786 565 148 23 106 0.69
1788 594 170 23 86 0.86
1788 566 146 27 107 0.63
1790 597 161 23 100 0.67
1790 565 143 31 116 0.66
1791 600 164 23 98 0.86
1791 567 144 26 111 0.32
1792 600 166 23 93 0.93
1792 560 147 39 123 0.85
1793 553 148 35 113 0.33
1794 601 161 26 100 0.96
1794 553 145 38 126 0.55
1794 569 139 25 122 0.43
1795 605 162 22 89 0.77
1796 571 140 31 128 0.83
1796 552 146 44 125 0.72
1796 604 160 27 96 0.65
1797 603 161 28 100 0.75
1798 607 157 27 103 0.83
1798 549 142 44 120 0.73
1798 575 136 27 69 0.51
1798 494 64 60 177 0.37
1799 610 156 26 105 0.88
1799 553 139 42 116 0.80
