0,8.551,11.292
1,8.537,11.242
2,8.547,11.279
3,8.547,11.279
4,8.559,11.273
5,8.584,11.322
6,8.545,11.277
7,8.547,11.278
8,8.520,11.233
9,8.554,11.287
10,8.541,11.263
11,8.550,11.271
12,8.560,11.301
13,8.569,11.292
14,8.583,11.284
15,8.570,11.265
16,8.551,11.241
17,8.534,11.214
18,8.538,11.243
19,8.475,11.153
20,8.487,11.191
21,8.520,11.228
22,8.504,11.210
23,8.531,11.242
24,8.527,11.228
25,8.547,11.263
26,8.567,11.291
27,8.543,11.253
28,8.526,11.250
29,8.547,11.303
30,8.485,11.206
31,8.453,11.194
32,8.395,11.125
33,8.376,11.109
34,8.330,11.054
35,8.281,11.010
36,8.255,10.990
37,8.229,10.976
38,8.202,10.970
39,8.148,10.912
40,8.141,10.907
41,8.091,10.846
42,8.089,10.866
43,8.095,10.887
44,8.081,10.859
45,8.174,10.913
46,8.221,10.972
47,8.232,10.958
48,8.203,10.964
49,8.194,10.975
50,8.177,10.947
51,8.224,10.996
52,8.234,11.011
53,8.240,11.027
54,8.231,11.018
55,8.234,11.022
56,8.217,11.013
57,8.197,10.983
58,8.168,10.955
59,8.161,10.954
60,8.217,10.954
61,8.215,10.951
62,8.235,10.972
63,8.208,10.946
64,8.211,10.967
65,8.211,10.976
66,8.219,10.968
67,8.230,11.002
68,8.199,10.969
69,8.294,11.052
70,8.332,11.104
71,8.350,11.132
72,8.348,11.170
73,8.367,11.222
74,8.289,11.116
75,8.340,11.094
76,8.281,10.967
77,8.250,10.915
78,8.206,10.872
79,8.203,10.880
80,8.172,10.831
81,8.205,10.890
82,8.205,10.874
83,8.258,10.898
84,8.283,10.904
85,8.329,10.925
86,8.334,10.927
87,8.364,10.955
88,8.383,10.941
89,8.393,10.940
90,8.438,10.967
91,8.421,10.919
92,8.456,10.944
93,8.388,10.876
94,8.386,10.881
95,8.359,10.859
96,8.384,10.876
97,8.391,10.886
98,8.402,10.902
99,8.367,10.883
100,8.395,10.934
101,8.330,10.855
102,8.314,10.856
103,8.237,10.740
104,8.220,10.769
105,8.205,10.735
106,8.158,10.712
107,8.100,10.636
108,8.076,10.626
109,8.066,10.630
110,7.996,10.564
111,8.014,10.630
112,7.953,10.585
113,7.937,10.593
114,8.001,10.724
115,8.088,10.856
116,8.136,10.938
117,8.185,10.995
118,8.231,11.023
119,8.244,11.046
120,8.274,11.064
121,8.301,11.089
122,8.302,11.056
123,8.327,11.091
124,8.350,11.119
125,8.375,11.133
126,8.456,11.283
127,8.497,11.302
128,8.481,11.272
129,8.531,11.340
130,8.451,11.232
131,8.503,11.287
132,8.483,11.257
133,8.480,11.282
134,8.343,11.105
135,8.304,11.100
136,8.206,10.973
137,8.116,10.870
138,8.024,10.781
139,7.957,10.698
140,7.929,10.684
141,7.937,10.643
142,7.949,10.655
143,7.942,10.653
144,7.948,10.695
145,7.878,10.610
146,7.850,10.594
147,7.901,10.624
148,7.917,10.601
149,7.913,10.586
150,7.881,10.573
151,7.873,10.562
152,7.862,10.552
153,7.852,10.517
154,7.893,10.579
155,7.901,10.593
156,7.914,10.608
157,7.997,10.714
158,8.016,10.758
159,8.012,10.769
160,8.014,10.776
161,8.020,10.778
162,8.023,10.815
163,8.012,10.855
164,8.055,10.902
165,8.125,10.951
166,8.171,11.009
167,8.243,11.101
168,8.284,11.124
169,8.302,11.137
170,8.330,11.178
171,8.316,11.214
172,8.304,11.216
173,8.294,11.242
174,8.317,11.303
175,8.277,11.280
176,8.284,11.288
177,8.329,11.219
178,8.271,11.127
179,8.270,11.060
180,8.233,11.023
181,8.195,10.939
182,8.155,10.865
183,8.088,10.725
184,8.038,10.687
185,7.991,10.584
186,7.965,10.555
187,7.899,10.470
188,7.850,10.394
189,7.810,10.377
190,7.741,10.305
191,7.700,10.245
192,7.643,10.168
193,7.599,10.108
194,7.562,10.040
195,7.560,10.016
196,7.489,9.941
197,7.480,9.905
198,7.424,9.817
199,7.369,9.746
200,7.342,9.691
201,7.251,9.632
202,7.207,9.595
203,7.185,9.579
204,7.169,9.572
205,7.186,9.586
206,7.201,9.600
207,7.154,9.559
208,7.170,9.579
209,7.244,9.623
210,7.308,9.697
211,7.328,9.733
212,7.401,9.847
213,7.463,9.887
214,7.524,9.996
215,7.611,10.077
216,7.686,10.133
217,7.755,10.222
218,7.780,10.244
219,7.799,10.278
220,7.839,10.308
221,7.889,10.401
222,7.938,10.443
223,7.948,10.416
224,8.013,10.492
225,8.043,10.527
226,8.037,10.501
227,8.040,10.506
228,8.070,10.535
229,8.106,10.602
230,8.140,10.679
231,8.165,10.776
232,8.206,10.864
233,8.175,10.831
234,8.170,10.841
235,8.198,10.897
236,8.223,10.956
237,8.173,10.890
238,8.205,10.944
239,8.207,10.935
240,8.202,10.946
241,8.241,10.995
242,8.253,11.051
243,8.285,11.129
244,8.272,11.106
245,8.279,11.110
246,8.281,11.119
247,8.260,11.097
248,8.253,11.087
249,8.239,11.026
250,8.279,11.108
251,8.272,11.086
252,8.278,11.090
253,8.232,11.035
254,8.180,10.952
255,8.196,10.981
256,8.183,10.968
257,8.174,10.942
258,8.171,10.937
259,8.175,10.947
260,8.166,10.915
261,8.184,10.936
262,8.162,10.907
263,8.171,10.913
264,8.147,10.848
265,8.146,10.829
266,8.122,10.804
267,8.116,10.787
268,8.055,10.683
269,8.042,10.649
270,8.011,10.597
271,7.964,10.507
272,7.955,10.469
273,7.937,10.480
274,7.884,10.423
275,7.867,10.420
276,7.877,10.431
277,7.881,10.449
278,7.853,10.424
279,7.849,10.399
280,7.834,10.395
281,7.856,10.399
282,7.840,10.401
283,7.843,10.405
284,7.845,10.422
285,7.864,10.435
286,7.848,10.412
287,7.845,10.420
288,7.810,10.403
289,7.819,10.426
290,7.807,10.385
291,7.804,10.411
292,7.787,10.415
293,7.799,10.440
294,7.806,10.473
295,7.794,10.441
296,7.795,10.464
297,7.776,10.460
298,7.775,10.449
299,7.806,10.479
300,7.776,10.454
301,7.781,10.464
302,7.760,10.440
303,7.754,10.434
304,7.712,10.418
305,7.687,10.403
306,7.665,10.380
307,7.683,10.406
308,7.664,10.402
309,7.702,10.445
310,7.686,10.430
311,7.692,10.464
312,7.715,10.487
313,7.699,10.487
314,7.698,10.491
315,7.732,10.473
316,7.720,10.425
317,7.716,10.418
318,7.707,10.404
319,7.760,10.453
320,7.771,10.459
321,7.749,10.452
322,7.728,10.419
323,7.742,10.418
324,7.782,10.448
325,7.759,10.372
326,7.792,10.411
327,7.772,10.417
328,7.761,10.415
329,7.719,10.370
330,7.698,10.329
331,7.667,10.316
332,7.658,10.321
333,7.621,10.293
334,7.633,10.308
335,7.634,10.335
336,7.628,10.346
337,7.596,10.318
338,7.587,10.307
339,7.605,10.339
340,7.605,10.320
341,7.588,10.284
342,7.593,10.222
343,7.589,10.216
344,7.575,10.181
345,7.537,10.155
346,7.550,10.165
347,7.572,10.200
348,7.621,10.265
349,7.699,10.334
350,7.750,10.371
351,7.771,10.304
352,7.804,10.259
353,7.861,10.296
354,7.767,10.222
355,7.773,10.232
356,7.780,10.243
357,7.762,10.227
358,7.754,10.229
359,7.759,10.221
360,7.795,10.264
361,7.773,10.228
362,7.812,10.265
363,7.802,10.247
364,7.800,10.244
365,7.819,10.258
366,7.834,10.270
367,7.838,10.279
368,7.836,10.290
369,7.812,10.241
370,7.786,10.220
371,7.778,10.219
372,7.780,10.215
373,7.771,10.207
374,7.781,10.235
375,7.760,10.198
376,7.801,10.270
377,7.785,10.240
378,7.798,10.250
379,7.813,10.292
380,7.788,10.253
381,7.764,10.225
382,7.704,10.166
383,7.712,10.171
384,7.714,10.181
385,7.676,10.136
386,7.676,10.123
387,7.686,10.142
388,7.670,10.126
389,7.666,10.132
390,7.637,10.102
391,7.627,10.093
392,7.665,10.136
393,7.650,10.125
394,7.639,10.122
395,7.627,10.124
396,7.570,10.056
397,7.584,10.086
398,7.546,10.065
399,7.515,10.032
400,7.545,10.080
401,7.563,10.107
402,7.505,10.072
403,7.518,10.109
404,7.544,10.155
405,7.509,10.151
406,7.491,10.167
407,7.510,10.200
408,7.580,10.244
409,7.568,10.226
410,7.608,10.264
411,7.582,10.246
412,7.546,10.190
413,7.537,10.176
414,7.509,10.103
415,7.490,10.085
416,7.489,10.062
417,7.457,10.018
418,7.445,9.998
419,7.419,9.971
420,7.409,9.963
421,7.390,9.946
422,7.393,9.977
423,7.415,9.984
424,7.365,9.951
425,7.344,9.927
426,7.390,9.968
427,7.358,9.957
428,7.342,9.967
429,7.416,10.042
430,7.411,10.055
431,7.403,10.057
432,7.432,10.076
433,7.454,10.169
434,7.454,10.166
435,7.511,10.205
436,7.523,10.211
437,7.561,10.286
438,7.591,10.297
439,7.628,10.383
440,7.633,10.349
441,7.684,10.410
442,7.735,10.429
443,7.785,10.433
444,7.807,10.423
445,7.929,10.535
446,7.983,10.579
447,8.059,10.664
448,8.167,10.748
449,8.306,10.880
450,8.276,10.861
451,8.376,10.973
452,8.447,11.028
453,8.458,11.028
454,8.555,11.110
455,8.629,11.190
456,8.528,11.055
457,8.533,11.023
458,8.479,10.912
459,8.338,10.752
460,8.353,10.759
461,8.437,10.864
462,8.444,10.865
463,8.348,10.768
464,8.268,10.683
465,8.169,10.570
466,8.149,10.542
467,8.048,10.443
468,8.035,10.425
469,8.029,10.430
470,8.025,10.426
471,8.013,10.430
472,8.068,10.479
473,8.093,10.481
474,8.086,10.466
475,8.031,10.420
476,7.988,10.384
477,7.892,10.277
478,7.834,10.220
479,7.725,10.120
480,7.683,10.074
481,7.617,9.987
482,7.569,9.950
483,7.487,9.851
484,7.430,9.814
485,7.339,9.715
486,7.220,9.586
487,7.180,9.559
488,7.092,9.478
489,7.074,9.457
490,7.050,9.433
491,7.002,9.366
492,6.949,9.326
493,6.927,9.319
494,6.806,9.202
495,6.908,9.293
496,6.886,9.282
497,6.889,9.300
498,6.946,9.339
499,6.937,9.330
500,6.968,9.360
501,6.958,9.323
502,6.904,9.269
503,6.855,9.225
504,6.837,9.186
505,6.828,9.157
506,6.798,9.127
507,6.880,9.207
508,6.939,9.252
509,7.036,9.338
510,7.105,9.396
511,7.167,9.476
512,7.172,9.469
513,7.190,9.504
514,7.154,9.449
515,7.239,9.549
516,7.415,9.712
517,7.423,9.715
518,7.503,9.794
519,7.607,9.905
520,7.679,9.953
521,7.826,10.110
522,7.818,10.091
523,7.863,10.125
524,7.892,10.163
525,7.792,10.056
526,7.837,10.097
527,7.911,10.182
528,7.919,10.203
529,7.961,10.259
530,8.035,10.342
531,8.010,10.306
532,8.030,10.319
533,8.069,10.347
534,8.032,10.328
535,8.049,10.353
536,8.073,10.372
537,7.982,10.284
538,8.010,10.312
539,8.047,10.341
540,8.044,10.337
541,8.087,10.404
542,8.080,10.393
543,8.020,10.323
544,7.998,10.301
545,7.986,10.304
546,7.940,10.257
547,7.928,10.251
548,7.930,10.250
549,7.962,10.281
550,7.915,10.216
551,8.036,10.359
552,8.033,10.348
553,8.097,10.427
554,8.068,10.394
555,8.055,10.379
556,8.079,10.410
557,8.116,10.463
558,8.177,10.527
559,8.237,10.589
560,8.225,10.575
561,8.262,10.617
562,8.280,10.635
563,8.326,10.704
564,8.329,10.714
565,8.347,10.738
566,8.370,10.759
567,8.346,10.730
568,8.331,10.725
569,8.342,10.727
570,8.325,10.700
571,8.290,10.666
572,8.279,10.641
573,8.201,10.558
574,8.181,10.557
575,8.071,10.439
576,7.977,10.333
577,7.954,10.320
578,7.935,10.315
579,7.876,10.256
580,7.844,10.229
581,7.786,10.155
582,7.768,10.135
583,7.799,10.174
584,7.832,10.204
585,7.747,10.118
586,7.721,10.077
587,7.756,10.129
588,7.735,10.111
589,7.706,10.080
590,7.658,10.032
591,7.670,10.069
592,7.689,10.077
593,7.689,10.082
594,7.678,10.053
595,7.701,10.095
596,7.651,10.038
597,7.693,10.094
598,7.695,10.081
599,7.712,10.099
600,7.738,10.119
601,7.811,10.217
602,7.854,10.277
603,7.882,10.290
604,7.916,10.333
605,7.949,10.386
606,7.995,10.442
607,8.022,10.472
608,8.070,10.530
609,8.113,10.574
610,8.154,10.628
611,8.205,10.689
612,8.257,10.754
613,8.338,10.847
614,8.366,10.870
615,8.459,10.979
616,8.499,11.027
617,8.547,11.084
618,8.606,11.132
619,8.669,11.224
620,8.668,11.218
621,8.716,11.280
622,8.791,11.374
623,8.812,11.370
624,8.830,11.372
625,8.802,11.301
626,8.792,11.269
627,8.728,11.182
628,8.665,11.110
629,8.569,10.990
630,8.509,10.935
631,8.457,10.868
632,8.403,10.807
633,8.309,10.710
634,8.250,10.650
635,8.118,10.514
636,8.014,10.403
637,7.959,10.350
638,7.874,10.255
639,7.765,10.142
640,7.730,10.127
641,7.620,10.024
642,7.582,10.015
643,7.527,9.985
644,7.480,9.947
645,7.406,9.892
646,7.388,9.869
647,7.348,9.812
648,7.342,9.824
649,7.331,9.849
650,7.277,9.783
651,7.296,9.819
652,7.284,9.833
653,7.270,9.850
654,7.235,9.810
655,7.248,9.880
656,7.271,9.931
657,7.259,9.889
658,7.257,9.923
659,7.267,9.974
660,7.249,9.973
661,7.263,9.990
662,7.254,9.997
663,7.281,10.022
664,7.318,10.074
665,7.344,10.148
666,7.376,10.192
667,7.397,10.208
668,7.445,10.274
669,7.451,10.286
670,7.463,10.316
671,7.479,10.331
672,7.515,10.391
673,7.556,10.451
674,7.543,10.426
675,7.572,10.453
676,7.595,10.475
677,7.607,10.481
678,7.628,10.524
679,7.672,10.563
680,7.671,10.554
681,7.700,10.597
682,7.689,10.591
683,7.725,10.624
684,7.738,10.629
685,7.795,10.698
686,7.802,10.690
687,7.850,10.743
688,7.896,10.780
689,7.951,10.824
690,7.986,10.879
691,7.986,10.875
692,7.992,10.863
693,8.007,10.884
694,8.050,10.933
695,8.066,10.957
696,8.117,11.014
697,8.129,11.029
698,8.125,11.026
699,8.165,11.080
700,8.169,11.080
701,8.171,11.086
702,8.202,11.126
703,8.279,11.219
704,8.291,11.239
705,8.322,11.273
706,8.316,11.266
707,8.355,11.299
708,8.370,11.321
709,8.395,11.331
710,8.429,11.364
711,8.455,11.384
712,8.466,11.383
713,8.504,11.427
714,8.533,11.440
715,8.539,11.434
716,8.587,11.499
717,8.633,11.562
718,8.677,11.653
719,8.784,11.821
720,8.800,11.858
721,8.854,11.920
722,8.849,11.902
723,8.869,11.945
724,8.922,12.017
725,8.954,12.039
726,8.988,12.082
727,9.042,12.124
728,9.069,12.171
729,9.099,12.194
730,9.099,12.188
731,9.159,12.265
732,9.143,12.231
733,9.122,12.219
734,9.150,12.241
735,9.146,12.254
736,9.165,12.262
737,9.176,12.298
738,9.211,12.341
739,9.200,12.323
740,9.221,12.371
741,9.243,12.370
742,9.249,12.406
743,9.251,12.389
744,9.295,12.443
745,9.313,12.442
746,9.286,12.440
747,9.318,12.477
748,9.315,12.469
749,9.356,12.551
750,9.334,12.513
751,9.319,12.495
752,9.360,12.522
753,9.275,12.419
754,9.288,12.455
755,9.262,12.424
756,9.265,12.439
757,9.307,12.494
758,9.258,12.476
759,9.243,12.438
760,9.231,12.435
761,9.221,12.459
762,9.178,12.432
763,9.163,12.424
764,9.148,12.426
765,9.141,12.446
766,9.105,12.414
767,9.119,12.445
768,9.077,12.403
769,9.003,12.325
770,8.945,12.227
771,8.988,12.243
772,8.935,12.151
773,8.915,12.150
774,8.847,12.091
775,8.839,12.081
776,8.774,11.981
777,8.724,11.851
778,8.673,11.775
779,8.656,11.706
780,8.608,11.687
781,8.535,11.599
782,8.523,11.586
783,8.473,11.449
784,8.405,11.360
785,8.381,11.324
786,8.362,11.336
787,8.355,11.327
788,8.334,11.314
789,8.328,11.358
790,8.317,11.369
791,8.331,11.431
792,8.317,11.428
793,8.328,11.445
794,8.306,11.401
795,8.300,11.349
796,8.314,11.366
797,8.316,11.314
798,8.322,11.295
799,8.315,11.251
800,8.337,11.249
801,8.294,11.198
802,8.370,11.302
803,8.477,11.475
804,8.487,11.482
805,8.437,11.436
806,8.444,11.438
807,8.425,11.447
808,8.431,11.435
809,8.397,11.404
810,8.435,11.423
811,8.336,11.243
812,8.386,11.431
813,8.392,11.465
814,8.364,11.417
815,8.379,11.446
816,8.377,11.424
817,8.375,11.414
818,8.334,11.357
819,8.361,11.383
820,8.362,11.430
821,8.370,11.443
822,8.311,11.374
823,8.245,11.260
824,8.241,11.269
825,8.191,11.209
826,8.215,11.248
827,8.276,11.318
828,8.254,11.295
829,8.287,11.333
830,8.255,11.299
831,8.333,11.411
832,8.291,11.345
833,8.306,11.347
834,8.310,11.374
835,8.306,11.349
836,8.309,11.350
837,8.299,11.318
838,8.266,11.273
839,8.255,11.239
840,8.261,11.254
841,8.235,11.213
842,8.267,11.353
843,8.245,11.311
844,8.288,11.328
845,8.290,11.310
846,8.295,11.299
847,8.283,11.286
848,8.256,11.256
849,8.224,11.179
850,8.197,11.117
851,8.239,11.292
852,8.224,11.268
853,8.261,11.304
854,8.262,11.295
855,8.244,11.263
856,8.255,11.258
857,8.212,11.209
858,8.225,11.217
859,8.180,11.181
860,8.143,11.123
861,8.166,11.161
862,8.188,11.193
863,8.213,11.197
864,8.230,11.195
865,8.215,11.183
866,8.209,11.164
867,8.198,11.116
868,8.183,11.093
869,8.119,11.026
870,8.062,10.964
871,8.007,10.882
872,7.953,10.818
873,7.939,10.810
874,7.928,10.775
875,7.924,10.790
876,7.918,10.778
877,7.880,10.730
878,7.820,10.653
879,7.800,10.646
880,7.767,10.622
881,7.767,10.644
882,7.788,10.679
883,7.815,10.730
884,7.802,10.735
885,7.796,10.736
886,7.855,10.831
887,7.848,10.826
888,7.844,10.829
889,7.882,10.881
890,7.897,10.919
891,7.883,10.911
892,7.887,10.929
893,7.863,10.905
894,7.884,10.948
895,7.890,10.982
896,7.916,11.054
897,7.924,11.083
898,7.963,11.128
899,8.001,11.202
900,8.043,11.229
901,8.036,11.240
902,8.012,11.222
903,8.058,11.338
904,8.082,11.391
905,8.074,11.430
906,8.037,11.439
907,8.043,11.424
908,8.090,11.502
909,8.109,11.459
910,8.158,11.518
911,8.167,11.541
912,8.170,11.521
913,8.229,11.588
914,8.299,11.688
915,8.345,11.738
916,8.374,11.804
917,8.451,11.901
918,8.518,12.016
919,8.554,12.048
920,8.661,12.198
921,8.705,12.258
922,8.742,12.314
923,8.819,12.408
924,8.807,12.390
925,8.854,12.442
926,8.861,12.413
927,8.840,12.378
928,8.870,12.393
929,8.905,12.475
930,8.943,12.517
931,8.997,12.590
932,9.031,12.631
933,9.097,12.721
934,9.110,12.694
935,9.132,12.671
936,9.183,12.743
937,9.151,12.656
938,9.186,12.679
939,9.186,12.661
940,9.186,12.642
941,9.176,12.628
942,9.175,12.600
943,9.201,12.642
944,9.173,12.604
945,9.171,12.612
946,9.168,12.607
947,9.212,12.677
948,9.222,12.712
949,9.280,12.777
950,9.301,12.805
951,9.298,12.793
952,9.326,12.819
953,9.346,12.823
954,9.331,12.826
955,9.303,12.814
956,9.310,12.791
957,9.327,12.811
958,9.410,12.931
959,9.447,12.979
960,9.439,12.966
961,9.414,12.915
962,9.428,12.922
963,9.472,12.987
964,9.477,12.942
965,9.537,12.981
966,9.571,13.016
967,9.557,12.972
968,9.589,13.006
969,9.637,12.995
970,9.645,12.987
971,9.672,13.022
972,9.693,13.045
973,9.647,13.007
974,9.639,12.965
975,9.647,12.967
976,9.624,12.900
977,9.602,12.870
978,9.569,12.815
979,9.547,12.765
980,9.557,12.754
981,9.585,12.799
982,9.552,12.766
983,9.547,12.770
984,9.549,12.797
985,9.532,12.834
986,9.524,12.817
987,9.526,12.845
988,9.572,12.899
989,9.583,12.923
990,9.580,12.936
991,9.620,12.999
992,9.660,13.075
993,9.687,13.113
994,9.691,13.119
995,9.717,13.162
996,9.700,13.138
997,9.740,13.179
998,9.739,13.181
999,9.745,13.187
1000,9.743,13.167
1001,9.747,13.221
1002,9.645,13.121
1003,9.649,13.166
1004,9.613,13.082
1005,9.559,13.040
1006,9.559,13.081
1007,9.547,13.030
1008,9.551,13.039
1009,9.537,13.040
1010,9.531,13.044
1011,9.495,12.965
1012,9.498,12.999
1013,9.479,12.950
1014,9.455,12.934
1015,9.455,12.902
1016,9.412,12.857
1017,9.440,12.872
1018,9.422,12.859
1019,9.420,12.838
1020,9.392,12.851
1021,9.401,12.831
1022,9.370,12.847
1023,9.378,12.892
1024,9.341,12.821
1025,9.365,12.900
1026,9.376,12.926
1027,9.392,12.923
1028,9.340,12.851
1029,9.323,12.875
1030,9.318,12.881
1031,9.278,12.808
1032,9.274,12.754
1033,9.308,12.773
1034,9.281,12.749
1035,9.276,12.767
1036,9.246,12.738
1037,9.152,12.625
1038,9.153,12.562
1039,9.184,12.584
1040,9.191,12.581
1041,9.260,12.619
1042,9.235,12.577
1043,9.217,12.490
1044,9.167,12.435
1045,9.151,12.389
1046,9.105,12.323
1047,9.074,12.263
1048,9.070,12.272
1049,9.060,12.263
1050,9.012,12.189
1051,9.032,12.212
1052,8.987,12.149
1053,8.950,12.100
1054,8.909,12.031
1055,8.917,12.021
1056,8.845,11.996
1057,8.796,11.903
1058,8.782,11.908
1059,8.799,11.898
1060,8.802,11.878
1061,8.931,11.935
1062,8.920,11.994
1063,8.912,11.962
1064,8.944,12.017
1065,8.865,11.946
1066,8.813,11.852
1067,8.761,11.761
1068,8.759,11.760
1069,8.727,11.727
1070,8.742,11.720
1071,8.808,11.829
1072,8.813,11.811
1073,8.848,11.843
1074,8.851,11.811
1075,8.884,11.855
1076,8.887,11.848
1077,8.931,11.887
1078,8.967,11.958
1079,9.008,11.973
1080,9.002,11.956
1081,9.071,12.025
1082,9.051,11.985
1083,9.078,12.014
1084,9.100,12.063
1085,9.128,12.057
1086,9.186,12.141
1087,9.183,12.131
1088,9.181,12.137
1089,9.189,12.140
1090,9.205,12.179
1091,9.162,12.133
1092,9.183,12.160
1093,9.194,12.170
1094,9.240,12.220
1095,9.240,12.254
1096,9.213,12.209
1097,9.201,12.212
1098,9.162,12.167
1099,9.134,12.170
1100,9.095,12.157
1101,9.045,12.146
1102,9.018,12.125
1103,8.938,12.055
1104,8.894,12.038
1105,8.873,12.053
1106,8.835,12.021
1107,8.883,12.145
1108,8.836,12.074
1109,8.860,12.138
1110,8.843,12.153
1111,8.832,12.153
1112,8.829,12.185
1113,8.899,12.327
1114,8.902,12.344
1115,8.936,12.423
1116,8.911,12.398
1117,8.933,12.450
1118,8.928,12.467
1119,8.937,12.494
1120,8.943,12.505
1121,8.955,12.509
1122,9.020,12.522
1123,9.017,12.482
1124,9.006,12.421
1125,8.989,12.435
1126,8.941,12.344
1127,8.928,12.326
1128,8.876,12.236
1129,8.872,12.233
1130,8.844,12.184
1131,8.831,12.170
1132,8.856,12.179
1133,8.798,12.090
1134,8.777,12.037
1135,8.745,12.001
1136,8.688,11.884
1137,8.703,11.893
1138,8.682,11.848
1139,8.694,11.845
1140,8.688,11.834
1141,8.745,11.899
1142,8.779,11.951
1143,8.797,11.935
1144,8.808,11.970
1145,8.816,11.976
1146,8.831,11.986
1147,8.811,11.980
1148,8.757,11.874
1149,8.738,11.836
1150,8.725,11.830
1151,8.704,11.803
1152,8.693,11.789
1153,8.686,11.762
1154,8.680,11.741
1155,8.661,11.771
1156,8.662,11.775
1157,8.624,11.730
1158,8.638,11.728
1159,8.620,11.738
1160,8.583,11.670
1161,8.577,11.688
1162,8.567,11.671
1163,8.547,11.623
1164,8.553,11.640
1165,8.567,11.688
1166,8.518,11.616
1167,8.526,11.645
1168,8.510,11.627
1169,8.569,11.716
1170,8.565,11.710
1171,8.549,11.681
1172,8.557,11.691
1173,8.567,11.713
1174,8.564,11.693
1175,8.556,11.683
1176,8.562,11.696
1177,8.587,11.711
1178,8.545,11.667
1179,8.573,11.686
1180,8.550,11.651
1181,8.582,11.728
1182,8.599,11.721
1183,8.613,11.745
1184,8.611,11.732
1185,8.623,11.767
1186,8.623,11.739
1187,8.614,11.747
1188,8.624,11.767
1189,8.655,11.784
1190,8.635,11.756
1191,8.668,11.819
1192,8.634,11.740
1193,8.671,11.815
1194,8.681,11.821
1195,8.698,11.834
1196,8.727,11.876
1197,8.767,11.909
1198,8.774,11.934
1199,8.726,11.865
1200,8.785,11.934
1201,8.781,11.950
1202,8.806,11.971
1203,8.856,12.043
1204,8.848,12.026
1205,8.869,12.043
1206,8.883,12.050
1207,8.911,12.063
1208,8.910,12.074
1209,8.907,12.048
1210,8.937,12.080
1211,8.885,12.019
1212,8.806,11.912
1213,8.834,11.954
1214,8.804,11.910
1215,8.744,11.856
1216,8.706,11.836
1217,8.690,11.798
1218,8.629,11.742
1219,8.548,11.646
1220,8.504,11.608
1221,8.491,11.566
1222,8.450,11.522
1223,8.434,11.494
1224,8.451,11.500
1225,8.432,11.471
1226,8.436,11.469
1227,8.382,11.401
1228,8.402,11.432
1229,8.407,11.441
1230,8.386,11.419
1231,8.377,11.394
1232,8.372,11.401
1233,8.353,11.350
1234,8.335,11.353
1235,8.295,11.294
1236,8.312,11.298
1237,8.323,11.318
1238,8.309,11.293
1239,8.284,11.274
1240,8.253,11.223
1241,8.253,11.226
1242,8.237,11.203
1243,8.256,11.229
1244,8.256,11.220
1245,8.263,11.252
1246,8.236,11.209
1247,8.217,11.187
1248,8.221,11.176
1249,8.238,11.201
1250,8.238,11.211
1251,8.214,11.156
1252,8.143,11.073
1253,8.120,11.064
1254,8.095,11.013
1255,8.133,11.093
1256,8.127,11.064
1257,8.129,11.065
1258,8.129,11.046
1259,8.116,11.050
1260,8.117,11.036
1261,8.139,11.070
1262,8.131,11.050
1263,8.152,11.075
1264,8.169,11.096
1265,8.144,11.052
1266,8.183,11.116
1267,8.188,11.079
1268,8.171,11.073
1269,8.187,11.100
1270,8.196,11.111
1271,8.186,11.095
1272,8.187,11.100
1273,8.169,11.068
1274,8.173,11.083
1275,8.166,11.063
1276,8.145,11.043
1277,8.137,11.042
1278,8.148,11.055
1279,8.160,11.078
1280,8.175,11.105
1281,8.165,11.089
1282,8.136,11.048
1283,8.152,11.088
1284,8.139,11.067
1285,8.160,11.118
1286,8.112,11.076
1287,8.095,11.063
1288,8.103,11.077
1289,8.065,11.039
1290,8.070,11.037
1291,8.097,11.086
1292,8.121,11.117
1293,8.145,11.138
1294,8.184,11.197
1295,8.204,11.220
1296,8.295,11.293
1297,8.318,11.302
1298,8.318,11.299
1299,8.340,11.327
1300,8.362,11.355
1301,8.379,11.392
1302,8.388,11.410
1303,8.390,11.425
1304,8.358,11.397
1305,8.360,11.409
1306,8.381,11.442
1307,8.371,11.452
1308,8.382,11.455
1309,8.390,11.472
1310,8.370,11.463
1311,8.449,11.508
1312,8.451,11.483
1313,8.476,11.524
1314,8.497,11.508
1315,8.493,11.506
1316,8.523,11.537
1317,8.500,11.558
1318,8.504,11.570
1319,8.447,11.485
1320,8.482,11.500
1321,8.489,11.501
1322,8.462,11.423
1323,8.521,11.416
1324,8.549,11.398
1325,8.547,11.386
1326,8.594,11.462
1327,8.607,11.428
1328,8.640,11.433
1329,8.657,11.473
1330,8.662,11.451
1331,8.666,11.428
1332,8.639,11.435
1333,8.667,11.473
1334,8.718,11.521
1335,8.668,11.474
1336,8.670,11.472
1337,8.669,11.455
1338,8.699,11.502
1339,8.705,11.527
1340,8.704,11.549
1341,8.704,11.541
1342,8.705,11.552
1343,8.715,11.566
1344,8.768,11.648
1345,8.774,11.661
1346,8.789,11.681
1347,8.815,11.707
1348,8.834,11.714
1349,8.844,11.732
1350,8.855,11.752
1351,8.900,11.802
1352,8.913,11.805
1353,8.951,11.869
1354,8.984,11.898
1355,8.980,11.869
1356,9.016,11.923
1357,9.052,11.961
1358,9.071,11.978
1359,9.111,12.008
1360,9.143,12.032
1361,9.180,12.058
1362,9.223,12.137
1363,9.250,12.163
1364,9.220,12.107
1365,9.240,12.159
1366,9.194,12.088
1367,9.226,12.169
1368,9.188,12.124
1369,9.185,12.144
1370,9.160,12.137
1371,9.136,12.118
1372,9.082,12.053
1373,9.063,12.071
1374,9.032,12.037
1375,9.045,12.063
1376,9.003,12.011
1377,9.035,12.064
1378,8.995,12.025
1379,8.980,12.009
1380,9.011,12.075
1381,8.967,11.965
1382,8.991,12.025
1383,9.001,12.031
1384,8.977,12.004
1385,8.960,12.009
1386,8.953,12.001
1387,8.935,11.977
1388,8.917,11.963
1389,8.932,11.988
1390,8.920,11.974
1391,8.883,11.946
1392,8.865,11.932
1393,8.836,11.903
1394,8.826,11.903
1395,8.806,11.903
1396,8.789,11.884
1397,8.767,11.873
1398,8.779,11.886
1399,8.762,11.876
1400,8.754,11.905
1401,8.732,11.888
1402,8.708,11.864
1403,8.697,11.859
1404,8.666,11.838
1405,8.660,11.872
1406,8.628,11.809
1407,8.636,11.865
1408,8.621,11.888
1409,8.629,11.887
1410,8.689,11.903
1411,8.706,11.917
1412,8.710,11.929
1413,8.774,11.944
1414,8.803,12.004
1415,8.792,11.974
1416,8.760,11.951
1417,8.778,11.989
1418,8.792,11.996
1419,8.803,12.038
1420,8.796,12.030
1421,8.798,12.036
1422,8.847,12.056
1423,8.866,12.074
1424,8.894,12.096
1425,8.905,12.121
1426,8.858,12.103
1427,8.888,12.130
1428,8.892,12.160
1429,8.857,12.096
1430,8.873,12.125
1431,8.906,12.158
1432,8.897,12.151
1433,8.879,12.141
1434,8.892,12.165
1435,8.855,12.105
1436,8.909,12.178
1437,8.867,12.133
1438,8.929,12.203
1439,8.922,12.166
1440,8.936,12.169
1441,8.966,12.168
1442,8.996,12.191
1443,9.019,12.200
1444,9.066,12.236
1445,9.062,12.208
1446,9.085,12.203
1447,9.094,12.176
1448,9.115,12.176
1449,9.130,12.184
1450,9.163,12.174
1451,9.170,12.152
1452,9.135,12.167
1453,9.126,12.147
1454,9.109,12.172
1455,9.120,12.160
1456,9.104,12.136
1457,9.135,12.175
1458,9.115,12.138
1459,9.138,12.179
1460,9.133,12.179
1461,9.139,12.178
1462,9.177,12.245
1463,9.172,12.249
1464,9.181,12.261
1465,9.142,12.184
1466,9.181,12.257
1467,9.172,12.247
1468,9.180,12.263
1469,9.201,12.323
1470,9.218,12.342
1471,9.222,12.349
1472,9.258,12.393
1473,9.247,12.410
1474,9.254,12.420
1475,9.294,12.488
1476,9.280,12.458
1477,9.278,12.463
1478,9.314,12.515
1479,9.320,12.537
1480,9.319,12.535
1481,9.299,12.508
1482,9.339,12.555
1483,9.340,12.567
1484,9.369,12.592
1485,9.341,12.574
1486,9.348,12.567
1487,9.354,12.578
1488,9.340,12.579
1489,9.339,12.563
1490,9.334,12.547
1491,9.344,12.541
1492,9.305,12.482
1493,9.329,12.521
1494,9.329,12.508
1495,9.296,12.465
1496,9.326,12.526
1497,9.271,12.424
1498,9.311,12.476
1499,9.330,12.493
1500,9.338,12.494
1501,9.331,12.475
1502,9.292,12.448
1503,9.273,12.413
1504,9.315,12.463
1505,9.275,12.407
1506,9.297,12.455
1507,9.261,12.438
1508,9.265,12.437
1509,9.210,12.400
1510,9.208,12.400
1511,9.213,12.426
1512,9.188,12.408
1513,9.202,12.447
1514,9.197,12.437
1515,9.217,12.484
1516,9.191,12.444
1517,9.199,12.481
1518,9.177,12.438
1519,9.175,12.458
1520,9.160,12.425
1521,9.144,12.421
1522,9.131,12.435
1523,9.125,12.431
1524,9.114,12.434
1525,9.082,12.369
1526,9.064,12.370
1527,9.023,12.323
1528,9.050,12.376
1529,9.025,12.344
1530,8.976,12.292
1531,8.971,12.311
1532,8.921,12.249
1533,8.981,12.274
1534,8.959,12.240
1535,8.957,12.230
1536,8.942,12.226
1537,8.949,12.243
1538,8.914,12.198
1539,8.935,12.239
1540,8.941,12.253
1541,8.965,12.293
1542,8.947,12.247
1543,8.940,12.226
1544,8.946,12.269
1545,8.933,12.243
1546,8.925,12.240
1547,8.908,12.199
1548,8.930,12.234
1549,8.911,12.205
1550,8.908,12.200
1551,8.888,12.170
1552,8.882,12.161
1553,8.877,12.179
1554,8.927,12.239
1555,8.910,12.223
1556,8.889,12.176
1557,8.889,12.189
1558,8.866,12.139
1559,8.892,12.195
1560,8.881,12.172
1561,8.863,12.156
1562,8.866,12.153
1563,8.868,12.150
1564,8.847,12.139
1565,8.839,12.122
1566,8.840,12.136
1567,8.854,12.156
1568,8.862,12.159
1569,8.839,12.141
1570,8.848,12.158
1571,8.813,12.123
1572,8.915,12.177
1573,8.933,12.203
1574,8.974,12.226
1575,8.934,12.177
1576,8.948,12.202
1577,8.932,12.183
1578,8.936,12.190
1579,8.912,12.186
1580,8.907,12.146
1581,8.945,12.208
1582,8.952,12.202
1583,8.938,12.179
1584,8.940,12.178
1585,8.924,12.182
1586,8.917,12.155
1587,8.914,12.161
1588,8.918,12.185
1589,8.919,12.176
1590,8.881,12.102
1591,8.891,12.133
1592,8.904,12.146
1593,8.910,12.163
1594,8.891,12.141
1595,8.903,12.156
1596,8.911,12.147
1597,8.896,12.145
1598,8.876,12.106
1599,8.884,12.113
1600,8.876,12.114
1601,8.876,12.120
1602,8.895,12.116
1603,8.896,12.123
1604,8.883,12.101
1605,8.890,12.131
1606,8.875,12.115
1607,8.904,12.145
1608,8.918,12.147
1609,8.922,12.136
1610,8.873,12.076
1611,8.943,12.166
1612,8.913,12.102
1613,8.932,12.118
1614,8.924,12.099
1615,8.955,12.126
1616,8.953,12.106
1617,8.930,12.125
1618,8.885,12.082
1619,8.887,12.070
1620,8.918,12.114
1621,8.904,12.073
1622,8.888,12.044
1623,8.886,12.091
1624,8.861,12.078
1625,8.819,12.042
1626,8.818,12.010
1627,8.820,12.013
1628,8.817,12.004
1629,8.808,11.993
1630,8.842,12.032
1631,8.846,12.044
1632,8.854,12.060
1633,8.836,12.032
1634,8.819,12.021
1635,8.802,11.989
1636,8.816,11.993
1637,8.822,12.013
1638,8.828,12.036
1639,8.813,11.986
1640,8.840,12.053
1641,8.852,12.083
1642,8.880,12.119
1643,8.852,12.071
1644,8.897,12.110
1645,8.876,12.090
1646,8.873,12.088
1647,8.886,12.101
1648,8.895,12.121
1649,8.892,12.115
1650,8.914,12.126
1651,8.934,12.165
1652,8.940,12.184
1653,8.919,12.128
1654,8.969,12.196
1655,8.943,12.178
1656,8.944,12.160
1657,8.949,12.176
1658,8.946,12.193
1659,8.956,12.179
1660,8.953,12.165
1661,8.956,12.185
1662,8.991,12.234
1663,8.985,12.204
1664,8.982,12.212
1665,8.988,12.238
1666,8.976,12.244
1667,9.003,12.231
1668,9.007,12.262
1669,8.988,12.244
1670,8.998,12.249
1671,8.982,12.236
1672,8.980,12.235
1673,8.997,12.266
1674,8.977,12.222
1675,8.971,12.239
1676,8.979,12.263
1677,8.960,12.246
1678,8.982,12.283
1679,8.955,12.250
1680,8.962,12.269
1681,8.955,12.259
1682,8.960,12.271
1683,8.900,12.202
1684,8.907,12.231
1685,8.891,12.228
1686,8.917,12.265
1687,8.909,12.246
1688,8.899,12.256
1689,8.897,12.244
1690,8.909,12.294
1691,8.881,12.257
1692,8.872,12.252
1693,8.879,12.270
1694,8.834,12.209
1695,8.844,12.246
1696,8.820,12.204
1697,8.830,12.247
1698,8.830,12.231
1699,8.800,12.229
1700,8.814,12.245
1701,8.884,12.253
1702,8.855,12.221
1703,8.921,12.278
1704,8.871,12.268
1705,8.816,12.167
1706,8.856,12.248
1707,8.858,12.235
1708,8.838,12.227
1709,8.831,12.181
1710,8.876,12.266
1711,8.863,12.225
1712,8.902,12.305
1713,8.855,12.232
1714,8.869,12.256
1715,8.880,12.264
1716,8.858,12.224
1717,8.877,12.253
1718,8.883,12.266
1719,8.897,12.296
1720,8.884,12.271
1721,8.875,12.244
1722,8.870,12.244
1723,8.895,12.274
1724,8.911,12.308
1725,8.889,12.282
1726,8.909,12.278
1727,8.909,12.293
1728,8.905,12.274
1729,8.881,12.250
1730,8.889,12.268
1731,8.892,12.265
1732,8.919,12.311
1733,8.930,12.322
1734,8.897,12.267
1735,8.922,12.295
1736,8.966,12.361
1737,8.962,12.347
1738,8.945,12.334
1739,8.908,12.248
1740,8.927,12.297
1741,8.928,12.306
1742,8.939,12.319
1743,8.961,12.369
1744,8.942,12.336
1745,8.943,12.316
1746,8.940,12.322
1747,8.935,12.298
1748,8.956,12.349
1749,8.942,12.322
1750,8.969,12.351
1751,8.954,12.331
1752,8.947,12.319
1753,8.995,12.394
1754,8.946,12.314
1755,8.951,12.330
1756,8.978,12.366
1757,8.965,12.343
1758,8.974,12.357
1759,8.967,12.352
1760,8.963,12.329
1761,8.979,12.343
1762,8.985,12.365
1763,8.986,12.347
1764,9.002,12.371
1765,8.985,12.340
1766,8.988,12.335
1767,9.033,12.416
1768,9.013,12.383
1769,9.034,12.401
1770,9.009,12.375
1771,9.012,12.362
1772,9.018,12.375
1773,9.011,12.369
1774,9.009,12.354
1775,9.023,12.384
1776,9.031,12.380
1777,9.002,12.336
1778,9.038,12.408
1779,9.017,12.368
1780,9.032,12.389
1781,8.996,12.352
1782,9.059,12.429
1783,9.033,12.367
1784,9.032,12.378
1785,9.083,12.434
1786,9.076,12.429
1787,9.102,12.457
1788,9.110,12.481
1789,9.118,12.474
1790,9.109,12.426
1791,9.111,12.439
1792,9.126,12.477
1793,9.116,12.468
1794,9.126,12.478
1795,9.139,12.467
1796,9.145,12.486
1797,9.194,12.548
1798,9.195,12.564
1799,9.176,12.518
1800,9.177,12.503
1801,9.158,12.497
1802,9.172,12.496
1803,9.194,12.530
1804,9.177,12.507
1805,9.191,12.528
1806,9.181,12.534
1807,9.200,12.529
1808,9.192,12.535
1809,9.236,12.593
1810,9.238,12.593
1811,9.264,12.630
1812,9.230,12.589
1813,9.242,12.601
1814,9.298,12.704
1815,9.290,12.645
1816,9.284,12.636
1817,9.285,12.654
1818,9.272,12.614
1819,9.301,12.665
1820,9.317,12.695
1821,9.321,12.688
1822,9.350,12.710
1823,9.339,12.690
1824,9.332,12.680
1825,9.333,12.691
1826,9.345,12.689
1827,9.367,12.712
1828,9.381,12.725
1829,9.354,12.704
1830,9.382,12.741
1831,9.350,12.687
1832,9.385,12.742
1833,9.385,12.736
1834,9.402,12.738
1835,9.405,12.772
1836,9.343,12.759
1837,9.321,12.714
1838,9.325,12.724
1839,9.337,12.734
1840,9.315,12.706
