0,16.237,18.727
1,16.249,18.748
2,16.236,18.725
3,16.239,18.755
4,16.370,18.868
5,16.402,18.918
6,16.402,18.907
7,16.318,18.779
8,16.300,18.797
9,16.314,18.805
10,16.279,18.780
11,16.290,18.802
12,16.256,18.766
13,16.295,18.814
14,16.239,18.749
15,16.281,18.793
16,16.359,18.914
17,16.408,18.934
18,16.490,19.025
19,16.506,19.029
20,16.582,19.112
21,16.625,19.134
22,16.559,19.091
23,16.570,19.099
24,16.573,19.118
25,16.489,19.039
26,16.476,19.004
27,16.455,18.994
28,16.449,18.955
29,16.498,19.018
30,16.469,18.972
31,16.459,18.973
32,16.432,18.929
33,16.422,18.946
34,16.383,18.921
35,16.304,18.827
36,16.270,18.812
37,16.198,18.728
38,16.122,18.635
39,16.046,18.559
40,16.187,18.700
41,16.124,18.634
42,16.072,18.568
43,16.075,18.553
44,15.997,18.468
45,15.956,18.386
46,16.029,18.466
47,16.009,18.439
48,16.020,18.420
49,16.240,18.596
50,16.401,18.761
51,16.592,18.911
52,16.765,19.084
53,16.970,19.263
54,17.174,19.445
55,17.260,19.491
56,17.363,19.609
57,17.409,19.632
58,17.572,19.805
59,17.580,19.797
60,17.488,19.679
61,17.359,19.534
62,17.178,19.325
63,17.094,19.228
64,16.740,18.860
65,16.697,18.808
66,16.599,18.724
67,16.347,18.459
68,16.304,18.392
69,16.257,18.382
70,16.124,18.246
71,16.044,18.170
72,16.061,18.218
73,15.924,18.075
74,15.663,17.781
75,15.516,17.622
76,15.371,17.449
77,15.354,17.460
78,15.318,17.422
79,15.278,17.392
80,15.237,17.346
81,15.202,17.326
82,15.127,17.251
83,15.112,17.229
84,15.089,17.217
85,15.086,17.221
86,15.067,17.193
87,15.081,17.214
88,15.058,17.160
89,15.082,17.203
90,15.039,17.159
91,15.040,17.156
92,15.016,17.120
93,14.987,17.082
94,14.564,16.611
95,13.781,15.844
96,12.890,14.958
97,13.172,15.355
98,12.534,14.679
99,11.945,14.115
100,13.255,15.622
101,13.230,15.650
102,13.420,15.859
103,13.813,16.290
104,13.624,16.146
105,13.604,16.112
106,14.497,17.151
107,14.678,17.358
108,14.926,17.666
109,15.287,18.089
110,15.236,18.031
111,15.474,18.291
112,15.525,18.311
113,15.478,18.229
114,15.470,18.206
115,15.441,18.155
116,15.554,18.254
117,15.809,18.523
118,15.772,18.494
119,15.810,18.558
120,15.788,18.533
121,15.770,18.545
122,15.772,18.551
123,15.806,18.607
124,15.799,18.570
125,15.859,18.649
126,15.966,18.748
127,16.069,18.860
128,16.179,18.951
129,16.234,19.019
130,16.347,19.169
131,16.412,19.237
132,16.445,19.233
133,16.468,19.282
134,16.438,19.259
135,16.364,19.144
136,16.342,19.124
137,16.301,19.076
138,16.234,18.996
139,16.204,18.980
140,16.144,18.878
141,16.079,18.773
142,16.057,18.777
143,15.936,18.641
144,15.831,18.494
145,15.715,18.347
146,15.395,17.975
147,15.418,18.023
148,15.122,17.740
149,14.953,17.565
150,15.046,17.686
151,14.982,17.623
152,14.839,17.448
153,15.142,17.791
154,15.119,17.764
155,14.986,17.622
156,15.202,17.846
157,15.125,17.777
158,15.045,17.682
159,15.464,18.141
160,15.259,17.903
161,15.124,17.750
162,15.382,18.066
163,15.200,17.854
164,15.177,17.821
165,15.445,18.115
166,15.302,18.003
167,15.504,18.182
168,15.877,18.613
169,15.737,18.467
170,15.907,18.638
171,15.988,18.744
172,16.118,18.906
173,16.071,18.859
174,16.066,18.828
175,16.125,18.923
176,16.084,18.868
177,16.339,19.192
178,16.297,19.121
179,16.330,19.184
180,16.435,19.288
181,16.460,19.325
182,16.459,19.300
183,16.321,19.138
184,16.204,19.003
185,16.084,18.893
186,16.253,19.103
187,16.235,19.088
188,16.205,19.068
189,16.283,19.204
190,16.203,19.122
191,16.209,19.075
192,16.252,19.157
193,16.259,19.112
194,16.217,19.080
195,16.038,18.852
196,15.975,18.794
197,15.855,18.603
198,15.785,18.516
199,15.721,18.482
200,15.681,18.414
201,15.584,18.276
202,15.514,18.176
203,15.432,18.108
204,15.403,18.094
205,15.394,18.076
206,15.309,17.957
207,15.266,17.929
208,15.272,17.942
209,15.241,17.888
210,15.216,17.850
211,15.226,17.849
212,15.208,17.839
213,15.199,17.805
214,15.215,17.866
215,15.230,17.894
216,15.187,17.814
217,15.213,17.868
218,15.204,17.837
219,15.119,17.678
220,15.142,17.692
221,15.120,17.664
222,15.106,17.622
223,15.092,17.602
224,15.068,17.581
225,15.029,17.505
226,15.002,17.470
227,14.965,17.425
228,14.947,17.372
229,14.965,17.413
230,14.961,17.384
231,14.963,17.363
232,15.005,17.417
233,14.995,17.403
234,15.027,17.444
235,15.053,17.465
236,15.047,17.425
237,15.052,17.445
238,15.061,17.445
239,15.056,17.413
240,15.066,17.430
241,15.077,17.423
242,15.107,17.437
243,15.150,17.491
244,15.160,17.493
245,15.190,17.524
246,15.225,17.571
247,15.289,17.642
248,15.314,17.659
249,15.296,17.631
250,15.337,17.648
251,15.385,17.706
252,15.406,17.707
253,15.437,17.749
254,15.477,17.779
255,15.511,17.812
256,15.573,17.876
257,15.595,17.920
258,15.407,17.697
259,15.395,17.688
260,15.384,17.662
261,15.368,17.646
262,15.305,17.562
263,15.349,17.597
264,15.357,17.605
265,15.381,17.621
266,15.426,17.665
267,15.291,17.528
268,15.313,17.556
269,15.271,17.486
270,15.097,17.291
271,15.044,17.228
272,15.007,17.177
273,15.068,17.252
274,15.111,17.294
275,15.112,17.290
276,15.107,17.267
277,15.125,17.291
278,15.122,17.289
279,14.898,17.043
280,14.905,17.047
281,14.869,16.979
282,14.895,17.039
283,14.933,17.084
284,14.982,17.125
285,15.042,17.203
286,15.092,17.267
287,15.128,17.290
288,14.996,17.146
289,15.017,17.182
290,14.966,17.109
291,15.048,17.206
292,15.068,17.215
293,15.122,17.283
294,14.881,16.987
295,14.937,17.061
296,14.954,17.077
297,14.988,17.108
298,15.004,17.107
299,15.072,17.196
300,15.109,17.244
301,15.138,17.254
302,15.182,17.295
303,15.201,17.320
304,15.253,17.390
305,15.282,17.407
306,15.256,17.351
307,15.096,17.190
308,15.086,17.171
309,15.154,17.252
310,15.164,17.260
311,15.237,17.355
312,15.272,17.403
313,15.300,17.402
314,15.329,17.438
315,15.373,17.496
316,15.417,17.535
317,15.448,17.559
318,15.244,17.332
319,15.285,17.347
320,15.192,17.253
321,15.293,17.372
322,15.349,17.428
323,15.367,17.442
324,15.423,17.527
325,15.431,17.527
326,15.480,17.583
327,15.528,17.639
328,15.535,17.642
329,15.580,17.673
330,15.315,17.391
331,15.301,17.364
332,15.274,17.346
333,15.320,17.403
334,15.349,17.427
335,15.318,17.402
336,15.358,17.424
337,15.367,17.451
338,15.416,17.494
339,15.432,17.503
340,15.438,17.526
341,15.446,17.534
342,15.504,17.592
343,15.467,17.562
344,15.478,17.567
345,15.505,17.595
346,15.523,17.624
347,15.534,17.642
348,15.309,17.390
349,15.308,17.377
350,15.295,17.402
351,15.355,17.450
352,15.393,17.501
353,15.388,17.491
354,15.427,17.532
355,15.429,17.540
356,15.436,17.534
357,15.441,17.538
358,15.475,17.578
359,15.492,17.600
360,15.498,17.606
361,15.509,17.620
362,15.527,17.616
363,15.134,17.176
364,15.148,17.191
365,15.116,17.162
366,15.168,17.209
367,15.192,17.230
368,15.187,17.225
369,15.194,17.241
370,15.215,17.261
371,15.200,17.260
372,15.244,17.324
373,15.244,17.310
374,15.271,17.339
375,15.305,17.400
376,15.275,17.359
377,15.308,17.383
378,15.273,17.354
379,15.328,17.400
380,15.336,17.423
381,15.364,17.438
382,15.360,17.448
383,15.337,17.412
384,15.059,17.096
385,15.083,17.111
386,15.103,17.163
387,15.105,17.172
388,15.110,17.174
389,15.132,17.188
390,15.137,17.201
391,15.106,17.167
392,15.108,17.161
393,15.109,17.174
394,15.108,17.179
395,15.105,17.156
396,15.115,17.173
397,15.142,17.211
398,15.168,17.239
399,15.167,17.235
400,15.187,17.278
401,15.212,17.283
402,15.220,17.309
403,15.263,17.376
404,15.246,17.358
405,15.231,17.339
406,15.245,17.334
407,15.208,17.278
408,15.186,17.248
409,15.161,17.230
410,15.148,17.217
411,15.148,17.219
412,15.133,17.204
413,15.150,17.232
414,15.159,17.235
415,15.135,17.209
416,15.131,17.202
417,15.140,17.208
418,15.132,17.198
419,15.128,17.200
420,15.102,17.162
421,15.103,17.152
422,15.093,17.145
423,15.104,17.158
424,15.107,17.168
425,15.151,17.210
426,15.118,17.184
427,15.110,17.158
428,15.118,17.157
429,15.131,17.183
430,15.131,17.199
431,15.104,17.145
432,15.100,17.145
433,15.131,17.189
434,15.110,17.166
435,15.149,17.208
436,15.125,17.169
437,15.095,17.141
438,15.106,17.143
439,15.103,17.149
440,15.107,17.141
441,15.103,17.162
442,15.131,17.169
443,15.180,17.253
444,15.195,17.268
445,15.212,17.292
446,15.204,17.262
447,15.237,17.299
448,15.214,17.269
449,15.190,17.232
450,15.173,17.233
451,15.168,17.194
452,15.145,17.202
453,15.035,17.057
454,15.019,17.031
455,14.914,16.935
456,14.997,17.044
457,15.043,17.081
458,15.017,17.059
459,15.011,17.047
460,15.030,17.051
461,15.043,17.073
462,15.042,17.077
463,15.066,17.115
464,15.054,17.082
465,15.067,17.108
466,15.080,17.120
467,15.079,17.105
468,15.101,17.135
469,15.095,17.130
470,15.103,17.148
471,15.090,17.115
472,15.124,17.148
473,15.134,17.179
474,15.119,17.136
475,15.125,17.141
476,15.175,17.217
477,15.175,17.237
478,15.204,17.256
479,15.191,17.245
480,15.218,17.276
481,15.208,17.254
482,15.260,17.313
483,15.274,17.362
484,15.297,17.367
485,15.276,17.355
486,15.291,17.367
487,15.327,17.407
488,15.360,17.451
489,15.135,17.209
490,15.115,17.181
491,15.085,17.166
492,15.130,17.191
493,15.164,17.245
494,15.169,17.247
495,15.195,17.300
496,15.222,17.328
497,15.246,17.337
498,15.251,17.360
499,15.293,17.426
500,15.314,17.431
501,15.371,17.519
502,15.407,17.545
503,15.426,17.566
504,15.486,17.638
505,15.526,17.708
506,15.543,17.700
507,15.566,17.753
508,15.581,17.750
509,15.634,17.810
510,15.640,17.820
511,15.665,17.835
512,15.701,17.881
513,15.749,17.955
514,15.768,17.970
515,15.797,18.015
516,15.810,18.028
517,15.840,18.054
518,15.841,18.041
519,15.840,18.021
520,15.806,17.989
521,15.797,17.968
522,15.572,17.701
523,15.559,17.697
524,15.546,17.701
525,15.521,17.666
526,15.518,17.640
527,15.542,17.694
528,15.528,17.684
529,15.484,17.622
530,15.476,17.623
531,15.233,17.359
532,15.220,17.357
533,15.152,17.286
534,15.188,17.300
535,15.176,17.310
536,15.172,17.306
537,14.867,16.953
538,14.913,17.013
539,14.898,17.009
540,14.970,17.097
541,15.045,17.199
542,15.082,17.224
543,15.111,17.238
544,15.198,17.383
545,15.223,17.395
546,15.042,17.192
547,15.033,17.182
548,14.976,17.121
549,15.128,17.282
550,15.205,17.379
551,15.284,17.477
552,15.120,17.298
553,15.219,17.417
554,15.241,17.463
555,15.382,17.608
556,15.464,17.722
557,15.556,17.833
558,15.639,17.929
559,15.723,18.022
560,15.814,18.134
561,15.747,18.073
562,15.778,18.113
563,15.762,18.112
564,15.810,18.151
565,15.835,18.166
566,15.867,18.234
567,15.895,18.265
568,15.934,18.307
569,15.910,18.267
570,15.936,18.327
571,15.950,18.338
572,15.950,18.324
573,15.958,18.343
574,15.988,18.357
575,15.972,18.344
576,15.979,18.346
577,15.987,18.334
578,15.986,18.340
579,15.801,18.124
580,15.765,18.116
581,15.746,18.096
582,15.761,18.098
583,15.767,18.101
584,15.771,18.082
585,15.776,18.110
586,15.767,18.091
587,15.793,18.108
588,15.819,18.178
589,15.825,18.144
590,15.824,18.150
591,15.833,18.151
592,15.862,18.185
593,15.867,18.172
594,15.884,18.215
595,15.921,18.231
596,15.912,18.245
597,15.914,18.229
598,15.928,18.243
599,15.934,18.232
600,15.924,18.221
601,15.987,18.335
602,15.994,18.298
603,16.037,18.368
604,16.039,18.383
605,16.105,18.473
606,16.073,18.448
607,16.137,18.539
608,16.121,18.499
609,16.158,18.580
610,16.179,18.575
611,16.126,18.506
612,16.092,18.466
613,16.066,18.416
614,15.997,18.350
615,15.908,18.246
616,15.816,18.136
617,15.741,18.055
618,15.644,17.955
619,15.563,17.880
620,15.432,17.737
621,15.349,17.659
622,15.253,17.577
623,15.125,17.446
624,15.183,17.524
625,15.200,17.557
626,15.171,17.541
627,14.943,17.285
628,14.803,17.171
629,14.663,17.034
630,14.581,16.953
631,14.542,16.924
632,14.537,16.914
633,14.568,16.933
634,14.523,16.908
635,14.554,16.936
636,14.565,16.918
637,14.543,16.885
638,14.524,16.827
639,14.481,16.784
640,14.383,16.641
641,14.342,16.599
642,14.315,16.553
643,14.227,16.464
644,14.172,16.414
645,14.163,16.388
646,14.116,16.324
647,14.096,16.309
648,14.078,16.262
649,14.013,16.190
650,14.049,16.194
651,14.064,16.229
652,14.103,16.241
653,14.151,16.282
654,14.129,16.262
655,14.112,16.218
656,14.092,16.207
657,14.090,16.205
658,14.049,16.161
659,14.045,16.149
660,14.128,16.248
661,14.143,16.251
662,14.135,16.229
663,14.144,16.236
664,14.166,16.259
665,14.230,16.329
666,14.295,16.398
667,14.245,16.335
668,14.165,16.248
669,14.073,16.165
670,13.933,16.015
671,13.808,15.874
672,13.834,15.913
673,13.701,15.784
674,13.611,15.705
675,13.744,15.880
676,13.823,15.984
677,13.773,15.894
678,14.061,16.258
679,14.145,16.361
680,14.056,16.250
681,14.188,16.419
682,14.160,16.397
683,14.218,16.449
684,14.276,16.519
685,14.497,16.748
686,14.630,16.891
687,14.653,16.882
688,14.727,16.965
689,14.831,17.059
690,14.933,17.169
691,14.993,17.229
692,15.025,17.220
693,15.121,17.322
694,15.148,17.331
695,15.214,17.394
696,15.006,17.170
697,15.041,17.194
698,15.069,17.237
699,14.907,17.042
700,14.964,17.114
701,15.014,17.153
702,14.756,16.868
703,14.852,16.967
704,14.833,16.953
705,14.898,17.007
706,14.953,17.065
707,14.984,17.099
708,14.962,17.055
709,14.861,16.923
710,14.799,16.829
711,14.733,16.741
712,14.663,16.654
713,14.657,16.656
714,14.680,16.676
715,14.658,16.628
716,14.701,16.690
717,14.725,16.711
718,14.745,16.713
719,14.798,16.780
720,14.876,16.854
721,14.962,16.948
722,15.004,16.987
723,15.060,17.054
724,15.093,17.113
725,15.053,17.069
726,14.979,17.015
727,14.933,16.944
728,14.977,17.005
729,14.997,17.065
730,14.974,17.008
731,14.950,16.997
732,14.934,16.983
733,14.956,17.030
734,14.882,16.941
735,14.782,16.829
736,14.654,16.702
737,14.474,16.529
738,14.307,16.352
739,14.343,16.410
740,14.332,16.384
741,14.403,16.464
742,14.537,16.628
743,14.558,16.630
744,14.576,16.637
745,14.628,16.679
746,14.696,16.735
747,14.719,16.762
748,14.755,16.771
749,14.783,16.780
750,14.837,16.802
751,14.815,16.780
752,14.807,16.766
753,14.729,16.660
754,14.673,16.594
755,14.725,16.682
756,14.750,16.679
757,14.769,16.687
758,14.855,16.802
759,14.901,16.843
760,14.998,16.960
761,14.955,16.892
762,14.887,16.851
763,14.817,16.783
764,14.752,16.712
765,14.760,16.741
766,14.698,16.659
767,14.636,16.602
768,14.533,16.491
769,14.453,16.409
770,14.391,16.357
771,14.327,16.301
772,14.258,16.240
773,14.170,16.137
774,14.155,16.133
775,14.113,16.094
776,14.067,16.056
777,14.001,15.957
778,13.880,15.843
779,13.822,15.795
780,13.771,15.741
781,13.701,15.647
782,13.644,15.588
783,13.663,15.616
784,13.665,15.629
785,13.647,15.602
786,13.722,15.690
787,13.702,15.643
788,13.775,15.761
789,13.836,15.841
790,13.905,15.918
791,13.924,15.929
792,14.004,16.034
793,14.015,16.047
794,14.095,16.142
795,14.133,16.184
796,14.219,16.304
797,14.236,16.335
798,14.327,16.451
799,14.308,16.408
800,14.366,16.473
801,14.436,16.530
802,14.484,16.569
803,14.554,16.672
804,14.579,16.709
805,14.566,16.676
806,14.640,16.776
807,14.634,16.761
808,14.595,16.698
809,14.603,16.712
810,14.612,16.716
811,14.538,16.597
812,14.568,16.647
813,14.560,16.629
814,14.519,16.581
815,14.537,16.596
816,14.508,16.567
817,14.479,16.527
818,14.464,16.516
819,14.461,16.506
820,14.461,16.512
821,14.461,16.522
822,14.505,16.576
823,14.507,16.584
824,14.520,16.603
825,14.536,16.612
826,14.584,16.661
827,14.612,16.719
828,14.607,16.720
829,14.696,16.880
830,14.726,16.940
831,14.717,16.945
832,14.674,16.903
833,14.623,16.843
834,14.580,16.794
835,14.617,16.855
836,14.609,16.863
837,14.532,16.759
838,14.518,16.703
839,14.552,16.764
840,14.557,16.758
841,14.489,16.663
842,14.550,16.748
843,14.574,16.769
844,14.661,16.886
845,14.659,16.887
846,14.680,16.899
847,14.702,16.930
848,14.755,16.977
849,14.752,16.959
850,14.697,16.840
851,14.703,16.811
852,14.679,16.780
853,14.768,16.883
854,14.803,16.925
855,14.843,16.973
856,14.827,16.937
857,14.791,16.901
858,14.793,16.894
859,14.777,16.877
860,14.818,16.936
861,14.796,16.895
862,14.671,16.715
863,14.680,16.719
864,14.695,16.738
865,14.681,16.720
866,14.685,16.722
867,14.754,16.809
868,14.745,16.801
869,14.714,16.755
870,14.775,16.838
871,14.725,16.775
872,14.784,16.875
873,14.767,16.855
874,14.685,16.742
875,14.632,16.668
876,14.649,16.716
877,14.658,16.756
878,14.599,16.681
879,14.707,16.864
880,14.800,16.998
881,14.729,16.881
882,14.775,16.950
883,14.786,16.979
884,14.734,16.900
885,14.733,16.902
886,14.742,16.883
887,14.854,17.030
888,14.965,17.153
889,15.060,17.287
890,15.081,17.284
891,15.104,17.289
892,15.167,17.338
893,15.092,17.203
894,15.094,17.196
895,15.123,17.220
896,15.222,17.367
897,15.267,17.432
898,15.320,17.534
899,15.216,17.366
900,15.118,17.250
901,14.992,17.048
902,14.919,16.940
903,14.875,16.875
904,14.891,16.902
905,14.874,16.872
906,14.848,16.846
907,14.872,16.846
908,14.860,16.839
909,14.915,16.895
910,14.915,16.904
911,14.926,16.902
912,14.925,16.926
913,14.963,16.991
914,15.059,17.171
915,15.220,17.411
916,15.229,17.446
917,15.178,17.392
918,15.189,17.422
919,15.214,17.503
920,15.312,17.626
921,15.309,17.597
922,15.311,17.586
923,15.330,17.580
924,15.388,17.659
925,15.523,17.867
926,15.618,17.989
927,15.713,18.140
928,15.737,18.121
929,15.843,18.222
930,15.937,18.293
931,15.930,18.234
932,16.029,18.386
933,15.678,18.042
934,15.660,18.039
935,15.586,17.948
936,15.446,17.746
937,15.395,17.659
938,15.356,17.599
939,15.321,17.549
940,15.324,17.550
941,15.285,17.495
942,15.229,17.439
943,15.209,17.399
944,15.170,17.363
945,15.130,17.302
946,15.060,17.214
947,15.001,17.149
948,14.923,17.049
949,14.841,16.968
950,14.786,16.900
951,14.751,16.892
952,14.597,16.717
953,14.454,16.545
954,14.297,16.377
955,14.191,16.254
956,14.121,16.200
957,14.140,16.233
958,14.193,16.294
959,14.252,16.370
960,14.297,16.420
961,14.380,16.525
962,14.470,16.624
963,14.526,16.690
964,14.568,16.744
965,14.718,16.925
966,14.888,17.176
967,15.005,17.316
968,14.943,17.206
969,14.929,17.172
970,14.960,17.191
971,15.002,17.251
972,14.973,17.205
973,14.939,17.157
974,14.889,17.083
975,14.927,17.138
976,15.001,17.248
977,14.933,17.125
978,14.875,17.030
979,14.849,16.983
980,14.887,17.025
981,14.862,17.006
982,14.918,17.069
983,14.927,17.065
984,14.944,17.081
985,14.958,17.079
986,14.953,17.076
987,15.029,17.177
988,15.025,17.161
989,15.035,17.196
990,15.057,17.212
991,15.059,17.192
992,15.063,17.198
993,14.752,16.855
994,14.819,16.948
995,14.865,17.030
996,15.030,17.245
997,15.066,17.296
998,15.051,17.241
999,15.035,17.209
1000,15.152,17.345
1001,15.247,17.455
1002,14.904,17.036
1003,14.940,17.083
1004,14.936,17.081
1005,15.036,17.197
1006,15.178,17.387
1007,15.291,17.509
1008,15.456,17.739
1009,15.540,17.787
1010,15.593,17.791
1011,15.650,17.861
1012,15.669,17.887
1013,15.673,17.886
1014,15.586,17.817
1015,15.472,17.738
1016,15.350,17.537
1017,15.434,17.662
1018,15.391,17.583
1019,15.349,17.520
1020,15.326,17.491
1021,15.383,17.563
1022,15.387,17.522
1023,15.388,17.537
1024,15.493,17.695
1025,15.457,17.615
1026,15.436,17.586
1027,15.436,17.582
1028,15.458,17.624
1029,15.462,17.614
1030,15.493,17.668
1031,15.484,17.650
1032,15.431,17.585
1033,15.498,17.689
1034,15.478,17.682
1035,15.437,17.618
1036,15.444,17.670
1037,15.461,17.724
1038,15.327,17.545
1039,15.236,17.417
1040,15.108,17.263
1041,15.200,17.405
1042,15.239,17.457
1043,15.255,17.462
1044,15.310,17.520
1045,15.315,17.531
1046,15.413,17.630
1047,15.422,17.641
1048,15.512,17.748
1049,15.546,17.780
1050,15.588,17.819
1051,15.613,17.873
1052,15.711,17.956
1053,15.770,18.027
1054,15.781,18.055
1055,15.833,18.102
1056,15.764,18.016
1057,15.769,18.004
1058,15.705,17.932
1059,15.681,17.893
1060,15.621,17.824
1061,15.627,17.843
1062,15.584,17.770
1063,15.597,17.825
1064,15.567,17.794
1065,15.454,17.618
1066,15.519,17.722
1067,15.522,17.736
1068,15.508,17.727
1069,15.459,17.664
1070,15.414,17.588
1071,15.357,17.523
1072,15.299,17.426
1073,15.243,17.365
1074,15.207,17.330
1075,15.170,17.303
1076,15.149,17.277
1077,15.106,17.247
1078,15.029,17.168
1079,14.976,17.113
1080,14.946,17.098
1081,14.888,16.999
1082,14.769,16.879
1083,14.765,16.880
1084,14.813,16.970
1085,14.968,17.202
1086,15.008,17.221
1087,15.068,17.290
1088,15.127,17.355
1089,15.138,17.365
1090,15.224,17.460
1091,15.302,17.545
1092,15.368,17.629
1093,15.412,17.662
1094,15.555,17.847
1095,15.670,17.942
1096,15.738,18.045
1097,15.744,18.032
1098,15.795,18.064
1099,15.793,18.071
1100,15.765,18.016
1101,15.507,17.698
1102,15.298,17.512
1103,15.305,17.502
1104,15.259,17.458
1105,15.236,17.416
1106,15.209,17.378
1107,15.202,17.357
1108,15.186,17.356
1109,15.187,17.362
1110,15.181,17.338
1111,15.072,17.205
1112,15.083,17.239
1113,15.059,17.211
1114,15.056,17.209
1115,15.030,17.172
1116,15.009,17.148
1117,14.984,17.102
1118,14.908,16.990
1119,14.870,16.971
1120,14.837,16.950
1121,14.789,16.907
1122,14.780,16.909
1123,14.762,16.892
1124,14.643,16.721
1125,14.592,16.692
1126,14.535,16.636
1127,14.422,16.500
1128,14.376,16.447
1129,14.304,16.350
1130,14.277,16.336
1131,14.174,16.243
1132,14.088,16.154
1133,14.156,16.232
1134,14.219,16.315
1135,14.294,16.382
1136,14.377,16.472
1137,14.448,16.557
1138,14.542,16.675
1139,14.575,16.687
1140,14.676,16.796
1141,14.769,16.903
1142,14.823,16.949
1143,14.724,16.818
1144,14.505,16.571
1145,14.544,16.609
1146,14.440,16.476
1147,14.409,16.433
1148,14.233,16.256
1149,14.464,16.502
1150,14.429,16.457
1151,14.352,16.332
1152,13.998,15.946
1153,13.978,15.906
1154,13.969,15.894
1155,13.964,15.867
1156,14.004,15.922
1157,13.992,15.913
1158,13.976,15.877
1159,13.999,15.896
1160,13.998,15.880
1161,14.006,15.881
1162,13.996,15.877
1163,13.940,15.796
1164,13.934,15.776
1165,13.931,15.758
1166,13.943,15.796
1167,13.784,15.604
1168,13.804,15.619
1169,13.729,15.530
1170,13.742,15.551
1171,13.784,15.608
1172,13.809,15.636
1173,13.605,15.386
1174,13.584,15.351
1175,13.615,15.384
1176,13.579,15.315
1177,13.480,15.192
1178,13.502,15.188
1179,13.533,15.236
1180,13.499,15.170
1181,13.528,15.209
1182,13.542,15.214
1183,13.541,15.208
1184,13.543,15.216
1185,13.581,15.265
1186,13.572,15.249
1187,13.572,15.254
1188,13.586,15.259
1189,13.554,15.236
1190,13.596,15.283
1191,13.649,15.345
1192,13.629,15.284
1193,13.632,15.314
1194,13.620,15.266
1195,13.637,15.289
1196,13.640,15.306
1197,13.686,15.352
1198,13.653,15.301
1199,13.668,15.305
1200,13.693,15.321
1201,13.771,15.393
1202,13.767,15.391
1203,13.806,15.399
1204,13.874,15.463
1205,13.899,15.496
1206,13.975,15.583
1207,13.987,15.584
1208,14.015,15.620
1209,14.079,15.688
1210,14.138,15.740
1211,14.226,15.831
1212,14.267,15.846
1213,14.291,15.875
1214,14.346,15.921
1215,14.460,16.043
1216,14.485,16.070
1217,14.551,16.125
1218,14.618,16.200
1219,14.649,16.212
1220,14.701,16.284
1221,14.723,16.287
1222,14.740,16.300
1223,14.778,16.339
1224,14.825,16.388
1225,14.825,16.395
1226,14.905,16.491
1227,14.959,16.549
1228,14.979,16.564
1229,15.038,16.635
1230,15.097,16.681
1231,15.159,16.761
1232,15.241,16.861
1233,15.316,16.924
1234,15.350,16.951
1235,15.414,17.019
1236,15.514,17.143
1237,15.524,17.149
1238,15.568,17.187
1239,15.575,17.185
1240,15.577,17.172
1241,15.583,17.192
1242,15.528,17.121
1243,15.519,17.104
1244,15.502,17.100
1245,15.518,17.123
1246,15.518,17.125
1247,15.511,17.123
1248,15.538,17.150
1249,15.537,17.134
1250,15.536,17.129
1251,15.531,17.122
1252,15.549,17.163
1253,15.587,17.219
1254,15.580,17.186
1255,15.606,17.204
1256,15.637,17.246
1257,15.687,17.316
1258,15.718,17.325
1259,15.758,17.381
1260,15.793,17.424
1261,15.852,17.488
1262,15.878,17.498
1263,15.900,17.527
1264,15.888,17.500
1265,15.924,17.554
1266,15.962,17.610
1267,15.961,17.580
1268,15.950,17.569
1269,15.955,17.581
1270,15.989,17.620
1271,15.986,17.620
1272,15.996,17.640
1273,15.978,17.616
1274,16.001,17.646
1275,16.023,17.672
1276,16.016,17.656
1277,16.005,17.644
1278,16.041,17.678
1279,16.045,17.680
1280,16.096,17.735
1281,16.094,17.724
1282,16.130,17.758
1283,16.126,17.758
1284,16.148,17.783
1285,16.159,17.814
1286,16.149,17.777
1287,16.180,17.834
1288,16.161,17.805
1289,16.182,17.827
1290,16.161,17.800
1291,16.212,17.853
1292,16.280,17.955
1293,16.281,17.941
1294,16.346,18.023
1295,16.384,18.056
1296,16.420,18.085
1297,16.443,18.123
1298,16.470,18.152
1299,16.523,18.230
1300,16.532,18.200
1301,16.628,18.340
1302,16.656,18.355
1303,16.721,18.410
1304,16.795,18.490
1305,16.867,18.603
1306,16.968,18.664
1307,17.044,18.763
1308,17.118,18.859
1309,17.219,18.944
1310,17.244,18.974
1311,17.329,19.068
1312,17.375,19.136
1313,17.377,19.109
1314,17.403,19.137
1315,17.379,19.110
1316,17.374,19.114
1317,17.390,19.113
1318,17.459,19.202
1319,17.452,19.187
1320,17.454,19.193
1321,17.399,19.116
1322,17.344,19.084
1323,17.273,18.987
1324,17.216,18.961
1325,17.149,18.867
1326,17.038,18.755
1327,16.959,18.668
1328,16.970,18.702
1329,16.967,18.669
1330,17.032,18.768
1331,17.107,18.827
1332,17.115,18.862
1333,17.157,18.870
1334,17.189,18.926
1335,17.254,19.017
1336,17.244,18.998
1337,17.297,19.069
1338,17.293,19.052
1339,17.345,19.130
1340,17.384,19.146
1341,17.353,19.120
1342,17.278,19.049
1343,17.191,18.953
1344,17.109,18.850
1345,17.002,18.753
1346,16.901,18.654
1347,16.818,18.580
1348,16.656,18.408
1349,16.549,18.297
1350,16.427,18.159
1351,16.368,18.127
1352,16.408,18.177
1353,16.446,18.262
1354,16.521,18.314
1355,16.605,18.402
1356,16.680,18.490
1357,16.721,18.489
1358,16.789,18.558
1359,16.826,18.592
1360,16.903,18.697
1361,16.910,18.669
1362,16.985,18.795
1363,16.991,18.781
1364,16.995,18.762
1365,17.035,18.834
1366,17.037,18.847
1367,17.050,18.828
1368,17.088,18.889
1369,17.117,18.929
1370,17.123,18.934
1371,17.139,18.957
1372,17.160,18.956
1373,17.152,18.947
1374,17.164,18.970
1375,17.204,19.011
1376,17.224,19.026
1377,17.231,19.029
1378,17.250,19.057
1379,17.218,19.014
1380,17.269,19.107
1381,17.223,19.021
1382,17.214,19.011
1383,17.218,19.049
1384,17.244,19.072
1385,17.238,19.035
1386,17.255,19.054
1387,17.265,19.071
1388,17.288,19.103
1389,17.273,19.103
1390,17.265,19.062
1391,17.261,19.069
1392,17.239,19.028
1393,17.282,19.080
1394,17.273,19.072
1395,17.270,19.038
1396,17.287,19.087
1397,17.287,19.068
1398,17.252,19.037
1399,17.268,19.047
1400,17.279,19.077
1401,17.308,19.107
1402,17.276,19.064
1403,17.257,19.030
1404,17.248,19.024
1405,17.260,19.043
1406,17.258,19.043
1407,17.270,19.045
1408,17.300,19.084
1409,17.286,19.076
1410,17.288,19.065
1411,17.235,19.018
1412,17.260,19.039
1413,17.264,19.049
1414,17.260,19.048
1415,17.250,19.035
1416,17.225,19.019
1417,17.251,19.038
1418,17.229,19.023
1419,17.253,19.054
1420,17.251,19.054
1421,17.246,19.034
1422,17.236,19.034
1423,17.222,19.029
1424,17.237,19.024
1425,17.238,19.021
1426,17.244,19.027
1427,17.214,18.997
1428,17.199,18.970
1429,17.227,19.004
1430,17.208,19.007
1431,17.206,19.005
1432,17.206,18.983
1433,17.217,19.014
1434,17.209,19.003
1435,17.213,19.027
1436,17.239,19.042
1437,17.230,19.025
1438,17.206,18.984
1439,17.183,18.966
1440,17.222,19.006
1441,17.197,18.980
1442,17.197,18.999
1443,17.194,18.978
1444,17.188,18.975
1445,17.196,18.992
1446,17.201,19.002
1447,17.204,18.992
1448,17.164,18.954
1449,17.206,18.987
1450,17.227,19.022
1451,17.170,18.953
1452,17.177,18.970
1453,17.201,19.002
1454,17.170,18.957
1455,17.180,18.967
1456,17.155,18.940
1457,17.174,18.958
1458,17.185,18.976
1459,17.191,18.974
1460,17.201,18.984
1461,17.187,18.976
1462,17.148,18.915
1463,17.140,18.933
1464,17.147,18.929
1465,17.156,18.942
1466,17.155,18.920
1467,17.170,18.950
1468,17.164,18.966
1469,17.148,18.928
1470,17.163,18.944
1471,17.118,18.896
1472,17.123,18.915
1473,17.134,18.917
1474,17.127,18.901
1475,17.148,18.928
1476,17.134,18.917
1477,17.135,18.927
1478,17.124,18.910
1479,17.088,18.863
1480,17.144,18.941
1481,17.131,18.928
1482,17.105,18.880
1483,17.108,18.887
1484,17.099,18.884
1485,17.109,18.896
1486,17.114,18.889
1487,17.133,18.927
1488,17.076,18.853
1489,17.084,18.867
1490,17.087,18.855
1491,17.112,18.897
1492,17.093,18.882
1493,17.072,18.851
1494,17.078,18.857
1495,17.098,18.873
1496,17.108,18.884
1497,17.073,18.838
1498,17.087,18.860
1499,17.060,18.823
1500,17.063,18.820
1501,17.075,18.851
1502,17.092,18.864
1503,17.076,18.853
1504,17.059,18.827
1505,17.073,18.840
1506,17.075,18.838
1507,17.097,18.890
1508,17.074,18.864
1509,17.073,18.865
1510,17.098,18.867
1511,17.052,18.821
1512,17.060,18.834
1513,17.062,18.846
1514,17.039,18.822
1515,17.040,18.813
1516,17.058,18.811
1517,17.043,18.802
1518,17.033,18.787
1519,17.071,18.842
1520,17.036,18.805
1521,17.062,18.834
1522,17.049,18.821
1523,17.054,18.815
1524,17.062,18.824
1525,17.075,18.837
1526,17.062,18.835
1527,17.050,18.837
1528,17.044,18.815
1529,17.084,18.869
1530,17.060,18.844
1531,17.085,18.876
1532,17.088,18.862
1533,17.104,18.896
1534,17.103,18.902
1535,17.113,18.921
1536,17.071,18.859
1537,17.112,18.917
1538,17.113,18.898
1539,17.122,18.930
1540,17.080,18.863
1541,17.084,18.883
1542,17.093,18.883
1543,17.124,18.934
1544,17.052,18.842
1545,17.075,18.887
1546,17.059,18.868
1547,17.047,18.865
1548,17.039,18.865
1549,16.988,18.790
1550,16.961,18.783
1551,16.894,18.691
1552,16.869,18.682
1553,16.840,18.647
1554,16.774,18.585
1555,16.740,18.576
1556,16.735,18.582
1557,16.629,18.469
1558,16.663,18.495
1559,16.665,18.525
1560,16.556,18.389
1561,16.611,18.473
1562,16.524,18.371
1563,16.473,18.328
1564,16.554,18.407
1565,16.495,18.365
1566,16.438,18.296
1567,16.448,18.301
1568,16.409,18.253
1569,16.342,18.231
1570,16.444,18.296
1571,16.350,18.222
1572,16.331,18.196
1573,16.470,18.358
1574,16.370,18.247
1575,16.341,18.220
1576,16.446,18.300
1577,16.333,18.195
1578,16.248,18.075
1579,16.211,18.051
1580,16.120,17.987
1581,16.060,17.913
1582,16.074,17.921
1583,16.075,17.939
1584,16.056,17.903
1585,16.101,17.948
1586,16.111,17.957
1587,16.104,17.936
1588,16.058,17.898
1589,16.130,17.973
1590,16.150,17.999
1591,16.140,18.008
1592,16.160,18.022
1593,16.160,18.028
1594,16.229,18.091
1595,16.253,18.135
1596,16.268,18.181
1597,16.277,18.186
1598,16.268,18.171
1599,16.256,18.167
1600,16.248,18.171
1601,16.246,18.174
1602,16.264,18.174
1603,16.239,18.128
1604,16.251,18.115
1605,16.249,18.112
1606,16.297,18.140
1607,16.180,17.997
1608,15.952,17.794
1609,15.924,17.768
1610,15.832,17.667
1611,15.690,17.491
1612,15.619,17.384
1613,15.517,17.287
1614,15.464,17.210
1615,15.490,17.248
1616,15.369,17.108
1617,15.170,16.921
1618,15.028,16.772
1619,14.942,16.678
1620,14.914,16.642
1621,14.914,16.635
1622,14.901,16.625
1623,14.891,16.608
1624,14.870,16.603
1625,14.881,16.606
1626,14.840,16.540
1627,14.805,16.519
1628,14.785,16.493
1629,14.733,16.426
1630,14.664,16.350
1631,14.580,16.220
1632,14.513,16.140
1633,14.515,16.147
1634,14.478,16.100
1635,14.466,16.086
1636,14.424,16.034
1637,14.390,15.985
1638,14.433,16.055
1639,14.352,15.945
1640,14.287,15.874
1641,14.299,15.898
1642,14.274,15.867
1643,14.242,15.838
1644,14.201,15.793
1645,14.236,15.832
1646,14.231,15.813
1647,14.281,15.882
1648,14.371,15.973
1649,14.424,16.031
1650,14.471,16.071
1651,14.523,16.144
1652,14.585,16.189
1653,14.589,16.206
1654,14.621,16.253
1655,14.625,16.267
1656,14.622,16.268
1657,14.611,16.261
1658,14.616,16.264
1659,14.624,16.267
1660,14.647,16.317
1661,14.664,16.347
1662,14.686,16.371
1663,14.712,16.405
1664,14.772,16.484
1665,14.797,16.504
1666,14.835,16.572
1667,14.803,16.511
1668,14.760,16.441
1669,14.756,16.444
1670,14.737,16.402
1671,14.654,16.299
1672,14.650,16.288
1673,14.653,16.279
1674,14.598,16.209
1675,14.631,16.243
1676,14.636,16.238
1677,14.698,16.323
1678,14.734,16.349
1679,14.786,16.399
1680,14.759,16.358
1681,14.796,16.388
1682,14.810,16.395
1683,14.902,16.519
1684,14.859,16.428
1685,14.842,16.422
1686,14.845,16.405
1687,14.827,16.381
1688,14.848,16.396
1689,14.822,16.373
1690,14.799,16.313
1691,14.841,16.364
1692,14.850,16.370
1693,14.885,16.393
1694,14.873,16.371
1695,14.867,16.363
1696,14.874,16.329
1697,14.905,16.369
1698,14.934,16.384
1699,14.991,16.424
1700,15.023,16.456
1701,15.038,16.472
1702,15.077,16.478
1703,15.139,16.560
1704,15.185,16.619
1705,15.200,16.631
1706,15.238,16.668
1707,15.273,16.696
1708,15.335,16.739
1709,15.396,16.819
1710,15.362,16.740
1711,15.472,16.865
1712,15.490,16.883
1713,15.546,16.945
1714,15.582,16.974
1715,15.647,17.050
1716,15.688,17.084
1717,15.739,17.142
1718,15.806,17.202
1719,15.868,17.271
1720,15.950,17.365
1721,15.984,17.389
1722,16.048,17.458
1723,16.093,17.501
1724,16.167,17.630
1725,16.164,17.618
1726,16.196,17.619
1727,16.224,17.671
1728,16.221,17.672
1729,16.279,17.744
1730,16.269,17.715
1731,16.308,17.788
1732,16.323,17.795
1733,16.320,17.778
1734,16.369,17.856
1735,16.374,17.851
1736,16.431,17.943
1737,16.411,17.906
1738,16.402,17.891
1739,16.466,18.001
1740,16.478,18.011
1741,16.473,17.993
1742,16.471,18.000
1743,16.462,17.973
1744,16.483,18.021
1745,16.523,18.072
1746,16.542,18.102
1747,16.534,18.069
1748,16.529,18.082
1749,16.545,18.127
1750,16.537,18.110
1751,16.568,18.157
1752,16.576,18.178
1753,16.583,18.188
1754,16.580,18.178
1755,16.578,18.180
1756,16.625,18.244
1757,16.616,18.215
1758,16.650,18.274
1759,16.689,18.352
1760,16.682,18.316
1761,16.716,18.347
1762,16.710,18.354
1763,16.694,18.337
1764,16.713,18.338
1765,16.735,18.345
1766,16.742,18.384
1767,16.761,18.415
1768,16.738,18.393
1769,16.764,18.405
1770,16.780,18.462
1771,16.784,18.451
1772,16.772,18.428
1773,16.818,18.498
1774,16.806,18.483
1775,16.798,18.476
1776,16.807,18.475
1777,16.841,18.539
1778,16.830,18.521
1779,16.838,18.518
1780,16.809,18.506
1781,16.854,18.570
1782,16.834,18.527
1783,16.852,18.581
1784,16.856,18.579
1785,16.849,18.560
1786,16.850,18.577
1787,16.856,18.597
1788,16.838,18.552
1789,16.839,18.540
1790,16.874,18.617
1791,16.828,18.549
1792,16.837,18.579
1793,16.837,18.580
1794,16.850,18.617
1795,16.821,18.573
1796,16.834,18.601
1797,16.797,18.561
1798,16.761,18.512
1799,16.787,18.554
1800,16.759,18.528
1801,16.718,18.469
1802,16.718,18.494
1803,16.692,18.441
1804,16.661,18.416
1805,16.648,18.406
1806,16.641,18.417
1807,16.586,18.319
1808,16.605,18.388
1809,16.589,18.373
1810,16.569,18.351
1811,16.528,18.292
1812,16.502,18.279
1813,16.546,18.325
1814,16.545,18.336
1815,16.566,18.361
1816,16.562,18.338
1817,16.548,18.339
1818,16.583,18.387
1819,16.576,18.368
1820,16.602,18.373
1821,16.624,18.424
1822,16.640,18.451
1823,16.636,18.436
1824,16.645,18.463
1825,16.672,18.474
1826,16.689,18.507
1827,16.716,18.539
1828,16.750,18.583
1829,16.791,18.642
1830,16.816,18.671
1831,16.819,18.657
1832,16.857,18.717
1833,16.886,18.747
1834,16.983,18.855
1835,17.014,18.903
1836,17.092,18.975
1837,17.145,19.048
1838,17.177,19.066
1839,17.241,19.165
1840,17.290,19.205
1841,17.336,19.249
