0,15.776,17.424
1,15.767,17.417
2,15.775,17.429
3,15.786,17.443
4,15.711,17.342
5,15.706,17.344
6,15.699,17.345
7,15.644,17.285
8,15.618,17.274
9,15.538,17.172
10,15.506,17.138
11,15.468,17.104
12,15.449,17.087
13,15.449,17.085
14,15.417,17.063
15,15.395,17.036
16,15.384,17.048
17,15.329,16.979
18,15.337,16.998
19,15.344,17.009
20,15.340,16.993
21,15.297,16.949
22,15.333,16.973
23,15.275,16.905
24,15.238,16.878
25,15.220,16.848
26,15.151,16.787
27,15.125,16.754
28,15.115,16.749
29,15.108,16.733
30,15.091,16.732
31,15.091,16.741
32,15.048,16.693
33,15.038,16.690
34,15.007,16.647
35,15.010,16.660
36,15.019,16.689
37,14.949,16.597
38,14.918,16.560
39,14.955,16.606
40,14.915,16.569
41,14.874,16.526
42,14.883,16.555
43,14.840,16.494
44,14.820,16.480
45,14.780,16.446
46,14.794,16.455
47,14.744,16.424
48,14.689,16.363
49,14.693,16.360
50,14.662,16.331
51,14.800,16.480
52,14.826,16.509
53,14.836,16.518
54,14.800,16.499
55,14.779,16.453
56,14.794,16.496
57,14.791,16.479
58,14.781,16.456
59,14.831,16.535
60,14.844,16.559
61,14.890,16.618
62,14.986,16.729
63,14.977,16.719
64,15.018,16.751
65,15.058,16.809
66,15.101,16.866
67,15.143,16.900
68,15.168,16.939
69,15.067,16.818
70,14.908,16.661
71,14.946,16.706
72,14.973,16.722
73,15.013,16.758
74,15.030,16.775
75,15.041,16.777
76,15.058,16.810
77,15.108,16.868
78,15.133,16.885
79,15.180,16.931
80,15.240,17.010
81,15.150,16.923
82,15.187,16.975
83,15.249,17.033
84,15.199,16.979
85,15.160,16.938
86,15.104,16.895
87,15.046,16.828
88,14.989,16.774
89,14.949,16.751
90,14.843,16.640
91,14.767,16.575
92,14.665,16.485
93,14.570,16.362
94,14.462,16.256
95,14.344,16.162
96,14.435,16.245
97,14.362,16.165
98,14.296,16.081
99,14.346,16.137
100,14.219,15.994
101,14.168,15.926
102,14.161,15.913
103,14.183,15.961
104,14.206,15.962
105,14.159,15.913
106,14.201,15.985
107,14.156,15.919
108,14.143,15.896
109,14.185,15.954
110,14.142,15.895
111,14.155,15.920
112,14.186,15.939
113,14.232,15.978
114,14.240,15.979
115,14.352,16.085
116,14.473,16.179
117,14.565,16.270
118,14.682,16.390
119,14.815,16.508
120,14.737,16.428
121,14.814,16.503
122,14.860,16.542
123,14.870,16.558
124,14.887,16.560
125,14.937,16.611
126,14.919,16.601
127,14.974,16.657
128,15.026,16.711
129,15.153,16.868
130,15.229,16.951
131,15.331,17.075
132,15.469,17.238
133,15.541,17.286
134,15.682,17.448
135,15.770,17.507
136,15.750,17.484
137,15.729,17.476
138,15.728,17.493
139,15.671,17.439
140,15.649,17.425
141,15.597,17.376
142,15.555,17.341
143,15.513,17.297
144,15.466,17.246
145,15.401,17.182
146,15.331,17.120
147,15.240,17.035
148,15.153,16.946
149,15.093,16.907
150,14.909,16.681
151,14.793,16.565
152,14.772,16.604
153,14.703,16.512
154,14.767,16.592
155,14.733,16.540
156,14.737,16.531
157,14.769,16.565
158,14.786,16.575
159,14.825,16.625
160,14.809,16.597
161,14.860,16.655
162,14.874,16.664
163,14.883,16.674
164,14.903,16.677
165,14.888,16.684
166,14.908,16.699
167,14.956,16.759
168,14.926,16.721
169,14.924,16.737
170,14.961,16.798
171,14.925,16.723
172,14.915,16.725
173,14.912,16.711
174,14.900,16.712
175,14.900,16.723
176,14.874,16.687
177,14.843,16.672
178,14.838,16.637
179,14.841,16.653
180,14.946,16.754
181,15.006,16.822
182,15.020,16.831
183,14.981,16.801
184,14.989,16.804
185,14.981,16.791
186,15.115,16.939
187,15.128,16.950
188,15.155,16.985
189,15.126,16.969
190,15.165,17.003
191,15.136,16.960
192,15.130,16.957
193,15.128,16.971
194,15.124,16.964
195,15.115,16.951
196,15.081,16.921
197,15.071,16.917
198,15.198,17.036
199,15.225,17.077
200,15.252,17.109
201,15.229,17.098
202,15.213,17.064
203,15.216,17.075
204,15.209,17.075
205,15.224,17.099
206,15.224,17.095
207,15.247,17.115
208,15.265,17.152
209,15.279,17.149
210,15.295,17.190
211,15.349,17.259
212,15.378,17.280
213,15.413,17.314
214,15.391,17.258
215,15.430,17.294
216,15.527,17.400
217,15.605,17.472
218,15.690,17.556
219,15.758,17.625
220,15.811,17.680
221,15.882,17.739
222,15.838,17.709
223,15.858,17.721
224,15.938,17.821
225,15.884,17.794
226,15.730,17.538
227,15.888,17.771
228,15.969,17.867
229,15.912,17.774
230,15.926,17.787
231,15.856,17.724
232,15.820,17.686
233,15.813,17.695
234,15.797,17.678
235,15.862,17.738
236,15.837,17.708
237,15.790,17.653
238,15.805,17.656
239,15.814,17.665
240,15.802,17.647
241,15.799,17.649
242,15.808,17.659
243,15.780,17.636
244,15.784,17.637
245,15.755,17.613
246,15.784,17.629
247,15.785,17.639
248,15.745,17.576
249,15.714,17.550
250,15.725,17.572
251,15.729,17.573
252,15.713,17.550
253,15.702,17.547
254,15.683,17.508
255,15.663,17.492
256,15.662,17.498
257,15.647,17.501
258,15.621,17.469
259,15.622,17.488
260,15.626,17.469
261,15.416,17.193
262,15.406,17.174
263,15.353,17.111
264,15.468,17.232
265,15.502,17.250
266,15.717,17.565
267,15.686,17.528
268,15.683,17.540
269,15.659,17.507
270,15.643,17.482
271,15.417,17.166
272,15.415,17.166
273,15.561,17.401
274,15.574,17.433
275,15.541,17.376
276,15.667,17.510
277,15.647,17.467
278,15.672,17.502
279,15.665,17.511
280,15.594,17.431
281,15.593,17.433
282,15.591,17.408
283,15.498,17.306
284,15.541,17.366
285,15.500,17.321
286,15.521,17.361
287,15.506,17.330
288,15.482,17.292
289,15.394,17.204
290,15.387,17.199
291,15.348,17.152
292,15.300,17.085
293,15.272,17.089
294,15.424,17.250
295,15.380,17.190
296,15.409,17.239
297,15.375,17.182
298,15.348,17.165
299,15.352,17.173
300,15.327,17.122
301,15.386,17.201
302,15.449,17.263
303,15.429,17.227
304,15.458,17.267
305,15.457,17.276
306,15.513,17.304
307,15.549,17.363
308,15.561,17.366
309,15.563,17.378
310,15.604,17.394
311,15.599,17.388
312,15.647,17.448
313,15.719,17.527
314,15.781,17.577
315,15.820,17.641
316,15.839,17.638
317,15.857,17.662
318,15.795,17.589
319,15.791,17.594
320,15.777,17.585
321,15.849,17.664
322,15.884,17.717
323,15.908,17.727
324,15.840,17.654
325,15.825,17.648
326,15.776,17.594
327,15.812,17.635
328,15.840,17.659
329,15.859,17.687
330,15.911,17.764
331,15.952,17.805
332,15.918,17.759
333,15.939,17.800
334,15.979,17.863
335,15.985,17.849
336,15.788,17.623
337,15.775,17.607
338,15.754,17.563
339,15.726,17.546
340,15.682,17.496
341,15.679,17.491
342,15.638,17.446
343,15.656,17.494
344,15.620,17.441
345,15.578,17.391
346,15.512,17.307
347,15.512,17.330
348,15.470,17.211
349,15.450,17.167
350,15.686,17.516
351,15.771,17.594
352,15.737,17.552
353,15.749,17.542
354,15.648,17.440
355,15.631,17.416
356,15.579,17.348
357,15.510,17.296
358,15.528,17.320
359,15.439,17.187
360,15.441,17.203
361,15.403,17.159
362,15.398,17.155
363,15.384,17.137
364,15.397,17.151
365,15.424,17.185
366,15.404,17.160
367,15.404,17.153
368,15.425,17.199
369,15.410,17.180
370,15.402,17.169
371,15.440,17.224
372,15.477,17.266
373,15.500,17.288
374,15.518,17.336
375,15.539,17.354
376,15.503,17.299
377,15.531,17.336
378,15.435,17.249
379,15.389,17.193
380,15.349,17.130
381,15.450,17.256
382,15.468,17.275
383,15.528,17.349
384,15.424,17.215
385,15.383,17.162
386,15.357,17.141
387,15.385,17.163
388,15.409,17.194
389,15.394,17.157
390,15.422,17.186
391,15.416,17.193
392,15.443,17.208
393,15.431,17.214
394,15.416,17.165
395,15.431,17.192
396,15.415,17.160
397,15.410,17.176
398,15.374,17.120
399,15.382,17.120
400,15.377,17.130
401,15.364,17.107
402,15.346,17.080
403,15.401,17.144
404,15.383,17.115
405,15.369,17.084
406,15.383,17.102
407,15.417,17.159
408,15.389,17.120
409,15.388,17.122
410,15.345,17.060
411,15.359,17.072
412,15.350,17.080
413,15.320,17.026
414,15.339,17.061
415,15.324,17.023
416,15.323,17.025
417,15.338,17.065
418,15.319,17.023
419,15.311,17.017
420,15.308,17.060
421,15.283,17.007
422,15.285,16.995
423,15.323,17.066
424,15.282,17.018
425,15.272,16.981
426,15.280,17.020
427,15.214,16.945
428,15.215,16.937
429,15.253,17.006
430,15.232,16.978
431,15.182,16.893
432,15.178,16.906
433,15.163,16.866
434,15.174,16.890
435,15.069,16.792
436,15.034,16.745
437,15.048,16.774
438,15.013,16.716
439,15.045,16.776
440,15.043,16.742
441,15.082,16.817
442,15.040,16.747
443,14.980,16.670
444,15.017,16.723
445,14.948,16.641
446,14.974,16.680
447,14.983,16.703
448,14.996,16.717
449,15.025,16.757
450,15.048,16.764
451,15.061,16.784
452,15.078,16.790
453,15.151,16.868
454,15.187,16.911
455,15.253,16.987
456,15.276,16.999
457,15.339,17.082
458,15.427,17.201
459,15.207,16.919
460,15.045,16.826
461,15.051,16.844
462,15.061,16.831
463,15.095,16.865
464,15.129,16.891
465,15.173,16.961
466,15.180,16.944
467,15.232,16.976
468,15.256,17.001
469,15.292,17.038
470,15.376,17.109
471,15.421,17.139
472,15.533,17.260
473,15.628,17.378
474,15.719,17.460
475,15.648,17.399
476,15.543,17.252
477,15.504,17.255
478,15.398,17.117
479,15.371,17.130
480,15.237,16.968
481,15.162,16.892
482,15.085,16.845
483,15.172,16.919
484,15.138,16.877
485,15.156,16.940
486,15.145,16.887
487,15.125,16.901
488,15.067,16.831
489,15.088,16.832
490,15.062,16.835
491,14.937,16.701
492,15.039,16.818
493,14.871,16.659
494,14.710,16.502
495,14.740,16.551
496,14.512,16.329
497,14.597,16.461
498,14.667,16.536
499,14.673,16.530
500,14.720,16.563
501,14.682,16.544
502,14.681,16.539
503,14.800,16.650
504,14.894,16.772
505,15.025,16.912
506,15.165,17.087
507,15.330,17.246
508,15.432,17.368
509,15.559,17.486
510,15.579,17.542
511,15.602,17.541
512,15.704,17.647
513,15.754,17.731
514,15.934,17.977
515,15.866,17.852
516,15.792,17.776
517,15.846,17.831
518,15.941,17.974
519,15.850,17.845
520,15.855,17.857
521,15.930,17.927
522,15.767,17.734
523,15.799,17.806
524,15.658,17.649
525,15.679,17.681
526,15.648,17.648
527,15.644,17.639
528,15.706,17.729
529,15.707,17.733
530,15.693,17.721
531,15.674,17.688
532,15.662,17.675
533,15.673,17.692
534,15.682,17.708
535,15.678,17.705
536,15.638,17.627
537,15.653,17.670
538,15.692,17.726
539,15.679,17.699
540,15.685,17.695
541,15.668,17.655
542,15.691,17.696
543,15.736,17.731
544,15.734,17.727
545,15.733,17.727
546,15.764,17.763
547,15.768,17.756
548,15.783,17.786
549,15.749,17.761
550,15.762,17.762
551,15.822,17.825
552,15.816,17.830
553,15.833,17.837
554,15.777,17.771
555,15.757,17.758
556,15.644,17.605
557,15.675,17.660
558,15.658,17.634
559,15.679,17.680
560,15.619,17.591
561,15.577,17.538
562,15.541,17.496
563,15.540,17.503
564,15.543,17.528
565,15.565,17.538
566,15.565,17.549
567,15.623,17.628
568,15.578,17.575
569,15.546,17.533
570,15.553,17.551
571,15.552,17.561
572,15.569,17.580
573,15.521,17.518
574,15.522,17.547
575,15.481,17.484
576,15.441,17.432
577,15.369,17.361
578,15.380,17.363
579,15.340,17.328
580,15.333,17.338
581,15.274,17.251
582,15.255,17.234
583,15.246,17.225
584,15.287,17.286
585,15.254,17.253
586,15.136,17.085
587,15.187,17.156
588,15.166,17.131
589,15.129,17.091
590,15.111,17.054
591,15.077,17.014
592,15.048,17.006
593,14.977,16.911
594,14.958,16.865
595,14.931,16.854
596,14.868,16.789
597,14.839,16.747
598,14.801,16.696
599,14.763,16.654
600,14.728,16.642
601,14.702,16.593
602,14.721,16.648
603,14.697,16.615
604,14.662,16.565
605,14.649,16.563
606,14.576,16.482
607,14.569,16.472
608,14.497,16.383
609,14.482,16.387
610,14.430,16.334
611,14.396,16.288
612,14.333,16.228
613,14.314,16.207
614,14.247,16.129
615,14.342,16.238
616,14.312,16.201
617,14.305,16.190
618,14.265,16.151
619,14.213,16.085
620,14.188,16.068
621,14.321,16.195
622,14.325,16.204
623,14.357,16.251
624,14.270,16.147
625,14.249,16.133
626,14.237,16.101
627,14.332,16.205
628,14.340,16.222
629,14.331,16.184
630,14.410,16.286
631,14.391,16.253
632,14.386,16.237
633,14.457,16.293
634,14.470,16.309
635,14.448,16.275
636,14.367,16.190
637,14.328,16.125
638,14.320,16.140
639,14.283,16.079
640,14.297,16.093
641,14.408,16.223
642,14.494,16.297
643,14.608,16.410
644,14.763,16.582
645,14.841,16.666
646,14.980,16.819
647,15.064,16.918
648,15.241,17.074
649,15.376,17.217
650,15.456,17.279
651,15.438,17.264
652,15.543,17.390
653,15.673,17.543
654,15.695,17.569
655,15.709,17.576
656,15.793,17.669
657,15.733,17.613
658,15.860,17.754
659,16.037,17.916
660,16.189,18.094
661,16.219,18.120
662,16.153,18.054
663,16.135,18.020
664,16.129,18.025
665,16.119,18.010
666,16.105,17.991
667,16.123,18.036
668,16.060,17.959
669,16.063,17.971
670,16.014,17.937
671,15.976,17.889
672,15.998,17.910
673,16.011,17.928
674,16.049,17.980
675,16.060,17.997
676,16.062,18.006
677,16.066,18.010
678,16.071,18.033
679,16.050,17.989
680,15.930,17.805
681,15.891,17.738
682,15.887,17.772
683,15.842,17.699
684,15.886,17.785
685,15.860,17.759
686,15.795,17.686
687,15.722,17.586
688,15.687,17.586
689,15.489,17.297
690,15.629,17.506
691,15.514,17.386
692,15.487,17.349
693,15.410,17.250
694,15.353,17.196
695,15.328,17.169
696,15.287,17.145
697,15.246,17.114
698,15.216,17.088
699,15.168,17.026
700,15.171,17.049
701,15.111,16.984
702,15.056,16.920
703,15.019,16.917
704,14.866,16.698
705,14.902,16.790
706,14.850,16.745
707,14.820,16.699
708,14.723,16.584
709,14.712,16.590
710,14.716,16.574
711,14.725,16.606
712,14.657,16.488
713,14.757,16.657
714,14.751,16.654
715,14.708,16.589
716,14.709,16.591
717,14.751,16.630
718,14.687,16.560
719,14.679,16.540
720,14.671,16.535
721,14.700,16.579
722,14.686,16.545
723,14.677,16.555
724,14.660,16.519
725,14.646,16.527
726,14.617,16.487
727,14.599,16.451
728,14.527,16.409
729,14.526,16.398
730,14.437,16.301
731,14.415,16.291
732,14.328,16.185
733,14.301,16.172
734,14.273,16.167
735,14.227,16.105
736,14.182,16.043
737,14.131,16.005
738,14.261,16.150
739,14.272,16.174
740,14.245,16.133
741,14.058,15.913
742,14.038,15.908
743,13.985,15.853
744,13.976,15.847
745,13.947,15.800
746,13.920,15.775
747,14.050,15.915
748,14.076,15.966
749,14.079,15.945
750,14.018,15.900
751,14.030,15.903
752,14.009,15.873
753,13.999,15.846
754,13.993,15.868
755,14.007,15.882
756,14.016,15.894
757,13.977,15.833
758,13.972,15.822
759,13.962,15.816
760,13.967,15.810
761,13.944,15.773
762,13.974,15.817
763,13.973,15.830
764,13.982,15.826
765,14.015,15.861
766,13.996,15.827
767,14.039,15.868
768,14.058,15.894
769,14.083,15.917
770,14.080,15.904
771,14.125,15.938
772,14.160,16.000
773,14.181,15.991
774,14.252,16.098
775,14.255,16.052
776,14.287,16.093
777,14.402,16.237
778,14.415,16.224
779,14.511,16.327
780,14.541,16.350
781,14.611,16.412
782,14.699,16.508
783,14.639,16.432
784,14.705,16.536
785,14.795,16.625
786,14.825,16.646
787,14.968,16.823
788,15.042,16.864
789,15.154,16.967
790,14.949,16.782
791,15.066,16.909
792,15.218,17.075
793,15.386,17.258
794,15.331,17.182
795,15.303,17.185
796,15.161,17.001
797,15.117,17.004
798,15.023,16.929
799,14.918,16.794
800,14.830,16.740
801,14.689,16.608
802,14.559,16.494
803,14.364,16.302
804,14.128,16.065
805,13.830,15.762
806,13.844,15.787
807,14.030,15.974
808,14.154,16.149
809,14.153,16.113
810,14.220,16.187
811,14.248,16.209
812,14.287,16.245
813,14.193,16.144
814,14.170,16.126
815,14.169,16.114
816,14.135,16.090
817,14.105,16.042
818,14.094,16.066
819,14.182,16.165
820,14.143,16.090
821,14.214,16.166
822,14.139,16.096
823,14.147,16.103
824,14.147,16.117
825,14.188,16.154
826,14.267,16.235
827,14.355,16.329
828,14.395,16.350
829,14.489,16.453
830,14.586,16.565
831,14.648,16.623
832,14.759,16.740
833,14.834,16.808
834,14.803,16.765
835,14.811,16.768
836,14.893,16.868
837,14.819,16.757
838,14.827,16.784
839,14.871,16.815
840,14.836,16.782
841,14.859,16.775
842,14.914,16.832
843,14.994,16.941
844,15.061,17.008
845,15.104,17.038
846,15.167,17.123
847,15.197,17.137
848,15.175,17.114
849,15.257,17.219
850,15.253,17.198
851,15.293,17.266
852,15.281,17.243
853,15.312,17.274
854,15.327,17.297
855,15.390,17.379
856,15.407,17.372
857,15.423,17.430
858,15.481,17.476
859,15.530,17.540
860,15.551,17.539
861,15.585,17.578
862,15.591,17.599
863,15.617,17.645
864,15.642,17.654
865,15.659,17.645
866,15.638,17.636
867,15.663,17.641
868,15.680,17.661
869,15.670,17.647
870,15.678,17.665
871,15.682,17.659
872,15.643,17.618
873,15.658,17.603
874,15.665,17.639
875,15.634,17.572
876,15.664,17.625
877,15.589,17.511
878,15.559,17.484
879,15.529,17.451
880,15.499,17.407
881,15.475,17.393
882,15.419,17.320
883,15.362,17.248
884,15.362,17.265
885,15.264,17.136
886,15.243,17.114
887,15.251,17.135
888,15.189,17.072
889,15.151,17.008
890,15.085,16.937
891,15.098,16.973
892,15.048,16.929
893,15.012,16.889
894,14.979,16.847
895,14.993,16.863
896,14.945,16.800
897,14.927,16.793
898,14.918,16.775
899,14.901,16.779
900,14.855,16.741
901,14.803,16.667
902,14.746,16.605
903,14.746,16.610
904,14.720,16.577
905,14.713,16.602
906,14.673,16.534
907,14.648,16.503
908,14.641,16.499
909,14.648,16.508
910,14.623,16.499
911,14.622,16.484
912,14.653,16.538
913,14.670,16.545
914,14.669,16.538
915,14.658,16.539
916,14.655,16.535
917,14.662,16.526
918,14.687,16.565
919,14.702,16.627
920,14.671,16.562
921,14.642,16.535
922,14.617,16.499
923,14.564,16.465
924,14.570,16.468
925,14.553,16.473
926,14.546,16.452
927,14.503,16.414
928,14.497,16.406
929,14.468,16.378
930,14.480,16.375
931,14.438,16.337
932,14.439,16.352
933,14.410,16.300
934,14.385,16.261
935,14.322,16.191
936,14.356,16.231
937,14.335,16.205
938,14.373,16.268
939,14.344,16.220
940,14.363,16.274
941,14.337,16.203
942,14.271,16.127
943,14.291,16.191
944,14.246,16.134
945,14.239,16.106
946,14.231,16.085
947,14.209,16.069
948,14.209,16.086
949,14.186,16.059
950,14.162,16.019
951,14.132,15.988
952,14.164,16.020
953,14.125,15.973
954,14.292,16.171
955,14.293,16.150
956,14.303,16.164
957,14.255,16.088
958,14.252,16.106
959,14.197,16.039
960,14.321,16.156
961,14.340,16.168
962,14.343,16.170
963,14.329,16.155
964,14.304,16.139
965,14.296,16.140
966,14.345,16.190
967,14.318,16.148
968,14.290,16.123
969,14.308,16.138
970,14.291,16.101
971,14.339,16.170
972,14.341,16.186
973,14.378,16.219
974,14.414,16.277
975,14.375,16.187
976,14.393,16.203
977,14.404,16.218
978,14.443,16.268
979,14.471,16.335
980,14.416,16.235
981,14.449,16.268
982,14.481,16.317
983,14.480,16.300
984,14.527,16.356
985,14.489,16.291
986,14.500,16.299
987,14.536,16.342
988,14.558,16.372
989,14.451,16.213
990,14.534,16.345
991,14.494,16.275
992,14.557,16.362
993,14.531,16.322
994,14.561,16.361
995,14.582,16.354
996,14.595,16.385
997,14.667,16.480
998,14.657,16.454
999,14.537,16.294
1000,14.605,16.385
1001,14.612,16.407
1002,14.532,16.320
1003,14.550,16.352
1004,14.522,16.312
1005,14.552,16.333
1006,14.519,16.287
1007,14.566,16.344
1008,14.589,16.387
1009,14.588,16.364
1010,14.592,16.361
1011,14.601,16.366
1012,14.689,16.464
1013,14.728,16.527
1014,14.736,16.542
1015,14.760,16.532
1016,14.798,16.572
1017,14.854,16.634
1018,14.895,16.681
1019,14.873,16.627
1020,14.918,16.686
1021,14.925,16.695
1022,14.922,16.686
1023,14.888,16.654
1024,14.934,16.698
1025,14.962,16.755
1026,14.986,16.755
1027,15.056,16.865
1028,14.919,16.659
1029,14.958,16.722
1030,14.958,16.734
1031,15.004,16.768
1032,15.097,16.901
1033,15.070,16.870
1034,15.129,16.945
1035,15.135,16.936
1036,15.105,16.920
1037,15.118,16.933
1038,15.162,17.019
1039,15.168,17.029
1040,15.178,17.019
1041,15.170,17.026
1042,15.143,16.991
1043,15.069,16.888
1044,15.076,16.923
1045,15.015,16.828
1046,15.043,16.878
1047,15.011,16.822
1048,15.011,16.825
1049,15.010,16.842
1050,15.006,16.826
1051,14.932,16.728
1052,14.939,16.737
1053,15.002,16.819
1054,15.022,16.858
1055,14.951,16.766
1056,14.963,16.754
1057,14.994,16.806
1058,14.971,16.768
1059,14.939,16.745
1060,14.927,16.709
1061,14.965,16.785
1062,14.936,16.720
1063,14.903,16.691
1064,14.888,16.671
1065,14.885,16.673
1066,14.876,16.651
1067,14.874,16.665
1068,14.834,16.603
1069,14.796,16.552
1070,14.806,16.567
1071,14.770,16.523
1072,14.786,16.548
1073,14.784,16.543
1074,14.812,16.575
1075,14.763,16.519
1076,14.807,16.560
1077,14.786,16.549
1078,14.811,16.599
1079,14.803,16.555
1080,14.790,16.546
1081,14.814,16.578
1082,14.806,16.570
1083,14.813,16.563
1084,14.829,16.578
1085,14.812,16.565
1086,14.778,16.519
1087,14.826,16.579
1088,14.798,16.525
1089,14.795,16.528
1090,14.786,16.507
1091,14.804,16.507
1092,14.793,16.516
1093,14.818,16.530
1094,14.824,16.535
1095,14.866,16.597
1096,14.845,16.565
1097,14.900,16.630
1098,14.881,16.603
1099,14.855,16.566
1100,14.835,16.535
1101,14.861,16.584
1102,14.845,16.566
1103,14.827,16.557
1104,14.852,16.579
1105,14.831,16.561
1106,14.666,16.331
1107,14.749,16.408
1108,14.746,16.398
1109,14.766,16.426
1110,15.008,16.741
1111,14.984,16.715
1112,15.029,16.760
1113,14.972,16.689
1114,14.975,16.679
1115,14.969,16.697
1116,14.989,16.699
1117,14.957,16.676
1118,14.948,16.654
1119,14.934,16.647
1120,14.907,16.608
1121,14.869,16.569
1122,14.954,16.663
1123,14.950,16.658
1124,14.932,16.639
1125,14.889,16.580
1126,14.923,16.636
1127,14.888,16.597
1128,14.976,16.700
1129,15.000,16.733
1130,15.009,16.725
1131,14.957,16.666
1132,14.930,16.629
1133,14.930,16.633
1134,14.919,16.626
1135,14.892,16.599
1136,14.919,16.640
1137,14.916,16.630
1138,14.948,16.684
1139,15.014,16.750
1140,15.064,16.808
1141,15.126,16.871
1142,15.207,16.971
1143,15.281,17.060
1144,15.337,17.099
1145,15.397,17.188
1146,15.477,17.268
1147,15.504,17.311
1148,15.555,17.368
1149,15.535,17.342
1150,15.556,17.366
1151,15.598,17.417
1152,15.560,17.349
1153,15.548,17.353
1154,15.556,17.357
1155,15.531,17.333
1156,15.524,17.342
1157,15.562,17.381
1158,15.527,17.357
1159,15.532,17.368
1160,15.473,17.298
1161,15.516,17.348
1162,15.505,17.321
1163,15.501,17.332
1164,15.449,17.275
1165,15.482,17.293
1166,15.451,17.255
1167,15.447,17.252
1168,15.425,17.241
1169,15.413,17.231
1170,15.408,17.215
1171,15.429,17.242
1172,15.399,17.199
1173,15.393,17.209
1174,15.379,17.180
1175,15.380,17.188
1176,15.386,17.179
1177,15.404,17.208
1178,15.363,17.178
1179,15.384,17.196
1180,15.366,17.176
1181,15.322,17.125
1182,15.341,17.153
1183,15.346,17.139
1184,15.339,17.144
1185,15.324,17.125
1186,15.319,17.127
1187,15.247,17.034
1188,15.278,17.073
1189,15.244,17.023
1190,15.237,17.020
1191,15.238,17.027
1192,15.246,17.021
1193,15.257,17.038
1194,15.249,17.027
1195,15.260,17.048
1196,15.222,17.010
1197,15.215,16.987
1198,15.221,16.997
1199,15.268,17.053
1200,15.269,17.036
1201,15.281,17.047
1202,15.269,17.049
1203,15.250,17.037
1204,15.241,17.014
1205,15.247,17.033
1206,15.257,17.053
1207,15.255,17.045
1208,15.258,17.048
1209,15.223,16.992
1210,15.228,17.010
1211,15.180,16.957
1212,15.304,17.072
1213,15.329,17.104
1214,15.342,17.131
1215,15.302,17.068
1216,15.284,17.045
1217,15.273,17.029
1218,15.381,17.161
1219,15.386,17.152
1220,15.400,17.184
1221,15.479,17.242
1222,15.468,17.255
1223,15.487,17.274
1224,15.425,17.196
1225,15.416,17.191
1226,15.397,17.169
1227,15.439,17.205
1228,15.475,17.242
1229,15.526,17.287
1230,15.502,17.267
1231,15.482,17.225
1232,15.473,17.219
1233,15.528,17.275
1234,15.590,17.344
1235,15.661,17.418
1236,15.700,17.466
1237,15.749,17.507
1238,15.850,17.614
1239,15.947,17.716
1240,16.016,17.806
1241,16.105,17.885
1242,16.205,18.004
1243,16.272,18.066
1244,16.329,18.135
1245,16.285,18.077
1246,16.308,18.124
1247,16.335,18.139
1248,16.315,18.126
1249,16.297,18.092
1250,16.343,18.149
1251,16.232,18.017
1252,16.246,18.047
1253,16.257,18.046
1254,16.287,18.101
1255,16.291,18.100
1256,16.278,18.081
1257,16.274,18.063
1258,16.287,18.077
1259,16.274,18.054
1260,16.287,18.086
1261,16.272,18.053
1262,16.246,18.010
1263,16.270,18.046
1264,16.275,18.057
1265,16.274,18.069
1266,16.274,18.055
1267,16.289,18.090
1268,16.281,18.057
1269,16.254,18.021
1270,16.269,18.049
1271,16.285,18.076
1272,16.264,18.036
1273,16.258,18.027
1274,16.241,18.013
1275,16.243,18.009
1276,16.229,17.979
1277,16.226,17.994
1278,16.255,18.012
1279,16.249,18.006
1280,16.274,18.041
1281,16.287,18.061
1282,16.275,18.042
1283,16.266,18.008
1284,16.291,18.066
1285,16.258,18.014
1286,16.271,18.026
1287,16.289,18.046
1288,16.261,18.014
1289,16.257,18.020
1290,16.256,18.011
1291,16.178,17.937
1292,16.154,17.911
1293,16.168,17.933
1294,16.127,17.884
1295,16.092,17.843
1296,16.102,17.852
1297,16.035,17.798
1298,16.010,17.742
1299,16.016,17.763
1300,15.996,17.734
1301,15.961,17.685
1302,15.949,17.673
1303,15.931,17.651
1304,15.914,17.636
1305,15.896,17.610
1306,15.896,17.619
1307,15.884,17.584
1308,15.875,17.599
1309,15.873,17.589
1310,15.852,17.558
1311,15.849,17.559
1312,15.823,17.552
1313,15.817,17.526
1314,15.800,17.499
1315,15.773,17.488
1316,15.728,17.429
1317,15.737,17.457
1318,15.707,17.408
1319,15.728,17.430
1320,15.655,17.372
1321,15.639,17.335
1322,15.668,17.362
1323,15.654,17.348
1324,15.620,17.314
1325,15.634,17.321
1326,15.610,17.292
1327,15.603,17.289
1328,15.586,17.289
1329,15.569,17.257
1330,15.544,17.222
1331,15.547,17.244
1332,15.538,17.230
1333,15.511,17.209
1334,15.479,17.175
1335,15.447,17.130
1336,15.422,17.098
1337,15.415,17.102
1338,15.427,17.120
1339,15.391,17.061
1340,15.375,17.036
1341,15.325,16.977
1342,15.327,16.981
1343,15.297,16.957
1344,15.285,16.941
1345,15.267,16.915
1346,15.299,16.957
1347,15.401,17.070
1348,15.384,17.046
1349,15.401,17.078
1350,15.479,17.161
1351,15.505,17.203
1352,15.505,17.184
1353,15.491,17.189
1354,15.476,17.164
1355,15.488,17.183
1356,15.589,17.287
1357,15.648,17.348
1358,15.650,17.362
1359,15.656,17.362
1360,15.626,17.317
1361,15.605,17.303
1362,15.634,17.310
1363,15.640,17.324
1364,15.655,17.353
1365,15.629,17.315
1366,15.646,17.343
1367,15.678,17.358
1368,15.698,17.389
1369,15.682,17.374
1370,15.703,17.377
1371,15.701,17.390
1372,15.719,17.390
1373,15.705,17.386
1374,15.719,17.395
1375,15.747,17.405
1376,15.805,17.485
1377,15.815,17.499
1378,15.880,17.577
1379,15.912,17.588
1380,15.926,17.598
1381,15.964,17.658
1382,16.010,17.703
1383,16.042,17.729
1384,16.049,17.744
1385,16.067,17.749
1386,16.035,17.726
1387,16.051,17.747
1388,16.066,17.761
1389,16.051,17.745
1390,16.080,17.774
1391,16.109,17.808
1392,16.111,17.810
1393,16.116,17.834
1394,16.112,17.828
1395,16.131,17.846
1396,16.132,17.849
1397,16.128,17.842
1398,16.123,17.829
1399,16.117,17.838
1400,16.126,17.839
1401,16.140,17.857
1402,16.122,17.841
1403,16.121,17.844
1404,16.110,17.836
1405,16.089,17.792
1406,16.099,17.808
1407,16.110,17.825
1408,16.082,17.791
1409,16.080,17.803
1410,16.073,17.789
1411,16.075,17.790
1412,16.096,17.811
1413,16.086,17.796
1414,16.070,17.783
1415,16.073,17.796
1416,16.076,17.796
1417,16.047,17.762
1418,16.048,17.755
1419,16.075,17.789
1420,16.074,17.789
1421,16.056,17.753
1422,16.075,17.780
1423,16.062,17.765
1424,16.066,17.773
1425,16.061,17.768
1426,16.084,17.792
1427,16.075,17.789
1428,16.045,17.755
1429,16.066,17.780
1430,16.075,17.787
1431,16.074,17.788
1432,16.062,17.777
1433,16.069,17.771
1434,16.047,17.764
1435,16.052,17.759
1436,16.056,17.766
1437,16.052,17.764
1438,16.036,17.759
1439,16.023,17.732
1440,16.046,17.739
1441,16.023,17.742
1442,16.007,17.717
1443,15.985,17.694
1444,15.999,17.717
1445,15.988,17.703
1446,15.933,17.639
1447,15.926,17.622
1448,15.908,17.606
1449,15.897,17.603
1450,15.889,17.584
1451,15.870,17.576
1452,15.854,17.545
1453,15.855,17.563
1454,15.852,17.559
1455,15.795,17.493
1456,15.795,17.496
1457,15.765,17.457
1458,15.748,17.440
1459,15.756,17.464
1460,15.723,17.417
1461,15.724,17.424
1462,15.712,17.406
1463,15.676,17.387
1464,15.678,17.377
1465,15.656,17.353
1466,15.633,17.328
1467,15.613,17.306
1468,15.621,17.320
1469,15.620,17.335
1470,15.584,17.268
1471,15.569,17.260
1472,15.562,17.255
1473,15.561,17.256
1474,15.498,17.186
1475,15.503,17.186
1476,15.475,17.149
1477,15.474,17.163
1478,15.446,17.128
1479,15.546,17.249
1480,15.536,17.230
1481,15.548,17.248
1482,15.519,17.196
1483,15.512,17.215
1484,15.524,17.219
1485,15.540,17.230
1486,15.530,17.232
1487,15.525,17.227
1488,15.546,17.257
1489,15.539,17.241
1490,15.544,17.262
1491,15.555,17.263
1492,15.538,17.233
1493,15.572,17.288
1494,15.550,17.262
1495,15.587,17.299
1496,15.591,17.329
1497,15.587,17.301
1498,15.605,17.325
1499,15.607,17.327
1500,15.618,17.337
1501,15.617,17.343
1502,15.580,17.315
1503,15.621,17.341
1504,15.615,17.363
1505,15.630,17.364
1506,15.630,17.360
1507,15.631,17.372
1508,15.708,17.475
1509,15.714,17.482
1510,15.736,17.498
1511,15.737,17.502
1512,15.758,17.537
1513,15.542,17.217
1514,15.565,17.233
1515,15.551,17.244
1516,15.569,17.278
1517,15.594,17.288
1518,15.591,17.297
1519,15.764,17.548
1520,15.754,17.531
1521,15.780,17.566
1522,15.775,17.567
1523,15.777,17.556
1524,15.750,17.516
1525,15.787,17.553
1526,15.816,17.597
1527,15.841,17.636
1528,15.856,17.657
1529,15.903,17.726
1530,15.899,17.719
1531,15.911,17.697
1532,15.802,17.535
1533,15.788,17.529
1534,15.825,17.560
1535,15.809,17.542
1536,15.817,17.550
1537,15.998,17.815
1538,15.985,17.803
1539,16.007,17.824
1540,16.008,17.812
1541,15.967,17.770
1542,15.952,17.761
1543,15.924,17.718
1544,15.912,17.707
1545,15.918,17.717
1546,15.907,17.702
1547,15.927,17.736
1548,15.911,17.711
1549,15.910,17.698
1550,15.901,17.715
1551,15.909,17.712
1552,15.884,17.684
1553,15.874,17.670
1554,15.884,17.692
1555,15.864,17.668
1556,15.848,17.660
1557,15.813,17.616
1558,15.854,17.662
1559,15.807,17.625
1560,15.784,17.596
1561,15.781,17.608
1562,15.763,17.569
1563,15.737,17.554
1564,15.725,17.533
1565,15.705,17.518
1566,15.703,17.543
1567,15.719,17.547
1568,15.705,17.524
1569,15.684,17.491
1570,15.678,17.485
1571,15.660,17.453
1572,15.672,17.484
1573,15.641,17.434
1574,15.669,17.487
1575,15.643,17.459
1576,15.632,17.436
1577,15.615,17.423
1578,15.591,17.398
1579,15.569,17.372
1580,15.585,17.380
1581,15.581,17.384
1582,15.596,17.395
1583,15.602,17.403
1584,15.616,17.421
1585,15.608,17.401
1586,15.628,17.433
1587,15.655,17.456
1588,15.630,17.423
1589,15.673,17.487
1590,15.704,17.526
1591,15.696,17.512
1592,15.693,17.525
1593,15.695,17.510
1594,15.763,17.589
1595,15.733,17.570
1596,15.461,17.197
1597,15.445,17.186
1598,15.440,17.182
1599,15.464,17.213
1600,15.457,17.201
1601,15.456,17.210
1602,15.415,17.175
1603,15.394,17.149
1604,15.385,17.126
1605,15.583,17.419
1606,15.580,17.443
1607,15.557,17.392
1608,15.340,17.085
1609,15.320,17.072
1610,15.451,17.263
1611,15.406,17.220
1612,15.359,17.172
1613,15.355,17.179
1614,15.356,17.163
1615,15.207,16.947
1616,15.372,17.202
1617,15.394,17.231
1618,15.377,17.215
1619,15.274,17.084
1620,15.256,17.050
1621,15.276,17.063
1622,15.242,17.038
1623,15.221,17.025
1624,15.230,17.048
1625,15.238,17.068
1626,15.243,17.065
1627,15.259,17.099
1628,15.256,17.092
1629,15.171,17.006
1630,15.099,16.932
1631,15.108,16.969
1632,15.111,16.974
1633,15.108,16.963
1634,15.170,17.041
1635,15.184,17.055
1636,15.167,17.037
1637,15.135,17.019
1638,15.067,16.943
1639,15.030,16.898
1640,14.987,16.848
1641,14.946,16.817
1642,14.853,16.713
1643,14.812,16.668
1644,14.936,16.801
1645,14.920,16.799
1646,14.877,16.743
1647,14.783,16.637
1648,14.733,16.586
1649,14.651,16.511
1650,14.797,16.681
1651,14.765,16.649
1652,14.749,16.617
1653,14.791,16.666
1654,14.736,16.615
1655,14.753,16.646
1656,14.774,16.666
1657,14.729,16.618
1658,14.585,16.423
1659,14.571,16.404
1660,14.473,16.288
1661,14.529,16.359
1662,14.568,16.456
1663,14.558,16.439
1664,14.559,16.435
1665,14.535,16.399
1666,14.548,16.428
1667,14.671,16.564
1668,14.787,16.668
1669,14.927,16.845
1670,15.015,16.930
1671,15.137,17.053
1672,15.209,17.133
1673,15.344,17.292
1674,15.390,17.365
1675,15.486,17.475
1676,15.513,17.489
1677,15.541,17.540
1678,15.588,17.563
1679,15.713,17.705
1680,15.700,17.683
1681,15.735,17.729
1682,15.731,17.711
1683,15.598,17.571
1684,15.629,17.606
1685,15.685,17.673
1686,15.738,17.715
1687,15.741,17.729
1688,15.735,17.696
1689,15.771,17.759
1690,15.821,17.808
1691,15.792,17.774
1692,15.707,17.627
1693,15.675,17.605
1694,15.667,17.602
1695,15.746,17.709
1696,15.752,17.715
1697,15.690,17.633
1698,15.688,17.644
1699,15.628,17.574
1700,15.637,17.564
1701,15.611,17.546
1702,15.603,17.537
1703,15.615,17.550
1704,15.576,17.506
1705,15.565,17.495
1706,15.571,17.481
1707,15.597,17.522
1708,15.563,17.468
1709,15.489,17.343
1710,15.600,17.492
1711,15.566,17.464
1712,15.587,17.478
1713,15.577,17.462
1714,15.598,17.484
1715,15.638,17.535
1716,15.594,17.494
1717,15.613,17.521
1718,15.601,17.488
1719,15.597,17.472
1720,15.550,17.437
1721,15.537,17.390
1722,15.471,17.307
1723,15.474,17.315
1724,15.452,17.292
1725,15.484,17.317
1726,15.485,17.309
1727,15.465,17.270
1728,15.485,17.292
1729,15.496,17.293
1730,15.524,17.340
1731,15.482,17.273
1732,15.527,17.318
1733,15.501,17.309
1734,15.546,17.353
1735,15.554,17.352
1736,15.607,17.421
1737,15.600,17.403
1738,15.630,17.434
1739,15.711,17.533
1740,15.791,17.603
1741,15.849,17.675
1742,15.895,17.705
1743,15.960,17.783
1744,16.011,17.841
1745,15.846,17.671
1746,15.731,17.575
1747,15.586,17.415
1748,15.470,17.291
1749,15.318,17.135
1750,15.201,17.036
1751,15.036,16.876
1752,14.910,16.742
1753,14.826,16.675
1754,14.596,16.427
1755,14.645,16.507
1756,14.476,16.319
1757,14.296,16.154
1758,14.246,16.104
1759,14.053,15.915
1760,13.944,15.848
1761,14.138,16.067
1762,14.157,16.092
1763,14.189,16.116
1764,14.249,16.176
1765,14.280,16.191
1766,14.277,16.193
1767,14.355,16.260
1768,14.356,16.275
1769,14.362,16.284
1770,14.324,16.247
1771,14.321,16.238
1772,14.335,16.244
1773,14.429,16.351
1774,14.497,16.400
1775,14.611,16.531
1776,14.726,16.647
1777,14.808,16.734
1778,14.914,16.858
1779,15.033,16.961
1780,15.119,17.066
1781,15.263,17.187
1782,15.389,17.336
1783,15.507,17.453
1784,15.624,17.565
1785,15.532,17.480
1786,15.610,17.576
1787,15.715,17.679
1788,15.644,17.601
1789,15.699,17.669
1790,15.742,17.690
1791,15.742,17.702
1792,15.723,17.666
1793,15.822,17.784
1794,15.685,17.618
1795,15.688,17.615
1796,15.620,17.527
1797,15.605,17.514
1798,15.613,17.523
1799,15.673,17.607
1800,15.709,17.618
1801,15.728,17.650
1802,15.726,17.645
1803,15.749,17.676
1804,15.771,17.706
1805,15.718,17.635
1806,15.760,17.695
1807,15.732,17.644
1808,15.777,17.728
1809,15.745,17.672
1810,15.744,17.653
1811,15.767,17.715
1812,15.752,17.683
1813,15.739,17.670
1814,15.797,17.712
1815,15.780,17.733
1816,15.764,17.695
1817,15.767,17.705
1818,15.822,17.794
1819,15.834,17.789
1820,15.802,17.750
1821,15.828,17.783
1822,15.856,17.812
1823,15.844,17.804
1824,15.858,17.853
1825,15.867,17.849
1826,15.892,17.881
1827,15.884,17.850
1828,15.902,17.868
1829,15.933,17.912
1830,15.979,17.983
1831,15.978,17.990
1832,15.979,17.998
1833,15.951,17.952
1834,15.930,17.935
1835,15.936,17.962
1836,15.926,17.963
1837,15.925,17.969
1838,15.898,17.937
1839,15.873,17.909
1840,15.842,17.889
