0,7.441,10.288
1,7.455,10.313
2,7.447,10.289
3,7.441,10.307
4,7.431,10.316
5,7.443,10.350
6,7.426,10.346
7,7.421,10.345
8,7.439,10.378
9,7.404,10.351
10,7.414,10.372
11,7.413,10.380
12,7.407,10.380
13,7.416,10.392
14,7.426,10.418
15,7.404,10.395
16,7.404,10.393
17,7.419,10.432
18,7.419,10.434
19,7.632,10.698
20,7.687,10.758
21,7.712,10.779
22,7.672,10.738
23,7.683,10.774
24,7.673,10.764
25,7.930,11.084
26,8.000,11.164
27,8.102,11.301
28,8.075,11.233
29,8.116,11.320
30,8.121,11.302
31,8.158,11.358
32,8.178,11.391
33,8.194,11.414
34,8.216,11.429
35,8.253,11.495
36,8.224,11.450
37,8.261,11.514
38,8.301,11.567
39,8.307,11.548
40,8.341,11.586
41,8.334,11.597
42,8.327,11.583
43,8.399,11.686
44,8.412,11.654
45,8.466,11.694
46,8.540,11.750
47,8.323,11.335
48,7.801,10.426
49,7.807,10.450
50,8.702,11.767
51,8.800,11.875
52,8.817,11.863
53,7.701,10.337
54,7.682,10.325
55,7.668,10.353
56,7.636,10.323
57,7.589,10.272
58,7.549,10.257
59,7.554,10.286
60,7.547,10.310
61,7.517,10.280
62,7.511,10.301
63,7.521,10.334
64,7.488,10.322
65,7.475,10.323
66,7.484,10.344
67,7.460,10.328
68,7.449,10.333
69,7.438,10.345
70,7.437,10.351
71,7.410,10.328
72,7.442,10.414
73,7.418,10.372
74,7.410,10.386
75,7.431,10.411
76,7.431,10.403
77,7.455,10.455
78,7.422,10.404
79,7.412,10.417
80,7.396,10.392
81,7.426,10.454
82,7.429,10.460
83,7.653,10.730
84,7.669,10.736
85,7.726,10.798
86,7.688,10.770
87,7.697,10.788
88,7.706,10.825
89,7.919,11.079
90,7.999,11.171
91,8.063,11.228
92,8.071,11.251
93,8.096,11.303
94,8.117,11.309
95,8.145,11.353
96,8.180,11.405
97,8.196,11.429
98,8.205,11.433
99,8.207,11.422
100,8.238,11.471
101,8.244,11.494
102,8.259,11.501
103,8.302,11.532
104,8.320,11.575
105,8.355,11.643
106,8.332,11.582
107,8.387,11.669
108,8.399,11.659
109,8.392,11.597
110,8.484,11.667
111,8.632,11.797
112,8.757,11.907
113,8.696,11.813
114,8.744,11.853
115,8.825,11.908
116,8.817,11.855
117,8.866,11.876
118,8.899,11.884
119,9.044,12.039
120,9.138,12.108
121,9.243,12.207
122,9.302,12.216
123,9.417,12.347
124,9.509,12.426
125,9.581,12.468
126,9.663,12.547
127,9.748,12.620
128,9.822,12.682
129,9.876,12.709
130,9.969,12.795
131,9.998,12.800
132,10.068,12.862
133,10.123,12.915
134,10.158,12.929
135,10.194,12.937
136,10.253,12.989
137,10.233,12.946
138,10.202,12.892
139,10.142,12.832
140,10.094,12.775
141,9.934,12.603
142,9.815,12.460
143,9.671,12.293
144,9.533,12.147
145,9.437,12.055
146,9.308,11.904
147,9.224,11.821
148,9.108,11.700
149,8.968,11.556
150,8.842,11.442
151,8.712,11.299
152,8.574,11.136
153,8.492,11.051
154,8.399,10.965
155,8.315,10.872
156,8.219,10.777
157,8.102,10.638
158,8.018,10.549
159,7.963,10.494
160,7.872,10.397
161,7.829,10.341
162,7.704,10.195
163,7.642,10.163
164,7.559,10.070
165,7.499,9.998
166,7.468,9.967
167,7.382,9.869
168,7.344,9.843
169,7.283,9.781
170,7.241,9.727
171,7.202,9.698
172,7.171,9.664
173,7.139,9.624
174,7.097,9.576
175,7.053,9.538
176,7.035,9.523
177,7.013,9.506
178,6.965,9.445
179,6.941,9.420
180,6.906,9.392
181,6.861,9.337
182,6.848,9.330
183,6.841,9.328
184,6.806,9.303
185,6.786,9.294
186,6.769,9.272
187,6.743,9.253
188,6.728,9.231
189,6.695,9.198
190,6.693,9.200
191,6.686,9.211
192,6.652,9.152
193,6.651,9.172
194,6.637,9.167
195,6.621,9.148
196,6.577,9.098
197,6.544,9.073
198,6.514,9.041
199,6.477,8.987
200,6.600,9.131
201,6.629,9.141
202,6.654,9.175
203,6.618,9.166
204,6.583,9.105
205,6.573,9.107
206,6.688,9.217
207,6.718,9.241
208,6.760,9.284
209,6.726,9.260
210,6.696,9.205
211,6.721,9.256
212,6.705,9.238
213,6.705,9.238
214,6.722,9.259
215,6.693,9.224
216,6.710,9.269
217,6.670,9.205
218,6.698,9.245
219,6.679,9.218
220,6.649,9.181
221,6.684,9.236
222,6.682,9.224
223,6.674,9.217
224,6.689,9.244
225,6.660,9.197
226,6.654,9.193
227,6.665,9.209
228,6.665,9.210
229,6.681,9.225
230,6.701,9.263
231,6.722,9.267
232,6.740,9.287
233,6.782,9.340
234,6.801,9.354
235,6.828,9.399
236,6.903,9.459
237,6.928,9.471
238,6.952,9.503
239,6.949,9.481
240,7.002,9.541
241,7.062,9.601
242,7.101,9.637
243,7.128,9.660
244,7.176,9.711
245,7.227,9.772
246,7.249,9.774
247,7.312,9.846
248,7.317,9.851
249,7.342,9.885
250,7.379,9.914
251,7.267,9.808
252,7.226,9.755
253,7.211,9.737
254,7.286,9.795
255,7.301,9.807
256,7.322,9.826
257,7.195,9.713
258,7.146,9.659
259,7.112,9.614
260,7.150,9.661
261,7.166,9.666
262,7.168,9.689
263,7.161,9.677
264,7.179,9.705
265,7.174,9.696
266,7.152,9.674
267,7.171,9.711
268,7.178,9.731
269,7.142,9.675
270,7.155,9.698
271,7.148,9.698
272,7.117,9.670
273,7.121,9.668
274,7.126,9.689
275,7.127,9.693
276,7.127,9.699
277,7.124,9.685
278,7.145,9.728
279,7.126,9.699
280,7.133,9.700
281,7.130,9.699
282,7.135,9.702
283,7.130,9.697
284,7.136,9.692
285,7.134,9.682
286,7.148,9.707
287,7.160,9.720
288,7.146,9.692
289,7.193,9.773
290,7.165,9.723
291,7.145,9.704
292,7.163,9.722
293,7.153,9.713
294,7.151,9.702
295,7.160,9.725
296,7.143,9.694
297,7.137,9.696
298,7.155,9.736
299,7.159,9.745
300,7.116,9.689
301,7.084,9.662
302,7.098,9.691
303,7.090,9.686
304,7.098,9.708
305,7.090,9.683
306,7.082,9.687
307,7.085,9.680
308,7.090,9.688
309,7.082,9.664
310,7.104,9.713
311,7.107,9.711
312,7.099,9.692
313,7.092,9.671
314,7.104,9.690
315,7.107,9.681
316,7.114,9.702
317,7.138,9.729
318,7.105,9.691
319,7.128,9.717
320,7.125,9.707
321,7.139,9.720
322,7.135,9.711
323,7.130,9.706
324,7.125,9.703
325,7.151,9.740
326,7.137,9.709
327,7.144,9.733
328,7.147,9.730
329,7.146,9.736
330,7.128,9.698
331,7.128,9.712
332,7.106,9.684
333,7.099,9.679
334,7.102,9.675
335,7.095,9.673
336,7.099,9.675
337,7.091,9.668
338,7.111,9.696
339,7.098,9.670
340,7.093,9.670
341,7.100,9.679
342,7.076,9.644
343,7.079,9.649
344,7.079,9.637
345,7.071,9.656
346,7.054,9.618
347,7.048,9.631
348,7.046,9.609
349,7.033,9.588
350,7.052,9.628
351,7.028,9.613
352,7.014,9.602
353,7.004,9.579
354,6.987,9.574
355,6.962,9.537
356,6.973,9.565
357,6.934,9.519
358,6.930,9.540
359,6.904,9.491
360,6.920,9.540
361,6.908,9.529
362,6.996,9.606
363,7.024,9.640
364,7.073,9.679
365,7.003,9.626
366,6.995,9.618
367,6.946,9.556
368,6.940,9.563
369,6.934,9.573
370,6.912,9.548
371,6.927,9.578
372,6.921,9.589
373,6.921,9.593
374,7.055,9.704
375,7.099,9.744
376,7.133,9.759
377,7.096,9.746
378,7.066,9.704
379,7.095,9.762
380,7.104,9.775
381,7.111,9.789
382,7.092,9.776
383,7.107,9.791
384,7.104,9.783
385,7.114,9.806
386,7.101,9.783
387,7.093,9.780
388,7.109,9.799
389,7.105,9.790
390,7.093,9.765
391,7.111,9.805
392,7.103,9.780
393,7.096,9.760
394,7.112,9.790
395,7.115,9.789
396,7.150,9.819
397,7.206,9.872
398,7.254,9.920
399,7.300,9.959
400,7.327,9.984
401,7.360,10.004
402,7.418,10.062
403,7.476,10.143
404,7.503,10.149
405,7.548,10.192
406,7.561,10.202
407,7.640,10.256
408,7.671,10.295
409,7.695,10.326
410,7.619,10.257
411,7.615,10.257
412,7.631,10.286
413,7.683,10.293
414,7.734,10.361
415,7.771,10.406
416,7.692,10.329
417,7.673,10.301
418,7.652,10.296
419,7.668,10.320
420,7.705,10.341
421,7.715,10.365
422,7.718,10.347
423,7.745,10.394
424,7.747,10.381
425,7.746,10.361
426,7.770,10.395
427,7.745,10.357
428,7.757,10.361
429,7.762,10.387
430,7.791,10.409
431,7.764,10.375
432,7.787,10.386
433,7.795,10.405
434,7.810,10.429
435,7.822,10.434
436,7.821,10.422
437,7.828,10.424
438,7.811,10.406
439,7.780,10.349
440,7.811,10.400
441,7.779,10.355
442,7.802,10.394
443,7.794,10.384
444,7.767,10.353
445,7.756,10.328
446,7.787,10.378
447,7.766,10.345
448,7.787,10.365
449,7.777,10.347
450,7.789,10.379
451,7.797,10.382
452,7.785,10.371
453,7.772,10.360
454,7.738,10.323
455,7.735,10.318
456,7.746,10.335
457,7.722,10.311
458,7.704,10.298
459,7.731,10.338
460,7.694,10.286
461,7.688,10.309
462,7.670,10.272
463,7.682,10.281
464,7.679,10.276
465,7.679,10.299
466,7.675,10.281
467,7.628,10.206
468,7.637,10.233
469,7.620,10.196
470,7.615,10.200
471,7.581,10.167
472,7.558,10.157
473,7.519,10.100
474,7.469,10.052
475,7.446,10.026
476,7.463,10.059
477,7.415,9.989
478,7.456,10.086
479,7.383,9.967
480,7.384,9.990
481,7.362,9.963
482,7.299,9.899
483,7.329,9.952
484,7.312,9.929
485,7.331,9.955
486,7.310,9.941
487,7.280,9.905
488,7.265,9.879
489,7.267,9.889
490,7.243,9.867
491,7.249,9.893
492,7.205,9.873
493,7.131,9.808
494,7.128,9.803
495,7.154,9.809
496,7.191,9.852
497,7.291,9.937
498,7.296,9.929
499,7.314,9.950
500,7.285,9.943
501,7.273,9.928
502,7.264,9.928
503,7.263,9.937
504,7.229,9.875
505,7.229,9.907
506,7.207,9.862
507,7.215,9.888
508,7.226,9.899
509,7.235,9.910
510,7.198,9.878
511,7.204,9.888
512,7.351,10.031
513,7.359,10.038
514,7.378,10.040
515,7.379,10.063
516,7.346,10.023
517,7.380,10.072
518,7.352,10.036
519,7.362,10.064
520,7.352,10.046
521,7.362,10.063
522,7.352,10.072
523,7.341,10.029
524,7.315,10.012
525,7.310,10.008
526,7.307,10.010
527,7.333,10.062
528,7.344,10.082
529,7.327,10.051
530,7.314,10.020
531,7.298,10.002
532,7.313,10.030
533,7.328,10.052
534,7.339,10.064
535,7.361,10.062
536,7.353,10.073
537,7.372,10.071
538,7.404,10.123
539,7.418,10.111
540,7.450,10.147
541,7.470,10.169
542,7.512,10.207
543,7.517,10.210
544,7.566,10.243
545,7.586,10.282
546,7.613,10.297
547,7.633,10.313
548,7.633,10.302
549,7.652,10.324
550,7.685,10.361
551,7.694,10.360
552,7.729,10.392
553,7.782,10.461
554,7.778,10.440
555,7.780,10.441
556,7.797,10.453
557,7.715,10.395
558,7.700,10.382
559,7.696,10.377
560,7.746,10.427
561,7.755,10.437
562,7.762,10.450
563,7.751,10.429
564,7.774,10.478
565,7.780,10.467
566,7.758,10.452
567,7.737,10.432
568,7.738,10.424
569,7.781,10.505
570,7.765,10.472
571,7.765,10.472
572,7.778,10.486
573,7.780,10.487
574,7.780,10.483
575,7.773,10.479
576,7.795,10.515
577,7.804,10.536
578,7.794,10.519
579,7.805,10.535
580,7.820,10.548
581,7.827,10.560
582,7.822,10.555
583,7.838,10.609
584,7.809,10.542
585,7.844,10.610
586,7.831,10.594
587,7.849,10.637
588,7.827,10.624
589,7.823,10.632
590,7.833,10.626
591,7.845,10.671
592,7.851,10.659
593,7.854,10.683
594,7.872,10.714
595,7.880,10.733
596,7.883,10.721
597,7.880,10.726
598,7.899,10.769
599,7.902,10.764
600,7.897,10.768
601,7.920,10.811
602,7.920,10.827
603,7.894,10.797
604,7.894,10.797
605,7.906,10.852
606,7.879,10.818
607,7.885,10.865
608,7.873,10.863
609,7.858,10.854
610,7.859,10.856
611,7.966,10.944
612,7.988,10.978
613,8.018,10.999
614,8.016,11.019
615,7.989,10.980
616,7.991,11.012
617,8.064,11.007
618,8.099,11.047
619,8.117,11.047
620,8.102,11.052
621,8.126,11.087
622,8.146,11.110
623,8.163,11.129
624,8.195,11.147
625,8.179,11.127
626,8.237,11.193
627,8.234,11.160
628,8.253,11.199
629,8.232,11.186
630,8.254,11.205
631,8.229,11.172
632,8.269,11.248
633,8.230,11.186
634,8.243,11.202
635,8.230,11.205
636,8.207,11.172
637,8.205,11.188
638,8.231,11.217
639,8.232,11.225
640,8.242,11.229
641,8.222,11.212
642,8.202,11.194
643,8.219,11.201
644,8.215,11.189
645,8.214,11.193
646,8.198,11.161
647,8.216,11.176
648,8.177,11.106
649,8.197,11.142
650,8.194,11.148
651,8.167,11.111
652,8.185,11.126
653,8.177,11.124
654,8.193,11.141
655,8.184,11.133
656,8.165,11.106
657,8.195,11.146
658,8.159,11.096
659,8.185,11.130
660,8.151,11.097
661,8.153,11.099
662,8.133,11.074
663,8.128,11.067
664,8.139,11.088
665,8.128,11.072
666,8.087,11.029
667,8.092,11.035
668,8.079,11.020
669,8.064,10.989
670,8.081,11.038
671,8.051,10.991
672,8.042,10.985
673,8.064,11.019
674,8.038,10.990
675,8.050,11.012
676,8.055,11.031
677,8.027,10.983
678,8.028,10.972
679,8.059,11.020
680,8.007,10.976
681,8.004,10.957
682,8.028,11.002
683,8.003,10.968
684,7.996,10.947
685,8.014,10.975
686,7.994,10.974
687,7.971,10.938
688,7.956,10.913
689,7.964,10.960
690,7.959,10.954
691,7.980,11.001
692,8.021,11.094
693,8.019,11.116
694,8.037,11.174
695,8.065,11.214
696,8.081,11.255
697,8.080,11.275
698,8.029,11.205
699,8.048,11.229
700,8.064,11.273
701,8.151,11.351
702,8.163,11.323
703,8.167,11.332
704,8.174,11.315
705,8.151,11.261
706,8.226,11.360
707,8.202,11.283
708,8.248,11.363
709,8.247,11.340
710,8.202,11.293
711,8.170,11.260
712,8.150,11.243
713,8.172,11.245
714,8.144,11.242
715,8.129,11.206
716,8.169,11.255
717,8.152,11.230
718,8.204,11.285
719,8.302,11.336
720,8.342,11.365
721,8.375,11.387
722,8.411,11.403
723,8.441,11.430
724,8.500,11.502
725,8.534,11.525
726,8.613,11.619
727,8.632,11.621
728,8.608,11.586
729,8.641,11.625
730,8.670,11.636
731,8.658,11.633
732,8.651,11.601
733,8.699,11.666
734,8.656,11.624
735,8.654,11.613
736,8.647,11.611
737,8.660,11.613
738,8.670,11.623
739,8.696,11.660
740,8.663,11.619
741,8.677,11.646
742,8.690,11.654
743,8.651,11.595
744,8.655,11.600
745,8.647,11.606
746,8.672,11.638
747,8.644,11.625
748,8.639,11.610
749,8.624,11.559
750,8.645,11.593
751,8.646,11.603
752,8.627,11.570
753,8.617,11.559
754,8.620,11.556
755,8.641,11.606
756,8.650,11.584
757,8.676,11.602
758,8.642,11.576
759,8.654,11.597
760,8.680,11.626
761,8.647,11.600
762,8.652,11.600
763,8.636,11.574
764,8.661,11.615
765,8.664,11.613
766,8.650,11.575
767,8.623,11.551
768,8.637,11.584
769,8.645,11.570
770,8.643,11.583
771,8.632,11.551
772,8.656,11.602
773,8.653,11.593
774,8.672,11.606
775,8.682,11.608
776,8.673,11.618
777,8.660,11.570
778,8.682,11.617
779,8.666,11.602
780,8.702,11.659
781,8.658,11.594
782,8.624,11.552
783,8.651,11.608
784,8.668,11.612
785,8.641,11.597
786,8.646,11.614
787,8.573,11.501
788,8.602,11.572
789,8.589,11.549
790,8.567,11.514
791,8.577,11.557
792,8.611,11.598
793,8.582,11.541
794,8.613,11.587
795,8.561,11.523
796,8.597,11.600
797,8.588,11.557
798,8.584,11.575
799,8.583,11.566
800,8.562,11.524
801,8.606,11.623
802,8.589,11.601
803,8.595,11.597
804,8.590,11.597
805,8.577,11.571
806,8.586,11.569
807,8.592,11.615
808,8.586,11.581
809,8.605,11.622
810,8.637,11.659
811,8.610,11.624
812,8.668,11.707
813,8.633,11.655
814,8.666,11.690
815,8.661,11.698
816,8.670,11.706
817,8.675,11.707
818,8.682,11.741
819,8.663,11.693
820,8.697,11.759
821,8.694,11.740
822,8.697,11.757
823,8.737,11.811
824,8.722,11.796
825,8.723,11.800
826,8.705,11.752
827,8.704,11.737
828,8.693,11.726
829,8.707,11.754
830,8.745,11.810
831,8.730,11.793
832,8.725,11.767
833,8.733,11.789
834,8.755,11.825
835,8.743,11.801
836,8.753,11.824
837,8.728,11.798
838,8.728,11.773
839,8.735,11.796
840,8.733,11.792
841,8.736,11.825
842,8.755,11.849
843,8.756,11.825
844,8.758,11.868
845,8.772,11.862
846,8.788,11.891
847,8.786,11.881
848,8.781,11.892
849,8.779,11.892
850,8.791,11.901
851,8.817,11.936
852,8.802,11.923
853,8.820,11.943
854,8.807,11.899
855,8.779,11.868
856,8.777,11.900
857,8.768,11.887
858,8.740,11.858
859,8.758,11.887
860,8.760,11.902
861,8.735,11.877
862,8.723,11.863
863,8.707,11.832
864,8.702,11.817
865,8.718,11.869
866,8.695,11.826
867,8.680,11.841
868,8.680,11.833
869,8.642,11.793
870,8.663,11.809
871,8.663,11.835
872,8.660,11.808
873,8.631,11.751
874,8.634,11.760
875,8.687,11.859
876,8.647,11.786
877,8.635,11.781
878,8.640,11.798
879,8.635,11.770
880,8.641,11.801
881,8.646,11.815
882,8.624,11.781
883,8.651,11.815
884,8.654,11.803
885,8.659,11.809
886,8.636,11.776
887,8.655,11.808
888,8.666,11.832
889,8.663,11.836
890,8.687,11.831
891,8.652,11.808
892,8.668,11.832
893,8.694,11.845
894,8.664,11.806
895,8.682,11.823
896,8.703,11.850
897,8.692,11.814
898,8.722,11.862
899,8.715,11.835
900,8.731,11.845
901,8.715,11.822
902,8.754,11.891
903,8.784,11.921
904,8.791,11.917
905,8.764,11.865
906,8.793,11.921
907,8.819,11.939
908,8.844,11.987
909,8.839,11.967
910,8.870,11.997
911,8.851,11.944
912,8.862,11.988
913,8.891,11.997
914,8.912,12.030
915,8.892,12.013
916,8.951,12.074
917,8.943,12.076
918,8.933,12.019
919,8.976,12.099
920,8.967,12.077
921,8.974,12.073
922,8.977,12.076
923,8.981,12.075
924,9.022,12.110
925,9.000,12.098
926,9.005,12.080
927,9.003,12.089
928,8.994,12.093
929,9.001,12.124
930,9.001,12.126
931,9.034,12.183
932,9.021,12.170
933,9.010,12.164
934,8.987,12.116
935,9.018,12.183
936,9.030,12.204
937,9.032,12.198
938,9.033,12.212
939,9.039,12.246
940,9.008,12.212
941,9.021,12.225
942,9.023,12.242
943,9.023,12.241
944,9.004,12.204
945,8.991,12.202
946,8.969,12.182
947,9.002,12.241
948,8.975,12.208
949,8.984,12.229
950,8.997,12.276
951,9.022,12.313
952,9.030,12.348
953,9.002,12.326
954,8.992,12.306
955,8.994,12.321
956,8.975,12.335
957,8.964,12.325
958,8.937,12.309
959,8.984,12.378
960,8.929,12.317
961,8.936,12.361
962,8.914,12.331
963,8.915,12.348
964,8.900,12.365
965,8.898,12.378
966,8.900,12.413
967,8.881,12.430
968,8.877,12.436
969,8.884,12.448
970,8.845,12.422
971,8.905,12.468
972,8.935,12.473
973,8.907,12.451
974,8.920,12.479
975,8.929,12.489
976,8.921,12.502
977,8.914,12.491
978,8.888,12.484
979,8.927,12.559
980,8.927,12.557
981,8.913,12.541
982,8.944,12.606
983,8.943,12.552
984,8.917,12.560
985,8.953,12.630
986,8.921,12.557
987,8.927,12.578
988,8.905,12.522
989,8.900,12.531
990,8.869,12.460
991,8.865,12.465
992,8.888,12.504
993,8.864,12.459
994,8.863,12.457
995,8.859,12.454
996,8.835,12.393
997,8.814,12.359
998,8.841,12.381
999,8.834,12.342
1000,8.802,12.294
1001,8.829,12.304
1002,8.818,12.304
1003,8.828,12.316
1004,8.830,12.299
1005,8.823,12.302
1006,8.812,12.267
1007,8.837,12.318
1008,8.815,12.284
1009,8.806,12.283
1010,8.905,12.374
1011,8.919,12.377
1012,8.913,12.359
1013,8.912,12.358
1014,8.890,12.311
1015,8.876,12.275
1016,8.868,12.257
1017,8.863,12.244
1018,8.861,12.236
1019,8.885,12.266
1020,8.894,12.291
1021,8.871,12.270
1022,8.880,12.258
1023,8.881,12.266
1024,8.878,12.230
1025,8.885,12.252
1026,8.884,12.245
1027,8.962,12.262
1028,8.985,12.259
1029,9.026,12.320
1030,9.046,12.314
1031,8.848,12.107
1032,8.865,12.111
1033,8.884,12.130
1034,8.904,12.164
1035,8.927,12.175
1036,8.918,12.138
1037,8.913,12.106
1038,8.941,12.129
1039,8.961,12.138
1040,8.943,12.105
1041,9.003,12.165
1042,9.034,12.151
1043,9.050,12.159
1044,9.067,12.143
1045,9.078,12.162
1046,9.049,12.056
1047,9.020,11.963
1048,9.038,11.968
1049,9.029,11.924
1050,9.023,11.886
1051,9.024,11.852
1052,9.014,11.792
1053,9.000,11.748
1054,8.969,11.662
1055,8.966,11.646
1056,9.008,11.690
1057,8.976,11.627
1058,8.971,11.596
1059,8.914,11.516
1060,8.918,11.507
1061,8.895,11.489
1062,8.897,11.496
1063,8.843,11.447
1064,8.814,11.412
1065,8.774,11.377
1066,8.731,11.339
1067,8.688,11.290
1068,8.661,11.264
1069,8.638,11.249
1070,8.603,11.205
1071,8.541,11.136
1072,8.519,11.141
1073,8.525,11.136
1074,8.521,11.120
1075,8.671,11.296
1076,8.806,11.438
1077,8.812,11.440
1078,8.837,11.472
1079,8.797,11.431
1080,8.800,11.430
1081,8.758,11.384
1082,8.748,11.392
1083,8.719,11.362
1084,8.701,11.364
1085,8.684,11.355
1086,8.651,11.342
1087,8.628,11.296
1088,8.593,11.271
1089,8.547,11.218
1090,8.554,11.205
1091,8.493,11.140
1092,8.501,11.170
1093,8.494,11.174
1094,8.484,11.151
1095,8.462,11.117
1096,8.438,11.098
1097,8.406,11.074
1098,8.384,11.049
1099,8.379,11.067
1100,8.200,10.853
1101,8.048,10.689
1102,7.915,10.528
1103,7.871,10.516
1104,7.867,10.524
1105,7.833,10.500
1106,7.849,10.511
1107,7.810,10.476
1108,7.819,10.496
1109,7.838,10.546
1110,7.811,10.503
1111,7.794,10.512
1112,7.831,10.570
1113,7.856,10.610
1114,7.850,10.610
1115,7.854,10.607
1116,7.763,10.555
1117,7.722,10.518
1118,7.615,10.400
1119,7.632,10.433
1120,7.621,10.441
1121,7.616,10.472
1122,7.585,10.450
1123,7.584,10.476
1124,7.701,10.604
1125,7.752,10.718
1126,7.753,10.725
1127,7.778,10.814
1128,7.833,10.926
1129,7.865,10.993
1130,7.884,11.035
1131,7.924,11.110
1132,7.906,11.061
1133,8.089,11.274
1134,8.066,11.207
1135,8.107,11.271
1136,8.113,11.261
1137,8.126,11.272
1138,8.101,11.222
1139,8.098,11.218
1140,8.091,11.224
1141,8.035,11.162
1142,8.171,11.394
1143,8.061,11.180
1144,8.153,11.358
1145,8.105,11.289
1146,8.263,11.419
1147,8.216,11.352
1148,8.179,11.329
1149,8.224,11.384
1150,8.224,11.351
1151,8.209,11.284
1152,8.180,11.242
1153,8.206,11.295
1154,8.214,11.275
1155,8.225,11.251
1156,8.191,11.165
1157,8.240,11.229
1158,8.331,11.337
1159,8.357,11.331
1160,8.323,11.236
1161,8.324,11.188
1162,8.402,11.258
1163,8.273,11.120
1164,8.258,11.063
1165,8.329,11.112
1166,8.287,11.044
1167,8.250,10.962
1168,8.242,10.946
1169,8.194,10.842
1170,8.163,10.789
1171,8.125,10.711
1172,8.101,10.675
1173,8.058,10.602
1174,8.001,10.510
1175,7.907,10.382
1176,7.783,10.236
1177,7.778,10.235
1178,7.783,10.256
1179,7.768,10.255
1180,7.741,10.229
1181,7.716,10.194
1182,7.712,10.205
1183,7.709,10.210
1184,7.762,10.309
1185,7.782,10.325
1186,7.841,10.407
1187,7.851,10.421
1188,8.103,10.683
1189,8.173,10.769
1190,8.205,10.826
1191,8.241,10.893
1192,8.254,10.914
1193,8.256,10.935
1194,8.237,10.909
1195,8.294,10.972
1196,8.280,10.941
1197,8.248,10.904
1198,8.197,10.857
1199,8.201,10.854
1200,8.211,10.873
1201,8.240,10.896
1202,8.213,10.828
1203,8.261,10.863
1204,8.308,10.901
1205,8.284,10.883
1206,8.230,10.805
1207,8.077,10.646
1208,7.967,10.505
1209,7.976,10.527
1210,7.914,10.460
1211,7.831,10.358
1212,7.802,10.346
1213,7.794,10.344
1214,7.845,10.404
1215,7.824,10.372
1216,7.847,10.380
1217,7.816,10.329
1218,7.813,10.312
1219,7.827,10.287
1220,8.027,10.511
1221,8.041,10.507
1222,8.020,10.470
1223,8.024,10.472
1224,7.995,10.438
1225,7.991,10.443
1226,7.987,10.431
1227,7.962,10.409
1228,7.932,10.370
1229,7.888,10.335
1230,7.885,10.359
1231,7.756,10.218
1232,7.731,10.205
1233,7.640,10.098
1234,7.612,10.078
1235,7.543,10.021
1236,7.497,9.998
1237,7.458,9.944
1238,7.384,9.865
1239,7.355,9.884
1240,7.278,9.819
1241,7.236,9.798
1242,7.230,9.800
1243,7.182,9.774
1244,7.126,9.726
1245,7.102,9.719
1246,7.088,9.735
1247,7.136,9.782
1248,7.159,9.817
1249,7.190,9.883
1250,7.265,9.952
1251,7.277,9.991
1252,7.275,10.000
1253,7.344,10.103
1254,7.305,10.069
1255,7.274,10.070
1256,7.330,10.140
1257,7.323,10.206
1258,7.315,10.254
1259,7.398,10.385
1260,7.467,10.509
1261,7.505,10.589
1262,7.563,10.635
1263,7.598,10.660
1264,7.626,10.675
1265,7.615,10.690
1266,7.598,10.630
1267,7.644,10.655
1268,7.714,10.709
1269,7.755,10.704
1270,7.805,10.732
1271,7.841,10.690
1272,7.944,10.930
1273,7.853,10.763
1274,7.725,10.665
1275,7.732,10.708
1276,7.755,10.775
1277,7.821,10.825
1278,7.881,10.943
1279,7.878,10.979
1280,7.929,11.056
1281,7.984,11.136
1282,7.987,11.097
1283,7.914,11.027
1284,7.772,10.527
1285,7.849,10.602
1286,7.809,10.551
1287,7.822,10.554
1288,7.795,10.499
1289,7.716,10.471
1290,7.680,10.458
1291,7.729,10.603
1292,7.869,10.840
1293,7.910,10.915
1294,7.924,10.919
1295,7.968,10.961
1296,8.000,11.006
1297,8.005,10.991
1298,8.042,11.038
1299,7.972,10.900
1300,7.858,10.626
1301,8.094,11.146
1302,8.337,11.757
1303,8.301,11.697
1304,8.358,11.729
1305,8.395,11.779
1306,8.427,11.805
1307,8.394,11.758
1308,8.442,11.798
1309,8.481,11.825
1310,8.508,11.848
1311,8.538,11.865
1312,8.551,11.859
1313,8.533,11.847
1314,8.540,11.822
1315,8.568,11.834
1316,8.577,11.846
1317,8.593,11.818
1318,8.591,11.826
1319,8.634,11.886
1320,8.612,11.831
1321,8.641,11.847
1322,8.650,11.873
1323,8.644,11.851
1324,8.634,11.848
1325,8.624,11.807
1326,8.623,11.827
1327,8.608,11.835
1328,8.605,11.810
1329,8.631,11.838
1330,8.591,11.764
1331,8.590,11.758
1332,8.556,11.715
1333,8.580,11.770
1334,8.590,11.749
1335,8.547,11.705
1336,8.546,11.690
1337,8.554,11.683
1338,8.518,11.634
1339,8.554,11.674
1340,8.517,11.630
1341,8.516,11.618
1342,8.498,11.585
1343,8.470,11.545
1344,8.451,11.511
1345,8.468,11.519
1346,8.454,11.495
1347,8.453,11.507
1348,8.436,11.476
1349,8.492,11.572
1350,8.504,11.587
1351,8.487,11.568
1352,8.515,11.617
1353,8.498,11.611
1354,8.541,11.666
1355,8.546,11.653
1356,8.550,11.668
1357,8.545,11.683
1358,8.598,11.735
1359,8.607,11.765
1360,8.618,11.790
1361,8.664,11.859
1362,8.707,11.925
1363,8.743,11.972
1364,8.766,12.002
1365,8.794,12.035
1366,8.827,12.105
1367,8.864,12.140
1368,8.868,12.120
1369,8.835,12.059
1370,8.849,12.078
1371,8.861,12.081
1372,8.836,12.045
1373,8.857,12.062
1374,8.868,12.067
1375,8.880,12.140
1376,8.898,12.132
1377,8.914,12.125
1378,8.919,12.134
1379,8.962,12.246
1380,8.915,12.188
1381,8.912,12.148
1382,9.002,12.317
1383,9.008,12.306
1384,8.948,12.233
1385,8.991,12.323
1386,8.996,12.330
1387,8.983,12.277
1388,8.968,12.242
1389,8.929,12.200
1390,8.951,12.215
1391,8.955,12.235
1392,8.963,12.246
1393,8.955,12.234
1394,8.969,12.243
1395,8.932,12.207
1396,8.900,12.148
1397,8.869,12.128
1398,8.843,12.081
1399,8.804,12.034
1400,8.754,11.978
1401,8.768,12.009
1402,8.821,12.084
1403,8.844,12.142
1404,8.805,12.066
1405,8.813,12.055
1406,8.751,11.967
1407,8.750,11.971
1408,8.725,11.904
1409,8.708,11.861
1410,8.691,11.849
1411,8.703,11.833
1412,8.676,11.764
1413,8.663,11.732
1414,8.689,11.723
1415,8.666,11.668
1416,8.671,11.633
1417,8.666,11.599
1418,8.688,11.586
1419,8.694,11.567
1420,8.646,11.440
1421,8.621,11.350
1422,8.595,11.269
1423,8.550,11.192
1424,8.472,11.027
1425,8.406,10.906
1426,8.361,10.842
1427,8.321,10.797
1428,8.307,10.781
1429,8.307,10.775
1430,8.277,10.751
1431,8.257,10.722
1432,8.250,10.707
1433,8.222,10.678
1434,8.181,10.633
1435,8.236,10.687
1436,8.326,10.762
1437,8.388,10.848
1438,8.385,10.861
1439,8.380,10.862
1440,8.309,10.772
1441,8.320,10.781
1442,8.284,10.755
1443,8.277,10.758
1444,8.202,10.672
1445,8.186,10.666
1446,8.143,10.615
1447,8.145,10.636
1448,8.122,10.599
1449,8.104,10.591
1450,8.078,10.573
1451,8.011,10.490
1452,8.017,10.506
1453,7.950,10.421
1454,7.929,10.414
1455,7.927,10.431
1456,7.890,10.362
1457,7.862,10.368
1458,7.872,10.367
1459,7.848,10.376
1460,7.825,10.362
1461,7.826,10.374
1462,7.766,10.305
1463,7.741,10.276
1464,7.738,10.292
1465,7.757,10.339
1466,7.761,10.342
1467,7.747,10.333
1468,7.755,10.338
1469,7.752,10.349
1470,7.743,10.331
1471,7.761,10.352
1472,7.754,10.348
1473,7.750,10.330
1474,7.731,10.305
1475,7.693,10.271
1476,7.627,10.186
1477,7.618,10.188
1478,7.553,10.115
1479,7.527,10.094
1480,7.497,10.072
1481,7.475,10.059
1482,7.467,10.044
1483,7.481,10.089
1484,7.435,10.040
1485,7.453,10.064
1486,7.428,10.029
1487,7.434,10.042
1488,7.411,10.018
1489,7.380,9.989
1490,7.352,9.967
1491,7.316,9.939
1492,7.283,9.903
1493,7.245,9.845
1494,7.221,9.830
1495,7.207,9.803
1496,7.160,9.761
1497,7.123,9.716
1498,7.098,9.683
1499,7.105,9.693
1500,7.099,9.695
1501,7.052,9.654
1502,7.164,9.747
1503,7.173,9.760
1504,7.220,9.799
1505,7.204,9.809
1506,7.208,9.800
1507,7.230,9.835
1508,7.234,9.834
1509,7.248,9.841
1510,7.281,9.911
1511,7.309,9.931
1512,7.361,10.003
1513,7.375,10.039
1514,7.391,10.069
1515,7.385,10.082
1516,7.228,9.937
1517,7.201,9.866
1518,7.098,9.756
1519,7.072,9.758
1520,7.160,9.816
1521,7.211,9.868
1522,7.249,9.895
1523,7.197,9.873
1524,7.178,9.839
1525,7.173,9.809
1526,7.127,9.760
1527,7.126,9.771
1528,7.110,9.730
1529,7.109,9.715
1530,7.095,9.704
1531,7.173,9.808
1532,7.175,9.790
1533,7.268,9.880
1534,7.357,9.979
1535,7.519,10.114
1536,7.617,10.182
1537,7.675,10.241
1538,7.716,10.266
1539,7.786,10.333
1540,7.830,10.363
1541,7.736,10.281
1542,7.783,10.316
1543,7.828,10.369
1544,7.844,10.378
1545,7.820,10.350
1546,7.822,10.357
1547,7.774,10.330
1548,7.774,10.336
1549,7.761,10.326
1550,7.723,10.298
1551,7.711,10.302
1552,7.724,10.332
1553,7.744,10.365
1554,7.764,10.379
1555,7.783,10.407
1556,7.791,10.415
1557,7.817,10.437
1558,7.828,10.444
1559,7.872,10.495
1560,7.875,10.496
1561,7.904,10.531
1562,7.907,10.543
1563,7.967,10.621
1564,7.973,10.631
1565,8.063,10.729
1566,8.084,10.737
1567,8.128,10.793
1568,8.142,10.762
1569,8.183,10.821
1570,8.196,10.831
1571,8.261,10.905
1572,8.281,10.925
1573,8.301,10.936
1574,8.354,10.992
1575,8.347,10.979
1576,8.440,11.083
1577,8.461,11.074
1578,8.491,11.092
1579,8.543,11.137
1580,8.573,11.150
1581,8.633,11.208
1582,8.679,11.246
1583,8.659,11.197
1584,8.723,11.262
1585,8.745,11.270
1586,8.805,11.323
1587,8.852,11.376
1588,8.882,11.407
1589,8.934,11.473
1590,8.955,11.496
1591,8.957,11.520
1592,9.021,11.622
1593,8.983,11.558
1594,8.967,11.550
1595,9.000,11.617
1596,8.974,11.585
1597,8.944,11.565
1598,8.932,11.581
1599,8.894,11.521
1600,8.832,11.456
1601,8.818,11.429
1602,8.774,11.388
1603,8.743,11.338
1604,8.728,11.309
1605,8.709,11.259
1606,8.654,11.200
1607,8.583,11.107
1608,8.503,11.026
1609,8.462,10.953
1610,8.430,10.908
1611,8.387,10.864
1612,8.370,10.844
1613,8.312,10.768
1614,8.271,10.726
1615,8.296,10.775
1616,8.241,10.694
1617,8.249,10.710
1618,8.181,10.649
1619,8.146,10.629
1620,8.121,10.607
1621,8.099,10.622
1622,8.077,10.570
1623,8.120,10.599
1624,8.168,10.669
1625,8.174,10.668
1626,8.154,10.635
1627,8.171,10.656
1628,8.121,10.587
1629,8.084,10.559
1630,8.032,10.514
1631,7.876,10.324
1632,7.834,10.304
1633,7.764,10.233
1634,7.707,10.173
1635,7.672,10.140
1636,7.672,10.154
1637,7.657,10.145
1638,7.658,10.143
1639,7.660,10.136
1640,7.636,10.114
1641,7.636,10.114
1642,7.647,10.140
1643,7.626,10.123
1644,7.626,10.124
1645,7.599,10.084
1646,7.565,10.046
1647,7.515,10.013
1648,7.494,9.982
1649,7.464,9.948
1650,7.443,9.939
1651,7.438,9.952
1652,7.429,9.942
1653,7.417,9.937
1654,7.423,9.937
1655,7.384,9.885
1656,7.397,9.903
1657,7.376,9.888
1658,7.359,9.865
1659,7.373,9.887
1660,7.372,9.881
1661,7.364,9.860
1662,7.319,9.796
1663,7.330,9.807
1664,7.313,9.768
1665,7.308,9.773
1666,7.303,9.766
1667,7.275,9.718
1668,7.266,9.722
1669,7.259,9.705
1670,7.246,9.682
1671,7.250,9.682
1672,7.277,9.721
1673,7.216,9.642
1674,7.241,9.685
1675,7.211,9.635
1676,7.239,9.679
1677,7.242,9.685
1678,7.224,9.665
1679,7.202,9.637
1680,7.172,9.611
1681,7.120,9.549
1682,7.059,9.485
1683,7.054,9.519
1684,6.993,9.490
1685,6.938,9.404
1686,6.967,9.418
1687,6.983,9.424
1688,7.208,9.643
1689,7.263,9.694
1690,7.257,9.669
1691,7.204,9.618
1692,7.201,9.644
1693,7.201,9.637
1694,7.212,9.658
1695,7.227,9.681
1696,7.218,9.660
1697,7.228,9.672
1698,7.250,9.709
1699,7.289,9.761
1700,7.282,9.747
1701,7.299,9.763
1702,7.313,9.798
1703,7.268,9.766
1704,7.259,9.761
1705,7.264,9.773
1706,7.250,9.763
1707,7.211,9.720
1708,7.196,9.700
1709,7.221,9.750
1710,7.263,9.804
1711,7.309,9.870
1712,7.525,10.047
1713,7.613,10.144
1714,7.692,10.227
1715,7.648,10.170
1716,7.681,10.219
1717,7.689,10.224
1718,7.712,10.254
1719,7.714,10.259
1720,7.744,10.293
1721,7.707,10.244
1722,7.745,10.282
1723,7.804,10.361
1724,7.821,10.379
1725,7.907,10.464
1726,7.991,10.558
1727,8.070,10.635
1728,8.193,10.773
1729,8.272,10.836
1730,8.381,10.935
1731,8.454,10.980
1732,8.494,11.027
1733,8.353,10.903
1734,8.382,10.963
1735,8.397,10.969
1736,8.420,11.028
