0,21.794,21.752
1,21.792,21.755
2,21.801,21.758
3,21.826,21.813
4,21.709,21.691
5,21.685,21.651
6,21.702,21.665
7,21.690,21.671
8,21.627,21.606
9,21.574,21.566
10,21.576,21.565
11,21.427,21.417
12,21.372,21.362
13,21.332,21.312
14,21.321,21.293
15,21.357,21.356
16,21.381,21.394
17,21.201,21.193
18,21.089,21.077
19,21.277,21.281
20,21.193,21.211
21,21.226,21.228
22,21.186,21.172
23,21.146,21.146
24,21.195,21.200
25,21.163,21.164
26,21.081,21.080
27,21.049,21.041
28,21.090,21.087
29,21.173,21.183
30,21.175,21.184
31,21.212,21.225
32,21.153,21.164
33,21.168,21.152
34,21.076,21.083
35,21.006,21.003
36,20.959,20.971
37,20.893,20.909
38,20.826,20.837
39,20.781,20.792
40,20.798,20.819
41,20.637,20.642
42,20.663,20.680
43,20.601,20.606
44,20.566,20.578
45,20.577,20.607
46,20.590,20.612
47,20.448,20.459
48,20.482,20.500
49,20.458,20.498
50,20.417,20.443
51,20.306,20.342
52,20.254,20.277
53,20.288,20.335
54,20.173,20.197
55,20.168,20.204
56,20.201,20.235
57,20.185,20.237
58,20.139,20.201
59,20.154,20.222
60,20.085,20.146
61,20.053,20.095
62,20.071,20.111
63,20.037,20.095
64,20.139,20.190
65,20.168,20.234
66,20.177,20.246
67,20.113,20.174
68,20.144,20.202
69,20.171,20.228
70,20.238,20.290
71,20.294,20.368
72,20.264,20.325
73,20.307,20.369
74,20.393,20.443
75,20.461,20.508
76,20.551,20.607
77,20.509,20.566
78,20.597,20.652
79,20.575,20.615
80,20.601,20.666
81,20.583,20.623
82,20.577,20.625
83,20.634,20.692
84,20.578,20.634
85,20.614,20.672
86,20.579,20.648
87,20.580,20.637
88,20.677,20.725
89,20.575,20.630
90,20.539,20.583
91,20.457,20.503
92,20.415,20.464
93,20.367,20.433
94,20.240,20.287
95,20.546,20.580
96,20.819,20.844
97,20.415,20.445
98,20.201,20.253
99,20.220,20.281
100,20.094,20.162
101,20.029,20.078
102,20.083,20.151
103,19.951,19.991
104,19.884,19.922
105,19.892,19.937
106,19.811,19.850
107,19.741,19.785
108,19.699,19.743
109,19.642,19.679
110,19.590,19.625
111,19.514,19.541
112,19.479,19.500
113,19.436,19.471
114,19.399,19.436
115,19.417,19.452
116,19.407,19.437
117,19.417,19.456
118,19.409,19.444
119,19.432,19.458
120,19.450,19.490
121,19.463,19.497
122,19.522,19.567
123,19.526,19.559
124,19.491,19.524
125,19.568,19.615
126,19.574,19.621
127,19.569,19.613
128,19.495,19.545
129,19.615,19.660
130,19.659,19.701
131,19.746,19.807
132,19.866,19.945
133,19.859,19.926
134,19.902,19.964
135,19.904,19.963
136,19.869,19.928
137,19.893,19.925
138,19.836,19.875
139,19.886,19.960
140,19.807,19.873
141,19.854,19.910
142,19.867,19.935
143,19.974,20.030
144,19.970,20.034
145,20.044,20.128
146,20.209,20.290
147,20.178,20.246
148,20.114,20.171
149,20.112,20.179
150,20.087,20.144
151,20.086,20.150
152,20.164,20.224
153,20.170,20.218
154,20.223,20.265
155,20.188,20.250
156,20.257,20.315
157,20.420,20.496
158,20.442,20.520
159,20.455,20.545
160,20.373,20.441
161,20.482,20.543
162,20.512,20.573
163,20.513,20.577
164,20.567,20.630
165,20.685,20.757
166,20.557,20.608
167,20.663,20.717
168,20.780,20.836
169,20.734,20.778
170,20.822,20.870
171,20.850,20.891
172,20.913,20.959
173,20.944,20.994
174,20.896,20.931
175,21.073,21.120
176,21.098,21.143
177,21.015,21.056
178,21.155,21.204
179,21.075,21.111
180,21.151,21.186
181,21.101,21.129
182,21.241,21.286
183,21.173,21.206
184,21.322,21.363
185,21.379,21.432
186,21.247,21.288
187,21.244,21.283
188,21.176,21.192
189,21.295,21.338
190,21.175,21.210
191,21.227,21.238
192,21.327,21.352
193,21.117,21.127
194,21.170,21.190
195,21.164,21.185
196,21.172,21.207
197,21.029,21.052
198,21.098,21.132
199,21.084,21.118
200,21.119,21.167
201,21.071,21.100
202,21.120,21.146
203,21.054,21.068
204,21.020,21.045
205,20.982,21.011
206,20.935,20.942
207,20.917,20.937
208,20.866,20.882
209,20.890,20.925
210,20.780,20.792
211,20.760,20.778
212,20.823,20.845
213,20.853,20.878
214,20.730,20.737
215,20.684,20.688
216,20.704,20.724
217,20.808,20.860
218,20.707,20.745
219,20.661,20.699
220,20.723,20.742
221,20.702,20.740
222,20.682,20.718
223,20.617,20.637
224,20.687,20.714
225,20.679,20.713
226,20.684,20.708
227,20.723,20.753
228,20.627,20.642
229,20.592,20.605
230,20.697,20.732
231,20.698,20.720
232,20.694,20.708
233,20.602,20.623
234,20.644,20.657
235,20.625,20.643
236,20.554,20.577
237,20.609,20.632
238,20.562,20.582
239,20.533,20.549
240,20.517,20.538
241,20.514,20.526
242,20.537,20.548
243,20.480,20.496
244,20.598,20.611
245,20.535,20.548
246,20.503,20.522
247,20.519,20.533
248,20.430,20.445
249,20.535,20.561
250,20.348,20.362
251,20.311,20.319
252,20.313,20.318
253,20.224,20.249
254,20.169,20.194
255,20.142,20.170
256,20.191,20.211
257,20.155,20.175
258,20.207,20.238
259,20.059,20.075
260,20.083,20.108
261,19.968,19.978
262,19.885,19.903
263,19.909,19.944
264,19.807,19.836
265,19.791,19.821
266,19.656,19.668
267,19.664,19.683
268,19.609,19.620
269,19.606,19.634
270,19.470,19.489
271,19.557,19.587
272,19.642,19.674
273,19.694,19.694
274,19.669,19.695
275,19.545,19.559
276,19.593,19.621
277,19.504,19.528
278,19.475,19.491
279,19.448,19.470
280,19.402,19.429
281,19.272,19.285
282,19.293,19.319
283,19.419,19.437
284,19.521,19.532
285,19.490,19.511
286,19.416,19.425
287,19.491,19.513
288,19.554,19.559
289,19.591,19.597
290,19.675,19.678
291,19.819,19.842
292,19.869,19.883
293,19.849,19.851
294,19.889,19.904
295,19.771,19.779
296,19.839,19.863
297,19.823,19.832
298,19.861,19.878
299,19.825,19.829
300,19.786,19.785
301,19.755,19.767
302,19.801,19.803
303,19.801,19.802
304,19.800,19.776
305,19.910,19.901
306,19.964,19.966
307,19.837,19.827
308,19.987,19.993
309,20.019,20.017
310,19.862,19.853
311,19.953,19.946
312,19.935,19.929
313,19.919,19.902
314,20.070,20.066
315,19.999,19.989
316,19.904,19.883
317,19.996,19.985
318,19.983,19.948
319,20.007,19.989
320,19.927,19.904
321,19.913,19.883
322,19.940,19.910
323,20.021,20.003
324,19.939,19.903
325,20.056,20.031
326,19.959,19.925
327,20.058,20.022
328,20.036,19.982
329,20.078,20.037
330,20.140,20.099
331,20.010,19.956
332,20.120,20.083
333,20.101,20.053
334,20.098,20.033
335,20.153,20.085
336,20.236,20.171
337,20.163,20.095
338,20.221,20.162
339,20.189,20.116
340,20.255,20.198
341,20.238,20.179
342,20.130,20.052
343,20.218,20.146
344,20.172,20.105
345,20.106,20.047
346,19.977,19.895
347,20.072,19.999
348,20.111,20.043
349,20.051,19.965
350,20.072,19.991
351,19.980,19.883
352,20.021,19.936
353,19.943,19.853
354,19.955,19.853
355,19.930,19.825
356,19.967,19.872
357,19.894,19.800
358,19.904,19.810
359,19.791,19.693
360,19.925,19.846
361,19.911,19.824
362,19.825,19.718
363,19.909,19.813
364,19.900,19.788
365,19.878,19.776
366,19.818,19.709
367,19.768,19.654
368,19.716,19.594
369,19.736,19.615
370,19.786,19.667
371,19.934,19.839
372,19.815,19.725
373,19.845,19.759
374,19.753,19.651
375,19.757,19.667
376,19.686,19.585
377,19.803,19.710
378,19.726,19.629
379,19.831,19.743
380,19.709,19.615
381,19.848,19.770
382,19.753,19.654
383,19.935,19.845
384,19.952,19.882
385,19.778,19.680
386,19.915,19.833
387,19.830,19.730
388,19.890,19.798
389,19.944,19.862
390,19.794,19.693
391,19.871,19.782
392,19.880,19.798
393,19.809,19.713
394,19.785,19.693
395,19.623,19.516
396,19.731,19.644
397,19.716,19.617
398,19.779,19.680
399,19.838,19.744
400,19.760,19.656
401,19.863,19.763
402,19.784,19.668
403,19.856,19.749
404,19.859,19.750
405,19.995,19.902
406,19.932,19.833
407,19.905,19.794
408,19.994,19.904
409,20.011,19.916
410,20.022,19.923
411,20.043,19.948
412,19.849,19.741
413,19.980,19.883
414,20.025,19.944
415,19.940,19.847
416,19.949,19.862
417,19.988,19.901
418,19.853,19.755
419,19.831,19.725
420,19.768,19.649
421,19.829,19.721
422,19.908,19.801
423,19.976,19.859
424,19.927,19.803
425,20.012,19.892
426,20.050,19.939
427,19.946,19.832
428,19.988,19.871
429,20.017,19.894
430,19.989,19.861
431,20.120,19.975
432,20.054,19.913
433,20.241,20.108
434,20.188,20.060
435,20.316,20.206
436,20.184,20.046
437,20.224,20.102
438,20.106,19.974
439,20.072,19.941
440,20.084,19.958
441,20.122,19.997
442,20.179,20.074
443,20.142,20.023
444,20.156,20.034
445,20.153,20.038
446,20.213,20.091
447,20.295,20.195
448,20.239,20.135
449,20.107,20.006
450,20.091,19.985
451,20.147,20.039
452,20.115,20.014
453,20.123,20.021
454,20.114,20.020
455,20.124,20.045
456,20.112,20.020
457,20.179,20.096
458,20.194,20.106
459,20.207,20.116
460,20.257,20.167
461,20.208,20.116
462,20.241,20.149
463,20.304,20.209
464,20.280,20.195
465,20.253,20.180
466,20.352,20.272
467,20.315,20.231
468,20.365,20.262
469,20.535,20.442
470,20.656,20.552
471,20.775,20.674
472,20.756,20.652
473,20.872,20.768
474,20.977,20.873
475,21.138,21.025
476,21.283,21.165
477,21.369,21.245
478,21.418,21.306
479,21.545,21.422
480,21.613,21.493
481,21.682,21.565
482,21.714,21.588
483,21.708,21.569
484,21.802,21.654
485,21.774,21.623
486,21.737,21.575
487,21.766,21.611
488,21.815,21.650
489,21.892,21.712
490,21.928,21.738
491,21.953,21.758
492,21.943,21.754
493,21.958,21.783
494,21.922,21.750
495,21.916,21.737
496,21.862,21.677
497,21.698,21.529
498,21.614,21.453
499,21.452,21.293
500,21.412,21.248
501,21.363,21.217
502,21.401,21.268
503,21.342,21.216
504,21.298,21.172
505,21.185,21.074
506,21.195,21.079
507,21.183,21.056
508,21.220,21.101
509,21.168,21.052
510,21.109,20.992
511,21.005,20.905
512,20.966,20.874
513,20.908,20.828
514,20.823,20.732
515,20.739,20.662
516,20.677,20.612
517,20.529,20.481
518,20.465,20.423
519,20.452,20.405
520,20.494,20.444
521,20.569,20.508
522,20.616,20.575
523,20.615,20.587
524,20.498,20.491
525,20.466,20.485
526,20.487,20.505
527,20.532,20.542
528,20.488,20.504
529,20.629,20.656
530,20.688,20.714
531,20.652,20.689
532,20.668,20.712
533,20.720,20.756
534,20.676,20.719
535,20.840,20.884
536,20.971,21.013
537,20.959,20.993
538,20.947,20.995
539,20.986,21.033
540,21.002,21.057
541,21.052,21.118
542,21.035,21.117
543,21.102,21.179
544,20.997,21.086
545,20.969,21.060
546,20.949,21.040
547,20.922,21.009
548,20.905,20.990
549,20.894,20.961
550,20.942,21.015
551,20.931,20.997
552,20.893,20.957
553,20.817,20.865
554,20.796,20.869
555,20.780,20.839
556,20.819,20.868
557,20.776,20.819
558,20.745,20.799
559,20.629,20.670
560,20.489,20.509
561,20.415,20.463
562,20.436,20.485
563,20.434,20.483
564,20.468,20.506
565,20.627,20.654
566,20.561,20.600
567,20.454,20.497
568,20.460,20.500
569,20.371,20.420
570,20.302,20.338
571,20.233,20.267
572,20.114,20.151
573,20.194,20.244
574,20.196,20.220
575,20.285,20.311
576,20.190,20.219
577,20.270,20.284
578,20.358,20.370
579,20.419,20.423
580,20.443,20.447
581,20.561,20.562
582,20.686,20.691
583,20.725,20.712
584,20.869,20.851
585,21.081,21.051
586,21.087,21.038
587,21.319,21.271
588,21.462,21.408
589,21.341,21.286
590,21.383,21.340
591,21.476,21.427
592,21.525,21.483
593,21.537,21.492
594,21.656,21.609
595,21.596,21.550
596,21.676,21.628
597,21.760,21.729
598,21.687,21.644
599,21.645,21.611
600,21.611,21.579
601,21.598,21.586
602,21.674,21.667
603,21.703,21.672
604,21.668,21.666
605,21.674,21.667
606,21.743,21.720
607,21.866,21.833
608,21.918,21.894
609,21.940,21.914
610,21.961,21.930
611,21.958,21.948
612,21.923,21.893
613,22.014,21.989
614,22.054,22.051
615,22.083,22.063
616,22.058,22.049
617,22.093,22.100
618,22.158,22.154
619,22.199,22.207
620,22.233,22.244
621,22.238,22.253
622,22.258,22.266
623,22.248,22.284
624,22.255,22.274
625,22.267,22.270
626,22.136,22.141
627,22.227,22.237
628,22.231,22.246
629,22.114,22.125
630,22.309,22.333
631,22.104,22.117
632,22.237,22.258
633,22.189,22.210
634,22.193,22.194
635,22.242,22.274
636,22.288,22.305
637,22.375,22.409
638,22.401,22.434
639,22.405,22.433
640,22.400,22.430
641,22.474,22.501
642,22.400,22.431
643,22.372,22.385
644,22.395,22.434
645,22.361,22.372
646,22.253,22.270
647,22.199,22.222
648,22.173,22.195
649,22.124,22.171
650,22.061,22.091
651,22.068,22.104
652,22.097,22.128
653,22.032,22.062
654,21.990,22.011
655,21.956,21.963
656,22.001,22.030
657,21.915,21.927
658,21.935,21.957
659,21.811,21.830
660,21.763,21.797
661,21.700,21.738
662,21.679,21.693
663,21.566,21.584
664,21.476,21.494
665,21.338,21.351
666,21.263,21.287
667,21.358,21.391
668,21.409,21.426
669,21.382,21.396
670,21.438,21.460
671,21.402,21.414
672,21.523,21.553
673,21.462,21.478
674,21.431,21.461
675,21.237,21.266
676,21.272,21.311
677,21.127,21.163
678,21.101,21.120
679,21.238,21.257
680,21.199,21.238
681,21.038,21.079
682,21.107,21.120
683,21.478,21.515
684,21.320,21.365
685,21.451,21.557
686,21.226,21.267
687,21.192,21.235
688,21.049,21.047
689,21.044,21.054
690,21.171,21.159
691,21.204,21.192
692,21.027,21.009
693,21.023,21.006
694,21.078,21.063
695,21.077,21.058
696,21.006,20.961
697,20.872,20.837
698,20.783,20.750
699,20.579,20.552
700,20.513,20.491
701,20.306,20.278
702,20.290,20.272
703,20.276,20.256
704,20.003,19.956
705,20.013,19.988
706,19.905,19.866
707,19.821,19.791
708,19.682,19.655
709,19.608,19.573
710,19.675,19.636
711,19.625,19.600
712,19.498,19.470
713,19.245,19.240
714,19.213,19.186
715,19.269,19.243
716,19.327,19.308
717,19.375,19.348
718,19.272,19.246
719,19.370,19.339
720,19.407,19.364
721,19.437,19.396
722,19.563,19.516
723,19.644,19.601
724,19.689,19.665
725,19.737,19.706
726,19.812,19.778
727,19.811,19.762
728,19.838,19.791
729,19.882,19.830
730,19.924,19.879
731,20.097,20.056
732,20.103,20.051
733,20.064,20.020
734,20.066,20.012
735,20.089,20.042
736,20.089,20.044
737,20.061,20.018
738,20.097,20.075
739,20.217,20.176
740,20.283,20.240
741,20.175,20.131
742,20.125,20.088
743,20.103,20.040
744,20.078,20.025
745,20.020,19.965
746,20.113,20.056
747,20.028,19.978
748,20.064,20.016
749,20.203,20.150
750,20.180,20.126
751,20.201,20.136
752,20.274,20.225
753,20.313,20.273
754,20.261,20.215
755,20.260,20.209
756,20.315,20.269
757,20.303,20.257
758,20.425,20.360
759,20.559,20.495
760,20.609,20.541
761,20.558,20.499
762,20.575,20.521
763,20.636,20.565
764,20.686,20.623
765,20.819,20.768
766,20.898,20.849
767,20.908,20.861
768,20.950,20.901
769,21.111,21.072
770,21.082,21.041
771,21.128,21.074
772,21.142,21.090
773,21.167,21.100
774,21.199,21.140
775,21.303,21.247
776,21.303,21.237
777,21.353,21.286
778,21.361,21.271
779,21.474,21.404
780,21.488,21.418
781,21.561,21.482
782,21.607,21.522
783,21.633,21.545
784,21.667,21.586
785,21.662,21.571
786,21.584,21.482
787,21.555,21.472
788,21.555,21.470
789,21.466,21.373
790,21.398,21.307
791,21.851,21.737
792,21.810,21.707
793,21.782,21.684
794,21.821,21.717
795,21.857,21.749
796,21.823,21.708
797,21.831,21.728
798,21.888,21.776
799,21.864,21.754
800,21.827,21.712
801,21.849,21.725
802,21.857,21.737
803,21.906,21.782
804,21.968,21.852
805,21.882,21.773
806,22.027,21.916
807,22.041,21.920
808,22.053,21.940
809,22.015,21.905
810,22.000,21.881
811,22.027,21.908
812,21.976,21.852
813,21.905,21.769
814,21.953,21.816
815,21.884,21.758
816,21.930,21.804
817,21.918,21.781
818,21.924,21.780
819,21.865,21.721
820,21.883,21.747
821,21.827,21.700
822,21.770,21.634
823,21.759,21.639
824,21.682,21.579
825,21.634,21.529
826,21.615,21.511
827,21.480,21.383
828,21.393,21.279
829,21.282,21.185
830,21.282,21.186
831,21.218,21.124
832,21.143,21.037
833,21.073,20.987
834,21.036,20.960
835,20.909,20.808
836,20.860,20.783
837,20.875,20.799
838,20.814,20.732
839,20.740,20.650
840,20.660,20.562
841,20.573,20.469
842,20.411,20.335
843,20.414,20.329
844,20.369,20.277
845,20.319,20.242
846,20.408,20.310
847,20.398,20.309
848,20.443,20.357
849,20.452,20.358
850,20.470,20.380
851,20.442,20.368
852,20.443,20.352
853,20.500,20.424
854,20.540,20.453
855,20.599,20.509
856,20.661,20.578
857,20.654,20.600
858,20.656,20.583
859,20.724,20.661
860,20.779,20.730
861,20.753,20.676
862,20.819,20.748
863,20.879,20.817
864,20.965,20.900
865,20.901,20.852
866,20.807,20.755
867,20.821,20.745
868,20.860,20.800
869,20.788,20.717
870,20.874,20.799
871,20.903,20.851
872,20.904,20.847
873,20.937,20.879
874,20.905,20.844
875,20.647,20.588
876,20.833,20.788
877,20.849,20.796
878,20.816,20.770
879,20.822,20.778
880,20.827,20.779
881,20.858,20.813
882,20.763,20.722
883,20.801,20.760
884,20.864,20.816
885,20.831,20.782
886,20.888,20.824
887,20.925,20.882
888,20.933,20.866
889,20.957,20.895
890,20.989,20.935
891,20.978,20.912
892,20.982,20.914
893,21.042,20.984
894,21.040,20.987
895,21.050,20.981
896,21.182,21.116
897,21.255,21.177
898,21.441,21.344
899,21.458,21.362
900,21.417,21.348
901,21.559,21.472
902,21.520,21.423
903,21.501,21.417
904,21.512,21.430
905,21.557,21.477
906,21.492,21.398
907,21.671,21.588
908,21.705,21.628
909,21.579,21.478
910,21.648,21.562
911,21.653,21.556
912,21.555,21.465
913,21.591,21.490
914,21.492,21.389
915,21.522,21.424
916,21.552,21.459
917,21.431,21.334
918,21.441,21.367
919,21.428,21.344
920,21.366,21.270
921,21.438,21.340
922,21.367,21.271
923,21.447,21.360
924,21.351,21.257
925,21.360,21.270
926,21.288,21.173
927,21.417,21.314
928,21.362,21.246
929,21.362,21.258
930,21.404,21.321
931,21.369,21.267
932,21.369,21.275
933,21.274,21.182
934,21.323,21.239
935,21.223,21.120
936,21.096,20.992
937,21.099,20.993
938,21.067,20.969
939,21.097,21.009
940,21.073,20.968
941,21.005,20.904
942,20.960,20.854
943,20.833,20.699
944,20.851,20.737
945,20.786,20.661
946,20.954,20.863
947,20.724,20.616
948,20.619,20.503
949,20.698,20.596
950,20.717,20.612
951,20.635,20.526
952,20.797,20.709
953,20.624,20.513
954,20.495,20.403
955,20.441,20.337
956,20.647,20.560
957,20.431,20.339
958,20.499,20.403
959,20.550,20.467
960,20.385,20.290
961,20.516,20.437
962,20.526,20.423
963,20.842,20.749
964,20.511,20.404
965,20.601,20.493
966,20.541,20.431
967,20.627,20.528
968,20.696,20.609
969,20.546,20.433
970,20.598,20.497
971,20.714,20.616
972,20.819,20.734
973,20.730,20.623
974,20.853,20.740
975,20.951,20.863
976,20.885,20.781
977,21.001,20.915
978,20.987,20.903
979,21.003,20.924
980,20.925,20.825
981,21.045,20.943
982,21.099,21.013
983,21.138,21.035
984,20.976,20.885
985,21.106,21.032
986,21.197,21.116
987,21.167,21.095
988,21.127,21.044
989,21.040,20.967
990,21.006,20.927
991,21.037,20.961
992,20.974,20.874
993,21.061,20.977
994,21.052,20.971
995,21.104,21.027
996,21.071,20.984
997,21.142,21.068
998,21.154,21.070
999,21.195,21.128
1000,21.271,21.187
1001,21.373,21.295
1002,21.433,21.362
1003,21.496,21.423
1004,21.473,21.403
1005,21.449,21.383
1006,21.163,21.072
1007,21.390,21.304
1008,21.470,21.390
1009,21.566,21.507
1010,21.621,21.547
1011,21.557,21.484
1012,21.571,21.511
1013,21.543,21.472
1014,21.621,21.549
1015,21.515,21.439
1016,21.460,21.404
1017,21.333,21.262
1018,21.287,21.214
1019,21.312,21.256
1020,21.218,21.152
1021,21.230,21.167
1022,21.077,21.010
1023,21.136,21.089
1024,21.120,21.056
1025,21.114,21.071
1026,21.041,20.986
1027,21.109,21.075
1028,21.015,20.964
1029,20.953,20.921
1030,21.244,21.223
1031,20.905,20.870
1032,20.900,20.877
1033,20.726,20.675
1034,20.798,20.746
1035,20.660,20.603
1036,20.698,20.662
1037,20.771,20.724
1038,20.663,20.634
1039,20.620,20.574
1040,20.517,20.452
1041,20.613,20.553
1042,20.585,20.526
1043,20.516,20.464
1044,20.450,20.396
1045,20.296,20.212
1046,20.294,20.217
1047,20.318,20.245
1048,20.235,20.163
1049,20.173,20.085
1050,20.164,20.081
1051,19.990,19.895
1052,19.909,19.815
1053,19.805,19.700
1054,19.712,19.626
1055,19.690,19.596
1056,19.620,19.517
1057,19.695,19.604
1058,19.673,19.559
1059,19.669,19.560
1060,19.602,19.487
1061,19.576,19.454
1062,19.458,19.344
1063,19.519,19.398
1064,19.467,19.334
1065,19.379,19.267
1066,19.455,19.339
1067,19.469,19.364
1068,19.429,19.311
1069,19.461,19.348
1070,19.537,19.425
1071,19.555,19.451
1072,19.550,19.434
1073,19.555,19.447
1074,19.512,19.400
1075,19.551,19.433
1076,19.599,19.487
1077,19.656,19.555
1078,19.748,19.643
1079,19.872,19.759
1080,19.930,19.801
1081,19.985,19.862
1082,19.957,19.833
1083,19.999,19.862
1084,20.120,19.994
1085,20.194,20.069
1086,20.289,20.156
1087,20.171,20.017
1088,20.203,20.063
1089,20.047,19.918
1090,19.874,19.747
1091,20.012,19.887
1092,20.016,19.891
1093,20.022,19.899
1094,20.047,19.910
1095,20.154,20.006
1096,20.135,19.984
1097,20.210,20.062
1098,20.261,20.123
1099,20.268,20.127
1100,20.335,20.173
1101,20.449,20.295
1102,20.628,20.461
1103,20.800,20.632
1104,20.799,20.632
1105,20.910,20.741
1106,20.879,20.718
1107,20.958,20.788
1108,21.055,20.877
1109,21.225,21.060
1110,21.098,20.923
1111,21.205,21.052
1112,21.277,21.118
1113,21.339,21.177
1114,21.570,21.423
1115,21.255,21.087
1116,21.607,21.452
1117,21.708,21.558
1118,21.812,21.667
1119,21.964,21.811
1120,22.013,21.848
1121,22.066,21.906
1122,21.963,21.788
1123,21.978,21.798
1124,21.832,21.650
1125,21.844,21.673
1126,21.977,21.791
1127,21.788,21.617
1128,21.615,21.441
1129,21.600,21.447
1130,21.500,21.342
1131,21.492,21.333
1132,21.383,21.222
1133,21.428,21.261
1134,21.405,21.240
1135,21.363,21.204
1136,21.390,21.233
1137,21.341,21.198
1138,21.372,21.225
1139,21.288,21.135
1140,21.232,21.095
1141,21.176,21.040
1142,21.187,21.046
1143,21.157,21.019
1144,21.055,20.918
1145,21.021,20.888
1146,20.992,20.858
1147,21.009,20.864
1148,20.884,20.744
1149,20.947,20.820
1150,20.869,20.728
1151,20.943,20.809
1152,20.895,20.769
1153,20.878,20.744
1154,20.919,20.780
1155,20.846,20.709
1156,20.820,20.694
1157,20.740,20.607
1158,20.685,20.554
1159,20.713,20.583
1160,20.732,20.593
1161,20.690,20.554
1162,20.867,20.738
1163,20.742,20.614
1164,20.676,20.524
1165,20.647,20.492
1166,20.633,20.472
1167,20.555,20.389
1168,20.550,20.386
1169,20.547,20.381
1170,20.486,20.329
1171,20.463,20.310
1172,20.500,20.333
1173,20.435,20.262
1174,20.443,20.281
1175,20.427,20.255
1176,20.427,20.256
1177,20.449,20.278
1178,20.453,20.284
1179,20.488,20.339
1180,20.471,20.317
1181,20.441,20.298
1182,20.362,20.219
1183,20.301,20.145
1184,20.228,20.089
1185,20.296,20.154
1186,20.272,20.135
1187,20.205,20.068
1188,20.214,20.092
1189,20.171,20.047
1190,20.095,19.977
1191,20.102,19.989
1192,20.189,20.076
1193,20.251,20.141
1194,20.266,20.158
1195,20.042,19.930
1196,20.064,19.968
1197,20.105,20.008
1198,20.249,20.158
1199,20.251,20.180
1200,20.243,20.133
1201,20.273,20.173
1202,20.300,20.211
1203,20.224,20.129
1204,20.142,20.046
1205,20.330,20.235
1206,20.520,20.427
1207,20.521,20.422
1208,20.655,20.545
1209,20.577,20.487
1210,20.689,20.596
1211,20.739,20.650
1212,20.733,20.638
1213,20.761,20.654
1214,20.903,20.828
1215,20.774,20.699
1216,20.746,20.677
1217,20.739,20.690
1218,20.726,20.665
1219,20.538,20.458
1220,20.651,20.606
1221,20.558,20.504
1222,20.767,20.725
1223,20.646,20.592
1224,20.723,20.673
1225,20.641,20.564
1226,20.742,20.692
1227,20.748,20.680
1228,20.803,20.747
1229,20.753,20.702
1230,20.897,20.860
1231,20.903,20.860
1232,20.968,20.927
1233,20.978,20.935
1234,21.089,21.039
1235,21.001,20.935
1236,21.005,20.940
1237,21.308,21.257
1238,21.205,21.155
1239,21.115,21.044
1240,21.108,21.047
1241,21.099,21.029
1242,21.179,21.121
1243,21.135,21.062
1244,21.116,21.033
1245,21.383,21.322
1246,21.299,21.232
1247,21.247,21.168
1248,21.207,21.137
1249,21.151,21.062
1250,21.286,21.214
1251,21.120,21.036
1252,21.132,21.043
1253,21.106,21.000
1254,21.342,21.254
1255,21.130,21.027
1256,21.358,21.300
1257,21.228,21.142
1258,21.057,20.957
1259,21.413,21.320
1260,21.127,21.027
1261,20.875,20.747
1262,20.885,20.782
1263,20.734,20.618
1264,20.722,20.609
1265,20.713,20.612
1266,20.591,20.472
1267,20.692,20.579
1268,20.543,20.430
1269,20.505,20.400
1270,20.468,20.364
1271,20.567,20.453
1272,20.546,20.442
1273,20.480,20.358
1274,20.416,20.305
1275,20.428,20.313
1276,20.221,20.095
1277,20.201,20.080
1278,20.269,20.160
1279,20.470,20.370
1280,20.082,19.951
1281,20.156,20.052
1282,20.080,19.968
1283,19.988,19.884
1284,19.929,19.826
1285,19.844,19.752
1286,19.826,19.743
1287,20.157,20.080
1288,20.122,20.046
1289,19.600,19.523
1290,19.545,19.462
1291,19.756,19.677
1292,19.819,19.717
1293,19.847,19.749
1294,19.784,19.680
1295,19.845,19.745
1296,19.978,19.860
1297,19.989,19.860
1298,19.994,19.884
1299,20.055,19.937
1300,20.214,20.103
1301,20.159,20.046
1302,20.202,20.090
1303,20.200,20.073
1304,20.294,20.170
1305,20.392,20.259
1306,20.441,20.320
1307,20.500,20.372
1308,20.510,20.371
1309,20.469,20.329
1310,20.664,20.547
1311,20.660,20.537
1312,20.560,20.442
1313,20.507,20.390
1314,20.488,20.364
1315,20.468,20.341
1316,20.414,20.278
1317,20.450,20.328
1318,20.509,20.378
1319,20.494,20.364
1320,20.473,20.343
1321,20.518,20.385
1322,20.523,20.389
1323,20.545,20.411
1324,20.526,20.399
1325,20.629,20.497
1326,20.749,20.623
1327,20.644,20.510
1328,20.631,20.508
1329,20.642,20.510
1330,20.626,20.504
1331,20.672,20.546
1332,20.652,20.530
1333,20.639,20.517
1334,20.700,20.577
1335,20.735,20.603
1336,20.721,20.581
1337,20.720,20.582
1338,20.747,20.608
1339,20.697,20.560
1340,20.740,20.596
1341,20.740,20.612
1342,20.752,20.618
1343,20.746,20.623
1344,20.750,20.609
1345,20.763,20.629
1346,20.813,20.669
1347,20.801,20.662
1348,20.820,20.691
1349,20.811,20.676
1350,20.823,20.688
1351,20.836,20.686
1352,20.847,20.717
1353,20.885,20.744
1354,20.850,20.723
1355,20.608,20.434
1356,20.844,20.700
1357,20.859,20.718
1358,20.820,20.679
1359,20.773,20.632
1360,20.758,20.614
1361,20.788,20.632
1362,20.717,20.553
1363,20.715,20.562
1364,20.736,20.577
1365,20.719,20.554
1366,20.748,20.587
1367,20.721,20.557
1368,20.670,20.498
1369,20.662,20.496
1370,20.685,20.522
1371,20.663,20.512
1372,20.592,20.435
1373,20.636,20.482
1374,20.718,20.555
1375,20.673,20.521
1376,20.664,20.505
1377,20.667,20.508
1378,20.611,20.441
1379,20.633,20.476
1380,20.622,20.447
1381,20.636,20.463
1382,20.597,20.429
1383,20.595,20.427
1384,20.607,20.431
1385,20.697,20.531
1386,20.698,20.528
1387,20.748,20.577
1388,20.756,20.583
1389,20.786,20.620
1390,20.818,20.661
1391,20.895,20.732
1392,20.950,20.792
1393,21.012,20.855
1394,21.081,20.924
1395,21.133,20.992
1396,21.191,21.051
1397,21.273,21.129
1398,21.377,21.239
1399,21.447,21.323
1400,21.455,21.323
1401,21.484,21.364
1402,21.609,21.492
1403,21.673,21.559
1404,21.674,21.560
1405,21.641,21.541
1406,21.676,21.587
1407,21.593,21.505
1408,21.715,21.616
1409,21.628,21.530
1410,21.624,21.519
1411,21.641,21.546
1412,21.651,21.555
1413,21.689,21.605
1414,21.580,21.503
1415,21.702,21.629
1416,21.616,21.547
1417,21.645,21.568
1418,21.509,21.433
1419,21.535,21.476
1420,21.527,21.464
1421,21.386,21.314
1422,21.399,21.326
1423,21.288,21.212
1424,21.347,21.284
1425,21.225,21.160
1426,21.253,21.199
1427,21.202,21.153
1428,21.013,20.954
1429,20.924,20.873
1430,20.914,20.867
1431,20.754,20.711
1432,20.708,20.675
1433,20.647,20.619
1434,20.681,20.681
1435,20.608,20.600
1436,20.598,20.596
1437,20.529,20.544
1438,20.459,20.479
1439,20.335,20.350
1440,20.341,20.365
1441,20.208,20.245
1442,20.108,20.157
1443,20.036,20.091
1444,19.936,20.005
1445,19.818,19.892
1446,19.634,19.714
1447,19.494,19.573
1448,19.302,19.369
1449,19.117,19.201
1450,18.916,18.989
1451,18.827,18.912
1452,18.724,18.808
1453,19.003,19.089
1454,19.107,19.204
1455,19.064,19.164
1456,19.143,19.265
1457,19.156,19.270
1458,19.297,19.409
1459,19.479,19.604
1460,19.317,19.444
1461,19.312,19.464
1462,19.445,19.598
1463,19.392,19.557
1464,19.447,19.612
1465,19.687,19.864
1466,19.737,19.913
1467,19.739,19.902
1468,19.828,19.985
1469,20.059,20.198
1470,20.224,20.354
1471,20.574,20.702
1472,20.778,20.899
1473,20.989,21.108
1474,21.079,21.209
1475,21.289,21.424
1476,21.438,21.556
1477,21.599,21.712
1478,21.662,21.763
1479,21.800,21.900
1480,21.781,21.872
1481,21.798,21.894
1482,21.637,21.745
1483,21.750,21.845
1484,21.711,21.792
1485,21.723,21.808
1486,21.543,21.614
1487,21.513,21.583
1488,21.498,21.556
1489,21.342,21.404
1490,21.558,21.617
1491,21.512,21.586
1492,21.234,21.284
1493,21.204,21.248
1494,21.534,21.582
1495,21.497,21.532
1496,21.730,21.762
1497,21.712,21.717
1498,21.189,21.149
1499,21.061,20.976
1500,20.985,20.865
1501,20.934,20.781
1502,21.022,20.882
1503,20.731,20.568
1504,20.823,20.656
1505,20.692,20.527
1506,20.782,20.609
1507,20.918,20.728
1508,21.177,20.998
1509,20.991,20.810
1510,20.652,20.464
1511,20.584,20.395
1512,20.280,20.111
1513,19.760,19.584
1514,19.777,19.616
1515,19.658,19.484
1516,19.744,19.582
1517,19.724,19.525
1518,19.653,19.441
1519,19.978,19.791
1520,19.915,19.719
1521,20.035,19.837
1522,20.105,19.898
1523,20.184,19.976
1524,20.263,20.059
1525,20.236,20.030
1526,20.373,20.191
1527,20.387,20.172
1528,20.451,20.232
1529,20.569,20.350
1530,20.760,20.551
1531,20.785,20.562
1532,20.913,20.687
1533,20.999,20.782
1534,20.996,20.764
1535,21.125,20.927
1536,21.014,20.806
1537,21.113,20.899
1538,21.006,20.808
1539,21.107,20.915
1540,21.146,20.959
1541,21.234,21.033
1542,21.093,20.909
1543,21.074,20.892
1544,21.103,20.911
1545,20.945,20.757
1546,21.126,20.955
1547,21.475,21.281
1548,21.676,21.500
1549,21.545,21.372
1550,21.654,21.475
1551,21.493,21.340
1552,21.401,21.251
1553,21.326,21.179
1554,21.190,21.050
1555,21.132,20.994
1556,21.148,21.001
1557,21.020,20.886
1558,20.853,20.718
1559,20.805,20.672
1560,20.708,20.577
1561,20.612,20.488
1562,20.535,20.407
1563,20.576,20.449
1564,20.495,20.365
1565,20.524,20.394
1566,20.546,20.417
1567,20.493,20.367
1568,20.462,20.343
1569,20.535,20.421
1570,20.490,20.385
1571,20.444,20.331
1572,20.518,20.410
1573,20.494,20.380
1574,20.431,20.312
1575,20.412,20.300
1576,20.420,20.293
1577,20.187,20.071
1578,20.206,20.106
1579,20.118,20.009
1580,20.046,19.936
1581,19.999,19.891
1582,19.866,19.765
1583,19.742,19.639
1584,19.680,19.596
1585,19.708,19.628
1586,19.434,19.343
1587,19.593,19.522
1588,19.721,19.656
1589,19.690,19.616
1590,19.761,19.680
1591,19.720,19.642
1592,19.690,19.623
1593,19.770,19.711
1594,19.910,19.836
1595,19.524,19.459
1596,19.685,19.622
1597,19.620,19.568
1598,19.613,19.564
1599,19.460,19.397
1600,19.511,19.452
1601,19.380,19.315
1602,19.407,19.348
1603,19.462,19.400
1604,19.454,19.379
1605,19.617,19.553
1606,19.572,19.498
1607,19.582,19.510
1608,19.429,19.364
1609,19.439,19.372
1610,19.495,19.427
1611,19.524,19.454
1612,19.597,19.538
1613,19.308,19.231
1614,19.345,19.264
1615,19.390,19.317
1616,19.375,19.299
1617,19.441,19.375
1618,19.391,19.324
1619,19.317,19.235
1620,19.376,19.299
1621,19.314,19.239
1622,19.236,19.158
1623,19.357,19.286
1624,19.543,19.455
1625,19.535,19.455
1626,19.633,19.557
1627,19.713,19.621
1628,19.814,19.725
1629,19.808,19.720
1630,19.867,19.774
1631,19.965,19.886
1632,19.981,19.891
1633,19.891,19.800
1634,19.904,19.814
1635,19.916,19.821
1636,19.905,19.820
1637,19.777,19.687
1638,19.164,19.068
1639,19.778,19.685
1640,19.999,19.893
1641,20.165,20.058
1642,20.196,20.090
1643,20.202,20.090
1644,20.204,20.102
1645,20.096,19.984
1646,19.653,19.555
1647,19.447,19.336
1648,19.694,19.588
1649,19.726,19.623
1650,19.653,19.530
1651,19.625,19.513
1652,19.759,19.658
1653,19.741,19.628
1654,19.947,19.839
1655,19.969,19.875
1656,20.133,20.019
1657,20.247,20.143
1658,20.103,19.998
1659,19.929,19.823
1660,20.114,20.015
1661,20.024,19.918
1662,20.101,19.999
1663,20.042,19.929
1664,20.417,20.301
1665,20.356,20.232
1666,20.327,20.203
1667,20.420,20.307
1668,20.344,20.230
1669,20.405,20.285
1670,20.477,20.368
1671,20.463,20.353
1672,20.799,20.683
1673,20.731,20.633
1674,20.505,20.394
1675,20.663,20.560
1676,20.558,20.445
1677,20.808,20.712
1678,20.715,20.625
1679,20.520,20.450
1680,20.424,20.345
1681,20.328,20.257
1682,20.176,20.089
1683,20.277,20.200
1684,20.383,20.308
1685,20.515,20.440
1686,20.545,20.465
1687,20.917,20.831
1688,21.005,20.926
1689,21.119,21.031
1690,21.101,21.030
1691,21.006,20.935
1692,20.549,20.492
1693,20.379,20.316
1694,20.334,20.267
1695,20.327,20.269
1696,20.347,20.288
1697,20.337,20.274
1698,20.372,20.317
1699,20.386,20.323
1700,20.368,20.300
1701,20.372,20.302
1702,20.391,20.323
1703,20.344,20.296
1704,20.439,20.378
1705,20.477,20.428
1706,20.407,20.362
1707,20.396,20.352
1708,20.324,20.271
1709,20.270,20.226
1710,20.159,20.110
1711,20.208,20.168
1712,20.252,20.212
1713,20.382,20.337
1714,20.019,19.974
1715,19.965,19.931
1716,20.042,20.002
1717,20.163,20.111
1718,20.217,20.172
1719,20.193,20.145
1720,20.071,20.027
1721,20.082,20.055
1722,20.035,20.006
1723,19.949,19.923
1724,19.886,19.852
1725,19.865,19.851
1726,19.909,19.902
1727,19.848,19.835
1728,19.859,19.843
1729,19.851,19.839
1730,19.825,19.813
1731,19.871,19.855
1732,19.910,19.895
1733,19.888,19.874
1734,19.885,19.874
1735,19.503,19.501
1736,19.408,19.400
1737,19.385,19.373
1738,19.421,19.433
1739,19.381,19.382
1740,19.431,19.431
1741,19.484,19.482
1742,19.572,19.569
1743,19.618,19.605
1744,19.747,19.744
1745,19.854,19.844
1746,19.879,19.859
1747,19.925,19.910
1748,20.033,20.006
1749,20.062,20.045
1750,20.140,20.125
1751,20.123,20.101
1752,20.096,20.071
1753,20.099,20.076
1754,20.081,20.058
1755,20.096,20.069
1756,20.103,20.084
1757,20.180,20.167
1758,20.222,20.199
1759,20.230,20.214
1760,20.313,20.289
1761,20.386,20.347
1762,20.605,20.560
1763,20.734,20.699
1764,20.781,20.757
1765,20.781,20.748
1766,20.610,20.574
1767,20.755,20.729
1768,20.643,20.621
1769,20.446,20.427
1770,20.483,20.463
1771,20.457,20.446
1772,20.375,20.365
1773,20.329,20.334
1774,20.207,20.218
1775,20.320,20.331
1776,20.200,20.206
1777,20.124,20.130
1778,20.027,20.036
1779,20.008,20.020
1780,20.022,20.022
1781,20.349,20.379
1782,19.971,19.995
1783,19.923,19.956
1784,19.769,19.788
1785,20.042,20.074
1786,19.621,19.636
1787,19.482,19.502
1788,19.344,19.364
1789,19.387,19.398
1790,19.381,19.393
1791,19.258,19.268
1792,19.251,19.250
1793,19.211,19.218
1794,19.201,19.208
1795,19.143,19.153
1796,19.070,19.079
1797,19.045,19.058
1798,18.997,18.994
1799,19.188,19.196
1800,19.146,19.166
1801,19.263,19.280
1802,19.361,19.382
1803,19.530,19.545
1804,19.592,19.595
1805,19.740,19.746
1806,19.874,19.878
1807,19.909,19.897
1808,20.018,20.019
1809,19.996,19.989
1810,19.906,19.905
1811,19.943,19.944
1812,19.987,19.989
1813,20.012,20.007
1814,20.115,20.108
1815,20.233,20.236
1816,20.291,20.295
1817,20.400,20.398
1818,20.536,20.540
1819,20.464,20.446
1820,20.568,20.558
1821,20.697,20.696
1822,20.672,20.652
1823,20.680,20.668
1824,20.691,20.675
1825,20.797,20.780
1826,20.868,20.854
1827,20.992,20.980
1828,21.093,21.079
1829,21.155,21.131
1830,21.235,21.203
1831,21.276,21.239
1832,21.339,21.303
1833,21.252,21.223
1834,21.275,21.258
1835,21.050,21.020
1836,21.107,21.075
1837,21.082,21.061
1838,21.006,20.978
1839,20.953,20.937
1840,20.861,20.838
