0,26.685,26.695
1,26.688,26.691
2,26.674,26.685
3,26.622,26.621
4,26.690,26.713
5,26.620,26.605
6,26.680,26.681
7,26.698,26.686
8,26.726,26.739
9,26.639,26.631
10,26.740,26.741
11,26.704,26.720
12,26.596,26.586
13,26.620,26.616
14,26.580,26.564
15,26.610,26.605
16,26.577,26.561
17,26.612,26.614
18,26.552,26.543
19,26.590,26.587
20,26.585,26.575
21,26.608,26.610
22,26.554,26.545
23,26.561,26.573
24,26.534,26.528
25,26.573,26.582
26,26.571,26.580
27,26.505,26.495
28,26.503,26.508
29,26.476,26.465
30,26.498,26.504
31,26.486,26.501
32,26.391,26.385
33,26.368,26.372
34,26.356,26.369
35,26.258,26.256
36,26.259,26.265
37,26.216,26.208
38,26.215,26.216
39,26.210,26.214
40,26.141,26.133
41,26.162,26.163
42,26.163,26.163
43,26.180,26.188
44,26.167,26.187
45,26.146,26.156
46,26.210,26.215
47,26.273,26.286
48,26.309,26.303
49,26.366,26.367
50,26.316,26.308
51,26.346,26.344
52,26.370,26.356
53,26.441,26.442
54,26.493,26.491
55,26.510,26.500
56,26.579,26.581
57,26.569,26.563
58,26.626,26.628
59,26.654,26.645
60,26.697,26.688
61,26.717,26.715
62,26.698,26.686
63,26.671,26.653
64,26.636,26.612
65,26.609,26.585
66,26.581,26.569
67,26.531,26.509
68,26.502,26.480
69,26.478,26.454
70,26.456,26.444
71,26.412,26.395
72,26.345,26.332
73,26.320,26.307
74,26.314,26.306
75,26.284,26.265
76,26.267,26.259
77,26.281,26.258
78,26.319,26.317
79,26.319,26.307
80,26.299,26.277
81,26.273,26.254
82,26.292,26.268
83,26.269,26.245
84,26.283,26.263
85,26.275,26.247
86,26.274,26.241
87,26.247,26.221
88,26.273,26.257
89,26.271,26.255
90,26.265,26.229
91,26.259,26.242
92,26.273,26.256
93,26.260,26.242
94,26.259,26.242
95,26.249,26.225
96,26.229,26.201
97,26.204,26.172
98,26.226,26.192
99,26.227,26.198
100,26.222,26.198
101,26.217,26.185
102,26.228,26.198
103,26.209,26.174
104,26.210,26.177
105,26.197,26.162
106,26.220,26.187
107,26.186,26.145
108,26.190,26.150
109,26.197,26.157
110,26.190,26.152
111,26.194,26.162
112,26.199,26.160
113,26.194,26.149
114,26.194,26.150
115,26.198,26.165
116,26.189,26.155
117,26.186,26.144
118,26.184,26.140
119,26.175,26.139
120,26.183,26.153
121,26.201,26.168
122,26.203,26.162
123,26.177,26.140
124,26.185,26.152
125,26.227,26.198
126,26.232,26.199
127,26.217,26.183
128,26.226,26.191
129,26.205,26.173
130,26.209,26.180
131,26.208,26.178
132,26.221,26.189
133,26.204,26.166
134,26.215,26.191
135,26.211,26.191
136,26.211,26.190
137,26.201,26.169
138,26.202,26.169
139,26.212,26.177
140,26.219,26.195
141,26.224,26.201
142,26.235,26.214
143,26.222,26.194
144,26.224,26.190
145,26.221,26.190
146,26.212,26.172
147,26.218,26.198
148,26.222,26.191
149,26.204,26.174
150,26.217,26.181
151,26.222,26.185
152,26.231,26.200
153,26.212,26.179
154,26.238,26.200
155,26.223,26.188
156,26.227,26.204
157,26.227,26.204
158,26.228,26.199
159,26.222,26.195
160,26.276,26.231
161,26.283,26.237
162,26.293,26.243
163,26.227,26.200
164,26.229,26.203
165,26.299,26.260
166,26.292,26.257
167,26.279,26.234
168,26.295,26.248
169,26.287,26.243
170,26.273,26.235
171,26.286,26.255
172,26.292,26.250
173,26.270,26.219
174,26.291,26.236
175,26.292,26.250
176,26.292,26.252
177,26.279,26.236
178,26.276,26.231
179,26.264,26.215
180,26.269,26.225
181,26.285,26.250
182,26.295,26.260
183,26.274,26.236
184,26.284,26.251
185,26.296,26.250
186,26.283,26.233
187,26.273,26.227
188,26.289,26.252
189,26.287,26.257
190,26.302,26.268
191,26.298,26.265
192,26.289,26.257
193,26.290,26.257
194,26.295,26.265
195,26.306,26.274
196,26.288,26.263
197,26.298,26.270
198,26.316,26.287
199,26.301,26.268
200,26.307,26.264
201,26.308,26.268
202,26.294,26.261
203,26.301,26.279
204,26.320,26.293
205,26.331,26.301
206,26.333,26.306
207,26.324,26.293
208,26.337,26.315
209,26.320,26.289
210,26.330,26.295
211,26.326,26.299
212,26.300,26.269
213,26.293,26.270
214,26.285,26.260
215,26.295,26.260
216,26.282,26.247
217,26.309,26.287
218,26.305,26.276
219,26.297,26.264
220,26.299,26.259
221,26.305,26.276
222,26.294,26.257
223,26.302,26.274
224,26.308,26.280
225,26.307,26.269
226,26.330,26.301
227,26.333,26.302
228,26.353,26.321
229,26.363,26.326
230,26.383,26.339
231,26.408,26.366
232,26.420,26.393
233,26.416,26.388
234,26.433,26.402
235,26.413,26.382
236,26.405,26.370
237,26.407,26.381
238,26.399,26.367
239,26.316,26.283
240,26.281,26.244
241,26.238,26.205
242,26.214,26.178
243,26.189,26.158
244,26.188,26.156
245,26.171,26.140
246,26.184,26.148
247,26.221,26.203
248,26.226,26.210
249,26.233,26.201
250,26.223,26.189
251,26.207,26.170
252,26.202,26.177
253,25.969,25.922
254,25.969,25.927
255,25.970,25.916
256,26.213,26.183
257,26.224,26.192
258,25.986,25.939
259,26.223,26.198
260,26.244,26.219
261,26.218,26.191
262,26.218,26.184
263,26.209,26.168
264,26.195,26.158
265,26.166,26.130
266,25.915,25.862
267,25.885,25.829
268,25.857,25.803
269,25.810,25.751
270,25.815,25.763
271,25.817,25.763
272,25.800,25.746
273,25.799,25.740
274,25.789,25.737
275,25.804,25.748
276,26.035,25.991
277,26.052,26.003
278,26.065,26.019
279,26.058,26.008
280,26.055,26.008
281,26.048,25.994
282,26.054,26.001
283,26.054,25.996
284,26.058,25.997
285,26.070,26.007
286,26.088,26.029
287,26.143,26.083
288,26.190,26.143
289,26.223,26.167
290,26.251,26.184
291,26.294,26.230
292,26.325,26.263
293,26.326,26.260
294,26.341,26.278
295,26.336,26.279
296,26.341,26.275
297,26.309,26.251
298,26.349,26.304
299,26.336,26.280
300,26.354,26.311
301,26.311,26.262
302,26.315,26.276
303,26.298,26.247
304,26.302,26.255
305,26.292,26.252
306,26.256,26.211
307,26.265,26.226
308,26.245,26.196
309,26.242,26.197
310,26.249,26.198
311,26.254,26.214
312,26.240,26.185
313,26.253,26.199
314,26.233,26.177
315,26.249,26.206
316,26.231,26.174
317,26.234,26.188
318,26.236,26.177
319,26.226,26.179
320,26.214,26.156
321,26.202,26.144
322,26.195,26.146
323,26.236,26.168
324,26.243,26.190
325,26.228,26.159
326,26.234,26.178
327,26.217,26.148
328,25.978,25.910
329,25.956,25.878
330,25.983,25.916
331,25.968,25.900
332,25.961,25.895
333,25.966,25.901
334,26.228,26.165
335,26.223,26.162
336,26.189,26.122
337,26.185,26.122
338,26.149,26.087
339,26.150,26.092
340,26.137,26.073
341,26.189,26.132
342,26.203,26.141
343,26.209,26.149
344,26.183,26.122
345,26.169,26.113
346,26.144,26.087
347,26.155,26.094
348,26.141,26.081
349,26.083,26.032
350,26.082,26.038
351,26.076,26.023
352,26.108,26.063
353,26.089,26.036
354,26.099,26.054
355,26.125,26.064
356,26.158,26.114
357,26.249,26.212
358,26.214,26.194
359,26.247,26.231
360,26.287,26.270
361,26.217,26.204
362,26.173,26.159
363,26.164,26.135
364,26.168,26.146
365,26.178,26.152
366,26.170,26.141
367,26.192,26.163
368,26.188,26.167
369,26.185,26.163
370,26.180,26.158
371,26.174,26.150
372,26.132,26.098
373,26.148,26.119
374,26.186,26.158
375,26.199,26.168
376,26.193,26.164
377,26.230,26.207
378,26.283,26.262
379,26.306,26.277
380,26.302,26.276
381,26.308,26.281
382,26.293,26.275
383,26.333,26.321
384,26.327,26.304
385,26.323,26.305
386,26.339,26.324
387,26.375,26.372
388,26.445,26.449
389,26.489,26.487
390,26.478,26.484
391,26.489,26.493
392,26.460,26.468
393,26.450,26.455
394,26.487,26.498
395,26.531,26.538
396,26.507,26.523
397,26.528,26.547
398,26.499,26.500
399,26.492,26.493
400,26.440,26.441
401,26.477,26.483
402,26.430,26.433
403,26.448,26.441
404,26.449,26.450
405,26.437,26.436
406,26.443,26.455
407,26.469,26.476
408,26.435,26.435
409,26.419,26.437
410,26.383,26.394
411,26.391,26.398
412,26.397,26.393
413,26.361,26.372
414,26.359,26.359
415,26.388,26.390
416,26.350,26.357
417,26.318,26.326
418,26.297,26.315
419,26.251,26.268
420,26.223,26.242
421,26.231,26.242
422,26.227,26.244
423,26.240,26.253
424,26.253,26.277
425,26.261,26.290
426,26.168,26.203
427,26.251,26.287
428,26.311,26.340
429,26.235,26.260
430,26.203,26.241
431,26.207,26.253
432,26.228,26.275
433,26.184,26.239
434,26.204,26.258
435,26.173,26.220
436,26.175,26.224
437,26.163,26.198
438,26.211,26.245
439,26.160,26.202
440,26.146,26.183
441,26.188,26.229
442,26.205,26.253
443,26.182,26.226
444,26.154,26.194
445,26.159,26.194
446,26.139,26.175
447,26.152,26.204
448,26.219,26.268
449,26.167,26.212
450,26.210,26.254
451,26.178,26.216
452,26.250,26.287
453,26.232,26.264
454,26.277,26.329
455,26.306,26.359
456,26.355,26.398
457,26.386,26.421
458,26.424,26.460
459,26.433,26.471
460,26.452,26.488
461,26.493,26.531
462,26.506,26.551
463,26.500,26.542
464,26.569,26.611
465,26.603,26.642
466,26.652,26.692
467,26.641,26.677
468,26.666,26.701
469,26.641,26.681
470,26.624,26.670
471,26.691,26.743
472,26.679,26.738
473,26.691,26.739
474,26.701,26.747
475,26.791,26.830
476,26.777,26.817
477,26.771,26.813
478,26.796,26.838
479,26.818,26.859
480,26.795,26.842
481,26.790,26.843
482,26.818,26.891
483,26.844,26.933
484,26.892,26.951
485,27.027,27.074
486,26.693,26.718
487,26.719,26.757
488,26.767,26.814
489,26.723,26.748
490,26.993,27.047
491,26.959,27.021
492,27.029,27.080
493,27.004,27.066
494,27.033,27.083
495,27.144,27.213
496,27.173,27.231
497,27.208,27.263
498,27.259,27.313
499,27.234,27.284
500,27.337,27.410
501,27.218,27.275
502,27.248,27.303
503,27.258,27.332
504,27.314,27.394
505,27.405,27.481
506,27.422,27.502
507,27.356,27.418
508,27.306,27.368
509,27.252,27.316
510,27.254,27.320
511,27.265,27.343
512,27.203,27.269
513,27.215,27.280
514,27.195,27.252
515,27.194,27.241
516,27.188,27.237
517,27.156,27.193
518,27.143,27.180
519,27.159,27.204
520,27.104,27.139
521,27.011,27.048
522,27.031,27.075
523,27.039,27.086
524,27.008,27.055
525,26.949,27.008
526,26.932,26.978
527,26.914,26.980
528,26.847,26.896
529,26.837,26.896
530,26.882,26.942
531,26.788,26.848
532,26.764,26.831
533,26.772,26.828
534,26.745,26.806
535,26.815,26.879
536,26.797,26.857
537,26.760,26.834
538,26.875,26.951
539,26.779,26.852
540,26.864,26.937
541,26.736,26.808
542,26.704,26.785
543,26.690,26.762
544,26.748,26.822
545,26.718,26.780
546,26.991,27.065
547,26.459,26.503
548,26.718,26.784
549,26.720,26.782
550,26.706,26.754
551,26.675,26.752
552,26.704,26.772
553,26.766,26.834
554,26.759,26.820
555,26.737,26.803
556,26.743,26.796
557,26.767,26.826
558,26.303,26.353
559,26.775,26.838
560,26.711,26.785
561,26.657,26.711
562,26.758,26.820
563,26.714,26.774
564,26.671,26.726
565,26.665,26.729
566,26.653,26.713
567,26.637,26.703
568,26.596,26.656
569,26.578,26.630
570,26.572,26.632
571,26.589,26.656
572,26.522,26.576
573,26.498,26.560
574,26.551,26.599
575,26.554,26.594
576,26.540,26.586
577,26.542,26.589
578,26.565,26.610
579,26.528,26.567
580,26.551,26.584
581,26.574,26.617
582,26.478,26.523
583,26.620,26.642
584,26.215,26.242
585,26.598,26.650
586,26.618,26.659
587,26.642,26.696
588,26.566,26.622
589,26.575,26.611
590,26.530,26.564
591,26.544,26.585
592,26.538,26.576
593,26.528,26.556
594,26.538,26.554
595,26.498,26.538
596,26.448,26.489
597,26.459,26.503
598,26.466,26.505
599,26.422,26.461
600,26.384,26.422
601,26.430,26.473
602,26.399,26.419
603,26.374,26.393
604,26.409,26.433
605,26.428,26.458
606,26.412,26.457
607,26.434,26.453
608,26.412,26.423
609,26.394,26.420
610,26.395,26.415
611,26.515,26.542
612,26.056,26.086
613,26.041,26.069
614,26.088,26.119
615,26.126,26.155
616,26.451,26.475
617,26.411,26.435
618,26.312,26.347
619,26.321,26.357
620,26.245,26.276
621,26.331,26.360
622,25.897,25.916
623,25.860,25.884
624,25.862,25.889
625,25.862,25.883
626,25.838,25.856
627,25.896,25.914
628,25.889,25.908
629,26.274,26.297
630,26.281,26.289
631,26.240,26.249
632,25.956,25.964
633,25.977,25.977
634,25.987,25.988
635,26.382,26.407
636,26.369,26.393
637,26.314,26.325
638,26.355,26.375
639,26.368,26.385
640,26.091,26.103
641,26.411,26.429
642,26.422,26.447
643,26.448,26.478
644,26.402,26.444
645,26.443,26.488
646,26.543,26.598
647,26.411,26.451
648,26.385,26.421
649,26.355,26.390
650,26.361,26.411
651,26.279,26.325
652,26.236,26.275
653,26.188,26.229
654,26.126,26.166
655,26.107,26.139
656,26.030,26.069
657,25.973,26.016
658,25.925,25.955
659,25.942,25.981
660,25.839,25.873
661,25.821,25.868
662,25.751,25.794
663,25.737,25.784
664,25.699,25.733
665,25.769,25.807
666,25.517,25.540
667,25.568,25.598
668,25.573,25.606
669,25.687,25.720
670,25.861,25.901
671,25.926,25.976
672,25.948,25.996
673,26.089,26.155
674,26.029,26.100
675,26.074,26.151
676,26.113,26.178
677,26.135,26.207
678,26.195,26.272
679,26.272,26.354
680,26.357,26.446
681,26.325,26.408
682,26.305,26.387
683,26.417,26.480
684,26.401,26.468
685,26.393,26.460
686,26.442,26.511
687,26.519,26.596
688,26.443,26.521
689,26.464,26.527
690,26.549,26.636
691,26.433,26.502
692,26.481,26.558
693,26.539,26.625
694,26.519,26.584
695,26.600,26.681
696,26.637,26.708
697,26.741,26.814
698,26.675,26.754
699,26.702,26.763
700,26.772,26.842
701,26.768,26.822
702,26.834,26.890
703,26.844,26.901
704,26.862,26.924
705,26.892,26.952
706,26.877,26.934
707,26.912,26.962
708,26.936,26.986
709,26.924,26.973
710,26.945,27.005
711,26.921,26.963
712,26.900,26.939
713,27.008,27.045
714,26.984,27.037
715,26.929,26.951
716,26.924,26.947
717,26.880,26.905
718,27.023,27.075
719,27.022,27.052
720,27.006,27.037
721,27.005,27.058
722,26.892,26.944
723,26.891,26.941
724,26.947,27.015
725,26.915,26.991
726,26.889,26.943
727,26.939,27.002
728,26.911,26.970
729,26.877,26.916
730,26.800,26.829
731,26.822,26.870
732,26.969,27.036
733,26.892,26.947
734,26.793,26.860
735,26.804,26.878
736,26.787,26.860
737,26.772,26.841
738,26.774,26.845
739,26.485,26.546
740,26.744,26.834
741,26.799,26.888
742,26.868,26.959
743,26.814,26.893
744,26.837,26.915
745,26.920,27.021
746,26.824,26.927
747,26.930,27.014
748,26.931,27.019
749,26.466,26.520
750,26.471,26.525
751,26.463,26.517
752,26.457,26.513
753,26.855,26.925
754,26.755,26.825
755,26.807,26.871
756,26.867,26.937
757,26.786,26.852
758,26.796,26.874
759,26.821,26.898
760,26.799,26.872
761,26.769,26.840
762,26.851,26.922
763,26.482,26.530
764,26.909,26.970
765,26.856,26.926
766,26.796,26.860
767,26.839,26.903
768,26.856,26.927
769,26.916,26.988
770,26.864,26.927
771,26.835,26.904
772,26.959,27.019
773,27.034,27.100
774,26.992,27.052
775,27.012,27.087
776,27.122,27.197
777,27.112,27.185
778,27.128,27.210
779,27.026,27.118
780,27.067,27.156
781,27.021,27.110
782,27.045,27.129
783,27.033,27.117
784,27.109,27.211
785,26.664,26.748
786,26.659,26.751
787,27.103,27.221
788,27.017,27.132
789,26.978,27.106
790,27.060,27.184
791,27.039,27.154
792,26.998,27.106
793,26.558,26.647
794,26.574,26.671
795,26.955,27.058
796,26.857,26.957
797,26.982,27.077
798,26.929,27.029
799,27.063,27.176
800,26.999,27.097
801,26.974,27.076
802,26.905,27.005
803,26.863,26.957
804,26.872,26.987
805,26.916,27.033
806,26.969,27.083
807,26.972,27.082
808,26.934,27.039
809,26.833,26.917
810,26.928,27.018
811,27.072,27.188
812,26.887,26.992
813,26.864,26.973
814,26.864,26.972
815,26.898,27.022
816,26.902,27.022
817,26.993,27.110
818,27.045,27.164
819,27.108,27.232
820,27.047,27.179
821,27.029,27.147
822,26.952,27.076
823,26.993,27.121
824,26.637,26.737
825,26.581,26.670
826,26.910,27.027
827,26.981,27.092
828,26.947,27.050
829,26.931,27.032
830,26.900,27.001
831,26.909,27.004
832,26.830,26.941
833,26.800,26.901
834,26.968,27.069
835,26.752,26.866
836,26.682,26.783
837,26.749,26.847
838,26.310,26.410
839,26.703,26.819
840,26.563,26.679
841,26.583,26.699
842,26.557,26.680
843,26.520,26.650
844,26.514,26.636
845,26.582,26.717
846,26.544,26.665
847,26.494,26.617
848,26.511,26.642
849,26.490,26.617
850,26.447,26.575
851,26.577,26.721
852,26.447,26.584
853,26.504,26.632
854,26.436,26.562
855,26.423,26.550
856,26.442,26.563
857,26.555,26.682
858,26.506,26.637
859,26.499,26.620
860,26.496,26.633
861,26.459,26.597
862,26.560,26.696
863,26.696,26.844
864,26.621,26.767
865,26.694,26.841
866,26.703,26.845
867,26.732,26.870
868,26.320,26.436
869,26.844,26.982
870,26.824,26.958
871,26.704,26.834
872,26.755,26.897
873,26.716,26.853
874,26.661,26.795
875,26.633,26.766
876,26.711,26.847
877,26.691,26.816
878,26.695,26.807
879,26.674,26.790
880,26.804,26.945
881,26.780,26.899
882,26.796,26.919
883,26.815,26.927
884,26.812,26.937
885,26.806,26.931
886,26.807,26.924
887,26.949,27.090
888,26.809,26.941
889,26.699,26.807
890,26.705,26.828
891,26.826,26.931
892,26.896,26.990
893,27.058,27.175
894,27.076,27.161
895,27.005,27.100
896,27.038,27.147
897,27.018,27.108
898,26.624,26.699
899,26.665,26.740
900,27.263,27.363
901,26.769,26.847
902,27.096,27.188
903,27.159,27.259
904,27.337,27.447
905,27.154,27.271
906,27.255,27.369
907,27.139,27.233
908,27.098,27.201
909,27.077,27.170
910,27.119,27.199
911,27.135,27.219
912,27.051,27.126
913,27.010,27.091
914,27.158,27.251
915,27.085,27.180
916,26.748,26.810
917,27.136,27.231
918,27.100,27.199
919,27.060,27.145
920,26.969,27.034
921,26.932,27.002
922,26.955,27.020
923,26.817,26.861
924,26.811,26.850
925,26.764,26.803
926,26.763,26.792
927,26.846,26.878
928,26.864,26.902
929,26.778,26.808
930,26.843,26.882
931,26.848,26.887
932,26.997,27.035
933,26.924,26.950
934,27.016,27.059
935,27.041,27.074
936,26.710,26.733
937,27.172,27.223
938,27.144,27.185
939,27.123,27.168
940,27.113,27.143
941,27.156,27.213
942,27.145,27.186
943,27.137,27.169
944,27.175,27.199
945,27.285,27.335
946,27.264,27.317
947,27.204,27.257
948,26.944,26.995
949,26.886,26.942
950,27.278,27.328
951,27.125,27.164
952,27.233,27.286
953,26.811,26.843
954,27.288,27.326
955,27.198,27.240
956,27.005,27.034
957,27.055,27.067
958,27.060,27.077
959,27.093,27.118
960,27.069,27.083
961,27.046,27.058
962,27.104,27.107
963,27.133,27.167
964,27.110,27.132
965,27.139,27.172
966,27.141,27.155
967,27.088,27.101
968,27.090,27.081
969,27.097,27.093
970,27.068,27.062
971,27.210,27.208
972,27.087,27.080
973,27.084,27.087
974,27.051,27.053
975,27.024,27.015
976,27.028,27.010
977,27.046,27.023
978,27.093,27.085
979,27.191,27.177
980,27.124,27.107
981,27.124,27.096
982,26.740,26.723
983,26.738,26.717
984,26.728,26.702
985,27.083,27.051
986,27.087,27.045
987,27.114,27.086
988,27.032,27.018
989,27.064,27.042
990,27.112,27.088
991,27.155,27.127
992,27.133,27.103
993,27.225,27.205
994,27.184,27.159
995,27.147,27.114
996,27.238,27.205
997,27.270,27.225
998,26.967,26.933
999,26.925,26.894
1000,27.034,26.999
1001,27.336,27.300
1002,27.428,27.400
1003,27.317,27.301
1004,27.340,27.322
1005,27.325,27.310
1006,27.381,27.372
1007,27.320,27.317
1008,27.313,27.308
1009,27.295,27.292
1010,27.318,27.331
1011,27.321,27.337
1012,27.324,27.333
1013,27.307,27.300
1014,27.317,27.308
1015,27.285,27.276
1016,27.218,27.210
1017,27.215,27.206
1018,27.205,27.193
1019,27.177,27.173
1020,27.160,27.142
1021,27.138,27.124
1022,27.099,27.081
1023,27.119,27.100
1024,27.120,27.128
1025,27.124,27.134
1026,27.076,27.081
1027,27.074,27.069
1028,27.078,27.081
1029,27.070,27.080
1030,27.069,27.074
1031,27.015,27.036
1032,27.045,27.043
1033,27.009,27.001
1034,27.012,27.001
1035,26.998,26.975
1036,26.927,26.922
1037,26.916,26.913
1038,26.871,26.874
1039,26.873,26.875
1040,26.833,26.822
1041,26.913,26.921
1042,26.873,26.876
1043,26.830,26.832
1044,26.809,26.811
1045,26.840,26.851
1046,26.843,26.850
1047,26.767,26.773
1048,26.812,26.814
1049,26.801,26.797
1050,26.761,26.776
1051,26.809,26.828
1052,26.713,26.737
1053,26.684,26.724
1054,26.674,26.715
1055,26.673,26.715
1056,26.674,26.707
1057,26.702,26.732
1058,26.706,26.734
1059,26.795,26.829
1060,26.827,26.858
1061,26.845,26.870
1062,26.870,26.897
1063,26.900,26.939
1064,26.897,26.937
1065,26.922,26.964
1066,26.977,27.028
1067,26.907,26.950
1068,26.895,26.926
1069,26.875,26.906
1070,26.844,26.875
1071,26.870,26.914
1072,26.874,26.903
1073,26.842,26.878
1074,26.824,26.859
1075,26.858,26.888
1076,26.882,26.913
1077,26.954,26.982
1078,26.907,26.950
1079,26.929,26.967
1080,26.950,26.982
1081,26.918,26.959
1082,27.013,27.069
1083,27.022,27.085
1084,26.989,27.051
1085,26.967,27.026
1086,27.020,27.061
1087,27.022,27.066
1088,26.989,27.033
1089,27.026,27.083
1090,26.963,27.014
1091,27.014,27.064
1092,26.991,27.055
1093,26.975,27.018
1094,26.954,26.996
1095,26.930,26.986
1096,27.002,27.058
1097,26.993,27.054
1098,27.003,27.066
1099,26.978,27.033
1100,27.001,27.060
1101,27.003,27.063
1102,27.010,27.058
1103,27.029,27.082
1104,26.996,27.051
1105,26.999,27.066
1106,26.994,27.055
1107,27.039,27.107
1108,26.987,27.045
1109,27.034,27.095
1110,27.037,27.087
1111,27.075,27.129
1112,27.055,27.120
1113,27.068,27.122
1114,27.108,27.174
1115,27.025,27.092
1116,27.028,27.086
1117,26.997,27.059
1118,27.037,27.104
1119,26.999,27.052
1120,27.044,27.112
1121,27.024,27.079
1122,26.995,27.043
1123,26.991,27.054
1124,26.990,27.035
1125,26.962,27.022
1126,26.943,27.002
1127,26.950,27.016
1128,26.889,26.947
1129,26.884,26.938
1130,26.885,26.940
1131,26.886,26.923
1132,26.909,26.969
1133,26.845,26.884
1134,26.895,26.964
1135,26.883,26.926
1136,26.846,26.920
1137,26.830,26.886
1138,26.871,26.933
1139,26.799,26.851
1140,26.798,26.839
1141,26.801,26.849
1142,26.753,26.813
1143,26.731,26.791
1144,26.728,26.775
1145,26.728,26.780
1146,26.709,26.764
1147,26.679,26.718
1148,26.689,26.730
1149,26.705,26.753
1150,26.649,26.687
1151,26.739,26.795
1152,26.724,26.759
1153,26.684,26.728
1154,26.691,26.729
1155,26.737,26.780
1156,26.718,26.750
1157,26.709,26.755
1158,26.736,26.773
1159,26.732,26.778
1160,26.673,26.685
1161,26.664,26.686
1162,26.679,26.699
1163,26.615,26.646
1164,26.620,26.651
1165,26.643,26.694
1166,26.646,26.691
1167,26.640,26.678
1168,26.669,26.709
1169,26.662,26.711
1170,26.622,26.665
1171,26.613,26.659
1172,26.638,26.685
1173,26.611,26.666
1174,26.572,26.617
1175,26.660,26.700
1176,26.785,26.832
1177,26.825,26.862
1178,26.846,26.884
1179,26.863,26.898
1180,26.865,26.895
1181,26.859,26.892
1182,26.875,26.910
1183,26.876,26.909
1184,26.856,26.893
1185,26.883,26.916
1186,26.877,26.897
1187,26.897,26.928
1188,26.851,26.878
1189,26.877,26.901
1190,26.870,26.881
1191,26.865,26.882
1192,26.838,26.852
1193,26.888,26.907
1194,26.887,26.888
1195,26.886,26.902
1196,26.898,26.911
1197,26.904,26.922
1198,26.873,26.883
1199,26.913,26.933
1200,26.926,26.937
1201,26.915,26.942
1202,27.010,27.072
1203,26.979,27.048
1204,26.940,26.993
1205,26.932,26.993
1206,26.930,26.971
1207,26.935,26.974
1208,26.896,26.937
1209,26.919,26.951
1210,26.926,26.971
1211,26.910,26.945
1212,26.900,26.943
1213,26.918,26.946
1214,26.926,26.955
1215,26.914,26.942
1216,26.878,26.895
1217,26.889,26.912
1218,26.885,26.906
1219,26.879,26.908
1220,26.893,26.911
1221,26.885,26.910
1222,26.861,26.882
1223,26.886,26.906
1224,26.878,26.895
1225,26.870,26.887
1226,26.870,26.881
1227,26.890,26.915
1228,26.866,26.884
1229,26.868,26.884
1230,26.874,26.905
1231,26.863,26.896
1232,26.848,26.886
1233,26.849,26.879
1234,26.870,26.901
1235,26.853,26.884
1236,26.839,26.872
1237,26.861,26.891
1238,26.865,26.894
1239,26.857,26.887
1240,26.847,26.879
1241,26.868,26.894
1242,26.874,26.910
1243,26.854,26.883
1244,26.862,26.893
1245,26.867,26.896
1246,26.836,26.868
1247,26.846,26.873
1248,26.863,26.887
1249,26.843,26.874
1250,26.818,26.827
1251,26.837,26.854
1252,26.836,26.845
1253,26.808,26.824
1254,26.833,26.848
1255,26.831,26.852
1256,26.819,26.821
1257,26.832,26.846
1258,26.834,26.844
1259,26.829,26.849
1260,26.815,26.832
1261,26.830,26.844
1262,26.839,26.844
1263,26.817,26.835
1264,26.826,26.844
1265,26.851,26.871
1266,26.818,26.830
1267,26.826,26.829
1268,26.840,26.848
1269,26.842,26.855
1270,26.834,26.852
1271,26.842,26.856
1272,26.854,26.869
1273,26.828,26.848
1274,26.813,26.831
1275,26.833,26.844
1276,26.812,26.831
1277,26.789,26.805
1278,26.791,26.806
1279,26.812,26.838
1280,26.794,26.806
1281,26.801,26.825
1282,26.818,26.830
1283,26.807,26.828
1284,26.798,26.806
1285,26.809,26.826
1286,26.814,26.827
1287,26.806,26.819
1288,26.807,26.821
1289,26.820,26.840
1290,26.820,26.825
1291,26.790,26.801
1292,26.796,26.811
1293,26.804,26.825
1294,26.791,26.800
1295,26.804,26.818
1296,26.803,26.819
1297,26.825,26.839
1298,26.813,26.833
1299,26.814,26.830
1300,26.810,26.827
1301,26.800,26.815
1302,26.797,26.806
1303,26.822,26.835
1304,26.796,26.803
1305,26.790,26.797
1306,26.811,26.820
1307,26.807,26.828
1308,26.796,26.811
1309,26.797,26.812
1310,26.803,26.822
1311,26.797,26.812
1312,26.789,26.805
1313,26.812,26.826
1314,26.795,26.824
1315,26.781,26.799
1316,26.798,26.808
1317,26.809,26.820
1318,26.791,26.800
1319,26.793,26.809
1320,26.798,26.813
1321,26.794,26.812
1322,26.769,26.787
1323,26.778,26.796
1324,26.787,26.802
1325,26.781,26.801
1326,26.767,26.780
1327,26.801,26.821
1328,26.791,26.810
1329,26.781,26.804
1330,26.803,26.811
1331,26.816,26.820
1332,26.808,26.808
1333,26.808,26.818
1334,26.801,26.816
1335,26.821,26.844
1336,26.809,26.820
1337,26.822,26.830
1338,26.828,26.833
1339,26.804,26.809
1340,26.800,26.811
1341,26.814,26.827
1342,26.810,26.822
1343,26.808,26.817
1344,26.826,26.831
1345,26.829,26.834
1346,26.785,26.800
1347,26.812,26.819
1348,26.823,26.834
1349,26.811,26.822
1350,26.815,26.821
1351,26.817,26.828
1352,26.812,26.827
1353,26.813,26.831
1354,26.814,26.823
1355,26.818,26.828
1356,26.802,26.817
1357,26.803,26.807
1358,26.816,26.823
1359,26.817,26.826
1360,26.799,26.798
1361,26.803,26.808
1362,26.820,26.827
1363,26.794,26.803
1364,26.782,26.799
1365,26.817,26.823
1366,26.811,26.823
1367,26.798,26.806
1368,26.811,26.818
1369,26.817,26.829
1370,26.795,26.810
1371,26.807,26.815
1372,26.806,26.814
1373,26.822,26.828
1374,26.792,26.806
1375,26.818,26.826
1376,26.819,26.824
1377,26.811,26.835
1378,26.808,26.815
1379,26.804,26.808
1380,26.795,26.804
1381,26.791,26.791
1382,26.811,26.816
1383,26.811,26.819
1384,26.778,26.782
1385,26.804,26.803
1386,26.812,26.808
1387,26.805,26.809
1388,26.797,26.801
1389,26.818,26.823
1390,26.810,26.816
1391,26.791,26.797
1392,26.799,26.800
1393,26.818,26.818
1394,26.800,26.800
1395,26.778,26.787
1396,26.802,26.801
1397,26.805,26.813
1398,26.780,26.788
1399,26.800,26.807
1400,26.816,26.808
1401,26.818,26.820
1402,26.798,26.799
1403,26.815,26.820
1404,26.805,26.807
1405,26.806,26.813
1406,26.794,26.800
1407,26.803,26.807
1408,26.797,26.804
1409,26.789,26.793
1410,26.807,26.813
1411,26.804,26.813
1412,26.794,26.799
1413,26.798,26.807
1414,26.813,26.812
1415,26.790,26.800
1416,26.785,26.790
1417,26.805,26.817
1418,26.800,26.807
1419,26.788,26.794
1420,26.795,26.800
1421,26.810,26.817
1422,26.786,26.791
1423,26.774,26.779
1424,26.806,26.814
1425,26.805,26.817
1426,26.786,26.795
1427,26.801,26.809
1428,26.801,26.803
1429,26.789,26.795
1430,26.791,26.793
1431,26.813,26.819
1432,26.807,26.815
1433,26.794,26.801
1434,26.801,26.800
1435,26.810,26.816
1436,26.803,26.807
1437,26.800,26.819
1438,26.807,26.810
1439,26.808,26.814
1440,26.786,26.794
1441,26.798,26.798
1442,26.830,26.837
1443,26.811,26.822
1444,26.809,26.836
1445,26.825,26.847
1446,26.815,26.827
1447,26.814,26.840
1448,26.804,26.815
1449,26.803,26.813
1450,26.812,26.834
1451,26.795,26.811
1452,26.803,26.815
1453,26.792,26.802
1454,26.779,26.796
1455,26.793,26.806
1456,26.800,26.809
1457,26.783,26.796
1458,26.794,26.809
1459,26.806,26.817
1460,26.796,26.809
1461,26.780,26.797
1462,26.804,26.804
1463,26.815,26.822
1464,26.800,26.807
1465,26.798,26.811
1466,26.805,26.822
1467,26.804,26.821
1468,26.789,26.803
1469,26.809,26.820
1470,26.807,26.814
1471,26.804,26.816
1472,26.798,26.806
1473,26.802,26.811
1474,26.804,26.812
1475,26.789,26.810
1476,26.789,26.799
1477,26.801,26.810
1478,26.783,26.791
1479,26.780,26.798
1480,26.797,26.805
1481,26.789,26.806
1482,26.777,26.784
1483,26.801,26.810
1484,26.804,26.805
1485,26.786,26.792
1486,26.776,26.785
1487,26.804,26.818
1488,26.794,26.806
1489,26.758,26.771
1490,26.787,26.791
1491,26.801,26.809
1492,26.769,26.779
1493,26.770,26.779
1494,26.790,26.796
1495,26.788,26.799
1496,26.765,26.776
1497,26.794,26.803
1498,26.797,26.804
1499,26.775,26.784
1500,26.782,26.783
1501,26.803,26.808
1502,26.788,26.797
1503,26.774,26.788
1504,26.773,26.776
1505,26.796,26.797
1506,26.775,26.777
1507,26.778,26.786
1508,26.802,26.810
1509,26.786,26.798
1510,26.772,26.773
1511,26.785,26.790
1512,26.796,26.799
1513,26.777,26.782
1514,26.770,26.778
1515,26.806,26.808
1516,26.787,26.790
1517,26.778,26.785
1518,26.788,26.790
1519,26.802,26.795
1520,26.788,26.792
1521,26.787,26.792
1522,26.793,26.791
1523,26.792,26.803
1524,26.768,26.779
1525,26.789,26.791
1526,26.794,26.792
1527,26.763,26.772
1528,26.762,26.768
1529,26.795,26.803
1530,26.795,26.799
1531,26.785,26.795
1532,26.792,26.789
1533,26.808,26.806
1534,26.767,26.769
1535,26.788,26.793
1536,26.789,26.801
1537,26.787,26.796
1538,26.775,26.781
1539,26.778,26.786
1540,26.791,26.792
1541,26.773,26.784
1542,26.778,26.781
1543,26.799,26.805
1544,26.795,26.792
1545,26.765,26.772
1546,26.778,26.782
1547,26.792,26.791
1548,26.770,26.775
1549,26.774,26.779
1550,26.793,26.793
1551,26.781,26.792
1552,26.777,26.780
1553,26.791,26.784
1554,26.799,26.793
1555,26.781,26.779
1556,26.767,26.772
1557,26.782,26.787
1558,26.772,26.774
1559,26.760,26.765
1560,26.774,26.780
1561,26.800,26.801
1562,26.777,26.785
1563,26.786,26.793
1564,26.797,26.801
1565,26.791,26.793
1566,26.781,26.787
1567,26.787,26.799
1568,26.784,26.784
1569,26.772,26.776
1570,26.785,26.789
1571,26.786,26.791
1572,26.772,26.776
1573,26.782,26.786
1574,26.783,26.794
1575,26.809,26.817
1576,26.783,26.784
1577,26.773,26.774
1578,26.789,26.784
1579,26.789,26.789
1580,26.774,26.781
1581,26.783,26.789
1582,26.801,26.802
1583,26.780,26.779
1584,26.791,26.795
1585,26.795,26.794
1586,26.774,26.775
1587,26.759,26.757
1588,26.770,26.771
1589,26.779,26.782
1590,26.755,26.753
1591,26.765,26.764
1592,26.757,26.766
1593,26.776,26.778
1594,26.753,26.762
1595,26.780,26.800
1596,26.812,26.821
1597,26.910,26.956
1598,26.861,26.915
1599,26.809,26.858
1600,26.796,26.859
1601,26.783,26.835
1602,26.766,26.809
1603,26.771,26.809
1604,26.728,26.758
1605,26.731,26.770
1606,26.759,26.798
1607,26.747,26.778
1608,26.731,26.760
1609,26.733,26.763
1610,26.756,26.790
1611,26.714,26.742
1612,26.728,26.764
1613,26.731,26.768
1614,26.730,26.761
1615,26.735,26.773
1616,26.721,26.752
1617,26.732,26.780
1618,26.759,26.790
1619,26.795,26.837
1620,26.843,26.891
1621,26.867,26.918
1622,26.871,26.933
1623,26.930,26.997
1624,26.932,26.991
1625,26.902,26.955
1626,26.887,26.962
1627,26.872,26.934
1628,26.905,26.969
1629,26.871,26.933
1630,26.921,26.990
1631,26.923,26.975
1632,26.879,26.939
1633,26.981,27.065
1634,27.015,27.097
1635,26.924,26.994
1636,26.910,26.987
1637,26.960,27.031
1638,26.948,27.022
1639,26.930,27.000
1640,26.953,27.028
1641,27.017,27.096
1642,26.936,26.988
1643,26.932,27.004
1644,26.961,27.034
1645,26.957,27.031
1646,26.911,26.975
1647,26.941,27.023
1648,26.947,27.020
1649,26.901,26.988
1650,26.896,26.985
1651,26.939,27.009
1652,26.932,27.009
1653,26.906,26.986
1654,26.929,27.017
1655,26.928,27.010
1656,26.930,27.010
1657,26.932,27.007
1658,26.955,27.035
1659,26.975,27.059
1660,26.965,27.042
1661,26.976,27.052
1662,26.968,27.056
1663,26.910,26.993
1664,26.923,27.013
1665,26.896,26.984
1666,26.897,26.998
1667,26.917,27.005
1668,26.836,26.933
1669,26.876,26.984
1670,26.838,26.926
1671,26.794,26.882
1672,26.763,26.853
1673,26.738,26.834
1674,26.676,26.766
1675,26.725,26.825
1676,26.694,26.799
1677,26.620,26.731
1678,26.649,26.766
1679,26.665,26.774
1680,26.653,26.750
1681,26.662,26.767
1682,26.640,26.743
1683,26.662,26.770
1684,26.620,26.731
1685,26.661,26.767
1686,26.778,26.881
1687,26.769,26.890
1688,26.728,26.837
1689,26.777,26.894
1690,26.775,26.886
1691,26.771,26.901
1692,26.839,26.947
1693,26.864,26.984
1694,26.872,26.986
1695,26.918,27.046
1696,26.952,27.076
1697,26.915,27.061
1698,26.875,27.003
1699,26.881,27.017
1700,26.886,27.005
1701,26.802,26.930
1702,26.830,26.947
1703,26.510,26.617
1704,26.838,26.955
1705,26.850,26.975
1706,26.857,26.979
1707,26.842,26.956
1708,26.863,26.985
1709,26.892,27.000
1710,27.053,27.160
1711,27.113,27.220
1712,27.122,27.248
1713,26.803,26.889
1714,27.182,27.312
1715,27.164,27.311
1716,27.229,27.349
1717,27.213,27.351
1718,27.205,27.361
1719,27.105,27.238
1720,27.159,27.312
1721,26.723,26.828
1722,27.093,27.214
1723,26.988,27.098
1724,27.156,27.282
1725,27.216,27.343
1726,27.241,27.353
1727,26.777,26.889
1728,27.175,27.308
1729,27.076,27.216
1730,27.149,27.276
1731,27.170,27.300
1732,27.180,27.324
1733,27.102,27.235
1734,27.131,27.275
1735,27.142,27.267
1736,27.190,27.333
1737,27.204,27.334
1738,27.229,27.382
1739,27.152,27.294
1740,27.125,27.269
1741,27.170,27.322
1742,27.177,27.326
1743,27.199,27.353
1744,27.157,27.305
1745,27.167,27.323
1746,27.156,27.323
1747,27.097,27.264
1748,27.175,27.339
1749,27.179,27.354
1750,27.204,27.370
1751,27.156,27.324
1752,27.186,27.358
1753,27.204,27.383
1754,27.158,27.333
1755,27.192,27.373
1756,27.216,27.390
1757,27.235,27.406
1758,27.230,27.398
1759,27.279,27.459
1760,27.269,27.434
1761,27.254,27.440
1762,27.207,27.380
1763,27.289,27.466
1764,27.222,27.402
1765,27.250,27.446
1766,27.276,27.465
1767,26.789,26.948
1768,26.840,27.001
1769,26.796,26.941
1770,27.248,27.425
1771,27.238,27.412
1772,27.261,27.419
1773,27.278,27.434
1774,27.284,27.456
1775,27.188,27.361
1776,27.227,27.392
1777,27.248,27.404
1778,27.127,27.290
1779,27.170,27.329
1780,27.066,27.224
1781,26.998,27.151
1782,26.929,27.069
1783,26.850,26.990
1784,26.882,27.023
1785,26.837,26.976
1786,26.797,26.946
1787,26.861,26.984
1788,26.892,27.023
1789,26.842,26.995
1790,26.946,27.084
1791,26.558,26.689
1792,27.018,27.176
1793,26.959,27.111
1794,27.016,27.166
1795,26.998,27.161
1796,27.081,27.247
1797,26.619,26.729
1798,27.011,27.157
1799,26.934,27.074
1800,26.882,27.014
1801,26.851,26.972
1802,26.914,27.047
1803,26.815,26.925
1804,26.762,26.877
1805,26.759,26.874
1806,26.713,26.823
1807,26.671,26.785
1808,26.701,26.817
1809,26.644,26.743
1810,26.614,26.710
1811,26.516,26.614
1812,26.499,26.593
1813,26.440,26.532
1814,26.413,26.495
1815,26.392,26.480
1816,26.373,26.453
1817,26.279,26.363
1818,26.170,26.253
1819,26.166,26.235
1820,26.123,26.186
1821,26.029,26.105
1822,26.017,26.089
1823,26.089,26.153
1824,26.124,26.196
1825,26.053,26.118
1826,26.038,26.100
1827,26.028,26.090
1828,25.989,26.068
1829,25.996,26.045
1830,26.028,26.091
1831,26.082,26.146
1832,26.128,26.203
1833,26.202,26.258
1834,26.167,26.230
1835,26.237,26.300
1836,26.206,26.279
1837,26.368,26.458
1838,26.191,26.277
1839,26.149,26.229
1840,26.254,26.316
1841,26.282,26.363
