0,20.245,20.255
1,20.248,20.252
2,20.235,20.245
3,20.170,20.170
4,20.251,20.274
5,20.163,20.148
6,20.233,20.234
7,20.226,20.215
8,20.251,20.265
9,20.169,20.161
10,20.279,20.280
11,20.228,20.245
12,20.127,20.117
13,20.161,20.157
14,20.097,20.081
15,20.123,20.118
16,20.043,20.027
17,20.076,20.078
18,20.019,20.009
19,20.050,20.047
20,20.015,20.005
21,20.031,20.033
22,19.957,19.948
23,19.960,19.971
24,19.915,19.909
25,19.929,19.938
26,19.918,19.928
27,19.831,19.821
28,19.820,19.826
29,19.774,19.763
30,19.796,19.801
31,19.801,19.816
32,19.681,19.675
33,19.648,19.652
34,19.626,19.639
35,19.514,19.511
36,19.509,19.515
37,19.453,19.445
38,19.441,19.441
39,19.420,19.424
40,19.321,19.314
41,19.333,19.333
42,19.307,19.308
43,19.308,19.317
44,19.414,19.434
45,19.415,19.426
46,19.476,19.481
47,19.493,19.506
48,19.495,19.489
49,19.540,19.540
50,19.602,19.594
51,19.639,19.637
52,19.685,19.671
53,19.735,19.735
54,19.776,19.775
55,19.787,19.777
56,19.851,19.854
57,19.841,19.835
58,19.893,19.894
59,19.892,19.882
60,19.927,19.918
61,19.942,19.940
62,19.919,19.907
63,19.892,19.874
64,19.862,19.838
65,19.841,19.817
66,19.818,19.806
67,19.769,19.748
68,19.745,19.722
69,19.722,19.699
70,19.704,19.691
71,19.660,19.643
72,19.615,19.602
73,19.591,19.579
74,19.591,19.584
75,19.562,19.543
76,19.546,19.539
77,19.530,19.507
78,19.560,19.558
79,19.556,19.544
80,19.531,19.510
81,19.503,19.484
82,19.523,19.500
83,19.502,19.477
84,19.513,19.494
85,19.502,19.474
86,19.507,19.473
87,19.489,19.464
88,19.539,19.523
89,19.545,19.529
90,19.585,19.548
91,19.598,19.581
92,19.618,19.601
93,19.644,19.626
94,19.648,19.631
95,19.680,19.656
96,19.686,19.657
97,19.677,19.645
98,19.720,19.686
99,19.746,19.718
100,19.749,19.725
101,19.779,19.747
102,19.826,19.795
103,19.830,19.795
104,19.859,19.826
105,19.859,19.825
106,19.899,19.866
107,19.878,19.837
108,19.901,19.861
109,19.923,19.883
110,19.931,19.893
111,19.949,19.917
112,19.968,19.929
113,19.982,19.937
114,19.997,19.953
115,20.021,19.988
116,20.047,20.013
117,20.068,20.025
118,20.084,20.040
119,19.994,19.958
120,19.982,19.952
121,19.989,19.955
122,20.036,19.995
123,20.027,19.990
124,20.040,20.007
125,19.958,19.930
126,19.936,19.903
127,19.894,19.860
128,19.934,19.899
129,19.921,19.889
130,19.928,19.899
131,19.926,19.896
132,19.939,19.907
133,19.921,19.883
134,19.934,19.910
135,19.928,19.908
136,19.931,19.910
137,19.921,19.889
138,19.920,19.887
139,19.928,19.894
140,19.935,19.911
141,19.940,19.917
142,19.953,19.932
143,19.937,19.909
144,19.939,19.904
145,19.936,19.905
146,19.926,19.886
147,19.931,19.911
148,19.938,19.906
149,19.918,19.888
150,19.931,19.896
151,19.935,19.898
152,19.944,19.912
153,19.924,19.891
154,19.951,19.912
155,19.935,19.900
156,19.940,19.917
157,19.938,19.915
158,19.940,19.911
159,19.931,19.904
160,20.003,19.959
161,20.012,19.966
162,20.021,19.971
163,19.937,19.909
164,19.938,19.912
165,20.026,19.987
166,20.018,19.982
167,20.004,19.960
168,20.021,19.974
169,20.013,19.969
170,19.999,19.961
171,20.010,19.979
172,20.016,19.974
173,19.993,19.941
174,20.014,19.959
175,20.013,19.971
176,20.005,19.965
177,19.978,19.935
178,19.961,19.915
179,19.932,19.882
180,19.924,19.880
181,19.923,19.889
182,19.926,19.891
183,19.881,19.843
184,19.868,19.834
185,19.864,19.818
186,19.829,19.780
187,19.797,19.751
188,19.797,19.760
189,19.779,19.749
190,19.788,19.754
191,19.761,19.728
192,19.745,19.714
193,19.708,19.675
194,19.710,19.679
195,19.697,19.664
196,19.664,19.640
197,19.671,19.643
198,19.664,19.635
199,19.633,19.600
200,19.622,19.579
201,19.604,19.564
202,19.567,19.535
203,19.551,19.530
204,19.564,19.537
205,19.543,19.513
206,19.537,19.510
207,19.511,19.480
208,19.511,19.489
209,19.486,19.455
210,19.489,19.454
211,19.475,19.448
212,19.554,19.524
213,19.567,19.544
214,19.579,19.554
215,19.557,19.522
216,19.532,19.497
217,19.542,19.520
218,19.529,19.499
219,19.512,19.479
220,19.507,19.467
221,19.505,19.476
222,19.490,19.453
223,19.491,19.463
224,19.492,19.464
225,19.489,19.450
226,19.504,19.475
227,19.500,19.469
228,19.514,19.482
229,19.518,19.480
230,19.530,19.486
231,19.548,19.507
232,19.555,19.528
233,19.551,19.523
234,19.562,19.530
235,19.537,19.506
236,19.523,19.488
237,19.521,19.495
238,19.514,19.482
239,19.577,19.545
240,19.565,19.528
241,19.572,19.539
242,19.503,19.467
243,19.485,19.453
244,19.489,19.457
245,19.476,19.446
246,19.486,19.450
247,19.521,19.503
248,19.526,19.510
249,19.526,19.493
250,19.503,19.469
251,19.474,19.437
252,19.461,19.435
253,19.227,19.180
254,19.228,19.185
255,19.229,19.175
256,19.468,19.438
257,19.475,19.443
258,19.236,19.189
259,19.470,19.445
260,19.494,19.469
261,19.500,19.472
262,19.551,19.517
263,19.578,19.536
264,19.591,19.553
265,19.591,19.555
266,19.354,19.301
267,19.331,19.275
268,19.309,19.255
269,19.272,19.213
270,19.293,19.240
271,19.305,19.251
272,19.308,19.254
273,19.327,19.269
274,19.350,19.298
275,19.399,19.343
276,19.666,19.622
277,19.717,19.668
278,19.786,19.740
279,19.817,19.767
280,19.852,19.805
281,19.877,19.822
282,19.910,19.856
283,19.934,19.876
284,19.945,19.884
285,19.965,19.901
286,20.005,19.946
287,19.969,19.909
288,19.996,19.949
289,20.003,19.946
290,20.076,20.009
291,20.126,20.061
292,20.159,20.098
293,20.171,20.105
294,20.190,20.127
295,20.188,20.131
296,20.205,20.139
297,20.155,20.097
298,20.196,20.150
299,20.177,20.121
300,20.189,20.146
301,20.150,20.101
302,20.150,20.111
303,20.125,20.075
304,20.118,20.071
305,20.108,20.067
306,20.078,20.033
307,20.091,20.051
308,20.073,20.024
309,20.067,20.021
310,20.065,20.014
311,20.061,20.020
312,20.047,19.992
313,20.062,20.008
314,20.046,19.990
315,20.063,20.021
316,20.044,19.987
317,20.046,20.001
318,20.054,19.995
319,20.045,19.998
320,20.033,19.975
321,20.020,19.961
322,20.014,19.966
323,20.075,20.006
324,20.084,20.031
325,20.070,20.002
326,20.083,20.027
327,20.069,20.000
328,19.834,19.766
329,19.808,19.730
330,19.833,19.766
331,19.816,19.747
332,19.809,19.744
333,19.812,19.747
334,20.071,20.008
335,20.064,20.003
336,20.031,19.965
337,20.029,19.966
338,19.997,19.936
339,20.001,19.943
340,19.995,19.931
341,19.955,19.897
342,19.919,19.858
343,19.910,19.850
344,19.905,19.844
345,19.891,19.834
346,19.868,19.811
347,19.879,19.819
348,19.864,19.805
349,19.785,19.734
350,19.787,19.743
351,19.788,19.735
352,19.824,19.778
353,19.810,19.757
354,19.828,19.783
355,19.885,19.824
356,19.924,19.880
357,20.029,19.991
358,19.985,19.964
359,20.029,20.014
360,20.054,20.038
361,19.986,19.973
362,19.923,19.909
363,19.916,19.887
364,19.905,19.883
365,19.919,19.893
366,19.911,19.882
367,19.935,19.905
368,19.931,19.911
369,19.928,19.906
370,19.923,19.901
371,19.920,19.895
372,19.896,19.862
373,19.917,19.888
374,19.928,19.900
375,19.937,19.906
376,19.924,19.895
377,19.957,19.934
378,19.979,19.958
379,20.005,19.976
380,20.005,19.979
381,20.022,19.996
382,20.019,20.001
383,20.067,20.056
384,20.059,20.036
385,20.059,20.040
386,20.079,20.065
387,20.113,20.110
388,20.170,20.175
389,20.219,20.217
390,20.185,20.191
391,20.168,20.172
392,20.132,20.140
393,20.095,20.100
394,20.100,20.111
395,20.136,20.143
396,20.080,20.096
397,20.083,20.103
398,20.015,20.016
399,19.986,19.987
400,19.913,19.914
401,19.913,19.919
402,19.849,19.852
403,19.871,19.864
404,19.866,19.867
405,19.823,19.822
406,19.820,19.833
407,19.835,19.843
408,19.805,19.805
409,19.784,19.803
410,19.717,19.728
411,19.720,19.728
412,19.707,19.703
413,19.677,19.688
414,19.647,19.647
415,19.628,19.630
416,19.546,19.552
417,19.494,19.503
418,19.456,19.474
419,19.407,19.425
420,19.362,19.381
421,19.351,19.362
422,19.334,19.351
423,19.352,19.365
424,19.341,19.365
425,19.336,19.364
426,19.211,19.246
427,19.280,19.316
428,19.342,19.372
429,19.247,19.273
430,19.218,19.257
431,19.236,19.282
432,19.247,19.294
433,19.192,19.248
434,19.231,19.285
435,19.196,19.244
436,19.198,19.247
437,19.179,19.214
438,19.204,19.239
439,19.149,19.190
440,19.112,19.149
441,19.152,19.194
442,19.150,19.199
443,19.125,19.169
444,19.087,19.127
445,19.080,19.115
446,19.049,19.086
447,19.049,19.102
448,19.105,19.154
449,19.147,19.192
450,19.197,19.241
451,19.168,19.207
452,19.189,19.226
453,19.155,19.187
454,19.168,19.219
455,19.318,19.372
456,19.368,19.411
457,19.431,19.465
458,19.420,19.456
459,19.430,19.468
460,19.420,19.455
461,19.460,19.498
462,19.472,19.517
463,19.457,19.499
464,19.503,19.545
465,19.537,19.576
466,19.581,19.621
467,19.569,19.605
468,19.591,19.626
469,19.563,19.603
470,19.567,19.613
471,19.622,19.674
472,19.613,19.671
473,19.623,19.671
474,19.630,19.677
475,19.713,19.752
476,19.698,19.738
477,19.690,19.732
478,19.717,19.759
479,19.745,19.786
480,19.758,19.806
481,19.788,19.841
482,19.835,19.909
483,19.883,19.972
484,19.977,20.037
485,20.125,20.172
486,19.829,19.854
487,19.899,19.937
488,19.974,20.021
489,19.980,20.005
490,20.289,20.344
491,20.294,20.357
492,20.406,20.457
493,20.418,20.480
494,20.483,20.534
495,20.631,20.700
496,20.687,20.745
497,20.780,20.835
498,20.862,20.916
499,20.886,20.935
500,20.919,20.992
501,20.813,20.870
502,20.890,20.945
503,20.818,20.892
504,20.894,20.974
505,21.008,21.084
506,21.082,21.162
507,21.104,21.166
508,21.127,21.188
509,21.132,21.196
510,21.184,21.249
511,21.213,21.292
512,21.159,21.224
513,21.178,21.243
514,21.164,21.221
515,21.189,21.236
516,21.205,21.254
517,21.198,21.234
518,21.204,21.241
519,21.247,21.293
520,21.203,21.238
521,21.105,21.142
522,21.118,21.162
523,21.118,21.165
524,21.063,21.110
525,20.957,21.015
526,20.892,20.938
527,20.838,20.905
528,20.716,20.765
529,20.661,20.719
530,20.645,20.705
531,20.460,20.520
532,20.365,20.433
533,20.268,20.324
534,20.194,20.255
535,20.247,20.311
536,20.224,20.283
537,20.202,20.276
538,20.312,20.388
539,20.222,20.294
540,20.352,20.425
541,20.236,20.309
542,20.238,20.318
543,20.248,20.321
544,20.302,20.376
545,20.295,20.357
546,20.615,20.689
547,20.047,20.091
548,20.254,20.320
549,20.210,20.272
550,20.157,20.205
551,20.098,20.175
552,20.119,20.187
553,20.184,20.252
554,20.201,20.261
555,20.218,20.284
556,20.269,20.322
557,20.341,20.400
558,19.928,19.979
559,20.441,20.504
560,20.382,20.456
561,20.364,20.417
562,20.453,20.515
563,20.422,20.483
564,20.374,20.429
565,20.360,20.424
566,20.328,20.389
567,20.292,20.358
568,20.216,20.277
569,20.172,20.224
570,20.125,20.185
571,20.129,20.196
572,20.048,20.102
573,20.012,20.075
574,20.054,20.102
575,20.056,20.096
576,20.019,20.066
577,20.010,20.057
578,20.025,20.070
579,19.991,20.029
580,20.003,20.036
581,20.005,20.048
582,19.917,19.962
583,20.052,20.074
584,19.599,19.626
585,19.926,19.977
586,19.901,19.941
587,19.880,19.933
588,19.760,19.815
589,19.725,19.761
590,19.814,19.848
591,19.888,19.930
592,19.924,19.962
593,19.960,19.988
594,20.001,20.017
595,20.009,20.050
596,19.917,19.958
597,19.924,19.968
598,19.917,19.956
599,19.874,19.913
600,19.829,19.867
601,19.868,19.911
602,19.824,19.845
603,19.793,19.813
604,19.808,19.832
605,19.822,19.853
606,19.790,19.835
607,19.820,19.840
608,19.801,19.812
609,19.796,19.822
610,19.804,19.824
611,19.934,19.962
612,19.499,19.529
613,19.484,19.513
614,19.526,19.557
615,19.536,19.565
616,19.834,19.858
617,19.771,19.795
618,19.649,19.684
619,19.640,19.676
620,19.560,19.591
621,19.665,19.694
622,19.270,19.288
623,19.256,19.279
624,19.283,19.310
625,19.295,19.316
626,19.284,19.301
627,19.345,19.363
628,19.349,19.369
629,19.736,19.759
630,19.764,19.772
631,19.745,19.753
632,19.492,19.500
633,19.531,19.530
634,19.573,19.574
635,20.026,20.050
636,20.064,20.087
637,20.045,20.056
638,20.030,20.050
639,20.039,20.057
640,19.746,19.758
641,19.996,20.014
642,19.963,19.988
643,19.958,19.988
644,19.955,19.997
645,20.009,20.055
646,20.106,20.161
647,19.988,20.028
648,19.979,20.015
649,19.965,20.000
650,19.914,19.963
651,19.841,19.887
652,19.819,19.858
653,19.792,19.834
654,19.746,19.785
655,19.734,19.765
656,19.667,19.706
657,19.621,19.664
658,19.583,19.612
659,19.623,19.662
660,19.539,19.573
661,19.547,19.594
662,19.490,19.534
663,19.479,19.527
664,19.447,19.481
665,19.515,19.554
666,19.267,19.289
667,19.317,19.347
668,19.319,19.351
669,19.415,19.448
670,19.579,19.619
671,19.646,19.695
672,19.660,19.707
673,19.777,19.843
674,19.704,19.774
675,19.738,19.815
676,19.755,19.820
677,19.734,19.807
678,19.758,19.835
679,19.803,19.886
680,19.858,19.947
681,19.813,19.896
682,19.782,19.865
683,19.894,19.958
684,19.883,19.950
685,19.877,19.944
686,19.941,20.010
687,20.029,20.105
688,19.975,20.054
689,20.026,20.088
690,20.137,20.224
691,20.018,20.087
692,20.055,20.132
693,20.096,20.182
694,20.061,20.127
695,20.110,20.190
696,20.137,20.208
697,20.227,20.300
698,20.150,20.229
699,20.155,20.216
700,20.197,20.267
701,20.193,20.247
702,20.223,20.279
703,20.226,20.283
704,20.229,20.290
705,20.242,20.302
706,20.240,20.296
707,20.251,20.301
708,20.257,20.307
709,20.264,20.313
710,20.292,20.352
711,20.227,20.269
712,20.170,20.208
713,20.219,20.255
714,20.139,20.192
715,20.044,20.066
716,20.006,20.029
717,19.942,19.966
718,20.047,20.099
719,20.009,20.039
720,19.968,19.999
721,19.939,19.993
722,19.794,19.846
723,19.819,19.870
724,19.924,19.991
725,19.912,19.988
726,19.906,19.959
727,19.987,20.049
728,19.983,20.042
729,19.975,20.014
730,19.906,19.935
731,19.916,19.964
732,20.028,20.095
733,19.934,19.989
734,19.804,19.870
735,19.815,19.889
736,19.819,19.893
737,19.842,19.911
738,19.896,19.968
739,19.657,19.718
740,19.923,20.014
741,19.971,20.060
742,20.019,20.110
743,19.959,20.038
744,19.980,20.057
745,20.022,20.122
746,19.928,20.031
747,20.046,20.130
748,20.038,20.126
749,19.551,19.606
750,19.539,19.593
751,19.522,19.576
752,19.517,19.573
753,19.931,20.001
754,19.820,19.889
755,19.863,19.927
756,19.933,20.003
757,19.822,19.889
758,19.827,19.906
759,19.872,19.949
760,19.828,19.900
761,19.799,19.871
762,19.881,19.952
763,19.482,19.530
764,19.867,19.928
765,19.781,19.851
766,19.704,19.769
767,19.741,19.805
768,19.753,19.824
769,19.800,19.872
770,19.837,19.900
771,19.840,19.909
772,19.990,20.049
773,20.045,20.111
774,19.995,20.055
775,20.005,20.080
776,20.086,20.160
777,20.064,20.137
778,20.067,20.150
779,20.043,20.134
780,20.104,20.193
781,20.068,20.157
782,20.065,20.149
783,20.065,20.149
784,20.175,20.277
785,19.771,19.854
786,19.785,19.877
787,20.252,20.369
788,20.157,20.271
789,20.141,20.269
790,20.224,20.348
791,20.228,20.343
792,20.170,20.279
793,19.706,19.794
794,19.708,19.806
795,20.063,20.166
796,19.934,20.034
797,20.029,20.124
798,19.958,20.058
799,20.066,20.179
800,19.988,20.085
801,19.949,20.052
802,19.877,19.977
803,19.835,19.929
804,19.851,19.966
805,19.886,20.004
806,19.938,20.053
807,19.950,20.059
808,19.944,20.049
809,19.882,19.966
810,20.040,20.130
811,20.252,20.368
812,20.072,20.177
813,20.081,20.190
814,20.102,20.210
815,20.152,20.276
816,20.197,20.317
817,20.341,20.458
818,20.355,20.474
819,20.448,20.572
820,20.400,20.531
821,20.375,20.493
822,20.335,20.459
823,20.436,20.564
824,20.093,20.193
825,20.073,20.162
826,20.376,20.494
827,20.460,20.571
828,20.447,20.551
829,20.453,20.554
830,20.442,20.544
831,20.481,20.576
832,20.418,20.529
833,20.407,20.508
834,20.599,20.701
835,20.432,20.546
836,20.401,20.502
837,20.525,20.624
838,20.144,20.244
839,20.619,20.736
840,20.526,20.642
841,20.571,20.687
842,20.557,20.680
843,20.563,20.692
844,20.579,20.701
845,20.667,20.803
846,20.681,20.803
847,20.657,20.781
848,20.695,20.827
849,20.661,20.788
850,20.609,20.738
851,20.728,20.872
852,20.593,20.729
853,20.638,20.766
854,20.579,20.704
855,20.538,20.665
856,20.547,20.668
857,20.656,20.783
858,20.578,20.709
859,20.571,20.692
860,20.551,20.688
861,20.472,20.609
862,20.551,20.687
863,20.657,20.805
864,20.537,20.683
865,20.568,20.714
866,20.540,20.682
867,20.547,20.686
868,20.062,20.178
869,20.569,20.706
870,20.521,20.655
871,20.370,20.500
872,20.400,20.542
873,20.320,20.457
874,20.213,20.346
875,20.126,20.259
876,20.170,20.306
877,20.108,20.233
878,20.133,20.245
879,20.089,20.205
880,20.208,20.349
881,20.129,20.248
882,20.094,20.218
883,20.074,20.185
884,20.028,20.153
885,19.992,20.117
886,19.975,20.092
887,20.068,20.209
888,19.904,20.036
889,19.750,19.858
890,19.730,19.853
891,19.843,19.947
892,19.907,20.001
893,20.077,20.195
894,20.092,20.178
895,20.045,20.140
896,20.193,20.303
897,20.232,20.322
898,19.890,19.965
899,20.018,20.093
900,20.651,20.752
901,20.193,20.271
902,20.514,20.605
903,20.530,20.630
904,20.637,20.747
905,20.329,20.446
906,20.302,20.416
907,20.094,20.188
908,20.109,20.213
909,20.092,20.185
910,20.176,20.257
911,20.331,20.415
912,20.351,20.427
913,20.436,20.517
914,20.732,20.825
915,20.761,20.855
916,20.547,20.609
917,20.946,21.041
918,20.962,21.061
919,20.953,21.038
920,20.900,20.964
921,20.904,20.974
922,21.012,21.078
923,20.890,20.935
924,20.943,20.982
925,20.946,20.985
926,20.861,20.890
927,20.936,20.968
928,20.995,21.032
929,20.827,20.857
930,20.918,20.957
931,20.961,21.000
932,21.089,21.128
933,21.070,21.096
934,21.230,21.273
935,21.186,21.220
936,20.867,20.891
937,21.316,21.366
938,21.251,21.293
939,21.217,21.262
940,21.190,21.220
941,21.229,21.285
942,21.216,21.257
943,21.192,21.224
944,21.208,21.232
945,21.329,21.378
946,21.304,21.357
947,21.247,21.300
948,20.983,21.035
949,20.899,20.955
950,21.248,21.298
951,21.062,21.101
952,21.132,21.185
953,20.700,20.732
954,21.136,21.174
955,21.002,21.044
956,20.765,20.794
957,20.768,20.780
958,20.751,20.768
959,20.757,20.782
960,20.724,20.739
961,20.696,20.708
962,20.727,20.730
963,20.744,20.779
964,20.714,20.735
965,20.728,20.761
966,20.716,20.730
967,20.653,20.666
968,20.645,20.635
969,20.642,20.638
970,20.621,20.615
971,20.764,20.762
972,20.628,20.621
973,20.616,20.619
974,20.581,20.583
975,20.536,20.527
976,20.536,20.518
977,20.555,20.532
978,20.617,20.609
979,20.725,20.712
980,20.660,20.643
981,20.649,20.621
982,20.265,20.248
983,20.249,20.228
984,20.220,20.194
985,20.552,20.520
986,20.525,20.483
987,20.527,20.499
988,20.420,20.405
989,20.420,20.398
990,20.443,20.419
991,20.452,20.424
992,20.418,20.388
993,20.491,20.471
994,20.447,20.422
995,20.391,20.359
996,20.458,20.425
997,20.472,20.426
998,20.160,20.126
999,20.105,20.074
1000,20.192,20.157
1001,20.494,20.457
1002,20.568,20.541
1003,20.428,20.413
1004,20.455,20.438
1005,20.417,20.402
1006,20.449,20.440
1007,20.350,20.347
1008,20.332,20.328
1009,20.297,20.293
1010,20.303,20.316
1011,20.295,20.311
1012,20.271,20.280
1013,20.258,20.250
1014,20.271,20.263
1015,20.221,20.212
1016,20.156,20.148
1017,20.152,20.142
1018,20.141,20.129
1019,20.093,20.089
1020,20.072,20.055
1021,20.045,20.031
1022,19.983,19.964
1023,19.993,19.974
1024,20.009,20.017
1025,20.002,20.012
1026,19.947,19.952
1027,19.954,19.948
1028,19.943,19.947
1029,19.949,19.959
1030,19.940,19.945
1031,19.875,19.897
1032,19.901,19.899
1033,19.849,19.841
1034,19.840,19.830
1035,19.824,19.801
1036,19.723,19.718
1037,19.718,19.715
1038,19.669,19.671
1039,19.647,19.648
1040,19.605,19.594
1041,19.666,19.674
1042,19.626,19.629
1043,19.615,19.617
1044,19.591,19.593
1045,19.603,19.615
1046,19.599,19.606
1047,19.545,19.551
1048,19.577,19.579
1049,19.569,19.565
1050,19.525,19.539
1051,19.564,19.583
1052,19.477,19.500
1053,19.439,19.479
1054,19.430,19.470
1055,19.410,19.451
1056,19.404,19.438
1057,19.416,19.445
1058,19.413,19.441
1059,19.481,19.514
1060,19.516,19.547
1061,19.512,19.538
1062,19.529,19.556
1063,19.555,19.594
1064,19.519,19.559
1065,19.544,19.586
1066,19.604,19.654
1067,19.524,19.567
1068,19.515,19.546
1069,19.484,19.515
1070,19.459,19.489
1071,19.482,19.526
1072,19.488,19.517
1073,19.458,19.494
1074,19.425,19.460
1075,19.456,19.486
1076,19.494,19.525
1077,19.578,19.605
1078,19.522,19.565
1079,19.546,19.584
1080,19.553,19.585
1081,19.519,19.560
1082,19.601,19.657
1083,19.611,19.675
1084,19.573,19.635
1085,19.549,19.608
1086,19.592,19.633
1087,19.592,19.637
1088,19.560,19.605
1089,19.599,19.656
1090,19.540,19.591
1091,19.576,19.626
1092,19.558,19.622
1093,19.542,19.584
1094,19.511,19.553
1095,19.484,19.540
1096,19.553,19.609
1097,19.546,19.607
1098,19.570,19.632
1099,19.544,19.599
1100,19.570,19.628
1101,19.572,19.633
1102,19.574,19.622
1103,19.584,19.637
1104,19.547,19.602
1105,19.551,19.618
1106,19.550,19.610
1107,19.599,19.666
1108,19.555,19.613
1109,19.601,19.662
1110,19.604,19.654
1111,19.643,19.697
1112,19.624,19.689
1113,19.633,19.687
1114,19.674,19.740
1115,19.681,19.748
1116,19.712,19.770
1117,19.702,19.764
1118,19.719,19.786
1119,19.679,19.733
1120,19.730,19.798
1121,19.721,19.776
1122,19.696,19.743
1123,19.696,19.760
1124,19.699,19.744
1125,19.677,19.737
1126,19.652,19.711
1127,19.694,19.761
1128,19.628,19.686
1129,19.654,19.707
1130,19.659,19.714
1131,19.672,19.709
1132,19.698,19.758
1133,19.646,19.685
1134,19.699,19.768
1135,19.693,19.736
1136,19.677,19.751
1137,19.663,19.719
1138,19.704,19.766
1139,19.654,19.706
1140,19.654,19.695
1141,19.662,19.710
1142,19.644,19.704
1143,19.635,19.695
1144,19.642,19.689
1145,19.653,19.705
1146,19.642,19.696
1147,19.644,19.683
1148,19.672,19.712
1149,19.706,19.755
1150,19.668,19.706
1151,19.753,19.808
1152,19.756,19.790
1153,19.736,19.779
1154,19.760,19.798
1155,19.820,19.863
1156,19.814,19.847
1157,19.815,19.861
1158,19.851,19.889
1159,19.857,19.904
1160,19.813,19.826
1161,19.803,19.826
1162,19.822,19.843
1163,19.757,19.788
1164,19.775,19.806
1165,19.791,19.841
1166,19.787,19.832
1167,19.772,19.810
1168,19.794,19.835
1169,19.780,19.828
1170,19.737,19.780
1171,19.721,19.768
1172,19.742,19.789
1173,19.711,19.766
1174,19.669,19.714
1175,19.775,19.814
1176,19.899,19.945
1177,19.946,19.983
1178,19.969,20.007
1179,19.992,20.027
1180,19.998,20.027
1181,20.000,20.032
1182,20.017,20.051
1183,20.022,20.055
1184,20.002,20.038
1185,20.033,20.065
1186,20.024,20.043
1187,20.052,20.084
1188,20.006,20.032
1189,20.052,20.076
1190,20.043,20.055
1191,20.046,20.063
1192,20.016,20.031
1193,20.072,20.091
1194,20.067,20.068
1195,20.068,20.084
1196,20.083,20.096
1197,20.093,20.111
1198,20.058,20.068
1199,20.094,20.113
1200,20.098,20.108
1201,20.087,20.114
1202,20.167,20.230
1203,20.139,20.208
1204,20.098,20.152
1205,20.094,20.154
1206,20.093,20.134
1207,20.098,20.136
1208,20.059,20.101
1209,20.080,20.112
1210,20.089,20.133
1211,20.070,20.106
1212,20.063,20.106
1213,20.078,20.106
1214,20.086,20.115
1215,20.073,20.102
1216,20.057,20.074
1217,20.063,20.087
1218,20.062,20.083
1219,20.053,20.082
1220,20.073,20.091
1221,20.064,20.089
1222,20.044,20.065
1223,20.065,20.085
1224,20.060,20.077
1225,20.049,20.067
1226,20.055,20.067
1227,20.072,20.097
1228,20.053,20.072
1229,20.055,20.070
1230,20.080,20.111
1231,20.067,20.100
1232,20.056,20.094
1233,20.053,20.083
1234,20.075,20.106
1235,20.057,20.087
1236,20.046,20.080
1237,20.066,20.096
1238,20.073,20.102
1239,20.062,20.092
1240,20.056,20.087
1241,20.073,20.099
1242,20.082,20.118
1243,20.061,20.090
1244,20.072,20.103
1245,20.075,20.104
1246,20.048,20.079
1247,20.055,20.082
1248,20.075,20.098
1249,20.052,20.082
1250,20.046,20.056
1251,20.063,20.080
1252,20.066,20.075
1253,20.036,20.052
1254,20.063,20.077
1255,20.056,20.077
1256,20.047,20.049
1257,20.057,20.070
1258,20.062,20.072
1259,20.055,20.075
1260,20.046,20.062
1261,20.056,20.070
1262,20.067,20.072
1263,20.041,20.059
1264,20.055,20.073
1265,20.077,20.098
1266,20.049,20.061
1267,20.053,20.057
1268,20.070,20.079
1269,20.070,20.083
1270,20.063,20.082
1271,20.069,20.083
1272,20.086,20.101
1273,20.056,20.075
1274,20.044,20.062
1275,20.061,20.072
1276,20.058,20.078
1277,20.033,20.049
1278,20.038,20.054
1279,20.058,20.084
1280,20.044,20.056
1281,20.047,20.071
1282,20.066,20.079
1283,20.051,20.072
1284,20.045,20.054
1285,20.055,20.072
1286,20.066,20.078
1287,20.053,20.065
1288,20.057,20.071
1289,20.067,20.087
1290,20.072,20.076
1291,20.038,20.049
1292,20.048,20.062
1293,20.053,20.073
1294,20.042,20.051
1295,20.051,20.066
1296,20.054,20.069
1297,20.072,20.085
1298,20.064,20.084
1299,20.062,20.078
1300,20.062,20.079
1301,20.048,20.063
1302,20.048,20.057
1303,20.070,20.084
1304,20.048,20.055
1305,20.039,20.046
1306,20.063,20.072
1307,20.057,20.078
1308,20.048,20.063
1309,20.046,20.061
1310,20.055,20.074
1311,20.045,20.061
1312,20.041,20.056
1313,20.061,20.075
1314,20.047,20.076
1315,20.032,20.050
1316,20.052,20.062
1317,20.058,20.069
1318,20.043,20.052
1319,20.043,20.058
1320,20.050,20.066
1321,20.045,20.062
1322,20.023,20.041
1323,20.030,20.048
1324,20.040,20.055
1325,20.031,20.051
1326,20.020,20.033
1327,20.054,20.074
1328,20.045,20.064
1329,20.033,20.056
1330,20.057,20.065
1331,20.086,20.090
1332,20.080,20.080
1333,20.077,20.088
1334,20.057,20.072
1335,20.075,20.098
1336,20.083,20.094
1337,20.091,20.099
1338,20.100,20.105
1339,20.075,20.080
1340,20.074,20.085
1341,20.085,20.099
1342,20.083,20.095
1343,20.079,20.088
1344,20.097,20.102
1345,20.100,20.105
1346,20.059,20.074
1347,20.083,20.091
1348,20.098,20.108
1349,20.085,20.096
1350,20.089,20.096
1351,20.090,20.101
1352,20.087,20.101
1353,20.084,20.102
1354,20.088,20.098
1355,20.087,20.097
1356,20.074,20.089
1357,20.071,20.075
1358,20.085,20.091
1359,20.083,20.091
1360,20.066,20.066
1361,20.069,20.075
1362,20.089,20.096
1363,20.060,20.070
1364,20.054,20.071
1365,20.084,20.089
1366,20.079,20.091
1367,20.062,20.070
1368,20.081,20.088
1369,20.084,20.096
1370,20.065,20.079
1371,20.073,20.080
1372,20.074,20.082
1373,20.087,20.093
1374,20.061,20.075
1375,20.084,20.092
1376,20.088,20.094
1377,20.078,20.101
1378,20.076,20.083
1379,20.069,20.073
1380,20.064,20.074
1381,20.057,20.057
1382,20.080,20.085
1383,20.078,20.086
1384,20.048,20.052
1385,20.071,20.070
1386,20.082,20.079
1387,20.074,20.078
1388,20.067,20.071
1389,20.085,20.090
1390,20.082,20.087
1391,20.063,20.068
1392,20.072,20.073
1393,20.086,20.086
1394,20.070,20.070
1395,20.046,20.055
1396,20.074,20.072
1397,20.074,20.081
1398,20.051,20.059
1399,20.067,20.075
1400,20.087,20.080
1401,20.087,20.090
1402,20.070,20.071
1403,20.084,20.089
1404,20.077,20.079
1405,20.077,20.084
1406,20.066,20.072
1407,20.072,20.076
1408,20.071,20.077
1409,20.060,20.064
1410,20.080,20.087
1411,20.075,20.084
1412,20.067,20.072
1413,20.069,20.077
1414,20.086,20.084
1415,20.060,20.070
1416,20.057,20.063
1417,20.075,20.086
1418,20.074,20.081
1419,20.060,20.066
1420,20.067,20.072
1421,20.079,20.086
1422,20.060,20.065
1423,20.046,20.050
1424,20.080,20.089
1425,20.077,20.088
1426,20.059,20.068
1427,20.075,20.082
1428,20.079,20.081
1429,20.064,20.071
1430,20.070,20.071
1431,20.089,20.095
1432,20.085,20.094
1433,20.072,20.079
1434,20.081,20.079
1435,20.087,20.093
1436,20.083,20.088
1437,20.078,20.097
1438,20.087,20.091
1439,20.088,20.094
1440,20.072,20.080
1441,20.080,20.081
1442,20.120,20.128
1443,20.100,20.110
1444,20.099,20.126
1445,20.115,20.138
1446,20.108,20.120
1447,20.105,20.131
1448,20.097,20.108
1449,20.093,20.103
1450,20.105,20.127
1451,20.086,20.101
1452,20.096,20.108
1453,20.084,20.094
1454,20.074,20.091
1455,20.085,20.099
1456,20.092,20.101
1457,20.074,20.087
1458,20.085,20.101
1459,20.096,20.107
1460,20.086,20.099
1461,20.066,20.083
1462,20.090,20.090
1463,20.098,20.105
1464,20.087,20.095
1465,20.083,20.096
1466,20.094,20.110
1467,20.088,20.105
1468,20.076,20.091
1469,20.094,20.105
1470,20.092,20.099
1471,20.087,20.100
1472,20.085,20.093
1473,20.087,20.096
1474,20.091,20.099
1475,20.075,20.095
1476,20.075,20.086
1477,20.084,20.093
1478,20.069,20.077
1479,20.065,20.082
1480,20.085,20.094
1481,20.074,20.092
1482,20.067,20.074
1483,20.086,20.096
1484,20.091,20.092
1485,20.072,20.078
1486,20.065,20.074
1487,20.092,20.106
1488,20.083,20.096
1489,20.045,20.058
1490,20.074,20.079
1491,20.088,20.096
1492,20.059,20.069
1493,20.056,20.065
1494,20.078,20.084
1495,20.076,20.087
1496,20.056,20.067
1497,20.081,20.091
1498,20.087,20.094
1499,20.062,20.071
1500,20.070,20.071
1501,20.090,20.094
1502,20.077,20.086
1503,20.061,20.076
1504,20.062,20.064
1505,20.082,20.083
1506,20.064,20.066
1507,20.064,20.072
1508,20.091,20.099
1509,20.074,20.086
1510,20.064,20.066
1511,20.074,20.078
1512,20.085,20.088
1513,20.063,20.069
1514,20.061,20.069
1515,20.094,20.096
1516,20.077,20.080
1517,20.066,20.073
1518,20.079,20.080
1519,20.089,20.082
1520,20.078,20.081
1521,20.072,20.077
1522,20.085,20.082
1523,20.081,20.093
1524,20.062,20.074
1525,20.078,20.080
1526,20.085,20.083
1527,20.052,20.061
1528,20.054,20.061
1529,20.085,20.093
1530,20.087,20.090
1531,20.075,20.085
1532,20.084,20.081
1533,20.095,20.094
1534,20.059,20.060
1535,20.075,20.081
1536,20.081,20.092
1537,20.077,20.085
1538,20.067,20.073
1539,20.067,20.075
1540,20.082,20.083
1541,20.064,20.075
1542,20.072,20.075
1543,20.089,20.095
1544,20.087,20.085
1545,20.056,20.064
1546,20.072,20.076
1547,20.082,20.081
1548,20.064,20.068
1549,20.064,20.069
1550,20.087,20.087
1551,20.074,20.084
1552,20.072,20.075
1553,20.082,20.076
1554,20.093,20.086
1555,20.072,20.071
1556,20.063,20.068
1557,20.074,20.079
1558,20.066,20.069
1559,20.053,20.059
1560,20.070,20.076
1561,20.092,20.094
1562,20.072,20.079
1563,20.077,20.085
1564,20.092,20.096
1565,20.085,20.086
1566,20.078,20.084
1567,20.081,20.093
1568,20.080,20.080
1569,20.066,20.070
1570,20.082,20.086
1571,20.081,20.085
1572,20.068,20.073
1573,20.077,20.081
1574,20.080,20.090
1575,20.100,20.109
1576,20.077,20.078
1577,20.065,20.066
1578,20.085,20.079
1579,20.083,20.083
1580,20.071,20.078
1581,20.077,20.083
1582,20.096,20.096
1583,20.072,20.070
1584,20.082,20.085
1585,20.085,20.084
1586,20.069,20.069
1587,20.052,20.050
1588,20.066,20.066
1589,20.071,20.074
1590,20.051,20.050
1591,20.058,20.057
1592,20.058,20.066
1593,20.075,20.077
1594,20.058,20.067
1595,20.084,20.104
1596,20.120,20.128
1597,20.206,20.252
1598,20.163,20.218
1599,20.114,20.163
1600,20.101,20.164
1601,20.088,20.141
1602,20.072,20.115
1603,20.078,20.117
1604,20.038,20.068
1605,20.041,20.080
1606,20.071,20.110
1607,20.060,20.092
1608,20.047,20.076
1609,20.048,20.078
1610,20.074,20.108
1611,20.037,20.066
1612,20.052,20.088
1613,20.058,20.095
1614,20.058,20.089
1615,20.066,20.103
1616,20.052,20.083
1617,20.063,20.111
1618,20.069,20.101
1619,20.107,20.149
1620,20.157,20.205
1621,20.185,20.236
1622,20.177,20.239
1623,20.236,20.303
1624,20.243,20.303
1625,20.208,20.262
1626,20.186,20.261
1627,20.171,20.233
1628,20.203,20.267
1629,20.170,20.232
1630,20.218,20.288
1631,20.218,20.270
1632,20.184,20.244
1633,20.278,20.362
1634,20.318,20.399
1635,20.225,20.294
1636,20.208,20.285
1637,20.254,20.326
1638,20.252,20.327
1639,20.232,20.303
1640,20.273,20.349
1641,20.331,20.410
1642,20.259,20.311
1643,20.249,20.321
1644,20.274,20.348
1645,20.264,20.337
1646,20.233,20.298
1647,20.260,20.343
1648,20.271,20.343
1649,20.225,20.312
1650,20.220,20.309
1651,20.263,20.333
1652,20.257,20.335
1653,20.233,20.313
1654,20.259,20.348
1655,20.268,20.349
1656,20.272,20.352
1657,20.286,20.360
1658,20.309,20.389
1659,20.336,20.421
1660,20.332,20.408
1661,20.324,20.400
1662,20.338,20.426
1663,20.287,20.370
1664,20.309,20.399
1665,20.287,20.375
1666,20.285,20.386
1667,20.308,20.396
1668,20.254,20.351
1669,20.290,20.398
1670,20.245,20.333
1671,20.218,20.306
1672,20.188,20.277
1673,20.162,20.258
1674,20.108,20.199
1675,20.161,20.262
1676,20.129,20.234
1677,20.056,20.167
1678,20.084,20.202
1679,20.109,20.218
1680,20.111,20.208
1681,20.118,20.223
1682,20.106,20.210
1683,20.146,20.254
1684,20.136,20.247
1685,20.201,20.307
1686,20.318,20.421
1687,20.323,20.444
1688,20.302,20.410
1689,20.386,20.502
1690,20.394,20.506
1691,20.404,20.534
1692,20.462,20.570
1693,20.522,20.642
1694,20.514,20.629
1695,20.565,20.692
1696,20.605,20.729
1697,20.588,20.734
1698,20.538,20.666
1699,20.542,20.678
1700,20.550,20.669
1701,20.469,20.597
1702,20.490,20.607
1703,20.138,20.246
1704,20.439,20.556
1705,20.426,20.552
1706,20.416,20.538
1707,20.396,20.510
1708,20.422,20.544
1709,20.470,20.578
1710,20.663,20.770
1711,20.743,20.849
1712,20.777,20.904
1713,20.491,20.578
1714,20.899,21.030
1715,20.882,21.029
1716,20.953,21.072
1717,20.960,21.098
1718,20.973,21.128
1719,20.886,21.019
1720,20.936,21.088
1721,20.452,20.557
1722,20.772,20.893
1723,20.642,20.752
1724,20.807,20.933
1725,20.892,21.019
1726,20.967,21.079
1727,20.547,20.659
1728,21.005,21.138
1729,20.935,21.075
1730,21.027,21.153
1731,21.041,21.172
1732,21.072,21.215
1733,20.981,21.115
1734,21.017,21.161
1735,21.028,21.153
1736,21.006,21.149
1737,21.002,21.131
1738,21.027,21.180
1739,20.961,21.103
1740,20.944,21.088
1741,20.979,21.131
1742,21.003,21.152
1743,21.033,21.187
1744,20.997,21.146
1745,21.040,21.196
1746,21.046,21.213
1747,20.968,21.135
1748,21.056,21.221
1749,21.048,21.223
1750,21.066,21.232
1751,21.022,21.190
1752,21.038,21.209
1753,21.051,21.230
1754,21.003,21.178
1755,21.034,21.215
1756,21.060,21.234
1757,21.037,21.208
1758,21.023,21.191
1759,21.064,21.244
1760,21.063,21.227
1761,21.072,21.257
1762,21.027,21.200
1763,21.097,21.273
1764,21.019,21.198
1765,21.028,21.224
1766,21.053,21.242
1767,20.541,20.701
1768,20.573,20.734
1769,20.579,20.724
1770,21.036,21.213
1771,21.034,21.208
1772,21.035,21.193
1773,21.057,21.214
1774,21.086,21.258
1775,21.070,21.243
1776,21.126,21.292
1777,21.162,21.318
1778,21.006,21.169
1779,21.031,21.190
1780,20.895,21.053
1781,20.873,21.025
1782,20.795,20.935
1783,20.704,20.843
1784,20.691,20.832
1785,20.617,20.757
1786,20.565,20.715
1787,20.637,20.760
1788,20.669,20.800
1789,20.642,20.795
1790,20.777,20.916
1791,20.432,20.563
1792,20.932,21.090
1793,20.866,21.018
1794,20.937,21.087
1795,20.927,21.090
1796,21.034,21.200
1797,20.576,20.687
1798,20.947,21.093
1799,20.846,20.987
1800,20.775,20.906
1801,20.721,20.843
1802,20.804,20.937
1803,20.698,20.807
1804,20.652,20.767
1805,20.669,20.784
1806,20.640,20.750
1807,20.630,20.744
1808,20.669,20.784
1809,20.622,20.721
1810,20.631,20.726
1811,20.553,20.651
1812,20.534,20.627
1813,20.483,20.575
1814,20.447,20.530
1815,20.426,20.514
1816,20.405,20.485
1817,20.321,20.405
1818,20.220,20.303
1819,20.214,20.283
1820,20.168,20.231
1821,20.072,20.148
1822,20.045,20.117
1823,20.037,20.101
1824,20.036,20.108
1825,19.928,19.993
1826,19.854,19.916
1827,19.822,19.884
1828,19.777,19.856
1829,19.817,19.865
1830,19.879,19.942
1831,19.964,20.028
1832,19.976,20.051
1833,20.054,20.110
1834,20.001,20.064
1835,20.091,20.154
1836,20.048,20.121
1837,20.200,20.291
1838,19.989,20.075
1839,19.918,19.997
1840,19.976,20.037
1841,19.974,20.055
