0,14.592,16.299
1,14.589,16.294
2,14.603,16.299
3,14.558,16.268
4,14.563,16.262
5,14.556,16.271
6,14.518,16.226
7,14.666,16.356
8,14.707,16.393
9,14.754,16.454
10,14.683,16.364
11,14.677,16.365
12,14.671,16.385
13,14.697,16.413
14,14.707,16.436
15,14.721,16.462
16,14.758,16.501
17,14.757,16.519
18,14.755,16.501
19,14.769,16.528
20,14.774,16.532
21,14.794,16.553
22,14.794,16.567
23,14.822,16.585
24,14.820,16.582
25,14.868,16.658
26,14.885,16.674
27,14.886,16.680
28,14.872,16.665
29,14.904,16.694
30,14.892,16.707
31,14.942,16.764
32,14.964,16.780
33,14.980,16.790
34,14.993,16.822
35,15.043,16.894
36,15.021,16.873
37,15.008,16.849
38,15.047,16.884
39,15.026,16.861
40,15.028,16.869
41,15.047,16.894
42,15.036,16.875
43,15.077,16.927
44,15.049,16.911
45,15.080,16.937
46,15.083,16.940
47,15.069,16.908
48,15.106,16.970
49,15.040,16.864
50,15.055,16.861
51,15.051,16.860
52,15.020,16.805
53,15.018,16.808
54,15.046,16.856
55,15.045,16.834
56,15.062,16.850
57,15.068,16.855
58,15.052,16.848
59,15.047,16.832
60,15.051,16.844
61,15.023,16.801
62,15.006,16.789
63,15.036,16.817
64,15.011,16.785
65,14.994,16.752
66,15.018,16.789
67,14.980,16.732
68,14.981,16.724
69,14.968,16.703
70,14.985,16.726
71,14.979,16.718
72,14.979,16.697
73,14.992,16.709
74,14.961,16.674
75,14.942,16.648
76,14.960,16.656
77,14.885,16.548
78,14.970,16.670
79,14.937,16.642
80,14.918,16.602
81,14.946,16.627
82,14.998,16.695
83,14.989,16.700
84,14.933,16.596
85,14.908,16.546
86,14.951,16.603
87,14.900,16.531
88,14.849,16.457
89,14.854,16.480
90,14.829,16.430
91,14.831,16.456
92,14.788,16.400
93,14.795,16.450
94,14.778,16.420
95,14.834,16.472
96,14.848,16.474
97,14.891,16.518
98,14.944,16.589
99,14.910,16.521
100,14.938,16.549
101,14.955,16.562
102,14.948,16.545
103,14.964,16.561
104,14.988,16.589
105,14.978,16.578
106,14.937,16.525
107,14.993,16.591
108,15.001,16.613
109,15.011,16.604
110,15.012,16.607
111,14.952,16.526
112,14.917,16.491
113,14.905,16.481
114,14.899,16.461
115,14.931,16.496
116,14.946,16.508
117,14.933,16.480
118,14.952,16.504
119,14.982,16.549
120,14.959,16.491
121,14.992,16.548
122,15.003,16.557
123,15.021,16.559
124,15.128,16.658
125,15.259,16.796
126,15.278,16.849
127,15.163,16.734
128,15.110,16.691
129,15.095,16.676
130,15.094,16.663
131,15.136,16.720
132,15.089,16.676
133,15.136,16.723
134,15.119,16.712
135,15.087,16.666
136,15.109,16.674
137,15.129,16.687
138,15.115,16.672
139,15.108,16.677
140,15.194,16.784
141,15.211,16.825
142,15.102,16.738
143,15.071,16.680
144,15.133,16.764
145,15.192,16.807
146,15.183,16.800
147,15.246,16.873
148,15.329,16.966
149,15.388,17.049
150,15.370,16.996
151,15.193,16.768
152,15.156,16.785
153,15.104,16.716
154,15.109,16.746
155,15.117,16.748
156,15.140,16.779
157,15.182,16.828
158,15.186,16.813
159,15.200,16.841
160,15.167,16.797
161,15.195,16.813
162,15.217,16.866
163,15.158,16.775
164,15.103,16.706
165,15.161,16.790
166,15.114,16.719
167,15.170,16.805
168,15.136,16.754
169,15.135,16.744
170,15.093,16.685
171,15.326,17.046
172,15.290,16.971
173,15.238,16.910
174,15.124,16.743
175,15.387,17.126
176,15.132,16.741
177,15.265,16.936
178,15.045,16.642
179,15.053,16.671
180,15.023,16.615
181,15.009,16.590
182,15.004,16.569
183,14.957,16.509
184,14.991,16.552
185,14.992,16.575
186,14.964,16.541
187,14.947,16.521
188,14.893,16.422
189,14.895,16.442
190,14.849,16.410
191,14.868,16.425
192,14.811,16.342
193,14.770,16.291
194,14.780,16.301
195,14.700,16.211
196,14.748,16.286
197,14.720,16.226
198,14.681,16.165
199,14.724,16.250
200,14.694,16.220
201,14.741,16.271
202,14.677,16.185
203,14.681,16.200
204,14.705,16.231
205,14.668,16.185
206,14.724,16.260
207,14.726,16.251
208,14.757,16.300
209,14.727,16.253
210,14.713,16.234
211,14.766,16.303
212,14.881,16.457
213,14.806,16.369
214,14.799,16.377
215,14.748,16.314
216,14.418,15.961
217,14.741,16.319
218,14.814,16.383
219,14.854,16.429
220,14.911,16.489
221,15.018,16.626
222,15.108,16.698
223,15.060,16.642
224,15.088,16.703
225,15.000,16.580
226,15.140,16.788
227,15.068,16.689
228,15.061,16.653
229,15.119,16.722
230,15.124,16.742
231,15.119,16.737
232,15.101,16.691
233,15.154,16.775
234,15.042,16.660
235,15.184,16.828
236,15.009,16.590
237,14.870,16.482
238,14.792,16.395
239,14.879,16.513
240,15.065,16.741
241,15.133,16.798
242,15.204,16.866
243,15.327,16.983
244,15.406,17.111
245,15.450,17.172
246,15.582,17.350
247,15.629,17.369
248,15.652,17.354
249,15.752,17.488
250,15.748,17.505
251,15.751,17.527
252,15.779,17.608
253,15.593,17.425
254,15.838,17.787
255,15.698,17.559
256,15.731,17.589
257,15.682,17.510
258,15.818,17.704
259,15.749,17.609
260,15.627,17.454
261,15.609,17.422
262,15.638,17.448
263,15.637,17.445
264,15.579,17.331
265,15.596,17.373
266,15.648,17.450
267,15.654,17.471
268,15.618,17.423
269,15.624,17.439
270,15.631,17.471
271,15.669,17.502
272,15.554,17.352
273,15.512,17.294
274,15.504,17.299
275,15.497,17.304
276,15.469,17.271
277,15.420,17.206
278,15.425,17.247
279,15.370,17.175
280,15.391,17.232
281,15.385,17.228
282,15.338,17.191
283,15.271,17.090
284,15.284,17.121
285,15.261,17.110
286,15.205,17.041
287,15.187,17.013
288,15.151,16.972
289,15.181,17.009
290,15.197,17.048
291,15.149,16.991
292,15.263,17.177
293,15.420,17.415
294,15.189,17.068
295,15.205,17.139
296,15.109,17.016
297,15.075,16.977
298,15.025,16.946
299,14.955,16.820
300,14.902,16.754
301,14.932,16.823
302,15.016,16.941
303,14.863,16.706
304,14.832,16.685
305,14.801,16.649
306,14.798,16.633
307,14.765,16.591
308,14.764,16.590
309,14.789,16.635
310,14.702,16.522
311,14.732,16.568
312,14.711,16.534
313,14.741,16.580
314,14.695,16.528
315,14.698,16.532
316,14.843,16.682
317,14.829,16.646
318,14.846,16.689
319,14.735,16.558
320,14.708,16.533
321,14.699,16.517
322,14.731,16.606
323,14.745,16.630
324,14.617,16.442
325,15.038,17.001
326,14.821,16.657
327,14.855,16.654
328,14.825,16.664
329,14.787,16.602
330,14.782,16.608
331,14.756,16.559
332,14.767,16.562
333,14.856,16.689
334,14.897,16.757
335,14.783,16.579
336,14.848,16.699
337,14.804,16.620
338,14.703,16.480
339,14.718,16.516
340,14.682,16.462
341,14.711,16.522
342,14.704,16.492
343,14.717,16.523
344,14.682,16.483
345,14.704,16.531
346,14.658,16.476
347,14.664,16.504
348,14.663,16.474
349,14.656,16.472
350,14.653,16.482
351,14.662,16.478
352,14.689,16.503
353,14.732,16.544
354,14.743,16.528
355,14.759,16.555
356,14.829,16.618
357,14.829,16.627
358,14.854,16.634
359,14.894,16.693
360,14.926,16.683
361,14.975,16.748
362,15.015,16.777
363,15.060,16.840
364,15.114,16.863
365,15.160,16.914
366,15.145,16.901
367,15.132,16.892
368,15.145,16.916
369,15.123,16.860
370,14.979,16.708
371,14.962,16.672
372,14.966,16.676
373,15.037,16.743
374,15.121,16.842
375,15.161,16.893
376,15.023,16.735
377,15.025,16.740
378,15.035,16.769
379,15.025,16.728
380,15.047,16.764
381,15.054,16.762
382,14.997,16.695
383,14.987,16.682
384,15.006,16.703
385,14.986,16.689
386,14.957,16.650
387,14.946,16.646
388,14.920,16.632
389,14.941,16.652
390,14.946,16.672
391,14.925,16.640
392,14.943,16.685
393,14.911,16.628
394,14.872,16.585
395,14.880,16.561
396,14.877,16.572
397,14.869,16.561
398,14.888,16.577
399,14.853,16.539
400,14.837,16.505
401,14.888,16.588
402,14.838,16.525
403,14.866,16.547
404,14.865,16.534
405,14.895,16.575
406,14.906,16.581
407,14.880,16.538
408,14.864,16.521
409,14.916,16.561
410,14.931,16.591
411,14.941,16.610
412,14.959,16.623
413,14.952,16.613
414,14.988,16.662
415,14.974,16.638
416,14.986,16.664
417,14.970,16.625
418,14.969,16.624
419,14.999,16.653
420,15.003,16.666
421,15.009,16.675
422,15.008,16.665
423,15.027,16.685
424,15.038,16.696
425,15.038,16.691
426,15.124,16.805
427,15.096,16.756
428,15.100,16.763
429,15.112,16.758
430,15.189,16.855
431,15.155,16.801
432,15.133,16.766
433,15.206,16.869
434,15.159,16.801
435,15.196,16.857
436,15.168,16.810
437,15.159,16.793
438,15.202,16.849
439,15.181,16.820
440,15.179,16.820
441,15.171,16.811
442,15.126,16.740
443,15.157,16.776
444,15.132,16.722
445,15.151,16.765
446,15.060,16.639
447,15.092,16.712
448,15.019,16.614
449,15.043,16.649
450,15.029,16.644
451,14.947,16.549
452,14.919,16.499
453,15.052,16.702
454,14.972,16.595
455,15.002,16.624
456,15.012,16.655
457,14.994,16.619
458,14.961,16.568
459,14.998,16.617
460,14.960,16.577
461,15.002,16.625
462,14.986,16.597
463,14.993,16.614
464,15.029,16.668
465,15.052,16.694
466,15.087,16.746
467,15.120,16.771
468,15.113,16.771
469,15.083,16.711
470,14.986,16.623
471,14.906,16.553
472,14.853,16.525
473,14.848,16.491
474,14.859,16.521
475,14.854,16.509
476,14.836,16.489
477,14.869,16.523
478,14.845,16.502
479,14.927,16.626
480,14.904,16.580
481,14.867,16.555
482,14.880,16.575
483,14.832,16.505
484,14.780,16.432
485,14.788,16.457
486,14.809,16.498
487,14.817,16.493
488,14.838,16.530
489,14.848,16.544
490,14.862,16.575
491,14.847,16.529
492,14.864,16.566
493,15.033,16.832
494,14.899,16.639
495,14.944,16.678
496,14.750,16.486
497,14.708,16.481
498,14.646,16.408
499,14.616,16.364
500,14.585,16.323
501,14.638,16.414
502,14.515,16.237
503,14.561,16.307
504,14.576,16.324
505,14.500,16.249
506,14.631,16.440
507,14.591,16.362
508,14.586,16.374
509,14.659,16.467
510,14.550,16.312
511,14.590,16.360
512,14.565,16.333
513,14.561,16.332
514,14.586,16.358
515,14.653,16.435
516,14.645,16.422
517,14.618,16.392
518,14.496,16.264
519,14.323,16.067
520,14.588,16.333
521,14.580,16.296
522,14.694,16.447
523,14.563,16.288
524,14.629,16.380
525,14.567,16.283
526,14.543,16.258
527,14.571,16.321
528,14.559,16.288
529,14.488,16.195
530,14.496,16.207
531,14.510,16.223
532,14.464,16.143
533,14.463,16.150
534,14.463,16.150
535,14.425,16.083
536,14.431,16.092
537,14.392,16.056
538,14.389,16.056
539,14.358,15.998
540,14.396,16.044
541,14.584,16.264
542,14.645,16.331
543,14.718,16.421
544,14.754,16.494
545,14.657,16.356
546,14.621,16.318
547,14.653,16.357
548,14.648,16.348
549,14.687,16.407
550,14.778,16.512
551,14.767,16.494
552,14.773,16.474
553,14.788,16.510
554,14.814,16.526
555,14.901,16.603
556,14.975,16.700
557,15.029,16.746
558,15.071,16.807
559,15.128,16.843
560,15.224,16.962
561,14.853,16.517
562,14.670,16.307
563,15.016,16.676
564,15.135,16.813
565,15.230,16.922
566,15.269,16.973
567,15.307,16.984
568,15.172,16.874
569,15.097,16.774
570,15.099,16.777
571,15.145,16.848
572,15.102,16.799
573,15.117,16.820
574,15.090,16.752
575,15.105,16.784
576,15.154,16.870
577,15.129,16.828
578,15.148,16.853
579,15.123,16.831
580,15.131,16.859
581,15.100,16.833
582,15.115,16.851
583,15.116,16.856
584,15.121,16.854
585,15.133,16.860
586,15.111,16.830
587,15.196,16.958
588,15.208,16.952
589,15.231,16.970
590,15.254,17.007
591,15.300,17.077
592,15.286,17.052
593,15.268,17.041
594,15.293,17.076
595,15.280,17.055
596,15.284,17.072
597,15.242,17.018
598,15.221,17.006
599,15.248,17.026
600,15.255,17.047
601,15.269,17.040
602,15.276,17.066
603,15.341,17.145
604,15.326,17.111
605,15.297,17.055
606,15.337,17.108
607,15.338,17.100
608,15.349,17.111
609,15.439,17.225
610,15.422,17.200
611,15.443,17.213
612,15.438,17.208
613,15.478,17.238
614,15.454,17.204
615,15.467,17.230
616,15.508,17.266
617,15.494,17.239
618,15.526,17.284
619,15.513,17.267
620,15.487,17.235
621,15.497,17.254
622,15.471,17.220
623,15.498,17.254
624,15.468,17.206
625,15.472,17.205
626,15.482,17.245
627,15.501,17.261
628,15.519,17.307
629,15.531,17.314
630,15.517,17.304
631,15.466,17.214
632,15.442,17.208
633,15.458,17.209
634,15.478,17.248
635,15.506,17.291
636,15.481,17.247
637,15.495,17.264
638,15.518,17.282
639,15.496,17.272
640,15.454,17.213
641,15.464,17.226
642,15.404,17.154
643,15.352,17.081
644,15.316,17.058
645,15.244,16.983
646,15.264,17.034
647,15.262,17.053
648,15.186,16.933
649,15.175,16.950
650,15.166,16.974
651,15.177,16.977
652,15.105,16.906
653,15.089,16.893
654,15.052,16.851
655,15.045,16.860
656,15.034,16.841
657,15.017,16.835
658,14.999,16.815
659,15.015,16.840
660,15.009,16.826
661,14.970,16.788
662,14.930,16.748
663,14.939,16.759
664,14.919,16.769
665,14.930,16.774
666,14.890,16.721
667,14.895,16.729
668,14.890,16.735
669,14.837,16.678
670,14.815,16.658
671,14.825,16.673
672,14.797,16.642
673,14.779,16.623
674,14.770,16.604
675,14.758,16.591
676,14.766,16.602
677,14.740,16.555
678,14.766,16.610
679,14.746,16.587
680,14.765,16.608
681,14.735,16.570
682,14.721,16.568
683,14.766,16.629
684,14.752,16.603
685,14.775,16.636
686,14.746,16.610
687,14.770,16.651
688,14.791,16.666
689,14.800,16.679
690,14.759,16.623
691,14.787,16.658
692,14.780,16.655
693,14.788,16.679
694,14.778,16.654
695,14.831,16.708
696,14.881,16.815
697,14.854,16.792
698,14.840,16.770
699,14.825,16.745
700,14.995,16.914
701,15.089,17.032
702,15.096,17.047
703,15.061,17.015
704,15.003,16.944
705,15.035,17.000
706,15.021,16.991
707,15.032,17.017
708,15.028,17.014
709,15.012,16.986
710,15.026,17.002
711,14.984,16.960
712,14.980,16.974
713,14.984,16.958
714,14.961,16.927
715,15.005,16.981
716,15.048,17.023
717,15.015,16.985
718,15.048,17.035
719,15.026,17.024
720,14.991,16.983
721,14.862,16.792
722,14.889,16.830
723,14.912,16.881
724,14.900,16.863
725,14.874,16.819
726,14.875,16.839
727,14.811,16.737
728,14.952,16.967
729,14.971,17.000
730,14.970,16.993
731,14.975,17.000
732,15.016,17.029
733,15.016,17.029
734,15.041,17.071
735,15.055,17.087
736,15.048,17.070
737,15.061,17.089
738,15.034,17.066
739,15.051,17.073
740,15.013,16.997
741,15.001,16.998
742,15.042,17.063
743,15.039,17.043
744,15.010,17.007
745,15.042,17.061
746,15.004,17.010
747,15.035,17.045
748,15.000,16.982
749,15.022,17.012
750,15.006,16.996
751,15.017,17.015
752,14.985,16.971
753,15.015,17.025
754,15.038,17.057
755,15.015,17.014
756,15.044,17.056
757,15.076,17.111
758,15.066,17.064
759,15.079,17.093
760,15.057,17.065
761,15.004,16.966
762,15.074,17.079
763,15.070,17.115
764,15.079,17.094
765,15.005,17.014
766,15.018,17.031
767,15.031,17.049
768,14.952,16.934
769,14.957,16.943
770,14.941,16.938
771,14.919,16.920
772,14.957,16.959
773,14.946,16.953
774,14.943,16.943
775,14.901,16.883
776,14.911,16.889
777,14.889,16.859
778,14.897,16.873
779,14.937,16.923
780,14.906,16.864
781,14.904,16.882
782,14.906,16.864
783,14.865,16.825
784,14.896,16.841
785,14.846,16.771
786,14.893,16.829
787,14.903,16.859
788,14.893,16.834
789,14.902,16.844
790,14.892,16.831
791,14.883,16.834
792,14.894,16.844
793,14.860,16.783
794,14.870,16.799
795,14.878,16.799
796,14.923,16.876
797,14.831,16.732
798,14.915,16.861
799,14.933,16.899
800,14.989,16.993
801,14.962,16.955
802,14.933,16.900
803,14.934,16.910
804,14.954,16.926
805,14.954,16.928
806,14.905,16.875
807,14.893,16.845
808,14.907,16.888
809,14.848,16.796
810,14.887,16.858
811,14.933,16.925
812,14.910,16.904
813,14.916,16.900
814,14.885,16.832
815,14.888,16.853
816,14.855,16.813
817,14.850,16.802
818,14.831,16.758
819,14.807,16.736
820,14.815,16.753
821,14.801,16.728
822,14.803,16.742
823,14.820,16.767
824,14.808,16.747
825,14.806,16.751
826,14.792,16.736
827,14.798,16.729
828,14.817,16.737
829,14.839,16.767
830,14.824,16.753
831,14.795,16.692
832,14.803,16.707
833,14.798,16.700
834,14.747,16.641
835,14.789,16.668
836,14.792,16.692
837,14.811,16.707
838,14.766,16.659
839,14.750,16.621
840,14.738,16.623
841,14.750,16.628
842,14.737,16.607
843,14.707,16.571
844,14.703,16.540
845,14.692,16.517
846,14.646,16.475
847,14.709,16.524
848,14.686,16.482
849,14.668,16.466
850,14.670,16.461
851,14.633,16.412
852,14.661,16.450
853,14.636,16.399
854,14.611,16.374
855,14.610,16.383
856,14.616,16.364
857,14.601,16.345
858,14.601,16.351
859,14.600,16.359
860,14.617,16.373
861,14.617,16.372
862,14.573,16.324
863,14.589,16.333
864,14.606,16.356
865,14.575,16.310
866,14.577,16.320
867,14.565,16.292
868,14.557,16.271
869,14.568,16.283
870,14.584,16.285
871,14.586,16.282
872,14.602,16.292
873,14.633,16.327
874,14.664,16.359
875,14.657,16.356
876,14.670,16.354
877,14.703,16.395
878,14.734,16.414
879,14.735,16.424
880,14.736,16.418
881,14.777,16.458
882,14.800,16.486
883,14.743,16.406
884,14.792,16.475
885,14.806,16.496
886,14.871,16.570
887,14.832,16.510
888,14.851,16.530
889,14.871,16.554
890,14.923,16.608
891,14.916,16.605
892,14.931,16.611
893,14.955,16.631
894,14.979,16.659
895,14.977,16.652
896,14.983,16.660
897,14.949,16.627
898,14.958,16.644
899,14.977,16.641
900,14.923,16.592
901,14.898,16.533
902,14.867,16.515
903,14.877,16.521
904,14.860,16.494
905,14.802,16.437
906,14.740,16.357
907,14.802,16.397
908,14.793,16.392
909,14.762,16.347
910,14.844,16.439
911,14.801,16.377
912,14.870,16.456
913,14.828,16.427
914,14.814,16.409
915,14.811,16.394
916,14.796,16.377
917,14.816,16.386
918,14.851,16.413
919,14.901,16.463
920,14.913,16.456
921,14.932,16.464
922,14.987,16.507
923,14.984,16.504
924,15.025,16.517
925,15.068,16.570
926,15.076,16.571
927,15.134,16.612
928,15.123,16.602
929,15.155,16.633
930,15.181,16.645
931,15.196,16.649
932,15.245,16.683
933,15.244,16.682
934,15.296,16.728
935,15.303,16.736
936,15.303,16.704
937,15.306,16.697
938,15.349,16.745
939,15.372,16.761
940,15.249,16.634
941,15.226,16.611
942,15.208,16.597
943,15.127,16.521
944,15.107,16.480
945,15.071,16.454
946,15.155,16.541
947,15.162,16.539
948,15.150,16.529
949,15.073,16.473
950,14.967,16.343
951,14.942,16.329
952,14.959,16.351
953,14.948,16.327
954,14.921,16.319
955,14.929,16.315
956,14.913,16.295
957,14.912,16.298
958,14.918,16.295
959,14.882,16.249
960,14.913,16.290
961,14.901,16.292
962,14.878,16.259
963,14.854,16.234
964,14.852,16.234
965,14.845,16.220
966,14.854,16.235
967,14.839,16.220
968,14.822,16.196
969,14.822,16.199
970,14.802,16.185
971,14.801,16.173
972,14.817,16.208
973,14.792,16.167
974,14.780,16.162
975,14.811,16.221
976,14.810,16.200
977,14.803,16.190
978,14.789,16.177
979,14.797,16.184
980,14.789,16.182
981,14.758,16.149
982,14.757,16.128
983,14.756,16.116
984,14.727,16.080
985,14.740,16.103
986,14.719,16.078
987,14.706,16.064
988,14.727,16.103
989,14.714,16.075
990,14.712,16.071
991,14.698,16.061
992,14.719,16.083
993,14.722,16.088
994,14.700,16.042
995,14.706,16.058
996,14.691,16.043
997,14.696,16.048
998,14.703,16.062
999,14.692,16.040
1000,14.666,16.022
1001,14.709,16.080
1002,14.698,16.064
1003,14.663,16.032
1004,14.654,16.018
1005,14.668,16.031
1006,14.628,15.988
1007,14.617,15.964
1008,14.648,16.002
1009,14.608,15.967
1010,14.589,15.938
1011,14.604,15.958
1012,14.570,15.919
1013,14.560,15.913
1014,14.561,15.915
1015,14.554,15.896
1016,14.525,15.853
1017,14.538,15.876
1018,14.553,15.888
1019,14.543,15.880
1020,14.544,15.887
1021,14.553,15.909
1022,14.562,15.906
1023,14.583,15.927
1024,14.557,15.894
1025,14.534,15.872
1026,14.533,15.862
1027,14.558,15.896
1028,14.562,15.908
1029,14.582,15.936
1030,14.577,15.929
1031,14.595,15.962
1032,14.591,15.941
1033,14.589,15.961
1034,14.604,15.966
1035,14.627,15.987
1036,14.627,15.987
1037,14.651,16.043
1038,14.625,16.009
1039,14.651,16.030
1040,14.686,16.060
1041,14.671,16.048
1042,14.709,16.080
1043,14.723,16.085
1044,14.758,16.140
1045,14.768,16.160
1046,14.769,16.162
1047,14.761,16.149
1048,14.735,16.126
1049,14.720,16.105
1050,14.714,16.098
1051,14.678,16.059
1052,14.689,16.077
1053,14.670,16.060
1054,14.672,16.058
1055,14.660,16.047
1056,14.654,16.045
1057,14.609,15.998
1058,14.592,15.971
1059,14.585,15.973
1060,14.552,15.943
1061,14.556,15.930
1062,14.561,15.948
1063,14.543,15.927
1064,14.538,15.928
1065,14.554,15.940
1066,14.561,15.949
1067,14.544,15.941
1068,14.572,15.965
1069,14.588,15.978
1070,14.579,15.974
1071,14.575,15.968
1072,14.575,15.969
1073,14.560,15.962
1074,14.571,15.970
1075,14.564,15.964
1076,14.569,15.969
1077,14.575,15.985
1078,14.580,15.980
1079,14.580,15.983
1080,14.583,15.989
1081,14.578,15.980
1082,14.599,16.004
1083,14.628,16.025
1084,14.621,16.032
1085,14.606,16.010
1086,14.607,16.010
1087,14.636,16.035
1088,14.613,16.009
1089,14.614,16.016
1090,14.617,16.015
1091,14.632,16.041
1092,14.616,16.022
1093,14.615,16.024
1094,14.593,15.999
1095,14.580,15.995
1096,14.592,16.002
1097,14.586,15.983
1098,14.586,15.983
1099,14.591,15.992
1100,14.589,15.996
1101,14.587,15.998
1102,14.577,15.986
1103,14.584,15.996
1104,14.584,15.984
1105,14.581,15.983
1106,14.583,15.979
1107,14.584,16.004
1108,14.593,16.000
1109,14.585,15.990
1110,14.582,15.985
1111,14.582,15.993
1112,14.598,15.997
1113,14.577,15.986
1114,14.550,15.939
1115,14.560,15.960
1116,14.540,15.946
1117,14.560,15.973
1118,14.546,15.955
1119,14.549,15.961
1120,14.547,15.955
1121,14.559,15.968
1122,14.553,15.966
1123,14.565,15.977
1124,14.568,15.981
1125,14.559,15.975
1126,14.566,15.980
1127,14.567,15.976
1128,14.545,15.958
1129,14.540,15.950
1130,14.535,15.943
1131,14.535,15.948
1132,14.526,15.924
1133,14.525,15.929
1134,14.514,15.923
1135,14.516,15.926
1136,14.522,15.933
1137,14.521,15.935
1138,14.512,15.911
1139,14.503,15.916
1140,14.504,15.914
1141,14.650,16.058
1142,14.703,16.112
1143,14.707,16.109
1144,14.694,16.100
1145,14.693,16.101
1146,14.693,16.092
1147,14.692,16.103
1148,14.682,16.082
1149,14.682,16.074
1150,14.698,16.120
1151,14.710,16.127
1152,14.705,16.107
1153,14.700,16.102
1154,14.703,16.108
1155,14.700,16.098
1156,14.692,16.097
1157,14.693,16.092
1158,14.741,16.166
1159,14.749,16.175
1160,14.685,16.092
1161,14.701,16.101
1162,14.680,16.081
1163,14.747,16.171
1164,14.742,16.169
1165,14.736,16.161
1166,14.746,16.162
1167,14.711,16.112
1168,14.747,16.169
1169,14.753,16.174
1170,14.733,16.150
1171,14.743,16.161
1172,14.740,16.162
1173,14.738,16.160
1174,14.751,16.174
1175,14.740,16.160
1176,14.738,16.163
1177,14.727,16.151
1178,14.746,16.174
1179,14.741,16.166
1180,14.749,16.163
1181,14.732,16.156
1182,14.729,16.159
1183,14.722,16.151
1184,14.753,16.170
1185,14.746,16.171
1186,14.736,16.148
1187,14.749,16.167
1188,14.723,16.138
1189,14.739,16.147
1190,14.747,16.170
1191,14.730,16.148
1192,14.746,16.169
1193,14.731,16.143
1194,14.735,16.146
1195,14.735,16.140
1196,14.757,16.173
1197,14.745,16.164
1198,14.742,16.148
1199,14.726,16.143
1200,14.746,16.159
1201,14.763,16.169
1202,14.760,16.173
1203,14.763,16.166
1204,14.786,16.203
1205,14.807,16.226
1206,14.808,16.227
1207,14.814,16.224
1208,14.840,16.245
1209,14.876,16.281
1210,14.882,16.279
1211,14.885,16.295
1212,14.905,16.321
1213,14.893,16.291
1214,14.931,16.342
1215,14.934,16.333
1216,14.956,16.348
1217,14.968,16.356
1218,14.984,16.386
1219,14.960,16.366
1220,14.970,16.360
1221,14.979,16.367
1222,14.989,16.378
1223,14.983,16.376
1224,15.012,16.403
1225,15.004,16.410
1226,15.009,16.398
1227,15.017,16.420
1228,15.015,16.406
1229,15.037,16.429
1230,15.024,16.414
1231,15.046,16.435
1232,15.050,16.444
1233,15.036,16.433
1234,15.046,16.439
1235,15.032,16.423
1236,15.051,16.442
1237,15.060,16.436
1238,15.087,16.467
1239,15.078,16.449
1240,15.065,16.451
1241,15.082,16.465
1242,15.094,16.478
1243,15.078,16.462
1244,15.087,16.461
1245,15.097,16.470
1246,15.123,16.513
1247,15.133,16.532
1248,15.139,16.517
1249,15.045,16.435
1250,15.011,16.406
1251,14.978,16.371
1252,15.019,16.409
1253,15.013,16.401
1254,15.003,16.392
1255,15.035,16.415
1256,15.010,16.398
1257,15.032,16.421
1258,15.027,16.425
1259,15.030,16.413
1260,15.012,16.399
1261,15.032,16.420
1262,15.054,16.459
1263,15.019,16.405
1264,15.018,16.405
1265,15.035,16.422
1266,15.011,16.398
1267,15.020,16.412
1268,15.012,16.406
1269,15.017,16.411
1270,15.023,16.408
1271,15.016,16.404
1272,15.027,16.419
1273,15.009,16.390
1274,15.013,16.399
1275,15.010,16.393
1276,15.038,16.428
1277,15.048,16.459
1278,15.044,16.446
1279,15.027,16.432
1280,15.026,16.425
1281,15.029,16.430
1282,15.035,16.416
1283,15.021,16.409
1284,15.030,16.425
1285,15.033,16.430
1286,15.025,16.411
1287,15.027,16.413
1288,15.025,16.423
1289,15.023,16.416
1290,15.018,16.408
1291,15.001,16.377
1292,15.024,16.405
1293,15.026,16.416
1294,15.016,16.390
1295,15.019,16.399
1296,15.003,16.385
1297,15.027,16.405
1298,15.029,16.419
1299,15.040,16.426
1300,15.045,16.433
1301,15.035,16.425
1302,15.021,16.406
1303,15.004,16.397
1304,15.018,16.417
1305,15.038,16.427
1306,15.024,16.399
1307,15.020,16.407
1308,15.034,16.424
1309,15.021,16.404
1310,15.016,16.403
1311,15.029,16.418
1312,15.025,16.415
1313,15.025,16.411
1314,15.018,16.400
1315,15.023,16.415
1316,15.040,16.428
1317,15.029,16.419
1318,15.033,16.415
1319,15.016,16.410
1320,15.022,16.406
1321,14.978,16.366
1322,14.991,16.372
1323,14.973,16.358
1324,14.960,16.344
1325,14.970,16.353
1326,14.961,16.334
1327,14.939,16.323
1328,14.938,16.324
1329,14.914,16.298
1330,14.901,16.278
1331,14.907,16.300
1332,14.896,16.286
1333,14.880,16.267
1334,14.887,16.277
1335,14.867,16.273
1336,14.875,16.264
1337,14.865,16.272
1338,14.852,16.251
1339,14.835,16.237
1340,14.830,16.230
1341,14.798,16.191
1342,14.802,16.198
1343,14.795,16.192
1344,14.783,16.178
1345,14.760,16.154
1346,14.726,16.139
1347,14.723,16.129
1348,14.724,16.134
1349,14.713,16.127
1350,14.702,16.106
1351,14.692,16.097
1352,14.692,16.105
1353,14.670,16.084
1354,14.704,16.108
1355,14.706,16.108
1356,14.662,16.076
1357,14.692,16.111
1358,14.712,16.125
1359,14.683,16.086
1360,14.673,16.079
1361,14.680,16.089
1362,14.686,16.096
1363,14.691,16.114
1364,14.671,16.069
1365,14.680,16.086
1366,14.666,16.085
1367,14.674,16.088
1368,14.658,16.070
1369,14.645,16.057
1370,14.638,16.056
1371,14.627,16.030
1372,14.628,16.037
1373,14.631,16.036
1374,14.642,16.042
1375,14.650,16.054
1376,14.631,16.022
1377,14.649,16.044
1378,14.647,16.048
1379,14.648,16.039
1380,14.641,16.043
1381,14.654,16.054
1382,14.666,16.054
1383,14.666,16.057
1384,14.653,16.049
1385,14.671,16.062
1386,14.685,16.078
1387,14.680,16.076
1388,14.679,16.077
1389,14.664,16.053
1390,14.670,16.061
1391,14.660,16.062
1392,14.654,16.057
1393,14.639,16.051
1394,14.623,16.029
1395,14.622,16.025
1396,14.613,16.017
1397,14.597,16.002
1398,14.586,15.986
1399,14.596,15.997
1400,14.584,15.997
1401,14.601,16.019
1402,14.596,16.018
1403,14.557,15.977
1404,14.567,16.000
1405,14.568,16.002
1406,14.567,15.990
1407,14.569,15.997
1408,14.544,15.964
1409,14.556,15.983
1410,14.540,15.950
1411,14.522,15.939
1412,14.519,15.941
1413,14.504,15.924
1414,14.660,16.075
1415,14.689,16.108
1416,14.713,16.127
1417,14.701,16.122
1418,14.679,16.090
1419,14.668,16.077
1420,14.684,16.088
1421,14.684,16.097
1422,14.679,16.094
1423,14.685,16.087
1424,14.649,16.050
1425,14.679,16.083
1426,14.668,16.059
1427,14.673,16.063
1428,14.650,16.044
1429,14.633,16.019
1430,14.609,15.990
1431,14.658,16.029
1432,14.666,16.055
1433,14.703,16.089
1434,14.690,16.074
1435,14.676,16.060
1436,14.699,16.083
1437,14.731,16.144
1438,14.729,16.145
1439,14.667,16.054
1440,14.698,16.099
1441,14.721,16.118
1442,14.713,16.116
1443,14.670,16.065
1444,14.653,16.055
1445,14.648,16.051
1446,14.643,16.042
1447,14.652,16.059
1448,14.631,16.022
1449,14.622,16.015
1450,14.629,16.023
1451,14.649,16.042
1452,14.674,16.081
1453,14.666,16.069
1454,14.637,16.025
1455,14.631,16.031
1456,14.642,16.041
1457,14.630,16.028
1458,14.650,16.036
1459,14.637,16.030
1460,14.637,16.041
1461,14.633,16.024
1462,14.634,16.040
1463,14.562,15.937
1464,14.599,15.982
1465,14.596,15.980
1466,14.610,16.000
1467,14.618,16.008
1468,14.611,16.006
1469,14.617,16.008
1470,14.633,16.041
1471,14.625,16.019
1472,14.626,16.021
1473,14.631,16.028
1474,14.625,16.032
1475,14.621,16.025
1476,14.641,16.040
1477,14.642,16.046
1478,14.658,16.047
1479,14.741,16.151
1480,14.740,16.161
1481,14.763,16.179
1482,14.771,16.196
1483,14.800,16.224
1484,14.820,16.240
1485,14.833,16.242
1486,14.862,16.272
1487,14.814,16.212
1488,14.833,16.225
1489,14.831,16.223
1490,14.847,16.234
1491,14.878,16.263
1492,14.884,16.262
1493,14.966,16.373
1494,14.980,16.371
1495,15.012,16.409
1496,15.032,16.433
1497,15.080,16.496
1498,15.105,16.503
1499,15.160,16.560
1500,15.185,16.591
1501,15.228,16.628
1502,15.261,16.663
1503,15.281,16.681
1504,15.313,16.716
1505,15.321,16.715
1506,15.353,16.746
1507,15.218,16.613
1508,15.243,16.638
1509,15.228,16.616
1510,15.251,16.642
1511,15.286,16.671
1512,15.310,16.715
1513,15.297,16.687
1514,15.321,16.708
1515,15.340,16.734
1516,15.330,16.719
1517,15.375,16.777
1518,15.397,16.807
1519,15.392,16.794
1520,15.375,16.767
1521,15.376,16.771
1522,15.303,16.690
1523,15.326,16.724
1524,15.313,16.705
1525,15.340,16.736
1526,15.349,16.752
1527,15.377,16.773
1528,15.370,16.767
1529,15.409,16.835
1530,15.387,16.788
1531,15.412,16.813
1532,15.415,16.829
1533,15.418,16.822
1534,15.436,16.849
1535,15.441,16.860
1536,15.451,16.856
1537,15.439,16.855
1538,15.431,16.831
1539,15.420,16.835
1540,15.461,16.874
1541,15.467,16.885
1542,15.453,16.865
1543,15.449,16.861
1544,15.465,16.884
1545,15.449,16.873
1546,15.435,16.848
1547,15.434,16.846
1548,15.417,16.827
1549,15.421,16.826
1550,15.407,16.815
1551,15.424,16.838
1552,15.449,16.885
1553,15.439,16.867
1554,15.445,16.872
1555,15.486,16.918
1556,15.497,16.941
1557,15.508,16.954
1558,15.508,16.943
1559,15.497,16.929
1560,15.497,16.941
1561,15.489,16.938
1562,15.509,16.954
1563,15.489,16.925
1564,15.504,16.942
1565,15.509,16.953
1566,15.527,16.962
1567,15.530,16.970
1568,15.518,16.962
1569,15.518,16.967
1570,15.525,16.963
1571,15.493,16.934
1572,15.454,16.890
1573,15.406,16.832
1574,15.355,16.767
1575,15.371,16.807
1576,15.339,16.775
1577,15.356,16.807
1578,15.344,16.788
1579,15.335,16.785
1580,15.304,16.753
1581,15.296,16.735
1582,15.300,16.752
1583,15.293,16.743
1584,15.264,16.722
1585,15.270,16.726
1586,15.248,16.709
1587,15.270,16.735
1588,15.244,16.701
1589,15.255,16.730
1590,15.240,16.710
1591,15.220,16.686
1592,15.193,16.663
1593,15.195,16.658
1594,15.174,16.648
1595,15.169,16.646
1596,15.169,16.634
1597,15.147,16.616
1598,15.150,16.626
1599,15.142,16.601
1600,15.104,16.557
1601,15.104,16.544
1602,15.082,16.529
1603,15.105,16.554
1604,15.101,16.542
1605,15.068,16.516
1606,15.051,16.503
1607,15.075,16.512
1608,15.060,16.500
1609,15.043,16.480
1610,15.036,16.489
1611,15.047,16.492
1612,15.026,16.480
1613,15.015,16.461
1614,14.988,16.424
1615,14.995,16.433
1616,14.952,16.380
1617,14.969,16.428
1618,14.884,16.319
1619,14.877,16.294
1620,14.839,16.262
1621,14.827,16.252
1622,14.817,16.239
1623,14.796,16.221
1624,14.772,16.208
1625,14.727,16.152
1626,14.731,16.156
1627,14.728,16.167
1628,14.696,16.119
1629,14.735,16.167
1630,14.723,16.161
1631,14.684,16.126
1632,14.682,16.121
1633,14.635,16.074
1634,14.640,16.073
1635,14.636,16.083
1636,14.706,16.189
1637,14.679,16.154
1638,14.630,16.099
1639,14.608,16.069
1640,14.597,16.061
1641,14.581,16.028
1642,14.716,16.170
1643,14.724,16.171
1644,14.746,16.183
1645,14.735,16.194
1646,14.670,16.099
1647,14.725,16.182
1648,14.838,16.300
1649,14.875,16.326
1650,14.903,16.338
1651,14.887,16.334
1652,14.837,16.274
1653,14.841,16.280
1654,14.823,16.268
1655,14.809,16.241
1656,14.832,16.282
1657,14.848,16.311
1658,14.854,16.330
1659,14.847,16.308
1660,14.830,16.302
1661,14.834,16.301
1662,14.785,16.251
1663,14.806,16.285
1664,14.793,16.254
1665,14.758,16.227
1666,14.874,16.367
1667,14.863,16.331
1668,14.897,16.376
1669,14.822,16.293
1670,14.832,16.300
1671,14.816,16.300
1672,14.793,16.273
1673,14.787,16.277
1674,14.779,16.264
1675,14.963,16.440
1676,15.006,16.471
1677,15.093,16.547
1678,15.045,16.490
1679,15.087,16.544
1680,15.165,16.627
1681,15.236,16.685
1682,15.316,16.771
1683,15.406,16.866
1684,15.476,16.919
1685,15.533,16.965
1686,15.563,16.978
1687,15.532,16.960
1688,15.547,16.977
1689,15.558,16.994
1690,15.513,16.935
1691,15.502,16.911
1692,15.460,16.876
1693,15.404,16.825
1694,15.387,16.795
1695,15.340,16.743
1696,15.331,16.734
1697,15.328,16.733
1698,15.307,16.705
1699,15.302,16.712
1700,15.268,16.656
1701,15.245,16.631
1702,15.259,16.654
1703,15.240,16.623
1704,15.236,16.622
1705,15.207,16.591
1706,15.230,16.617
1707,15.198,16.581
1708,15.193,16.566
1709,15.199,16.580
1710,15.187,16.555
1711,15.196,16.554
1712,15.200,16.561
1713,15.186,16.540
1714,15.200,16.560
1715,15.231,16.599
1716,15.224,16.591
1717,15.242,16.607
1718,15.260,16.624
1719,15.270,16.628
1720,15.287,16.653
1721,15.292,16.655
1722,15.336,16.717
1723,15.352,16.730
1724,15.376,16.768
1725,15.391,16.771
1726,15.414,16.816
1727,15.437,16.844
1728,15.453,16.856
1729,15.471,16.855
1730,15.458,16.859
1731,15.489,16.876
1732,15.476,16.856
1733,15.476,16.857
1734,15.486,16.851
1735,15.480,16.851
1736,15.489,16.857
1737,15.456,16.828
1738,15.487,16.867
1739,15.489,16.857
1740,15.534,16.923
1741,15.501,16.868
1742,15.483,16.858
1743,15.502,16.869
1744,15.506,16.887
1745,15.520,16.894
1746,15.536,16.915
1747,15.500,16.872
1748,15.528,16.911
1749,15.538,16.931
1750,15.494,16.872
1751,15.473,16.857
1752,15.475,16.871
1753,15.411,16.790
1754,15.401,16.792
1755,15.406,16.808
1756,15.360,16.752
1757,15.367,16.779
1758,15.391,16.818
1759,15.382,16.801
1760,15.355,16.775
1761,15.362,16.782
1762,15.298,16.699
1763,15.292,16.705
1764,15.289,16.698
1765,15.293,16.692
1766,15.247,16.645
1767,15.255,16.641
1768,15.233,16.627
1769,15.224,16.623
1770,15.179,16.575
1771,15.155,16.543
1772,15.141,16.537
1773,15.146,16.540
1774,15.153,16.569
1775,15.185,16.605
1776,15.179,16.609
1777,15.201,16.630
1778,15.186,16.617
1779,15.187,16.632
1780,15.204,16.656
1781,15.189,16.635
1782,15.185,16.632
1783,15.164,16.603
1784,15.120,16.557
1785,15.148,16.596
1786,15.154,16.607
1787,15.160,16.611
1788,15.155,16.612
1789,15.147,16.598
1790,15.140,16.589
1791,15.149,16.609
1792,15.120,16.578
1793,15.090,16.543
1794,15.110,16.563
1795,15.104,16.557
1796,15.067,16.519
1797,15.058,16.506
1798,15.076,16.522
1799,15.083,16.541
1800,15.041,16.492
1801,15.043,16.491
1802,15.045,16.502
1803,15.049,16.508
1804,15.041,16.490
1805,15.049,16.495
1806,15.084,16.552
1807,15.055,16.527
1808,15.046,16.519
1809,15.037,16.504
1810,15.056,16.528
1811,15.038,16.495
1812,15.056,16.531
1813,15.069,16.562
1814,15.052,16.528
1815,15.038,16.522
1816,15.021,16.496
1817,15.027,16.509
1818,15.029,16.498
1819,15.014,16.486
1820,14.980,16.441
1821,14.968,16.451
1822,14.963,16.442
1823,14.939,16.410
1824,14.945,16.415
1825,14.922,16.376
1826,14.917,16.381
1827,14.908,16.360
1828,14.923,16.389
1829,14.910,16.385
1830,14.935,16.406
1831,14.895,16.350
1832,14.905,16.371
1833,14.876,16.330
1834,14.888,16.356
1835,14.909,16.409
1836,14.858,16.334
1837,14.840,16.312
1838,14.866,16.347
1839,14.838,16.320
1840,14.835,16.323
1841,14.796,16.268
