0,25.697,25.738
1,25.692,25.730
2,25.692,25.729
3,25.743,25.806
4,25.665,25.707
5,25.820,25.870
6,25.772,25.815
7,25.642,25.672
8,25.688,25.735
9,25.710,25.754
10,25.710,25.750
11,25.604,25.637
12,25.666,25.699
13,25.590,25.622
14,25.655,25.690
15,25.561,25.593
16,25.659,25.695
17,25.715,25.757
18,25.664,25.688
19,25.750,25.776
20,25.715,25.751
21,25.680,25.707
22,25.768,25.798
23,25.775,25.798
24,25.948,25.984
25,25.770,25.815
26,25.777,25.816
27,25.770,25.817
28,25.741,25.777
29,25.802,25.827
30,25.800,25.834
31,25.722,25.743
32,25.862,25.886
33,25.755,25.775
34,25.812,25.846
35,25.839,25.864
36,25.927,25.971
37,25.764,25.797
38,25.712,25.747
39,25.721,25.746
40,25.815,25.839
41,25.674,25.681
42,25.701,25.724
43,25.458,25.478
44,25.691,25.731
45,25.752,25.794
46,25.716,25.743
47,25.774,25.809
48,25.787,25.807
49,25.901,25.927
50,25.903,25.941
51,25.966,25.993
52,25.683,25.695
53,25.880,25.893
54,25.828,25.834
55,25.944,25.952
56,25.857,25.872
57,25.921,25.925
58,25.815,25.815
59,25.782,25.783
60,26.499,26.517
61,26.190,26.223
62,27.042,27.088
63,26.018,26.037
64,25.784,25.805
65,25.742,25.759
66,26.068,26.086
67,26.598,26.621
68,26.317,26.340
69,25.864,25.870
70,25.882,25.896
71,25.817,25.811
72,26.182,26.198
73,25.865,25.868
74,25.850,25.855
75,25.780,25.780
76,25.874,25.880
77,25.771,25.772
78,25.939,25.960
79,26.008,26.024
80,25.641,25.639
81,25.751,25.754
82,25.976,25.991
83,25.954,25.992
84,25.692,25.705
85,25.808,25.833
86,25.823,25.855
87,25.762,25.768
88,25.470,25.469
89,25.701,25.703
90,25.694,25.698
91,26.114,26.146
92,25.863,25.876
93,25.784,25.807
94,25.933,25.938
95,25.600,25.598
96,25.580,25.581
97,26.087,26.108
98,25.969,25.994
99,25.507,25.503
100,25.973,25.986
101,25.906,25.929
102,25.934,25.949
103,25.949,25.960
104,25.811,25.819
105,26.017,26.044
106,25.616,25.637
107,25.954,26.004
108,25.879,25.919
109,26.163,26.204
110,26.158,26.202
111,26.923,26.988
112,26.680,26.754
113,26.086,26.133
114,26.165,26.221
115,26.208,26.274
116,26.164,26.214
117,26.212,26.273
118,26.102,26.151
119,26.196,26.246
120,26.166,26.210
121,26.138,26.187
122,26.263,26.324
123,26.293,26.354
124,26.238,26.300
125,26.178,26.230
126,26.167,26.233
127,26.058,26.139
128,26.016,26.088
129,25.965,26.034
130,25.973,26.064
131,25.895,25.982
132,25.924,26.010
133,25.926,26.010
134,25.892,25.960
135,26.126,26.219
136,26.017,26.095
137,25.963,26.040
138,26.029,26.113
139,25.901,25.965
140,25.897,25.965
141,25.900,25.981
142,25.898,25.967
143,25.963,26.046
144,25.710,25.757
145,25.893,25.963
146,25.842,25.910
147,25.846,25.920
148,25.547,25.600
149,25.842,25.914
150,25.806,25.879
151,25.963,26.053
152,25.965,26.053
153,25.790,25.860
154,25.747,25.810
155,25.708,25.780
156,25.745,25.814
157,25.760,25.837
158,25.896,25.987
159,25.661,25.718
160,26.120,26.198
161,26.119,26.210
162,25.960,26.036
163,25.899,25.962
164,25.885,25.941
165,25.948,26.018
166,25.997,26.073
167,25.955,26.031
168,25.961,26.045
169,25.886,25.954
170,25.931,25.996
171,25.888,25.966
172,25.626,25.690
173,25.989,26.063
174,25.899,25.989
175,25.950,26.028
176,25.884,25.965
177,25.845,25.921
178,25.872,25.932
179,25.891,25.966
180,25.865,25.940
181,25.824,25.890
182,25.770,25.835
183,25.742,25.821
184,25.781,25.853
185,25.776,25.832
186,25.775,25.834
187,25.732,25.795
188,25.751,25.818
189,25.753,25.809
190,25.743,25.804
191,25.792,25.854
192,25.743,25.801
193,25.752,25.832
194,25.728,25.798
195,25.771,25.844
196,25.818,25.892
197,25.826,25.903
198,25.833,25.906
199,25.816,25.885
200,25.906,25.954
201,25.846,25.910
202,25.836,25.894
203,25.865,25.913
204,25.862,25.922
205,25.877,25.937
206,25.784,25.838
207,25.859,25.913
208,25.832,25.885
209,25.832,25.900
210,25.843,25.906
211,25.836,25.895
212,25.853,25.915
213,25.876,25.939
214,25.925,25.984
215,26.046,26.102
216,26.001,26.061
217,26.112,26.182
218,26.065,26.125
219,26.108,26.180
220,26.125,26.194
221,26.214,26.280
222,26.262,26.341
223,26.233,26.295
224,26.246,26.318
225,26.239,26.313
226,26.210,26.282
227,26.188,26.264
228,26.294,26.372
229,26.290,26.377
230,26.318,26.390
231,26.314,26.377
232,26.263,26.319
233,26.249,26.310
234,26.177,26.242
235,26.125,26.188
236,26.104,26.165
237,26.109,26.174
238,26.115,26.191
239,26.102,26.179
240,26.095,26.174
241,26.052,26.146
242,26.176,26.279
243,26.101,26.180
244,26.074,26.166
245,26.046,26.119
246,25.772,25.796
247,25.809,25.846
248,26.046,26.111
249,25.986,26.054
250,25.984,26.047
251,25.970,26.025
252,25.973,26.030
253,25.982,26.049
254,25.971,26.036
255,25.935,26.013
256,25.953,26.028
257,25.896,25.971
258,25.896,25.972
259,25.872,25.936
260,25.875,25.949
261,25.959,26.020
262,25.824,25.876
263,25.852,25.911
264,25.814,25.875
265,25.899,25.953
266,25.952,26.019
267,25.847,25.906
268,25.820,25.876
269,25.827,25.882
270,25.844,25.891
271,25.860,25.911
272,25.798,25.845
273,25.812,25.868
274,25.785,25.834
275,25.833,25.884
276,25.810,25.843
277,25.908,25.948
278,25.872,25.909
279,25.607,25.624
280,25.661,25.681
281,25.583,25.604
282,25.632,25.661
283,25.529,25.547
284,25.595,25.631
285,25.540,25.570
286,25.543,25.570
287,25.634,25.657
288,25.649,25.659
289,25.761,25.773
290,25.769,25.781
291,26.075,26.129
292,26.066,26.117
293,26.007,26.063
294,26.061,26.119
295,26.009,26.061
296,25.989,26.040
297,26.011,26.061
298,25.986,26.022
299,26.028,26.067
300,25.968,26.011
301,25.880,25.910
302,25.940,25.975
303,25.679,25.669
304,25.989,26.028
305,25.971,26.010
306,25.877,25.904
307,25.947,25.983
308,25.926,25.969
309,25.873,25.891
310,25.944,25.965
311,25.988,26.023
312,25.935,25.968
313,25.932,25.972
314,25.880,25.900
315,25.934,25.960
316,25.901,25.924
317,25.941,25.963
318,25.904,25.936
319,25.875,25.905
320,25.926,25.952
321,25.732,25.729
322,25.686,25.677
323,25.630,25.617
324,25.667,25.659
325,25.631,25.619
326,25.691,25.681
327,25.918,25.951
328,25.837,25.860
329,25.840,25.872
330,25.923,25.955
331,25.847,25.871
332,25.970,25.996
333,25.912,25.930
334,25.977,26.009
335,25.921,25.954
336,25.952,25.985
337,25.868,25.900
338,25.907,25.935
339,25.932,25.959
340,25.805,25.828
341,25.825,25.860
342,25.850,25.896
343,25.834,25.864
344,25.971,26.011
345,25.965,26.004
346,25.867,25.910
347,25.766,25.795
348,25.844,25.873
349,25.816,25.845
350,25.785,25.835
351,25.845,25.893
352,25.715,25.742
353,25.799,25.837
354,25.876,25.925
355,25.637,25.640
356,25.632,25.629
357,25.609,25.613
358,25.675,25.698
359,25.744,25.761
360,25.709,25.739
361,25.658,25.690
362,25.642,25.659
363,25.628,25.654
364,25.638,25.661
365,25.636,25.651
366,25.370,25.356
367,25.423,25.412
368,25.385,25.383
369,25.415,25.420
370,25.384,25.395
371,25.365,25.374
372,25.322,25.319
373,25.378,25.387
374,25.432,25.438
375,25.453,25.468
376,25.465,25.489
377,25.391,25.396
378,25.450,25.477
379,25.478,25.509
380,25.429,25.459
381,25.471,25.493
382,25.487,25.503
383,25.661,25.708
384,25.581,25.602
385,25.637,25.665
386,25.652,25.685
387,25.616,25.655
388,25.639,25.668
389,25.578,25.600
390,25.488,25.511
391,25.510,25.528
392,25.643,25.687
393,25.721,25.772
394,25.736,25.791
395,25.549,25.601
396,25.611,25.676
397,25.712,25.789
398,25.643,25.712
399,25.727,25.798
400,25.687,25.753
401,25.508,25.552
402,25.479,25.512
403,25.718,25.764
404,25.663,25.704
405,25.740,25.797
406,25.666,25.704
407,25.724,25.768
408,25.684,25.724
409,25.565,25.578
410,25.502,25.514
411,25.824,25.881
412,25.724,25.781
413,25.778,25.835
414,25.663,25.709
415,25.743,25.802
416,25.826,25.899
417,25.741,25.804
418,25.887,25.960
419,25.805,25.877
420,25.936,26.008
421,25.944,26.020
422,25.566,25.584
423,25.893,25.949
424,25.498,25.506
425,25.843,25.897
426,25.785,25.835
427,25.884,25.935
428,25.793,25.837
429,25.905,25.957
430,25.829,25.882
431,25.891,25.945
432,25.818,25.857
433,25.752,25.790
434,25.845,25.889
435,25.789,25.833
436,25.870,25.927
437,25.798,25.846
438,25.897,25.953
439,25.821,25.864
440,25.897,25.958
441,25.662,25.702
442,25.543,25.571
443,25.570,25.600
444,25.458,25.473
445,25.521,25.527
446,25.460,25.464
447,25.435,25.441
448,25.498,25.504
449,25.676,25.724
450,25.758,25.817
451,25.696,25.737
452,25.673,25.714
453,25.754,25.807
454,25.691,25.735
455,25.755,25.807
456,25.678,25.732
457,25.457,25.477
458,25.521,25.547
459,25.465,25.490
460,25.587,25.622
461,25.514,25.540
462,25.586,25.621
463,25.510,25.538
464,25.530,25.539
465,25.586,25.600
466,25.516,25.520
467,25.510,25.521
468,25.496,25.510
469,25.570,25.599
470,25.473,25.488
471,25.456,25.473
472,25.419,25.440
473,25.495,25.522
474,25.418,25.433
475,25.769,25.838
476,25.697,25.755
477,25.620,25.678
478,25.659,25.724
479,25.542,25.603
480,25.585,25.640
481,25.686,25.751
482,25.665,25.730
483,25.701,25.748
484,25.657,25.713
485,25.628,25.705
486,25.701,25.771
487,25.672,25.735
488,25.759,25.835
489,25.653,25.711
490,25.635,25.689
491,25.584,25.632
492,25.630,25.697
493,25.574,25.628
494,25.599,25.645
495,25.578,25.622
496,25.612,25.660
497,25.522,25.559
498,25.571,25.615
499,25.542,25.573
500,25.513,25.556
501,25.596,25.642
502,25.553,25.586
503,25.571,25.616
504,25.636,25.694
505,25.567,25.621
506,25.581,25.635
507,25.617,25.675
508,25.538,25.597
509,25.460,25.514
510,25.542,25.602
511,25.463,25.511
512,25.503,25.548
513,25.543,25.589
514,25.469,25.507
515,25.502,25.534
516,25.516,25.559
517,25.527,25.569
518,25.591,25.629
519,25.551,25.594
520,25.642,25.694
521,25.542,25.594
522,25.627,25.676
523,25.620,25.675
524,25.570,25.623
525,25.582,25.641
526,25.566,25.622
527,25.582,25.638
528,25.522,25.571
529,25.583,25.637
530,25.508,25.555
531,25.611,25.657
532,25.545,25.584
533,25.644,25.697
534,25.608,25.664
535,25.643,25.692
536,25.707,25.759
537,25.716,25.762
538,25.732,25.775
539,25.576,25.613
540,25.636,25.675
541,25.703,25.747
542,25.619,25.653
543,25.714,25.760
544,25.821,25.870
545,25.809,25.858
546,25.692,25.734
547,25.751,25.799
548,25.675,25.700
549,25.775,25.830
550,25.598,25.638
551,25.669,25.709
552,25.584,25.631
553,25.604,25.649
554,25.597,25.638
555,25.557,25.601
556,25.573,25.614
557,25.505,25.549
558,25.497,25.527
559,25.583,25.620
560,25.612,25.659
561,25.654,25.699
562,25.648,25.704
563,25.624,25.660
564,25.390,25.421
565,25.376,25.403
566,25.655,25.689
567,25.545,25.579
568,25.615,25.656
569,25.542,25.573
570,25.493,25.532
571,25.281,25.308
572,25.511,25.560
573,25.527,25.584
574,25.440,25.491
575,25.426,25.488
576,25.443,25.501
577,25.357,25.404
578,25.338,25.391
579,25.277,25.324
580,25.318,25.372
581,25.267,25.317
582,25.293,25.350
583,25.310,25.360
584,25.267,25.312
585,25.391,25.458
586,25.369,25.416
587,25.398,25.460
588,25.318,25.375
589,25.397,25.452
590,25.334,25.382
591,25.389,25.445
592,25.379,25.438
593,25.433,25.485
594,25.362,25.407
595,25.431,25.481
596,25.414,25.476
597,25.458,25.516
598,25.479,25.531
599,25.499,25.551
600,25.432,25.479
601,25.448,25.500
602,25.542,25.590
603,25.563,25.619
604,25.663,25.714
605,25.725,25.781
606,25.768,25.829
607,25.828,25.890
608,25.780,25.833
609,25.721,25.782
610,25.814,25.884
611,25.894,25.965
612,25.942,26.023
613,25.947,26.036
614,25.913,25.994
615,25.958,26.041
616,25.887,25.965
617,25.893,25.982
618,25.858,25.940
619,25.833,25.921
620,25.804,25.898
621,25.843,25.922
622,25.768,25.837
623,25.801,25.874
624,25.704,25.773
625,25.691,25.759
626,25.594,25.649
627,25.685,25.754
628,25.601,25.669
629,25.753,25.820
630,25.663,25.728
631,25.657,25.722
632,25.746,25.817
633,25.695,25.754
634,25.722,25.802
635,25.572,25.649
636,25.755,25.842
637,25.730,25.826
638,25.795,25.879
639,25.719,25.812
640,25.720,25.811
641,25.735,25.832
642,25.802,25.902
643,25.738,25.827
644,25.733,25.826
645,25.799,25.894
646,25.808,25.893
647,25.978,26.069
648,25.886,25.973
649,25.929,26.011
650,26.004,26.080
651,25.970,26.042
652,25.985,26.054
653,26.023,26.097
654,26.091,26.181
655,26.142,26.233
656,26.190,26.275
657,26.146,26.223
658,26.192,26.268
659,26.173,26.232
660,26.334,26.409
661,26.320,26.400
662,26.229,26.313
663,26.265,26.337
664,26.336,26.425
665,26.321,26.402
666,26.350,26.429
667,26.241,26.316
668,26.254,26.315
669,26.241,26.315
670,26.355,26.415
671,26.379,26.437
672,26.342,26.401
673,26.312,26.389
674,26.391,26.469
675,26.311,26.381
676,26.292,26.357
677,26.319,26.380
678,26.302,26.373
679,26.342,26.403
680,26.391,26.463
681,26.346,26.417
682,26.443,26.523
683,26.372,26.436
684,26.296,26.351
685,26.364,26.427
686,26.288,26.342
687,25.978,26.001
688,25.922,25.936
689,25.893,25.904
690,26.125,26.184
691,26.122,26.181
692,26.070,26.137
693,26.101,26.153
694,26.081,26.137
695,26.025,26.085
696,26.033,26.102
697,25.831,25.889
698,25.821,25.874
699,25.821,25.880
700,25.919,25.981
701,25.887,25.951
702,25.966,26.040
703,25.842,25.905
704,25.915,25.982
705,25.903,25.971
706,25.986,26.067
707,25.908,25.985
708,26.076,26.157
709,26.076,26.159
710,26.092,26.169
711,26.120,26.187
712,26.137,26.207
713,26.035,26.089
714,26.211,26.270
715,26.076,26.141
716,26.099,26.166
717,26.077,26.151
718,26.151,26.216
719,26.155,26.218
720,26.227,26.302
721,26.178,26.243
722,26.122,26.182
723,26.119,26.192
724,26.123,26.203
725,26.096,26.175
726,26.065,26.135
727,26.104,26.180
728,26.181,26.260
729,26.297,26.364
730,26.263,26.338
731,26.219,26.287
732,26.181,26.268
733,26.178,26.256
734,26.217,26.287
735,26.158,26.230
736,26.255,26.327
737,26.276,26.338
738,26.339,26.402
739,26.356,26.407
740,26.313,26.377
741,26.256,26.317
742,26.257,26.313
743,26.263,26.321
744,26.325,26.392
745,26.285,26.351
746,26.313,26.388
747,26.277,26.348
748,26.306,26.367
749,26.288,26.357
750,26.242,26.320
751,26.199,26.254
752,26.201,26.274
753,26.110,26.173
754,26.082,26.147
755,26.084,26.149
756,26.065,26.133
757,26.067,26.128
758,26.083,26.144
759,26.165,26.236
760,26.103,26.169
761,26.086,26.150
762,26.064,26.128
763,26.048,26.108
764,26.133,26.208
765,26.056,26.131
766,26.060,26.134
767,26.020,26.102
768,25.999,26.072
769,26.005,26.078
770,26.027,26.099
771,25.895,25.960
772,25.838,25.909
773,25.901,25.984
774,25.802,25.875
775,25.800,25.861
776,25.754,25.811
777,25.776,25.841
778,25.842,25.920
779,25.784,25.856
780,25.822,25.896
781,25.903,25.985
782,25.891,25.983
783,25.829,25.918
784,25.930,26.029
785,25.823,25.912
786,25.795,25.880
787,25.754,25.836
788,25.671,25.755
789,25.637,25.719
790,25.656,25.741
791,25.677,25.753
792,25.637,25.708
793,25.660,25.734
794,25.702,25.789
795,25.667,25.736
796,25.705,25.776
797,25.792,25.873
798,25.763,25.843
799,25.782,25.873
800,25.780,25.861
801,25.798,25.875
802,25.865,25.947
803,25.547,25.592
804,25.741,25.790
805,25.756,25.806
806,25.801,25.861
807,25.747,25.813
808,25.685,25.743
809,25.747,25.807
810,25.713,25.765
811,25.593,25.638
812,25.764,25.832
813,25.786,25.843
814,25.780,25.865
815,25.717,25.781
816,25.804,25.875
817,25.896,25.973
818,25.901,25.963
819,25.936,26.014
820,25.960,26.026
821,25.853,25.911
822,25.594,25.619
823,25.625,25.665
824,25.745,25.807
825,25.753,25.799
826,25.710,25.763
827,25.664,25.711
828,25.804,25.875
829,25.775,25.833
830,25.749,25.806
831,25.505,25.546
832,25.746,25.818
833,25.733,25.798
834,25.706,25.765
835,25.668,25.737
836,25.722,25.793
837,25.624,25.691
838,25.662,25.729
839,25.713,25.781
840,25.697,25.756
841,25.697,25.752
842,25.776,25.843
843,25.741,25.793
844,25.708,25.748
845,25.812,25.866
846,25.786,25.823
847,25.778,25.810
848,25.873,25.917
849,25.833,25.888
850,25.894,25.944
851,25.908,25.968
852,25.931,25.997
853,25.995,26.072
854,25.971,26.035
855,25.941,26.001
856,26.043,26.114
857,26.048,26.118
858,26.108,26.185
859,26.025,26.099
860,26.180,26.261
861,26.129,26.205
862,26.172,26.246
863,26.154,26.243
864,26.145,26.221
865,26.178,26.265
866,26.178,26.263
867,26.164,26.253
868,26.144,26.232
869,26.123,26.216
870,26.166,26.252
871,26.122,26.219
872,26.121,26.223
873,26.122,26.223
874,26.023,26.131
875,26.002,26.123
876,26.017,26.143
877,26.087,26.213
878,26.061,26.191
879,26.105,26.232
880,26.039,26.161
881,26.048,26.172
882,26.019,26.136
883,25.999,26.111
884,26.004,26.120
885,25.970,26.099
886,25.944,26.073
887,25.927,26.038
888,25.983,26.113
889,25.914,26.043
890,25.953,26.073
891,25.894,26.005
892,25.887,25.994
893,25.909,26.016
894,25.880,25.982
895,25.896,25.992
896,25.884,25.982
897,25.902,26.008
898,25.862,25.965
899,25.886,25.993
900,25.919,26.035
901,25.909,26.025
902,25.889,25.995
903,25.864,25.968
904,25.846,25.935
905,25.833,25.941
906,25.762,25.867
907,25.705,25.805
908,25.667,25.762
909,25.684,25.794
910,25.689,25.792
911,25.804,25.892
912,25.760,25.848
913,25.816,25.913
914,25.799,25.896
915,25.799,25.886
916,25.732,25.820
917,25.739,25.834
918,25.744,25.833
919,25.743,25.834
920,25.775,25.855
921,25.769,25.854
922,25.805,25.896
923,25.782,25.873
924,25.801,25.888
925,25.824,25.907
926,25.761,25.844
927,25.810,25.906
928,25.770,25.861
929,25.806,25.897
930,25.807,25.886
931,25.874,25.970
932,25.872,25.958
933,25.882,25.977
934,25.842,25.923
935,25.834,25.927
936,25.886,25.983
937,25.844,25.935
938,25.863,25.951
939,25.836,25.928
940,25.850,25.931
941,25.877,25.968
942,25.839,25.930
943,25.854,25.933
944,25.870,25.956
945,25.897,25.984
946,25.810,25.901
947,25.877,25.972
948,25.893,25.988
949,25.945,26.042
950,25.873,25.964
951,25.875,25.969
952,25.855,25.949
953,25.853,25.942
954,25.854,25.946
955,25.827,25.909
956,25.894,25.997
957,25.872,25.964
958,25.915,26.017
959,25.901,25.991
960,25.885,25.980
961,25.896,25.996
962,25.915,26.002
963,25.933,26.037
964,25.865,25.955
965,25.888,25.981
966,25.858,25.954
967,25.873,25.969
968,25.881,25.973
969,25.863,25.947
970,25.891,25.977
971,25.918,26.008
972,25.918,26.008
973,25.945,26.051
974,25.916,26.016
975,25.895,25.985
976,25.915,26.011
977,25.908,26.006
978,25.909,26.001
979,25.916,26.006
980,25.857,25.951
981,25.898,26.001
982,25.854,25.947
983,25.869,25.964
984,25.866,25.957
985,25.880,25.984
986,25.859,25.954
987,25.902,26.001
988,25.888,25.991
989,25.843,25.932
990,25.910,26.002
991,25.887,25.977
992,25.927,26.040
993,25.987,26.091
994,25.966,26.067
995,26.022,26.121
996,26.041,26.142
997,26.067,26.174
998,26.022,26.127
999,26.092,26.196
1000,26.059,26.158
1001,26.118,26.224
1002,26.090,26.186
1003,26.045,26.140
1004,26.098,26.208
1005,26.046,26.159
1006,26.062,26.163
1007,26.019,26.140
1008,26.026,26.146
1009,26.028,26.138
1010,26.045,26.145
1011,26.017,26.119
1012,26.017,26.117
1013,26.026,26.122
1014,26.018,26.117
1015,26.003,26.103
1016,25.929,26.016
1017,25.967,26.062
1018,25.966,26.066
1019,25.952,26.048
1020,25.944,26.043
1021,25.881,25.975
1022,25.853,25.945
1023,25.836,25.924
1024,25.892,25.979
1025,25.897,25.986
1026,25.902,25.987
1027,25.858,25.936
1028,25.875,25.961
1029,25.876,25.965
1030,25.903,26.000
1031,25.908,25.995
1032,25.879,25.970
1033,25.844,25.929
1034,25.772,25.860
1035,25.793,25.882
1036,25.763,25.858
1037,25.749,25.836
1038,25.767,25.840
1039,25.745,25.823
1040,25.749,25.819
1041,25.718,25.789
1042,25.698,25.779
1043,25.689,25.782
1044,25.714,25.798
1045,25.708,25.798
1046,25.752,25.839
1047,25.772,25.851
1048,25.765,25.851
1049,25.833,25.928
1050,25.766,25.850
1051,25.766,25.852
1052,25.729,25.815
1053,25.699,25.784
1054,25.660,25.742
1055,25.664,25.748
1056,25.634,25.716
1057,25.626,25.710
1058,25.686,25.770
1059,25.707,25.788
1060,25.700,25.793
1061,25.684,25.774
1062,25.762,25.851
1063,25.738,25.819
1064,25.718,25.801
1065,25.716,25.804
1066,25.746,25.824
1067,25.761,25.836
1068,25.742,25.819
1069,25.770,25.848
1070,25.783,25.877
1071,25.813,25.900
1072,25.741,25.829
1073,25.759,25.846
1074,25.772,25.863
1075,25.768,25.857
1076,25.795,25.890
1077,25.748,25.838
1078,25.807,25.892
1079,25.712,25.798
1080,25.754,25.852
1081,25.748,25.837
1082,25.744,25.846
1083,25.732,25.827
1084,25.736,25.836
1085,25.742,25.839
1086,25.680,25.777
1087,25.696,25.786
1088,25.666,25.762
1089,25.675,25.773
1090,25.645,25.746
1091,25.646,25.747
1092,25.626,25.744
1093,25.629,25.738
1094,25.573,25.674
1095,25.562,25.665
1096,25.518,25.622
1097,25.482,25.587
1098,25.479,25.579
1099,25.458,25.547
1100,25.454,25.549
1101,25.469,25.568
1102,25.440,25.523
1103,25.444,25.548
1104,25.408,25.499
1105,25.412,25.501
1106,25.411,25.495
1107,25.381,25.463
1108,25.381,25.469
1109,25.399,25.497
1110,25.400,25.508
1111,25.422,25.529
1112,25.425,25.518
1113,25.472,25.582
1114,25.453,25.560
1115,25.458,25.580
1116,25.453,25.568
1117,25.480,25.596
1118,25.470,25.596
1119,25.467,25.582
1120,25.479,25.602
1121,25.488,25.613
1122,25.453,25.572
1123,25.472,25.589
1124,25.433,25.540
1125,25.445,25.544
1126,25.437,25.555
1127,25.455,25.561
1128,25.442,25.549
1129,25.430,25.539
1130,25.449,25.548
1131,25.452,25.557
1132,25.468,25.569
1133,25.464,25.565
1134,25.502,25.598
1135,25.513,25.613
1136,25.521,25.618
1137,25.526,25.625
1138,25.554,25.661
1139,25.578,25.678
1140,25.613,25.703
1141,25.633,25.727
1142,25.663,25.758
1143,25.658,25.751
1144,25.685,25.781
1145,25.706,25.809
1146,25.713,25.811
1147,25.727,25.833
1148,25.760,25.864
1149,25.758,25.866
1150,25.765,25.869
1151,25.782,25.886
1152,25.780,25.868
1153,25.772,25.861
1154,25.800,25.890
1155,25.812,25.906
1156,25.825,25.925
1157,25.818,25.914
1158,25.835,25.939
1159,25.846,25.951
1160,25.840,25.941
1161,25.837,25.926
1162,25.846,25.940
1163,25.818,25.906
1164,25.835,25.928
1165,25.849,25.949
1166,25.815,25.903
1167,25.840,25.930
1168,25.872,25.969
1169,25.845,25.940
1170,25.803,25.891
1171,25.812,25.903
1172,25.824,25.919
1173,25.774,25.862
1174,25.798,25.890
1175,25.780,25.863
1176,25.818,25.914
1177,25.822,25.912
1178,25.805,25.881
1179,25.824,25.905
1180,25.782,25.864
1181,25.781,25.846
1182,25.760,25.831
1183,25.785,25.854
1184,25.760,25.831
1185,25.786,25.854
1186,25.762,25.825
1187,25.746,25.811
1188,25.752,25.813
1189,25.749,25.811
1190,25.769,25.834
1191,25.733,25.792
1192,25.763,25.833
1193,25.772,25.840
1194,25.764,25.831
1195,25.766,25.838
1196,25.768,25.834
1197,25.790,25.857
1198,25.789,25.855
1199,25.806,25.867
1200,25.817,25.880
1201,25.874,25.947
1202,25.871,25.925
1203,25.889,25.938
1204,25.888,25.939
1205,25.918,25.979
1206,25.924,25.969
1207,25.937,25.983
1208,25.951,25.998
1209,25.948,26.007
1210,25.964,26.003
1211,25.945,25.981
1212,25.943,25.989
1213,25.961,26.014
1214,25.963,26.013
1215,25.940,25.999
1216,25.929,25.988
1217,25.928,25.994
1218,25.906,25.955
1219,25.907,25.956
1220,25.886,25.935
1221,25.889,25.945
1222,25.876,25.931
1223,25.880,25.938
1224,25.883,25.940
1225,25.904,25.969
1226,25.909,25.960
1227,25.884,25.937
1228,25.920,25.965
1229,25.906,25.962
1230,25.893,25.945
1231,25.874,25.927
1232,25.877,25.931
1233,25.877,25.929
1234,25.879,25.942
1235,25.883,25.933
1236,25.864,25.911
1237,25.863,25.913
1238,25.858,25.902
1239,25.878,25.918
1240,25.875,25.922
1241,25.893,25.950
1242,25.864,25.913
1243,25.854,25.907
1244,25.874,25.933
1245,25.862,25.920
1246,25.865,25.920
1247,25.860,25.916
1248,25.858,25.909
1249,25.844,25.899
1250,25.844,25.894
1251,25.846,25.897
1252,25.855,25.913
1253,25.849,25.898
1254,25.842,25.891
1255,25.854,25.901
1256,25.838,25.891
1257,25.831,25.885
1258,25.805,25.861
1259,25.813,25.862
1260,25.819,25.874
1261,25.803,25.850
1262,25.785,25.838
1263,25.844,25.887
1264,25.815,25.855
1265,25.825,25.873
1266,25.800,25.849
1267,25.765,25.811
1268,25.759,25.802
1269,25.759,25.805
1270,25.773,25.816
1271,25.778,25.819
1272,25.795,25.839
1273,25.786,25.830
1274,25.756,25.807
1275,25.752,25.796
1276,25.741,25.788
1277,25.747,25.799
1278,25.759,25.818
1279,25.756,25.799
1280,25.749,25.795
1281,25.748,25.792
1282,25.761,25.807
1283,25.775,25.815
1284,25.771,25.815
1285,25.764,25.809
1286,25.776,25.815
1287,25.740,25.783
1288,25.743,25.795
1289,25.727,25.766
1290,25.727,25.768
1291,25.739,25.785
1292,25.725,25.774
1293,25.713,25.755
1294,25.690,25.736
1295,25.691,25.739
1296,25.662,25.721
1297,25.665,25.718
1298,25.653,25.713
1299,25.632,25.689
1300,25.652,25.718
1301,25.636,25.695
1302,25.649,25.715
1303,25.611,25.678
1304,25.620,25.682
1305,25.614,25.683
1306,25.291,25.357
1307,25.243,25.298
1308,25.238,25.303
1309,25.555,25.627
1310,25.192,25.260
1311,25.206,25.267
1312,25.206,25.266
1313,25.226,25.294
1314,25.202,25.272
1315,25.244,25.313
1316,25.238,25.309
1317,25.234,25.296
1318,25.226,25.295
1319,25.218,25.287
1320,25.183,25.250
1321,25.198,25.271
1322,25.208,25.275
1323,25.188,25.253
1324,25.205,25.280
1325,25.204,25.278
1326,25.212,25.275
1327,25.225,25.296
1328,25.253,25.315
1329,25.248,25.324
1330,25.218,25.289
1331,25.242,25.319
1332,25.221,25.297
1333,25.244,25.322
1334,25.236,25.305
1335,25.281,25.361
1336,25.265,25.338
1337,25.303,25.379
1338,25.322,25.396
1339,25.318,25.395
1340,25.320,25.398
1341,25.310,25.379
1342,25.335,25.415
1343,25.328,25.409
1344,25.309,25.384
1345,25.326,25.407
1346,25.318,25.395
1347,25.325,25.409
1348,25.323,25.404
1349,25.292,25.369
1350,25.304,25.390
1351,25.322,25.404
1352,25.293,25.368
1353,25.656,25.750
1354,25.272,25.355
1355,25.293,25.385
1356,25.297,25.391
1357,25.669,25.778
1358,25.648,25.751
1359,25.639,25.745
1360,25.652,25.758
1361,25.643,25.752
1362,25.637,25.746
1363,25.621,25.729
1364,25.631,25.745
1365,25.592,25.698
1366,25.591,25.697
1367,25.600,25.707
1368,25.631,25.745
1369,25.625,25.735
1370,25.610,25.720
1371,25.630,25.743
1372,25.605,25.721
1373,25.615,25.722
1374,25.562,25.665
1375,25.609,25.714
1376,25.600,25.710
1377,25.602,25.716
1378,25.585,25.680
1379,25.603,25.707
1380,25.600,25.696
1381,25.620,25.731
1382,25.618,25.725
1383,25.579,25.670
1384,25.618,25.720
1385,25.616,25.717
1386,25.646,25.753
1387,25.617,25.718
1388,25.641,25.742
1389,25.642,25.744
1390,25.580,25.678
1391,25.572,25.656
1392,25.579,25.681
1393,25.556,25.651
1394,25.520,25.617
1395,25.516,25.599
1396,25.514,25.604
1397,25.500,25.590
1398,25.485,25.575
1399,25.469,25.553
1400,25.441,25.524
1401,25.446,25.536
1402,25.465,25.553
1403,25.457,25.547
1404,25.514,25.604
1405,25.454,25.534
1406,25.489,25.573
1407,25.520,25.603
1408,25.487,25.576
1409,25.512,25.596
1410,25.518,25.610
1411,25.548,25.635
1412,25.533,25.620
1413,25.531,25.598
1414,25.558,25.642
1415,25.582,25.676
1416,25.598,25.686
1417,25.548,25.619
1418,25.574,25.660
1419,25.602,25.687
1420,25.609,25.695
1421,25.606,25.693
1422,25.631,25.718
1423,25.645,25.740
1424,25.627,25.711
1425,25.650,25.733
1426,25.651,25.728
1427,25.660,25.746
1428,25.671,25.746
1429,25.699,25.778
1430,25.719,25.805
1431,25.734,25.820
1432,25.725,25.815
1433,25.741,25.831
1434,25.760,25.845
1435,25.774,25.863
1436,25.722,25.802
1437,25.764,25.856
1438,25.744,25.825
1439,25.739,25.830
1440,25.763,25.836
1441,25.783,25.873
1442,25.768,25.847
1443,25.785,25.874
1444,25.765,25.845
1445,25.771,25.863
1446,25.766,25.840
1447,25.757,25.840
1448,25.760,25.843
1449,25.781,25.875
1450,25.755,25.837
1451,25.767,25.846
1452,25.755,25.838
1453,25.778,25.867
1454,25.756,25.838
1455,25.774,25.863
1456,25.759,25.856
1457,25.750,25.842
1458,25.745,25.831
1459,25.748,25.834
1460,25.762,25.845
1461,25.765,25.853
1462,25.763,25.850
1463,25.743,25.832
1464,25.776,25.862
1465,25.773,25.866
1466,25.773,25.858
1467,25.770,25.853
1468,25.758,25.838
1469,25.756,25.845
1470,25.741,25.830
1471,25.759,25.845
1472,25.749,25.836
1473,25.755,25.849
1474,25.750,25.841
1475,25.732,25.826
1476,25.760,25.859
1477,25.740,25.833
1478,25.745,25.832
1479,25.742,25.826
1480,25.750,25.837
1481,25.752,25.840
1482,25.744,25.828
1483,25.742,25.829
1484,25.732,25.819
1485,25.752,25.838
1486,25.765,25.861
1487,25.753,25.842
1488,25.753,25.839
1489,25.748,25.831
1490,25.769,25.856
1491,25.757,25.844
1492,25.766,25.854
1493,25.769,25.855
1494,25.763,25.857
1495,25.773,25.857
1496,25.755,25.836
1497,25.775,25.864
1498,25.765,25.854
1499,25.762,25.848
1500,25.781,25.865
1501,25.781,25.868
1502,25.781,25.861
1503,25.778,25.860
1504,25.780,25.869
1505,25.783,25.873
1506,25.760,25.846
1507,25.772,25.857
1508,25.775,25.864
1509,25.808,25.897
1510,25.791,25.878
1511,25.809,25.896
1512,25.811,25.899
1513,25.805,25.886
1514,25.818,25.903
1515,25.816,25.903
1516,25.825,25.917
1517,25.809,25.891
1518,25.827,25.917
1519,25.829,25.912
1520,25.834,25.917
1521,25.827,25.921
1522,25.829,25.916
1523,25.835,25.912
1524,25.841,25.932
1525,25.835,25.921
1526,25.840,25.929
1527,25.831,25.915
1528,25.840,25.928
1529,25.827,25.917
1530,25.843,25.930
1531,25.827,25.918
1532,25.833,25.927
1533,25.848,25.931
1534,25.838,25.932
1535,25.831,25.915
1536,25.840,25.927
1537,25.862,25.945
1538,25.828,25.910
1539,25.840,25.928
1540,25.848,25.927
1541,25.840,25.920
1542,25.857,25.935
1543,25.848,25.928
1544,25.857,25.944
1545,25.834,25.908
1546,25.858,25.943
1547,25.844,25.931
1548,25.857,25.946
1549,25.840,25.929
1550,25.850,25.941
1551,25.844,25.928
1552,25.845,25.926
1553,25.854,25.945
1554,25.846,25.937
1555,25.856,25.943
1556,25.844,25.927
1557,25.859,25.948
1558,25.859,25.944
1559,25.856,25.939
1560,25.854,25.940
1561,25.847,25.948
1562,25.834,25.922
1563,25.831,25.910
1564,25.836,25.919
1565,25.838,25.931
1566,25.847,25.937
1567,25.817,25.913
1568,25.810,25.902
1569,25.813,25.903
1570,25.807,25.887
1571,25.803,25.890
1572,25.798,25.888
1573,25.820,25.913
1574,25.828,25.915
1575,25.818,25.913
1576,25.834,25.922
1577,25.834,25.930
1578,25.833,25.918
1579,25.803,25.890
1580,25.805,25.887
1581,25.815,25.898
1582,25.796,25.886
1583,25.799,25.888
1584,25.786,25.875
1585,25.795,25.878
1586,25.787,25.873
1587,25.790,25.881
1588,25.802,25.885
1589,25.808,25.905
1590,25.824,25.903
1591,25.828,25.915
1592,25.849,25.941
1593,25.816,25.900
1594,25.828,25.908
1595,25.826,25.909
1596,25.842,25.932
1597,25.871,25.972
1598,25.883,25.965
1599,25.890,25.984
1600,25.912,26.019
1601,25.934,26.036
1602,25.952,26.050
1603,25.953,26.055
1604,25.934,26.027
1605,25.940,26.041
1606,25.959,26.062
1607,25.954,26.058
1608,25.985,26.082
1609,25.939,26.032
1610,25.576,25.663
1611,25.576,25.665
1612,25.571,25.658
1613,25.552,25.628
1614,25.539,25.617
1615,25.548,25.632
1616,25.520,25.595
1617,25.558,25.649
1618,25.543,25.634
1619,25.539,25.621
1620,25.529,25.612
1621,25.513,25.588
1622,25.529,25.619
1623,25.512,25.596
1624,25.493,25.580
1625,25.475,25.567
1626,25.445,25.527
1627,25.420,25.509
1628,25.391,25.477
1629,25.403,25.491
1630,25.416,25.499
1631,25.747,25.847
1632,25.741,25.836
1633,25.752,25.856
1634,25.763,25.865
1635,25.743,25.846
1636,25.721,25.813
1637,25.757,25.846
1638,25.722,25.803
1639,25.769,25.864
1640,25.745,25.843
1641,25.745,25.835
1642,25.709,25.793
1643,25.760,25.849
1644,25.718,25.804
1645,25.764,25.857
1646,25.743,25.827
1647,25.730,25.821
1648,25.685,25.774
1649,25.683,25.776
1650,25.701,25.789
1651,25.674,25.765
1652,25.673,25.760
1653,25.690,25.785
1654,25.695,25.792
1655,25.656,25.740
1656,25.643,25.729
1657,25.652,25.731
1658,25.685,25.771
1659,25.663,25.750
1660,25.660,25.746
1661,25.633,25.713
1662,25.623,25.707
1663,25.649,25.738
1664,25.604,25.680
1665,25.629,25.716
1666,25.568,25.634
1667,25.592,25.677
1668,25.575,25.640
1669,25.591,25.683
1670,25.592,25.658
1671,25.580,25.655
1672,25.570,25.642
1673,25.542,25.606
1674,25.567,25.639
1675,25.580,25.653
1676,25.576,25.648
1677,25.566,25.639
1678,25.541,25.609
1679,25.577,25.648
1680,25.556,25.624
1681,25.589,25.659
1682,25.577,25.645
1683,25.602,25.674
1684,25.582,25.643
1685,25.605,25.677
1686,25.581,25.638
1687,25.599,25.665
1688,25.597,25.655
1689,25.597,25.666
1690,25.590,25.653
1691,25.587,25.650
1692,25.591,25.672
1693,25.613,25.686
1694,25.604,25.679
1695,25.618,25.680
1696,25.605,25.664
1697,25.615,25.689
1698,25.641,25.709
1699,25.634,25.692
1700,25.644,25.708
1701,25.636,25.697
1702,25.647,25.704
1703,25.626,25.681
1704,25.642,25.704
1705,25.636,25.710
1706,25.642,25.704
1707,25.628,25.696
1708,25.631,25.702
1709,25.639,25.702
1710,25.632,25.687
1711,25.623,25.692
1712,25.631,25.696
1713,25.646,25.705
1714,25.643,25.707
1715,25.625,25.684
1716,25.630,25.683
1717,25.645,25.708
1718,25.645,25.706
1719,25.609,25.673
1720,25.634,25.701
1721,25.623,25.681
1722,25.624,25.685
1723,25.632,25.697
1724,25.610,25.665
1725,25.618,25.678
1726,25.598,25.656
1727,25.619,25.686
1728,25.602,25.671
1729,25.615,25.690
1730,25.604,25.671
1731,25.586,25.655
1732,25.619,25.687
1733,25.598,25.664
1734,25.604,25.674
1735,25.608,25.688
1736,25.614,25.680
1737,25.595,25.665
1738,25.592,25.656
1739,25.608,25.674
1740,25.587,25.653
1741,25.603,25.672
1742,25.588,25.652
1743,25.621,25.694
1744,25.664,25.734
1745,25.660,25.737
1746,25.680,25.751
1747,25.668,25.742
1748,25.680,25.748
1749,25.673,25.748
1750,25.691,25.773
1751,25.656,25.729
1752,25.678,25.751
1753,25.670,25.745
1754,25.679,25.768
1755,25.688,25.762
1756,25.666,25.745
1757,25.677,25.751
1758,25.667,25.740
1759,25.698,25.782
1760,25.674,25.748
1761,25.694,25.771
1762,25.693,25.783
1763,25.681,25.762
1764,25.697,25.776
1765,25.687,25.763
1766,25.689,25.762
1767,25.698,25.780
1768,25.360,25.424
1769,25.347,25.407
1770,25.343,25.408
1771,25.359,25.435
1772,25.343,25.407
1773,25.369,25.437
1774,25.326,25.389
1775,25.351,25.411
1776,25.329,25.392
1777,25.333,25.399
1778,25.324,25.387
1779,25.332,25.402
1780,25.321,25.383
1781,25.302,25.364
1782,25.326,25.388
1783,25.316,25.384
1784,25.323,25.390
1785,25.308,25.369
1786,25.312,25.378
1787,25.318,25.383
1788,25.328,25.401
1789,25.334,25.407
1790,25.315,25.386
1791,25.334,25.402
1792,25.326,25.392
1793,25.331,25.413
1794,25.339,25.408
1795,25.325,25.389
1796,25.344,25.415
1797,25.330,25.400
1798,25.342,25.409
1799,25.310,25.373
1800,25.336,25.407
1801,25.323,25.393
1802,25.681,25.754
1803,25.707,25.779
1804,25.688,25.763
1805,25.368,25.435
1806,25.715,25.795
1807,25.723,25.805
1808,25.727,25.807
1809,25.722,25.805
1810,25.720,25.806
1811,25.733,25.820
1812,25.725,25.799
1813,25.719,25.805
1814,25.724,25.802
1815,25.705,25.785
1816,25.746,25.836
1817,25.756,25.843
1818,25.752,25.842
1819,25.750,25.835
1820,25.714,25.785
1821,25.722,25.804
1822,25.692,25.765
1823,25.750,25.826
1824,25.716,25.788
1825,25.737,25.824
1826,25.702,25.784
1827,25.724,25.813
1828,25.706,25.780
1829,25.708,25.790
1830,25.705,25.783
1831,25.692,25.781
1832,25.701,25.779
1833,25.694,25.773
1834,25.689,25.755
1835,25.657,25.727
1836,25.678,25.767
1837,25.709,25.798
1838,25.716,25.805
1839,25.734,25.824
1840,25.748,25.855
1841,25.758,25.853
