0,22.122,24.275
1,22.111,24.247
2,22.133,24.284
3,22.135,24.293
4,22.101,24.245
5,22.124,24.254
6,22.118,24.250
7,22.124,24.278
8,22.136,24.271
9,22.133,24.267
10,22.121,24.276
11,22.081,24.189
12,22.068,24.150
13,22.038,24.125
14,22.054,24.136
15,22.051,24.166
16,22.034,24.143
17,22.007,24.079
18,21.970,24.022
19,22.060,24.164
20,22.033,24.109
21,22.088,24.180
22,22.066,24.133
23,22.111,24.189
24,22.130,24.207
25,22.142,24.214
26,22.115,24.205
27,22.117,24.174
28,22.124,24.196
29,22.132,24.238
30,22.134,24.226
31,22.137,24.252
32,22.103,24.225
33,22.134,24.234
34,22.075,24.193
35,22.089,24.175
36,22.083,24.169
37,22.022,24.103
38,22.004,24.069
39,21.977,24.049
40,21.985,24.064
41,21.907,23.956
42,21.913,23.964
43,21.880,23.921
44,21.879,23.933
45,21.872,23.908
46,21.867,23.888
47,21.830,23.835
48,21.818,23.836
49,21.797,23.815
50,21.770,23.772
51,21.716,23.701
52,21.707,23.696
53,21.673,23.666
54,21.637,23.596
55,21.646,23.619
56,21.639,23.593
57,21.624,23.594
58,21.587,23.543
59,21.580,23.562
60,21.537,23.490
61,21.547,23.491
62,21.532,23.467
63,21.496,23.435
64,21.546,23.494
65,21.546,23.505
66,21.560,23.522
67,21.531,23.480
68,21.554,23.508
69,21.542,23.477
70,21.587,23.541
71,21.615,23.591
72,21.612,23.568
73,21.610,23.567
74,21.641,23.613
75,21.687,23.657
76,21.723,23.722
77,21.724,23.722
78,21.748,23.759
79,21.760,23.769
80,21.784,23.791
81,21.803,23.797
82,21.804,23.810
83,21.823,23.839
84,21.773,23.785
85,21.770,23.769
86,21.740,23.754
87,21.730,23.732
88,21.758,23.785
89,21.699,23.700
90,21.658,23.667
91,21.600,23.573
92,21.596,23.573
93,21.540,23.513
94,21.488,23.428
95,21.575,23.550
96,21.659,23.683
97,21.508,23.475
98,21.459,23.384
99,21.441,23.372
100,21.411,23.331
101,21.373,23.274
102,21.379,23.281
103,21.327,23.211
104,21.292,23.149
105,21.252,23.114
106,21.270,23.123
107,21.248,23.094
108,21.217,23.058
109,21.204,23.022
110,21.190,23.018
111,21.176,22.964
112,21.162,22.946
113,21.156,22.937
114,21.164,22.953
115,21.158,22.940
116,21.172,22.942
117,21.166,22.940
118,21.163,22.937
119,21.206,22.988
120,21.185,22.968
121,21.202,22.977
122,21.194,22.970
123,21.207,22.995
124,21.171,22.949
125,21.171,22.960
126,21.189,23.000
127,21.149,22.948
128,21.122,22.905
129,21.142,22.951
130,21.156,22.953
131,21.192,23.015
132,21.228,23.080
133,21.212,23.070
134,21.234,23.086
135,21.243,23.091
136,21.237,23.077
137,21.203,23.047
138,21.191,23.018
139,21.228,23.075
140,21.207,23.059
141,21.211,23.054
142,21.237,23.080
143,21.276,23.127
144,21.250,23.109
145,21.289,23.163
146,21.356,23.247
147,21.350,23.230
148,21.313,23.174
149,21.316,23.169
150,21.322,23.170
151,21.340,23.202
152,21.386,23.244
153,21.378,23.240
154,21.413,23.282
155,21.404,23.269
156,21.444,23.326
157,21.496,23.399
158,21.535,23.452
159,21.568,23.490
160,21.544,23.416
161,21.623,23.530
162,21.626,23.531
163,21.635,23.532
164,21.664,23.584
165,21.692,23.628
166,21.682,23.585
167,21.696,23.624
168,21.737,23.678
169,21.715,23.660
170,21.759,23.703
171,21.775,23.702
172,21.803,23.774
173,21.801,23.772
174,21.827,23.765
175,21.865,23.835
176,21.891,23.872
177,21.880,23.857
178,21.943,23.951
179,21.905,23.902
180,21.917,23.923
181,21.932,23.912
182,21.998,24.031
183,21.960,23.981
184,22.017,24.063
185,22.040,24.128
186,22.009,24.067
187,21.994,24.048
188,21.971,24.008
189,22.014,24.081
190,21.955,23.981
191,21.971,24.018
192,21.972,24.046
193,21.905,23.921
194,21.926,23.961
195,21.917,23.955
196,21.897,23.945
197,21.853,23.869
198,21.855,23.901
199,21.855,23.892
200,21.859,23.898
201,21.842,23.868
202,21.849,23.911
203,21.782,23.806
204,21.778,23.800
205,21.763,23.785
206,21.719,23.731
207,21.694,23.700
208,21.654,23.650
209,21.643,23.657
210,21.605,23.593
211,21.587,23.562
212,21.589,23.595
213,21.586,23.578
214,21.543,23.528
215,21.522,23.483
216,21.491,23.470
217,21.541,23.553
218,21.476,23.454
219,21.446,23.413
220,21.462,23.433
221,21.453,23.429
222,21.461,23.421
223,21.433,23.388
224,21.431,23.383
225,21.453,23.425
226,21.454,23.412
227,21.464,23.426
228,21.434,23.376
229,21.454,23.400
230,21.457,23.418
231,21.437,23.383
232,21.443,23.394
233,21.419,23.355
234,21.429,23.370
235,21.428,23.357
236,21.403,23.331
237,21.408,23.349
238,21.413,23.341
239,21.405,23.326
240,21.434,23.370
241,21.456,23.378
242,21.456,23.388
243,21.447,23.381
244,21.486,23.417
245,21.464,23.408
246,21.481,23.412
247,21.466,23.406
248,21.458,23.390
249,21.494,23.443
250,21.456,23.350
251,21.458,23.363
252,21.463,23.371
253,21.445,23.354
254,21.437,23.328
255,21.473,23.367
256,21.516,23.421
257,21.498,23.388
258,21.499,23.412
259,21.471,23.336
260,21.479,23.369
261,21.442,23.302
262,21.367,23.194
263,21.391,23.257
264,21.352,23.199
265,21.345,23.178
266,21.284,23.089
267,21.315,23.131
268,21.294,23.104
269,21.291,23.102
270,21.277,23.079
271,21.279,23.089
272,21.311,23.131
273,21.330,23.154
274,21.313,23.139
275,21.292,23.078
276,21.309,23.107
277,21.259,23.056
278,21.282,23.051
279,21.259,23.022
280,21.263,23.024
281,21.199,22.914
282,21.224,22.937
283,21.275,23.010
284,21.285,23.019
285,21.290,23.011
286,21.246,22.963
287,21.283,23.019
288,21.313,23.055
289,21.309,23.036
290,21.360,23.095
291,21.408,23.176
292,21.450,23.227
293,21.451,23.207
294,21.454,23.250
295,21.433,23.196
296,21.442,23.221
297,21.430,23.203
298,21.447,23.246
299,21.447,23.230
300,21.415,23.191
301,21.428,23.218
302,21.459,23.265
303,21.459,23.262
304,21.450,23.250
305,21.486,23.293
306,21.523,23.354
307,21.489,23.286
308,21.559,23.392
309,21.566,23.412
310,21.540,23.348
311,21.596,23.414
312,21.586,23.432
313,21.584,23.394
314,21.653,23.510
315,21.624,23.447
316,21.589,23.405
317,21.586,23.425
318,21.551,23.365
319,21.557,23.401
320,21.499,23.304
321,21.512,23.329
322,21.499,23.305
323,21.565,23.401
324,21.528,23.327
325,21.556,23.381
326,21.504,23.316
327,21.576,23.407
328,21.545,23.345
329,21.576,23.393
330,21.592,23.433
331,21.553,23.365
332,21.588,23.422
333,21.558,23.391
334,21.555,23.388
335,21.592,23.430
336,21.607,23.453
337,21.595,23.428
338,21.611,23.477
339,21.600,23.423
340,21.604,23.465
341,21.611,23.472
342,21.595,23.434
343,21.604,23.466
344,21.607,23.470
345,21.563,23.410
346,21.535,23.355
347,21.538,23.396
348,21.563,23.423
349,21.542,23.388
350,21.553,23.416
351,21.503,23.341
352,21.571,23.427
353,21.547,23.388
354,21.504,23.344
355,21.545,23.377
356,21.545,23.393
357,21.523,23.359
358,21.534,23.376
359,21.474,23.304
360,21.542,23.408
361,21.540,23.420
362,21.497,23.349
363,21.506,23.372
364,21.495,23.349
365,21.507,23.376
366,21.504,23.368
367,21.477,23.318
368,21.472,23.301
369,21.471,23.304
370,21.499,23.334
371,21.529,23.405
372,21.498,23.363
373,21.522,23.396
374,21.489,23.323
375,21.484,23.332
376,21.493,23.337
377,21.505,23.351
378,21.501,23.340
379,21.513,23.382
380,21.505,23.347
381,21.563,23.424
382,21.524,23.370
383,21.567,23.448
384,21.594,23.482
385,21.548,23.390
386,21.568,23.450
387,21.551,23.407
388,21.574,23.435
389,21.591,23.472
390,21.570,23.415
391,21.580,23.460
392,21.598,23.456
393,21.581,23.419
394,21.549,23.389
395,21.491,23.290
396,21.530,23.342
397,21.516,23.332
398,21.519,23.355
399,21.570,23.403
400,21.538,23.368
401,21.560,23.395
402,21.540,23.364
403,21.543,23.393
404,21.569,23.397
405,21.609,23.475
406,21.589,23.453
407,21.584,23.441
408,21.631,23.504
409,21.629,23.504
410,21.634,23.509
411,21.655,23.541
412,21.595,23.434
413,21.644,23.508
414,21.642,23.514
415,21.644,23.506
416,21.642,23.519
417,21.648,23.528
418,21.610,23.450
419,21.604,23.444
420,21.612,23.426
421,21.593,23.435
422,21.625,23.482
423,21.622,23.489
424,21.611,23.463
425,21.654,23.523
426,21.648,23.531
427,21.637,23.484
428,21.635,23.496
429,21.643,23.509
430,21.640,23.505
431,21.660,23.524
432,21.667,23.521
433,21.719,23.622
434,21.712,23.605
435,21.739,23.657
436,21.707,23.601
437,21.728,23.625
438,21.696,23.551
439,21.681,23.533
440,21.707,23.556
441,21.740,23.596
442,21.729,23.596
443,21.732,23.590
444,21.746,23.611
445,21.741,23.606
446,21.755,23.635
447,21.770,23.666
448,21.775,23.650
449,21.706,23.543
450,21.730,23.576
451,21.760,23.629
452,21.781,23.657
453,21.785,23.647
454,21.772,23.628
455,21.822,23.712
456,21.793,23.673
457,21.819,23.718
458,21.817,23.709
459,21.832,23.728
460,21.861,23.761
461,21.846,23.720
462,21.850,23.750
463,21.876,23.790
464,21.849,23.746
465,21.872,23.787
466,21.873,23.782
467,21.876,23.797
468,21.871,23.773
469,21.874,23.802
470,21.905,23.832
471,21.929,23.889
472,21.908,23.839
473,21.909,23.873
474,21.944,23.906
475,21.961,23.950
476,21.970,23.981
477,21.973,23.992
478,21.995,24.024
479,21.979,24.000
480,21.963,23.991
481,21.980,24.015
482,21.952,23.967
483,21.911,23.931
484,21.913,23.947
485,21.876,23.882
486,21.847,23.835
487,21.806,23.838
488,21.813,23.834
489,21.824,23.863
490,21.830,23.868
491,21.812,23.861
492,21.812,23.862
493,21.835,23.913
494,21.770,23.810
495,21.761,23.782
496,21.760,23.786
497,21.708,23.672
498,21.669,23.620
499,21.612,23.543
500,21.599,23.504
501,21.556,23.442
502,21.593,23.491
503,21.521,23.393
504,21.548,23.401
505,21.527,23.377
506,21.528,23.380
507,21.508,23.375
508,21.536,23.414
509,21.532,23.424
510,21.539,23.427
511,21.530,23.403
512,21.554,23.441
513,21.540,23.427
514,21.539,23.429
515,21.513,23.401
516,21.524,23.411
517,21.494,23.360
518,21.465,23.325
519,21.492,23.350
520,21.508,23.377
521,21.541,23.385
522,21.555,23.434
523,21.581,23.461
524,21.590,23.464
525,21.588,23.454
526,21.593,23.462
527,21.622,23.504
528,21.616,23.488
529,21.662,23.561
530,21.690,23.592
531,21.664,23.551
532,21.695,23.591
533,21.711,23.630
534,21.733,23.666
535,21.801,23.762
536,21.855,23.855
537,21.873,23.876
538,21.881,23.897
539,21.923,23.943
540,21.924,23.961
541,21.951,24.007
542,21.969,24.028
543,22.010,24.087
544,22.014,24.089
545,22.040,24.110
546,22.055,24.123
547,22.038,24.108
548,22.058,24.132
549,22.053,24.134
550,22.074,24.154
551,22.070,24.136
552,22.087,24.162
553,22.066,24.128
554,22.088,24.148
555,22.045,24.100
556,22.084,24.138
557,22.057,24.128
558,22.073,24.130
559,22.022,24.071
560,21.964,23.993
561,21.925,23.942
562,21.911,23.931
563,21.895,23.900
564,21.924,23.931
565,21.957,23.985
566,21.928,23.953
567,21.905,23.914
568,21.908,23.907
569,21.861,23.854
570,21.814,23.794
571,21.779,23.763
572,21.715,23.665
573,21.782,23.743
574,21.751,23.682
575,21.765,23.720
576,21.755,23.673
577,21.757,23.689
578,21.784,23.708
579,21.782,23.701
580,21.790,23.719
581,21.795,23.732
582,21.800,23.750
583,21.827,23.762
584,21.874,23.819
585,21.912,23.875
586,21.882,23.835
587,21.956,23.928
588,21.985,23.956
589,21.917,23.890
590,21.932,23.901
591,21.956,23.938
592,21.993,23.987
593,21.980,23.957
594,21.977,23.949
595,21.978,23.964
596,22.034,24.010
597,22.061,24.055
598,22.040,24.035
599,22.010,23.981
600,22.030,23.995
601,22.035,24.024
602,22.050,24.031
603,22.052,24.012
604,22.053,24.011
605,22.045,24.010
606,22.056,24.031
607,22.075,24.077
608,22.094,24.109
609,22.096,24.095
610,22.103,24.111
611,22.091,24.118
612,22.048,24.048
613,22.072,24.089
614,22.090,24.116
615,22.098,24.130
616,22.073,24.096
617,22.075,24.116
618,22.104,24.152
619,22.095,24.145
620,22.098,24.136
621,22.114,24.177
622,22.117,24.165
623,22.103,24.152
624,22.109,24.167
625,22.097,24.145
626,22.099,24.141
627,22.130,24.203
628,22.158,24.233
629,22.123,24.188
630,22.194,24.288
631,22.128,24.205
632,22.214,24.321
633,22.222,24.355
634,22.187,24.296
635,22.233,24.357
636,22.218,24.370
637,22.218,24.389
638,22.249,24.432
639,22.250,24.430
640,22.282,24.476
641,22.313,24.507
642,22.361,24.550
643,22.344,24.532
644,22.367,24.589
645,22.405,24.611
646,22.376,24.545
647,22.381,24.560
648,22.376,24.537
649,22.399,24.566
650,22.412,24.592
651,22.429,24.614
652,22.431,24.630
653,22.425,24.618
654,22.434,24.615
655,22.430,24.616
656,22.440,24.647
657,22.462,24.659
658,22.493,24.698
659,22.462,24.636
660,22.448,24.629
661,22.457,24.627
662,22.469,24.646
663,22.458,24.603
664,22.475,24.645
665,22.421,24.550
666,22.430,24.539
667,22.423,24.559
668,22.395,24.513
669,22.377,24.505
670,22.377,24.496
671,22.343,24.460
672,22.379,24.519
673,22.360,24.486
674,22.357,24.511
675,22.352,24.467
676,22.321,24.442
677,22.294,24.413
678,22.303,24.424
679,22.303,24.419
680,22.276,24.399
681,22.165,24.270
682,22.153,24.223
683,22.230,24.400
684,22.199,24.353
685,22.209,24.395
686,22.116,24.258
687,22.093,24.221
688,22.025,24.115
689,22.021,24.110
690,21.993,24.086
691,22.023,24.147
692,21.960,24.037
693,21.942,24.030
694,21.931,24.034
695,21.931,24.031
696,21.910,24.004
697,21.847,23.936
698,21.824,23.902
699,21.789,23.852
700,21.780,23.851
701,21.732,23.775
702,21.715,23.757
703,21.713,23.764
704,21.653,23.637
705,21.637,23.659
706,21.610,23.606
707,21.574,23.553
708,21.555,23.508
709,21.481,23.412
710,21.523,23.464
711,21.489,23.417
712,21.421,23.339
713,21.258,23.125
714,21.225,23.073
715,21.236,23.086
716,21.216,23.067
717,21.173,23.011
718,21.133,22.951
719,21.132,22.959
720,21.146,22.966
721,21.136,22.918
722,21.165,22.972
723,21.172,22.974
724,21.131,22.947
725,21.148,22.979
726,21.156,22.975
727,21.089,22.906
728,21.076,22.888
729,21.080,22.897
730,20.996,22.825
731,21.059,22.893
732,21.029,22.865
733,20.978,22.803
734,20.994,22.817
735,20.982,22.802
736,20.977,22.788
737,20.993,22.818
738,21.000,22.817
739,21.042,22.860
740,21.089,22.908
741,21.087,22.898
742,21.079,22.872
743,21.081,22.863
744,21.083,22.853
745,21.072,22.829
746,21.065,22.830
747,21.062,22.815
748,21.069,22.830
749,21.084,22.855
750,21.063,22.827
751,21.068,22.835
752,21.093,22.871
753,21.145,22.932
754,21.120,22.909
755,21.143,22.924
756,21.164,22.961
757,21.174,22.976
758,21.219,23.050
759,21.262,23.113
760,21.289,23.148
761,21.283,23.121
762,21.319,23.164
763,21.302,23.174
764,21.354,23.215
765,21.408,23.309
766,21.422,23.336
767,21.460,23.385
768,21.482,23.418
769,21.574,23.534
770,21.528,23.469
771,21.557,23.503
772,21.566,23.522
773,21.575,23.525
774,21.599,23.575
775,21.660,23.644
776,21.683,23.673
777,21.745,23.752
778,21.742,23.737
779,21.769,23.769
780,21.832,23.843
781,21.872,23.899
782,21.907,23.934
783,21.978,24.018
784,22.014,24.055
785,22.036,24.101
786,21.987,24.027
787,22.013,24.045
788,22.024,24.073
789,21.991,24.020
790,21.999,24.030
791,22.166,24.295
792,22.170,24.290
793,22.175,24.303
794,22.216,24.352
795,22.250,24.386
796,22.232,24.367
797,22.265,24.414
798,22.346,24.512
799,22.371,24.514
800,22.344,24.481
801,22.374,24.525
802,22.424,24.607
803,22.440,24.616
804,22.446,24.623
805,22.447,24.624
806,22.501,24.684
807,22.508,24.702
808,22.536,24.749
809,22.506,24.701
810,22.510,24.718
811,22.512,24.746
812,22.490,24.709
813,22.457,24.662
814,22.470,24.691
815,22.400,24.597
816,22.428,24.649
817,22.399,24.610
818,22.388,24.604
819,22.357,24.549
820,22.349,24.555
821,22.319,24.519
822,22.312,24.507
823,22.287,24.485
824,22.279,24.477
825,22.290,24.468
826,22.236,24.421
827,22.188,24.334
828,22.186,24.330
829,22.156,24.288
830,22.121,24.241
831,22.108,24.222
832,22.040,24.133
833,21.981,24.059
834,21.966,24.050
835,21.878,23.930
836,21.867,23.921
837,21.862,23.914
838,21.817,23.857
839,21.787,23.793
840,21.695,23.711
841,21.559,23.536
842,21.476,23.435
843,21.443,23.413
844,21.446,23.394
845,21.392,23.341
846,21.394,23.341
847,21.382,23.338
848,21.427,23.389
849,21.421,23.369
850,21.425,23.383
851,21.407,23.369
852,21.428,23.376
853,21.429,23.394
854,21.446,23.414
855,21.452,23.410
856,21.439,23.414
857,21.416,23.395
858,21.425,23.393
859,21.428,23.428
860,21.454,23.463
861,21.410,23.399
862,21.447,23.448
863,21.461,23.474
864,21.536,23.562
865,21.477,23.477
866,21.458,23.459
867,21.508,23.469
868,21.506,23.483
869,21.463,23.436
870,21.456,23.427
871,21.474,23.441
872,21.425,23.396
873,21.420,23.381
874,21.353,23.302
875,21.263,23.160
876,21.297,23.239
877,21.289,23.222
878,21.277,23.203
879,21.231,23.140
880,21.209,23.111
881,21.220,23.124
882,21.244,23.144
883,21.199,23.095
884,21.193,23.087
885,21.204,23.073
886,21.221,23.101
887,21.232,23.111
888,21.241,23.117
889,21.244,23.096
890,21.292,23.172
891,21.287,23.170
892,21.262,23.140
893,21.276,23.139
894,21.273,23.146
895,21.277,23.148
896,21.321,23.192
897,21.330,23.219
898,21.360,23.277
899,21.367,23.276
900,21.347,23.272
901,21.389,23.305
902,21.365,23.272
903,21.391,23.300
904,21.387,23.317
905,21.424,23.334
906,21.459,23.358
907,21.527,23.470
908,21.547,23.479
909,21.547,23.444
910,21.558,23.479
911,21.600,23.525
912,21.586,23.499
913,21.613,23.512
914,21.606,23.493
915,21.615,23.500
916,21.654,23.560
917,21.637,23.512
918,21.654,23.537
919,21.682,23.563
920,21.681,23.548
921,21.687,23.572
922,21.723,23.598
923,21.758,23.645
924,21.727,23.620
925,21.782,23.674
926,21.750,23.641
927,21.830,23.751
928,21.810,23.710
929,21.792,23.722
930,21.795,23.737
931,21.788,23.727
932,21.732,23.675
933,21.721,23.654
934,21.689,23.614
935,21.628,23.548
936,21.601,23.508
937,21.666,23.571
938,21.673,23.585
939,21.672,23.594
940,21.683,23.601
941,21.660,23.578
942,21.655,23.555
943,21.611,23.489
944,21.638,23.525
945,21.591,23.462
946,21.637,23.544
947,21.536,23.401
948,21.506,23.351
949,21.497,23.375
950,21.464,23.339
951,21.447,23.300
952,21.436,23.322
953,21.364,23.215
954,21.313,23.151
955,21.297,23.115
956,21.326,23.176
957,21.268,23.095
958,21.280,23.123
959,21.331,23.175
960,21.301,23.121
961,21.358,23.204
962,21.363,23.195
963,21.481,23.393
964,21.406,23.238
965,21.427,23.289
966,21.403,23.248
967,21.417,23.279
968,21.395,23.257
969,21.393,23.226
970,21.435,23.270
971,21.548,23.417
972,21.589,23.470
973,21.579,23.451
974,21.623,23.522
975,21.651,23.559
976,21.642,23.540
977,21.678,23.600
978,21.652,23.554
979,21.685,23.595
980,21.643,23.522
981,21.713,23.606
982,21.739,23.679
983,21.741,23.656
984,21.765,23.668
985,21.841,23.779
986,21.854,23.802
987,21.875,23.819
988,21.833,23.761
989,21.802,23.727
990,21.814,23.737
991,21.861,23.775
992,21.846,23.730
993,21.880,23.799
994,21.922,23.837
995,21.966,23.916
996,21.973,23.912
997,22.032,23.979
998,22.036,24.013
999,22.113,24.084
1000,22.162,24.152
1001,22.245,24.250
1002,22.260,24.277
1003,22.323,24.357
1004,22.313,24.341
1005,22.332,24.369
1006,22.198,24.176
1007,22.265,24.306
1008,22.297,24.343
1009,22.325,24.407
1010,22.366,24.465
1011,22.334,24.422
1012,22.353,24.444
1013,22.325,24.398
1014,22.363,24.475
1015,22.311,24.413
1016,22.304,24.412
1017,22.266,24.327
1018,22.262,24.319
1019,22.296,24.367
1020,22.260,24.335
1021,22.270,24.334
1022,22.232,24.275
1023,22.275,24.307
1024,22.271,24.304
1025,22.256,24.305
1026,22.260,24.303
1027,22.257,24.314
1028,22.268,24.303
1029,22.238,24.287
1030,22.337,24.454
1031,22.231,24.285
1032,22.237,24.300
1033,22.178,24.195
1034,22.191,24.222
1035,22.171,24.181
1036,22.184,24.200
1037,22.233,24.259
1038,22.185,24.202
1039,22.161,24.163
1040,22.170,24.158
1041,22.170,24.163
1042,22.154,24.146
1043,22.134,24.113
1044,22.073,24.059
1045,22.023,23.950
1046,22.015,23.948
1047,22.004,23.934
1048,21.981,23.891
1049,21.952,23.851
1050,21.953,23.840
1051,21.910,23.773
1052,21.872,23.718
1053,21.806,23.619
1054,21.799,23.605
1055,21.784,23.598
1056,21.726,23.518
1057,21.725,23.526
1058,21.734,23.526
1059,21.674,23.459
1060,21.623,23.399
1061,21.609,23.384
1062,21.525,23.278
1063,21.511,23.267
1064,21.489,23.224
1065,21.410,23.141
1066,21.404,23.137
1067,21.386,23.122
1068,21.339,23.067
1069,21.322,23.040
1070,21.334,23.076
1071,21.305,23.054
1072,21.267,23.004
1073,21.221,22.983
1074,21.212,22.958
1075,21.202,22.954
1076,21.200,22.943
1077,21.194,22.930
1078,21.201,22.950
1079,21.245,23.012
1080,21.240,22.993
1081,21.304,23.083
1082,21.304,23.075
1083,21.301,23.068
1084,21.374,23.141
1085,21.416,23.201
1086,21.480,23.283
1087,21.434,23.190
1088,21.447,23.220
1089,21.258,22.998
1090,21.190,22.905
1091,21.238,22.978
1092,21.285,23.027
1093,21.241,23.002
1094,21.238,22.959
1095,21.284,23.040
1096,21.282,23.027
1097,21.325,23.097
1098,21.338,23.106
1099,21.351,23.129
1100,21.399,23.173
1101,21.428,23.202
1102,21.504,23.316
1103,21.567,23.410
1104,21.556,23.380
1105,21.630,23.466
1106,21.630,23.461
1107,21.678,23.500
1108,21.705,23.541
1109,21.815,23.678
1110,21.787,23.597
1111,21.819,23.657
1112,21.855,23.695
1113,21.880,23.715
1114,21.988,23.864
1115,21.829,23.622
1116,21.963,23.825
1117,22.008,23.878
1118,22.055,23.941
1119,22.110,24.008
1120,22.096,23.998
1121,22.116,24.036
1122,22.116,24.036
1123,22.139,24.049
1124,22.119,24.001
1125,22.146,24.053
1126,22.222,24.179
1127,22.156,24.100
1128,22.111,24.019
1129,22.114,24.053
1130,22.096,24.005
1131,22.109,24.034
1132,22.078,24.007
1133,22.115,24.038
1134,22.103,24.018
1135,22.056,23.972
1136,22.107,24.055
1137,22.075,24.018
1138,22.097,24.047
1139,22.108,24.043
1140,22.074,24.015
1141,22.061,23.989
1142,22.082,24.015
1143,22.062,23.998
1144,22.098,24.023
1145,22.055,23.995
1146,22.056,23.968
1147,22.076,23.995
1148,22.051,23.983
1149,22.100,24.058
1150,22.086,24.007
1151,22.139,24.097
1152,22.162,24.109
1153,22.157,24.107
1154,22.189,24.143
1155,22.198,24.141
1156,22.191,24.132
1157,22.177,24.115
1158,22.133,24.065
1159,22.176,24.116
1160,22.166,24.099
1161,22.169,24.096
1162,22.210,24.186
1163,22.171,24.140
1164,22.120,24.069
1165,22.136,24.077
1166,22.109,24.076
1167,22.087,24.025
1168,22.085,24.021
1169,22.079,24.010
1170,22.077,24.010
1171,22.054,23.993
1172,22.079,24.016
1173,22.041,23.960
1174,22.037,23.962
1175,22.050,23.969
1176,22.031,23.945
1177,22.030,23.965
1178,22.011,23.941
1179,22.001,23.946
1180,21.973,23.916
1181,21.975,23.922
1182,21.965,23.876
1183,21.931,23.832
1184,21.911,23.810
1185,21.915,23.823
1186,21.888,23.820
1187,21.874,23.778
1188,21.834,23.734
1189,21.824,23.735
1190,21.791,23.675
1191,21.791,23.682
1192,21.820,23.713
1193,21.819,23.738
1194,21.838,23.744
1195,21.762,23.619
1196,21.783,23.664
1197,21.796,23.668
1198,21.849,23.748
1199,21.866,23.773
1200,21.893,23.772
1201,21.891,23.764
1202,21.944,23.834
1203,21.927,23.796
1204,21.893,23.752
1205,21.970,23.876
1206,22.056,24.023
1207,22.079,24.016
1208,22.119,24.093
1209,22.060,24.020
1210,22.111,24.099
1211,22.094,24.101
1212,22.122,24.129
1213,22.100,24.067
1214,22.170,24.198
1215,22.116,24.115
1216,22.111,24.121
1217,22.115,24.118
1218,22.098,24.121
1219,22.079,24.047
1220,22.105,24.097
1221,22.100,24.089
1222,22.140,24.149
1223,22.092,24.066
1224,22.074,24.064
1225,22.044,24.013
1226,22.062,24.049
1227,22.054,24.040
1228,22.029,24.019
1229,22.011,23.990
1230,22.055,24.078
1231,22.055,24.063
1232,22.101,24.117
1233,22.093,24.104
1234,22.089,24.105
1235,22.043,24.024
1236,22.063,24.060
1237,22.153,24.203
1238,22.109,24.131
1239,22.090,24.095
1240,22.103,24.087
1241,22.075,24.071
1242,22.083,24.113
1243,22.078,24.080
1244,22.083,24.077
1245,22.148,24.200
1246,22.092,24.117
1247,22.089,24.107
1248,22.048,24.051
1249,22.032,24.021
1250,22.097,24.113
1251,22.000,24.014
1252,22.023,23.998
1253,22.025,24.005
1254,22.116,24.165
1255,22.038,24.022
1256,22.121,24.175
1257,22.100,24.101
1258,22.030,24.006
1259,22.158,24.203
1260,22.040,24.017
1261,21.984,23.932
1262,21.969,23.915
1263,21.922,23.846
1264,21.895,23.815
1265,21.907,23.854
1266,21.836,23.750
1267,21.880,23.824
1268,21.816,23.721
1269,21.779,23.678
1270,21.764,23.671
1271,21.783,23.719
1272,21.757,23.676
1273,21.732,23.622
1274,21.673,23.550
1275,21.659,23.558
1276,21.580,23.447
1277,21.561,23.432
1278,21.556,23.439
1279,21.595,23.512
1280,21.468,23.312
1281,21.499,23.353
1282,21.451,23.274
1283,21.413,23.225
1284,21.394,23.197
1285,21.363,23.145
1286,21.364,23.114
1287,21.462,23.276
1288,21.402,23.199
1289,21.238,22.967
1290,21.215,22.927
1291,21.303,23.053
1292,21.304,23.039
1293,21.342,23.100
1294,21.294,23.043
1295,21.313,23.078
1296,21.341,23.114
1297,21.344,23.096
1298,21.331,23.110
1299,21.380,23.169
1300,21.414,23.216
1301,21.408,23.199
1302,21.441,23.223
1303,21.434,23.211
1304,21.489,23.266
1305,21.503,23.300
1306,21.515,23.331
1307,21.547,23.347
1308,21.558,23.362
1309,21.533,23.325
1310,21.570,23.398
1311,21.583,23.407
1312,21.495,23.309
1313,21.390,23.192
1314,21.279,23.046
1315,21.243,23.011
1316,21.247,22.986
1317,21.274,23.021
1318,21.305,23.058
1319,21.302,23.047
1320,21.312,23.048
1321,21.348,23.098
1322,21.332,23.074
1323,21.354,23.095
1324,21.335,23.081
1325,21.380,23.138
1326,21.418,23.213
1327,21.396,23.164
1328,21.371,23.146
1329,21.385,23.157
1330,21.384,23.134
1331,21.414,23.186
1332,21.414,23.169
1333,21.428,23.187
1334,21.463,23.215
1335,21.480,23.250
1336,21.499,23.270
1337,21.511,23.288
1338,21.516,23.278
1339,21.514,23.270
1340,21.526,23.287
1341,21.521,23.290
1342,21.522,23.296
1343,21.510,23.276
1344,21.529,23.290
1345,21.535,23.318
1346,21.558,23.354
1347,21.547,23.327
1348,21.566,23.356
1349,21.567,23.357
1350,21.607,23.400
1351,21.597,23.369
1352,21.610,23.395
1353,21.635,23.416
1354,21.650,23.435
1355,21.573,23.288
1356,21.661,23.435
1357,21.681,23.464
1358,21.654,23.445
1359,21.648,23.422
1360,21.627,23.405
1361,21.641,23.423
1362,21.618,23.374
1363,21.638,23.409
1364,21.655,23.429
1365,21.655,23.410
1366,21.652,23.433
1367,21.647,23.425
1368,21.625,23.375
1369,21.637,23.396
1370,21.617,23.391
1371,21.647,23.430
1372,21.594,23.355
1373,21.618,23.376
1374,21.663,23.459
1375,21.649,23.440
1376,21.629,23.413
1377,21.646,23.433
1378,21.630,23.386
1379,21.667,23.434
1380,21.658,23.437
1381,21.682,23.443
1382,21.707,23.449
1383,21.712,23.475
1384,21.706,23.464
1385,21.725,23.503
1386,21.746,23.514
1387,21.775,23.551
1388,21.771,23.537
1389,21.787,23.564
1390,21.785,23.566
1391,21.820,23.598
1392,21.833,23.616
1393,21.872,23.658
1394,21.887,23.682
1395,21.894,23.692
1396,21.909,23.698
1397,21.960,23.767
1398,21.994,23.815
1399,22.016,23.856
1400,22.034,23.847
1401,22.045,23.867
1402,22.098,23.931
1403,22.106,23.947
1404,22.122,23.961
1405,22.096,23.908
1406,22.113,23.936
1407,22.092,23.897
1408,22.115,23.942
1409,22.094,23.897
1410,22.072,23.868
1411,22.086,23.878
1412,22.070,23.861
1413,22.059,23.861
1414,22.014,23.772
1415,22.048,23.828
1416,22.017,23.778
1417,22.014,23.785
1418,21.959,23.712
1419,21.946,23.666
1420,21.929,23.650
1421,21.883,23.577
1422,21.888,23.563
1423,21.834,23.489
1424,21.841,23.507
1425,21.796,23.450
1426,21.768,23.418
1427,21.755,23.405
1428,21.657,23.259
1429,21.607,23.206
1430,21.585,23.179
1431,21.504,23.081
1432,21.448,23.016
1433,21.443,23.005
1434,21.439,23.013
1435,21.436,22.997
1436,21.432,22.982
1437,21.370,22.913
1438,21.315,22.858
1439,21.277,22.812
1440,21.266,22.818
1441,21.202,22.721
1442,21.189,22.726
1443,21.164,22.705
1444,21.133,22.675
1445,21.108,22.633
1446,21.066,22.601
1447,21.037,22.583
1448,21.007,22.554
1449,20.981,22.555
1450,20.946,22.520
1451,20.979,22.582
1452,20.983,22.614
1453,21.020,22.676
1454,21.057,22.745
1455,21.003,22.701
1456,21.020,22.763
1457,21.011,22.750
1458,21.068,22.854
1459,21.142,22.958
1460,21.074,22.888
1461,21.099,22.929
1462,21.133,22.990
1463,21.131,22.995
1464,21.139,23.034
1465,21.237,23.177
1466,21.207,23.156
1467,21.212,23.159
1468,21.216,23.173
1469,21.302,23.289
1470,21.335,23.365
1471,21.454,23.539
1472,21.536,23.665
1473,21.616,23.761
1474,21.639,23.808
1475,21.718,23.922
1476,21.767,24.017
1477,21.812,24.086
1478,21.848,24.155
1479,21.862,24.188
1480,21.854,24.162
1481,21.863,24.177
1482,21.809,24.112
1483,21.827,24.145
1484,21.834,24.150
1485,21.828,24.147
1486,21.754,24.041
1487,21.740,24.008
1488,21.733,23.979
1489,21.712,23.931
1490,21.738,23.976
1491,21.700,23.938
1492,21.568,23.738
1493,21.564,23.698
1494,21.643,23.815
1495,21.650,23.829
1496,21.690,23.882
1497,21.696,23.880
1498,21.501,23.563
1499,21.482,23.488
1500,21.457,23.428
1501,21.387,23.342
1502,21.416,23.383
1503,21.325,23.246
1504,21.330,23.257
1505,21.278,23.174
1506,21.319,23.227
1507,21.371,23.313
1508,21.437,23.426
1509,21.378,23.341
1510,21.272,23.180
1511,21.257,23.163
1512,21.047,22.908
1513,20.941,22.692
1514,20.901,22.647
1515,20.913,22.625
1516,20.941,22.667
1517,20.907,22.606
1518,20.890,22.586
1519,21.006,22.738
1520,21.030,22.732
1521,21.084,22.800
1522,21.145,22.864
1523,21.166,22.892
1524,21.211,22.944
1525,21.219,22.939
1526,21.275,23.030
1527,21.297,23.029
1528,21.305,23.037
1529,21.360,23.112
1530,21.446,23.231
1531,21.465,23.252
1532,21.513,23.306
1533,21.547,23.356
1534,21.545,23.341
1535,21.603,23.445
1536,21.549,23.351
1537,21.570,23.381
1538,21.547,23.338
1539,21.549,23.368
1540,21.569,23.375
1541,21.589,23.420
1542,21.546,23.362
1543,21.556,23.377
1544,21.578,23.396
1545,21.525,23.331
1546,21.576,23.425
1547,21.607,23.515
1548,21.651,23.626
1549,21.623,23.586
1550,21.679,23.671
1551,21.586,23.569
1552,21.569,23.540
1553,21.581,23.561
1554,21.552,23.512
1555,21.540,23.482
1556,21.537,23.498
1557,21.543,23.497
1558,21.498,23.443
1559,21.511,23.462
1560,21.475,23.407
1561,21.468,23.381
1562,21.436,23.344
1563,21.454,23.390
1564,21.446,23.357
1565,21.436,23.358
1566,21.461,23.375
1567,21.455,23.370
1568,21.401,23.310
1569,21.447,23.382
1570,21.421,23.371
1571,21.431,23.339
1572,21.471,23.398
1573,21.468,23.382
1574,21.465,23.369
1575,21.455,23.353
1576,21.481,23.373
1577,21.437,23.291
1578,21.434,23.295
1579,21.422,23.268
1580,21.420,23.249
1581,21.406,23.251
1582,21.397,23.195
1583,21.351,23.149
1584,21.416,23.216
1585,21.416,23.220
1586,21.338,23.109
1587,21.347,23.155
1588,21.345,23.192
1589,21.358,23.215
1590,21.366,23.226
1591,21.358,23.217
1592,21.354,23.207
1593,21.379,23.259
1594,21.405,23.313
1595,21.310,23.147
1596,21.389,23.268
1597,21.345,23.220
1598,21.327,23.197
1599,21.310,23.147
1600,21.328,23.178
1601,21.282,23.124
1602,21.295,23.141
1603,21.309,23.161
1604,21.315,23.160
1605,21.367,23.243
1606,21.356,23.226
1607,21.360,23.229
1608,21.290,23.130
1609,21.299,23.148
1610,21.307,23.159
1611,21.312,23.179
1612,21.342,23.221
1613,21.250,23.079
1614,21.268,23.108
1615,21.265,23.117
1616,21.262,23.110
1617,21.297,23.161
1618,21.263,23.111
1619,21.264,23.106
1620,21.278,23.123
1621,21.242,23.076
1622,21.214,23.037
1623,21.272,23.136
1624,21.316,23.183
1625,21.310,23.165
1626,21.339,23.210
1627,21.381,23.256
1628,21.405,23.301
1629,21.394,23.263
1630,21.410,23.292
1631,21.419,23.322
1632,21.444,23.346
1633,21.408,23.303
1634,21.407,23.291
1635,21.397,23.293
1636,21.401,23.301
1637,21.314,23.197
1638,21.089,22.850
1639,21.349,23.191
1640,21.415,23.293
1641,21.494,23.404
1642,21.526,23.447
1643,21.512,23.411
1644,21.497,23.409
1645,21.435,23.322
1646,21.147,22.969
1647,21.146,22.889
1648,21.231,23.000
1649,21.226,22.992
1650,21.214,22.956
1651,21.211,22.938
1652,21.275,23.025
1653,21.287,23.025
1654,21.367,23.127
1655,21.376,23.143
1656,21.459,23.243
1657,21.480,23.283
1658,21.481,23.266
1659,21.451,23.188
1660,21.519,23.290
1661,21.470,23.215
1662,21.480,23.262
1663,21.438,23.182
1664,21.597,23.384
1665,21.539,23.340
1666,21.496,23.306
1667,21.520,23.327
1668,21.486,23.270
1669,21.509,23.301
1670,21.555,23.363
1671,21.586,23.371
1672,21.671,23.531
1673,21.643,23.498
1674,21.586,23.383
1675,21.652,23.477
1676,21.598,23.404
1677,21.702,23.555
1678,21.569,23.416
1679,21.534,23.351
1680,21.435,23.233
1681,21.378,23.155
1682,21.388,23.130
1683,21.420,23.182
1684,21.488,23.265
1685,21.491,23.303
1686,21.593,23.398
1687,21.743,23.625
1688,21.757,23.673
1689,21.794,23.716
1690,21.798,23.735
1691,21.727,23.659
1692,21.540,23.383
1693,21.590,23.391
1694,21.601,23.407
1695,21.607,23.414
1696,21.652,23.458
1697,21.686,23.504
1698,21.735,23.583
1699,21.786,23.628
1700,21.805,23.629
1701,21.844,23.681
1702,21.905,23.759
1703,21.934,23.794
1704,22.032,23.917
1705,22.037,23.939
1706,22.023,23.926
1707,22.014,23.910
1708,21.980,23.883
1709,21.950,23.860
1710,21.890,23.769
1711,21.917,23.823
1712,21.916,23.814
1713,21.887,23.825
1714,21.808,23.693
1715,21.767,23.658
1716,21.801,23.691
1717,21.726,23.645
1718,21.749,23.690
1719,21.709,23.659
1720,21.667,23.595
1721,21.625,23.559
1722,21.600,23.530
1723,21.553,23.463
1724,21.524,23.430
1725,21.500,23.407
1726,21.510,23.419
1727,21.522,23.437
1728,21.502,23.401
1729,21.493,23.397
1730,21.491,23.381
1731,21.520,23.428
1732,21.530,23.439
1733,21.524,23.424
1734,21.517,23.418
1735,21.357,23.181
1736,21.378,23.185
1737,21.363,23.162
1738,21.410,23.216
1739,21.411,23.217
1740,21.452,23.259
1741,21.495,23.310
1742,21.558,23.382
1743,21.590,23.408
1744,21.679,23.537
1745,21.761,23.640
1746,21.813,23.693
1747,21.873,23.764
1748,21.991,23.896
1749,22.054,23.977
1750,22.065,24.007
1751,22.076,24.011
1752,22.082,24.010
1753,22.068,23.965
1754,22.048,23.960
1755,22.064,23.988
1756,22.039,23.968
1757,22.098,24.056
1758,22.088,24.032
1759,22.060,23.997
1760,22.087,24.036
1761,22.112,24.072
1762,22.112,24.091
1763,22.097,24.119
1764,22.106,24.129
1765,22.099,24.130
1766,22.041,24.040
1767,22.130,24.191
1768,22.084,24.139
1769,22.006,24.025
1770,22.059,24.124
1771,22.020,24.053
1772,22.013,24.048
1773,21.980,24.026
1774,21.917,23.932
1775,21.969,24.025
1776,21.936,23.962
1777,21.896,23.906
1778,21.889,23.905
1779,21.877,23.887
1780,21.854,23.857
1781,21.958,24.042
1782,21.830,23.838
1783,21.824,23.852
1784,21.759,23.743
1785,21.842,23.889
1786,21.725,23.687
1787,21.653,23.595
1788,21.612,23.529
1789,21.626,23.561
1790,21.588,23.503
1791,21.537,23.432
1792,21.503,23.400
1793,21.463,23.367
1794,21.449,23.347
1795,21.412,23.285
1796,21.372,23.255
1797,21.330,23.190
1798,21.299,23.133
1799,21.319,23.195
1800,21.297,23.163
1801,21.315,23.200
1802,21.347,23.236
1803,21.435,23.333
1804,21.430,23.331
1805,21.479,23.383
1806,21.516,23.425
1807,21.522,23.421
1808,21.510,23.425
1809,21.480,23.376
1810,21.478,23.369
1811,21.442,23.318
1812,21.505,23.372
1813,21.537,23.417
1814,21.602,23.493
1815,21.663,23.576
1816,21.667,23.592
1817,21.718,23.634
1818,21.795,23.744
1819,21.776,23.701
1820,21.836,23.783
1821,21.876,23.840
1822,21.921,23.880
1823,21.920,23.868
1824,21.976,23.943
1825,22.018,24.006
1826,22.084,24.076
1827,22.144,24.145
1828,22.206,24.222
1829,22.237,24.260
1830,22.328,24.375
1831,22.332,24.371
1832,22.383,24.451
1833,22.366,24.414
1834,22.362,24.448
1835,22.297,24.328
1836,22.267,24.309
1837,22.289,24.350
1838,22.278,24.354
1839,22.219,24.269
1840,22.179,24.219
