0,16.193,20.194
1,16.199,20.190
2,16.219,20.229
3,16.208,20.197
4,16.189,20.163
5,16.213,20.218
6,16.190,20.183
7,16.191,20.164
8,16.200,20.192
9,16.216,20.238
10,16.209,20.218
11,16.227,20.243
12,16.219,20.230
13,16.219,20.234
14,16.222,20.211
15,16.230,20.217
16,16.206,20.190
17,16.213,20.188
18,16.216,20.187
19,16.221,20.187
20,16.241,20.222
21,16.237,20.184
22,16.231,20.180
23,16.254,20.208
24,16.258,20.200
25,16.246,20.175
26,16.259,20.196
27,16.236,20.159
28,16.256,20.158
29,16.255,20.132
30,16.250,20.167
31,16.280,20.186
32,16.241,20.098
33,16.264,20.154
34,16.290,20.192
35,16.274,20.158
36,16.267,20.127
37,16.286,20.161
38,16.272,20.164
39,16.260,20.148
40,16.258,20.149
41,16.281,20.173
42,16.281,20.186
43,16.259,20.121
44,16.250,20.144
45,16.251,20.166
46,16.260,20.173
47,16.252,20.136
48,16.247,20.147
49,16.236,20.119
50,16.249,20.128
51,16.267,20.170
52,16.243,20.131
53,16.253,20.156
54,16.222,20.109
55,16.257,20.165
56,16.247,20.147
57,16.273,20.182
58,16.246,20.149
59,16.247,20.158
60,16.259,20.155
61,16.259,20.152
62,16.244,20.149
63,16.244,20.138
64,16.272,20.181
65,16.231,20.094
66,16.232,20.103
67,16.254,20.134
68,16.227,20.117
69,16.266,20.172
70,16.253,20.150
71,16.247,20.146
72,16.254,20.180
73,16.262,20.174
74,16.236,20.147
75,16.258,20.150
76,16.274,20.192
77,16.250,20.153
78,16.259,20.156
79,16.244,20.152
80,16.264,20.196
81,16.255,20.162
82,16.252,20.148
83,16.235,20.123
84,16.258,20.155
85,16.228,20.123
86,16.236,20.157
87,16.237,20.128
88,16.242,20.143
89,16.221,20.104
90,16.248,20.137
91,16.243,20.151
92,16.269,20.202
93,16.226,20.113
94,16.248,20.165
95,16.241,20.139
96,16.231,20.133
97,16.244,20.167
98,16.239,20.150
99,16.209,20.117
100,16.241,20.173
101,16.230,20.171
102,16.222,20.160
103,16.219,20.168
104,16.221,20.136
105,16.225,20.147
106,16.242,20.202
107,16.234,20.196
108,16.206,20.163
109,16.226,20.206
110,16.223,20.208
111,16.216,20.188
112,16.221,20.213
113,16.200,20.169
114,16.198,20.184
115,16.210,20.220
116,16.193,20.203
117,16.198,20.200
118,16.216,20.214
119,16.197,20.208
120,16.207,20.244
121,16.183,20.202
122,16.224,20.246
123,16.209,20.203
124,16.230,20.244
125,16.212,20.213
126,16.199,20.164
127,16.201,20.203
128,16.208,20.228
129,16.183,20.166
130,16.196,20.198
131,16.234,20.279
132,16.205,20.227
133,16.200,20.219
134,16.190,20.212
135,16.190,20.165
136,16.193,20.187
137,16.212,20.234
138,16.211,20.239
139,16.191,20.209
140,16.188,20.175
141,16.208,20.222
142,16.180,20.176
143,16.175,20.155
144,16.175,20.176
145,16.159,20.136
146,16.172,20.150
147,16.189,20.185
148,16.187,20.201
149,16.187,20.205
150,16.173,20.184
151,16.168,20.168
152,16.167,20.150
153,16.165,20.171
154,16.162,20.133
155,16.171,20.174
156,16.142,20.130
157,16.144,20.124
158,16.159,20.148
159,16.158,20.141
160,16.159,20.168
161,16.157,20.144
162,16.129,20.110
163,16.148,20.132
164,16.144,20.131
165,16.137,20.119
166,16.110,20.053
167,16.133,20.113
168,16.110,20.053
169,16.119,20.088
170,16.125,20.098
171,16.108,20.073
172,16.113,20.080
173,16.104,20.044
174,16.104,20.064
175,16.113,20.081
176,16.114,20.079
177,16.098,20.046
178,16.102,20.037
179,16.103,20.055
180,16.110,20.062
181,16.102,20.052
182,16.114,20.065
183,16.098,20.046
184,16.092,20.028
185,16.106,20.081
186,16.095,20.046
187,16.096,20.073
188,16.072,20.007
189,16.105,20.067
190,16.109,20.065
191,16.085,20.051
192,16.088,20.038
193,16.086,20.041
194,16.103,20.052
195,16.117,20.073
196,16.083,20.021
197,16.120,20.080
198,16.123,20.100
199,16.094,20.029
200,16.109,20.063
201,16.095,20.044
202,16.119,20.087
203,16.108,20.067
204,16.124,20.102
205,16.131,20.102
206,16.085,20.052
207,16.078,20.082
208,16.088,20.095
209,16.087,20.068
210,16.102,20.114
211,16.086,20.079
212,16.085,20.074
213,16.093,20.096
214,16.070,20.037
215,16.081,20.067
216,16.053,20.001
217,16.092,20.065
218,16.073,20.062
219,16.073,20.026
220,16.066,20.020
221,16.089,20.055
222,16.062,20.023
223,16.089,20.077
224,16.076,20.063
225,16.081,20.073
226,16.073,20.061
227,16.066,20.067
228,16.074,20.073
229,16.049,20.051
230,16.052,20.026
231,16.027,19.991
232,16.041,20.013
233,16.031,20.049
234,16.037,20.043
235,16.042,20.071
236,16.051,20.064
237,16.031,20.043
238,16.011,19.991
239,16.036,20.055
240,16.034,20.054
241,16.018,20.041
242,16.016,20.058
243,16.006,20.050
244,16.007,20.046
245,16.011,20.051
246,15.995,20.039
247,16.007,20.057
248,15.998,20.069
249,15.993,20.042
250,15.998,20.089
251,15.981,20.044
252,16.000,20.081
253,15.992,20.071
254,15.985,20.044
255,15.972,20.027
256,15.975,20.050
257,15.987,20.033
258,16.008,20.101
259,16.006,20.084
260,15.991,20.075
261,15.973,20.039
262,15.999,20.073
263,16.012,20.098
264,16.016,20.095
265,15.997,20.047
266,16.015,20.082
267,16.005,20.081
268,16.012,20.087
269,16.021,20.107
270,16.009,20.101
271,15.995,20.072
272,15.999,20.063
273,16.025,20.131
274,16.013,20.104
275,16.043,20.132
276,16.047,20.121
277,16.052,20.116
278,16.037,20.098
279,16.031,20.100
280,16.034,20.140
281,16.021,20.113
282,16.045,20.186
283,16.059,20.223
284,16.051,20.229
285,16.059,20.232
286,16.065,20.237
287,16.090,20.292
288,16.051,20.233
289,16.084,20.309
290,16.115,20.306
291,16.133,20.311
292,16.124,20.290
293,16.112,20.263
294,16.075,20.177
295,16.114,20.239
296,16.140,20.297
297,16.141,20.298
298,16.179,20.346
299,16.194,20.334
300,16.204,20.326
301,16.244,20.326
302,16.237,20.372
303,16.213,20.303
304,16.230,20.331
305,16.214,20.349
306,16.240,20.384
307,16.216,20.308
308,16.212,20.314
309,16.226,20.364
310,16.234,20.373
311,16.199,20.296
312,16.210,20.313
313,16.208,20.302
314,16.216,20.323
315,16.223,20.339
316,16.239,20.368
317,16.240,20.374
318,16.219,20.323
319,16.227,20.336
320,16.243,20.398
321,16.233,20.403
322,16.227,20.373
323,16.269,20.469
324,16.287,20.495
325,16.245,20.375
326,16.164,20.281
327,16.220,20.414
328,16.212,20.412
329,16.203,20.408
330,16.219,20.411
331,16.202,20.382
332,16.214,20.428
333,16.194,20.336
334,16.211,20.393
335,16.192,20.357
336,16.216,20.372
337,16.218,20.370
338,16.230,20.431
339,16.206,20.325
340,16.222,20.399
341,16.212,20.366
342,16.200,20.309
343,16.233,20.399
344,16.206,20.344
345,16.232,20.443
346,16.186,20.336
347,16.182,20.323
348,16.189,20.384
349,16.182,20.345
350,16.189,20.384
351,16.164,20.342
352,16.191,20.400
353,16.200,20.418
354,16.169,20.372
355,16.170,20.399
356,16.152,20.348
357,16.182,20.391
358,16.163,20.363
359,16.163,20.367
360,16.182,20.418
361,16.158,20.376
362,16.183,20.443
363,16.137,20.326
364,16.157,20.371
365,16.132,20.345
366,16.132,20.338
367,16.142,20.374
368,16.141,20.410
369,16.139,20.367
370,16.118,20.349
371,16.120,20.371
372,16.124,20.344
373,16.123,20.362
374,16.161,20.372
375,16.194,20.435
376,16.175,20.379
377,16.214,20.485
378,16.188,20.448
379,16.186,20.447
380,16.162,20.416
381,16.173,20.423
382,16.179,20.427
383,16.219,20.466
384,16.254,20.549
385,16.246,20.522
386,16.242,20.500
387,16.257,20.539
388,16.270,20.542
389,16.294,20.585
390,16.317,20.613
391,16.326,20.652
392,16.300,20.599
393,16.245,20.545
394,16.243,20.543
395,16.243,20.530
396,16.268,20.607
397,16.309,20.698
398,16.296,20.628
399,16.324,20.717
400,16.293,20.608
401,16.332,20.728
402,16.343,20.745
403,16.343,20.712
404,16.357,20.726
405,16.381,20.759
406,16.385,20.744
407,16.394,20.792
408,16.418,20.806
409,16.408,20.803
410,16.414,20.761
411,16.416,20.814
412,16.436,20.812
413,16.466,20.857
414,16.490,20.944
415,16.475,20.891
416,16.444,20.840
417,16.461,20.888
418,16.470,20.894
419,16.548,21.008
420,16.576,20.987
421,16.581,20.952
422,16.601,20.986
423,16.635,20.973
424,16.656,21.017
425,16.703,21.052
426,16.722,21.075
427,16.748,21.009
428,16.719,21.009
429,16.740,21.044
430,16.749,21.014
431,16.757,21.029
432,16.749,21.003
433,16.757,21.004
434,16.721,20.922
435,16.728,20.987
436,16.723,20.994
437,16.665,20.994
438,16.692,21.020
439,16.692,21.018
440,16.720,21.044
441,16.688,20.972
442,16.712,20.979
443,16.750,21.047
444,16.754,21.032
445,16.767,21.076
446,16.731,20.992
447,16.779,21.063
448,16.772,21.070
449,16.786,21.079
450,16.790,21.041
451,16.796,21.071
452,16.781,21.048
453,16.799,21.064
454,16.784,21.027
455,16.797,21.030
456,16.791,21.031
457,16.787,21.048
458,16.821,21.066
459,16.775,21.015
460,16.791,21.039
461,16.791,21.023
462,16.800,21.052
463,16.785,21.006
464,16.805,21.052
465,16.762,20.993
466,16.756,20.997
467,16.745,20.950
468,16.731,20.987
469,16.714,20.911
470,16.644,20.837
471,16.648,20.868
472,16.608,20.829
473,16.590,20.834
474,16.592,20.842
475,16.536,20.778
476,16.517,20.776
477,16.501,20.769
478,16.470,20.713
479,16.466,20.729
480,16.420,20.650
481,16.418,20.662
482,16.391,20.618
483,16.383,20.645
484,16.370,20.623
485,16.365,20.658
486,16.357,20.636
487,16.330,20.588
488,16.350,20.651
489,16.325,20.634
490,16.305,20.593
491,16.295,20.598
492,16.295,20.645
493,16.303,20.653
494,16.300,20.648
495,16.260,20.583
496,16.282,20.628
497,16.277,20.632
498,16.242,20.578
499,16.256,20.635
500,16.231,20.579
501,16.240,20.620
502,16.234,20.611
503,16.232,20.595
504,16.234,20.641
505,16.236,20.655
506,16.220,20.626
507,16.223,20.590
508,16.177,20.544
509,16.203,20.569
510,16.182,20.550
511,16.151,20.484
512,16.150,20.491
513,16.123,20.448
514,16.123,20.464
515,16.087,20.430
516,16.106,20.442
517,16.087,20.401
518,16.059,20.334
519,16.102,20.469
520,16.042,20.345
521,16.063,20.375
522,16.051,20.392
523,16.016,20.317
524,16.015,20.319
525,16.004,20.303
526,15.991,20.313
527,15.962,20.231
528,15.948,20.224
529,15.907,20.159
530,15.924,20.170
531,15.884,20.104
532,15.882,20.103
533,15.865,20.090
534,15.848,20.065
535,15.833,20.042
536,15.832,20.060
537,15.827,20.020
538,15.826,20.044
539,15.808,20.017
540,15.834,20.066
541,15.819,20.059
542,15.829,20.072
543,15.874,20.159
544,15.846,20.132
545,15.818,20.086
546,15.845,20.146
547,15.833,20.111
548,15.842,20.176
549,15.825,20.139
550,15.834,20.194
551,15.795,20.086
552,15.811,20.120
553,15.820,20.168
554,15.845,20.159
555,15.840,20.158
556,15.850,20.153
557,15.824,20.161
558,15.825,20.150
559,15.837,20.144
560,15.838,20.149
561,15.799,20.062
562,15.822,20.123
563,15.823,20.104
564,15.815,20.080
565,15.815,20.106
566,15.817,20.090
567,15.828,20.145
568,15.815,20.102
569,15.883,20.211
570,15.850,20.140
571,15.881,20.189
572,15.846,20.121
573,15.841,20.117
574,15.836,20.101
575,15.863,20.161
576,15.852,20.145
577,15.869,20.199
578,15.877,20.188
579,15.895,20.207
580,15.911,20.235
581,15.870,20.135
582,15.883,20.134
583,15.906,20.193
584,15.922,20.206
585,15.958,20.236
586,15.962,20.231
587,16.025,20.299
588,16.023,20.264
589,16.070,20.304
590,16.064,20.317
591,16.070,20.318
592,16.083,20.338
593,16.054,20.271
594,16.075,20.291
595,16.076,20.304
596,16.077,20.318
597,16.082,20.309
598,16.073,20.336
599,16.040,20.284
600,16.045,20.281
601,16.034,20.272
602,16.012,20.228
603,16.003,20.201
604,16.008,20.202
605,16.014,20.247
606,16.032,20.288
607,16.017,20.258
608,16.023,20.274
609,16.056,20.336
610,16.052,20.328
611,16.033,20.288
612,16.038,20.312
613,16.047,20.297
614,16.080,20.334
615,16.049,20.291
616,16.049,20.284
617,16.054,20.296
618,16.036,20.280
619,16.045,20.305
620,16.065,20.303
621,16.066,20.307
622,16.059,20.317
623,16.045,20.259
624,16.022,20.254
625,16.049,20.322
626,16.037,20.276
627,16.051,20.296
628,16.038,20.267
629,16.058,20.295
630,16.041,20.248
631,16.063,20.319
632,16.051,20.283
633,16.030,20.237
634,16.009,20.199
635,16.041,20.260
636,16.052,20.288
637,16.046,20.292
638,16.049,20.314
639,16.045,20.316
640,16.058,20.360
641,16.024,20.273
642,16.049,20.323
643,16.027,20.298
644,16.034,20.303
645,16.034,20.337
646,16.032,20.345
647,16.026,20.328
648,16.030,20.336
649,16.009,20.298
650,16.020,20.307
651,16.036,20.413
652,16.013,20.340
653,16.005,20.314
654,16.012,20.374
655,16.012,20.346
656,15.996,20.297
657,15.992,20.321
658,15.975,20.268
659,15.955,20.273
660,15.947,20.227
661,15.933,20.223
662,15.922,20.209
663,15.940,20.202
664,15.915,20.191
665,15.921,20.204
666,15.912,20.197
667,15.921,20.206
668,15.905,20.170
669,15.914,20.206
670,15.917,20.202
671,15.889,20.158
672,15.875,20.137
673,15.827,20.025
674,15.846,20.110
675,15.864,20.130
676,15.883,20.156
677,15.923,20.199
678,15.945,20.227
679,15.965,20.288
680,15.944,20.258
681,15.948,20.282
682,15.921,20.223
683,15.939,20.261
684,15.931,20.230
685,15.935,20.225
686,15.917,20.199
687,15.913,20.183
688,15.905,20.181
689,15.915,20.190
690,15.893,20.143
691,15.927,20.212
692,15.903,20.174
693,15.939,20.234
694,15.936,20.226
695,15.956,20.234
696,15.992,20.262
697,16.001,20.305
698,16.021,20.319
699,15.994,20.282
700,16.024,20.337
701,16.026,20.370
702,16.028,20.372
703,16.019,20.362
704,16.057,20.416
705,16.027,20.292
706,16.046,20.379
707,16.066,20.404
708,16.094,20.440
709,16.101,20.446
710,16.152,20.527
711,16.163,20.511
712,16.206,20.604
713,16.224,20.596
714,16.243,20.621
715,16.282,20.685
716,16.245,20.594
717,16.266,20.627
718,16.270,20.648
719,16.255,20.570
720,16.302,20.632
721,16.328,20.625
722,16.276,20.555
723,16.325,20.631
724,16.345,20.669
725,16.323,20.635
726,16.320,20.589
727,16.355,20.655
728,16.332,20.661
729,16.325,20.667
730,16.339,20.712
731,16.306,20.628
732,16.273,20.584
733,16.331,20.717
734,16.296,20.618
735,16.354,20.751
736,16.337,20.703
737,16.342,20.721
738,16.359,20.759
739,16.357,20.720
740,16.365,20.739
741,16.353,20.711
742,16.383,20.787
743,16.405,20.810
744,16.445,20.879
745,16.476,20.976
746,16.493,20.983
747,16.516,20.993
748,16.420,20.858
749,16.470,21.008
750,16.476,20.978
751,16.386,20.892
752,16.415,21.006
753,16.430,21.048
754,16.437,21.047
755,16.435,21.022
756,16.449,21.045
757,16.441,21.008
758,16.487,21.106
759,16.517,21.155
760,16.523,21.142
761,16.448,21.027
762,16.428,21.085
763,16.445,21.137
764,16.400,21.037
765,16.422,21.070
766,16.396,20.984
767,16.406,21.032
768,16.440,21.102
769,16.448,21.138
770,16.465,21.128
771,16.450,21.103
772,16.478,21.185
773,16.504,21.202
774,16.550,21.300
775,16.542,21.317
776,16.555,21.364
777,16.551,21.374
778,16.538,21.311
779,16.550,21.387
780,16.526,21.272
781,16.561,21.361
782,16.530,21.281
783,16.555,21.349
784,16.556,21.366
785,16.563,21.380
786,16.541,21.336
787,16.542,21.283
788,16.516,21.249
789,16.501,21.228
790,16.481,21.218
791,16.493,21.218
792,16.438,21.108
793,16.469,21.165
794,16.443,21.097
795,16.432,21.112
796,16.434,21.110
797,16.443,21.158
798,16.447,21.136
799,16.418,21.129
800,16.418,21.127
801,16.344,20.960
802,16.299,20.963
803,16.295,20.959
804,16.280,20.907
805,16.259,20.861
806,16.262,20.875
807,16.276,20.898
808,16.276,20.920
809,16.277,20.942
810,16.242,20.852
811,16.233,20.887
812,16.224,20.835
813,16.210,20.823
814,16.199,20.793
815,16.170,20.721
816,16.162,20.743
817,16.155,20.729
818,16.149,20.725
819,16.111,20.650
820,16.133,20.704
821,16.138,20.699
822,16.149,20.708
823,16.158,20.715
824,16.114,20.636
825,16.122,20.673
826,16.107,20.639
827,16.072,20.568
828,16.101,20.618
829,16.084,20.596
830,16.083,20.614
831,16.072,20.575
832,16.082,20.608
833,16.080,20.571
834,16.080,20.590
835,16.106,20.631
836,16.139,20.668
837,16.117,20.637
838,16.105,20.598
839,16.108,20.612
840,16.125,20.638
841,16.117,20.642
842,16.106,20.582
843,16.104,20.603
844,16.143,20.661
845,16.141,20.679
846,16.112,20.577
847,16.108,20.596
848,16.119,20.600
849,16.127,20.580
850,16.133,20.614
851,16.140,20.617
852,16.115,20.566
853,16.113,20.566
854,16.132,20.566
855,16.157,20.630
856,16.149,20.629
857,16.165,20.671
858,16.160,20.653
859,16.155,20.619
860,16.163,20.643
861,16.155,20.638
862,16.132,20.597
863,16.163,20.621
864,16.166,20.638
865,16.160,20.607
866,16.178,20.652
867,16.165,20.628
868,16.182,20.637
869,16.155,20.541
870,16.181,20.582
871,16.204,20.633
872,16.248,20.717
873,16.223,20.661
874,16.213,20.609
875,16.203,20.592
876,16.213,20.603
877,16.242,20.679
878,16.254,20.697
879,16.254,20.666
880,16.258,20.707
881,16.226,20.697
882,16.213,20.658
883,16.205,20.626
884,16.215,20.661
885,16.229,20.646
886,16.236,20.685
887,16.182,20.629
888,16.187,20.640
889,16.181,20.653
890,16.200,20.643
891,16.214,20.699
892,16.212,20.693
893,16.221,20.700
894,16.220,20.723
895,16.241,20.763
896,16.253,20.795
897,16.257,20.807
898,16.253,20.811
899,16.227,20.757
900,16.234,20.773
901,16.238,20.808
902,16.255,20.808
903,16.229,20.779
904,16.242,20.835
905,16.226,20.798
906,16.239,20.785
907,16.211,20.740
908,16.229,20.777
909,16.238,20.797
910,16.237,20.768
911,16.215,20.754
912,16.221,20.765
913,16.220,20.766
914,16.200,20.700
915,16.203,20.732
916,16.195,20.717
917,16.172,20.674
918,16.170,20.674
919,16.171,20.681
920,16.158,20.664
921,16.141,20.595
922,16.168,20.661
923,16.176,20.661
924,16.185,20.694
925,16.153,20.643
926,16.174,20.637
927,16.163,20.637
928,16.138,20.582
929,16.153,20.598
930,16.154,20.604
931,16.169,20.640
932,16.153,20.610
933,16.140,20.571
934,16.121,20.553
935,16.109,20.534
936,16.118,20.564
937,16.091,20.502
938,16.091,20.497
939,16.074,20.482
940,16.043,20.416
941,16.067,20.462
942,16.046,20.456
943,16.049,20.436
944,16.014,20.430
945,16.011,20.434
946,16.015,20.424
947,16.002,20.413
948,15.993,20.408
949,15.996,20.439
950,16.021,20.476
951,15.994,20.463
952,16.001,20.477
953,15.989,20.408
954,15.975,20.422
955,15.963,20.415
956,15.958,20.433
957,15.964,20.454
958,15.964,20.431
959,15.933,20.375
960,15.912,20.352
961,15.912,20.331
962,15.917,20.346
963,15.898,20.317
964,15.896,20.312
965,15.918,20.363
966,15.911,20.366
967,15.890,20.309
968,15.885,20.297
969,15.862,20.254
970,15.848,20.251
971,15.883,20.317
972,15.868,20.289
973,15.882,20.298
974,15.864,20.311
975,15.865,20.284
976,15.880,20.323
977,15.899,20.329
978,15.895,20.342
979,15.923,20.368
980,15.900,20.338
981,15.888,20.316
982,15.907,20.369
983,15.904,20.340
984,15.911,20.379
985,15.889,20.317
986,15.888,20.331
987,15.892,20.326
988,15.910,20.411
989,15.915,20.427
990,15.882,20.344
991,15.902,20.409
992,15.896,20.376
993,15.851,20.258
994,15.853,20.306
995,15.891,20.362
996,15.861,20.283
997,15.890,20.403
998,15.893,20.393
999,15.893,20.381
1000,15.909,20.408
1001,15.891,20.344
1002,15.937,20.460
1003,15.898,20.394
1004,15.932,20.463
1005,15.922,20.442
1006,15.923,20.409
1007,15.932,20.444
1008,15.941,20.493
1009,15.950,20.462
1010,15.943,20.448
1011,15.936,20.432
1012,15.933,20.398
1013,15.954,20.447
1014,15.980,20.484
1015,15.984,20.499
1016,15.977,20.469
1017,16.006,20.546
1018,16.019,20.578
1019,15.998,20.510
1020,16.019,20.546
1021,16.015,20.545
1022,16.071,20.632
1023,16.043,20.566
1024,16.080,20.654
1025,16.084,20.616
1026,16.107,20.655
1027,16.101,20.631
1028,16.116,20.653
1029,16.094,20.572
1030,16.120,20.612
1031,16.151,20.684
1032,16.151,20.684
1033,16.157,20.680
1034,16.117,20.622
1035,16.116,20.662
1036,16.125,20.695
1037,16.149,20.710
1038,16.142,20.709
1039,16.163,20.724
1040,16.163,20.726
1041,16.177,20.770
1042,16.193,20.763
1043,16.112,20.656
1044,16.120,20.702
1045,16.118,20.692
1046,16.157,20.767
1047,16.158,20.757
1048,16.144,20.727
1049,16.162,20.777
1050,16.137,20.746
1051,16.133,20.712
1052,16.120,20.696
1053,16.158,20.782
1054,16.131,20.699
1055,16.142,20.727
1056,16.169,20.790
1057,16.151,20.752
1058,16.143,20.739
1059,16.149,20.742
1060,16.161,20.760
1061,16.168,20.809
1062,16.153,20.756
1063,16.143,20.704
1064,16.190,20.821
1065,16.148,20.744
1066,16.128,20.651
1067,16.172,20.776
1068,16.134,20.714
1069,16.135,20.700
1070,16.143,20.702
1071,16.131,20.680
1072,16.150,20.742
1073,16.160,20.770
1074,16.144,20.750
1075,16.104,20.633
1076,16.129,20.705
1077,16.104,20.648
1078,16.106,20.649
1079,16.117,20.663
1080,16.131,20.680
1081,16.123,20.659
1082,16.121,20.652
1083,16.137,20.687
1084,16.119,20.627
1085,16.126,20.639
1086,16.117,20.641
1087,16.075,20.542
1088,16.117,20.645
1089,16.068,20.518
1090,16.097,20.582
1091,16.091,20.566
1092,16.091,20.584
1093,16.113,20.625
1094,16.083,20.570
1095,16.055,20.525
1096,16.084,20.619
1097,16.087,20.600
1098,16.060,20.577
1099,16.045,20.530
1100,16.063,20.620
1101,16.057,20.564
1102,16.028,20.506
1103,16.073,20.605
1104,16.025,20.478
1105,16.023,20.464
1106,16.061,20.510
1107,16.078,20.562
1108,16.103,20.637
1109,16.084,20.579
1110,16.102,20.650
1111,16.121,20.660
1112,16.116,20.700
1113,16.111,20.676
1114,16.074,20.589
1115,16.078,20.565
1116,16.111,20.641
1117,16.132,20.664
1118,16.101,20.619
1119,16.103,20.617
1120,16.077,20.571
1121,16.096,20.626
1122,16.118,20.653
1123,16.099,20.627
1124,16.116,20.672
1125,16.134,20.708
1126,16.099,20.644
1127,16.129,20.667
1128,16.145,20.691
1129,16.182,20.761
1130,16.177,20.764
1131,16.189,20.811
1132,16.198,20.841
1133,16.170,20.789
1134,16.163,20.779
1135,16.160,20.737
1136,16.172,20.746
1137,16.187,20.816
1138,16.172,20.739
1139,16.197,20.779
1140,16.198,20.782
1141,16.206,20.739
1142,16.252,20.824
1143,16.262,20.819
1144,16.243,20.784
1145,16.237,20.699
1146,16.281,20.794
1147,16.282,20.729
1148,16.247,20.686
1149,16.280,20.753
1150,16.271,20.739
1151,16.288,20.758
1152,16.281,20.753
1153,16.300,20.780
1154,16.234,20.695
1155,16.250,20.722
1156,16.224,20.664
1157,16.225,20.663
1158,16.241,20.665
1159,16.200,20.577
1160,16.256,20.721
1161,16.218,20.636
1162,16.215,20.626
1163,16.193,20.573
1164,16.244,20.703
1165,16.178,20.589
1166,16.144,20.519
1167,16.156,20.530
1168,16.165,20.575
1169,16.116,20.456
1170,16.112,20.420
1171,16.117,20.449
1172,16.121,20.450
1173,16.115,20.440
1174,16.104,20.394
1175,16.089,20.371
1176,16.095,20.417
1177,16.095,20.384
1178,16.106,20.405
1179,16.099,20.400
1180,16.065,20.328
1181,16.062,20.324
1182,16.063,20.317
1183,16.047,20.295
1184,16.044,20.259
1185,16.060,20.309
1186,16.048,20.296
1187,16.057,20.303
1188,16.040,20.264
1189,16.070,20.352
1190,16.052,20.287
1191,16.063,20.331
1192,16.077,20.343
1193,16.080,20.350
1194,16.063,20.295
1195,16.104,20.386
1196,16.082,20.350
1197,16.098,20.379
1198,16.081,20.347
1199,16.066,20.353
1200,16.060,20.367
1201,16.069,20.398
1202,16.076,20.451
1203,16.093,20.449
1204,16.076,20.465
1205,16.063,20.428
1206,16.058,20.435
1207,16.094,20.497
1208,16.094,20.526
1209,16.050,20.448
1210,16.070,20.465
1211,16.071,20.478
1212,16.080,20.517
1213,16.097,20.573
1214,16.082,20.529
1215,16.087,20.577
1216,16.068,20.566
1217,16.065,20.526
1218,16.042,20.488
1219,16.054,20.532
1220,16.021,20.445
1221,16.020,20.462
1222,16.035,20.516
1223,16.050,20.547
1224,16.042,20.529
1225,16.050,20.537
1226,16.035,20.541
1227,16.032,20.537
1228,16.059,20.608
1229,16.033,20.556
1230,16.036,20.600
1231,16.027,20.585
1232,16.041,20.602
1233,15.977,20.469
1234,16.033,20.638
1235,16.059,20.625
1236,16.084,20.716
1237,16.078,20.660
1238,16.037,20.628
1239,16.029,20.575
1240,16.020,20.606
1241,16.097,20.711
1242,16.080,20.634
1243,16.104,20.703
1244,16.057,20.578
1245,16.072,20.660
1246,16.059,20.597
1247,16.044,20.561
1248,16.056,20.572
1249,16.045,20.587
1250,16.045,20.541
1251,16.062,20.563
1252,16.075,20.601
1253,16.033,20.493
1254,16.036,20.486
1255,16.041,20.523
1256,16.038,20.515
1257,16.029,20.498
1258,16.046,20.529
1259,16.017,20.487
1260,16.034,20.510
1261,16.036,20.483
1262,16.092,20.572
1263,16.073,20.519
1264,16.095,20.576
1265,16.069,20.540
1266,16.013,20.398
1267,16.050,20.480
1268,16.062,20.509
1269,16.059,20.491
1270,16.080,20.516
1271,16.081,20.514
1272,16.091,20.561
1273,16.118,20.610
1274,16.142,20.636
1275,16.143,20.656
1276,16.165,20.685
1277,16.202,20.705
1278,16.200,20.671
1279,16.235,20.741
1280,16.215,20.675
1281,16.254,20.753
1282,16.258,20.681
1283,16.203,20.632
1284,16.221,20.680
1285,16.248,20.721
1286,16.208,20.626
1287,16.241,20.682
1288,16.220,20.647
1289,16.205,20.609
1290,16.201,20.633
1291,16.192,20.622
1292,16.213,20.678
1293,16.203,20.632
1294,16.185,20.616
1295,16.181,20.598
1296,16.154,20.542
1297,16.143,20.502
1298,16.169,20.568
1299,16.180,20.612
1300,16.159,20.536
1301,16.193,20.618
1302,16.179,20.596
1303,16.155,20.577
1304,16.150,20.542
1305,16.145,20.569
1306,16.165,20.597
1307,16.158,20.563
1308,16.150,20.556
1309,16.162,20.614
1310,16.159,20.609
1311,16.165,20.595
1312,16.128,20.518
1313,16.164,20.611
1314,16.151,20.626
1315,16.163,20.627
1316,16.139,20.548
1317,16.178,20.656
1318,16.150,20.579
1319,16.171,20.619
1320,16.162,20.621
1321,16.143,20.578
1322,16.151,20.584
1323,16.149,20.601
1324,16.159,20.593
1325,16.143,20.585
1326,16.143,20.555
1327,16.137,20.554
1328,16.146,20.582
1329,16.143,20.569
1330,16.156,20.616
1331,16.165,20.628
1332,16.154,20.619
1333,16.163,20.620
1334,16.148,20.592
1335,16.129,20.537
1336,16.142,20.578
1337,16.132,20.561
1338,16.106,20.539
1339,16.087,20.512
1340,16.098,20.537
1341,16.077,20.474
1342,16.074,20.472
1343,16.074,20.493
1344,16.072,20.465
1345,16.089,20.524
1346,16.047,20.459
1347,16.079,20.533
1348,16.064,20.495
1349,16.074,20.507
1350,16.060,20.553
1351,16.029,20.458
1352,16.040,20.517
1353,16.016,20.476
1354,16.033,20.528
1355,15.996,20.488
1356,16.005,20.468
1357,16.000,20.428
1358,15.988,20.442
1359,16.024,20.542
1360,16.013,20.502
1361,15.979,20.450
1362,15.977,20.467
1363,15.946,20.395
1364,15.911,20.326
1365,15.906,20.327
1366,15.886,20.321
1367,15.925,20.374
1368,15.901,20.322
1369,15.888,20.317
1370,15.874,20.275
1371,15.848,20.243
1372,15.835,20.222
1373,15.844,20.216
1374,15.855,20.230
1375,15.845,20.223
1376,15.860,20.243
1377,15.840,20.208
1378,15.841,20.209
1379,15.868,20.222
1380,15.874,20.249
1381,15.832,20.142
1382,15.845,20.185
1383,15.817,20.149
1384,15.824,20.164
1385,15.835,20.179
1386,15.832,20.158
1387,15.830,20.151
1388,15.841,20.191
1389,15.841,20.203
1390,15.831,20.195
1391,15.839,20.189
1392,15.844,20.202
1393,15.845,20.209
1394,15.859,20.174
1395,15.889,20.258
1396,15.909,20.278
1397,15.868,20.181
1398,15.889,20.256
1399,15.892,20.187
1400,15.903,20.228
1401,15.912,20.208
1402,15.944,20.262
1403,15.949,20.253
1404,15.968,20.248
1405,16.012,20.301
1406,16.010,20.250
1407,16.040,20.262
1408,16.079,20.310
1409,16.000,20.192
1410,16.000,20.176
1411,16.026,20.217
1412,15.984,20.164
1413,16.020,20.209
1414,15.971,20.112
1415,15.918,20.033
1416,15.939,20.048
1417,15.922,20.053
1418,15.908,20.018
1419,15.900,19.998
1420,15.882,19.954
1421,15.878,19.974
1422,15.867,19.921
1423,15.865,19.949
1424,15.886,19.999
1425,15.849,19.898
1426,15.881,19.988
1427,15.871,19.948
1428,15.891,20.003
1429,15.908,20.032
1430,15.913,20.017
1431,15.882,19.969
1432,15.914,20.003
1433,15.886,19.965
1434,15.900,19.963
1435,15.905,19.992
1436,15.878,19.908
1437,15.874,19.908
1438,15.876,19.890
1439,15.886,19.910
1440,15.901,19.963
1441,15.895,19.962
1442,15.887,19.940
1443,15.880,19.878
1444,15.884,19.922
1445,15.911,19.970
1446,15.900,19.928
1447,15.908,19.955
1448,15.925,19.982
1449,15.924,19.976
1450,15.945,20.037
1451,15.920,19.964
1452,15.961,20.060
1453,15.935,20.053
1454,15.935,20.002
1455,15.937,20.052
1456,15.939,20.061
1457,15.915,20.011
1458,15.902,20.006
1459,15.902,20.018
1460,15.895,20.027
1461,15.899,20.042
1462,15.860,19.966
1463,15.879,20.009
1464,15.897,20.049
1465,15.880,20.020
1466,15.872,20.010
1467,15.866,19.997
1468,15.864,20.003
1469,15.861,19.972
1470,15.874,20.013
1471,15.855,19.967
1472,15.848,19.959
1473,15.812,19.902
1474,15.805,19.870
1475,15.808,19.894
1476,15.830,19.949
1477,15.820,19.915
1478,15.822,19.897
1479,15.836,19.932
1480,15.850,19.954
1481,15.833,19.927
1482,15.805,19.882
1483,15.827,19.912
1484,15.817,19.855
1485,15.831,19.903
1486,15.861,19.962
1487,15.839,19.899
1488,15.846,19.925
1489,15.833,19.900
1490,15.850,19.929
1491,15.846,19.902
1492,15.836,19.883
1493,15.849,19.902
1494,15.845,19.889
1495,15.846,19.887
1496,15.845,19.893
1497,15.860,19.897
1498,15.864,19.873
1499,15.849,19.847
1500,15.860,19.874
1501,15.869,19.897
1502,15.852,19.866
1503,15.863,19.906
1504,15.862,19.876
1505,15.894,19.950
1506,15.881,19.928
1507,15.861,19.892
1508,15.906,19.993
1509,15.879,19.913
1510,15.864,19.887
1511,15.876,19.910
1512,15.849,19.851
1513,15.866,19.871
1514,15.886,19.919
1515,15.834,19.803
1516,15.851,19.828
1517,15.844,19.816
1518,15.833,19.786
1519,15.823,19.755
1520,15.806,19.725
1521,15.814,19.789
1522,15.795,19.805
1523,15.781,19.704
1524,15.802,19.783
1525,15.812,19.860
1526,15.820,19.850
1527,15.793,19.815
1528,15.819,19.889
1529,15.812,19.827
1530,15.806,19.813
1531,15.812,19.840
1532,15.847,19.893
1533,15.820,19.857
1534,15.835,19.834
1535,15.809,19.822
1536,15.774,19.736
1537,15.801,19.818
1538,15.802,19.810
1539,15.841,19.900
1540,15.803,19.808
1541,15.802,19.797
1542,15.780,19.801
1543,15.797,19.818
1544,15.793,19.827
1545,15.799,19.831
1546,15.801,19.864
1547,15.788,19.823
1548,15.805,19.864
1549,15.819,19.884
1550,15.790,19.806
1551,15.822,19.883
1552,15.822,19.906
1553,15.845,19.942
1554,15.837,19.932
1555,15.835,19.937
1556,15.827,19.910
1557,15.845,19.976
1558,15.844,19.947
1559,15.851,19.980
1560,15.835,19.915
1561,15.848,19.979
1562,15.826,19.916
1563,15.854,19.991
1564,15.825,19.933
1565,15.811,19.929
1566,15.790,19.866
1567,15.802,19.903
1568,15.786,19.869
1569,15.762,19.825
1570,15.754,19.837
1571,15.750,19.835
1572,15.737,19.816
1573,15.751,19.856
1574,15.779,19.874
1575,15.787,19.885
1576,15.785,19.889
1577,15.781,19.873
1578,15.779,19.859
1579,15.784,19.894
1580,15.787,19.873
1581,15.804,19.911
1582,15.825,19.937
1583,15.860,19.964
1584,15.835,19.914
1585,15.867,19.972
1586,15.859,19.963
1587,15.892,20.032
1588,15.858,19.989
1589,15.866,19.983
1590,15.842,19.960
1591,15.871,19.995
1592,15.867,20.006
1593,15.845,19.976
1594,15.858,19.990
1595,15.839,19.962
1596,15.846,19.981
1597,15.856,19.990
1598,15.843,19.976
1599,15.839,19.939
1600,15.840,19.955
1601,15.844,19.939
1602,15.837,19.949
1603,15.865,19.969
1604,15.886,20.017
1605,15.925,20.030
1606,15.909,20.002
1607,15.907,20.023
1608,15.905,20.028
1609,15.891,19.998
1610,15.895,19.989
1611,15.884,19.957
1612,15.886,19.987
1613,15.850,19.956
1614,15.835,19.907
1615,15.851,19.946
1616,15.844,19.925
1617,15.857,19.951
1618,15.893,20.011
1619,15.849,19.909
1620,15.877,19.954
1621,15.869,19.938
1622,15.843,19.894
1623,15.864,19.913
1624,15.856,19.903
1625,15.887,19.972
1626,15.880,19.943
1627,15.874,19.920
1628,15.867,19.921
1629,15.898,19.967
1630,15.903,20.000
1631,15.883,19.944
1632,15.911,19.996
1633,15.958,20.090
1634,15.984,20.116
1635,15.954,20.056
1636,15.978,20.077
1637,16.028,20.158
1638,16.038,20.162
1639,16.033,20.151
1640,16.075,20.173
1641,16.065,20.155
1642,16.081,20.161
1643,16.088,20.216
1644,16.090,20.213
1645,16.082,20.215
1646,16.087,20.213
1647,16.096,20.222
1648,16.100,20.216
1649,16.085,20.193
1650,16.083,20.198
1651,16.051,20.124
1652,16.023,20.103
1653,16.012,20.093
1654,16.004,20.091
1655,15.969,20.070
1656,15.924,19.963
1657,15.910,19.933
1658,15.928,19.979
1659,15.903,19.931
1660,15.913,19.948
1661,15.951,20.033
1662,15.901,19.933
1663,15.927,19.991
1664,15.939,20.008
1665,15.907,19.945
1666,15.914,19.960
1667,15.921,19.975
1668,15.921,19.951
1669,15.907,19.932
1670,15.934,19.984
1671,15.906,19.935
1672,15.918,19.968
1673,15.939,19.980
1674,15.921,20.009
1675,15.913,19.964
1676,15.906,19.940
1677,15.914,19.968
1678,15.922,19.969
1679,15.923,19.960
1680,15.907,19.925
1681,15.920,19.964
1682,15.922,19.974
1683,15.900,19.931
1684,15.906,19.920
1685,15.908,19.958
1686,15.903,19.928
1687,15.911,19.963
1688,15.940,19.991
1689,15.901,19.953
1690,15.888,19.910
1691,15.905,19.929
1692,15.893,19.906
1693,15.872,19.879
1694,15.867,19.882
1695,15.855,19.867
1696,15.855,19.884
1697,15.853,19.910
1698,15.845,19.878
1699,15.859,19.912
1700,15.838,19.888
1701,15.817,19.872
1702,15.781,19.800
1703,15.780,19.797
1704,15.796,19.846
1705,15.768,19.804
1706,15.783,19.846
1707,15.772,19.822
1708,15.750,19.773
1709,15.770,19.825
1710,15.778,19.854
1711,15.749,19.806
1712,15.751,19.803
1713,15.769,19.815
1714,15.757,19.815
1715,15.754,19.804
1716,15.760,19.834
1717,15.738,19.783
1718,15.746,19.798
1719,15.764,19.808
1720,15.766,19.834
1721,15.785,19.863
1722,15.807,19.902
1723,15.787,19.876
1724,15.796,19.863
1725,15.795,19.871
1726,15.836,19.945
1727,15.867,19.976
1728,15.878,19.972
1729,15.878,19.973
1730,15.879,19.995
1731,15.854,19.962
1732,15.874,20.002
1733,15.874,19.992
1734,15.835,19.884
1735,15.872,20.007
1736,15.876,19.998
1737,15.878,20.017
1738,15.853,19.973
1739,15.831,19.898
1740,15.835,19.910
1741,15.835,19.935
1742,15.807,19.875
1743,15.833,19.895
1744,15.810,19.866
1745,15.825,19.898
1746,15.811,19.876
1747,15.833,19.895
1748,15.788,19.849
1749,15.794,19.877
1750,15.806,19.887
1751,15.838,19.880
1752,15.858,19.897
1753,15.856,19.917
1754,15.841,19.899
1755,15.852,19.887
1756,15.810,19.821
1757,15.812,19.821
1758,15.817,19.835
1759,15.818,19.833
1760,15.820,19.831
1761,15.827,19.836
1762,15.846,19.859
1763,15.858,19.904
1764,15.844,19.864
1765,15.859,19.889
1766,15.836,19.861
1767,15.859,19.886
1768,15.845,19.856
1769,15.862,19.916
1770,15.888,19.966
1771,15.877,19.965
1772,15.881,19.957
1773,15.855,19.927
1774,15.862,19.917
1775,15.857,19.888
1776,15.857,19.871
1777,15.832,19.853
1778,15.836,19.877
1779,15.843,19.895
1780,15.848,19.916
1781,15.833,19.874
1782,15.821,19.833
1783,15.803,19.814
1784,15.818,19.876
1785,15.806,19.859
1786,15.816,19.894
1787,15.818,19.914
1788,15.829,19.936
1789,15.839,19.956
1790,15.827,19.935
1791,15.816,19.892
1792,15.818,19.912
1793,15.825,19.913
1794,15.856,19.990
1795,15.825,19.925
1796,15.804,19.912
1797,15.802,19.900
1798,15.805,19.867
1799,15.816,19.906
1800,15.772,19.801
1801,15.794,19.850
1802,15.790,19.851
1803,15.806,19.884
1804,15.805,19.876
1805,15.767,19.808
1806,15.750,19.787
1807,15.773,19.856
1808,15.756,19.808
1809,15.737,19.783
1810,15.742,19.811
1811,15.743,19.811
1812,15.761,19.853
1813,15.732,19.783
1814,15.712,19.772
1815,15.714,19.785
1816,15.743,19.854
1817,15.720,19.827
1818,15.713,19.797
1819,15.691,19.784
1820,15.726,19.806
1821,15.736,19.816
1822,15.753,19.831
1823,15.732,19.812
1824,15.737,19.851
1825,15.720,19.809
1826,15.748,19.891
1827,15.730,19.883
1828,15.713,19.807
1829,15.736,19.847
1830,15.770,19.919
1831,15.757,19.888
1832,15.741,19.843
1833,15.731,19.851
1834,15.753,19.873
1835,15.747,19.871
1836,15.763,19.908
1837,15.745,19.877
1838,15.761,19.900
1839,15.743,19.867
1840,15.763,19.914
1841,15.771,19.953
