0,6.952,9.449
1,6.957,9.452
2,6.978,9.481
3,6.930,9.404
4,6.935,9.421
5,6.949,9.450
6,6.973,9.476
7,6.972,9.476
8,6.962,9.465
9,6.976,9.484
10,6.952,9.459
11,6.959,9.477
12,6.949,9.447
13,6.955,9.482
14,6.939,9.456
15,6.926,9.434
16,6.917,9.435
17,6.907,9.430
18,6.910,9.429
19,6.902,9.418
20,6.940,9.461
21,6.929,9.451
22,6.925,9.446
23,6.948,9.466
24,6.973,9.492
25,6.977,9.497
26,6.963,9.491
27,6.967,9.508
28,6.926,9.457
29,6.900,9.434
30,6.896,9.428
31,6.899,9.453
32,6.867,9.399
33,6.842,9.369
34,6.832,9.365
35,6.823,9.351
36,6.806,9.345
37,6.797,9.333
38,6.791,9.340
39,6.769,9.322
40,6.746,9.299
41,6.737,9.291
42,6.700,9.253
43,6.658,9.188
44,6.642,9.167
45,6.592,9.120
46,6.596,9.143
47,6.565,9.106
48,6.546,9.086
49,6.493,9.014
50,6.522,9.063
51,6.511,9.056
52,6.496,9.033
53,6.457,8.986
54,6.449,8.993
55,6.415,8.961
56,6.498,9.029
57,6.525,9.061
58,6.543,9.092
59,6.447,8.980
60,6.439,8.971
61,6.437,8.966
62,6.542,9.062
63,6.559,9.093
64,6.576,9.101
65,6.539,9.085
66,6.513,9.045
67,6.512,9.060
68,6.490,9.028
69,6.457,8.992
70,6.470,9.015
71,6.617,9.164
72,6.688,9.247
73,6.706,9.260
74,6.661,9.208
75,6.654,9.203
76,6.664,9.225
77,6.655,9.214
78,6.656,9.227
79,6.641,9.190
80,6.621,9.172
81,6.606,9.174
82,6.595,9.148
83,6.579,9.144
84,6.644,9.214
85,6.682,9.239
86,6.727,9.286
87,6.814,9.379
88,6.851,9.416
89,6.906,9.470
90,6.988,9.566
91,7.031,9.606
92,7.082,9.664
93,7.186,9.789
94,7.242,9.863
95,7.295,9.904
96,7.356,9.973
97,7.404,10.006
98,7.350,9.958
99,7.409,10.028
100,7.372,9.985
101,7.285,9.894
102,7.298,9.909
103,7.283,9.899
104,7.239,9.854
105,7.207,9.818
106,7.182,9.798
107,7.229,9.850
108,7.204,9.829
109,7.207,9.847
110,7.165,9.780
111,7.165,9.789
112,7.156,9.804
113,7.115,9.730
114,7.103,9.731
115,7.067,9.702
116,7.006,9.619
117,6.984,9.595
118,6.974,9.606
119,6.929,9.536
120,6.896,9.514
121,6.861,9.479
122,6.842,9.445
123,6.820,9.438
124,6.830,9.478
125,6.804,9.423
126,6.808,9.444
127,6.776,9.392
128,6.741,9.360
129,6.750,9.394
130,6.720,9.347
131,6.665,9.293
132,6.634,9.266
133,6.615,9.242
134,6.724,9.344
135,6.740,9.348
136,6.757,9.378
137,6.641,9.249
138,6.651,9.270
139,6.607,9.225
140,6.566,9.181
141,6.511,9.131
142,6.499,9.128
143,6.619,9.254
144,6.625,9.263
145,6.595,9.220
146,6.535,9.173
147,6.490,9.121
148,6.432,9.062
149,6.524,9.154
150,6.532,9.171
151,6.538,9.164
152,6.507,9.148
153,6.544,9.189
154,6.578,9.206
155,6.656,9.278
156,6.709,9.349
157,6.735,9.371
158,6.824,9.473
159,6.869,9.518
160,6.873,9.505
161,6.971,9.622
162,6.994,9.639
163,7.007,9.659
164,7.098,9.750
165,7.154,9.820
166,7.156,9.810
167,7.076,9.723
168,7.089,9.757
169,7.043,9.690
170,7.029,9.698
171,7.013,9.644
172,7.026,9.685
173,6.940,9.583
174,6.914,9.535
175,6.901,9.519
176,6.844,9.454
177,6.880,9.509
178,6.839,9.455
179,6.796,9.404
180,6.793,9.405
181,6.782,9.388
182,6.771,9.390
183,6.735,9.336
184,6.701,9.294
185,6.678,9.268
186,6.657,9.247
187,6.610,9.181
188,6.607,9.195
189,6.587,9.176
190,6.557,9.137
191,6.516,9.096
192,6.467,9.060
193,6.475,9.067
194,6.456,9.062
195,6.425,9.014
196,6.418,9.004
197,6.409,8.985
198,6.430,9.016
199,6.393,8.958
200,6.391,8.959
201,6.397,8.979
202,6.367,8.933
203,6.335,8.885
204,6.338,8.897
205,6.317,8.872
206,6.322,8.887
207,6.330,8.895
208,6.332,8.901
209,6.318,8.870
210,6.336,8.895
211,6.336,8.892
212,6.336,8.875
213,6.362,8.908
214,6.358,8.890
215,6.357,8.886
216,6.379,8.920
217,6.373,8.900
218,6.392,8.919
219,6.409,8.945
220,6.393,8.920
221,6.379,8.904
222,6.376,8.900
223,6.390,8.916
224,6.413,8.955
225,6.427,8.962
226,6.420,8.952
227,6.423,8.943
228,6.423,8.939
229,6.416,8.942
230,6.436,8.968
231,6.419,8.953
232,6.437,8.981
233,6.423,8.967
234,6.423,8.982
235,6.390,8.960
236,6.365,8.941
237,6.324,8.906
238,6.290,8.882
239,6.332,8.913
240,6.332,8.933
241,6.291,8.897
242,6.348,8.963
243,6.370,9.007
244,6.383,9.046
245,6.326,9.000
246,6.349,9.058
247,6.334,9.068
248,6.433,9.154
249,6.453,9.190
250,6.489,9.244
251,6.480,9.265
252,6.515,9.311
253,6.551,9.386
254,6.554,9.390
255,6.557,9.399
256,6.586,9.441
257,6.613,9.499
258,6.632,9.511
259,6.643,9.529
260,6.674,9.562
261,6.721,9.609
262,6.734,9.612
263,6.761,9.646
264,6.802,9.659
265,6.869,9.699
266,6.921,9.705
267,6.989,9.741
268,7.042,9.771
269,7.060,9.750
270,7.123,9.803
271,7.206,9.860
272,7.165,9.793
273,7.203,9.823
274,7.228,9.824
275,7.119,9.694
276,7.160,9.709
277,7.246,9.791
278,7.313,9.825
279,7.360,9.849
280,7.406,9.901
281,7.445,9.924
282,7.482,9.948
283,7.532,10.000
284,7.575,10.018
285,7.627,10.062
286,7.686,10.118
287,7.722,10.148
288,7.778,10.205
289,7.786,10.213
290,7.814,10.238
291,7.787,10.182
292,7.811,10.218
293,7.858,10.288
294,7.852,10.264
295,7.860,10.269
296,7.914,10.331
297,7.890,10.296
298,7.880,10.275
299,7.845,10.229
300,7.822,10.219
301,7.774,10.169
302,7.738,10.149
303,7.631,10.025
304,7.559,9.957
305,7.522,9.931
306,7.460,9.877
307,7.381,9.810
308,7.297,9.724
309,7.255,9.689
310,7.183,9.627
311,7.141,9.579
312,7.125,9.577
313,7.088,9.530
314,7.072,9.537
315,7.087,9.565
316,7.061,9.540
317,7.051,9.548
318,7.081,9.595
319,7.070,9.590
320,7.074,9.623
321,7.064,9.591
322,7.108,9.671
323,7.140,9.718
324,7.149,9.723
325,7.145,9.728
326,7.153,9.747
327,7.153,9.745
328,7.157,9.756
329,7.164,9.773
330,7.143,9.740
331,7.180,9.769
332,7.155,9.737
333,7.170,9.755
334,7.198,9.796
335,7.170,9.753
336,7.185,9.779
337,7.177,9.764
338,7.164,9.746
339,7.169,9.737
340,7.184,9.744
341,7.176,9.716
342,7.190,9.730
343,7.182,9.709
344,7.199,9.722
345,7.187,9.698
346,7.154,9.642
347,7.151,9.648
348,7.122,9.592
349,7.121,9.593
350,7.132,9.598
351,7.111,9.567
352,7.138,9.614
353,7.095,9.547
354,7.117,9.574
355,7.108,9.582
356,7.130,9.610
357,7.112,9.582
358,7.099,9.563
359,7.083,9.545
360,7.088,9.578
361,7.058,9.539
362,7.051,9.548
363,7.053,9.541
364,7.040,9.549
365,6.987,9.495
366,7.011,9.535
367,6.997,9.513
368,6.979,9.501
369,6.987,9.512
370,6.983,9.518
371,6.996,9.559
372,7.003,9.578
373,6.975,9.535
374,6.976,9.565
375,6.959,9.541
376,6.960,9.569
377,6.956,9.559
378,6.947,9.548
379,6.962,9.568
380,6.977,9.610
381,6.949,9.565
382,7.006,9.650
383,6.957,9.580
384,6.981,9.613
385,6.990,9.610
386,6.991,9.610
387,6.987,9.608
388,6.989,9.606
389,7.002,9.634
390,7.031,9.680
391,7.025,9.651
392,7.048,9.698
393,7.052,9.695
394,7.048,9.680
395,7.045,9.680
396,7.077,9.700
397,7.043,9.639
398,7.067,9.669
399,7.071,9.668
400,7.047,9.632
401,7.070,9.663
402,7.087,9.690
403,7.094,9.677
404,7.083,9.660
405,7.100,9.682
406,7.082,9.653
407,7.095,9.654
408,7.072,9.620
409,7.097,9.646
410,7.079,9.626
411,7.079,9.613
412,7.104,9.654
413,7.110,9.666
414,7.098,9.650
415,7.078,9.621
416,7.077,9.622
417,7.080,9.632
418,7.052,9.599
419,7.060,9.635
420,7.042,9.601
421,6.995,9.559
422,7.000,9.559
423,6.979,9.547
424,6.959,9.535
425,6.953,9.526
426,6.980,9.562
427,6.963,9.563
428,6.943,9.543
429,6.916,9.509
430,6.957,9.578
431,6.931,9.534
432,6.933,9.548
433,6.943,9.565
434,6.951,9.589
435,6.986,9.613
436,6.975,9.600
437,6.987,9.608
438,6.998,9.623
439,7.023,9.657
440,7.048,9.691
441,7.037,9.655
442,7.067,9.677
443,7.086,9.693
444,7.103,9.722
445,7.113,9.737
446,7.116,9.734
447,7.117,9.729
448,7.136,9.752
449,7.147,9.770
450,7.125,9.742
451,7.164,9.805
452,7.160,9.782
453,7.170,9.782
454,7.203,9.835
455,7.216,9.844
456,7.202,9.818
457,7.222,9.856
458,7.225,9.873
459,7.267,9.929
460,7.247,9.891
461,7.249,9.893
462,7.273,9.922
463,7.295,9.930
464,7.307,9.948
465,7.326,9.954
466,7.294,9.920
467,7.313,9.939
468,7.327,9.973
469,7.296,9.894
470,7.306,9.920
471,7.291,9.892
472,7.267,9.843
473,7.313,9.898
474,7.288,9.869
475,7.332,9.910
476,7.312,9.889
477,7.312,9.887
478,7.293,9.872
479,7.285,9.850
480,7.280,9.854
481,7.275,9.845
482,7.260,9.827
483,7.282,9.864
484,7.234,9.786
485,7.236,9.802
486,7.234,9.794
487,7.248,9.801
488,7.241,9.793
489,7.232,9.786
490,7.233,9.777
491,7.224,9.771
492,7.212,9.758
493,7.216,9.758
494,7.211,9.754
495,7.226,9.776
496,7.183,9.729
497,7.184,9.730
498,7.194,9.737
499,7.192,9.756
500,7.199,9.752
501,7.175,9.740
502,7.174,9.744
503,7.159,9.732
504,7.146,9.705
505,7.162,9.730
506,7.202,9.767
507,7.163,9.705
508,7.198,9.768
509,7.190,9.749
510,7.200,9.754
511,7.206,9.774
512,7.234,9.792
513,7.213,9.758
514,7.242,9.783
515,7.264,9.796
516,7.248,9.755
517,7.216,9.713
518,7.219,9.713
519,7.151,9.626
520,7.041,9.538
521,7.006,9.487
522,6.965,9.450
523,6.922,9.407
524,6.850,9.366
525,6.841,9.363
526,6.830,9.343
527,6.836,9.355
528,6.847,9.357
529,6.819,9.325
530,6.831,9.312
531,6.832,9.314
532,6.816,9.285
533,6.828,9.288
534,6.806,9.270
535,6.715,9.167
536,6.672,9.138
537,6.654,9.124
538,6.706,9.181
539,6.676,9.156
540,6.663,9.130
541,6.687,9.163
542,6.664,9.144
543,6.690,9.168
544,6.678,9.163
545,6.643,9.124
546,6.661,9.135
547,6.643,9.106
548,6.637,9.110
549,6.632,9.102
550,6.621,9.098
551,6.624,9.104
552,6.633,9.105
553,6.647,9.126
554,6.674,9.172
555,6.623,9.093
556,6.665,9.156
557,6.668,9.158
558,6.659,9.148
559,6.654,9.160
560,6.655,9.156
561,6.646,9.159
562,6.676,9.185
563,6.654,9.172
564,6.659,9.174
565,6.670,9.167
566,6.670,9.178
567,6.675,9.184
568,6.687,9.202
569,6.743,9.238
570,6.802,9.292
571,6.825,9.315
572,6.808,9.281
573,6.859,9.341
574,6.896,9.378
575,6.881,9.371
576,6.852,9.338
577,6.865,9.353
578,6.883,9.370
579,6.833,9.313
580,6.872,9.355
581,6.883,9.367
582,6.871,9.362
583,6.895,9.367
584,6.934,9.404
585,6.917,9.401
586,6.886,9.335
587,6.944,9.399
588,6.869,9.330
589,6.898,9.364
590,6.976,9.435
591,7.015,9.477
592,7.030,9.480
593,6.970,9.431
594,6.985,9.463
595,6.939,9.404
596,6.965,9.439
597,7.024,9.485
598,7.100,9.551
599,7.149,9.596
600,7.080,9.517
601,7.081,9.526
602,7.103,9.529
603,7.140,9.566
604,7.271,9.686
605,7.247,9.653
606,7.250,9.667
607,7.344,9.756
608,7.414,9.832
609,7.476,9.882
610,7.562,9.979
611,7.540,9.935
612,7.624,10.012
613,7.680,10.084
614,7.626,10.021
615,7.646,10.042
616,7.613,10.001
617,7.526,9.929
618,7.509,9.896
619,7.494,9.898
620,7.534,9.941
621,7.559,9.965
622,7.551,9.954
623,7.586,9.997
624,7.574,10.006
625,7.569,9.993
626,7.574,10.032
627,7.565,10.032
628,7.551,10.001
629,7.546,10.000
630,7.546,10.010
631,7.534,9.986
632,7.551,10.028
633,7.566,10.044
634,7.551,10.010
635,7.547,10.015
636,7.547,10.000
637,7.548,10.006
638,7.539,9.990
639,7.548,10.028
640,7.508,9.964
641,7.514,9.960
642,7.490,9.937
643,7.495,9.952
644,7.468,9.930
645,7.440,9.895
646,7.446,9.915
647,7.419,9.891
648,7.405,9.881
649,7.394,9.860
650,7.407,9.884
651,7.374,9.846
652,7.387,9.872
653,7.344,9.815
654,7.325,9.806
655,7.319,9.798
656,7.325,9.804
657,7.303,9.779
658,7.265,9.751
659,7.213,9.707
660,7.185,9.676
661,7.179,9.663
662,7.137,9.627
663,7.142,9.638
664,7.102,9.595
665,7.107,9.619
666,7.054,9.547
667,7.071,9.579
668,7.042,9.554
669,7.023,9.534
670,6.999,9.504
671,7.004,9.530
672,6.988,9.514
673,6.970,9.504
674,6.953,9.491
675,6.920,9.463
676,6.898,9.451
677,6.868,9.423
678,6.841,9.389
679,6.824,9.395
680,6.799,9.362
681,6.785,9.355
682,6.793,9.362
683,6.774,9.359
684,6.764,9.353
685,6.744,9.324
686,6.740,9.318
687,6.723,9.325
688,6.704,9.316
689,6.698,9.316
690,6.697,9.310
691,6.690,9.317
692,6.670,9.284
693,6.658,9.278
694,6.640,9.269
695,6.638,9.271
696,6.647,9.288
697,6.634,9.287
698,6.651,9.308
699,6.602,9.222
700,6.627,9.263
701,6.610,9.257
702,6.587,9.241
703,6.572,9.226
704,6.583,9.223
705,6.599,9.246
706,6.591,9.234
707,6.531,9.162
708,6.541,9.183
709,6.570,9.218
710,6.556,9.202
711,6.570,9.220
712,6.541,9.188
713,6.552,9.212
714,6.554,9.225
715,6.546,9.208
716,6.559,9.233
717,6.534,9.207
718,6.512,9.183
719,6.523,9.200
720,6.516,9.195
721,6.501,9.189
722,6.514,9.205
723,6.493,9.177
724,6.509,9.208
725,6.484,9.177
726,6.471,9.158
727,6.479,9.177
728,6.553,9.233
729,6.563,9.245
730,6.581,9.256
731,6.562,9.263
732,6.560,9.266
733,6.515,9.228
734,6.615,9.326
735,6.630,9.328
736,6.635,9.341
737,6.653,9.332
738,6.687,9.379
739,6.688,9.358
740,6.690,9.396
741,6.680,9.387
742,6.681,9.381
743,6.694,9.421
744,6.713,9.442
745,6.722,9.464
746,6.732,9.478
747,6.716,9.436
748,6.760,9.481
749,6.774,9.522
750,6.757,9.493
751,6.789,9.513
752,6.791,9.507
753,6.846,9.536
754,6.874,9.547
755,6.908,9.559
756,6.964,9.599
757,7.007,9.613
758,7.046,9.645
759,7.087,9.656
760,7.136,9.704
761,7.196,9.771
762,7.222,9.773
763,7.292,9.843
764,7.286,9.842
765,7.296,9.834
766,7.324,9.866
767,7.271,9.807
768,7.318,9.869
769,7.321,9.833
770,7.346,9.884
771,7.384,9.933
772,7.388,9.910
773,7.402,9.932
774,7.432,9.964
775,7.452,9.986
776,7.436,9.957
777,7.465,10.000
778,7.454,9.987
779,7.484,10.031
780,7.471,10.013
781,7.476,10.008
782,7.500,10.042
783,7.459,9.982
784,7.495,10.021
785,7.480,10.005
786,7.504,10.035
787,7.502,10.040
788,7.519,10.048
789,7.521,10.052
790,7.545,10.072
791,7.565,10.074
792,7.576,10.094
793,7.576,10.083
794,7.606,10.121
795,7.582,10.094
796,7.596,10.106
797,7.594,10.120
798,7.600,10.112
799,7.597,10.096
800,7.615,10.138
801,7.602,10.104
802,7.625,10.131
803,7.622,10.128
804,7.598,10.089
805,7.598,10.075
806,7.588,10.074
807,7.607,10.102
808,7.568,10.039
809,7.574,10.062
810,7.558,10.043
811,7.550,10.029
812,7.508,9.996
813,7.458,9.940
814,7.435,9.921
815,7.411,9.884
816,7.399,9.874
817,7.360,9.827
818,7.338,9.789
819,7.316,9.776
820,7.296,9.759
821,7.282,9.750
822,7.247,9.717
823,7.243,9.718
824,7.230,9.703
825,7.231,9.692
826,7.211,9.677
827,7.222,9.683
828,7.196,9.652
829,7.178,9.614
830,7.163,9.617
831,7.151,9.604
832,7.147,9.601
833,7.133,9.603
834,7.081,9.542
835,7.076,9.529
836,7.082,9.548
837,7.086,9.558
838,7.071,9.549
839,7.059,9.534
840,7.028,9.498
841,7.031,9.514
842,7.009,9.485
843,7.023,9.530
844,6.982,9.476
845,6.969,9.457
846,6.933,9.407
847,6.936,9.422
848,6.951,9.450
849,6.963,9.487
850,6.942,9.455
851,6.926,9.435
852,6.946,9.462
853,6.946,9.481
854,6.930,9.447
855,6.920,9.430
856,6.926,9.451
857,6.911,9.416
858,6.925,9.449
859,6.917,9.444
860,6.918,9.446
861,6.893,9.410
862,6.883,9.402
863,6.893,9.414
864,6.909,9.425
865,6.855,9.385
866,6.853,9.361
867,6.831,9.344
868,6.810,9.325
869,6.799,9.334
870,6.806,9.318
871,6.760,9.289
872,6.785,9.313
873,6.759,9.263
874,6.774,9.299
875,6.714,9.217
876,6.717,9.244
877,6.677,9.192
878,6.677,9.215
879,6.648,9.176
880,6.611,9.136
881,6.667,9.171
882,6.692,9.193
883,6.691,9.202
884,6.618,9.139
885,6.589,9.108
886,6.573,9.106
887,6.626,9.132
888,6.651,9.148
889,6.646,9.149
890,6.619,9.129
891,6.569,9.076
892,6.559,9.091
893,6.546,9.072
894,6.520,9.046
895,6.519,9.058
896,6.596,9.120
897,6.586,9.086
898,6.581,9.086
899,6.550,9.062
900,6.526,9.035
901,6.512,9.041
902,6.515,9.036
903,6.513,9.042
904,6.513,9.048
905,6.513,9.063
906,6.508,9.068
907,6.497,9.056
908,6.488,9.051
909,6.515,9.076
910,6.555,9.099
911,6.686,9.196
912,6.705,9.210
913,6.801,9.290
914,6.788,9.292
915,6.821,9.308
916,6.885,9.385
917,6.914,9.388
918,7.006,9.488
919,7.052,9.518
920,7.103,9.574
921,7.168,9.647
922,7.223,9.707
923,7.156,9.631
924,7.191,9.672
925,7.175,9.634
926,7.146,9.614
927,7.136,9.595
928,7.139,9.616
929,7.087,9.575
930,7.080,9.560
931,7.047,9.512
932,7.068,9.546
933,7.076,9.538
934,7.053,9.522
935,7.063,9.537
936,7.050,9.526
937,7.052,9.535
938,7.041,9.526
939,7.022,9.503
940,7.029,9.548
941,6.995,9.496
942,6.968,9.477
943,6.964,9.470
944,6.988,9.514
945,6.958,9.490
946,6.949,9.477
947,6.930,9.461
948,6.918,9.450
949,6.901,9.441
950,6.889,9.415
951,6.907,9.445
952,6.902,9.438
953,6.886,9.439
954,6.877,9.420
955,6.881,9.427
956,6.866,9.410
957,6.892,9.448
958,6.903,9.456
959,6.888,9.425
960,6.901,9.451
961,6.886,9.444
962,6.900,9.452
963,6.890,9.425
964,6.919,9.466
965,6.900,9.433
966,6.908,9.440
967,6.945,9.482
968,6.938,9.459
969,6.974,9.504
970,6.976,9.495
971,7.000,9.525
972,7.000,9.522
973,7.010,9.513
974,7.031,9.550
975,7.041,9.554
976,7.034,9.553
977,7.045,9.566
978,7.049,9.559
979,7.086,9.602
980,7.077,9.594
981,7.091,9.607
982,7.072,9.597
983,7.086,9.606
984,7.069,9.601
985,7.059,9.586
986,7.059,9.598
987,7.053,9.583
988,7.039,9.580
989,7.019,9.560
990,6.998,9.526
991,6.997,9.539
992,6.979,9.518
993,6.953,9.499
994,6.947,9.488
995,6.927,9.474
996,6.920,9.462
997,6.890,9.440
998,6.867,9.416
999,6.872,9.429
1000,6.848,9.400
1001,6.862,9.429
1002,6.854,9.425
1003,6.854,9.432
1004,6.818,9.400
1005,6.825,9.406
1006,6.800,9.387
1007,6.795,9.383
1008,6.765,9.350
1009,6.761,9.372
1010,6.754,9.345
1011,6.737,9.356
1012,6.738,9.357
1013,6.738,9.364
1014,6.745,9.406
1015,6.729,9.378
1016,6.721,9.388
1017,6.711,9.382
1018,6.721,9.416
1019,6.730,9.431
1020,6.741,9.476
1021,6.731,9.465
1022,6.737,9.480
1023,6.743,9.525
1024,6.748,9.514
1025,6.763,9.544
1026,6.804,9.614
1027,6.798,9.612
1028,6.797,9.618
1029,6.831,9.674
1030,6.840,9.708
1031,6.923,9.778
1032,6.920,9.763
1033,6.967,9.821
1034,6.970,9.850
1035,6.958,9.837
1036,6.996,9.901
1037,6.992,9.884
1038,7.003,9.890
1039,7.066,9.961
1040,7.062,9.938
1041,7.115,9.996
1042,7.086,9.948
1043,7.104,9.974
1044,7.119,9.987
1045,7.133,10.003
1046,7.130,9.961
1047,7.140,9.979
1048,7.157,10.001
1049,7.172,9.999
1050,7.189,10.026
1051,7.196,10.023
1052,7.193,10.006
1053,7.164,9.956
1054,7.176,9.986
1055,7.152,9.948
1056,7.153,9.958
1057,7.164,9.967
1058,7.201,9.966
1059,7.189,9.942
1060,7.189,9.951
1061,7.192,9.974
1062,7.168,9.945
1063,7.140,9.917
1064,7.171,9.957
1065,7.162,9.938
1066,7.146,9.945
1067,7.178,9.928
1068,7.199,9.947
1069,7.174,9.913
1070,7.199,9.975
1071,7.174,9.932
1072,7.183,9.963
1073,7.168,9.931
1074,7.152,9.892
1075,7.154,9.913
1076,7.132,9.877
1077,7.136,9.881
1078,7.148,9.876
1079,7.144,9.836
1080,7.174,9.858
1081,7.205,9.896
1082,7.213,9.876
1083,7.195,9.843
1084,7.188,9.814
1085,7.238,9.842
1086,7.257,9.857
1087,7.281,9.861
1088,7.297,9.847
1089,7.318,9.874
1090,7.352,9.905
1091,7.284,9.836
1092,7.254,9.795
1093,7.270,9.811
1094,7.243,9.799
1095,7.216,9.752
1096,7.199,9.747
1097,7.233,9.769
1098,7.213,9.757
1099,7.221,9.771
1100,7.142,9.707
1101,7.126,9.705
1102,7.107,9.714
1103,7.060,9.644
1104,7.071,9.660
1105,7.070,9.666
1106,7.071,9.681
1107,7.083,9.716
1108,7.080,9.702
1109,7.100,9.724
1110,7.125,9.778
1111,7.140,9.784
1112,7.168,9.836
1113,7.147,9.801
1114,7.158,9.823
1115,7.158,9.804
1116,7.166,9.825
1117,7.149,9.793
1118,7.166,9.805
1119,7.170,9.812
1120,7.180,9.822
1121,7.169,9.794
1122,7.179,9.794
1123,7.206,9.827
1124,7.226,9.856
1125,7.231,9.853
1126,7.259,9.901
1127,7.271,9.893
1128,7.279,9.891
1129,7.310,9.921
1130,7.306,9.906
1131,7.331,9.906
1132,7.370,9.954
1133,7.379,9.956
1134,7.406,9.978
1135,7.425,9.990
1136,7.415,9.961
1137,7.418,9.956
1138,7.433,9.967
1139,7.458,9.964
1140,7.477,9.977
1141,7.470,9.966
1142,7.453,9.910
1143,7.472,9.921
1144,7.518,9.970
1145,7.514,9.959
1146,7.514,9.973
1147,7.474,9.912
1148,7.501,9.949
1149,7.489,9.940
1150,7.479,9.925
1151,7.458,9.892
1152,7.444,9.885
1153,7.455,9.911
1154,7.452,9.910
1155,7.443,9.910
1156,7.423,9.876
1157,7.418,9.876
1158,7.436,9.910
1159,7.440,9.942
1160,7.412,9.906
1161,7.421,9.938
1162,7.435,9.959
1163,7.442,9.959
1164,7.437,9.955
1165,7.453,9.989
1166,7.441,9.977
1167,7.434,9.982
1168,7.432,9.996
1169,7.409,9.980
1170,7.390,9.961
1171,7.373,9.964
1172,7.378,9.981
1173,7.390,10.013
1174,7.368,9.999
1175,7.357,10.003
1176,7.321,9.950
1177,7.322,9.976
1178,7.324,9.978
1179,7.320,9.976
1180,7.340,10.005
1181,7.340,10.031
1182,7.314,9.986
1183,7.329,10.011
1184,7.319,10.003
1185,7.318,10.019
1186,7.310,10.014
1187,7.290,9.987
1188,7.270,9.993
1189,7.280,10.001
1190,7.260,9.976
1191,7.264,9.978
1192,7.246,9.965
1193,7.278,9.998
1194,7.271,10.019
1195,7.267,10.003
1196,7.291,10.052
1197,7.291,10.053
1198,7.315,10.077
1199,7.316,10.091
1200,7.345,10.103
1201,7.379,10.146
1202,7.375,10.136
1203,7.377,10.128
1204,7.396,10.156
1205,7.342,10.096
1206,7.364,10.128
1207,7.371,10.148
1208,7.364,10.125
1209,7.373,10.129
1210,7.367,10.139
1211,7.386,10.167
1212,7.354,10.139
1213,7.368,10.158
1214,7.374,10.166
1215,7.385,10.184
1216,7.361,10.147
1217,7.352,10.147
1218,7.358,10.143
1219,7.314,10.107
1220,7.302,10.088
1221,7.284,10.052
1222,7.289,10.066
1223,7.285,10.063
1224,7.281,10.048
1225,7.287,10.068
1226,7.261,10.026
1227,7.271,10.030
1228,7.258,10.012
1229,7.233,9.984
1230,7.226,9.974
1231,7.222,9.968
1232,7.259,10.035
1233,7.268,10.023
1234,7.269,10.025
1235,7.259,9.994
1236,7.275,10.023
1237,7.261,10.002
1238,7.234,9.969
1239,7.230,9.956
1240,7.231,9.948
1241,7.223,9.953
1242,7.185,9.879
1243,7.150,9.853
1244,7.132,9.836
1245,7.149,9.859
1246,7.128,9.828
1247,7.099,9.780
1248,7.115,9.813
1249,7.076,9.767
1250,7.029,9.704
1251,7.040,9.711
1252,7.047,9.727
1253,7.036,9.718
1254,7.029,9.699
1255,7.019,9.688
1256,6.993,9.639
1257,6.988,9.630
1258,6.992,9.637
1259,6.979,9.611
1260,6.983,9.623
1261,6.956,9.584
1262,6.966,9.604
1263,6.928,9.549
1264,6.925,9.560
1265,6.902,9.531
1266,6.892,9.512
1267,6.896,9.517
1268,6.883,9.486
1269,6.878,9.485
1270,6.865,9.462
1271,6.871,9.485
1272,6.839,9.427
1273,6.864,9.455
1274,6.834,9.424
1275,6.846,9.452
1276,6.828,9.414
1277,6.813,9.399
1278,6.797,9.372
1279,6.787,9.349
1280,6.805,9.391
1281,6.796,9.378
1282,6.790,9.364
1283,6.770,9.340
1284,6.737,9.301
1285,6.766,9.346
1286,6.745,9.324
1287,6.730,9.317
1288,6.711,9.287
1289,6.686,9.236
1290,6.719,9.291
1291,6.688,9.247
1292,6.674,9.240
1293,6.681,9.249
1294,6.664,9.241
1295,6.649,9.231
1296,6.622,9.222
1297,6.609,9.216
1298,6.620,9.229
1299,6.658,9.271
1300,6.634,9.243
1301,6.619,9.243
1302,6.602,9.202
1303,6.578,9.179
1304,6.665,9.245
1305,6.693,9.271
1306,6.686,9.253
1307,6.705,9.298
1308,6.671,9.247
1309,6.651,9.214
1310,6.653,9.230
1311,6.650,9.226
1312,6.641,9.219
1313,6.690,9.231
1314,6.717,9.261
1315,6.739,9.271
1316,6.738,9.278
1317,6.733,9.278
1318,6.712,9.244
1319,6.738,9.294
1320,6.706,9.260
1321,6.710,9.260
1322,6.716,9.254
1323,6.730,9.283
1324,6.727,9.284
1325,6.737,9.297
1326,6.737,9.304
1327,6.724,9.289
1328,6.714,9.276
1329,6.721,9.284
1330,6.740,9.314
1331,6.732,9.294
1332,6.731,9.320
1333,6.713,9.278
1334,6.739,9.318
1335,6.720,9.292
1336,6.720,9.294
1337,6.729,9.310
1338,6.739,9.311
1339,6.742,9.329
1340,6.747,9.320
1341,6.772,9.357
1342,6.778,9.344
1343,6.816,9.389
1344,6.806,9.369
1345,6.816,9.372
1346,6.844,9.389
1347,6.867,9.410
1348,6.907,9.444
1349,6.904,9.439
1350,6.900,9.408
1351,6.960,9.481
1352,6.963,9.462
1353,7.006,9.516
1354,7.004,9.513
1355,7.045,9.557
1356,7.046,9.543
1357,7.046,9.541
1358,7.059,9.553
1359,7.109,9.604
1360,7.099,9.575
1361,7.055,9.556
1362,7.058,9.566
1363,7.037,9.539
1364,7.038,9.545
1365,7.019,9.517
1366,6.997,9.505
1367,7.019,9.528
1368,7.032,9.535
1369,7.050,9.558
1370,7.057,9.560
1371,7.049,9.547
1372,7.060,9.573
1373,7.067,9.563
1374,7.091,9.589
1375,7.111,9.628
1376,7.072,9.572
1377,7.073,9.568
1378,7.104,9.604
1379,7.105,9.605
1380,7.125,9.619
1381,7.126,9.614
1382,7.182,9.688
1383,7.207,9.706
1384,7.214,9.710
1385,7.238,9.742
1386,7.219,9.720
1387,7.245,9.733
1388,7.235,9.716
1389,7.237,9.725
1390,7.253,9.747
1391,7.242,9.720
1392,7.247,9.740
1393,7.255,9.742
1394,7.234,9.726
1395,7.256,9.749
1396,7.252,9.754
1397,7.253,9.746
1398,7.243,9.741
1399,7.251,9.755
1400,7.252,9.750
1401,7.232,9.727
1402,7.227,9.723
1403,7.231,9.725
1404,7.247,9.762
1405,7.236,9.744
1406,7.240,9.753
1407,7.232,9.740
1408,7.218,9.734
1409,7.187,9.702
1410,7.182,9.696
1411,7.191,9.699
1412,7.166,9.673
1413,7.162,9.674
1414,7.171,9.704
1415,7.145,9.665
1416,7.148,9.690
1417,7.110,9.641
1418,7.113,9.650
1419,7.078,9.624
1420,7.071,9.615
1421,7.056,9.599
1422,7.055,9.601
1423,7.028,9.577
1424,7.035,9.606
1425,7.009,9.556
1426,7.010,9.587
1427,6.992,9.559
1428,6.964,9.534
1429,6.952,9.510
1430,6.957,9.539
1431,6.938,9.521
1432,6.925,9.519
1433,6.920,9.502
1434,6.928,9.525
1435,6.935,9.527
1436,6.910,9.508
1437,6.915,9.513
1438,6.875,9.469
1439,6.886,9.483
1440,6.895,9.501
1441,6.886,9.499
1442,6.866,9.477
1443,6.849,9.450
1444,6.871,9.483
1445,6.844,9.459
1446,6.839,9.465
1447,6.834,9.455
1448,6.839,9.473
1449,6.814,9.444
1450,6.818,9.462
1451,6.802,9.428
1452,6.798,9.427
1453,6.806,9.436
1454,6.790,9.397
1455,6.797,9.435
1456,6.774,9.399
1457,6.782,9.421
1458,6.771,9.419
1459,6.785,9.428
1460,6.759,9.391
1461,6.769,9.410
1462,6.743,9.381
1463,6.739,9.386
1464,6.748,9.403
1465,6.743,9.393
1466,6.706,9.351
1467,6.735,9.381
1468,6.723,9.369
1469,6.702,9.370
1470,6.732,9.405
1471,6.720,9.377
1472,6.744,9.411
1473,6.715,9.367
1474,6.728,9.401
1475,6.748,9.432
1476,6.715,9.368
1477,6.741,9.403
1478,6.760,9.433
1479,6.720,9.389
1480,6.721,9.390
1481,6.657,9.347
1482,6.673,9.381
1483,6.690,9.429
1484,6.730,9.438
1485,6.758,9.470
1486,6.749,9.454
1487,6.735,9.455
1488,6.719,9.431
1489,6.712,9.428
1490,6.685,9.408
1491,6.681,9.397
1492,6.717,9.457
1493,6.725,9.473
1494,6.709,9.448
1495,6.726,9.476
1496,6.706,9.459
1497,6.712,9.472
1498,6.727,9.496
1499,6.714,9.466
1500,6.735,9.512
1501,6.747,9.535
1502,6.729,9.501
1503,6.734,9.505
1504,6.726,9.518
1505,6.718,9.506
1506,6.725,9.509
1507,6.763,9.567
1508,6.754,9.552
1509,6.754,9.563
1510,6.755,9.549
1511,6.758,9.536
1512,6.786,9.595
1513,6.770,9.565
1514,6.762,9.566
1515,6.784,9.596
1516,6.758,9.559
1517,6.765,9.582
1518,6.787,9.615
1519,6.781,9.598
1520,6.805,9.619
1521,6.812,9.633
1522,6.821,9.654
1523,6.830,9.661
1524,6.826,9.663
1525,6.824,9.647
1526,6.849,9.667
1527,6.867,9.711
1528,6.861,9.681
1529,6.891,9.700
1530,6.876,9.688
1531,6.900,9.712
1532,6.929,9.732
1533,6.934,9.737
1534,6.946,9.745
1535,6.963,9.746
1536,6.959,9.750
1537,6.987,9.788
1538,7.016,9.815
1539,7.001,9.792
1540,7.024,9.820
1541,7.039,9.864
1542,7.053,9.881
1543,7.053,9.924
1544,7.056,9.918
1545,7.085,9.960
1546,7.090,9.955
1547,7.117,9.998
1548,7.101,9.968
1549,7.091,9.973
1550,7.098,9.975
1551,7.075,9.961
1552,7.055,9.930
1553,7.074,9.931
1554,7.108,9.996
1555,7.121,10.005
1556,7.130,9.998
1557,7.159,10.042
1558,7.169,10.049
1559,7.195,10.125
1560,7.251,10.210
1561,7.290,10.247
1562,7.295,10.227
1563,7.327,10.270
1564,7.380,10.322
1565,7.421,10.357
1566,7.456,10.407
1567,7.504,10.477
1568,7.524,10.485
1569,7.517,10.487
1570,7.584,10.580
1571,7.625,10.621
1572,7.640,10.632
1573,7.654,10.655
1574,7.673,10.675
1575,7.684,10.683
1576,7.697,10.686
1577,7.706,10.698
1578,7.713,10.724
1579,7.746,10.786
1580,7.745,10.770
1581,7.780,10.818
1582,7.818,10.875
1583,7.864,10.860
1584,7.952,10.958
1585,7.967,10.959
1586,7.992,10.980
1587,8.045,11.044
1588,8.049,11.055
1589,8.073,11.089
1590,8.086,11.095
1591,8.086,11.087
1592,8.072,11.049
1593,8.033,11.017
1594,8.084,11.067
1595,8.065,11.056
1596,8.077,11.083
1597,8.081,11.059
1598,8.097,11.086
1599,8.097,11.084
1600,7.994,10.941
1601,7.986,10.929
1602,7.942,10.885
1603,7.862,10.795
1604,7.870,10.767
1605,7.849,10.706
1606,7.879,10.729
1607,7.942,10.771
1608,7.956,10.762
1609,8.042,10.836
1610,8.076,10.874
1611,8.083,10.849
1612,8.096,10.890
1613,8.090,10.876
1614,8.129,10.902
1615,8.168,10.960
1616,8.149,10.945
1617,8.169,10.949
1618,8.234,11.016
1619,8.218,11.004
1620,8.245,11.009
1621,8.302,11.076
1622,8.296,11.046
1623,8.281,11.042
1624,8.248,11.006
1625,8.203,10.934
1626,8.211,10.963
1627,8.181,10.943
1628,8.184,10.950
1629,8.179,10.956
1630,8.146,10.919
1631,8.125,10.888
1632,8.053,10.799
1633,8.038,10.803
1634,8.000,10.759
1635,7.997,10.758
1636,7.969,10.721
1637,7.982,10.739
1638,7.957,10.715
1639,7.959,10.718
1640,7.943,10.689
1641,7.976,10.737
1642,7.977,10.728
1643,7.980,10.719
1644,7.969,10.671
1645,7.992,10.696
1646,7.984,10.699
1647,7.948,10.645
1648,7.846,10.515
1649,7.768,10.425
1650,7.669,10.314
1651,7.616,10.247
1652,7.542,10.132
1653,7.483,10.044
1654,7.512,10.078
1655,7.530,10.092
1656,7.632,10.203
1657,7.729,10.297
1658,7.831,10.377
1659,7.892,10.451
1660,7.867,10.391
1661,7.885,10.379
1662,7.905,10.402
1663,7.905,10.400
1664,7.920,10.420
1665,7.896,10.367
1666,7.939,10.436
1667,7.932,10.426
1668,7.875,10.344
1669,7.875,10.336
1670,7.869,10.340
1671,7.843,10.308
1672,7.830,10.287
1673,7.805,10.262
1674,7.787,10.247
1675,7.786,10.257
1676,7.794,10.287
1677,7.785,10.267
1678,7.778,10.271
1679,7.755,10.245
1680,7.787,10.264
1681,7.750,10.246
1682,7.785,10.278
1683,7.756,10.246
1684,7.755,10.232
1685,7.750,10.233
1686,7.758,10.239
1687,7.781,10.264
1688,7.741,10.234
1689,7.759,10.258
1690,7.740,10.243
1691,7.759,10.278
1692,7.773,10.301
1693,7.768,10.309
1694,7.740,10.267
1695,7.749,10.273
1696,7.776,10.308
1697,7.750,10.287
1698,7.773,10.328
1699,7.774,10.334
1700,7.828,10.435
1701,7.783,10.364
1702,7.838,10.430
1703,7.852,10.433
1704,7.848,10.430
1705,7.880,10.488
1706,7.988,10.655
1707,7.985,10.644
1708,7.911,10.523
1709,7.866,10.492
1710,7.779,10.417
1711,7.649,10.328
1712,7.573,10.235
1713,7.579,10.247
1714,7.620,10.278
1715,7.724,10.437
1716,7.818,10.520
1717,7.909,10.589
1718,8.012,10.700
1719,8.017,10.703
1720,8.082,10.811
1721,8.076,10.793
1722,8.118,10.855
1723,8.143,10.887
1724,8.165,10.907
1725,8.182,10.930
1726,8.241,11.027
1727,8.261,11.063
1728,8.262,11.045
1729,8.237,11.018
1730,8.284,11.089
1731,8.271,11.082
1732,8.282,11.085
1733,8.333,11.182
1734,8.286,11.124
1735,8.282,11.112
1736,8.278,11.141
1737,8.335,11.205
1738,8.340,11.233
1739,8.400,11.303
1740,8.399,11.307
1741,8.403,11.331
1742,8.413,11.357
1743,8.396,11.366
1744,8.436,11.394
1745,8.433,11.409
1746,8.425,11.418
1747,8.411,11.408
1748,8.430,11.434
1749,8.422,11.442
1750,8.438,11.470
1751,8.439,11.470
1752,8.473,11.537
1753,8.480,11.538
1754,8.521,11.626
1755,8.504,11.591
1756,8.512,11.610
1757,8.497,11.578
1758,8.527,11.609
1759,8.541,11.625
1760,8.595,11.718
1761,8.488,11.630
1762,8.383,11.508
1763,8.324,11.386
1764,8.271,11.275
1765,8.307,11.313
1766,8.340,11.296
1767,8.432,11.363
1768,8.561,11.463
1769,8.499,11.379
1770,8.546,11.417
1771,8.496,11.323
1772,8.529,11.399
1773,8.500,11.362
1774,8.512,11.377
1775,8.483,11.403
1776,8.481,11.416
1777,8.478,11.430
1778,8.499,11.455
1779,8.493,11.456
1780,8.474,11.438
1781,8.460,11.427
1782,8.456,11.386
1783,8.452,11.374
1784,8.418,11.305
1785,8.436,11.329
1786,8.374,11.246
1787,8.400,11.265
1788,8.380,11.242
1789,8.365,11.198
1790,8.341,11.178
1791,8.350,11.185
1792,8.333,11.174
1793,8.338,11.142
1794,8.350,11.173
1795,8.310,11.091
1796,8.310,11.150
1797,8.281,11.105
1798,8.284,11.141
1799,8.247,11.046
1800,8.273,11.088
1801,8.259,11.059
1802,8.267,11.058
1803,8.239,11.020
1804,8.229,11.002
1805,8.224,11.006
1806,8.206,10.996
1807,8.201,10.990
1808,8.156,10.933
1809,8.181,10.966
1810,8.124,10.899
1811,8.143,10.968
1812,8.105,10.918
1813,8.101,10.922
1814,8.097,10.923
1815,8.132,10.959
1816,8.087,10.894
1817,8.069,10.882
1818,8.080,10.874
1819,8.078,10.890
1820,8.098,10.911
1821,8.068,10.871
1822,8.070,10.872
1823,8.043,10.846
1824,8.029,10.827
1825,8.020,10.826
1826,8.003,10.813
1827,8.004,10.811
1828,7.980,10.773
1829,8.005,10.820
1830,7.956,10.752
1831,7.978,10.782
1832,7.969,10.760
1833,7.918,10.681
1834,7.936,10.709
1835,7.926,10.695
1836,7.922,10.682
1837,7.915,10.654
1838,7.938,10.684
1839,7.937,10.672
1840,7.961,10.695
1841,7.924,10.613
1842,7.936,10.622
1843,7.948,10.620
1844,7.960,10.618
1845,7.990,10.650
1846,7.964,10.586
1847,7.971,10.573
1848,7.956,10.540
1849,7.995,10.571
1850,7.980,10.519
1851,7.954,10.461
1852,7.935,10.416
1853,7.883,10.337
1854,7.871,10.306
1855,7.856,10.290
1856,7.899,10.356
1857,7.844,10.276
1858,7.870,10.322
1859,7.828,10.289
1860,7.816,10.290
1861,7.806,10.289
1862,7.805,10.341
1863,7.779,10.311
1864,7.741,10.285
