0,16.834,20.778
1,16.828,20.761
2,16.816,20.756
3,16.799,20.759
4,16.775,20.697
5,16.755,20.660
6,16.743,20.663
7,16.718,20.583
8,16.708,20.599
9,16.672,20.521
10,16.684,20.565
11,16.664,20.554
12,16.619,20.447
13,16.604,20.456
14,16.587,20.430
15,16.577,20.429
16,16.572,20.411
17,16.578,20.424
18,16.606,20.476
19,16.618,20.466
20,16.636,20.510
21,16.641,20.531
22,16.638,20.502
23,16.661,20.572
24,16.671,20.581
25,16.666,20.559
26,16.634,20.500
27,16.605,20.441
28,16.647,20.533
29,16.649,20.543
30,16.642,20.534
31,16.665,20.564
32,16.714,20.639
33,16.762,20.730
34,16.802,20.814
35,16.817,20.828
36,16.852,20.895
37,16.875,20.920
38,16.889,20.984
39,16.864,20.906
40,16.882,20.967
41,16.866,20.935
42,16.892,20.985
43,16.855,20.935
44,16.911,21.023
45,16.885,21.014
46,16.922,21.069
47,16.941,21.094
48,16.966,21.113
49,16.954,21.145
50,16.941,21.115
51,16.938,21.083
52,16.946,21.094
53,16.979,21.171
54,16.972,21.141
55,16.968,21.125
56,17.037,21.272
57,17.040,21.288
58,17.096,21.386
59,17.112,21.407
60,17.150,21.491
61,17.201,21.588
62,17.246,21.661
63,17.281,21.700
64,17.302,21.768
65,17.222,21.577
66,17.206,21.538
67,17.173,21.513
68,17.181,21.529
69,17.163,21.509
70,17.181,21.535
71,17.222,21.626
72,17.246,21.635
73,17.267,21.695
74,17.280,21.738
75,17.301,21.724
76,17.312,21.789
77,17.247,21.656
78,17.228,21.643
79,17.196,21.599
80,17.152,21.488
81,17.130,21.434
82,17.087,21.371
83,17.029,21.284
84,17.025,21.273
85,17.004,21.219
86,17.023,21.243
87,16.948,21.085
88,16.943,21.084
89,16.893,21.001
90,16.883,20.970
91,16.862,20.973
92,16.753,20.763
93,16.713,20.708
94,16.674,20.645
95,16.595,20.497
96,16.590,20.493
97,16.531,20.403
98,16.506,20.354
99,16.415,20.202
100,16.326,20.064
101,16.279,20.008
102,16.229,19.956
103,16.140,19.799
104,16.103,19.792
105,16.050,19.687
106,15.996,19.621
107,15.980,19.597
108,15.989,19.618
109,16.001,19.602
110,16.034,19.673
111,16.014,19.644
112,15.979,19.585
113,15.983,19.596
114,15.964,19.535
115,15.954,19.546
116,15.906,19.503
117,15.875,19.437
118,15.892,19.459
119,15.858,19.430
120,15.881,19.448
121,15.886,19.480
122,15.848,19.402
123,15.860,19.417
124,15.847,19.381
125,15.860,19.410
126,15.853,19.417
127,15.865,19.419
128,15.862,19.417
129,15.861,19.419
130,15.873,19.426
131,15.864,19.404
132,15.879,19.447
133,15.866,19.425
134,15.863,19.410
135,15.876,19.420
136,15.886,19.439
137,15.856,19.384
138,15.875,19.426
139,15.864,19.382
140,15.913,19.464
141,15.916,19.447
142,15.956,19.491
143,16.009,19.562
144,16.058,19.630
145,16.087,19.668
146,16.124,19.732
147,16.212,19.872
148,16.351,20.060
149,16.445,20.194
150,16.413,20.141
151,16.509,20.284
152,16.473,20.258
153,16.420,20.172
154,16.386,20.125
155,16.374,20.111
156,16.366,20.115
157,16.452,20.262
158,16.411,20.171
159,16.410,20.157
160,16.423,20.172
161,16.470,20.260
162,16.495,20.306
163,16.605,20.480
164,16.657,20.582
165,16.694,20.653
166,16.715,20.673
167,16.723,20.721
168,16.725,20.676
169,16.705,20.660
170,16.720,20.687
171,16.743,20.723
172,16.758,20.761
173,16.849,20.909
174,16.891,20.951
175,16.898,20.985
176,16.929,21.013
177,16.925,20.991
178,16.973,21.071
179,16.994,21.123
180,16.992,21.122
181,17.047,21.258
182,17.048,21.222
183,17.064,21.302
184,17.105,21.402
185,17.035,21.161
186,17.021,21.169
187,17.062,21.273
188,16.979,21.140
189,16.956,21.094
190,16.902,21.009
191,16.949,21.100
192,16.941,21.082
193,16.927,21.044
194,16.964,21.089
195,17.036,21.241
196,17.118,21.406
197,17.159,21.411
198,17.240,21.606
199,17.241,21.593
200,17.214,21.495
201,17.243,21.527
202,17.252,21.521
203,17.182,21.455
204,17.181,21.418
205,17.204,21.473
206,17.225,21.525
207,17.302,21.679
208,17.345,21.716
209,17.360,21.737
210,17.359,21.778
211,17.335,21.720
212,17.359,21.772
213,17.348,21.763
214,17.346,21.759
215,17.349,21.777
216,17.330,21.733
217,17.380,21.815
218,17.354,21.749
219,17.371,21.775
220,17.386,21.802
221,17.345,21.702
222,17.325,21.694
223,17.333,21.698
224,17.279,21.594
225,17.294,21.641
226,17.314,21.661
227,17.303,21.628
228,17.293,21.640
229,17.311,21.666
230,17.310,21.654
231,17.344,21.717
232,17.360,21.714
233,17.362,21.719
234,17.369,21.736
235,17.369,21.744
236,17.377,21.728
237,17.399,21.773
238,17.371,21.701
239,17.372,21.698
240,17.388,21.711
241,17.376,21.691
242,17.376,21.676
243,17.387,21.713
244,17.350,21.627
245,17.444,21.822
246,17.448,21.784
247,17.481,21.849
248,17.502,21.868
249,17.518,21.947
250,17.523,21.918
251,17.517,21.913
252,17.541,21.935
253,17.570,22.045
254,17.568,22.036
255,17.568,21.988
256,17.489,21.803
257,17.502,21.831
258,17.478,21.742
259,17.543,21.947
260,17.506,21.845
261,17.504,21.855
262,17.501,21.861
263,17.527,21.916
264,17.523,21.903
265,17.523,21.874
266,17.523,21.869
267,17.507,21.847
268,17.511,21.879
269,17.465,21.777
270,17.494,21.842
271,17.493,21.841
272,17.503,21.916
273,17.494,21.841
274,17.494,21.879
275,17.477,21.839
276,17.461,21.790
277,17.439,21.690
278,17.463,21.751
279,17.510,21.911
280,17.512,21.948
281,17.554,22.030
282,17.550,22.023
283,17.566,22.065
284,17.519,21.890
285,17.531,21.915
286,17.529,21.903
287,17.582,22.031
288,17.606,22.097
289,17.581,22.026
290,17.595,22.075
291,17.621,22.103
292,17.630,22.105
293,17.578,22.018
294,17.578,22.039
295,17.561,21.995
296,17.581,22.042
297,17.549,21.993
298,17.546,21.975
299,17.553,21.992
300,17.537,21.946
301,17.503,21.904
302,17.495,21.899
303,17.496,21.905
304,17.497,21.919
305,17.481,21.892
306,17.484,21.917
307,17.468,21.864
308,17.507,21.966
309,17.500,21.938
310,17.503,21.958
311,17.533,22.007
312,17.505,21.937
313,17.541,22.043
314,17.494,21.943
315,17.507,21.955
316,17.493,21.944
317,17.489,21.913
318,17.524,21.986
319,17.527,22.030
320,17.469,21.893
321,17.437,21.812
322,17.430,21.779
323,17.422,21.782
324,17.393,21.714
325,17.415,21.766
326,17.415,21.804
327,17.458,21.871
328,17.419,21.775
329,17.410,21.756
330,17.449,21.767
331,17.417,21.735
332,17.422,21.704
333,17.407,21.733
334,17.403,21.688
335,17.352,21.589
336,17.348,21.572
337,17.352,21.611
338,17.346,21.568
339,17.346,21.558
340,17.327,21.506
341,17.310,21.491
342,17.322,21.514
343,17.275,21.421
344,17.281,21.414
345,17.283,21.426
346,17.252,21.368
347,17.261,21.396
348,17.227,21.332
349,17.228,21.307
350,17.194,21.278
351,17.159,21.216
352,17.145,21.189
353,17.139,21.186
354,17.123,21.137
355,17.095,21.113
356,17.087,21.120
357,17.090,21.113
358,17.087,21.114
359,17.042,21.021
360,17.052,21.023
361,17.053,21.032
362,17.010,20.977
363,16.993,20.975
364,16.944,20.901
365,16.934,20.855
366,16.885,20.776
367,16.864,20.795
368,16.818,20.716
369,16.822,20.711
370,16.786,20.646
371,16.766,20.638
372,16.726,20.616
373,16.690,20.543
374,16.720,20.580
375,16.724,20.615
376,16.735,20.643
377,16.677,20.564
378,16.679,20.563
379,16.682,20.562
380,16.673,20.555
381,16.698,20.595
382,16.699,20.586
383,16.716,20.637
384,16.734,20.656
385,16.711,20.615
386,16.743,20.687
387,16.766,20.719
388,16.778,20.741
389,16.795,20.755
390,16.815,20.820
391,16.819,20.782
392,16.801,20.771
393,16.789,20.768
394,16.762,20.700
395,16.720,20.624
396,16.666,20.556
397,16.625,20.492
398,16.560,20.387
399,16.527,20.332
400,16.454,20.238
401,16.373,20.105
402,16.349,20.102
403,16.344,20.083
404,16.333,20.091
405,16.351,20.108
406,16.335,20.081
407,16.376,20.142
408,16.351,20.098
409,16.349,20.128
410,16.317,20.076
411,16.318,20.051
412,16.317,20.062
413,16.311,20.036
414,16.296,20.031
415,16.276,19.990
416,16.308,20.096
417,16.278,20.024
418,16.288,20.036
419,16.333,20.097
420,16.340,20.109
421,16.357,20.137
422,16.326,20.073
423,16.342,20.111
424,16.361,20.148
425,16.330,20.090
426,16.357,20.133
427,16.339,20.093
428,16.281,19.995
429,16.255,19.958
430,16.298,20.034
431,16.294,20.027
432,16.277,20.023
433,16.291,20.003
434,16.250,19.953
435,16.233,19.894
436,16.264,19.956
437,16.250,19.935
438,16.280,20.007
439,16.314,20.058
440,16.300,20.033
441,16.316,20.057
442,16.313,20.065
443,16.325,20.074
444,16.339,20.121
445,16.321,20.090
446,16.323,20.088
447,16.355,20.176
448,16.357,20.155
449,16.376,20.191
450,16.384,20.211
451,16.420,20.234
452,16.435,20.288
453,16.454,20.318
454,16.477,20.344
455,16.497,20.381
456,16.489,20.383
457,16.440,20.301
458,16.404,20.265
459,16.406,20.272
460,16.396,20.251
461,16.435,20.310
462,16.437,20.324
463,16.488,20.410
464,16.456,20.330
465,16.532,20.484
466,16.565,20.506
467,16.614,20.620
468,16.552,20.498
469,16.487,20.356
470,16.460,20.356
471,16.401,20.244
472,16.356,20.161
473,16.343,20.168
474,16.334,20.149
475,16.324,20.154
476,16.280,20.045
477,16.269,20.073
478,16.270,20.070
479,16.293,20.122
480,16.295,20.083
481,16.201,19.962
482,16.233,19.992
483,16.234,19.981
484,16.252,20.039
485,16.311,20.126
486,16.336,20.188
487,16.388,20.257
488,16.380,20.214
489,16.450,20.315
490,16.540,20.458
491,16.583,20.545
492,16.629,20.615
493,16.622,20.580
494,16.630,20.624
495,16.619,20.595
496,16.639,20.633
497,16.627,20.617
498,16.622,20.626
499,16.576,20.543
500,16.571,20.509
501,16.595,20.603
502,16.620,20.632
503,16.649,20.677
504,16.784,20.866
505,16.859,21.011
506,16.894,21.055
507,16.981,21.203
508,17.002,21.237
509,17.072,21.334
510,17.070,21.332
511,17.110,21.388
512,17.152,21.446
513,17.178,21.483
514,17.158,21.422
515,17.189,21.489
516,17.176,21.485
517,17.170,21.409
518,17.182,21.445
519,17.226,21.494
520,17.245,21.553
521,17.239,21.566
522,17.233,21.497
523,17.254,21.548
524,17.253,21.541
525,17.219,21.501
526,17.193,21.412
527,17.200,21.466
528,17.180,21.419
529,17.191,21.439
530,17.164,21.402
531,17.123,21.339
532,17.123,21.302
533,17.068,21.218
534,17.084,21.256
535,17.065,21.236
536,17.025,21.176
537,16.992,21.123
538,16.980,21.109
539,16.966,21.072
540,16.939,20.999
541,16.924,20.995
542,16.953,21.055
543,16.898,20.964
544,16.875,20.925
545,16.865,20.914
546,16.850,20.873
547,16.816,20.833
548,16.799,20.789
549,16.810,20.847
550,16.800,20.816
551,16.794,20.796
552,16.795,20.797
553,16.776,20.770
554,16.791,20.805
555,16.806,20.802
556,16.804,20.811
557,16.820,20.824
558,16.838,20.852
559,16.863,20.900
560,16.850,20.841
561,16.843,20.869
562,16.858,20.882
563,16.902,21.009
564,16.914,20.993
565,16.897,20.993
566,16.897,20.959
567,16.900,21.008
568,16.924,21.075
569,16.829,20.894
570,16.844,20.931
571,16.829,20.894
572,16.785,20.826
573,16.774,20.785
574,16.792,20.840
575,16.851,20.932
576,16.872,20.961
577,16.880,20.981
578,16.913,21.061
579,16.938,21.104
580,16.960,21.091
581,16.972,21.154
582,16.946,21.091
583,16.991,21.190
584,16.978,21.169
585,16.996,21.172
586,17.030,21.216
587,17.027,21.195
588,17.053,21.250
589,17.023,21.172
590,16.999,21.185
591,16.975,21.098
592,17.004,21.158
593,17.026,21.177
594,17.009,21.158
595,16.985,21.120
596,16.935,21.034
597,16.914,20.978
598,16.890,20.966
599,16.819,20.824
600,16.778,20.734
601,16.733,20.676
602,16.681,20.609
603,16.592,20.450
604,16.551,20.383
605,16.576,20.421
606,16.651,20.544
607,16.606,20.461
608,16.592,20.466
609,16.604,20.490
610,16.587,20.419
611,16.562,20.379
612,16.534,20.359
613,16.559,20.379
614,16.531,20.315
615,16.529,20.318
616,16.557,20.376
617,16.469,20.239
618,16.426,20.165
619,16.410,20.134
620,16.399,20.073
621,16.383,20.114
622,16.358,20.065
623,16.308,19.991
624,16.279,19.950
625,16.340,20.068
626,16.385,20.124
627,16.407,20.179
628,16.414,20.175
629,16.417,20.200
630,16.385,20.122
631,16.364,20.093
632,16.348,20.083
633,16.358,20.095
634,16.366,20.078
635,16.392,20.168
636,16.365,20.119
637,16.388,20.183
638,16.477,20.298
639,16.485,20.292
640,16.463,20.244
641,16.468,20.259
642,16.487,20.275
643,16.451,20.256
644,16.449,20.229
645,16.486,20.289
646,16.461,20.248
647,16.460,20.245
648,16.441,20.205
649,16.429,20.186
650,16.435,20.219
651,16.436,20.213
652,16.433,20.206
653,16.418,20.187
654,16.408,20.164
655,16.406,20.179
656,16.455,20.237
657,16.498,20.341
658,16.498,20.354
659,16.516,20.384
660,16.516,20.402
661,16.493,20.359
662,16.474,20.338
663,16.473,20.342
664,16.450,20.339
665,16.433,20.310
666,16.407,20.291
667,16.327,20.187
668,16.324,20.183
669,16.319,20.171
670,16.407,20.334
671,16.448,20.394
672,16.458,20.407
673,16.464,20.405
674,16.417,20.333
675,16.415,20.348
676,16.392,20.289
677,16.414,20.332
678,16.380,20.282
679,16.398,20.276
680,16.359,20.224
681,16.346,20.216
682,16.348,20.205
683,16.309,20.133
684,16.312,20.152
685,16.293,20.129
686,16.313,20.141
687,16.323,20.197
688,16.307,20.151
689,16.253,20.064
690,16.207,19.970
691,16.202,19.992
692,16.192,19.964
693,16.190,20.003
694,16.136,19.876
695,16.152,19.927
696,16.148,19.885
697,16.138,19.848
698,16.113,19.856
699,16.055,19.741
700,15.985,19.635
701,15.971,19.610
702,15.987,19.656
703,15.963,19.598
704,15.976,19.629
705,15.998,19.649
706,15.980,19.598
707,15.985,19.596
708,15.964,19.546
709,15.957,19.556
710,15.885,19.437
711,15.938,19.512
712,15.952,19.564
713,15.932,19.518
714,15.946,19.550
715,15.955,19.544
716,15.942,19.531
717,15.943,19.527
718,15.944,19.561
719,15.945,19.547
720,15.933,19.537
721,15.944,19.548
722,15.949,19.562
723,15.956,19.560
724,15.953,19.569
725,15.962,19.566
726,15.944,19.541
727,15.925,19.507
728,15.895,19.489
729,15.903,19.498
730,15.917,19.516
731,15.903,19.497
732,15.875,19.470
733,15.860,19.459
734,15.844,19.428
735,15.828,19.395
736,15.836,19.433
737,15.822,19.404
738,15.791,19.345
739,15.793,19.323
740,15.813,19.381
741,15.813,19.398
742,15.779,19.317
743,15.810,19.381
744,15.775,19.309
745,15.791,19.316
746,15.817,19.379
747,15.808,19.373
748,15.788,19.309
749,15.801,19.318
750,15.791,19.302
751,15.774,19.272
752,15.798,19.296
753,15.780,19.279
754,15.759,19.226
755,15.737,19.224
756,15.753,19.248
757,15.725,19.218
758,15.708,19.219
759,15.698,19.200
760,15.697,19.211
761,15.665,19.153
762,15.689,19.209
763,15.674,19.196
764,15.662,19.143
765,15.679,19.184
766,15.709,19.238
767,15.717,19.237
768,15.725,19.247
769,15.748,19.284
770,15.746,19.281
771,15.762,19.294
772,15.804,19.368
773,15.813,19.399
774,15.792,19.336
775,15.801,19.357
776,15.790,19.356
777,15.786,19.337
778,15.815,19.397
779,15.844,19.420
780,15.887,19.499
781,15.913,19.518
782,15.943,19.563
783,15.923,19.499
784,15.950,19.534
785,15.954,19.544
786,15.974,19.583
787,15.963,19.548
788,15.965,19.532
789,16.010,19.606
790,16.050,19.655
791,16.084,19.707
792,16.086,19.732
793,16.093,19.717
794,16.054,19.661
795,16.090,19.711
796,16.125,19.766
797,16.136,19.800
798,16.114,19.771
799,16.127,19.768
800,16.085,19.712
801,16.096,19.733
802,16.080,19.701
803,16.106,19.739
804,16.102,19.716
805,16.120,19.791
806,16.136,19.784
807,16.102,19.720
808,16.146,19.792
809,16.211,19.872
810,16.247,19.926
811,16.297,19.978
812,16.314,20.035
813,16.309,20.027
814,16.285,19.980
815,16.332,20.053
816,16.352,20.091
817,16.300,20.018
818,16.347,20.095
819,16.357,20.136
820,16.373,20.166
821,16.367,20.133
822,16.391,20.182
823,16.420,20.208
824,16.438,20.243
825,16.398,20.193
826,16.375,20.159
827,16.411,20.223
828,16.419,20.237
829,16.409,20.214
830,16.423,20.225
831,16.471,20.316
832,16.497,20.340
833,16.540,20.394
834,16.542,20.410
835,16.542,20.400
836,16.576,20.473
837,16.590,20.471
838,16.601,20.509
839,16.597,20.489
840,16.631,20.559
841,16.697,20.679
842,16.739,20.745
843,16.781,20.817
844,16.758,20.764
845,16.763,20.771
846,16.772,20.784
847,16.798,20.821
848,16.818,20.845
849,16.804,20.814
850,16.837,20.862
851,16.838,20.844
852,16.856,20.867
853,16.862,20.907
854,16.895,20.953
855,16.877,20.919
856,16.892,20.948
857,16.890,20.958
858,16.917,20.960
859,16.903,20.957
860,16.934,20.992
861,16.951,21.007
862,16.970,21.019
863,16.988,21.052
864,17.039,21.141
865,17.037,21.110
866,17.049,21.134
867,17.099,21.233
868,17.067,21.194
869,17.071,21.188
870,17.056,21.148
871,17.020,21.120
872,17.036,21.176
873,17.067,21.231
874,17.070,21.250
875,17.072,21.274
876,17.074,21.272
877,17.086,21.301
878,17.088,21.304
879,17.105,21.330
880,17.152,21.438
881,17.152,21.420
882,17.185,21.474
883,17.220,21.543
884,17.265,21.626
885,17.252,21.582
886,17.259,21.577
887,17.303,21.666
888,17.283,21.634
889,17.311,21.664
890,17.297,21.605
891,17.286,21.599
892,17.355,21.711
893,17.327,21.653
894,17.339,21.664
895,17.376,21.740
896,17.393,21.746
897,17.394,21.776
898,17.451,21.861
899,17.476,21.896
900,17.470,21.862
901,17.491,21.885
902,17.466,21.835
903,17.485,21.912
904,17.470,21.868
905,17.456,21.844
906,17.472,21.845
907,17.419,21.783
908,17.414,21.739
909,17.419,21.748
910,17.438,21.817
911,17.430,21.770
912,17.417,21.724
913,17.444,21.756
914,17.470,21.811
915,17.463,21.800
916,17.487,21.813
917,17.460,21.766
918,17.465,21.772
919,17.448,21.755
920,17.380,21.654
921,17.369,21.615
922,17.389,21.655
923,17.426,21.741
924,17.421,21.725
925,17.385,21.705
926,17.328,21.547
927,17.292,21.510
928,17.260,21.454
929,17.260,21.492
930,17.253,21.446
931,17.254,21.477
932,17.244,21.454
933,17.242,21.443
934,17.252,21.499
935,17.267,21.519
936,17.295,21.519
937,17.295,21.535
938,17.351,21.643
939,17.354,21.645
940,17.338,21.599
941,17.355,21.635
942,17.344,21.629
943,17.313,21.533
944,17.314,21.553
945,17.281,21.487
946,17.278,21.503
947,17.287,21.517
948,17.255,21.412
949,17.218,21.364
950,17.207,21.313
951,17.176,21.251
952,17.173,21.251
953,17.165,21.217
954,17.128,21.164
955,17.062,21.005
956,17.091,21.035
957,17.063,21.015
958,17.039,20.962
959,17.022,20.927
960,16.946,20.811
961,16.943,20.812
962,16.970,20.865
963,16.967,20.833
964,16.932,20.773
965,16.907,20.706
966,16.925,20.739
967,16.928,20.772
968,16.969,20.810
969,16.913,20.728
970,16.921,20.728
971,16.900,20.684
972,16.874,20.649
973,16.903,20.723
974,16.871,20.646
975,16.849,20.613
976,16.844,20.607
977,16.794,20.535
978,16.796,20.555
979,16.784,20.515
980,16.790,20.555
981,16.795,20.546
982,16.799,20.569
983,16.794,20.542
984,16.820,20.592
985,16.863,20.634
986,16.834,20.596
987,16.861,20.627
988,16.842,20.616
989,16.856,20.622
990,16.844,20.601
991,16.841,20.612
992,16.859,20.621
993,16.858,20.623
994,16.866,20.639
995,16.838,20.603
996,16.850,20.611
997,16.853,20.606
998,16.888,20.674
999,16.859,20.610
1000,16.873,20.654
1001,16.831,20.606
1002,16.877,20.668
1003,16.890,20.684
1004,16.912,20.697
1005,16.923,20.745
1006,16.939,20.776
1007,16.967,20.844
1008,16.987,20.826
1009,17.014,20.906
1010,17.023,20.921
1011,17.033,20.926
1012,17.068,20.965
1013,17.083,21.002
1014,17.069,20.965
1015,17.114,21.079
1016,17.124,21.088
1017,17.129,21.101
1018,17.144,21.165
1019,17.173,21.217
1020,17.232,21.299
1021,17.244,21.332
1022,17.300,21.411
1023,17.277,21.351
1024,17.274,21.339
1025,17.298,21.380
1026,17.313,21.421
1027,17.296,21.350
1028,17.257,21.320
1029,17.276,21.332
1030,17.296,21.387
1031,17.277,21.405
1032,17.313,21.419
1033,17.321,21.421
1034,17.325,21.435
1035,17.307,21.389
1036,17.313,21.409
1037,17.315,21.407
1038,17.310,21.416
1039,17.264,21.343
1040,17.241,21.282
1041,17.215,21.256
1042,17.216,21.269
1043,17.221,21.286
1044,17.249,21.345
1045,17.227,21.308
1046,17.253,21.344
1047,17.206,21.281
1048,17.225,21.303
1049,17.280,21.390
1050,17.283,21.417
1051,17.258,21.350
1052,17.279,21.365
1053,17.274,21.376
1054,17.258,21.318
1055,17.267,21.357
1056,17.243,21.337
1057,17.267,21.387
1058,17.238,21.314
1059,17.273,21.392
1060,17.262,21.367
1061,17.268,21.352
1062,17.285,21.415
1063,17.281,21.379
1064,17.322,21.451
1065,17.324,21.431
1066,17.329,21.460
1067,17.331,21.454
1068,17.341,21.486
1069,17.335,21.480
1070,17.344,21.485
1071,17.324,21.478
1072,17.334,21.477
1073,17.324,21.438
1074,17.327,21.465
1075,17.337,21.511
1076,17.254,21.334
1077,17.192,21.220
1078,17.196,21.225
1079,17.221,21.305
1080,17.219,21.307
1081,17.213,21.286
1082,17.180,21.250
1083,17.201,21.289
1084,17.195,21.260
1085,17.179,21.208
1086,17.170,21.232
1087,17.172,21.227
1088,17.183,21.260
1089,17.123,21.147
1090,17.122,21.135
1091,17.153,21.233
1092,17.139,21.209
1093,17.161,21.248
1094,17.171,21.258
1095,17.171,21.250
1096,17.185,21.280
1097,17.168,21.246
1098,17.196,21.298
1099,17.155,21.228
1100,17.154,21.228
1101,17.164,21.262
1102,17.149,21.228
1103,17.147,21.254
1104,17.131,21.201
1105,17.095,21.121
1106,17.137,21.215
1107,17.118,21.221
1108,17.138,21.241
1109,17.079,21.131
1110,17.021,21.019
1111,16.964,20.906
1112,17.007,20.988
1113,16.979,20.949
1114,17.000,20.983
1115,16.969,20.910
1116,17.015,21.014
1117,17.014,21.035
1118,16.994,20.989
1119,16.970,20.905
1120,16.968,20.975
1121,16.915,20.848
1122,16.890,20.813
1123,16.893,20.800
1124,16.856,20.750
1125,16.849,20.735
1126,16.810,20.680
1127,16.833,20.727
1128,16.812,20.690
1129,16.785,20.655
1130,16.793,20.680
1131,16.794,20.671
1132,16.801,20.680
1133,16.783,20.663
1134,16.793,20.680
1135,16.735,20.571
1136,16.758,20.625
1137,16.737,20.564
1138,16.737,20.589
1139,16.720,20.563
1140,16.712,20.560
1141,16.695,20.512
1142,16.724,20.571
1143,16.720,20.573
1144,16.695,20.544
1145,16.677,20.499
1146,16.675,20.510
1147,16.680,20.518
1148,16.644,20.420
1149,16.654,20.447
1150,16.643,20.430
1151,16.625,20.389
1152,16.603,20.366
1153,16.640,20.421
1154,16.621,20.387
1155,16.592,20.342
1156,16.593,20.370
1157,16.565,20.302
1158,16.542,20.251
1159,16.544,20.295
1160,16.535,20.269
1161,16.524,20.239
1162,16.529,20.274
1163,16.519,20.231
1164,16.498,20.188
1165,16.493,20.194
1166,16.496,20.206
1167,16.474,20.148
1168,16.480,20.166
1169,16.512,20.219
1170,16.529,20.257
1171,16.517,20.213
1172,16.541,20.281
1173,16.547,20.261
1174,16.563,20.286
1175,16.592,20.344
1176,16.636,20.403
1177,16.628,20.427
1178,16.616,20.368
1179,16.627,20.399
1180,16.590,20.316
1181,16.634,20.404
1182,16.591,20.343
1183,16.591,20.347
1184,16.567,20.310
1185,16.585,20.347
1186,16.586,20.347
1187,16.566,20.329
1188,16.583,20.329
1189,16.577,20.339
1190,16.619,20.415
1191,16.606,20.399
1192,16.613,20.423
1193,16.617,20.411
1194,16.606,20.401
1195,16.599,20.403
1196,16.611,20.419
1197,16.654,20.499
1198,16.637,20.473
1199,16.618,20.413
1200,16.660,20.513
1201,16.679,20.549
1202,16.703,20.576
1203,16.725,20.622
1204,16.645,20.479
1205,16.631,20.497
1206,16.610,20.445
1207,16.614,20.441
1208,16.572,20.363
1209,16.562,20.359
1210,16.553,20.366
1211,16.543,20.337
1212,16.508,20.275
1213,16.530,20.336
1214,16.483,20.265
1215,16.456,20.183
1216,16.455,20.197
1217,16.481,20.235
1218,16.491,20.263
1219,16.510,20.296
1220,16.440,20.131
1221,16.398,20.104
1222,16.362,20.069
1223,16.345,20.031
1224,16.316,19.974
1225,16.306,20.003
1226,16.321,20.029
1227,16.317,20.000
1228,16.306,20.002
1229,16.299,19.980
1230,16.318,19.986
1231,16.319,20.009
1232,16.330,20.040
1233,16.329,20.025
1234,16.332,20.024
1235,16.322,20.006
1236,16.359,20.055
1237,16.402,20.148
1238,16.411,20.156
1239,16.436,20.198
1240,16.428,20.183
1241,16.421,20.142
1242,16.402,20.136
1243,16.397,20.136
1244,16.410,20.158
1245,16.408,20.151
1246,16.392,20.126
1247,16.438,20.227
1248,16.443,20.193
1249,16.486,20.306
1250,16.521,20.305
1251,16.548,20.400
1252,16.590,20.441
1253,16.567,20.408
1254,16.578,20.419
1255,16.553,20.352
1256,16.601,20.429
1257,16.566,20.390
1258,16.606,20.470
1259,16.612,20.476
1260,16.637,20.519
1261,16.634,20.519
1262,16.676,20.606
1263,16.670,20.574
1264,16.640,20.515
1265,16.623,20.520
1266,16.610,20.509
1267,16.626,20.519
1268,16.662,20.576
1269,16.635,20.545
1270,16.621,20.507
1271,16.635,20.547
1272,16.642,20.521
1273,16.642,20.520
1274,16.613,20.494
1275,16.613,20.477
1276,16.630,20.523
1277,16.563,20.380
1278,16.561,20.363
1279,16.534,20.329
1280,16.529,20.326
1281,16.500,20.291
1282,16.480,20.274
1283,16.435,20.222
1284,16.429,20.207
1285,16.411,20.220
1286,16.358,20.145
1287,16.337,20.095
1288,16.289,20.021
1289,16.271,20.019
1290,16.218,19.919
1291,16.184,19.881
1292,16.130,19.761
1293,16.095,19.726
1294,16.103,19.762
1295,16.104,19.735
1296,16.109,19.755
1297,16.116,19.767
1298,16.103,19.740
1299,16.094,19.709
1300,16.103,19.717
1301,16.093,19.699
1302,16.090,19.707
1303,16.058,19.678
1304,16.064,19.676
1305,16.059,19.681
1306,16.102,19.743
1307,16.107,19.760
1308,16.110,19.741
1309,16.149,19.830
1310,16.128,19.766
1311,16.144,19.788
1312,16.172,19.860
1313,16.167,19.823
1314,16.172,19.835
1315,16.181,19.848
1316,16.169,19.851
1317,16.205,19.897
1318,16.234,19.943
1319,16.239,19.964
1320,16.273,19.988
1321,16.285,20.035
1322,16.288,20.045
1323,16.319,20.103
1324,16.326,20.092
1325,16.275,20.013
1326,16.193,19.847
1327,16.219,19.922
1328,16.198,19.907
1329,16.182,19.872
1330,16.157,19.836
1331,16.136,19.821
1332,16.119,19.774
1333,16.092,19.730
1334,16.044,19.666
1335,16.033,19.641
1336,16.011,19.610
1337,15.998,19.592
1338,15.979,19.550
1339,15.981,19.557
1340,16.002,19.592
1341,16.008,19.584
1342,15.991,19.540
1343,16.024,19.601
1344,16.019,19.567
1345,16.042,19.624
1346,16.000,19.538
1347,15.985,19.527
1348,15.971,19.499
1349,15.944,19.446
1350,15.899,19.382
1351,15.870,19.321
1352,15.902,19.374
1353,15.897,19.362
1354,15.899,19.371
1355,15.900,19.365
1356,15.923,19.381
1357,15.944,19.450
1358,15.997,19.524
1359,15.997,19.505
1360,16.027,19.557
1361,16.005,19.485
1362,16.022,19.531
1363,16.033,19.534
1364,16.035,19.544
1365,16.031,19.568
1366,16.072,19.614
1367,16.076,19.606
1368,16.114,19.665
1369,16.093,19.652
1370,16.139,19.708
1371,16.143,19.732
1372,16.189,19.816
1373,16.171,19.782
1374,16.174,19.798
1375,16.171,19.789
1376,16.215,19.869
1377,16.184,19.813
1378,16.168,19.765
1379,16.182,19.794
1380,16.165,19.754
1381,16.136,19.720
1382,16.117,19.693
1383,16.121,19.679
1384,16.081,19.635
1385,16.102,19.675
1386,16.079,19.649
1387,16.027,19.564
1388,16.056,19.642
1389,16.028,19.548
1390,15.985,19.483
1391,15.953,19.410
1392,15.971,19.457
1393,15.953,19.438
1394,15.889,19.332
1395,15.872,19.300
1396,15.902,19.358
1397,15.921,19.394
1398,15.912,19.380
1399,15.896,19.348
1400,15.926,19.419
1401,15.934,19.419
1402,15.948,19.444
1403,15.992,19.511
1404,15.992,19.492
1405,16.026,19.548
1406,16.019,19.549
1407,16.065,19.639
1408,16.089,19.651
1409,16.090,19.662
1410,16.112,19.674
1411,16.162,19.752
1412,16.169,19.795
1413,16.191,19.798
1414,16.191,19.796
1415,16.186,19.795
1416,16.159,19.775
1417,16.124,19.736
1418,16.094,19.669
1419,16.082,19.654
1420,16.105,19.673
1421,16.102,19.684
1422,16.123,19.720
1423,16.127,19.702
1424,16.133,19.739
1425,16.136,19.733
1426,16.136,19.724
1427,16.141,19.756
1428,16.151,19.761
1429,16.160,19.780
1430,16.178,19.808
1431,16.203,19.858
1432,16.213,19.858
1433,16.204,19.833
1434,16.250,19.917
1435,16.252,19.919
1436,16.263,19.937
1437,16.292,19.996
1438,16.328,20.071
1439,16.372,20.107
1440,16.389,20.121
1441,16.448,20.221
1442,16.485,20.301
1443,16.502,20.314
1444,16.572,20.404
1445,16.600,20.452
1446,16.611,20.501
1447,16.618,20.486
1448,16.617,20.485
1449,16.672,20.577
1450,16.654,20.546
1451,16.621,20.493
1452,16.622,20.506
1453,16.624,20.504
1454,16.623,20.519
1455,16.612,20.485
1456,16.601,20.490
1457,16.620,20.524
1458,16.644,20.570
1459,16.672,20.614
1460,16.638,20.550
1461,16.623,20.513
1462,16.632,20.552
1463,16.652,20.554
1464,16.649,20.573
1465,16.623,20.521
1466,16.612,20.485
1467,16.625,20.530
1468,16.639,20.535
1469,16.670,20.571
1470,16.688,20.628
1471,16.721,20.645
1472,16.754,20.709
1473,16.763,20.707
1474,16.788,20.744
1475,16.781,20.755
1476,16.788,20.784
1477,16.821,20.810
1478,16.844,20.860
1479,16.847,20.840
1480,16.875,20.901
1481,16.858,20.883
1482,16.853,20.876
1483,16.853,20.864
1484,16.899,20.957
1485,16.904,20.985
1486,16.903,20.990
1487,16.908,20.961
1488,16.940,21.034
1489,16.913,20.972
1490,16.893,20.932
1491,16.910,20.931
1492,16.904,20.926
1493,16.902,20.907
1494,16.894,20.890
1495,16.901,20.950
1496,16.889,20.913
1497,16.901,20.921
1498,16.934,20.994
1499,16.951,20.975
1500,16.945,20.964
1501,16.957,20.961
1502,16.953,20.958
1503,16.919,20.897
1504,16.912,20.902
1505,16.927,20.919
1506,16.918,20.900
1507,16.876,20.832
1508,16.883,20.864
1509,16.884,20.868
1510,16.841,20.787
1511,16.817,20.722
1512,16.835,20.787
1513,16.824,20.737
1514,16.809,20.731
1515,16.826,20.760
1516,16.875,20.827
1517,16.859,20.818
1518,16.909,20.892
1519,16.915,20.907
1520,16.922,20.915
1521,16.916,20.902
1522,16.942,20.944
1523,16.940,20.957
1524,16.913,20.869
1525,16.927,20.905
1526,16.917,20.874
1527,16.912,20.867
1528,16.966,20.967
1529,16.960,20.951
1530,16.979,20.987
1531,16.973,20.982
1532,16.987,20.983
1533,17.000,21.065
1534,16.991,21.027
1535,16.969,20.980
1536,16.945,20.935
1537,16.925,20.883
1538,16.900,20.862
1539,16.935,20.917
1540,16.933,20.920
1541,16.874,20.821
1542,16.837,20.760
1543,16.842,20.784
1544,16.793,20.719
1545,16.769,20.664
1546,16.754,20.682
1547,16.723,20.624
1548,16.730,20.605
1549,16.769,20.696
1550,16.751,20.633
1551,16.740,20.642
1552,16.738,20.647
1553,16.719,20.614
1554,16.707,20.592
1555,16.677,20.542
1556,16.668,20.510
1557,16.689,20.569
1558,16.702,20.583
1559,16.682,20.550
1560,16.689,20.560
1561,16.662,20.503
1562,16.642,20.492
1563,16.661,20.534
1564,16.657,20.525
1565,16.652,20.504
1566,16.631,20.454
1567,16.603,20.413
1568,16.592,20.375
1569,16.586,20.381
1570,16.594,20.383
1571,16.598,20.389
1572,16.625,20.439
1573,16.631,20.444
1574,16.632,20.437
1575,16.654,20.481
1576,16.676,20.513
1577,16.656,20.468
1578,16.685,20.533
1579,16.657,20.485
1580,16.701,20.568
1581,16.704,20.548
1582,16.726,20.601
1583,16.732,20.614
1584,16.723,20.595
1585,16.745,20.638
1586,16.695,20.525
1587,16.681,20.505
1588,16.661,20.465
1589,16.650,20.483
1590,16.664,20.481
1591,16.639,20.414
1592,16.645,20.477
1593,16.667,20.455
1594,16.672,20.515
1595,16.617,20.421
1596,16.607,20.406
1597,16.609,20.428
1598,16.644,20.442
1599,16.643,20.444
1600,16.668,20.505
1601,16.659,20.485
1602,16.637,20.434
1603,16.591,20.372
1604,16.572,20.331
1605,16.553,20.325
1606,16.515,20.260
1607,16.525,20.289
1608,16.511,20.279
1609,16.503,20.244
1610,16.451,20.149
1611,16.415,20.122
1612,16.381,20.060
1613,16.312,19.966
1614,16.283,19.895
1615,16.226,19.824
1616,16.184,19.765
1617,16.139,19.685
1618,16.068,19.573
1619,16.034,19.532
1620,16.024,19.514
1621,16.010,19.510
1622,15.989,19.463
1623,15.978,19.458
1624,15.946,19.401
1625,15.999,19.495
1626,15.998,19.477
1627,15.989,19.478
1628,16.009,19.520
1629,15.996,19.518
1630,16.009,19.515
1631,16.046,19.597
1632,16.107,19.683
1633,16.086,19.633
1634,16.070,19.635
1635,16.040,19.584
1636,16.022,19.575
1637,16.031,19.575
1638,16.026,19.563
1639,16.010,19.541
1640,16.001,19.523
1641,16.010,19.586
1642,15.991,19.535
1643,15.993,19.532
1644,16.000,19.575
1645,15.997,19.568
1646,15.991,19.557
1647,16.041,19.625
1648,16.070,19.677
1649,16.065,19.670
1650,16.073,19.684
1651,16.047,19.656
1652,16.054,19.658
1653,16.031,19.614
1654,16.036,19.626
1655,16.040,19.634
1656,16.014,19.574
1657,16.031,19.628
1658,15.987,19.558
1659,15.964,19.531
1660,15.925,19.437
1661,15.902,19.413
1662,15.897,19.434
1663,15.891,19.416
1664,15.882,19.386
1665,15.856,19.354
1666,15.872,19.390
1667,15.861,19.373
1668,15.869,19.385
1669,15.887,19.405
1670,15.905,19.417
1671,15.945,19.479
1672,15.945,19.477
1673,15.968,19.522
1674,15.994,19.569
1675,16.044,19.675
1676,16.013,19.620
1677,16.012,19.602
1678,16.022,19.619
1679,16.062,19.706
1680,16.078,19.711
1681,16.072,19.681
1682,16.093,19.725
1683,16.077,19.691
1684,16.061,19.685
1685,16.072,19.704
1686,16.028,19.616
1687,16.048,19.664
1688,16.064,19.687
1689,16.008,19.573
1690,16.008,19.570
1691,16.055,19.687
1692,16.043,19.663
1693,16.046,19.660
1694,16.018,19.601
1695,16.016,19.610
1696,15.991,19.579
1697,15.954,19.535
1698,15.921,19.478
1699,15.957,19.551
1700,15.930,19.495
1701,15.932,19.487
1702,15.944,19.500
1703,15.925,19.473
1704,15.920,19.483
1705,15.934,19.481
1706,15.947,19.498
1707,15.979,19.561
1708,15.986,19.580
1709,16.009,19.604
1710,16.026,19.623
1711,16.019,19.616
1712,16.025,19.607
1713,16.014,19.626
1714,16.007,19.592
1715,16.002,19.593
1716,15.988,19.579
1717,15.983,19.577
1718,15.997,19.578
1719,16.020,19.622
1720,16.033,19.650
1721,16.049,19.642
1722,16.081,19.708
1723,16.099,19.716
1724,16.099,19.713
1725,16.090,19.706
1726,16.079,19.682
1727,16.084,19.704
1728,16.094,19.706
1729,16.121,19.752
1730,16.164,19.831
1731,16.160,19.796
1732,16.145,19.789
1733,16.158,19.802
1734,16.164,19.805
1735,16.163,19.815
1736,16.151,19.800
1737,16.152,19.787
1738,16.150,19.802
1739,16.131,19.746
1740,16.137,19.755
1741,16.160,19.775
1742,16.140,19.741
1743,16.137,19.723
1744,16.139,19.732
1745,16.177,19.776
1746,16.210,19.836
1747,16.244,19.900
1748,16.208,19.803
1749,16.232,19.848
1750,16.219,19.835
1751,16.216,19.848
1752,16.183,19.778
1753,16.206,19.841
1754,16.182,19.798
1755,16.189,19.800
1756,16.189,19.809
1757,16.210,19.839
1758,16.209,19.832
1759,16.262,19.909
1760,16.278,19.936
1761,16.316,19.988
1762,16.313,19.985
1763,16.277,19.924
1764,16.310,20.000
1765,16.308,20.019
1766,16.291,19.970
1767,16.238,19.909
1768,16.252,19.932
1769,16.232,19.900
1770,16.213,19.876
1771,16.197,19.848
1772,16.155,19.769
1773,16.196,19.838
1774,16.230,19.896
1775,16.275,19.941
1776,16.275,19.960
1777,16.278,19.943
1778,16.281,19.954
1779,16.306,19.981
1780,16.264,19.942
1781,16.228,19.881
1782,16.218,19.838
1783,16.228,19.851
1784,16.241,19.877
1785,16.282,19.958
1786,16.286,19.953
1787,16.281,19.938
1788,16.267,19.929
1789,16.294,19.974
1790,16.283,19.942
1791,16.259,19.895
1792,16.265,19.898
1793,16.278,19.946
1794,16.280,19.929
1795,16.320,20.003
1796,16.344,20.069
1797,16.357,20.091
1798,16.369,20.118
1799,16.404,20.177
1800,16.406,20.199
1801,16.397,20.161
1802,16.428,20.224
1803,16.456,20.238
1804,16.455,20.237
1805,16.506,20.322
1806,16.476,20.292
1807,16.454,20.265
1808,16.422,20.194
1809,16.436,20.237
1810,16.459,20.274
1811,16.467,20.275
1812,16.476,20.293
1813,16.468,20.284
1814,16.497,20.295
1815,16.516,20.362
1816,16.511,20.350
1817,16.544,20.403
1818,16.564,20.439
1819,16.579,20.447
1820,16.601,20.486
1821,16.596,20.477
1822,16.625,20.539
1823,16.642,20.573
1824,16.663,20.581
1825,16.670,20.597
1826,16.681,20.608
1827,16.705,20.648
1828,16.725,20.704
1829,16.702,20.642
1830,16.722,20.670
1831,16.736,20.685
1832,16.712,20.637
1833,16.692,20.613
1834,16.688,20.609
1835,16.703,20.653
1836,16.694,20.598
1837,16.696,20.623
1838,16.731,20.691
1839,16.703,20.644
1840,16.723,20.708
1841,16.716,20.665
