0,26.347,26.304
1,26.345,26.305
2,26.342,26.299
3,26.130,26.067
4,26.555,26.498
5,26.611,26.564
6,26.657,26.602
7,26.644,26.597
8,26.589,26.520
9,26.702,26.661
10,26.705,26.660
11,26.660,26.608
12,26.763,26.723
13,26.767,26.715
14,26.753,26.697
15,26.383,26.334
16,26.373,26.337
17,26.305,26.257
18,26.302,26.266
19,26.258,26.232
20,26.172,26.136
21,26.521,26.512
22,26.399,26.383
23,26.317,26.298
24,26.191,26.164
25,26.227,26.210
26,26.205,26.196
27,26.190,26.190
28,26.252,26.242
29,26.026,26.016
30,26.429,26.413
31,26.479,26.467
32,26.413,26.383
33,26.125,26.108
34,26.184,26.160
35,26.546,26.551
36,26.520,26.493
37,26.532,26.514
38,26.623,26.620
39,26.529,26.526
40,26.505,26.485
41,26.549,26.542
42,26.735,26.729
43,26.689,26.684
44,26.205,26.177
45,26.222,26.200
46,26.250,26.230
47,26.216,26.199
48,26.188,26.178
49,26.110,26.076
50,26.526,26.506
51,26.557,26.543
52,26.534,26.521
53,26.492,26.470
54,26.471,26.455
55,26.338,26.329
56,26.454,26.429
57,26.514,26.507
58,26.136,26.118
59,26.082,26.059
60,26.089,26.062
61,26.413,26.382
62,26.044,26.018
63,26.013,26.000
64,25.969,25.937
65,26.352,26.322
66,26.322,26.324
67,26.443,26.445
68,26.484,26.488
69,26.419,26.419
70,26.344,26.330
71,26.446,26.413
72,26.354,26.351
73,26.226,26.207
74,26.087,26.056
75,26.448,26.409
76,26.365,26.337
77,26.351,26.318
78,26.287,26.264
79,26.255,26.224
80,26.253,26.230
81,26.244,26.225
82,26.228,26.214
83,26.144,26.119
84,26.132,26.113
85,26.136,26.123
86,26.101,26.082
87,26.096,26.073
88,26.093,26.071
89,26.016,25.996
90,25.958,25.934
91,25.972,25.953
92,25.919,25.883
93,26.220,26.178
94,26.014,25.976
95,25.935,25.906
96,26.046,26.000
97,26.007,25.952
98,26.080,26.026
99,26.223,26.195
100,26.089,26.044
101,26.071,26.027
102,26.050,25.997
103,26.043,26.001
104,26.070,26.027
105,26.191,26.124
106,25.831,25.781
107,25.735,25.694
108,25.704,25.665
109,26.033,25.979
110,25.920,25.882
111,25.902,25.884
112,25.922,25.896
113,25.837,25.810
114,25.822,25.789
115,25.873,25.828
116,25.873,25.831
117,25.542,25.506
118,25.707,25.693
119,25.655,25.654
120,25.898,25.905
121,25.734,25.741
122,25.854,25.839
123,25.553,25.528
124,25.775,25.748
125,25.699,25.682
126,25.820,25.798
127,25.763,25.740
128,25.777,25.763
129,25.865,25.830
130,25.504,25.469
131,25.893,25.867
132,25.791,25.771
133,25.854,25.851
134,25.859,25.835
135,25.919,25.914
136,25.977,25.965
137,25.889,25.869
138,25.933,25.933
139,25.989,25.973
140,25.931,25.920
141,26.074,26.061
142,26.066,26.047
143,25.860,25.853
144,25.900,25.883
145,26.007,26.004
146,25.863,25.843
147,26.038,26.043
148,26.025,26.009
149,26.173,26.170
150,25.941,25.926
151,26.091,26.068
152,26.352,26.353
153,26.372,26.365
154,26.156,26.143
155,26.161,26.163
156,26.132,26.145
157,26.051,26.063
158,26.180,26.200
159,26.059,26.056
160,25.952,25.948
161,26.006,26.000
162,26.008,26.022
163,25.835,25.838
164,25.974,25.982
165,25.873,25.864
166,25.850,25.862
167,25.923,25.952
168,25.927,25.939
169,25.894,25.903
170,25.995,26.011
171,25.910,25.927
172,25.905,25.919
173,25.931,25.962
174,25.861,25.879
175,25.856,25.869
176,25.958,25.984
177,25.930,25.958
178,25.884,25.898
179,26.082,26.104
180,25.982,25.998
181,25.733,25.739
182,25.659,25.658
183,25.777,25.774
184,25.684,25.668
185,25.983,25.984
186,25.893,25.894
187,25.843,25.853
188,25.873,25.870
189,25.767,25.750
190,25.815,25.805
191,25.879,25.880
192,25.850,25.842
193,25.823,25.805
194,25.920,25.917
195,25.972,25.972
196,26.003,25.994
197,25.979,25.987
198,25.970,25.959
199,25.922,25.920
200,26.004,25.996
201,26.024,26.021
202,26.028,26.004
203,26.066,26.044
204,26.045,26.021
205,26.002,25.978
206,26.046,26.026
207,26.095,26.072
208,26.042,26.024
209,26.028,26.008
210,26.081,26.072
211,26.074,26.067
212,26.070,26.052
213,26.050,26.035
214,26.044,26.021
215,26.240,26.225
216,26.064,26.057
217,26.213,26.206
218,26.245,26.231
219,26.295,26.272
220,25.896,25.874
221,26.254,26.266
222,26.402,26.413
223,26.151,26.146
224,26.177,26.174
225,26.083,26.076
226,26.153,26.150
227,26.065,26.052
228,26.042,26.030
229,26.093,26.067
230,25.986,25.975
231,26.125,26.109
232,26.067,26.055
233,26.052,26.048
234,25.953,25.948
235,26.003,26.000
236,26.042,26.028
237,26.123,26.105
238,25.945,25.918
239,25.980,25.970
240,25.864,25.831
241,25.852,25.820
242,25.754,25.737
243,25.892,25.870
244,25.979,25.955
245,25.995,25.978
246,25.910,25.890
247,25.938,25.915
248,25.959,25.930
249,26.008,25.994
250,26.050,26.028
251,26.095,26.068
252,26.097,26.072
253,26.086,26.053
254,26.094,26.055
255,26.205,26.163
256,26.220,26.192
257,26.299,26.271
258,26.308,26.285
259,26.487,26.466
260,26.313,26.288
261,26.164,26.146
262,26.140,26.131
263,26.154,26.138
264,26.163,26.151
265,26.190,26.192
266,26.148,26.153
267,26.298,26.321
268,26.226,26.248
269,26.333,26.365
270,26.418,26.463
271,26.426,26.480
272,26.395,26.439
273,26.433,26.467
274,26.467,26.512
275,26.516,26.558
276,26.539,26.595
277,26.570,26.614
278,26.562,26.591
279,26.551,26.585
280,26.528,26.557
281,26.502,26.541
282,26.562,26.603
283,26.524,26.560
284,26.552,26.587
285,26.545,26.577
286,26.531,26.553
287,26.608,26.650
288,26.568,26.600
289,26.700,26.727
290,26.516,26.546
291,26.595,26.623
292,26.399,26.429
293,26.439,26.461
294,26.577,26.619
295,26.464,26.505
296,26.581,26.614
297,26.507,26.527
298,26.512,26.536
299,26.570,26.600
300,26.625,26.660
301,26.526,26.550
302,26.485,26.515
303,26.528,26.547
304,26.576,26.601
305,26.534,26.560
306,26.549,26.585
307,26.457,26.487
308,26.476,26.512
309,26.489,26.520
310,26.467,26.502
311,26.374,26.413
312,26.451,26.473
313,26.472,26.497
314,26.456,26.494
315,26.336,26.356
316,26.225,26.253
317,26.229,26.250
318,26.262,26.286
319,26.201,26.229
320,26.253,26.281
321,26.168,26.194
322,26.220,26.243
323,26.216,26.236
324,26.302,26.331
325,26.211,26.228
326,26.331,26.354
327,26.377,26.398
328,26.362,26.391
329,26.265,26.272
330,26.296,26.308
331,26.160,26.163
332,26.199,26.203
333,26.394,26.408
334,26.427,26.448
335,26.432,26.441
336,26.650,26.657
337,26.608,26.605
338,26.568,26.568
339,26.922,26.927
340,26.651,26.639
341,26.802,26.807
342,26.833,26.847
343,26.801,26.819
344,26.971,26.995
345,26.816,26.812
346,26.951,26.954
347,27.208,27.233
348,27.149,27.165
349,27.152,27.168
350,27.208,27.218
351,27.361,27.391
352,27.219,27.239
353,27.207,27.204
354,27.151,27.154
355,27.105,27.114
356,27.136,27.138
357,27.228,27.239
358,27.272,27.270
359,27.290,27.289
360,27.282,27.281
361,27.376,27.368
362,27.463,27.467
363,27.289,27.301
364,27.312,27.316
365,27.382,27.377
366,27.225,27.225
367,27.203,27.209
368,27.328,27.348
369,27.271,27.267
370,27.261,27.279
371,27.267,27.284
372,27.302,27.317
373,27.232,27.239
374,27.236,27.240
375,27.328,27.329
376,27.359,27.363
377,27.380,27.400
378,27.436,27.445
379,27.403,27.413
380,27.488,27.507
381,27.521,27.526
382,27.363,27.384
383,27.187,27.209
384,27.110,27.121
385,27.097,27.090
386,27.295,27.300
387,27.270,27.274
388,27.310,27.313
389,27.362,27.371
390,27.385,27.391
391,27.553,27.569
392,27.437,27.449
393,27.402,27.413
394,27.414,27.433
395,27.389,27.407
396,27.445,27.468
397,27.488,27.511
398,27.618,27.670
399,27.642,27.688
400,27.633,27.686
401,27.591,27.646
402,27.474,27.529
403,27.522,27.571
404,27.572,27.648
405,27.591,27.672
406,27.615,27.692
407,27.582,27.675
408,27.578,27.686
409,27.671,27.782
410,27.651,27.770
411,27.663,27.795
412,27.711,27.831
413,27.762,27.901
414,27.718,27.858
415,27.777,27.930
416,27.862,28.024
417,27.858,28.029
418,27.817,27.993
419,27.868,28.031
420,27.842,28.010
421,27.850,28.011
422,27.853,28.021
423,27.825,27.990
424,27.787,27.952
425,27.768,27.924
426,27.773,27.937
427,27.703,27.854
428,27.712,27.865
429,27.673,27.814
430,27.663,27.792
431,27.620,27.741
432,27.712,27.855
433,27.734,27.864
434,27.700,27.838
435,27.693,27.803
436,27.707,27.852
437,27.671,27.811
438,27.606,27.742
439,27.653,27.790
440,27.718,27.863
441,27.716,27.863
442,27.775,27.942
443,27.826,28.005
444,27.843,28.020
445,27.767,27.935
446,27.815,28.000
447,27.871,28.053
448,27.834,28.012
449,27.742,27.889
450,27.828,27.985
451,27.846,28.000
452,27.822,27.976
453,27.781,27.932
454,27.760,27.901
455,27.675,27.792
456,27.724,27.862
457,27.774,27.915
458,27.799,27.945
459,27.739,27.873
460,27.763,27.900
461,27.706,27.837
462,27.674,27.812
463,27.658,27.802
464,27.596,27.722
465,27.606,27.739
466,27.607,27.744
467,27.546,27.652
468,27.657,27.787
469,27.597,27.731
470,27.685,27.836
471,27.709,27.864
472,27.674,27.796
473,27.685,27.823
474,27.705,27.839
475,27.696,27.823
476,27.691,27.841
477,27.744,27.901
478,27.752,27.905
479,27.790,27.961
480,27.869,28.020
481,27.614,27.750
482,27.659,27.786
483,27.688,27.824
484,28.096,28.299
485,28.019,28.190
486,28.084,28.261
487,28.116,28.304
488,28.055,28.252
489,28.175,28.367
490,28.125,28.298
491,28.208,28.412
492,28.367,28.569
493,28.175,28.373
494,28.397,28.602
495,27.953,28.089
496,28.417,28.586
497,28.435,28.626
498,28.236,28.386
499,28.264,28.430
500,28.382,28.548
501,28.242,28.387
502,28.247,28.397
503,28.134,28.284
504,28.138,28.281
505,28.083,28.214
506,28.029,28.136
507,28.069,28.183
508,28.050,28.163
509,28.051,28.168
510,27.964,28.083
511,27.986,28.113
512,27.952,28.086
513,28.003,28.134
514,27.944,28.057
515,27.994,28.119
516,27.899,27.995
517,28.008,28.116
518,27.884,27.969
519,27.924,28.017
520,27.792,27.890
521,27.748,27.846
522,27.716,27.801
523,27.713,27.797
524,27.682,27.744
525,27.635,27.698
526,27.557,27.621
527,27.539,27.601
528,27.528,27.586
529,27.532,27.601
530,27.527,27.604
531,27.542,27.596
532,27.568,27.617
533,27.585,27.639
534,27.610,27.653
535,27.602,27.635
536,27.558,27.593
537,27.543,27.576
538,27.560,27.611
539,27.595,27.643
540,27.560,27.602
541,27.490,27.514
542,27.486,27.522
543,27.418,27.447
544,27.358,27.373
545,27.343,27.351
546,27.369,27.383
547,27.393,27.412
548,27.405,27.404
549,27.407,27.408
550,27.486,27.505
551,27.443,27.453
552,27.407,27.401
553,27.425,27.440
554,27.446,27.451
555,27.422,27.448
556,27.401,27.409
557,27.322,27.343
558,27.282,27.279
559,27.239,27.251
560,27.155,27.153
561,27.242,27.251
562,27.236,27.225
563,27.215,27.234
564,27.157,27.155
565,27.230,27.220
566,27.026,27.025
567,27.050,27.033
568,26.980,26.977
569,26.917,26.898
570,26.821,26.796
571,26.821,26.798
572,26.823,26.791
573,26.820,26.775
574,26.906,26.871
575,26.769,26.742
576,26.812,26.763
577,26.812,26.759
578,26.789,26.745
579,26.803,26.761
580,26.811,26.763
581,26.837,26.776
582,26.829,26.772
583,26.738,26.675
584,26.765,26.708
585,26.738,26.679
586,26.690,26.615
587,26.799,26.753
588,26.950,26.900
589,26.882,26.805
590,26.765,26.708
591,26.744,26.675
592,26.763,26.684
593,26.852,26.777
594,26.862,26.797
595,26.754,26.679
596,26.722,26.654
597,26.711,26.639
598,26.717,26.641
599,26.742,26.648
600,26.773,26.681
601,26.750,26.660
602,26.702,26.612
603,26.773,26.689
604,26.619,26.514
605,26.830,26.756
606,26.639,26.542
607,26.971,26.897
608,26.638,26.527
609,26.681,26.590
610,26.801,26.715
611,26.683,26.579
612,26.823,26.731
613,26.956,26.860
614,26.940,26.827
615,26.858,26.749
616,26.832,26.736
617,26.676,26.557
618,26.762,26.656
619,26.722,26.595
620,26.638,26.507
621,26.740,26.628
622,26.711,26.595
623,26.753,26.620
624,26.774,26.655
625,26.748,26.618
626,26.778,26.659
627,26.688,26.543
628,26.705,26.572
629,26.776,26.649
630,26.762,26.643
631,26.711,26.604
632,26.684,26.560
633,26.800,26.668
634,26.279,26.136
635,26.330,26.203
636,26.795,26.669
637,26.776,26.657
638,26.728,26.613
639,26.728,26.610
640,26.724,26.600
641,26.711,26.587
642,26.737,26.608
643,26.772,26.636
644,26.484,26.351
645,26.839,26.713
646,26.856,26.720
647,26.885,26.762
648,26.905,26.794
649,26.858,26.730
650,26.965,26.845
651,27.022,26.912
652,27.073,26.972
653,27.097,26.991
654,27.076,26.973
655,27.065,26.957
656,27.052,26.946
657,27.060,26.955
658,26.976,26.861
659,27.035,26.923
660,27.001,26.883
661,27.001,26.902
662,26.962,26.880
663,27.061,26.968
664,27.099,27.014
665,27.037,26.946
666,27.103,27.002
667,27.166,27.084
668,27.207,27.125
669,27.233,27.162
670,27.164,27.068
671,27.279,27.207
672,27.200,27.117
673,27.296,27.232
674,27.190,27.101
675,27.151,27.071
676,27.249,27.193
677,27.171,27.097
678,27.196,27.121
679,27.258,27.183
680,27.114,27.031
681,27.077,26.995
682,27.184,27.134
683,27.137,27.077
684,27.170,27.119
685,27.190,27.137
686,27.077,27.021
687,27.065,27.010
688,27.007,26.960
689,26.914,26.838
690,26.941,26.881
691,26.860,26.811
692,26.708,26.657
693,26.749,26.713
694,26.816,26.776
695,26.853,26.809
696,26.861,26.810
697,27.016,26.973
698,27.060,27.025
699,27.036,26.997
700,27.141,27.110
701,27.054,27.022
702,27.050,27.011
703,27.091,27.066
704,26.981,26.952
705,27.006,26.976
706,26.878,26.832
707,26.979,26.960
708,26.769,26.707
709,26.768,26.710
710,26.729,26.672
711,26.745,26.690
712,26.815,26.751
713,26.786,26.764
714,26.653,26.599
715,26.679,26.638
716,26.635,26.603
717,26.623,26.597
718,26.672,26.647
719,26.713,26.683
720,26.689,26.654
721,26.706,26.686
722,26.458,26.420
723,26.416,26.401
724,26.329,26.290
725,26.321,26.287
726,26.289,26.241
727,26.349,26.306
728,26.399,26.358
729,26.433,26.381
730,26.741,26.699
731,26.696,26.671
732,26.640,26.599
733,26.453,26.424
734,26.256,26.213
735,26.270,26.216
736,26.307,26.256
737,26.384,26.335
738,26.400,26.363
739,26.385,26.332
740,26.431,26.369
741,26.398,26.330
742,26.292,26.230
743,26.339,26.256
744,26.310,26.222
745,26.373,26.263
746,26.374,26.289
747,26.456,26.349
748,26.450,26.345
749,26.432,26.320
750,26.406,26.298
751,26.358,26.258
752,26.439,26.328
753,26.438,26.335
754,26.544,26.458
755,26.565,26.480
756,26.642,26.562
757,26.552,26.480
758,26.655,26.579
759,26.511,26.430
760,26.601,26.515
761,26.167,26.090
762,26.239,26.163
763,26.765,26.672
764,26.593,26.519
765,26.606,26.528
766,26.618,26.532
767,26.624,26.547
768,26.678,26.611
769,26.634,26.550
770,26.653,26.575
771,26.701,26.639
772,26.686,26.621
773,26.687,26.610
774,26.663,26.600
775,26.675,26.599
776,26.670,26.594
777,26.668,26.597
778,26.740,26.654
779,26.710,26.638
780,26.753,26.678
781,26.744,26.665
782,26.684,26.591
783,26.623,26.542
784,26.573,26.497
785,26.586,26.517
786,26.530,26.454
787,26.598,26.520
788,26.535,26.455
789,26.510,26.427
790,26.550,26.457
791,26.676,26.588
792,26.744,26.658
793,26.802,26.703
794,26.819,26.723
795,26.751,26.662
796,26.794,26.685
797,26.738,26.630
798,26.845,26.753
799,26.795,26.691
800,26.814,26.707
801,26.775,26.675
802,26.785,26.676
803,26.773,26.666
804,26.768,26.639
805,26.795,26.690
806,26.837,26.721
807,26.870,26.750
808,26.908,26.781
809,26.819,26.709
810,26.872,26.746
811,26.870,26.745
812,26.881,26.752
813,26.920,26.790
814,26.929,26.793
815,26.947,26.816
816,26.971,26.847
817,26.965,26.843
818,27.100,26.989
819,27.108,27.005
820,27.127,27.024
821,27.059,26.975
822,27.068,26.972
823,26.969,26.867
824,27.055,26.949
825,27.062,26.966
826,27.013,26.910
827,26.988,26.868
828,27.022,26.912
829,27.017,26.912
830,27.025,26.937
831,26.997,26.900
832,27.047,26.945
833,27.011,26.890
834,26.987,26.884
835,26.940,26.844
836,26.959,26.853
837,26.941,26.822
838,26.903,26.800
839,26.879,26.772
840,26.919,26.810
841,26.937,26.835
842,26.958,26.846
843,27.008,26.887
844,26.989,26.874
845,27.029,26.920
846,27.007,26.894
847,27.080,26.972
848,27.067,26.954
849,27.090,26.968
850,27.059,26.909
851,27.194,27.074
852,27.183,27.059
853,27.227,27.105
854,27.376,27.263
855,27.218,27.088
856,27.279,27.145
857,27.266,27.152
858,27.182,27.040
859,27.297,27.175
860,27.336,27.220
861,27.163,27.025
862,27.263,27.143
863,27.256,27.146
864,27.207,27.090
865,27.070,26.941
866,27.111,26.985
867,27.085,26.957
868,27.171,27.054
869,27.174,27.055
870,27.028,26.896
871,27.071,26.962
872,27.001,26.866
873,27.074,26.939
874,27.126,26.987
875,26.979,26.819
876,27.142,27.011
877,27.229,27.107
878,27.309,27.187
879,27.270,27.151
880,27.280,27.161
881,27.298,27.183
882,27.290,27.161
883,27.347,27.224
884,27.409,27.312
885,27.372,27.277
886,27.460,27.360
887,27.310,27.180
888,27.435,27.340
889,27.315,27.213
890,27.262,27.161
891,27.145,27.039
892,27.011,26.877
893,27.112,27.008
894,27.078,26.981
895,27.073,26.997
896,26.994,26.916
897,27.093,27.031
898,27.167,27.102
899,27.140,27.064
900,27.088,27.022
901,27.125,27.055
902,27.106,27.040
903,27.143,27.080
904,27.185,27.110
905,27.319,27.239
906,27.337,27.272
907,27.359,27.286
908,27.279,27.215
909,27.285,27.206
910,27.296,27.219
911,27.215,27.137
912,27.265,27.199
913,27.191,27.122
914,27.268,27.193
915,27.208,27.125
916,27.261,27.189
917,27.218,27.143
918,27.244,27.181
919,27.099,27.024
920,27.137,27.073
921,27.112,27.052
922,27.019,26.951
923,27.138,27.112
924,27.148,27.113
925,27.067,27.049
926,27.047,27.005
927,27.047,27.001
928,27.096,27.063
929,27.010,26.972
930,27.062,27.033
931,27.009,26.973
932,27.128,27.103
933,27.114,27.066
934,27.145,27.115
935,27.052,27.019
936,27.089,27.043
937,27.121,27.089
938,27.080,27.038
939,27.050,27.027
940,27.031,27.003
941,27.076,27.040
942,27.031,26.996
943,27.080,27.070
944,27.054,27.035
945,27.042,27.018
946,27.124,27.121
947,27.064,27.055
948,27.108,27.095
949,27.095,27.076
950,27.079,27.073
951,27.049,27.020
952,27.028,27.030
953,27.017,27.008
954,27.034,27.017
955,27.092,27.063
956,27.071,27.060
957,27.046,27.023
958,27.004,26.999
959,26.965,26.945
960,26.968,26.958
961,26.921,26.897
962,26.859,26.848
963,26.892,26.887
964,26.917,26.903
965,26.877,26.870
966,26.889,26.872
967,26.858,26.836
968,26.938,26.918
969,26.962,26.936
970,26.966,26.941
971,26.475,26.435
972,26.493,26.460
973,26.934,26.922
974,26.832,26.818
975,26.852,26.835
976,26.791,26.751
977,26.780,26.743
978,26.762,26.737
979,26.868,26.854
980,26.743,26.694
981,26.743,26.716
982,26.749,26.723
983,26.395,26.356
984,26.699,26.651
985,26.738,26.691
986,26.740,26.717
987,26.758,26.728
988,26.841,26.803
989,26.788,26.738
990,26.442,26.416
991,26.962,26.943
992,26.949,26.924
993,26.970,26.928
994,26.957,26.915
995,26.813,26.754
996,26.907,26.888
997,27.032,27.012
998,26.989,26.962
999,26.369,26.321
1000,26.898,26.863
1001,26.893,26.859
1002,27.093,27.081
1003,27.013,26.977
1004,26.886,26.845
1005,26.861,26.810
1006,27.013,26.982
1007,26.942,26.892
1008,26.876,26.821
1009,26.837,26.795
1010,26.760,26.690
1011,26.365,26.293
1012,27.002,26.930
1013,26.840,26.777
1014,26.971,26.894
1015,26.914,26.850
1016,26.888,26.821
1017,26.873,26.785
1018,26.906,26.824
1019,26.858,26.771
1020,26.915,26.823
1021,26.845,26.748
1022,26.858,26.776
1023,26.790,26.690
1024,26.843,26.740
1025,26.776,26.655
1026,26.864,26.764
1027,26.877,26.759
1028,26.886,26.785
1029,27.015,26.910
1030,26.899,26.790
1031,27.013,26.914
1032,26.955,26.844
1033,26.914,26.820
1034,26.832,26.723
1035,26.925,26.841
1036,26.971,26.889
1037,26.877,26.800
1038,26.917,26.826
1039,26.825,26.740
1040,26.899,26.825
1041,26.661,26.571
1042,26.774,26.699
1043,26.777,26.692
1044,26.767,26.682
1045,26.663,26.563
1046,26.572,26.461
1047,26.646,26.552
1048,26.677,26.573
1049,27.065,26.981
1050,26.844,26.742
1051,27.041,26.943
1052,27.003,26.879
1053,26.971,26.856
1054,26.798,26.677
1055,26.866,26.757
1056,26.833,26.728
1057,26.921,26.809
1058,26.876,26.770
1059,26.957,26.858
1060,26.850,26.744
1061,26.725,26.617
1062,26.685,26.564
1063,26.774,26.674
1064,26.760,26.661
1065,26.719,26.595
1066,26.730,26.618
1067,26.587,26.483
1068,26.550,26.432
1069,26.652,26.558
1070,26.557,26.456
1071,26.595,26.507
1072,26.566,26.480
1073,26.612,26.527
1074,26.663,26.574
1075,26.845,26.755
1076,26.822,26.725
1077,26.686,26.606
1078,26.644,26.553
1079,26.658,26.552
1080,26.578,26.478
1081,26.536,26.454
1082,26.544,26.437
1083,26.476,26.380
1084,26.398,26.306
1085,26.513,26.425
1086,26.508,26.415
1087,26.515,26.435
1088,26.611,26.536
1089,26.573,26.496
1090,26.451,26.343
1091,26.504,26.400
1092,26.469,26.373
1093,26.452,26.342
1094,26.553,26.477
1095,26.490,26.407
1096,26.493,26.406
1097,26.651,26.575
1098,26.449,26.344
1099,26.709,26.626
1100,26.519,26.437
1101,26.630,26.550
1102,26.502,26.413
1103,26.629,26.543
1104,26.802,26.715
1105,26.553,26.469
1106,26.588,26.509
1107,26.423,26.335
1108,26.597,26.528
1109,26.681,26.595
1110,26.526,26.445
1111,26.577,26.492
1112,26.570,26.495
1113,26.728,26.648
1114,26.526,26.447
1115,26.655,26.595
1116,26.629,26.563
1117,26.586,26.511
1118,26.669,26.608
1119,26.727,26.650
1120,26.602,26.514
1121,26.557,26.488
1122,26.594,26.523
1123,26.579,26.498
1124,26.576,26.505
1125,26.610,26.555
1126,26.461,26.394
1127,26.515,26.453
1128,26.564,26.511
1129,26.481,26.421
1130,26.333,26.271
1131,26.383,26.315
1132,26.437,26.386
1133,26.452,26.387
1134,26.459,26.401
1135,26.444,26.383
1136,26.541,26.481
1137,25.999,25.939
1138,26.241,26.166
1139,26.355,26.273
1140,26.309,26.232
1141,26.292,26.242
1142,26.387,26.331
1143,26.614,26.559
1144,26.699,26.650
1145,26.522,26.458
1146,26.518,26.463
1147,26.399,26.353
1148,26.492,26.451
1149,26.541,26.504
1150,26.380,26.336
1151,26.425,26.387
1152,26.495,26.467
1153,26.410,26.383
1154,26.356,26.321
1155,26.375,26.344
1156,26.424,26.393
1157,26.450,26.437
1158,26.388,26.348
1159,26.471,26.436
1160,26.449,26.416
1161,26.463,26.428
1162,26.421,26.385
1163,26.413,26.387
1164,26.638,26.622
1165,26.405,26.380
1166,26.461,26.448
1167,26.397,26.388
1168,26.343,26.337
1169,26.468,26.469
1170,25.888,25.846
1171,26.408,26.382
1172,26.201,26.169
1173,26.241,26.224
1174,26.557,26.555
1175,26.828,26.823
1176,26.807,26.820
1177,26.278,26.257
1178,26.442,26.440
1179,26.379,26.369
1180,26.397,26.399
1181,26.350,26.351
1182,26.363,26.360
1183,26.344,26.335
1184,26.327,26.311
1185,26.308,26.314
1186,26.324,26.328
1187,26.448,26.465
1188,26.343,26.346
1189,26.394,26.414
1190,26.444,26.467
1191,26.479,26.489
1192,26.501,26.519
1193,26.312,26.330
1194,26.192,26.203
1195,26.190,26.210
1196,26.192,26.218
1197,26.221,26.244
1198,26.249,26.276
1199,26.395,26.439
1200,26.203,26.239
1201,26.289,26.316
1202,25.994,26.015
1203,26.093,26.127
1204,26.163,26.203
1205,26.219,26.263
1206,26.420,26.453
1207,26.244,26.291
1208,26.038,26.096
1209,25.901,25.940
1210,25.918,25.965
1211,25.876,25.913
1212,25.958,25.999
1213,26.256,26.301
1214,25.867,25.903
1215,25.870,25.913
1216,25.754,25.784
1217,26.086,26.112
1218,26.125,26.164
1219,26.207,26.248
1220,26.083,26.131
1221,26.016,26.062
1222,26.016,26.076
1223,26.009,26.059
1224,26.072,26.135
1225,26.045,26.090
1226,26.042,26.101
1227,26.087,26.137
1228,26.068,26.111
1229,26.158,26.209
1230,26.362,26.406
1231,26.212,26.267
1232,26.225,26.285
1233,26.205,26.263
1234,26.152,26.203
1235,26.316,26.371
1236,26.087,26.128
1237,26.186,26.240
1238,26.114,26.163
1239,26.087,26.137
1240,26.204,26.271
1241,26.187,26.258
1242,26.188,26.239
1243,26.034,26.097
1244,26.138,26.228
1245,26.150,26.231
1246,26.003,26.076
1247,26.013,26.083
1248,26.032,26.119
1249,26.097,26.185
1250,25.935,26.015
1251,25.993,26.094
1252,25.971,26.051
1253,25.861,25.944
1254,25.923,26.007
1255,25.786,25.871
1256,25.795,25.883
1257,25.766,25.852
1258,25.730,25.808
1259,25.872,25.951
1260,25.725,25.806
1261,25.752,25.820
1262,25.628,25.702
1263,26.105,26.188
1264,25.673,25.741
1265,26.300,26.376
1266,25.589,25.644
1267,25.825,25.899
1268,25.733,25.799
1269,25.908,25.980
1270,25.886,25.946
1271,25.930,25.979
1272,25.995,26.052
1273,26.578,26.630
1274,26.557,26.606
1275,26.732,26.804
1276,26.469,26.526
1277,26.368,26.407
1278,26.519,26.566
1279,26.791,26.859
1280,26.831,26.890
1281,26.911,26.977
1282,26.881,26.936
1283,26.861,26.937
1284,26.821,26.890
1285,26.855,26.903
1286,26.846,26.880
1287,26.919,26.967
1288,26.986,27.033
1289,27.321,27.362
1290,27.215,27.242
1291,27.331,27.374
1292,26.999,27.012
1293,26.740,26.758
1294,26.658,26.674
1295,26.687,26.713
1296,26.522,26.527
1297,26.460,26.445
1298,26.475,26.453
1299,26.405,26.364
1300,26.414,26.379
1301,26.449,26.431
1302,26.372,26.341
1303,26.387,26.358
1304,26.379,26.363
1305,26.392,26.352
1306,26.445,26.423
1307,26.445,26.408
1308,26.356,26.312
1309,26.382,26.351
1310,26.292,26.243
1311,26.280,26.238
1312,26.303,26.262
1313,26.333,26.297
1314,26.299,26.259
1315,26.253,26.204
1316,26.249,26.189
1317,26.280,26.236
1318,26.400,26.374
1319,26.559,26.526
1320,26.538,26.488
1321,26.479,26.430
1322,26.410,26.332
1323,26.356,26.265
1324,26.428,26.356
1325,26.259,26.177
1326,26.635,26.573
1327,26.600,26.525
1328,26.568,26.485
1329,26.479,26.403
1330,26.553,26.473
1331,26.399,26.306
1332,26.499,26.408
1333,26.356,26.267
1334,26.388,26.296
1335,26.444,26.340
1336,26.472,26.378
1337,26.445,26.341
1338,26.395,26.306
1339,26.339,26.245
1340,26.449,26.379
1341,26.324,26.234
1342,26.313,26.238
1343,26.430,26.363
1344,26.354,26.293
1345,26.460,26.412
1346,26.466,26.387
1347,26.443,26.377
1348,26.386,26.313
1349,26.413,26.349
1350,26.469,26.413
1351,26.382,26.322
1352,26.364,26.297
1353,26.330,26.259
1354,26.387,26.324
1355,26.303,26.241
1356,26.345,26.288
1357,26.318,26.249
1358,26.388,26.343
1359,26.485,26.454
1360,26.267,26.217
1361,26.324,26.273
1362,26.417,26.374
1363,26.521,26.466
1364,26.468,26.409
1365,26.475,26.433
1366,26.350,26.302
1367,26.298,26.252
1368,26.400,26.364
1369,26.381,26.326
1370,26.530,26.476
1371,26.647,26.603
1372,26.580,26.525
1373,26.536,26.472
1374,26.554,26.493
1375,26.625,26.576
1376,26.613,26.553
1377,26.634,26.566
1378,26.639,26.575
1379,26.700,26.639
1380,26.793,26.725
1381,26.863,26.778
1382,26.831,26.760
1383,26.865,26.789
1384,26.910,26.840
1385,26.907,26.836
1386,26.936,26.861
1387,26.913,26.828
1388,27.010,26.922
1389,27.031,26.965
1390,26.921,26.854
1391,26.913,26.853
1392,26.934,26.869
1393,26.956,26.902
1394,26.993,26.953
1395,27.079,27.029
1396,27.077,27.037
1397,27.040,26.988
1398,27.234,27.201
1399,27.309,27.279
1400,27.271,27.241
1401,27.253,27.222
1402,27.210,27.187
1403,27.315,27.311
1404,27.251,27.235
1405,27.214,27.197
1406,27.206,27.180
1407,27.189,27.175
1408,27.179,27.139
1409,27.140,27.097
1410,27.151,27.122
1411,27.163,27.111
1412,27.188,27.157
1413,27.243,27.197
1414,27.259,27.214
1415,27.377,27.324
1416,27.440,27.395
1417,27.503,27.454
1418,27.378,27.332
1419,27.346,27.284
1420,27.418,27.356
1421,27.359,27.321
1422,27.415,27.379
1423,27.358,27.314
1424,27.365,27.332
1425,27.424,27.406
1426,27.407,27.371
1427,27.404,27.389
1428,27.352,27.341
1429,27.338,27.332
1430,27.333,27.318
1431,27.513,27.504
1432,27.549,27.522
1433,27.464,27.452
1434,27.550,27.537
1435,27.568,27.557
1436,27.513,27.515
1437,27.656,27.657
1438,27.901,27.924
1439,28.078,28.102
1440,27.876,27.879
1441,27.722,27.751
1442,27.321,27.310
1443,27.466,27.486
1444,27.501,27.536
1445,27.466,27.494
1446,27.467,27.508
1447,27.420,27.462
1448,27.515,27.552
1449,27.602,27.661
1450,27.532,27.568
1451,27.613,27.659
1452,27.514,27.542
1453,27.532,27.560
1454,27.560,27.582
1455,27.584,27.602
1456,27.663,27.692
1457,27.597,27.604
1458,27.737,27.745
1459,27.657,27.681
1460,27.728,27.736
1461,27.482,27.460
1462,27.524,27.495
1463,27.543,27.514
1464,27.518,27.486
1465,27.597,27.575
1466,27.453,27.400
1467,27.515,27.488
1468,27.533,27.500
1469,27.488,27.433
1470,27.590,27.561
1471,27.568,27.529
1472,27.529,27.478
1473,27.604,27.552
1474,27.652,27.614
1475,27.695,27.659
1476,27.638,27.602
1477,27.663,27.634
1478,27.564,27.515
1479,27.554,27.521
1480,27.537,27.492
1481,27.497,27.456
1482,27.526,27.487
1483,27.412,27.378
1484,27.366,27.331
1485,27.363,27.322
1486,27.398,27.356
1487,27.392,27.356
1488,27.456,27.435
1489,27.343,27.303
1490,27.344,27.306
1491,27.395,27.359
1492,27.419,27.380
1493,27.286,27.254
1494,27.281,27.245
1495,27.271,27.238
1496,27.261,27.210
1497,27.297,27.263
1498,27.259,27.227
1499,27.221,27.161
1500,27.225,27.176
1501,27.093,27.031
1502,27.045,26.968
1503,26.929,26.868
1504,26.923,26.864
1505,26.931,26.876
1506,26.832,26.762
1507,26.758,26.676
1508,26.773,26.687
1509,26.732,26.637
1510,26.752,26.673
1511,26.665,26.582
1512,26.566,26.485
1513,26.547,26.463
1514,26.481,26.395
1515,26.445,26.345
1516,26.449,26.354
1517,26.448,26.338
1518,26.475,26.379
1519,26.414,26.318
1520,26.424,26.327
1521,26.402,26.296
1522,26.448,26.348
1523,26.541,26.466
1524,26.384,26.307
1525,26.449,26.377
1526,26.401,26.321
1527,26.379,26.291
1528,26.441,26.363
1529,26.315,26.230
1530,26.315,26.241
1531,26.194,26.116
1532,26.213,26.148
1533,26.182,26.095
1534,26.245,26.163
1535,26.308,26.224
1536,26.394,26.332
1537,26.183,26.106
1538,26.212,26.124
1539,26.273,26.186
1540,26.170,26.078
1541,26.201,26.097
1542,26.228,26.123
1543,26.218,26.109
1544,26.226,26.113
1545,26.278,26.161
1546,26.236,26.128
1547,26.191,26.087
1548,26.225,26.131
1549,26.211,26.103
1550,26.276,26.178
1551,26.232,26.140
1552,26.204,26.124
1553,26.188,26.101
1554,26.174,26.075
1555,26.311,26.231
1556,26.263,26.181
1557,26.245,26.159
1558,26.170,26.101
1559,26.087,26.014
1560,26.163,26.089
1561,26.286,26.210
1562,26.374,26.320
1563,26.267,26.221
1564,26.216,26.154
1565,26.055,25.995
1566,26.142,26.090
1567,26.133,26.064
1568,26.305,26.259
1569,26.260,26.194
1570,26.081,26.011
1571,26.148,26.086
1572,26.031,25.957
1573,25.971,25.914
1574,26.035,25.984
1575,26.006,25.968
1576,26.094,26.053
1577,26.006,25.955
1578,26.079,26.033
1579,26.062,26.031
1580,26.043,25.998
1581,26.091,26.049
1582,26.006,25.969
1583,26.073,26.041
1584,25.974,25.926
1585,26.037,26.017
1586,25.937,25.904
1587,25.852,25.816
1588,25.819,25.789
1589,25.805,25.777
1590,25.747,25.712
1591,25.745,25.703
1592,25.809,25.786
1593,25.721,25.683
1594,25.681,25.645
1595,25.689,25.646
1596,25.787,25.751
1597,25.664,25.624
1598,25.628,25.585
1599,25.570,25.519
1600,25.505,25.443
1601,25.613,25.552
1602,25.550,25.491
1603,25.536,25.491
1604,25.636,25.588
1605,25.627,25.577
1606,25.394,25.331
1607,25.481,25.417
1608,25.407,25.334
1609,25.477,25.419
1610,25.272,25.209
1611,25.424,25.366
1612,25.474,25.414
1613,25.649,25.604
1614,25.449,25.390
1615,25.514,25.454
1616,25.467,25.404
1617,25.430,25.358
1618,25.539,25.463
1619,25.521,25.437
1620,25.713,25.638
1621,25.811,25.738
1622,25.828,25.754
1623,25.685,25.620
1624,25.713,25.652
1625,25.611,25.538
1626,25.577,25.506
1627,25.615,25.535
1628,25.604,25.525
1629,25.660,25.592
1630,25.698,25.644
1631,25.687,25.616
1632,25.794,25.735
1633,25.884,25.818
1634,25.948,25.890
1635,26.148,26.119
1636,25.928,25.874
1637,25.824,25.768
1638,25.816,25.761
1639,25.808,25.754
1640,25.766,25.715
1641,25.768,25.718
1642,25.739,25.698
1643,25.729,25.679
1644,25.731,25.671
1645,25.724,25.682
1646,25.775,25.732
1647,25.735,25.697
1648,25.715,25.670
1649,25.795,25.750
1650,25.773,25.722
1651,25.803,25.757
1652,25.764,25.712
1653,25.741,25.686
1654,25.744,25.700
1655,25.728,25.673
1656,25.795,25.735
1657,25.813,25.763
1658,25.746,25.698
1659,25.685,25.629
1660,25.809,25.754
1661,26.019,25.972
1662,25.807,25.771
1663,25.698,25.662
1664,25.702,25.657
1665,25.772,25.734
1666,25.800,25.753
1667,25.841,25.790
1668,25.827,25.767
1669,25.858,25.792
1670,25.877,25.833
1671,25.884,25.839
1672,25.843,25.791
1673,25.861,25.806
1674,25.903,25.842
1675,26.000,25.960
1676,25.878,25.831
1677,25.981,25.943
1678,25.979,25.946
1679,26.055,26.011
1680,25.970,25.919
1681,26.120,26.074
1682,25.839,25.786
1683,25.997,25.963
1684,25.971,25.926
1685,25.993,25.964
1686,26.020,25.991
1687,26.050,26.019
1688,26.068,26.040
1689,26.066,26.035
1690,26.116,26.086
1691,26.149,26.114
1692,26.154,26.118
1693,26.194,26.165
1694,26.196,26.169
1695,26.223,26.198
1696,26.277,26.249
1697,26.198,26.174
1698,26.227,26.181
1699,26.138,26.095
1700,26.138,26.102
1701,26.221,26.180
1702,26.234,26.173
1703,26.331,26.276
1704,26.403,26.350
1705,26.412,26.366
1706,26.466,26.422
1707,26.499,26.458
1708,26.376,26.334
1709,26.316,26.268
1710,26.299,26.261
1711,26.248,26.228
1712,26.189,26.164
1713,26.184,26.141
1714,26.138,26.093
1715,26.130,26.081
1716,26.046,26.004
1717,26.004,25.956
1718,25.926,25.877
1719,25.947,25.888
1720,25.965,25.902
1721,25.896,25.845
1722,25.798,25.742
1723,25.713,25.657
1724,25.671,25.596
1725,25.604,25.523
1726,25.616,25.545
1727,25.592,25.529
1728,25.573,25.505
1729,25.581,25.514
1730,25.536,25.457
1731,25.522,25.451
1732,25.590,25.528
1733,25.644,25.573
1734,25.720,25.648
1735,25.667,25.593
1736,25.705,25.636
1737,25.691,25.636
1738,25.714,25.649
1739,25.782,25.724
1740,25.802,25.749
1741,25.819,25.763
1742,25.884,25.831
1743,25.921,25.871
1744,25.937,25.884
1745,25.888,25.843
1746,25.790,25.746
1747,25.840,25.804
1748,25.828,25.780
1749,25.821,25.777
1750,25.849,25.812
1751,25.876,25.823
1752,25.827,25.779
1753,25.992,25.963
1754,26.006,25.963
1755,26.012,25.974
1756,26.007,25.970
1757,26.073,26.027
1758,26.086,26.032
1759,26.102,26.045
1760,26.072,26.026
1761,26.100,26.056
1762,26.192,26.142
1763,26.177,26.127
1764,26.149,26.088
1765,26.200,26.138
1766,26.312,26.257
1767,26.302,26.244
1768,26.262,26.209
1769,26.334,26.266
1770,25.854,25.787
1771,26.279,26.212
1772,26.220,26.134
1773,26.220,26.138
1774,26.278,26.205
1775,26.104,26.008
1776,26.200,26.124
1777,26.126,26.057
1778,26.221,26.141
1779,26.121,26.051
1780,25.988,25.914
1781,25.879,25.801
1782,25.883,25.815
1783,25.892,25.834
1784,25.887,25.824
1785,25.836,25.769
1786,25.855,25.778
1787,25.858,25.781
1788,25.865,25.778
1789,25.917,25.842
1790,25.910,25.837
1791,25.886,25.798
1792,25.899,25.806
1793,25.889,25.798
1794,25.970,25.887
1795,25.938,25.837
1796,25.983,25.903
1797,25.943,25.847
1798,26.007,25.921
1799,26.038,25.951
1800,25.917,25.849
1801,25.851,25.764
1802,25.838,25.763
1803,25.900,25.820
1804,25.852,25.774
1805,25.789,25.701
1806,25.893,25.812
1807,25.840,25.757
1808,25.831,25.744
1809,25.857,25.774
1810,25.858,25.782
1811,25.880,25.808
1812,25.836,25.757
1813,25.943,25.857
1814,25.989,25.913
1815,25.920,25.841
1816,25.928,25.859
1817,25.884,25.792
1818,25.898,25.810
1819,25.946,25.857
1820,26.122,26.028
1821,26.402,26.332
1822,26.033,25.964
1823,26.030,25.958
1824,26.117,26.050
1825,25.672,25.610
1826,26.113,26.043
1827,25.780,25.704
1828,26.114,26.014
1829,26.255,26.173
1830,26.162,26.089
1831,26.025,25.940
1832,26.052,25.977
1833,26.160,26.081
1834,26.155,26.087
1835,26.153,26.087
1836,26.269,26.188
1837,26.222,26.157
1838,26.168,26.096
1839,26.093,26.002
1840,26.197,26.111
1841,26.189,26.121
