0 552 200 21 42 0.67
0 508 176 11 46 0.46
0 325 128 37 63 0.43
0 448 182 12 40 0.37
0 512 166 12 59 0.36
0 359 183 12 27 0.33
1 511 179 12 44 0.79
1 451 182 12 40 0.61
1 552 191 21 50 0.54
1 455 182 11 40 0.47
1 508 175 13 49 0.36
1 427 181 16 38 0.35
2 511 165 14 60 0.73
2 553 197 20 45 0.71
2 450 182 13 41 0.50
2 325 128 38 54 0.40
2 508 174 13 50 0.36
2 448 182 11 40 0.35
3 555 196 19 45 0.57
3 325 129 37 64 0.50
3 508 177 11 46 0.36
3 38 186 12 42 0.34
3 512 168 13 56 0.34
4 556 175 22 69 0.64
4 512 169 14 56 0.48
4 508 177 13 46 0.36
4 557 203 19 41 0.35
5 560 201 20 42 0.69
5 514 175 11 49 0.65
5 325 129 34 49 0.49
6 562 210 19 33 0.76
6 514 171 12 54 0.74
6 324 128 37 63 0.64
6 511 174 11 49 0.31
7 515 177 13 46 0.72
7 326 128 39 66 0.59
7 458 184 10 39 0.35
7 468 190 10 32 0.31
8 520 158 15 68 0.70
8 565 202 18 42 0.52
8 325 127 36 52 0.38
8 516 161 15 65 0.36
9 567 201 18 42 0.75
9 325 129 37 60 0.64
9 522 160 13 66 0.55
9 451 182 13 40 0.45
9 455 182 13 40 0.45
9 516 164 14 61 0.44
9 427 182 15 37 0.33
10 569 200 21 44 0.69
10 522 167 13 59 0.58
10 325 128 48 67 0.52
10 324 127 37 50 0.42
11 522 180 12 44 0.74
11 572 193 22 51 0.49
11 327 128 42 62 0.33
12 523 155 18 71 0.79
12 573 190 20 55 0.70
12 459 183 13 40 0.54
12 327 127 35 51 0.40
13 574 198 20 48 0.61
13 525 184 11 42 0.58
13 476 193 10 30 0.37
13 467 188 10 37 0.30
14 524 178 14 47 0.54
14 329 127 39 53 0.50
14 578 170 23 75 0.48
14 523 160 18 66 0.43
15 526 184 16 42 0.84
15 461 180 13 43 0.38
15 328 127 36 49 0.36
15 4 144 21 74 0.36
15 580 199 19 48 0.35
15 466 180 11 44 0.32
16 460 181 13 43 0.53
16 458 180 11 44 0.41
17 462 182 11 42 0.48
17 476 184 11 40 0.45
17 532 173 13 53 0.41
17 528 181 13 44 0.38
17 467 181 11 44 0.36
17 470 182 14 43 0.33
18 531 183 13 42 0.75
18 588 178 19 69 0.74
18 462 182 12 42 0.65
18 466 183 12 42 0.63
18 475 185 11 40 0.55
18 469 184 14 42 0.50
18 330 127 41 54 0.40
18 459 182 12 41 0.34
19 533 181 12 44 0.51
19 330 128 46 67 0.41
19 479 191 12 33 0.32
19 459 185 14 39 0.31
20 463 185 11 38 0.65
20 143 127 15 71 0.63
20 468 184 10 40 0.57
20 477 185 10 40 0.55
20 473 184 11 41 0.42
20 330 127 42 56 0.42
20 460 185 10 38 0.31
20 533 160 17 65 0.30
21 467 184 11 40 0.49
21 593 175 18 71 0.48
21 536 183 12 41 0.42
21 469 183 14 42 0.41
21 475 184 12 41 0.39
21 535 163 16 63 0.32
21 462 184 13 39 0.31
22 471 181 12 44 0.76
22 475 182 11 43 0.62
22 468 182 12 43 0.60
22 538 183 12 43 0.49
22 477 183 14 43 0.48
22 483 187 11 38 0.43
22 463 185 12 39 0.41
23 471 180 13 45 0.71
23 330 127 47 67 0.63
23 474 182 13 43 0.50
23 483 187 12 36 0.43
23 478 184 14 41 0.40
24 471 180 13 44 0.75
24 485 183 12 41 0.61
24 475 180 13 45 0.55
24 329 127 48 68 0.55
24 480 182 13 43 0.44
24 435 182 17 38 0.43
24 1 135 22 73 0.31
24 430 182 15 38 0.30
25 468 180 11 44 0.52
25 329 128 49 67 0.43
25 476 180 11 45 0.37
26 330 127 47 67 0.65
26 469 180 10 42 0.62
26 472 180 11 43 0.61
26 476 178 11 46 0.49
26 485 180 12 44 0.38
27 486 185 12 39 0.69
27 472 181 12 42 0.63
27 468 181 11 41 0.56
27 477 181 11 43 0.54
27 482 183 12 42 0.52
28 331 128 41 60 0.63
28 472 179 12 44 0.53
28 485 182 13 44 0.51
28 469 179 10 44 0.48
28 477 180 12 45 0.46
28 480 180 15 45 0.42
28 613 172 17 76 0.30
29 477 179 11 45 0.68
29 479 179 14 46 0.63
29 484 179 11 46 0.60
29 472 179 13 45 0.54
30 479 180 16 45 0.69
30 484 181 13 45 0.67
30 476 180 14 44 0.54
30 472 181 14 42 0.31
31 479 179 14 46 0.79
31 483 179 13 46 0.66
31 474 182 12 40 0.38
31 330 127 45 55 0.37
32 479 180 14 47 0.83
32 484 181 12 46 0.60
32 438 182 16 36 0.55
32 442 182 17 37 0.52
32 331 126 41 54 0.44
32 474 182 14 43 0.35
32 489 183 13 45 0.33
33 481 178 13 46 0.80
33 485 179 12 47 0.67
33 331 126 41 60 0.48
33 478 178 13 44 0.47
34 480 180 13 45 0.72
34 484 180 12 45 0.55
35 446 182 13 35 0.48
36 494 178 12 49 0.73
36 482 180 12 43 0.61
36 478 182 12 40 0.53
36 487 178 12 49 0.52
36 447 184 13 33 0.49
37 331 125 41 61 0.53
37 478 181 11 39 0.34
37 486 179 12 46 0.34
38 493 181 12 46 0.78
38 487 179 12 47 0.68
38 483 180 12 43 0.61
38 331 125 47 66 0.53
38 478 182 11 37 0.51
39 492 177 12 49 0.70
39 488 177 12 48 0.67
39 330 125 43 65 0.66
39 567 176 13 52 0.55
39 484 179 12 44 0.44
40 492 178 13 49 0.84
40 488 178 13 48 0.59
40 477 185 12 39 0.41
40 447 179 14 40 0.32
41 493 180 13 47 0.82
41 489 179 12 46 0.56
41 4 193 14 62 0.56
41 0 194 15 64 0.54
41 484 181 11 41 0.34
41 8 191 7 66 0.33
42 493 179 12 49 0.83
42 331 125 43 59 0.56
42 489 180 11 47 0.56
42 478 187 11 37 0.36
42 483 185 12 40 0.36
42 10 188 9 39 0.35
43 493 178 13 51 0.88
43 489 178 12 49 0.59
43 330 125 45 60 0.49
43 483 185 11 40 0.36
43 479 187 10 38 0.32
43 446 182 12 37 0.31
44 492 177 12 50 0.83
44 575 178 15 53 0.43
44 486 181 10 43 0.32
45 493 178 16 51 0.83
45 489 179 12 48 0.44
45 576 174 14 57 0.42
45 331 126 42 63 0.31
46 495 179 18 51 0.84
46 501 180 13 49 0.78
46 492 179 14 49 0.66
46 506 181 10 48 0.54
46 489 180 11 47 0.43
47 494 178 19 50 0.92
47 492 179 15 48 0.58
48 496 178 18 51 0.86
48 493 178 13 49 0.64
48 490 180 11 46 0.41
49 496 177 18 52 0.91
49 584 171 15 61 0.63
49 331 124 41 58 0.55
49 491 178 15 50 0.43
49 488 181 12 45 0.36
50 500 177 13 51 0.88
50 587 180 13 51 0.54
50 496 180 10 47 0.53
50 489 185 10 40 0.37
51 501 179 13 51 0.91
51 487 190 11 32 0.41
51 494 185 11 42 0.37
52 503 180 14 49 0.84
52 499 181 12 47 0.53
52 488 190 10 32 0.39
52 495 186 10 40 0.38
53 503 178 18 52 0.91
53 510 181 13 48 0.70
53 595 181 14 52 0.45
53 499 177 13 52 0.36
53 331 125 42 65 0.33
54 596 183 16 50 0.96
54 502 178 16 52 0.86
54 510 181 14 49 0.79
54 492 187 12 36 0.45
54 497 179 14 50 0.41
54 490 189 10 29 0.35
55 504 177 14 52 0.85
55 510 180 13 49 0.81
55 599 177 16 57 0.70
55 499 178 12 50 0.45
55 493 187 11 36 0.35
56 505 174 17 55 0.85
56 510 177 14 52 0.80
56 601 179 17 53 0.77
56 502 175 14 51 0.56
57 506 178 17 52 0.90
57 502 178 14 50 0.53
58 511 176 14 53 0.87
58 603 173 19 61 0.68
58 508 175 14 53 0.65
58 504 179 12 46 0.32
59 512 179 20 52 0.91
59 510 179 15 50 0.75
59 508 180 11 49 0.51
59 498 190 11 35 0.38
59 456 180 11 38 0.31
60 609 173 18 62 0.94
60 513 175 18 57 0.92
60 509 174 15 55 0.70
60 460 179 14 38 0.51
60 458 179 11 38 0.39
60 496 189 12 29 0.36
61 609 173 19 61 0.94
61 511 174 18 56 0.91
61 520 177 14 54 0.69
61 508 174 15 55 0.34
62 610 173 20 61 0.93
62 513 172 19 60 0.91
62 509 172 14 57 0.32
62 459 180 9 38 0.31
63 512 174 22 58 0.94
63 612 178 19 57 0.76
63 500 191 13 34 0.42
63 329 123 46 70 0.41
64 515 174 19 58 0.89
64 612 170 19 65 0.80
64 621 173 15 60 0.41
64 512 174 15 56 0.35
65 517 174 22 58 0.87
65 620 171 17 62 0.79
65 501 189 13 33 0.35
66 518 175 24 57 0.89
66 621 167 17 68 0.70
66 330 121 43 74 0.54
67 521 176 19 56 0.85
67 517 178 14 53 0.34
68 522 176 21 57 0.91
68 520 175 16 56 0.55
68 517 175 13 55 0.36
69 522 174 16 58 0.91
69 518 177 13 54 0.40
70 524 178 19 54 0.81
70 521 178 15 53 0.57
70 519 180 12 49 0.43
70 330 119 44 72 0.35
71 525 178 20 54 0.85
71 508 188 15 37 0.54
71 519 183 11 46 0.40
71 521 180 15 50 0.38
71 468 178 16 42 0.37
71 473 178 13 42 0.34
72 526 172 22 60 0.90
72 510 188 12 35 0.47
72 468 181 10 35 0.40
73 529 175 17 56 0.88
73 511 187 13 34 0.60
73 521 181 13 45 0.36
73 517 185 11 38 0.32
73 451 173 9 45 0.31
74 530 171 19 61 0.87
74 513 187 15 32 0.32
75 531 171 20 60 0.82
76 533 169 21 64 0.86
76 471 180 13 37 0.39
76 475 181 12 36 0.33
76 467 180 11 35 0.31
77 533 170 17 61 0.84
78 537 168 18 63 0.76
79 538 168 18 64 0.88
79 519 186 15 37 0.36
79 534 168 17 58 0.31
80 539 169 20 63 0.91
80 519 187 16 36 0.45
80 487 183 9 36 0.31
81 541 166 18 67 0.87
81 523 187 16 34 0.33
82 541 171 18 64 0.86
82 524 189 15 30 0.42
82 465 177 10 39 0.35
82 469 179 9 36 0.31
83 541 170 25 66 0.89
83 526 188 14 28 0.31
84 542 174 24 60 0.76
84 527 186 16 39 0.49
84 483 182 11 35 0.42
84 487 182 10 36 0.41
84 478 180 10 36 0.35
84 474 179 11 36 0.31
85 547 171 20 65 0.89
85 528 186 16 37 0.55
85 489 186 8 33 0.42
86 549 171 18 68 0.90
86 529 188 15 32 0.59
86 488 188 10 34 0.52
86 485 187 9 34 0.42
87 552 174 15 64 0.74
87 533 187 14 37 0.50
87 488 185 9 35 0.47
87 485 184 10 36 0.38
87 464 180 11 41 0.38
87 468 180 10 39 0.33
88 552 176 17 62 0.57
89 554 174 17 63 0.60
89 488 183 10 35 0.31
90 557 173 18 67 0.72
90 492 182 11 40 0.68
90 496 183 10 40 0.59
90 330 117 42 66 0.48
90 489 183 9 37 0.44
90 473 179 11 37 0.32
91 559 172 18 68 0.91
91 491 182 13 38 0.66
91 496 183 10 36 0.62
91 538 185 16 42 0.54
91 488 183 11 35 0.41
91 475 179 9 37 0.33
91 469 177 10 40 0.31
92 560 168 19 72 0.89
92 493 183 11 38 0.69
92 489 183 10 37 0.48
92 540 185 14 42 0.43
92 473 180 12 38 0.38
92 477 181 11 37 0.32
93 559 168 28 71 0.86
93 474 181 10 39 0.43
93 543 183 15 47 0.42
93 490 182 8 38 0.33
93 477 182 11 37 0.33
93 557 170 20 68 0.32
93 360 180 8 22 0.32
94 566 164 28 77 0.69
95 567 165 22 76 0.91
95 499 187 8 35 0.43
95 494 186 10 35 0.35
95 331 115 40 64 0.34
96 570 171 18 71 0.86
96 477 181 10 36 0.41
96 500 184 8 38 0.39
97 571 160 22 80 0.83
97 500 186 8 34 0.40
97 478 179 9 37 0.37
98 574 163 20 79 0.85
98 474 178 12 41 0.56
98 481 179 12 39 0.33
99 577 164 22 79 0.93
99 502 175 13 49 0.72
99 477 179 11 38 0.57
99 483 179 11 38 0.46
99 497 176 12 46 0.43
99 473 180 11 37 0.34
99 488 178 10 40 0.34
100 579 166 21 78 0.92
100 476 179 12 40 0.56
100 500 176 14 47 0.53
100 330 117 42 62 0.48
100 480 179 13 39 0.43
100 498 177 11 47 0.35
101 581 162 21 82 0.82
101 476 176 12 42 0.45
101 361 179 9 22 0.40
101 500 175 14 47 0.37
101 359 180 9 21 0.35
101 480 176 13 42 0.34
101 558 186 18 38 0.33
102 585 169 20 77 0.95
102 504 183 10 40 0.47
102 562 185 17 45 0.39
103 588 166 21 79 0.92
103 506 178 12 45 0.42
103 503 178 12 43 0.39
103 499 178 9 42 0.33
103 492 179 12 40 0.31
104 590 164 24 83 0.83
104 478 181 10 38 0.45
104 483 181 11 38 0.43
104 488 181 9 37 0.37
104 507 185 11 37 0.36
104 587 163 20 81 0.34
105 595 162 22 87 0.92
105 508 186 11 40 0.43
106 598 165 22 84 0.92
106 572 183 16 44 0.59
106 593 166 21 79 0.45
106 508 186 11 40 0.38
106 478 181 9 39 0.33
106 587 167 14 66 0.30
107 600 166 22 83 0.87
107 574 186 15 34 0.55
107 482 181 12 37 0.34
108 603 161 24 89 0.90
108 578 184 19 53 0.42
108 510 194 9 31 0.37
109 607 165 22 87 0.92
109 514 186 12 41 0.64
109 510 185 10 41 0.43
110 608 160 23 93 0.89
110 516 183 12 43 0.60
110 581 184 18 41 0.47
110 512 183 9 41 0.33
111 612 161 22 91 0.86
111 584 181 21 42 0.58
111 516 181 12 45 0.47
111 508 175 12 48 0.40
111 510 177 14 46 0.38
112 615 162 20 88 0.91
112 584 182 20 44 0.75
112 519 187 14 42 0.69
112 329 116 42 62 0.60
113 618 164 18 87 0.51
113 587 187 22 51 0.51
113 330 117 40 61 0.50
114 488 180 10 42 0.38
114 492 179 11 42 0.34
114 503 183 10 40 0.31
115 525 193 11 37 0.73
116 526 191 11 39 0.62
116 330 117 39 57 0.48
116 491 180 12 43 0.33
116 501 185 11 39 0.33
116 489 179 9 43 0.31
117 527 187 11 41 0.64
117 525 186 10 41 0.49
117 330 115 40 53 0.47
118 528 184 10 44 0.65
119 605 190 18 31 0.75
119 528 182 11 48 0.71
120 529 185 11 44 0.35
121 611 189 21 48 0.75
121 536 188 10 42 0.58
121 330 116 45 64 0.44
122 615 187 20 48 0.55
123 538 198 9 34 0.69
124 331 117 43 70 0.60
125 330 116 48 67 0.78
126 329 116 43 66 0.51
127 547 198 9 35 0.72
127 544 199 8 33 0.51
128 547 197 11 38 0.67
133 330 114 41 71 0.62
135 559 197 10 40 0.37
136 564 201 11 37 0.51
137 564 189 17 49 0.30
139 569 201 10 38 0.65
141 576 205 12 37 0.71
142 577 207 11 34 0.66
145 586 202 12 42 0.81
146 586 203 12 41 0.81
147 590 204 13 40 0.80
148 593 206 13 40 0.68
149 597 205 11 41 0.59
149 595 207 9 38 0.39
150 597 208 11 40 0.67
150 602 210 11 38 0.52
150 595 208 10 37 0.38
151 598 203 12 46 0.64
151 603 204 11 45 0.64
152 608 210 14 41 0.76
152 604 207 12 43 0.43
154 615 212 11 40 0.49
155 614 205 12 47 0.49
155 566 197 11 42 0.35
158 563 189 15 53 0.33
158 577 196 15 45 0.30
160 565 184 13 59 0.36
161 569 187 15 54 0.33
162 572 186 14 57 0.57
162 568 185 13 59 0.42
163 572 186 15 58 0.55
163 568 186 13 58 0.31
164 574 187 16 58 0.68
164 579 186 18 59 0.39
165 576 187 14 59 0.49
165 581 190 16 59 0.43
166 9 175 14 53 0.55
166 579 189 10 57 0.51
166 595 198 20 49 0.46
166 584 190 12 56 0.43
167 458 134 26 73 0.76
167 584 188 13 61 0.49
167 579 186 12 63 0.33
168 453 116 29 88 0.55
168 585 188 14 59 0.38
170 450 113 36 95 0.41
171 456 113 33 94 0.31
172 456 114 33 91 0.41
200 525 173 31 60 0.36
203 528 179 35 53 0.58
314 0 191 8 47 0.34
321 412 164 11 27 0.32
332 415 161 12 53 0.31
352 393 180 12 43 0.46
355 426 159 14 59 0.42
364 15 196 11 38 0.31
371 570 132 25 89 0.49
372 570 123 29 101 0.80
373 571 123 28 103 0.47
374 576 128 24 95 0.66
375 624 204 14 118 0.47
376 424 145 18 67 0.50
376 527 183 13 52 0.38
382 579 165 19 81 0.31
384 582 157 22 88 0.61
386 594 128 32 119 0.69
387 590 141 28 106 0.54
389 604 131 28 121 0.31
394 389 185 13 41 0.36
395 389 187 11 37 0.42
396 482 146 32 53 0.44
396 393 188 12 37 0.39
396 388 186 14 39 0.37
397 393 183 11 43 0.32
397 389 184 11 40 0.32
398 389 186 11 40 0.43
399 388 185 14 41 0.58
400 392 185 13 41 0.41
400 389 186 11 39 0.36
401 494 137 28 64 0.49
401 389 188 11 38 0.34
422 436 139 21 46 0.42
423 437 141 21 46 0.54
424 437 140 19 46 0.61
424 446 141 17 45 0.48
424 454 141 13 50 0.43
425 437 139 23 47 0.57
425 383 183 13 43 0.30
426 438 140 19 46 0.62
427 438 139 20 46 0.58
427 383 184 12 42 0.31
428 440 139 20 48 0.34
429 441 137 18 48 0.60
429 383 182 12 45 0.35
430 436 134 29 55 0.40
430 384 187 11 41 0.39
433 382 182 13 45 0.52
435 382 181 14 45 0.43
436 383 181 12 43 0.32
437 384 184 12 41 0.40
439 384 183 12 42 0.61
441 383 179 13 44 0.44
442 382 178 18 47 0.70
443 385 182 12 41 0.52
443 380 182 14 37 0.40
444 448 135 22 51 0.56
446 385 177 14 47 0.33
447 387 176 13 48 0.48
448 451 134 23 53 0.52
448 387 172 12 51 0.41
450 387 175 14 47 0.57
452 454 133 22 54 0.55
463 393 182 12 48 0.56
464 392 184 13 45 0.58
466 393 183 12 45 0.66
467 393 182 11 44 0.65
469 393 182 12 45 0.63
470 393 185 12 41 0.42
471 394 183 11 43 0.58
472 394 183 11 44 0.58
473 395 182 11 45 0.54
474 394 181 11 47 0.49
475 395 185 11 43 0.57
476 395 181 11 45 0.33
477 394 177 12 50 0.44
479 394 179 14 48 0.50
479 556 180 12 57 0.41
481 396 181 11 46 0.36
482 396 181 11 46 0.30
487 397 180 10 51 0.38
490 396 182 11 46 0.38
491 394 182 13 44 0.34
496 422 158 16 30 0.30
499 396 187 17 44 0.41
500 397 181 12 48 0.35
501 396 188 16 43 0.64
502 395 184 18 45 0.30
506 402 182 12 47 0.52
506 397 181 16 47 0.36
507 528 118 21 71 0.34
508 403 182 12 47 0.33
512 402 176 14 54 0.36
517 385 172 12 41 0.47
519 385 171 12 41 0.33
520 406 187 16 45 0.48
522 409 185 13 48 0.36
523 409 188 15 44 0.32
525 549 169 20 47 0.60
525 414 185 12 46 0.31
527 554 165 19 51 0.44
528 555 164 21 55 0.68
529 558 165 19 50 0.77
531 561 167 21 50 0.60
532 561 168 20 53 0.79
533 563 166 16 56 0.65
533 412 179 14 51 0.46
534 563 165 19 60 0.65
534 413 179 14 51 0.51
534 492 161 16 46 0.35
534 396 175 10 37 0.31
535 566 167 19 51 0.77
536 566 168 23 55 0.78
537 569 167 21 55 0.82
538 568 167 24 64 0.93
539 570 167 21 53 0.64
540 572 167 20 62 0.87
541 571 166 21 63 0.59
542 574 168 21 54 0.83
543 575 168 21 67 0.87
543 423 182 13 47 0.39
544 577 168 22 67 0.81
545 577 168 25 68 0.85
546 580 167 22 63 0.94
547 581 167 22 67 0.92
547 406 177 11 39 0.40
547 423 174 13 50 0.38
548 581 168 24 65 0.88
549 583 166 24 66 0.83
550 586 165 23 73 0.96
550 406 180 11 34 0.32
551 587 165 22 67 0.96
552 589 164 23 65 0.95
552 406 178 11 35 0.49
553 590 162 24 71 0.90
553 422 169 13 58 0.38
554 591 161 24 80 0.91
555 593 162 23 78 0.97
556 596 161 25 73 0.97
557 599 161 24 76 0.89
558 599 160 25 84 0.94
559 602 162 23 81 0.96
560 605 162 24 81 0.98
561 606 161 26 85 0.97
562 608 164 26 83 0.96
563 610 164 26 84 0.94
564 615 164 20 80 0.88
565 616 165 19 85 0.60
566 619 167 17 77 0.58
567 623 169 13 71 0.48
576 462 140 23 36 0.44
585 547 57 60 174 0.49
588 520 151 26 48 0.31
601 414 174 15 49 0.36
605 414 171 14 48 0.30
611 412 166 16 57 0.78
613 528 87 51 113 0.88
613 412 167 16 56 0.53
614 412 165 15 60 0.50
615 530 86 53 122 0.71
615 411 168 16 55 0.59
616 412 178 14 46 0.66
617 410 175 15 50 0.77
618 411 177 14 46 0.54
619 409 173 16 50 0.70
620 410 179 14 47 0.81
620 413 178 16 47 0.38
621 408 170 16 55 0.81
622 410 176 14 49 0.42
623 409 176 14 46 0.49
624 411 172 14 51 0.62
624 407 171 14 51 0.43
625 409 176 14 45 0.49
625 406 174 13 48 0.41
626 409 173 14 48 0.46
626 406 170 14 51 0.35
627 405 175 13 44 0.50
627 408 178 13 41 0.33
628 405 172 13 50 0.47
631 404 178 14 43 0.49
633 404 174 12 48 0.41
897 517 71 54 131 0.40
898 515 73 47 132 0.55
923 543 78 42 149 0.47
926 542 66 40 167 0.59
938 557 56 48 185 0.44
952 584 30 53 242 0.57
953 588 29 48 229 0.69
954 592 38 45 222 0.46
957 600 77 38 187 0.49
958 376 188 10 24 0.31
960 601 65 36 195 0.41
978 372 188 9 25 0.32
1001 183 164 17 55 0.48
1004 424 123 24 86 0.34
1013 427 120 22 94 0.58
1015 429 123 27 91 0.48
1017 430 116 25 97 0.59
1019 431 111 25 99 0.34
1020 432 114 28 100 0.76
1021 46 167 18 42 0.48
1021 430 116 26 89 0.37
1021 432 115 23 53 0.30
1022 432 114 25 95 0.51
1024 434 117 25 95 0.71
1026 434 118 31 93 0.42
1030 437 125 31 88 0.50
1031 400 138 18 70 0.35
1033 403 141 15 67 0.42
1038 404 139 19 70 0.33
1040 402 139 22 71 0.55
1042 402 140 20 67 0.35
1081 610 176 13 47 0.62
1081 69 145 13 51 0.52
1082 616 173 13 55 0.43
1082 67 144 13 52 0.43
1082 613 174 13 50 0.32
1085 496 181 11 34 0.31
1091 57 144 15 53 0.37
1092 58 145 12 52 0.64
1092 62 144 12 55 0.32
1094 56 145 15 53 0.69
1095 58 145 12 50 0.36
1097 55 144 14 53 0.39
1099 453 81 47 131 0.34
1100 49 140 16 60 0.56
1102 45 142 16 56 0.33
1104 45 142 14 59 0.39
1106 42 141 13 59 0.38
1109 511 183 10 30 0.35
1109 517 177 10 38 0.35
1110 525 174 11 41 0.63
1111 526 175 11 41 0.71
1112 525 175 11 41 0.49
1114 530 175 13 43 0.87
1114 527 176 13 40 0.55
1114 525 177 11 37 0.37
1114 512 185 10 26 0.32
1114 520 181 8 32 0.31
1115 525 180 14 34 0.37
1116 528 178 15 38 0.40
1116 526 177 11 39 0.36
1117 535 177 12 40 0.54
1117 529 179 9 38 0.34
1118 534 175 13 43 0.48
1119 536 175 11 42 0.48
1119 615 66 18 64 0.40
1119 528 178 10 38 0.32
1119 519 183 12 31 0.32
1120 522 183 10 30 0.44
1120 537 175 11 42 0.43
1120 511 184 10 28 0.38
1120 508 184 9 28 0.36
1122 522 183 11 31 0.46
1122 536 178 11 40 0.43
1122 530 181 10 34 0.41
1122 528 182 9 33 0.32
1123 531 182 9 33 0.55
1123 545 176 11 43 0.47
1123 522 184 10 31 0.44
1123 527 183 10 33 0.42
1123 540 178 13 40 0.37
1123 538 178 9 40 0.33
1123 510 186 10 28 0.33
1123 508 186 9 28 0.32
1124 544 174 12 45 0.65
1124 538 176 10 42 0.46
1124 525 183 14 31 0.33
1125 545 171 14 49 0.70
1125 533 183 9 31 0.41
1126 530 185 11 30 0.58
1126 546 174 14 47 0.54
1126 527 186 11 29 0.35
1127 531 183 10 33 0.44
1127 527 185 11 31 0.33
1127 546 175 15 47 0.33
1129 552 173 15 50 0.61
1130 553 176 14 48 0.64
1131 553 174 16 50 0.79
1132 555 174 16 49 0.88
1132 236 172 11 39 0.45
1133 555 175 18 49 0.83
1133 197 185 11 34 0.33
1134 559 169 18 56 0.73
1134 555 167 17 57 0.51
1135 562 171 15 53 0.68
1135 557 172 12 50 0.30
1136 564 172 16 53 0.70
1137 565 172 16 55 0.45
1138 567 172 13 54 0.49
1139 573 171 16 57 0.72
1139 566 171 13 54 0.33
1140 574 171 17 57 0.69
1140 545 185 12 34 0.52
1140 565 173 13 50 0.48
1140 563 173 12 47 0.45
1140 543 184 11 35 0.39
1141 576 173 16 55 0.85
1141 546 183 11 36 0.43
1141 548 182 13 37 0.32
1142 578 176 15 52 0.78
1143 578 177 17 52 0.68
1143 560 177 13 42 0.35
1144 585 174 13 57 0.84
1145 586 174 17 57 0.90
1145 547 187 13 31 0.30
1146 586 173 18 56 0.90
1146 549 184 15 34 0.58
1146 575 171 13 50 0.39
1148 555 183 11 37 0.55
1149 556 185 12 34 0.51
1149 560 185 12 34 0.38
1149 553 185 12 34 0.32
1153 560 181 14 36 0.45
1153 578 172 12 47 0.35
1153 566 180 11 38 0.32
1154 611 172 16 60 0.80
1154 565 181 12 38 0.47
1155 613 164 18 67 0.82
1155 565 181 12 38 0.46
1155 543 183 14 33 0.32
1155 569 181 12 37 0.32
1156 566 183 12 37 0.51
1156 570 184 12 36 0.44
1156 586 168 13 52 0.31
1157 586 169 14 51 0.53
1158 568 179 15 38 0.68
1158 587 171 15 48 0.40
1159 568 181 16 38 0.64
1159 588 172 14 48 0.36
1160 569 182 15 36 0.57
1161 595 169 13 50 0.56
1161 573 182 15 36 0.32
1162 575 181 12 40 0.45
1162 579 182 12 37 0.36
1162 596 169 13 51 0.34
1163 577 185 12 34 0.44
1163 597 170 14 49 0.34
1163 574 184 10 35 0.32
1164 577 184 12 34 0.65
1165 578 184 13 36 0.68
1165 575 185 12 35 0.40
1166 579 183 14 36 0.44
1167 579 182 15 36 0.43
1168 587 179 13 39 0.53
1168 581 181 15 38 0.31
1169 586 178 15 40 0.34
1170 588 179 16 39 0.77
1170 614 165 14 53 0.46
1170 593 177 13 41 0.41
1172 596 175 16 43 0.61
1174 622 163 15 49 0.42
1176 598 169 18 49 0.64
1176 627 166 11 54 0.46
1177 601 157 18 59 0.70
1179 605 176 19 41 0.43
1180 609 176 16 41 0.61
1181 611 181 14 36 0.52
1183 583 175 19 38 0.54
1183 579 176 17 37 0.32
1184 586 175 17 38 0.42
1191 599 173 17 41 0.32
1192 602 172 20 40 0.39
1193 607 172 16 40 0.35
1195 607 171 18 40 0.49
1196 609 170 17 40 0.33
1197 609 170 17 46 0.61
1201 622 170 14 44 0.53
1201 528 21 50 197 0.33
1202 531 18 49 199 0.40
1204 510 171 13 40 0.40
1208 541 16 49 206 0.40
1220 536 171 12 45 0.42
1221 196 170 12 35 0.39
1221 537 169 12 48 0.32
1222 544 162 17 55 0.45
1222 197 169 11 36 0.32
1226 0 179 14 56 0.39
1226 7 179 8 57 0.32
1227 187 168 13 38 0.54
1233 377 167 9 34 0.31
1239 373 168 13 35 0.47
1239 368 169 13 32 0.35
1240 373 166 12 37 0.54
1242 369 174 11 28 0.38
1242 374 173 11 30 0.35
1244 374 170 12 33 0.40
1251 378 171 12 32 0.38
1253 375 174 11 29 0.44
1253 472 57 74 159 0.40
1254 375 176 11 28 0.33
1256 375 174 12 31 0.45
1257 377 176 10 28 0.49
1257 373 177 9 24 0.33
1258 377 175 10 29 0.36
1259 379 175 11 28 0.32
1263 379 177 11 28 0.35
1264 179 174 10 39 0.32
1267 378 176 15 32 0.34
1273 379 173 15 35 0.38
1274 380 175 15 36 0.59
1275 379 175 15 35 0.63
1276 381 179 13 33 0.37
1276 384 178 12 36 0.30
1277 379 174 15 37 0.63
1279 384 178 13 37 0.44
1282 384 176 13 38 0.50
1282 379 176 12 36 0.38
1283 384 178 13 36 0.49
1284 385 178 13 39 0.58
1285 385 180 12 36 0.58
1285 380 181 11 33 0.36
1286 384 176 14 42 0.79
1287 387 180 14 37 0.67
1288 385 177 13 39 0.54
1289 385 180 13 36 0.46
1290 385 178 13 39 0.74
1291 385 179 14 37 0.72
1292 386 181 16 37 0.53
1293 385 179 14 37 0.44
1295 384 179 14 36 0.43
1298 385 181 14 35 0.51
1300 384 180 14 36 0.37
1301 385 179 13 38 0.49
1316 386 180 12 40 0.50
1320 386 181 13 36 0.35
1322 390 181 13 40 0.46
1326 392 179 14 40 0.65
1326 388 177 11 40 0.33
1327 393 175 14 44 0.60
1328 393 176 15 43 0.47
1329 393 178 15 40 0.33
1331 395 179 16 37 0.44
1334 397 182 16 38 0.40
1340 403 180 18 41 0.53
1340 475 100 27 70 0.42
1340 399 181 14 37 0.30
1343 403 180 16 44 0.46
1343 397 183 13 39 0.30
1344 405 184 14 41 0.44
1346 407 183 16 42 0.75
1347 410 181 15 47 0.66
1347 405 181 16 44 0.47
1349 412 181 13 46 0.78
1349 409 182 12 44 0.54
1350 412 182 13 44 0.63
1350 405 184 14 38 0.40
1351 405 185 13 38 0.38
1351 402 186 13 35 0.31
1351 414 184 12 42 0.31
1352 406 182 14 41 0.40
1352 411 181 13 44 0.38
1353 410 179 16 47 0.60
1353 405 180 16 42 0.40
1355 408 180 17 44 0.65
1355 406 180 15 42 0.49
1355 414 180 14 46 0.43
1356 407 179 16 44 0.43
1357 414 178 13 47 0.45
1357 408 179 17 44 0.36
1357 425 181 12 47 0.36
1358 424 183 12 47 0.38
1359 413 177 16 46 0.34
1360 413 181 15 44 0.36
1361 413 180 20 46 0.55
1361 409 181 18 42 0.37
1361 422 181 13 48 0.31
1364 414 181 18 43 0.38
1365 416 181 17 44 0.58
1365 412 184 14 41 0.41
1366 417 179 18 48 0.63
1366 412 182 15 43 0.33
1367 417 182 22 46 0.68
1368 420 180 16 52 0.42
1368 416 181 15 47 0.33
1369 418 179 17 51 0.63
1370 418 180 20 49 0.74
1371 417 176 20 54 0.81
1372 414 184 17 42 0.35
1373 418 187 17 45 0.32
1374 418 186 18 46 0.51
1375 420 183 18 49 0.44
1375 416 187 14 42 0.31
1376 417 187 18 45 0.37
1377 418 192 10 38 0.34
1378 420 191 14 41 0.39
1379 422 183 14 51 0.46
1381 418 187 16 45 0.54
1381 420 181 21 51 0.30
1382 421 183 15 50 0.47
1383 417 198 11 34 0.32
1387 417 185 12 45 0.41
1387 422 179 14 55 0.32
1388 417 193 11 37 0.58
1388 421 190 13 43 0.56
1390 421 172 15 58 0.56
1391 418 184 11 41 0.35
1392 417 186 11 38 0.43
1394 419 187 10 37 0.31
1397 421 182 13 44 0.56
1397 420 184 10 41 0.54
1397 423 178 19 50 0.38
1400 424 169 17 67 0.41
1401 426 179 17 54 0.64
1402 425 179 14 53 0.40
1405 426 172 19 67 0.73
1406 426 166 21 71 0.56
1407 425 170 21 71 0.88
1409 434 201 11 41 0.40
1409 428 199 11 39 0.35
1412 430 171 18 71 0.55
1413 428 175 19 67 0.87
1414 427 167 20 75 0.87
1415 429 170 20 74 0.54
1416 429 173 20 70 0.73
1417 427 164 23 81 0.94
1418 429 174 21 69 0.68
1422 430 167 18 70 0.73
1423 431 169 18 71 0.54
1424 431 169 23 77 0.87
1425 432 171 19 75 0.54
1428 433 174 20 77 0.80
1429 432 161 21 91 0.76
1429 407 160 11 47 0.32
1430 432 164 21 87 0.76
1433 433 165 23 85 0.93
1434 435 184 16 67 0.60
1435 436 197 18 54 0.67
1436 435 184 19 70 0.54
1437 435 201 19 50 0.50
1438 439 189 15 64 0.48
1439 440 210 16 44 0.36
1440 437 170 21 85 0.79
1441 436 178 22 77 0.93
1442 436 171 24 85 0.94
1443 434 175 24 82 0.97
1444 434 168 26 90 0.95
1445 435 176 23 81 0.95
1446 435 180 24 75 0.91
1447 437 176 25 79 0.90
1448 437 176 25 76 0.90
1449 438 172 26 81 0.77
1450 439 169 28 84 0.57
1451 439 177 26 74 0.92
1451 562 172 19 41 0.57
1452 441 175 25 79 0.49
1453 440 174 25 81 0.91
1454 441 174 24 81 0.91
1455 441 177 27 80 0.82
1456 441 173 26 84 0.84
1456 574 172 15 38 0.44
1457 442 175 27 82 0.96
1457 575 173 15 31 0.32
1458 442 178 27 81 0.93
1459 443 176 26 81 0.95
1460 443 174 26 85 0.97
1461 443 174 28 88 0.98
1462 444 178 26 85 0.98
1463 444 176 27 88 0.98
1464 445 172 27 91 0.98
1465 448 172 26 91 0.98
1466 447 172 28 92 0.99
1467 447 172 28 92 0.99
1468 449 172 28 92 0.97
1469 449 170 27 95 0.98
1470 449 170 29 96 0.98
1471 451 170 28 98 0.99
1472 451 169 28 99 0.99
1473 450 171 30 95 0.99
1474 451 172 29 94 0.98
1475 452 171 29 93 0.98
1476 454 172 29 90 0.98
1477 454 171 29 93 0.99
1478 455 171 28 90 0.97
1479 457 172 27 92 0.99
1480 457 171 30 94 0.98
1481 457 171 30 94 0.98
1482 458 170 30 92 0.98
1483 458 170 31 95 0.99
1484 460 171 31 93 0.91
1485 462 172 29 91 0.89
1486 463 171 29 92 0.85
1487 464 170 30 94 0.97
1488 464 167 31 101 0.99
1489 465 169 30 99 0.99
1489 541 166 17 41 0.32
1490 466 166 31 101 0.99
1490 230 180 8 24 0.37
1491 468 164 31 102 0.99
1492 468 166 32 99 0.99
1493 469 164 31 106 0.99
1494 471 164 30 107 0.99
1495 471 164 32 105 0.99
1495 551 159 20 55 0.32
1496 471 165 32 103 0.99
1497 472 165 33 104 0.99
1497 554 169 20 45 0.66
1498 474 165 33 101 0.99
1498 555 170 23 43 0.50
1499 475 166 35 106 0.99
1500 478 166 32 109 0.99
1501 478 164 33 106 0.99
1502 479 166 34 104 0.99
1502 562 169 14 44 0.41
1502 593 173 38 75 0.39
1503 480 164 35 105 0.99
1503 563 166 13 44 0.34
1504 483 162 33 109 0.99
1504 564 164 13 45 0.45
1505 481 166 37 103 0.99
1505 566 169 11 40 0.60
1506 484 161 34 106 0.99
1506 566 165 14 49 0.54
1506 570 169 14 44 0.37
1507 486 161 34 107 0.97
1507 580 175 18 62 0.73
1507 567 169 16 53 0.63
1507 566 169 13 42 0.48
1508 489 162 32 108 0.98
1508 567 166 16 53 0.67
1508 569 167 20 62 0.54
1509 491 159 32 108 0.98
1509 585 172 24 68 0.92
1509 569 167 16 51 0.77
1510 490 164 36 103 0.99
1510 571 169 15 55 0.89
1510 588 171 23 68 0.77
1511 492 161 35 102 0.99
1511 571 169 16 57 0.87
1511 588 173 25 69 0.86
1512 494 163 35 107 0.99
1512 573 169 15 55 0.81
1512 594 173 20 69 0.76
1513 496 163 34 109 0.99
1513 596 172 22 69 0.88
1513 574 168 16 57 0.72
1514 499 163 33 113 0.99
1514 598 172 21 69 0.92
1514 575 168 18 56 0.84
1515 498 163 37 107 0.99
1515 600 172 20 70 0.93
1515 576 169 18 56 0.89
1516 502 162 34 108 0.99
1516 579 168 16 55 0.94
1516 602 171 26 69 0.76
1517 505 161 33 108 0.99
1517 580 168 16 52 0.88
1517 606 172 22 68 0.87
1518 506 161 34 110 0.98
1518 608 170 21 73 0.97
1518 582 168 16 60 0.80
1519 508 161 33 110 0.99
1519 611 171 19 73 0.91
1519 582 168 15 52 0.85
1520 509 158 33 118 0.98
1520 612 169 20 73 0.89
1520 583 168 16 59 0.80
1521 510 160 34 111 0.99
1521 584 170 15 55 0.83
1521 616 169 17 72 0.75
1522 513 162 32 111 0.98
1522 615 171 21 68 0.84
1522 586 168 16 61 0.82
1523 514 160 33 112 0.99
1523 587 169 16 61 0.78
1523 622 169 14 42 0.40
1524 514 160 36 102 0.97
1524 587 166 16 62 0.90
1524 624 170 12 40 0.45
1525 589 167 16 62 0.96
1525 516 161 36 105 0.95
1526 517 161 35 112 0.97
1526 591 165 14 66 0.87
1527 518 162 35 109 0.97
1527 592 167 15 65 0.85
1528 520 162 37 109 0.99
1528 592 159 16 74 0.83
1529 521 162 35 116 0.99
1529 594 160 15 71 0.83
1530 522 160 37 120 0.99
1530 595 163 16 68 0.63
1531 524 161 35 118 0.99
1531 597 164 14 68 0.38
1532 526 160 36 115 0.98
1533 526 164 37 107 0.97
1534 527 161 39 111 0.98
1535 528 161 40 109 0.98
1536 531 163 40 111 0.98
1537 531 159 45 111 0.98
1538 532 163 43 105 0.98
1539 533 161 39 112 0.99
1540 534 161 42 112 0.98
1541 536 158 44 110 0.98
1542 538 162 40 114 0.97
1543 538 160 39 108 0.97
1544 539 161 42 111 0.97
1545 540 162 41 113 0.97
1546 541 160 39 122 0.99
1547 541 160 42 122 0.99
1548 542 161 41 115 0.99
1548 395 139 19 44 0.38
1549 545 160 39 119 0.98
1549 396 140 19 40 0.37
1550 544 162 42 114 0.99
1551 545 162 42 118 0.99
1552 546 162 41 116 0.99
1552 394 137 20 60 0.35
1553 546 163 40 118 0.99
1554 549 162 40 110 0.98
1555 548 163 42 117 0.98
1556 551 164 37 111 0.91
1557 548 163 42 116 0.97
1558 548 163 43 116 0.98
1559 550 164 39 114 0.98
1559 586 171 18 70 0.67
1560 549 161 41 120 0.99
1560 586 172 18 69 0.85
1561 551 161 39 116 0.97
1562 551 163 38 115 0.97
1563 551 163 39 115 0.98
1564 550 163 41 111 0.97
1565 549 162 39 120 0.98
1566 550 163 39 115 0.99
1567 548 162 40 116 0.99
1568 550 164 38 112 0.99
1569 550 162 37 115 0.99
1569 598 170 13 45 0.74
1570 550 163 37 110 0.99
1570 598 169 14 46 0.74
1571 551 161 36 115 0.98
1571 599 170 14 47 0.58
1572 550 164 38 111 0.99
1572 599 169 16 47 0.48
1573 550 163 37 111 0.99
1573 600 169 16 47 0.38
1573 619 209 14 39 0.30
1574 551 163 35 116 0.98
1574 602 168 14 44 0.64
1575 550 162 36 112 0.98
1575 602 169 15 42 0.63
1575 457 176 13 40 0.39
1576 551 162 35 114 0.98
1576 603 169 18 43 0.84
1577 550 165 35 113 0.98
1577 604 168 16 44 0.78
1578 549 160 37 120 0.99
1578 605 170 17 42 0.82
1579 549 162 37 115 0.99
1579 606 171 16 42 0.84
1580 549 159 37 120 0.97
1580 606 169 16 44 0.88
1581 550 162 36 115 0.97
1581 608 169 16 44 0.87
1582 549 160 37 118 0.96
1582 609 168 16 45 0.79
1583 550 160 37 117 0.98
1583 611 169 15 44 0.81
1584 551 162 35 115 0.99
1584 612 169 16 45 0.82
1585 550 160 35 120 0.98
1585 612 169 17 44 0.74
1586 550 162 36 113 0.97
1586 613 169 16 45 0.82
1586 466 175 12 40 0.52
1587 552 160 34 118 0.98
1587 614 171 17 43 0.80
1588 553 162 33 117 0.99
1588 615 170 16 45 0.76
1589 553 163 33 113 0.99
1589 616 172 15 42 0.67
1590 552 159 34 119 0.98
1590 617 169 14 45 0.49
1591 551 162 35 119 0.99
1591 618 171 13 44 0.41
1592 552 160 35 121 0.99
1592 470 173 12 40 0.63
1592 620 169 13 45 0.30
1593 554 163 33 116 0.99
1594 555 168 32 105 0.96
1595 554 166 33 114 0.99
1596 555 171 33 104 0.98
1597 556 169 34 104 0.98
1598 557 176 33 98 0.95
1599 557 169 33 105 0.98
1600 557 165 34 111 0.99
1601 558 165 33 109 0.99
1601 475 180 11 34 0.60
1602 559 166 33 108 0.99
1602 475 175 13 38 0.65
1603 559 166 34 106 0.99
1604 560 166 32 113 0.99
1604 476 176 12 37 0.63
1605 559 167 33 108 0.99
1606 560 167 33 107 0.99
1606 479 179 9 33 0.40
1607 557 167 35 110 0.99
1607 478 176 10 37 0.57
1608 558 165 35 111 0.99
1609 560 171 34 101 0.98
1609 479 176 11 39 0.55
1610 560 168 33 106 0.98
1610 479 174 12 40 0.81
1611 558 164 35 114 0.99
1611 482 173 13 40 0.77
1611 479 172 11 41 0.32
1612 558 168 35 104 0.99
1612 482 174 14 38 0.84
1613 559 167 34 106 0.99
1613 484 174 12 40 0.62
1613 480 174 11 41 0.31
1614 560 168 32 107 0.98
1614 485 176 13 37 0.75
1614 481 176 11 39 0.31
1615 560 165 32 107 0.98
1615 486 173 13 40 0.72
1616 559 168 32 104 0.95
1616 486 174 13 40 0.59
1617 555 171 35 100 0.98
1618 556 169 35 102 0.98
1619 555 178 35 96 0.89
1620 555 182 34 86 0.90
1620 489 174 11 41 0.40
1621 554 176 34 90 0.94
1622 553 168 36 103 0.98
1623 551 166 37 105 0.99
1624 550 167 37 102 0.99
1625 551 175 32 95 0.66
1626 552 176 29 89 0.87
1626 495 175 12 38 0.54
1626 189 182 9 26 0.39
1627 548 173 36 96 0.90
1628 550 181 32 86 0.59
1628 496 172 15 43 0.44
1629 549 171 29 95 0.57
1629 496 173 15 42 0.50
1630 547 185 31 82 0.70
1630 498 171 16 43 0.68
1631 547 172 28 96 0.83
1631 501 172 13 41 0.60
1631 497 174 13 41 0.38
1632 545 171 29 97 0.95
1632 502 174 13 39 0.65
1632 497 175 14 39 0.36
1633 541 167 33 98 0.96
1633 503 173 14 41 0.54
1634 540 163 35 106 0.94
1634 504 174 14 38 0.59
1634 209 176 8 32 0.36
1635 539 166 35 102 0.85
1636 538 167 35 101 0.99
1637 537 177 33 88 0.93
1637 506 178 12 37 0.48
1637 208 177 9 27 0.30
1638 536 178 34 86 0.96
1638 507 176 13 40 0.31
1639 538 170 28 97 0.88
1639 507 170 16 45 0.74
1640 536 163 31 105 0.95
1640 507 176 14 39 0.33
1641 534 164 32 106 0.97
1641 507 179 12 37 0.35
1642 536 180 28 81 0.91
1643 533 151 31 117 0.57
1643 510 170 14 43 0.47
1643 507 171 13 44 0.34
1644 533 166 30 98 0.84
1644 508 169 16 47 0.52
1645 531 175 29 88 0.77
1645 511 173 14 42 0.35
1645 172 184 10 21 0.34
1646 529 164 31 101 0.97
1646 170 182 13 23 0.52
1647 529 173 31 91 0.94
1647 170 183 11 24 0.59
1648 528 170 30 95 0.92
1648 512 170 13 46 0.35
1649 526 169 32 100 0.96
1650 527 171 30 95 0.95
1651 524 170 33 96 0.94
1651 511 167 14 48 0.37
1652 524 172 36 88 0.96
1653 522 163 32 104 0.95
1654 521 165 33 99 0.92
1655 518 165 35 100 0.97
1655 53 184 7 26 0.35
1656 518 168 36 101 0.95
1656 161 184 8 24 0.44
1657 519 165 33 101 0.95
1657 159 181 10 27 0.39
1658 521 178 31 85 0.93
1658 191 184 8 24 0.41
1658 194 184 7 23 0.40
1658 158 183 12 25 0.36
1659 518 167 33 95 0.92
1659 156 181 14 26 0.59
1660 516 162 31 98 0.98
1661 515 162 31 98 0.96
1661 154 180 14 28 0.42
1661 51 183 8 28 0.30
1662 514 161 30 99 0.95
1663 513 160 32 98 0.87
1664 514 164 29 99 0.95
1665 510 162 32 101 0.97
1666 512 163 34 95 0.98
1667 510 169 31 90 0.96
1668 509 167 32 94 0.98
1669 508 166 32 93 0.98
1669 184 148 13 58 0.66
1669 147 181 11 26 0.30
1670 510 167 29 88 0.96
1670 182 144 15 65 0.46
1670 147 183 10 24 0.42
1671 507 170 30 82 0.95
1671 182 145 15 63 0.79
1671 150 183 8 25 0.48
1672 509 170 25 88 0.91
1672 147 182 11 26 0.80
1672 181 146 16 63 0.69
1672 151 183 10 26 0.50
1672 144 183 12 23 0.39
1673 507 171 26 88 0.96
1673 146 184 11 24 0.72
1673 143 185 12 21 0.33
1674 507 169 25 90 0.91
1674 144 182 13 26 0.68
1675 505 166 28 92 0.75
1675 144 181 13 28 0.73
1676 504 170 29 89 0.98
1677 503 169 29 90 0.85
1677 134 184 22 25 0.47
1678 504 174 28 83 0.94
1678 137 183 18 25 0.34
1679 504 173 27 85 0.66
1679 536 164 15 53 0.36
1680 503 170 26 87 0.96
1680 536 166 15 49 0.43
1681 501 175 26 78 0.90
1681 175 176 9 31 0.56
1681 538 164 12 49 0.41
1681 139 183 10 23 0.34
1682 501 171 24 86 0.93
1682 526 168 11 37 0.44
1683 499 168 25 90 0.95
1683 526 171 9 37 0.36
1683 173 174 10 33 0.34
1684 500 173 25 85 0.96
1684 173 175 9 33 0.50
1685 500 175 26 78 0.93
1685 174 173 8 33 0.55
1685 528 169 10 47 0.35
1686 500 169 26 88 0.95
1686 172 177 7 29 0.48
1686 174 176 7 30 0.42
1687 498 175 25 80 0.90
1687 132 182 12 27 0.68
1687 508 195 18 62 0.34
1687 537 173 12 42 0.32
1688 497 175 26 80 0.95
1688 171 177 7 28 0.37
1688 537 171 11 44 0.33
1689 496 169 25 84 0.97
1689 536 179 11 38 0.50
1689 169 179 9 29 0.50
1690 495 164 28 91 0.98
1690 534 167 13 48 0.57
1691 493 162 26 95 0.94
1691 533 165 13 49 0.74
1691 166 176 10 29 0.41
1692 492 169 25 85 0.79
1692 534 165 13 50 0.67
1692 545 167 12 47 0.45
1692 541 167 13 47 0.35
1693 493 173 21 83 0.71
1693 535 166 14 49 0.48
1693 542 166 15 49 0.33
1694 492 173 25 81 0.91
1694 533 166 15 48 0.74
1694 537 167 15 47 0.39
1695 491 173 25 84 0.78
1695 536 164 12 51 0.56
1696 491 174 21 81 0.76
1696 535 164 13 54 0.67
1696 546 165 13 48 0.53
1697 489 179 24 76 0.86
1697 536 161 13 53 0.61
1697 544 163 12 49 0.41
1698 489 175 23 80 0.89
1698 548 164 14 49 0.78
1698 536 164 12 50 0.45
1699 487 168 24 87 0.95
1699 548 164 13 50 0.76
1699 537 163 12 50 0.53
1699 544 164 12 49 0.45
1700 486 165 25 87 0.96
1700 548 166 14 49 0.64
1700 156 179 14 29 0.51
1700 153 178 13 29 0.31
1701 486 165 23 90 0.89
1701 554 163 17 50 0.85
1701 539 162 15 51 0.48
1701 544 162 15 51 0.42
1702 485 167 22 87 0.89
1702 555 160 14 53 0.69
1702 552 161 13 53 0.41
1702 546 160 12 54 0.36
1703 482 162 24 91 0.83
1703 555 163 14 50 0.76
1703 544 165 11 45 0.42
1703 548 165 11 46 0.42
1704 482 167 20 85 0.76
1704 541 164 13 47 0.62
1704 556 162 14 49 0.54
1704 545 163 12 48 0.32
1705 480 162 21 90 0.88
1705 556 163 17 49 0.83
1705 541 163 13 48 0.53
1705 151 180 13 26 0.30
1706 478 163 22 88 0.93
1706 556 164 17 49 0.85
1706 155 178 11 28 0.56
1706 148 178 12 28 0.39
1706 543 162 14 51 0.35
1706 152 179 11 26 0.32
1707 477 159 23 93 0.89
1707 558 165 15 47 0.80
1707 540 163 14 49 0.67
1708 477 164 22 85 0.83
1709 475 164 23 85 0.90
1709 555 165 20 48 0.49
1709 542 165 14 50 0.33
1709 143 175 13 30 0.30
1710 471 163 25 85 0.71
1710 141 177 11 29 0.51
1710 139 177 10 30 0.39
1710 542 166 14 50 0.33
1710 146 177 10 28 0.30
1711 472 164 22 83 0.74
1711 558 165 15 48 0.65
1711 543 166 11 35 0.58
1711 544 165 13 48 0.40
1711 546 166 11 31 0.31
1712 469 164 22 82 0.90
1712 559 165 16 48 0.79
1712 542 164 13 40 0.59
1713 466 163 25 84 0.86
1713 560 163 13 50 0.74
1713 541 162 14 54 0.74
1714 464 159 26 88 0.96
1714 543 164 14 47 0.48
1714 559 165 14 49 0.47
1715 466 171 22 75 0.80
1715 562 166 13 47 0.70
1715 544 166 14 50 0.53
1715 558 165 12 48 0.42
1716 463 158 23 89 0.87
1716 563 166 13 49 0.84
1716 545 164 13 47 0.41
1716 145 177 16 30 0.41
1716 558 166 14 49 0.30
1717 563 166 14 50 0.87
1717 462 172 21 73 0.73
1717 146 178 12 30 0.65
1717 545 163 13 46 0.49
1717 559 165 13 50 0.34
1717 150 182 11 26 0.31
1718 460 172 21 72 0.92
1718 565 168 16 47 0.86
1718 546 161 13 50 0.62
1718 145 180 13 27 0.56
1719 458 169 24 76 0.94
1719 564 168 15 47 0.43
1719 146 182 11 25 0.37
1719 546 163 14 51 0.36
1720 458 186 20 59 0.96
1720 567 169 14 45 0.91
1720 548 164 12 49 0.46
1721 457 177 21 68 0.92
1721 566 165 17 50 0.84
1721 547 164 14 51 0.41
1721 147 182 9 24 0.33
1722 565 165 14 50 0.75
1722 456 161 20 84 0.64
1722 123 180 19 29 0.37
1722 146 182 10 25 0.34
1722 547 161 13 52 0.32
1723 565 166 18 50 0.77
1723 455 164 23 81 0.59
1723 562 165 16 50 0.32
1724 565 165 16 50 0.47
1724 452 186 22 58 0.38
1724 548 163 12 51 0.33
1724 147 180 9 26 0.32
1725 567 167 16 47 0.82
1725 550 165 13 51 0.50
1726 449 170 22 71 0.67
1726 551 161 16 57 0.59
1726 27 179 9 34 0.45
1726 564 163 17 54 0.36
1726 20 180 10 34 0.32
1727 448 179 23 64 0.79
1727 565 167 16 50 0.48
1727 141 182 12 25 0.36
1728 138 182 15 26 0.65
1728 566 164 17 55 0.55
1728 142 182 13 26 0.48
1728 27 184 7 30 0.44
1729 443 175 22 69 0.50
1730 554 163 13 52 0.51
1730 566 163 14 54 0.45
1731 552 161 15 57 0.72
1731 567 161 13 57 0.38
1731 113 169 14 44 0.34
1732 571 164 14 53 0.87
1732 552 162 15 59 0.78
1732 567 163 13 55 0.46
1733 552 162 15 58 0.71
1733 439 187 17 55 0.39
1733 27 180 8 31 0.34
1734 439 187 16 56 0.53
1734 553 161 15 58 0.47
1735 574 163 14 54 0.73
1735 569 163 11 54 0.32
1736 435 168 20 75 0.81
1736 575 161 14 57 0.70
1736 554 166 14 52 0.37
1737 575 162 17 55 0.85
1737 554 164 14 55 0.68
1737 571 163 14 54 0.40
1737 568 162 12 56 0.32
1738 576 164 17 52 0.89
1738 556 166 14 52 0.42
1738 571 165 13 51 0.32
1738 560 165 14 53 0.30
1739 576 164 16 52 0.87
1739 431 181 18 59 0.43
1739 556 165 13 52 0.41
1740 578 162 16 57 0.91
1740 555 165 14 54 0.48
1740 434 181 15 61 0.32
1741 577 161 18 59 0.95
1741 557 165 17 56 0.67
1741 431 167 18 72 0.60
1742 578 163 16 57 0.92
1742 429 178 17 63 0.66
1742 555 164 16 57 0.51
1743 580 163 16 58 0.93
1743 558 166 16 55 0.77
1743 431 189 16 51 0.42
1744 579 164 16 58 0.89
1744 560 167 15 55 0.41
1744 556 167 15 54 0.39
1745 580 164 15 58 0.90
1745 557 167 16 50 0.58
1746 558 166 18 55 0.60
1746 581 165 15 57 0.53
1747 580 165 16 58 0.88
1747 559 168 15 56 0.71
1747 87 184 12 32 0.34
1748 582 165 16 57 0.76
1748 87 182 11 33 0.37
1748 560 167 15 50 0.33
1749 583 165 15 55 0.85
1749 560 166 15 53 0.78
1749 87 183 11 32 0.52
1750 584 168 17 52 0.87
1750 560 164 17 57 0.66
1751 584 168 19 51 0.94
1751 563 167 14 54 0.39
1752 584 168 17 53 0.89
1753 585 170 16 52 0.91
1754 585 167 18 53 0.92
1754 564 162 14 58 0.45
1755 586 166 16 54 0.90
1756 585 168 18 53 0.86
1756 566 169 12 52 0.37
1757 585 166 19 56 0.77
1757 570 167 15 46 0.39
1757 567 165 13 53 0.35
1757 573 164 15 52 0.30
1758 587 170 17 50 0.59
1758 566 164 14 55 0.47
1759 586 161 19 62 0.90
1759 567 165 12 58 0.40
1760 585 167 21 55 0.31
1761 588 165 20 59 0.52
1761 567 167 13 60 0.43
1761 571 166 14 59 0.34
1761 11 183 10 34 0.32
1762 590 165 19 59 0.76
1762 570 164 16 58 0.51
1763 590 166 20 59 0.82
1763 570 170 14 50 0.47
1764 591 167 17 55 0.67
1764 569 164 16 52 0.62
1765 568 165 17 50 0.65
1765 596 170 15 54 0.53
1765 594 168 13 56 0.43
1766 593 166 18 57 0.86
1766 569 159 17 61 0.78
1767 570 161 16 63 0.82
1767 595 166 16 57 0.65
1768 592 163 17 60 0.85
1768 569 159 17 62 0.78
1769 595 166 17 58 0.84
1769 568 162 19 59 0.49
1770 595 164 18 60 0.81
1770 570 160 16 68 0.68
1770 64 181 12 38 0.56
1770 62 181 10 39 0.33
1771 595 163 17 63 0.41
1772 595 167 20 56 0.86
1772 569 159 18 69 0.80
1772 61 185 12 36 0.58
1773 598 170 18 55 0.73
1773 59 179 11 43 0.39
1774 600 165 15 61 0.92
1774 571 165 17 62 0.54
1775 598 167 18 57 0.83
1775 570 162 17 65 0.72
1776 599 161 18 64 0.94
1776 573 159 16 70 0.61
1777 600 164 16 63 0.93
1777 57 182 12 39 0.77
1778 600 163 17 66 0.92
1779 600 165 18 64 0.92
1779 53 182 14 42 0.62
1779 574 166 16 65 0.57
1780 601 162 16 67 0.89
1780 574 168 16 61 0.70
1780 52 181 13 40 0.68
1781 601 160 18 68 0.90
1781 51 180 15 46 0.56
1782 601 161 17 66 0.84
1783 603 161 17 66 0.80
1783 50 192 10 35 0.70
1784 603 154 18 73 0.78
1784 576 164 14 63 0.68
1784 608 149 17 78 0.45
1784 579 167 16 57 0.44
1785 602 158 18 70 0.79
1785 576 169 15 58 0.72
1786 603 163 17 64 0.81
1786 577 167 14 61 0.51
1787 603 160 18 67 0.82
1787 46 194 9 36 0.66
1787 44 193 9 36 0.64
1787 575 170 15 57 0.44
1788 604 154 20 72 0.83
1788 577 168 14 60 0.41
1789 576 168 19 61 0.89
1789 603 163 19 64 0.82
1790 576 167 18 60 0.90
1790 604 162 19 64 0.79
1791 578 168 18 60 0.95
1791 602 157 18 68 0.81
1792 578 166 19 61 0.91
1792 602 164 20 61 0.72
1793 579 168 17 61 0.87
1793 603 160 20 66 0.85
1793 36 184 11 44 0.41
1793 147 183 13 30 0.41
1794 603 161 21 65 0.94
1794 580 166 19 63 0.91
1794 600 162 17 63 0.30
1795 605 165 19 62 0.94
1795 581 166 18 64 0.87
1795 586 167 17 61 0.38
1796 606 158 19 71 0.96
1796 582 165 20 64 0.80
1796 29 189 12 41 0.41
1796 33 186 11 44 0.41
1797 607 161 17 68 0.94
1797 583 165 21 65 0.91
1797 28 184 12 46 0.38
1797 2 180 11 35 0.31
1798 606 161 19 68 0.95
1798 583 165 21 66 0.86
1798 27 180 13 51 0.63
1799 607 160 19 70 0.95
1799 584 165 21 66 0.92
1799 27 183 13 47 0.78
1800 607 164 18 63 0.92
1800 584 166 19 64 0.87
1800 25 181 13 49 0.62
1801 608 168 18 57 0.86
1801 584 167 19 64 0.85
1801 25 184 12 45 0.72
1801 29 182 12 47 0.38
1802 585 168 19 62 0.86
1802 608 168 18 57 0.80
1802 24 195 11 36 0.77
1803 611 166 15 62 0.91
1803 22 186 14 48 0.88
1803 582 167 21 62 0.63
1804 610 168 17 59 0.79
1804 585 168 18 59 0.60
1804 22 185 11 47 0.57
1805 611 166 16 61 0.87
1805 21 186 12 44 0.74
1805 585 170 19 57 0.58
1805 17 187 12 43 0.38
1806 611 167 17 62 0.86
1806 21 189 10 44 0.62
1807 611 167 17 61 0.94
1807 586 169 18 51 0.80
1807 18 187 13 47 0.75
1807 15 187 12 47 0.60
1807 89 183 9 28 0.47
1808 612 167 15 60 0.83
1808 88 182 10 28 0.71
1808 588 166 18 55 0.68
1808 19 186 10 47 0.37
1808 13 187 11 45 0.37
1809 613 169 15 59 0.83
1809 586 168 20 59 0.80
1809 16 188 11 46 0.68
1809 89 182 9 30 0.58
1809 18 187 12 46 0.49
1810 586 168 20 62 0.74
1810 13 185 12 48 0.70
1810 88 184 9 28 0.56
1810 614 167 15 58 0.56
1811 586 167 20 63 0.85
1811 10 186 13 48 0.51
1811 16 189 9 46 0.46
1811 88 183 9 30 0.31
1812 586 168 20 60 0.81
1812 614 165 16 62 0.67
1812 88 186 8 27 0.54
1813 589 166 18 67 0.86
1813 616 165 15 64 0.86
1813 609 164 14 65 0.34
1814 590 167 17 65 0.91
1814 614 169 17 60 0.43
1814 87 180 9 33 0.35
1815 591 163 17 68 0.90
1815 5 186 13 45 0.59
1815 1 190 14 41 0.45
1815 88 182 8 32 0.40
1815 10 191 8 41 0.36
1815 613 169 16 59 0.31
1816 590 168 17 61 0.92
1816 618 167 14 62 0.77
1816 2 178 14 52 0.46
1817 592 166 16 63 0.89
1817 617 170 16 58 0.59
1817 88 182 9 32 0.50
1818 593 167 17 62 0.77
1819 593 167 15 61 0.83
1819 619 174 14 55 0.57
1819 88 183 8 30 0.44
1820 594 171 14 59 0.86
1820 620 173 14 57 0.80
1820 616 173 12 57 0.40
1820 88 182 8 32 0.31
1821 619 171 16 57 0.74
1821 594 170 15 57 0.73
1821 600 171 14 56 0.31
1822 594 168 16 60 0.64
1823 596 170 14 61 0.68
1823 621 173 14 57 0.59
1824 596 172 14 57 0.61
1825 595 171 17 59 0.64
1826 597 170 16 61 0.77
1827 621 168 14 62 0.77
1827 598 171 16 61 0.69
1827 603 169 14 65 0.43
1827 615 170 12 60 0.39
1827 82 185 9 30 0.31
1828 597 166 19 66 0.81
1828 622 167 13 63 0.58
1828 618 166 14 65 0.41
1828 83 181 8 34 0.30
1829 598 170 17 62 0.79
1829 83 184 9 30 0.65
1829 85 184 10 31 0.52
1829 621 167 11 63 0.34
1830 598 168 20 68 0.91
1831 598 164 19 73 0.94
1831 83 188 7 26 0.40
1832 599 170 17 65 0.96
1832 81 182 8 32 0.48
1833 600 168 18 68 0.94
1834 600 170 18 64 0.93
1835 600 171 19 62 0.94
1836 600 170 17 62 0.91
1836 623 173 12 58 0.73
1836 620 173 12 58 0.33
1837 601 172 16 62 0.93
1837 618 172 12 59 0.42
1837 623 174 12 58 0.41
1837 613 172 13 58 0.35
1838 600 171 18 64 0.93
1838 623 175 12 60 0.38
1839 602 170 16 64 0.80
1839 623 171 13 63 0.56
1839 619 171 13 63 0.37
1840 603 170 17 63 0.91
1840 624 173 11 61 0.46
1840 608 172 17 60 0.43
1840 619 172 11 62 0.34
1841 603 169 16 65 0.85
1841 625 171 11 61 0.55
1841 620 171 10 61 0.48
1841 616 172 11 58 0.45
1842 604 170 16 60 0.85
1842 609 172 15 58 0.50
1842 619 169 12 62 0.40
1842 624 170 11 61 0.35
1843 603 168 17 65 0.71
1844 603 169 16 63 0.89
1844 609 170 15 62 0.36
1845 604 168 16 65 0.89
1845 612 171 13 61 0.44
1846 603 167 17 65 0.90
1846 616 169 12 64 0.61
1846 612 170 13 62 0.55
1846 621 169 11 63 0.48
1847 605 169 17 64 0.86
1847 612 170 15 62 0.68
1847 621 171 12 61 0.39
1848 604 168 16 65 0.88
1848 615 170 13 63 0.71
1848 611 171 14 60 0.70
1848 620 170 11 62 0.48
1849 606 169 15 67 0.84
1849 612 170 14 65 0.71
1849 617 171 13 62 0.53
1850 610 171 15 64 0.84
1850 606 168 15 67 0.77
1850 620 171 11 64 0.59
1851 611 174 14 62 0.83
1851 608 173 13 63 0.72
1851 619 173 11 66 0.52
1852 607 171 14 65 0.86
1852 613 171 13 65 0.58
1852 621 171 11 65 0.31
1853 606 171 15 64 0.77
1853 612 173 15 63 0.54
1853 621 175 13 57 0.35
1854 607 170 19 67 0.91
1855 607 170 18 67 0.95
1856 609 172 17 66 0.89
1856 619 172 12 65 0.36
1857 609 165 18 75 0.84
1858 610 165 18 73 0.90
1858 616 168 15 68 0.40
1859 609 170 17 67 0.78
1860 610 171 18 68 0.93
1860 618 171 13 67 0.48
1861 611 171 18 66 0.92
1862 611 169 17 70 0.87
1863 613 174 15 62 0.46
1864 610 172 19 65 0.97
1864 617 172 14 65 0.47
1865 611 173 17 62 0.96
1865 618 173 13 62 0.44
1866 611 171 19 67 0.95
1867 610 171 18 67 0.97
1867 617 171 14 67 0.43
1868 610 172 19 65 0.96
1868 618 172 14 66 0.61
1869 610 170 18 67 0.95
1869 617 170 14 67 0.44
1870 611 169 17 71 0.94
1871 611 168 18 74 0.94
1872 611 171 18 70 0.93
1873 612 171 17 70 0.93
1874 611 172 18 64 0.72
1874 611 173 16 39 0.47
1875 612 170 18 70 0.77
1876 612 170 18 71 0.76
1877 612 171 19 71 0.84
1878 612 172 19 70 0.58
1879 613 170 18 71 0.90
1880 614 173 18 68 0.90
1881 615 173 16 67 0.89
1881 619 173 16 65 0.47
1882 617 170 14 71 0.88
1883 617 172 15 68 0.83
1884 620 168 13 72 0.68
1885 619 173 13 67 0.68
1886 619 170 15 72 0.88
1887 618 175 15 67 0.71
1888 619 168 16 73 0.41
1889 619 172 16 67 0.77
1890 620 176 16 65 0.55
1891 620 170 16 72 0.84
1892 620 171 16 70 0.79
1893 621 173 15 67 0.81
1895 622 175 15 67 0.30
1896 622 175 14 65 0.33
1897 624 174 12 67 0.59
1898 624 172 13 74 0.67
1899 625 171 11 73 0.53
1900 625 176 12 63 0.57
1963 55 183 13 37 0.31
2009 48 183 9 35 0.31
2012 48 183 11 35 0.52
2012 44 184 7 33 0.41
2012 53 182 12 37 0.39
2013 47 186 11 33 0.56
2013 44 187 9 32 0.37
2013 53 184 11 35 0.31
2014 48 186 9 31 0.43
2015 48 184 10 34 0.35
2016 48 186 9 32 0.33
2017 47 184 10 35 0.37
2017 43 184 8 34 0.31
2018 47 185 10 34 0.38
2019 46 183 11 35 0.41
2019 43 185 8 33 0.31
2020 47 186 10 34 0.32
2021 44 184 10 35 0.56
2021 42 185 8 34 0.46
2021 46 184 13 34 0.33
2022 46 186 10 33 0.38
2023 47 183 11 36 0.37
2024 47 187 11 31 0.43
2026 46 187 14 27 0.31
2027 44 187 7 29 0.32
2030 43 188 8 27 0.41
2030 47 189 8 26 0.35
2084 27 187 10 34 0.40
2086 32 185 13 35 0.34
2087 31 186 17 35 0.43
2088 31 187 14 34 0.49
2088 27 187 13 35 0.44
2089 30 185 18 34 0.47
2090 31 185 14 35 0.41
2090 27 186 13 34 0.31
2091 30 186 18 33 0.56
2092 30 184 17 36 0.70
2092 27 184 15 36 0.40
2093 30 187 19 33 0.76
2093 27 186 17 32 0.39
2094 29 185 24 37 0.68
2094 27 186 16 34 0.34
2095 30 186 17 33 0.50
2095 28 186 14 32 0.33
2096 27 187 16 31 0.63
2097 28 187 13 32 0.73
2098 27 186 14 34 0.60
2099 27 187 17 31 0.79
2100 25 188 19 30 0.64
2101 26 187 14 33 0.69
2102 26 189 17 30 0.75
2103 25 187 15 35 0.62
2104 27 186 18 35 0.54
2105 25 188 15 33 0.57
2106 26 188 14 30 0.32
2108 24 187 15 33 0.32
2112 24 187 15 35 0.53
2115 23 189 16 35 0.66
2116 23 189 17 34 0.59
2117 23 188 13 35 0.50
2118 23 190 15 31 0.52
2119 22 189 16 33 0.36
2120 22 189 16 33 0.38
2121 24 188 15 34 0.67
2122 23 188 15 35 0.39
2123 23 186 14 36 0.53
2124 23 188 14 35 0.51
2125 22 188 14 35 0.70
2126 21 188 16 34 0.55
2126 25 189 11 30 0.30
2127 23 188 14 35 0.75
2128 24 189 14 35 0.72
2129 22 188 14 36 0.77
2130 21 188 14 35 0.62
2131 23 188 13 35 0.80
2132 22 189 13 34 0.75
2133 23 190 11 32 0.47
2134 22 188 12 35 0.48
2135 23 189 12 34 0.60
2136 22 189 13 34 0.63
2137 21 189 13 33 0.55
2139 23 190 12 32 0.55
2140 23 189 12 34 0.68
2141 22 189 14 35 0.79
2142 24 190 12 35 0.62
2143 22 189 15 34 0.67
2144 22 189 12 35 0.60
2145 22 189 12 36 0.66
2146 23 190 11 33 0.53
2148 23 191 12 34 0.30
2149 23 190 11 34 0.53
2151 22 193 10 31 0.33
2152 21 190 13 33 0.56
2153 22 191 10 32 0.65
2153 18 192 11 33 0.52
2154 22 190 11 33 0.52
2154 17 192 11 34 0.30
2155 22 190 10 35 0.68
2155 18 191 11 36 0.61
2156 22 190 11 33 0.65
2156 18 192 11 33 0.39
2157 22 190 10 34 0.65
2157 18 191 10 34 0.63
2158 23 191 9 32 0.65
2158 18 192 11 33 0.55
2159 22 189 10 35 0.72
2159 18 190 11 36 0.48
2160 22 190 10 35 0.67
2160 17 192 11 34 0.44
2161 20 190 11 35 0.72
2161 17 191 12 35 0.67
2162 17 192 11 34 0.68
2162 20 190 11 35 0.64
2163 22 189 9 35 0.56
2163 17 191 10 34 0.54
2164 22 189 9 36 0.41
2165 23 189 8 33 0.53
2166 16 191 10 35 0.54
2166 20 189 10 36 0.41
2167 16 193 11 32 0.64
2167 21 191 9 33 0.57
2168 20 190 11 35 0.54
2168 15 192 12 34 0.45
2169 19 191 10 34 0.59
2169 14 191 12 35 0.52
2170 20 190 11 34 0.49
2170 15 191 13 35 0.49
2171 18 190 12 36 0.58
2171 15 190 12 37 0.55
2172 18 192 13 31 0.45
2173 16 191 11 33 0.52
2174 17 190 9 33 0.58
2174 19 189 11 34 0.40
2174 12 191 12 31 0.32
