0,14.012,16.982
1,14.009,16.977
2,14.010,16.977
3,14.032,17.011
4,14.075,17.091
5,14.119,17.147
6,14.143,17.207
7,14.183,17.280
8,14.209,17.321
9,14.227,17.347
10,14.261,17.400
11,14.238,17.363
12,14.267,17.417
13,14.296,17.459
14,14.297,17.463
15,14.326,17.517
16,14.368,17.592
17,14.357,17.575
18,14.387,17.632
19,14.442,17.732
20,14.477,17.793
21,14.529,17.891
22,14.549,17.947
23,14.587,17.990
24,14.646,18.117
25,14.672,18.144
26,14.687,18.189
27,14.706,18.219
28,14.722,18.257
29,14.673,18.145
30,14.723,18.225
31,14.701,18.201
32,14.752,18.262
33,14.751,18.275
34,14.755,18.285
35,14.775,18.309
36,14.744,18.272
37,14.710,18.223
38,14.632,18.072
39,14.602,18.014
40,14.557,17.937
41,14.454,17.768
42,14.397,17.684
43,14.302,17.505
44,14.194,17.324
45,14.033,17.050
46,13.922,16.847
47,13.812,16.672
48,13.793,16.647
49,13.758,16.591
50,13.790,16.620
51,13.830,16.685
52,13.790,16.614
53,13.798,16.628
54,13.800,16.623
55,13.791,16.605
56,13.857,16.703
57,13.842,16.685
58,16.123,20.950
59,16.349,21.212
60,16.429,21.365
61,16.467,21.443
62,16.512,21.498
63,16.523,21.513
64,16.547,21.534
65,16.573,21.549
66,16.632,21.666
67,16.661,21.663
68,16.614,21.553
69,16.611,21.513
70,16.608,21.485
71,16.623,21.446
72,16.582,21.373
73,16.545,21.224
74,16.523,21.139
75,16.515,21.114
76,16.493,21.046
77,16.431,20.910
78,16.393,20.819
79,16.358,20.731
80,16.350,20.675
81,16.348,20.659
82,16.354,20.646
83,16.293,20.523
84,16.244,20.424
85,16.228,20.406
86,16.215,20.361
87,16.229,20.348
88,16.197,20.317
89,16.194,20.315
90,16.157,20.209
91,16.178,20.243
92,16.085,20.078
93,16.099,20.089
94,16.105,20.097
95,16.062,19.997
96,16.045,19.950
97,16.007,19.924
98,16.039,19.922
99,15.967,19.834
100,15.944,19.788
101,15.877,19.664
102,15.894,19.667
103,15.840,19.588
104,15.833,19.559
105,15.810,19.522
106,15.811,19.529
107,15.788,19.472
108,15.740,19.395
109,15.707,19.344
110,15.701,19.345
111,15.669,19.297
112,15.667,19.296
113,15.645,19.250
114,15.629,19.225
115,15.598,19.164
116,15.553,19.107
117,15.575,19.134
118,15.514,19.022
119,15.484,18.973
120,15.455,18.927
121,15.447,18.903
122,15.393,18.838
123,15.387,18.794
124,15.318,18.701
125,15.310,18.705
126,15.297,18.656
127,15.250,18.584
128,15.243,18.595
129,15.180,18.462
130,15.199,18.500
131,15.156,18.427
132,15.083,18.306
133,15.080,18.306
134,15.057,18.249
135,15.019,18.214
136,14.971,18.100
137,14.938,18.061
138,14.930,18.040
139,14.870,17.968
140,14.853,17.918
141,14.843,17.888
142,14.838,17.873
143,14.786,17.780
144,14.791,17.792
145,14.775,17.748
146,14.756,17.720
147,14.734,17.672
148,14.750,17.697
149,14.746,17.691
150,14.713,17.624
151,14.721,17.636
152,14.723,17.655
153,14.711,17.604
154,14.716,17.626
155,14.726,17.644
156,14.710,17.608
157,14.706,17.614
158,14.696,17.590
159,14.699,17.600
160,14.674,17.571
161,14.680,17.593
162,14.685,17.597
163,14.662,17.554
164,14.685,17.605
165,14.653,17.584
166,14.667,17.584
167,14.674,17.603
168,14.640,17.552
169,14.649,17.577
170,14.661,17.586
171,14.689,17.651
172,14.644,17.558
173,14.671,17.618
174,14.658,17.592
175,14.640,17.578
176,14.640,17.571
177,14.671,17.642
178,14.642,17.588
179,14.657,17.609
180,14.634,17.602
181,14.613,17.566
182,14.621,17.579
183,14.655,17.639
184,14.636,17.600
185,14.623,17.588
186,14.624,17.598
187,14.629,17.617
188,14.595,17.552
189,14.610,17.600
190,14.615,17.591
191,14.602,17.583
192,14.624,17.613
193,14.576,17.533
194,14.589,17.579
195,14.603,17.592
196,14.585,17.575
197,14.580,17.582
198,14.598,17.595
199,14.575,17.569
200,14.592,17.601
201,14.584,17.590
202,14.573,17.575
203,14.563,17.565
204,14.543,17.518
205,14.539,17.527
206,14.535,17.519
207,14.509,17.480
208,14.482,17.430
209,14.495,17.465
210,14.482,17.450
211,14.479,17.425
212,14.462,17.412
213,14.456,17.407
214,14.458,17.391
215,14.402,17.314
216,14.393,17.312
217,14.403,17.321
218,14.406,17.324
219,14.379,17.269
220,14.375,17.277
221,14.366,17.259
222,14.350,17.242
223,14.319,17.199
224,14.287,17.144
225,14.289,17.140
226,14.299,17.156
227,14.256,17.080
228,14.272,17.121
229,14.184,16.996
230,14.192,16.989
231,14.171,16.950
232,14.157,16.941
233,14.149,16.921
234,14.109,16.865
235,14.111,16.867
236,14.077,16.818
237,14.080,16.820
238,14.046,16.757
239,14.014,16.702
240,13.996,16.680
241,13.980,16.660
242,13.936,16.595
243,13.897,16.531
244,13.914,16.547
245,13.865,16.488
246,13.872,16.490
247,13.832,16.418
248,13.810,16.390
249,13.782,16.347
250,13.764,16.325
251,13.720,16.261
252,13.712,16.246
253,13.656,16.178
254,13.667,16.192
255,13.642,16.142
256,13.621,16.111
257,13.627,16.113
258,13.598,16.091
259,13.596,16.083
260,13.554,16.012
261,13.565,16.033
262,13.588,16.062
263,13.566,16.035
264,13.566,16.032
265,13.597,16.077
266,13.593,16.072
267,13.592,16.070
268,13.628,16.123
269,13.607,16.084
270,13.626,16.117
271,13.622,16.108
272,13.659,16.178
273,13.646,16.144
274,13.673,16.210
275,13.668,16.181
276,13.679,16.210
277,13.702,16.246
278,13.714,16.257
279,13.730,16.282
280,13.713,16.255
281,13.736,16.289
282,13.743,16.314
283,13.747,16.304
284,13.746,16.319
285,13.742,16.304
286,13.766,16.343
287,13.788,16.374
288,13.786,16.368
289,13.786,16.373
290,13.795,16.403
291,13.806,16.405
292,13.803,16.404
293,13.822,16.450
294,13.817,16.420
295,13.810,16.428
296,13.838,16.462
297,13.839,16.463
298,13.839,16.459
299,13.830,16.454
300,13.826,16.453
301,13.816,16.439
302,13.837,16.458
303,13.837,16.476
304,13.851,16.498
305,13.885,16.553
306,13.866,16.515
307,13.839,16.484
308,13.875,16.534
309,13.869,16.518
310,13.867,16.523
311,13.850,16.495
312,13.801,16.412
313,13.775,16.393
314,13.732,16.333
315,13.719,16.317
316,13.724,16.311
317,13.725,16.325
318,13.721,16.315
319,13.715,16.312
320,13.732,16.339
321,13.700,16.282
322,13.727,16.320
323,13.729,16.340
324,13.726,16.324
325,13.715,16.320
326,13.723,16.335
327,13.707,16.313
328,13.725,16.337
329,13.737,16.354
330,13.713,16.322
331,13.729,16.345
332,13.716,16.319
333,13.726,16.334
334,13.720,16.341
335,13.745,16.382
336,13.722,16.355
337,13.744,16.381
338,13.730,16.380
339,13.745,16.407
340,13.737,16.400
341,13.742,16.402
342,13.744,16.413
343,13.760,16.432
344,13.727,16.354
345,13.702,16.329
346,13.691,16.313
347,13.707,16.341
348,13.691,16.319
349,13.712,16.359
350,13.709,16.366
351,13.704,16.346
352,13.731,16.390
353,13.709,16.357
354,13.720,16.378
355,13.686,16.320
356,13.705,16.347
357,13.712,16.364
358,13.689,16.327
359,13.678,16.311
360,13.687,16.338
361,13.688,16.327
362,13.665,16.295
363,13.686,16.337
364,13.676,16.309
365,13.676,16.303
366,13.655,16.258
367,13.658,16.282
368,13.666,16.292
369,13.638,16.250
370,13.671,16.291
371,13.673,16.301
372,13.677,16.296
373,13.663,16.278
374,13.677,16.305
375,13.667,16.288
376,13.674,16.297
377,13.662,16.276
378,13.678,16.309
379,13.658,16.275
380,13.684,16.314
381,13.665,16.284
382,13.700,16.341
383,13.682,16.323
384,13.677,16.296
385,13.678,16.300
386,13.673,16.298
387,13.682,16.311
388,13.687,16.309
389,13.684,16.314
390,13.678,16.298
391,13.694,16.315
392,13.678,16.299
393,13.699,16.329
394,13.666,16.280
395,13.669,16.280
396,13.666,16.287
397,13.636,16.229
398,13.633,16.239
399,13.635,16.248
400,13.642,16.247
401,13.632,16.232
402,13.615,16.209
403,13.642,16.266
404,13.641,16.262
405,13.622,16.248
406,13.613,16.229
407,13.612,16.202
408,13.573,16.148
409,13.619,16.209
410,13.601,16.194
411,13.615,16.219
412,13.581,16.159
413,13.592,16.180
414,13.597,16.175
415,13.610,16.205
416,13.597,16.192
417,13.603,16.211
418,13.579,16.167
419,13.584,16.165
420,13.574,16.161
421,13.574,16.160
422,13.572,16.156
423,13.558,16.143
424,13.571,16.152
425,13.554,16.121
426,13.558,16.134
427,13.540,16.117
428,13.537,16.106
429,13.534,16.114
430,13.527,16.095
431,13.511,16.070
432,13.490,16.038
433,13.492,16.042
434,13.493,16.040
435,13.487,16.037
436,13.498,16.052
437,13.497,16.055
438,13.493,16.051
439,13.500,16.059
440,13.528,16.103
441,13.549,16.141
442,13.522,16.077
443,13.509,16.081
444,13.515,16.080
445,13.517,16.085
446,13.513,16.070
447,13.525,16.094
448,13.538,16.115
449,13.550,16.144
450,13.528,16.090
451,13.537,16.108
452,13.562,16.156
453,13.542,16.104
454,13.520,16.071
455,13.538,16.101
456,13.524,16.080
457,13.508,16.050
458,13.516,16.072
459,13.520,16.066
460,13.504,16.048
461,13.502,16.044
462,13.527,16.071
463,13.500,16.032
464,13.515,16.055
465,13.505,16.035
466,13.476,15.996
467,13.509,16.038
468,13.478,15.991
469,13.461,15.971
470,13.460,15.976
471,13.503,16.025
472,13.477,15.994
473,13.479,15.993
474,13.462,15.959
475,13.487,16.004
476,13.525,16.073
477,13.511,16.037
478,13.507,16.042
479,13.487,16.006
480,13.500,16.019
481,13.490,15.992
482,13.484,16.003
483,13.487,16.008
484,13.495,16.008
485,13.498,16.023
486,13.486,16.005
487,13.473,15.985
488,13.468,15.978
489,13.468,15.978
490,13.462,15.980
491,13.481,15.989
492,13.460,15.972
493,13.465,15.982
494,13.469,15.991
495,13.456,15.956
496,13.451,15.965
497,13.440,15.941
498,13.447,15.952
499,13.458,15.970
500,13.454,15.955
501,13.453,15.957
502,13.445,15.946
503,13.466,15.979
504,13.460,15.980
505,13.459,15.969
506,13.453,15.960
507,13.464,15.981
508,13.483,16.009
509,13.445,15.956
510,13.466,15.975
511,13.467,15.979
512,13.472,15.976
513,13.480,15.989
514,13.472,15.994
515,13.462,15.972
516,13.462,15.961
517,13.489,16.022
518,13.478,16.001
519,13.491,16.024
520,13.503,16.049
521,13.481,16.005
522,13.494,16.023
523,13.495,16.014
524,13.464,15.968
525,13.482,16.000
526,13.483,15.999
527,13.468,15.982
528,13.481,16.013
529,13.493,16.014
530,13.480,15.997
531,13.485,16.001
532,13.483,15.998
533,13.485,16.006
534,13.483,16.010
535,13.479,16.002
536,13.457,15.966
537,13.483,16.008
538,13.482,16.013
539,13.479,15.989
540,13.485,16.005
541,13.489,16.004
542,13.492,16.023
543,13.470,15.989
544,13.456,15.965
545,13.478,16.000
546,13.461,15.972
547,13.453,15.962
548,13.437,15.944
549,13.426,15.921
550,13.446,15.956
551,13.446,15.953
552,13.454,15.969
553,13.440,15.946
554,13.445,15.962
555,13.419,15.913
556,13.452,15.964
557,13.442,15.953
558,13.428,15.921
559,13.427,15.938
560,13.409,15.898
561,13.417,15.903
562,13.437,15.940
563,13.466,15.988
564,13.456,15.973
565,13.470,15.990
566,13.464,15.997
567,13.483,16.019
568,13.490,16.010
569,13.473,15.995
570,13.497,16.021
571,13.502,16.024
572,13.511,16.061
573,13.523,16.070
574,13.517,16.058
575,13.520,16.063
576,13.517,16.060
577,13.520,16.068
578,13.539,16.098
579,13.548,16.103
580,13.556,16.115
581,13.531,16.079
582,13.548,16.106
583,13.538,16.095
584,13.532,16.078
585,13.523,16.078
586,13.510,16.052
587,13.520,16.075
588,13.510,16.056
589,13.505,16.062
590,13.513,16.064
591,13.509,16.059
592,13.483,16.028
593,13.512,16.056
594,13.499,16.047
595,13.486,16.027
596,13.484,16.020
597,13.501,16.045
598,13.465,15.988
599,13.496,16.044
600,13.476,16.012
601,13.508,16.053
602,13.525,16.084
603,13.532,16.103
604,13.523,16.096
605,13.546,16.111
606,13.549,16.133
607,13.540,16.107
608,13.532,16.097
609,13.541,16.100
610,13.527,16.087
611,13.524,16.095
612,13.550,16.112
613,13.549,16.122
614,13.550,16.126
615,13.524,16.071
616,13.554,16.133
617,13.536,16.096
618,13.537,16.115
619,13.539,16.104
620,13.556,16.129
621,13.530,16.100
622,13.550,16.126
623,13.534,16.092
624,13.551,16.133
625,13.581,16.172
626,13.565,16.137
627,13.609,16.210
628,13.612,16.218
629,13.620,16.217
630,13.615,16.207
631,13.632,16.232
632,13.605,16.197
633,13.611,16.203
634,13.605,16.203
635,13.594,16.186
636,13.601,16.196
637,13.580,16.166
638,13.558,16.123
639,13.591,16.188
640,13.560,16.128
641,13.541,16.121
642,13.537,16.112
643,13.520,16.075
644,13.476,16.000
645,13.485,16.015
646,13.491,16.014
647,13.494,16.027
648,13.494,16.031
649,13.508,16.052
650,13.520,16.074
651,13.522,16.080
652,13.502,16.042
653,13.517,16.059
654,13.522,16.056
655,13.531,16.064
656,13.545,16.104
657,13.530,16.073
658,13.564,16.131
659,13.548,16.093
660,13.571,16.127
661,13.562,16.116
662,13.555,16.109
663,13.551,16.105
664,13.521,16.071
665,13.520,16.080
666,13.535,16.090
667,13.534,16.095
668,13.536,16.108
669,13.547,16.107
670,13.564,16.141
671,13.553,16.140
672,13.549,16.118
673,13.536,16.110
674,13.553,16.132
675,13.530,16.069
676,13.525,16.094
677,13.557,16.145
678,13.567,16.132
679,13.541,16.134
680,13.534,16.116
681,13.509,16.077
682,13.513,16.077
683,13.517,16.083
684,13.530,16.104
685,13.549,16.138
686,13.549,16.144
687,13.552,16.136
688,13.531,16.118
689,13.532,16.105
690,13.552,16.134
691,13.538,16.105
692,13.573,16.159
693,13.538,16.101
694,13.527,16.091
695,13.538,16.127
696,13.540,16.122
697,13.527,16.100
698,13.525,16.095
699,13.522,16.098
700,13.508,16.068
701,13.529,16.103
702,13.533,16.105
703,13.543,16.110
704,13.545,16.115
705,13.561,16.127
706,13.599,16.213
707,13.587,16.179
708,13.607,16.206
709,13.625,16.244
710,13.629,16.236
711,13.632,16.249
712,13.637,16.251
713,13.679,16.318
714,13.646,16.286
715,13.661,16.299
716,13.629,16.260
717,13.618,16.250
718,13.615,16.220
719,13.633,16.263
720,13.607,16.221
721,13.602,16.221
722,13.608,16.226
723,13.633,16.260
724,13.673,16.322
725,13.685,16.343
726,13.676,16.337
727,13.712,16.382
728,13.675,16.338
729,13.691,16.364
730,13.720,16.411
731,13.689,16.350
732,13.682,16.361
733,13.669,16.326
734,13.690,16.355
735,13.656,16.302
736,13.631,16.268
737,13.651,16.303
738,13.630,16.268
739,13.646,16.291
740,13.597,16.222
741,13.601,16.229
742,13.584,16.209
743,13.576,16.176
744,13.566,16.190
745,13.561,16.186
746,13.531,16.136
747,13.535,16.122
748,13.517,16.115
749,13.532,16.123
750,13.541,16.143
751,13.561,16.187
752,13.563,16.182
753,13.570,16.183
754,13.591,16.232
755,13.636,16.290
756,13.642,16.303
757,13.654,16.315
758,13.676,16.362
759,13.685,16.364
760,13.685,16.360
761,13.658,16.336
762,13.676,16.352
763,13.654,16.329
764,13.623,16.266
765,13.613,16.271
766,13.603,16.264
767,13.632,16.315
768,13.615,16.283
769,13.655,16.341
770,13.671,16.369
771,13.681,16.384
772,13.664,16.364
773,13.670,16.369
774,13.651,16.348
775,13.670,16.387
776,13.683,16.405
777,13.672,16.382
778,13.667,16.390
779,13.690,16.428
780,13.705,16.455
781,13.750,16.506
782,13.729,16.479
783,13.723,16.470
784,13.735,16.497
785,13.684,16.415
786,13.722,16.481
787,13.731,16.490
788,13.682,16.407
789,13.667,16.384
790,13.652,16.362
791,13.632,16.325
792,13.633,16.316
793,13.613,16.306
794,13.626,16.325
795,13.603,16.285
796,13.587,16.261
797,13.559,16.217
798,13.552,16.208
799,13.576,16.263
800,13.569,16.239
801,13.605,16.304
802,13.567,16.241
803,13.553,16.222
804,13.545,16.210
805,13.553,16.232
806,13.529,16.189
807,13.525,16.189
808,13.530,16.189
809,13.520,16.159
810,13.497,16.132
811,13.539,16.197
812,13.582,16.265
813,13.523,16.172
814,13.538,16.200
815,13.534,16.207
816,13.517,16.175
817,13.545,16.226
818,13.530,16.193
819,13.520,16.179
820,13.504,16.167
821,13.527,16.198
822,13.519,16.192
823,13.505,16.169
824,13.521,16.204
825,13.563,16.263
826,13.571,16.285
827,13.583,16.282
828,13.592,16.305
829,13.620,16.348
830,13.608,16.326
831,13.653,16.400
832,13.620,16.350
833,13.658,16.400
834,13.645,16.391
835,13.639,16.372
836,13.622,16.340
837,13.646,16.382
838,13.645,16.380
839,13.612,16.325
840,13.634,16.361
841,13.590,16.294
842,13.642,16.374
843,13.587,16.299
844,13.592,16.295
845,13.569,16.271
846,13.534,16.220
847,13.527,16.194
848,13.502,16.162
849,13.523,16.194
850,13.510,16.165
851,13.492,16.136
852,13.475,16.108
853,13.470,16.106
854,13.488,16.131
855,13.478,16.111
856,13.448,16.068
857,13.428,16.030
858,13.449,16.062
859,13.454,16.079
860,13.425,16.028
861,13.434,16.049
862,13.421,16.001
863,13.413,15.994
864,13.409,15.996
865,13.401,15.980
866,13.421,16.016
867,13.395,15.973
868,13.397,15.972
869,13.391,15.963
870,13.396,15.982
871,13.376,15.942
872,13.379,15.944
873,13.367,15.926
874,13.370,15.933
875,13.391,15.969
876,13.391,15.969
877,13.391,15.964
878,13.376,15.934
879,13.391,15.960
880,13.389,15.953
881,13.410,15.993
882,13.413,15.993
883,13.424,16.004
884,13.444,16.033
885,13.414,15.989
886,13.412,15.995
887,13.396,15.967
888,13.377,15.942
889,13.387,15.952
890,13.394,15.969
891,13.410,15.976
892,13.408,15.990
893,13.434,16.030
894,13.476,16.079
895,13.484,16.089
896,13.524,16.130
897,13.562,16.191
898,13.563,16.194
899,13.572,16.193
900,13.582,16.199
901,13.563,16.172
902,13.580,16.213
903,13.561,16.176
904,13.543,16.160
905,13.525,16.123
906,13.548,16.166
907,13.539,16.149
908,13.540,16.153
909,13.541,16.147
910,13.583,16.212
911,13.605,16.249
912,13.604,16.246
913,13.601,16.253
914,13.602,16.252
915,13.639,16.321
916,13.625,16.284
917,13.625,16.276
918,13.636,16.306
919,13.675,16.369
920,13.633,16.302
921,13.643,16.328
922,13.673,16.376
923,13.622,16.289
924,13.602,16.264
925,13.610,16.279
926,13.628,16.300
927,13.642,16.313
928,13.635,16.308
929,13.629,16.296
930,13.587,16.229
931,13.589,16.247
932,13.605,16.256
933,13.590,16.238
934,13.566,16.215
935,13.565,16.211
936,13.539,16.157
937,13.541,16.174
938,13.512,16.124
939,13.531,16.152
940,13.503,16.109
941,13.499,16.091
942,13.516,16.124
943,13.522,16.139
944,13.493,16.083
945,13.482,16.061
946,13.491,16.077
947,13.490,16.077
948,13.479,16.044
949,13.457,16.018
950,13.426,15.979
951,13.449,16.019
952,13.445,15.993
953,13.429,15.979
954,13.409,15.936
955,13.416,15.947
956,13.408,15.931
957,13.395,15.916
958,13.404,15.928
959,13.425,15.951
960,13.398,15.924
961,13.394,15.917
962,13.384,15.894
963,13.365,15.872
964,13.369,15.863
965,13.358,15.853
966,13.377,15.872
967,13.376,15.877
968,13.377,15.874
969,13.352,15.825
970,13.327,15.793
971,13.339,15.816
972,13.295,15.745
973,13.288,15.733
974,13.274,15.714
975,13.244,15.657
976,13.257,15.683
977,13.242,15.659
978,13.222,15.641
979,13.243,15.670
980,13.233,15.651
981,13.238,15.648
982,13.231,15.641
983,13.225,15.639
984,13.233,15.644
985,13.200,15.604
986,13.191,15.592
987,13.154,15.525
988,13.163,15.541
989,13.161,15.547
990,13.137,15.508
991,13.137,15.508
992,13.157,15.538
993,13.137,15.506
994,13.124,15.491
995,13.138,15.499
996,13.148,15.531
997,13.147,15.521
998,13.151,15.517
999,13.163,15.540
1000,13.137,15.497
1001,13.142,15.505
1002,13.126,15.485
1003,13.102,15.450
1004,13.105,15.457
1005,13.091,15.447
1006,13.100,15.459
1007,13.107,15.483
1008,13.117,15.481
1009,13.120,15.496
1010,13.120,15.488
1011,13.130,15.510
1012,13.133,15.516
1013,13.137,15.518
1014,13.163,15.580
1015,13.133,15.519
1016,13.149,15.545
1017,13.187,15.629
1018,13.166,15.569
1019,13.179,15.595
1020,13.156,15.553
1021,13.194,15.614
1022,13.160,15.566
1023,13.149,15.563
1024,13.138,15.536
1025,13.120,15.518
1026,13.106,15.494
1027,13.078,15.468
1028,13.054,15.418
1029,13.045,15.408
1030,13.015,15.362
1031,13.050,15.424
1032,13.032,15.397
1033,13.050,15.421
1034,13.057,15.434
1035,13.062,15.431
1036,13.050,15.416
1037,13.056,15.434
1038,13.032,15.395
1039,13.036,15.399
1040,13.022,15.386
1041,13.014,15.366
1042,12.992,15.332
1043,12.997,15.351
1044,12.992,15.344
1045,12.999,15.362
1046,12.997,15.348
1047,12.989,15.356
1048,13.007,15.357
1049,12.979,15.319
1050,12.992,15.336
1051,12.980,15.329
1052,13.006,15.355
1053,13.005,15.357
1054,13.016,15.376
1055,13.017,15.380
1056,13.027,15.386
1057,13.040,15.420
1058,13.027,15.392
1059,13.054,15.443
1060,13.041,15.413
1061,13.049,15.430
1062,13.077,15.466
1063,13.063,15.448
1064,13.063,15.453
1065,13.078,15.481
1066,13.057,15.450
1067,13.073,15.476
1068,13.050,15.435
1069,13.024,15.396
1070,13.039,15.412
1071,13.054,15.444
1072,13.055,15.441
1073,13.057,15.436
1074,13.059,15.441
1075,13.073,15.469
1076,13.076,15.469
1077,13.067,15.471
1078,13.081,15.476
1079,13.110,15.526
1080,13.092,15.492
1081,13.076,15.468
1082,13.086,15.493
1083,13.093,15.507
1084,13.088,15.496
1085,13.081,15.482
1086,13.079,15.491
1087,13.046,15.446
1088,13.085,15.505
1089,13.065,15.477
1090,13.065,15.477
1091,13.081,15.506
1092,13.081,15.501
1093,13.059,15.463
1094,13.072,15.487
1095,13.075,15.505
1096,13.074,15.487
1097,13.061,15.490
1098,13.063,15.482
1099,13.048,15.447
1100,13.062,15.480
1101,13.057,15.464
1102,13.084,15.509
1103,13.105,15.535
1104,13.107,15.533
1105,13.131,15.573
1106,13.097,15.526
1107,13.101,15.531
1108,13.079,15.526
1109,13.059,15.479
1110,13.082,15.520
1111,13.074,15.508
1112,13.091,15.522
1113,13.090,15.529
1114,13.099,15.536
1115,13.113,15.551
1116,13.110,15.558
1117,13.132,15.591
1118,13.148,15.610
1119,13.142,15.592
1120,13.147,15.604
1121,13.155,15.629
1122,13.126,15.584
1123,13.142,15.606
1124,13.128,15.584
1125,13.127,15.588
1126,13.117,15.578
1127,13.126,15.594
1128,13.126,15.597
1129,13.124,15.598
1130,13.126,15.598
1131,13.142,15.628
1132,13.138,15.618
1133,13.121,15.582
1134,13.156,15.644
1135,13.145,15.621
1136,13.143,15.623
1137,13.156,15.637
1138,13.156,15.641
1139,13.175,15.676
1140,13.167,15.663
1141,13.169,15.668
1142,13.183,15.703
1143,13.200,15.729
1144,13.169,15.670
1145,13.168,15.670
1146,13.175,15.688
1147,13.182,15.705
1148,13.179,15.690
1149,13.191,15.717
1150,13.203,15.736
1151,13.195,15.734
1152,13.186,15.708
1153,13.191,15.715
1154,13.197,15.737
1155,13.194,15.729
1156,13.186,15.707
1157,13.193,15.730
1158,13.204,15.746
1159,13.224,15.772
1160,13.203,15.741
1161,13.247,15.804
1162,13.235,15.784
1163,13.241,15.805
1164,13.252,15.820
1165,13.255,15.809
1166,13.241,15.804
1167,13.242,15.818
1168,13.227,15.784
1169,13.224,15.784
1170,13.189,15.734
1171,13.204,15.742
1172,13.215,15.772
1173,13.192,15.732
1174,13.198,15.739
1175,13.235,15.809
1176,13.248,15.818
1177,13.270,15.858
1178,13.289,15.878
1179,13.317,15.934
1180,13.302,15.908
1181,13.323,15.934
1182,13.315,15.925
1183,13.312,15.907
1184,13.308,15.927
1185,13.281,15.879
1186,13.292,15.891
1187,13.311,15.909
1188,13.294,15.892
1189,13.300,15.899
1190,13.282,15.878
1191,13.287,15.884
1192,13.309,15.915
1193,13.322,15.927
1194,13.327,15.950
1195,13.348,15.984
1196,13.355,15.985
1197,13.343,15.976
1198,13.347,15.977
1199,13.371,16.013
1200,13.380,16.033
1201,13.379,16.025
1202,13.361,16.002
1203,13.408,16.075
1204,13.410,16.080
1205,13.384,16.049
1206,13.415,16.086
1207,13.409,16.076
1208,13.436,16.136
1209,13.440,16.113
1210,13.445,16.112
1211,13.477,16.176
1212,13.461,16.141
1213,13.479,16.179
1214,13.491,16.193
1215,13.498,16.203
1216,13.524,16.252
1217,13.493,16.205
1218,13.521,16.251
1219,13.529,16.262
1220,13.505,16.225
1221,13.510,16.228
1222,13.550,16.300
1223,13.502,16.235
1224,13.495,16.222
1225,13.507,16.239
1226,13.501,16.219
1227,13.513,16.243
1228,13.504,16.222
1229,13.514,16.231
1230,13.515,16.238
1231,13.527,16.269
1232,13.504,16.224
1233,13.507,16.223
1234,13.518,16.254
1235,13.543,16.295
1236,13.522,16.264
1237,13.529,16.249
1238,13.510,16.235
1239,13.542,16.280
1240,13.539,16.268
1241,13.530,16.264
1242,13.540,16.267
1243,13.544,16.284
1244,13.552,16.301
1245,13.566,16.312
1246,13.558,16.312
1247,13.546,16.289
1248,13.568,16.322
1249,13.563,16.307
1250,13.562,16.315
1251,13.565,16.321
1252,13.568,16.332
1253,13.578,16.334
1254,13.574,16.331
1255,13.551,16.291
1256,13.570,16.326
1257,13.564,16.306
1258,13.598,16.366
1259,13.602,16.364
1260,13.609,16.375
1261,13.612,16.391
1262,13.601,16.361
1263,13.606,16.367
1264,13.643,16.429
1265,13.629,16.398
1266,13.613,16.391
1267,13.618,16.403
1268,13.629,16.397
1269,13.607,16.368
1270,13.621,16.394
1271,13.636,16.415
1272,13.632,16.413
1273,13.632,16.402
1274,13.623,16.396
1275,13.637,16.395
1276,13.627,16.402
1277,13.637,16.409
1278,13.686,16.490
1279,13.656,16.437
1280,13.638,16.424
1281,13.649,16.426
1282,13.667,16.459
1283,13.633,16.402
1284,13.646,16.432
1285,13.652,16.444
1286,13.642,16.417
1287,13.657,16.447
1288,13.667,16.468
1289,13.665,16.462
1290,13.671,16.465
1291,13.662,16.458
1292,13.662,16.450
1293,13.662,16.453
1294,13.677,16.462
1295,13.691,16.502
1296,13.685,16.485
1297,13.701,16.503
1298,13.680,16.476
1299,13.714,16.526
1300,13.712,16.530
1301,13.730,16.566
1302,13.709,16.529
1303,13.718,16.532
1304,13.730,16.543
1305,13.747,16.580
1306,13.749,16.576
1307,13.741,16.547
1308,13.769,16.585
1309,13.783,16.589
1310,13.782,16.577
1311,13.797,16.614
1312,13.812,16.607
1313,13.792,16.587
1314,13.792,16.592
1315,13.813,16.628
1316,13.788,16.587
1317,13.762,16.562
1318,13.789,16.585
1319,13.780,16.577
1320,13.774,16.558
1321,13.750,16.524
1322,13.762,16.554
1323,13.769,16.557
1324,13.756,16.547
1325,13.741,16.519
1326,13.737,16.515
1327,13.741,16.513
1328,13.740,16.518
1329,13.744,16.511
1330,13.723,16.470
1331,13.733,16.494
1332,13.745,16.506
1333,13.736,16.493
1334,13.719,16.462
1335,13.719,16.465
1336,13.725,16.462
1337,13.704,16.440
1338,13.724,16.480
1339,13.713,16.460
1340,13.714,16.459
1341,13.731,16.491
1342,13.700,16.431
1343,13.686,16.412
1344,13.698,16.440
1345,13.706,16.450
1346,13.694,16.420
1347,13.680,16.415
1348,13.700,16.434
1349,13.693,16.432
1350,13.704,16.436
1351,13.694,16.435
1352,13.681,16.408
1353,13.689,16.427
1354,13.690,16.437
1355,13.684,16.425
1356,13.684,16.436
1357,13.673,16.413
1358,13.673,16.417
1359,13.659,16.399
1360,13.652,16.376
1361,13.648,16.384
1362,13.640,16.387
1363,13.655,16.391
1364,13.658,16.405
1365,13.665,16.414
1366,13.639,16.370
1367,13.644,16.371
1368,13.667,16.421
1369,13.663,16.422
1370,13.670,16.421
1371,13.668,16.424
1372,13.663,16.420
1373,13.682,16.445
1374,13.685,16.451
1375,13.668,16.423
1376,13.675,16.429
1377,13.661,16.411
1378,13.676,16.456
1379,13.674,16.438
1380,13.660,16.414
1381,13.646,16.403
1382,13.668,16.431
1383,13.673,16.457
1384,13.675,16.441
1385,13.675,16.443
1386,13.647,16.405
1387,13.671,16.450
1388,13.666,16.431
1389,13.649,16.404
1390,13.667,16.438
1391,13.671,16.436
1392,13.656,16.408
1393,13.651,16.421
1394,13.646,16.416
1395,13.666,16.440
1396,13.659,16.424
1397,13.660,16.440
1398,13.665,16.440
1399,13.644,16.404
1400,13.656,16.426
1401,13.658,16.443
1402,13.636,16.401
1403,13.667,16.448
1404,13.665,16.450
1405,13.658,16.432
1406,13.656,16.422
1407,13.638,16.387
1408,13.630,16.384
1409,13.644,16.411
1410,13.649,16.411
1411,13.655,16.422
1412,13.679,16.457
1413,13.663,16.431
1414,13.637,16.382
1415,13.664,16.432
1416,13.652,16.412
1417,13.652,16.417
1418,13.660,16.430
1419,13.646,16.405
1420,13.642,16.403
1421,13.629,16.373
1422,13.641,16.392
1423,13.641,16.402
1424,13.650,16.418
1425,13.648,16.404
1426,13.662,16.435
1427,13.633,16.366
1428,13.643,16.387
1429,13.668,16.433
1430,13.655,16.407
1431,13.673,16.444
1432,13.651,16.414
1433,13.629,16.384
1434,13.647,16.410
1435,13.628,16.374
1436,13.654,16.425
1437,13.624,16.372
1438,13.639,16.395
1439,13.650,16.414
1440,13.654,16.421
1441,13.641,16.393
1442,13.667,16.434
1443,13.664,16.430
1444,13.642,16.386
1445,13.626,16.354
1446,13.611,16.357
1447,13.629,16.370
1448,13.633,16.385
1449,13.651,16.414
1450,13.651,16.407
1451,13.634,16.384
1452,13.662,16.435
1453,13.652,16.407
1454,13.628,16.376
1455,13.667,16.438
1456,13.660,16.412
1457,13.655,16.418
1458,13.628,16.368
1459,13.643,16.391
1460,13.657,16.418
1461,13.627,16.364
1462,13.672,16.431
1463,13.649,16.399
1464,13.658,16.412
1465,13.658,16.408
1466,13.652,16.398
1467,13.669,16.424
1468,13.652,16.384
1469,13.648,16.391
1470,13.664,16.406
1471,13.640,16.373
1472,13.648,16.393
1473,13.661,16.404
1474,13.658,16.403
1475,13.657,16.395
1476,13.666,16.403
1477,13.650,16.378
1478,13.663,16.414
1479,13.669,16.421
1480,13.641,16.373
1481,13.649,16.383
1482,13.650,16.389
1483,13.661,16.404
1484,13.675,16.422
1485,13.655,16.401
1486,13.692,16.442
1487,13.655,16.405
1488,13.648,16.380
1489,13.649,16.401
1490,13.655,16.414
1491,13.649,16.398
1492,13.680,16.441
1493,13.667,16.441
1494,13.665,16.427
1495,13.643,16.393
1496,13.680,16.441
1497,13.680,16.445
1498,13.661,16.416
1499,13.691,16.461
1500,13.667,16.436
1501,13.661,16.416
1502,13.667,16.422
1503,13.673,16.441
1504,13.663,16.425
1505,13.655,16.421
1506,13.661,16.415
1507,13.661,16.413
1508,13.658,16.404
1509,13.655,16.414
1510,13.658,16.414
1511,13.657,16.418
1512,13.661,16.422
1513,13.639,16.387
1514,13.681,16.445
1515,13.648,16.391
1516,13.678,16.450
1517,13.647,16.381
1518,13.667,16.431
1519,13.668,16.434
1520,13.666,16.422
1521,13.680,16.452
1522,13.650,16.393
1523,13.640,16.387
1524,13.645,16.398
1525,13.652,16.409
1526,13.663,16.412
1527,13.669,16.433
1528,13.654,16.402
1529,13.647,16.402
1530,13.646,16.393
1531,13.652,16.406
1532,13.672,16.443
1533,13.674,16.441
1534,13.669,16.446
1535,13.671,16.436
1536,13.660,16.425
1537,13.659,16.424
1538,13.681,16.452
1539,13.668,16.438
1540,13.662,16.430
1541,13.641,16.394
1542,13.669,16.435
1543,13.664,16.431
1544,13.655,16.420
1545,13.666,16.433
1546,13.672,16.448
1547,13.660,16.430
1548,13.651,16.409
1549,13.658,16.427
1550,13.639,16.405
1551,13.654,16.428
1552,13.655,16.436
1553,13.669,16.452
1554,13.664,16.436
1555,13.678,16.456
1556,13.682,16.461
1557,13.681,16.472
1558,13.644,16.399
1559,13.644,16.408
1560,13.673,16.448
1561,13.665,16.443
1562,13.662,16.432
1563,13.657,16.443
1564,13.654,16.417
1565,13.653,16.415
1566,13.665,16.433
1567,13.636,16.399
1568,13.664,16.450
1569,13.632,16.389
1570,13.657,16.432
1571,13.632,16.387
1572,13.642,16.413
1573,13.634,16.390
1574,13.614,16.362
1575,13.609,16.344
1576,13.603,16.343
1577,13.618,16.363
1578,13.622,16.364
1579,13.631,16.391
1580,13.626,16.364
1581,13.617,16.357
1582,13.625,16.385
1583,13.621,16.363
1584,13.609,16.348
1585,13.603,16.335
1586,13.609,16.355
1587,13.590,16.315
1588,13.602,16.327
1589,13.584,16.302
1590,13.592,16.312
1591,13.573,16.290
1592,13.588,16.312
1593,13.578,16.303
1594,13.598,16.315
1595,13.574,16.298
1596,13.572,16.282
1597,13.556,16.277
1598,13.558,16.269
1599,13.555,16.268
1600,13.541,16.255
1601,13.546,16.258
1602,13.555,16.251
1603,13.537,16.250
1604,13.540,16.242
1605,13.535,16.220
1606,13.561,16.276
1607,13.565,16.268
1608,13.564,16.270
1609,13.547,16.243
1610,13.556,16.253
1611,13.548,16.239
1612,13.569,16.276
1613,13.551,16.249
1614,13.562,16.261
1615,13.563,16.270
1616,13.560,16.264
1617,13.551,16.241
1618,13.563,16.272
1619,13.557,16.259
1620,13.556,16.268
1621,13.562,16.267
1622,13.559,16.271
1623,13.551,16.251
1624,13.548,16.261
1625,13.565,16.281
1626,13.558,16.270
1627,13.545,16.264
1628,13.553,16.282
1629,13.553,16.283
1630,13.538,16.255
1631,13.557,16.291
1632,13.546,16.274
1633,13.550,16.285
1634,13.532,16.243
1635,13.529,16.247
1636,13.519,16.243
1637,13.504,16.204
1638,13.495,16.195
1639,13.522,16.220
1640,13.500,16.203
1641,13.498,16.202
1642,13.488,16.190
1643,13.479,16.179
1644,13.481,16.171
1645,13.479,16.178
1646,13.467,16.153
1647,13.484,16.189
1648,13.468,16.142
1649,13.474,16.163
1650,13.476,16.166
1651,13.477,16.174
1652,13.482,16.169
1653,13.458,16.130
1654,13.452,16.139
1655,13.451,16.118
1656,13.469,16.155
1657,13.470,16.157
1658,13.460,16.147
1659,13.446,16.129
1660,13.432,16.089
1661,13.465,16.150
1662,13.458,16.132
1663,13.445,16.113
1664,13.462,16.129
1665,13.467,16.150
1666,13.476,16.165
1667,13.447,16.115
1668,13.486,16.188
1669,13.499,16.202
1670,13.471,16.153
1671,13.446,16.126
1672,13.465,16.144
1673,13.475,16.170
1674,13.470,16.170
1675,13.493,16.202
1676,13.487,16.192
1677,13.492,16.216
1678,13.498,16.214
1679,13.496,16.216
1680,13.464,16.166
1681,13.470,16.173
1682,13.475,16.184
1683,13.479,16.189
1684,13.485,16.205
1685,13.478,16.195
1686,13.484,16.182
1687,13.488,16.202
1688,13.497,16.216
1689,13.477,16.182
1690,13.488,16.203
1691,13.473,16.191
1692,13.486,16.202
1693,13.484,16.197
1694,13.490,16.215
1695,13.495,16.212
1696,13.516,16.253
1697,13.491,16.221
1698,13.490,16.207
1699,13.492,16.211
1700,13.497,16.235
1701,13.501,16.239
1702,13.480,16.197
1703,13.488,16.203
1704,13.499,16.218
1705,13.490,16.213
1706,13.478,16.190
1707,13.497,16.214
1708,13.485,16.193
1709,13.497,16.212
1710,13.493,16.216
1711,13.472,16.178
1712,13.472,16.179
1713,13.469,16.178
1714,13.480,16.194
1715,13.497,16.213
1716,13.483,16.191
1717,13.475,16.171
1718,13.455,16.155
1719,13.499,16.221
1720,13.468,16.174
1721,13.498,16.212
1722,13.507,16.225
1723,13.486,16.205
1724,13.482,16.203
1725,13.475,16.173
1726,13.505,16.219
1727,13.493,16.200
1728,13.501,16.215
1729,13.523,16.253
1730,13.515,16.236
1731,13.512,16.233
1732,13.522,16.232
1733,13.514,16.233
1734,13.530,16.263
1735,13.524,16.241
1736,13.513,16.239
1737,13.515,16.234
1738,13.517,16.227
1739,13.548,16.272
1740,13.537,16.254
1741,13.542,16.271
1742,13.541,16.267
1743,13.540,16.274
1744,13.545,16.270
1745,13.543,16.267
1746,13.555,16.296
1747,13.547,16.287
1748,13.560,16.299
1749,13.557,16.287
1750,13.552,16.285
1751,13.535,16.255
1752,13.538,16.266
1753,13.537,16.266
1754,13.562,16.303
1755,13.558,16.279
1756,13.568,16.307
1757,13.544,16.274
1758,13.544,16.255
1759,13.566,16.289
1760,13.560,16.283
1761,13.577,16.328
1762,13.563,16.287
1763,13.562,16.293
1764,13.555,16.286
1765,13.540,16.263
1766,13.592,16.337
1767,13.593,16.354
1768,13.571,16.310
1769,13.581,16.323
1770,13.579,16.317
1771,13.586,16.335
1772,13.589,16.334
1773,13.592,16.327
1774,13.597,16.354
1775,13.581,16.318
1776,13.590,16.340
1777,13.572,16.313
1778,13.580,16.320
1779,13.595,16.351
1780,13.599,16.344
1781,13.606,16.369
1782,13.606,16.367
1783,13.615,16.400
1784,13.641,16.427
1785,13.622,16.391
1786,13.601,16.373
1787,13.617,16.388
1788,13.603,16.368
1789,13.620,16.388
1790,13.608,16.366
1791,13.639,16.431
1792,13.604,16.359
1793,13.627,16.412
1794,13.627,16.412
1795,13.638,16.411
1796,13.651,16.443
1797,13.654,16.440
1798,13.651,16.438
1799,13.673,16.468
1800,13.672,16.462
1801,13.684,16.481
1802,13.664,16.454
1803,13.673,16.468
1804,13.661,16.442
1805,13.671,16.463
1806,13.684,16.475
1807,13.673,16.450
1808,13.693,16.489
1809,13.692,16.489
1810,13.710,16.507
1811,13.699,16.495
1812,13.700,16.482
1813,13.703,16.503
1814,13.715,16.520
1815,13.706,16.499
1816,13.677,16.437
1817,13.708,16.506
1818,13.702,16.487
1819,13.714,16.502
1820,13.716,16.515
1821,13.730,16.521
1822,13.726,16.519
1823,13.710,16.491
1824,13.720,16.512
1825,13.730,16.513
1826,13.725,16.518
1827,13.699,16.482
1828,13.743,16.549
1829,13.715,16.487
1830,13.736,16.524
1831,13.745,16.534
1832,13.721,16.500
1833,13.737,16.536
1834,13.720,16.493
1835,13.721,16.496
1836,13.725,16.488
1837,13.722,16.489
1838,13.734,16.515
1839,13.702,16.455
1840,13.721,16.487
1841,13.713,16.483
