0,19.867,20.520
1,19.891,20.540
2,19.882,20.534
3,19.877,20.530
4,19.866,20.527
5,19.858,20.518
6,19.836,20.497
7,19.813,20.485
8,19.816,20.488
9,19.802,20.467
10,19.806,20.482
11,19.767,20.436
12,19.727,20.407
13,19.715,20.401
14,19.707,20.385
15,19.712,20.397
16,19.676,20.366
17,19.663,20.352
18,19.653,20.345
19,19.667,20.367
20,19.660,20.360
21,19.627,20.324
22,19.619,20.321
23,19.612,20.312
24,19.595,20.312
25,19.573,20.291
26,19.552,20.274
27,19.545,20.269
28,19.515,20.245
29,19.504,20.227
30,19.506,20.242
31,19.504,20.231
32,19.467,20.203
33,19.431,20.169
34,19.460,20.194
35,19.423,20.168
36,19.386,20.137
37,19.381,20.133
38,19.352,20.098
39,19.367,20.121
40,19.348,20.105
41,19.299,20.068
42,19.451,20.203
43,19.459,20.206
44,19.476,20.222
45,19.416,20.175
46,19.410,20.163
47,19.409,20.169
48,19.399,20.151
49,19.387,20.142
50,19.391,20.148
51,19.356,20.110
52,19.378,20.129
53,19.367,20.119
54,19.351,20.103
55,19.348,20.116
56,19.369,20.121
57,19.367,20.123
58,19.359,20.116
59,19.359,20.122
60,19.344,20.097
61,19.338,20.103
62,19.353,20.112
63,19.353,20.105
64,19.351,20.114
65,19.346,20.106
66,19.365,20.143
67,19.393,20.169
68,19.420,20.202
69,19.389,20.162
70,19.341,20.129
71,19.340,20.138
72,19.307,20.091
73,19.322,20.112
74,19.313,20.088
75,19.306,20.081
76,19.311,20.082
77,19.303,20.061
78,19.291,20.060
79,19.290,20.064
80,19.281,20.051
81,19.296,20.071
82,19.306,20.074
83,19.280,20.059
84,19.275,20.049
85,19.291,20.056
86,19.282,20.052
87,19.284,20.051
88,19.297,20.083
89,19.297,20.086
90,19.438,20.203
91,19.558,20.352
92,19.547,20.348
93,19.586,20.405
94,19.571,20.398
95,19.577,20.398
96,19.590,20.403
97,19.574,20.396
98,19.610,20.420
99,19.611,20.453
100,19.598,20.434
101,19.598,20.432
102,19.612,20.453
103,19.605,20.446
104,19.651,20.490
105,19.620,20.459
106,19.612,20.453
107,19.599,20.430
108,19.594,20.420
109,19.578,20.393
110,19.585,20.406
111,19.581,20.410
112,19.585,20.420
113,19.576,20.396
114,19.532,20.325
115,19.551,20.354
116,19.580,20.393
117,19.597,20.411
118,19.580,20.385
119,19.619,20.453
120,19.627,20.454
121,19.653,20.497
122,19.677,20.521
123,19.623,20.441
124,19.655,20.484
125,19.649,20.480
126,19.658,20.495
127,19.671,20.525
128,19.705,20.545
129,19.705,20.550
130,19.737,20.586
131,19.771,20.607
132,19.778,20.627
133,19.802,20.638
134,19.827,20.675
135,19.837,20.668
136,19.836,20.664
137,19.825,20.643
138,19.837,20.658
139,19.840,20.659
140,19.882,20.708
141,19.913,20.734
142,19.927,20.751
143,19.918,20.730
144,19.934,20.740
145,19.939,20.743
146,19.919,20.727
147,19.909,20.705
148,19.931,20.725
149,19.986,20.794
150,19.972,20.760
151,20.018,20.807
152,19.978,20.763
153,19.923,20.715
154,19.907,20.709
155,19.938,20.753
156,19.962,20.775
157,19.990,20.816
158,20.006,20.827
159,19.996,20.800
160,20.001,20.816
161,19.991,20.793
162,19.994,20.808
163,19.968,20.775
164,19.976,20.797
165,19.989,20.783
166,19.995,20.796
167,20.005,20.821
168,20.018,20.841
169,20.006,20.816
170,19.984,20.787
171,20.014,20.819
172,19.998,20.807
173,20.008,20.824
174,19.971,20.773
175,19.975,20.796
176,19.951,20.774
177,19.961,20.779
178,19.913,20.723
179,19.905,20.727
180,19.915,20.733
181,19.868,20.686
182,19.870,20.683
183,19.869,20.677
184,19.843,20.652
185,19.835,20.644
186,19.833,20.638
187,19.842,20.653
188,19.805,20.621
189,19.797,20.614
190,19.841,20.666
191,19.773,20.591
192,19.851,20.677
193,19.502,20.258
194,19.737,20.552
195,19.767,20.583
196,19.733,20.539
197,19.733,20.558
198,19.441,20.204
199,19.439,20.218
200,19.759,20.589
201,19.772,20.614
202,19.681,20.506
203,19.664,20.505
204,19.667,20.499
205,19.685,20.509
206,19.681,20.511
207,19.715,20.553
208,19.721,20.555
209,19.728,20.556
210,19.720,20.539
211,19.736,20.578
212,19.768,20.606
213,19.808,20.641
214,19.784,20.624
215,19.835,20.676
216,19.688,20.534
217,19.642,20.489
218,19.622,20.457
219,19.705,20.524
220,19.688,20.510
221,19.708,20.525
222,19.646,20.481
223,19.655,20.478
224,19.638,20.450
225,19.635,20.449
226,19.681,20.493
227,19.695,20.512
228,19.676,20.492
229,19.676,20.487
230,19.662,20.479
231,19.717,20.527
232,19.676,20.500
233,19.668,20.470
234,19.650,20.450
235,19.670,20.464
236,19.694,20.492
237,19.717,20.521
238,19.722,20.530
239,19.729,20.533
240,19.772,20.581
241,19.754,20.550
242,19.760,20.548
243,19.739,20.508
244,19.722,20.505
245,19.784,20.575
246,19.805,20.599
247,19.806,20.591
248,19.792,20.562
249,19.812,20.583
250,19.840,20.621
251,19.826,20.611
252,19.836,20.620
253,19.903,20.676
254,19.820,20.579
255,19.947,20.704
256,20.006,20.778
257,19.752,20.496
258,19.962,20.699
259,20.022,20.788
260,20.180,20.978
261,20.175,20.988
262,20.138,20.934
263,20.148,20.940
264,20.100,20.893
265,20.124,20.922
266,20.111,20.907
267,20.139,20.945
268,20.145,20.955
269,20.152,20.952
270,20.158,20.963
271,20.150,20.956
272,20.103,20.910
273,20.091,20.917
274,20.195,21.040
275,20.144,20.974
276,20.152,20.989
277,20.108,20.918
278,20.115,20.936
279,20.163,21.015
280,20.164,21.017
281,20.253,21.125
282,20.325,21.225
283,20.286,21.160
284,20.300,21.170
285,20.336,21.223
286,20.353,21.239
287,20.341,21.239
288,20.319,21.200
289,20.299,21.167
290,20.327,21.217
291,20.425,21.352
292,20.449,21.370
293,20.443,21.348
294,20.479,21.398
295,20.529,21.449
296,20.573,21.491
297,20.625,21.548
298,20.691,21.646
299,20.779,21.736
300,20.863,21.833
301,21.072,22.046
302,21.217,22.195
303,21.186,22.186
304,21.180,22.204
305,21.179,22.209
306,21.153,22.178
307,21.151,22.201
308,21.134,22.188
309,21.166,22.232
310,21.114,22.177
311,21.043,22.092
312,21.065,22.152
313,21.103,22.218
314,21.048,22.142
315,20.957,22.037
316,20.938,22.022
317,21.036,22.196
318,20.815,21.913
319,20.841,22.005
320,20.812,22.006
321,20.647,21.770
322,20.618,21.746
323,20.574,21.708
324,20.592,21.754
325,20.496,21.628
326,20.522,21.664
327,20.571,21.734
328,20.540,21.702
329,20.481,21.625
330,20.437,21.597
331,20.454,21.603
332,20.420,21.601
333,20.454,21.627
334,20.471,21.681
335,20.411,21.539
336,20.578,21.755
337,20.667,21.876
338,20.599,21.799
339,20.508,21.667
340,20.566,21.768
341,20.555,21.705
342,20.555,21.738
343,20.597,21.789
344,20.506,21.646
345,20.617,21.796
346,20.665,21.843
347,20.563,21.737
348,20.587,21.796
349,20.549,21.714
350,20.587,21.761
351,20.628,21.835
352,20.590,21.747
353,20.645,21.840
354,20.638,21.786
355,20.686,21.838
356,20.666,21.846
357,20.759,21.950
358,20.698,21.853
359,20.783,21.951
360,20.821,22.030
361,20.800,22.017
362,20.783,21.972
363,20.859,22.080
364,20.804,22.011
365,20.870,22.122
366,20.837,22.092
367,20.768,21.983
368,20.806,22.055
369,20.765,22.012
370,20.756,21.986
371,20.743,22.007
372,20.690,21.897
373,20.666,21.902
374,20.612,21.822
375,20.723,21.998
376,20.672,21.933
377,20.683,21.951
378,20.919,22.217
379,20.823,22.031
380,20.865,22.091
381,20.756,21.924
382,20.804,22.018
383,20.685,21.838
384,20.683,21.867
385,20.596,21.770
386,20.637,21.859
387,20.543,21.764
388,20.455,21.618
389,20.419,21.592
390,20.518,21.702
391,20.492,21.645
392,20.467,21.591
393,20.492,21.653
394,20.407,21.554
395,20.476,21.669
396,20.512,21.710
397,20.455,21.639
398,20.444,21.637
399,20.430,21.627
400,20.409,21.594
401,20.399,21.581
402,20.371,21.552
403,20.373,21.544
404,20.439,21.609
405,20.554,21.742
406,20.645,21.854
407,20.589,21.718
408,20.718,21.877
409,20.786,21.921
410,20.894,22.068
411,20.947,22.090
412,20.940,22.074
413,20.894,21.957
414,20.991,22.077
415,21.246,22.413
416,21.083,22.161
417,20.943,22.030
418,20.936,22.000
419,20.891,21.955
420,20.916,21.975
421,20.911,21.964
422,20.938,21.986
423,20.912,21.983
424,20.907,21.971
425,20.862,21.904
426,20.946,21.983
427,20.950,22.000
428,20.951,21.994
429,21.086,22.169
430,21.040,22.097
431,21.010,22.070
432,21.041,22.095
433,21.001,22.056
434,21.055,22.119
435,21.056,22.100
436,21.035,22.072
437,21.089,22.144
438,21.088,22.121
439,21.108,22.153
440,21.086,22.117
441,21.103,22.138
442,21.087,22.116
443,21.077,22.127
444,21.082,22.146
445,21.133,22.207
446,21.127,22.203
447,21.117,22.178
448,21.062,22.102
449,21.083,22.172
450,21.203,22.315
451,21.113,22.173
452,21.149,22.197
453,21.178,22.233
454,21.189,22.242
455,21.124,22.183
456,21.139,22.197
457,21.099,22.144
458,21.130,22.205
459,21.193,22.292
460,21.127,22.222
461,21.061,22.149
462,21.104,22.205
463,21.065,22.158
464,21.192,22.353
465,21.097,22.215
466,21.217,22.358
467,21.388,22.588
468,21.470,22.690
469,21.334,22.520
470,21.220,22.370
471,21.229,22.383
472,21.291,22.481
473,21.328,22.509
474,21.254,22.461
475,21.345,22.582
476,21.361,22.606
477,21.118,22.302
478,21.103,22.296
479,21.177,22.408
480,20.859,21.975
481,20.987,22.133
482,20.953,22.089
483,20.862,21.969
484,21.108,22.322
485,20.859,21.988
486,20.998,22.171
487,21.013,22.213
488,20.916,22.095
489,20.955,22.147
490,20.876,22.040
491,20.886,22.073
492,20.833,22.050
493,20.823,22.071
494,20.750,21.931
495,20.761,21.991
496,20.697,21.884
497,20.702,21.886
498,20.690,21.877
499,20.887,22.153
500,20.746,21.988
501,20.664,21.874
502,20.672,21.911
503,20.562,21.753
504,20.555,21.768
505,20.483,21.677
506,20.531,21.754
507,20.610,21.834
508,20.581,21.756
509,20.651,21.873
510,20.480,21.675
511,20.492,21.702
512,20.309,21.468
513,20.584,21.828
514,20.474,21.674
515,20.516,21.729
516,20.734,21.982
517,20.705,21.890
518,20.791,21.999
519,20.679,21.860
520,20.703,21.911
521,20.627,21.811
522,20.673,21.866
523,20.601,21.758
524,20.748,21.970
525,20.440,21.561
526,20.500,21.645
527,20.573,21.730
528,20.654,21.833
529,20.577,21.705
530,20.637,21.796
531,20.586,21.702
532,20.660,21.835
533,20.562,21.679
534,20.609,21.764
535,20.590,21.742
536,20.520,21.606
537,20.596,21.721
538,20.666,21.818
539,20.658,21.821
540,20.598,21.713
541,20.667,21.838
542,20.675,21.857
543,20.696,21.872
544,20.644,21.812
545,20.703,21.890
546,20.800,22.019
547,20.887,22.126
548,20.813,21.986
549,20.989,22.220
550,20.992,22.226
551,20.755,21.900
552,20.750,21.909
553,20.954,22.157
554,20.715,21.822
555,20.765,21.903
556,20.715,21.810
557,21.050,22.267
558,21.031,22.224
559,21.134,22.351
560,21.218,22.453
561,21.085,22.226
562,21.171,22.330
563,21.183,22.327
564,21.220,22.384
565,21.214,22.359
566,21.150,22.236
567,21.094,22.219
568,21.049,22.178
569,21.130,22.298
570,21.147,22.289
571,21.162,22.282
572,21.216,22.369
573,21.092,22.177
574,21.110,22.205
575,21.127,22.215
576,20.969,22.057
577,20.929,22.027
578,20.894,21.993
579,20.990,22.071
580,21.027,22.149
581,20.953,22.034
582,21.029,22.135
583,21.007,22.135
584,20.979,22.098
585,20.954,22.026
586,21.049,22.171
587,21.129,22.274
588,21.049,22.165
589,21.006,22.117
590,20.943,22.023
591,20.992,22.090
592,20.952,22.053
593,21.011,22.149
594,20.883,21.945
595,20.898,21.999
596,20.902,22.015
597,20.912,22.034
598,20.895,22.024
599,20.868,21.950
600,20.880,21.981
601,20.836,21.927
602,20.801,21.880
603,20.758,21.851
604,20.811,21.923
605,20.703,21.800
606,20.751,21.869
607,20.722,21.805
608,20.809,21.946
609,20.849,21.970
610,20.857,21.968
611,20.888,22.010
612,20.967,22.101
613,20.977,22.095
614,20.850,21.914
615,20.856,21.949
616,20.914,22.056
617,20.755,21.840
618,20.761,21.860
619,20.712,21.830
620,20.641,21.784
621,20.631,21.780
622,20.526,21.625
623,20.588,21.715
624,20.608,21.753
625,20.592,21.739
626,20.566,21.728
627,20.625,21.819
628,20.606,21.808
629,20.483,21.628
630,20.546,21.714
631,20.554,21.740
632,20.513,21.691
633,20.517,21.681
634,20.572,21.770
635,20.525,21.718
636,20.515,21.742
637,20.707,22.090
638,20.507,21.823
639,20.470,21.767
640,20.490,21.807
641,20.522,21.851
642,20.546,21.781
643,20.593,21.849
644,20.622,21.837
645,20.979,22.381
646,20.798,22.137
647,20.667,21.914
648,20.693,21.965
649,20.714,21.997
650,20.731,22.004
651,20.701,21.960
652,20.749,22.031
653,20.682,21.914
654,20.816,22.136
655,20.774,22.081
656,20.866,22.215
657,20.792,22.121
658,20.870,22.230
659,20.689,21.967
660,21.019,22.354
661,20.969,22.281
662,21.148,22.517
663,20.934,22.228
664,21.027,22.348
665,21.027,22.334
666,21.058,22.352
667,21.042,22.319
668,21.034,22.299
669,21.074,22.354
670,21.098,22.415
671,21.035,22.329
672,20.972,22.237
673,20.891,22.144
674,20.910,22.200
675,20.840,22.109
676,20.815,22.067
677,20.865,22.169
678,20.781,22.035
679,20.809,22.054
680,20.779,21.998
681,20.831,22.099
682,20.842,22.075
683,20.838,22.063
684,20.908,22.166
685,21.013,22.296
686,20.967,22.245
687,20.965,22.235
688,20.939,22.171
689,20.995,22.198
690,21.071,22.314
691,21.148,22.397
692,21.163,22.381
693,21.253,22.491
694,21.250,22.445
695,21.316,22.529
696,21.349,22.645
697,21.294,22.559
698,21.216,22.450
699,21.288,22.518
700,21.196,22.368
701,21.258,22.466
702,21.049,22.230
703,21.080,22.286
704,21.083,22.300
705,21.122,22.369
706,21.114,22.346
707,21.062,22.253
708,21.111,22.345
709,21.079,22.272
710,21.133,22.381
711,21.182,22.440
712,21.040,22.251
713,21.055,22.291
714,21.010,22.204
715,21.036,22.253
716,21.028,22.251
717,21.039,22.274
718,21.003,22.224
719,21.025,22.278
720,21.095,22.359
721,20.996,22.208
722,21.022,22.251
723,21.092,22.335
724,21.026,22.245
725,21.114,22.356
726,21.075,22.295
727,21.120,22.383
728,21.153,22.423
729,21.173,22.462
730,21.129,22.376
731,21.042,22.282
732,21.029,22.284
733,20.970,22.214
734,20.961,22.182
735,20.948,22.190
736,20.969,22.235
737,20.891,22.118
738,20.932,22.189
739,21.179,22.541
740,21.052,22.336
741,21.258,22.604
742,21.119,22.422
743,21.074,22.344
744,21.176,22.485
745,21.122,22.412
746,21.145,22.424
747,21.132,22.425
748,21.136,22.420
749,21.216,22.541
750,21.048,22.349
751,21.073,22.373
752,21.188,22.562
753,21.082,22.398
754,21.055,22.394
755,20.939,22.255
756,20.964,22.346
757,20.902,22.258
758,20.917,22.278
759,20.852,22.204
760,20.826,22.192
761,20.813,22.213
762,20.825,22.247
763,20.697,22.077
764,20.677,22.045
765,20.681,22.060
766,20.618,21.968
767,20.690,22.102
768,20.628,22.020
769,20.648,22.047
770,20.602,22.007
771,20.761,22.147
772,20.778,22.186
773,20.704,22.108
774,20.679,22.090
775,20.641,22.072
776,20.532,21.941
777,20.711,22.120
778,20.748,22.163
779,20.739,22.163
780,20.851,22.259
781,20.855,22.250
782,20.880,22.276
783,20.802,22.199
784,20.801,22.198
785,20.803,22.225
786,20.794,22.203
787,20.765,22.176
788,20.789,22.190
789,20.765,22.163
790,20.771,22.181
791,20.763,22.147
792,20.753,22.138
793,20.739,22.109
794,20.720,22.081
795,20.780,22.156
796,20.783,22.147
797,20.814,22.171
798,20.830,22.178
799,20.887,22.194
800,21.053,22.403
801,21.086,22.397
802,21.125,22.396
803,21.327,22.600
804,21.210,22.440
805,21.231,22.406
806,21.530,22.743
807,21.470,22.713
808,21.513,22.752
809,21.472,22.686
810,21.487,22.729
811,21.517,22.745
812,21.526,22.724
813,21.293,22.454
814,21.550,22.785
815,21.252,22.404
816,21.316,22.488
817,21.252,22.389
818,21.494,22.691
819,21.306,22.459
820,21.274,22.397
821,21.287,22.421
822,21.547,22.767
823,21.519,22.710
824,21.584,22.811
825,21.314,22.441
826,21.292,22.427
827,21.308,22.451
828,21.265,22.391
829,21.278,22.404
830,21.508,22.718
831,21.375,22.541
832,21.432,22.631
833,21.336,22.494
834,21.404,22.589
835,21.326,22.490
836,21.338,22.510
837,21.393,22.587
838,21.407,22.606
839,21.367,22.538
840,21.348,22.561
841,21.244,22.408
842,21.236,22.413
843,21.150,22.275
844,21.216,22.368
845,21.125,22.244
846,21.239,22.411
847,21.158,22.292
848,21.198,22.353
849,21.179,22.344
850,21.187,22.348
851,21.148,22.309
852,21.091,22.262
853,21.033,22.221
854,20.913,22.045
855,20.892,22.063
856,20.870,22.037
857,20.823,21.994
858,20.808,21.974
859,20.762,21.909
860,20.803,21.974
861,20.724,21.910
862,20.685,21.852
863,20.611,21.756
864,20.629,21.797
865,20.623,21.815
866,20.588,21.775
867,20.533,21.719
868,20.649,21.870
869,20.729,21.979
870,20.616,21.859
871,20.576,21.806
872,20.535,21.756
873,20.630,21.911
874,20.609,21.903
875,20.578,21.875
876,20.669,22.024
877,20.477,21.790
878,20.540,21.879
879,20.451,21.760
880,20.435,21.726
881,20.411,21.733
882,20.456,21.804
883,20.385,21.708
884,20.430,21.783
885,20.577,21.917
886,20.504,21.786
887,20.534,21.842
888,20.431,21.745
889,20.408,21.741
890,20.326,21.626
891,20.509,21.816
892,20.529,21.815
893,20.604,21.925
894,20.592,21.910
895,20.577,21.868
896,20.632,21.933
897,20.721,22.084
898,20.650,21.932
899,20.694,21.995
900,20.646,21.921
901,20.715,22.023
902,20.669,21.947
903,20.737,22.046
904,20.683,21.982
905,20.755,22.078
906,20.695,22.000
907,20.734,22.053
908,20.724,22.050
909,20.741,22.067
910,20.657,21.945
911,20.681,22.000
912,20.647,21.939
913,20.664,21.991
914,20.610,21.887
915,20.547,21.808
916,20.528,21.823
917,20.551,21.829
918,20.569,21.862
919,20.490,21.745
920,20.471,21.717
921,20.621,21.932
922,20.466,21.713
923,20.498,21.779
924,20.452,21.687
925,20.472,21.705
926,20.460,21.686
927,20.529,21.788
928,20.510,21.773
929,20.480,21.698
930,20.463,21.668
931,20.536,21.785
932,20.449,21.658
933,20.478,21.690
934,20.517,21.746
935,20.425,21.598
936,20.521,21.747
937,20.480,21.666
938,20.517,21.688
939,20.585,21.769
940,20.693,21.918
941,20.675,21.860
942,20.814,22.073
943,20.666,21.849
944,20.729,21.923
945,20.860,22.086
946,20.864,22.031
947,20.958,22.156
948,21.020,22.205
949,21.060,22.247
950,21.073,22.239
951,21.012,22.221
952,20.980,22.189
953,20.995,22.233
954,20.905,22.057
955,21.049,22.223
956,21.049,22.209
957,21.016,22.222
958,20.958,22.173
959,20.851,22.021
960,20.944,22.130
961,20.957,22.155
962,21.035,22.274
963,20.931,22.122
964,20.955,22.177
965,20.943,22.173
966,20.902,22.102
967,20.956,22.158
968,20.918,22.097
969,20.998,22.226
970,20.891,22.080
971,20.925,22.149
972,20.924,22.123
973,21.040,22.285
974,21.014,22.218
975,21.083,22.324
976,21.065,22.276
977,21.117,22.356
978,21.117,22.341
979,21.164,22.403
980,21.113,22.318
981,21.111,22.348
982,21.130,22.374
983,21.196,22.457
984,21.297,22.588
985,21.114,22.347
986,21.131,22.347
987,21.188,22.423
988,21.190,22.427
989,21.122,22.329
990,21.231,22.500
991,21.255,22.535
992,21.130,22.375
993,21.087,22.288
994,21.119,22.341
995,21.114,22.338
996,21.094,22.301
997,21.171,22.411
998,21.174,22.402
999,21.199,22.440
1000,21.120,22.330
1001,21.168,22.368
1002,21.251,22.470
1003,21.248,22.433
1004,21.249,22.454
1005,21.247,22.452
1006,21.273,22.476
1007,21.227,22.430
1008,21.192,22.405
1009,21.191,22.406
1010,21.160,22.381
1011,21.114,22.340
1012,21.131,22.367
1013,21.121,22.374
1014,21.069,22.324
1015,20.972,22.206
1016,21.017,22.285
1017,21.018,22.329
1018,21.008,22.357
1019,20.938,22.275
1020,20.902,22.239
1021,20.891,22.242
1022,20.876,22.226
1023,20.814,22.164
1024,20.786,22.145
1025,20.950,22.362
1026,21.127,22.516
1027,21.154,22.536
1028,21.389,22.836
1029,21.027,22.371
1030,20.783,22.062
1031,20.893,22.197
1032,20.811,22.084
1033,20.904,22.223
1034,20.925,22.254
1035,20.834,22.133
1036,20.921,22.246
1037,20.888,22.196
1038,20.991,22.343
1039,20.993,22.360
1040,21.021,22.353
1041,20.986,22.318
1042,20.921,22.242
1043,20.953,22.312
1044,20.926,22.278
1045,20.815,22.131
1046,20.755,22.055
1047,20.806,22.135
1048,20.788,22.093
1049,20.765,22.071
1050,20.745,22.054
1051,20.657,21.936
1052,20.596,21.862
1053,20.644,21.933
1054,20.587,21.874
1055,20.518,21.775
1056,20.529,21.773
1057,20.588,21.886
1058,20.532,21.807
1059,20.593,21.901
1060,20.533,21.804
1061,20.531,21.803
1062,20.566,21.852
1063,20.504,21.762
1064,20.511,21.775
1065,20.583,21.861
1066,20.564,21.831
1067,20.648,21.925
1068,20.711,22.027
1069,20.666,21.951
1070,20.650,21.928
1071,20.619,21.876
1072,20.679,21.971
1073,20.625,21.899
1074,20.625,21.879
1075,20.743,22.063
1076,20.786,22.101
1077,20.789,22.102
1078,20.756,22.064
1079,20.854,22.197
1080,20.778,22.095
1081,20.781,22.084
1082,20.754,22.046
1083,20.808,22.123
1084,20.768,22.096
1085,20.783,22.115
1086,20.760,22.077
1087,20.801,22.120
1088,20.826,22.158
1089,20.912,22.216
1090,20.961,22.263
1091,20.988,22.285
1092,20.966,22.262
1093,20.969,22.269
1094,21.041,22.389
1095,20.987,22.319
1096,20.956,22.266
1097,20.926,22.233
1098,20.955,22.287
1099,20.969,22.292
1100,20.964,22.261
1101,20.934,22.252
1102,20.987,22.319
1103,21.021,22.380
1104,21.009,22.364
1105,20.979,22.332
1106,21.009,22.396
1107,20.964,22.334
1108,20.995,22.376
1109,21.000,22.395
1110,20.869,22.202
1111,20.877,22.213
1112,20.833,22.158
1113,20.839,22.176
1114,20.825,22.188
1115,20.765,22.104
1116,21.034,22.405
1117,21.049,22.404
1118,20.985,22.297
1119,21.059,22.447
1120,21.094,22.477
1121,21.024,22.378
1122,20.976,22.306
1123,21.024,22.373
1124,20.963,22.275
1125,20.975,22.292
1126,21.058,22.362
1127,21.049,22.352
1128,21.169,22.472
1129,21.191,22.463
1130,21.222,22.483
1131,21.267,22.509
1132,21.294,22.531
1133,21.338,22.559
1134,21.350,22.559
1135,21.352,22.523
1136,21.626,22.823
1137,21.731,22.940
1138,21.755,22.957
1139,21.698,22.861
1140,21.463,22.674
1141,21.507,22.727
1142,21.354,22.539
1143,21.400,22.625
1144,21.322,22.562
1145,21.217,22.405
1146,21.210,22.425
1147,21.234,22.461
1148,21.176,22.371
1149,21.277,22.527
1150,21.340,22.616
1151,21.258,22.491
1152,21.269,22.519
1153,21.262,22.520
1154,21.252,22.517
1155,21.204,22.431
1156,21.227,22.482
1157,21.242,22.504
1158,21.264,22.522
1159,21.306,22.584
1160,21.282,22.534
1161,21.231,22.517
1162,21.135,22.376
1163,21.170,22.449
1164,21.222,22.491
1165,21.156,22.396
1166,21.230,22.491
1167,21.211,22.444
1168,21.241,22.498
1169,21.231,22.480
1170,21.152,22.359
1171,21.260,22.517
1172,21.180,22.389
1173,21.297,22.558
1174,21.341,22.643
1175,21.229,22.448
1176,21.267,22.516
1177,21.229,22.459
1178,21.298,22.574
1179,21.167,22.378
1180,21.202,22.430
1181,21.193,22.408
1182,21.125,22.306
1183,21.183,22.400
1184,21.149,22.346
1185,21.197,22.430
1186,21.156,22.346
1187,21.152,22.361
1188,20.997,22.134
1189,21.052,22.246
1190,20.968,22.161
1191,20.956,22.147
1192,20.903,22.091
1193,20.874,22.073
1194,20.825,21.977
1195,20.979,22.172
1196,21.077,22.297
1197,21.064,22.285
1198,21.011,22.226
1199,20.985,22.242
1200,20.921,22.127
1201,21.152,22.515
1202,20.981,22.291
1203,20.891,22.208
1204,21.213,22.798
1205,20.592,22.002
1206,20.874,22.439
1207,20.560,21.927
1208,20.520,21.890
1209,20.737,22.027
1210,21.288,22.861
1211,20.870,22.192
1212,20.758,22.064
1213,20.776,22.105
1214,20.788,22.135
1215,20.814,22.077
1216,21.022,22.342
1217,21.023,22.332
1218,20.976,22.318
1219,20.910,22.207
1220,20.880,22.163
1221,20.839,22.098
1222,20.883,22.173
1223,20.832,22.091
1224,20.872,22.181
1225,21.111,22.531
1226,20.873,22.168
1227,20.728,21.947
1228,20.813,22.066
1229,20.992,22.302
1230,21.060,22.403
1231,21.091,22.419
1232,21.093,22.423
1233,21.083,22.384
1234,21.093,22.411
1235,20.823,22.038
1236,20.871,22.112
1237,21.042,22.315
1238,21.048,22.343
1239,20.985,22.209
1240,21.392,22.692
1241,21.344,22.604
1242,21.334,22.581
1243,21.444,22.716
1244,21.318,22.494
1245,21.280,22.482
1246,21.101,22.255
1247,21.611,22.962
1248,21.314,22.521
1249,21.420,22.692
1250,21.379,22.626
1251,21.375,22.708
1252,21.214,22.493
1253,21.205,22.466
1254,21.139,22.333
1255,21.344,22.623
1256,21.228,22.476
1257,21.389,22.713
1258,21.175,22.409
1259,21.163,22.390
1260,21.158,22.355
1261,21.243,22.497
1262,21.146,22.341
1263,21.247,22.477
1264,21.208,22.417
1265,21.214,22.452
1266,21.157,22.350
1267,21.181,22.411
1268,21.214,22.420
1269,21.183,22.375
1270,21.235,22.484
1271,21.262,22.498
1272,21.285,22.556
1273,21.204,22.429
1274,21.278,22.513
1275,21.320,22.581
1276,21.201,22.412
1277,21.203,22.409
1278,21.284,22.517
1279,21.246,22.449
1280,21.264,22.491
1281,21.108,22.334
1282,21.194,22.475
1283,21.184,22.450
1284,21.190,22.464
1285,21.194,22.447
1286,21.221,22.493
1287,21.196,22.456
1288,21.257,22.540
1289,21.202,22.442
1290,21.196,22.441
1291,21.213,22.495
1292,21.235,22.507
1293,21.240,22.524
1294,21.191,22.462
1295,21.200,22.467
1296,21.165,22.433
1297,21.193,22.479
1298,21.130,22.376
1299,21.185,22.473
1300,21.144,22.400
1301,21.189,22.481
1302,21.138,22.411
1303,21.193,22.483
1304,21.146,22.412
1305,21.206,22.495
1306,21.149,22.408
1307,21.195,22.483
1308,21.151,22.424
1309,21.186,22.483
1310,21.156,22.415
1311,21.139,22.427
1312,21.159,22.464
1313,21.154,22.473
1314,21.077,22.353
1315,21.113,22.411
1316,21.074,22.352
1317,21.053,22.317
1318,21.105,22.417
1319,21.074,22.372
1320,21.045,22.356
1321,20.985,22.293
1322,20.926,22.219
1323,20.937,22.248
1324,20.905,22.205
1325,20.940,22.268
1326,20.826,22.132
1327,20.806,22.105
1328,20.831,22.157
1329,20.829,22.160
1330,20.757,22.080
1331,20.716,22.016
1332,20.787,22.131
1333,20.679,21.996
1334,20.593,21.901
1335,20.673,22.025
1336,20.616,21.964
1337,20.596,21.915
1338,20.747,22.084
1339,20.727,22.044
1340,20.746,22.058
1341,20.613,21.947
1342,20.550,21.875
1343,20.570,21.957
1344,20.690,21.996
1345,20.732,22.034
1346,20.848,22.178
1347,20.709,22.010
1348,20.750,22.076
1349,20.727,22.043
1350,20.724,22.024
1351,20.736,22.069
1352,20.722,22.055
1353,20.779,22.135
1354,20.774,22.137
1355,20.804,22.192
1356,20.730,22.098
1357,20.713,22.081
1358,20.680,22.001
1359,20.713,22.065
1360,20.715,22.066
1361,20.680,22.026
1362,20.773,22.145
1363,20.924,22.361
1364,20.809,22.215
1365,20.744,22.116
1366,20.823,22.231
1367,20.737,22.125
1368,20.885,22.362
1369,20.794,22.183
1370,20.761,22.129
1371,20.769,22.140
1372,20.791,22.162
1373,20.769,22.117
1374,20.795,22.147
1375,20.849,22.209
1376,20.902,22.304
1377,20.882,22.275
1378,20.889,22.280
1379,20.925,22.317
1380,20.906,22.269
1381,20.923,22.280
1382,20.897,22.248
1383,20.968,22.318
1384,21.022,22.392
1385,20.972,22.312
1386,21.015,22.355
1387,21.054,22.420
1388,21.062,22.381
1389,21.061,22.368
1390,21.074,22.356
1391,21.086,22.373
1392,21.184,22.515
1393,21.147,22.424
1394,21.329,22.691
1395,21.198,22.472
1396,21.171,22.419
1397,21.218,22.487
1398,21.224,22.499
1399,21.219,22.454
1400,21.297,22.557
1401,21.093,22.303
1402,21.113,22.356
1403,21.220,22.477
1404,21.503,22.754
1405,21.445,22.652
1406,21.505,22.730
1407,21.343,22.585
1408,21.241,22.439
1409,21.193,22.394
1410,21.232,22.449
1411,21.152,22.343
1412,21.105,22.241
1413,21.110,22.268
1414,21.107,22.266
1415,21.052,22.194
1416,21.059,22.204
1417,21.028,22.147
1418,21.028,22.183
1419,20.971,22.085
1420,20.986,22.113
1421,21.008,22.145
1422,20.964,22.081
1423,20.982,22.105
1424,20.940,22.066
1425,20.965,22.078
1426,21.001,22.133
1427,21.046,22.182
1428,21.062,22.191
1429,21.016,22.130
1430,20.988,22.080
1431,20.995,22.076
1432,20.982,22.074
1433,21.011,22.088
1434,20.990,22.063
1435,21.019,22.107
1436,21.118,22.246
1437,20.964,22.049
1438,20.878,21.926
1439,20.909,21.966
1440,20.897,21.950
1441,20.843,21.889
1442,20.816,21.834
1443,20.796,21.820
1444,20.775,21.818
1445,20.726,21.738
1446,20.797,21.860
1447,20.703,21.723
1448,20.704,21.728
1449,20.684,21.712
1450,20.700,21.720
1451,20.676,21.715
1452,20.680,21.700
1453,20.653,21.672
1454,20.686,21.702
1455,20.726,21.777
1456,20.761,21.804
1457,20.808,21.873
1458,20.827,21.901
1459,20.848,21.949
1460,20.907,22.042
1461,20.845,21.959
1462,20.855,21.989
1463,20.872,22.030
1464,20.866,22.003
1465,20.848,21.987
1466,20.829,21.986
1467,20.798,21.954
1468,20.859,22.039
1469,20.750,21.928
1470,20.709,21.881
1471,20.698,21.887
1472,20.703,21.884
1473,20.654,21.847
1474,20.605,21.790
1475,20.611,21.800
1476,20.603,21.803
1477,20.617,21.836
1478,20.591,21.816
1479,20.583,21.797
1480,20.506,21.720
1481,20.567,21.812
1482,20.526,21.775
1483,20.505,21.753
1484,20.496,21.752
1485,20.526,21.795
1486,20.434,21.701
1487,20.511,21.814
1488,20.326,21.586
1489,20.378,21.654
1490,20.332,21.597
1491,20.502,21.790
1492,20.491,21.747
1493,20.458,21.692
1494,20.401,21.662
1495,20.340,21.598
1496,20.308,21.558
1497,20.367,21.643
1498,20.259,21.515
1499,20.216,21.462
1500,20.533,21.838
1501,20.680,22.029
1502,20.448,21.691
1503,20.380,21.595
1504,20.498,21.785
1505,20.718,22.078
1506,20.836,22.280
1507,20.626,21.988
1508,20.461,21.746
1509,20.621,21.991
1510,20.471,21.753
1511,20.498,21.800
1512,20.713,22.028
1513,20.624,21.883
1514,20.695,21.973
1515,20.616,21.913
1516,20.597,21.869
1517,20.566,21.834
1518,20.736,22.031
1519,20.663,21.921
1520,20.713,21.961
1521,20.627,21.921
1522,20.659,21.949
1523,20.683,21.975
1524,20.639,21.944
1525,20.738,22.036
1526,20.893,22.192
1527,20.971,22.244
1528,20.989,22.201
1529,21.043,22.268
1530,21.150,22.371
1531,21.278,22.487
1532,21.331,22.510
1533,21.293,22.448
1534,21.281,22.418
1535,21.291,22.412
1536,21.216,22.285
1537,21.521,22.692
1538,21.349,22.496
1539,21.250,22.369
1540,21.377,22.528
1541,21.095,22.152
1542,21.229,22.373
1543,20.993,22.038
1544,21.218,22.340
1545,21.472,22.671
1546,21.284,22.442
1547,20.969,22.016
1548,21.145,22.247
1549,21.140,22.247
1550,21.120,22.217
1551,21.395,22.592
1552,21.086,22.163
1553,21.087,22.150
1554,21.102,22.191
1555,21.114,22.192
1556,21.161,22.270
1557,21.293,22.444
1558,21.152,22.231
1559,21.107,22.173
1560,21.204,22.315
1561,21.088,22.164
1562,21.135,22.219
1563,21.069,22.116
1564,21.197,22.297
1565,21.115,22.189
1566,21.005,22.039
1567,20.948,21.974
1568,20.956,21.983
1569,21.117,22.175
1570,21.259,22.365
1571,21.028,22.094
1572,20.962,21.988
1573,21.050,22.110
1574,21.086,22.163
1575,20.982,22.077
1576,20.859,21.905
1577,20.884,21.944
1578,20.896,21.965
1579,21.277,22.454
1580,21.232,22.440
1581,20.964,22.079
1582,20.939,22.030
1583,21.004,22.100
1584,20.939,22.022
1585,20.944,22.017
1586,20.950,22.020
1587,20.971,22.048
1588,21.015,22.112
1589,21.034,22.146
1590,20.952,22.056
1591,20.978,22.097
1592,20.832,21.895
1593,20.868,21.953
1594,20.869,21.965
1595,20.878,21.985
1596,20.922,22.053
1597,20.851,21.968
1598,20.829,21.936
1599,20.780,21.866
1600,20.780,21.886
1601,20.880,22.035
1602,20.815,21.943
1603,20.787,21.925
1604,20.707,21.836
1605,20.667,21.794
1606,20.639,21.761
1607,20.600,21.715
1608,20.577,21.693
1609,20.522,21.625
1610,20.503,21.624
1611,20.456,21.564
1612,20.464,21.626
1613,20.377,21.501
1614,20.317,21.443
1615,20.419,21.583
1616,20.341,21.488
1617,20.308,21.436
1618,20.255,21.384
1619,20.190,21.303
1620,20.158,21.246
1621,20.235,21.367
1622,20.158,21.272
1623,20.013,21.088
1624,20.087,21.176
1625,20.134,21.264
1626,20.097,21.234
1627,20.096,21.223
1628,20.004,21.124
1629,20.176,21.288
1630,20.342,21.490
1631,20.341,21.486
1632,20.276,21.421
1633,20.146,21.241
1634,20.181,21.315
1635,20.123,21.244
1636,20.172,21.323
1637,20.104,21.249
1638,20.014,21.114
1639,20.043,21.150
1640,20.054,21.177
1641,20.009,21.131
1642,20.076,21.201
1643,20.066,21.197
1644,20.056,21.187
1645,19.989,21.084
1646,20.043,21.172
1647,20.231,21.362
1648,20.192,21.302
1649,20.259,21.372
1650,20.146,21.233
1651,20.224,21.345
1652,20.292,21.421
1653,20.353,21.499
1654,20.299,21.444
1655,20.322,21.475
1656,20.394,21.577
1657,20.389,21.572
1658,20.259,21.391
1659,20.333,21.490
1660,20.311,21.470
1661,20.214,21.326
1662,20.275,21.389
1663,20.295,21.431
1664,20.230,21.317
1665,20.316,21.440
1666,20.325,21.431
1667,20.351,21.472
1668,20.227,21.320
1669,20.278,21.381
1670,20.322,21.436
1671,20.481,21.640
1672,20.410,21.534
1673,20.429,21.558
1674,20.430,21.543
1675,20.543,21.697
1676,20.599,21.776
1677,20.566,21.718
1678,20.600,21.769
1679,20.483,21.652
1680,20.437,21.590
1681,20.521,21.675
1682,20.461,21.623
1683,20.361,21.495
1684,20.409,21.558
1685,20.415,21.580
1686,20.486,21.680
1687,20.466,21.632
1688,20.568,21.757
1689,20.434,21.578
1690,20.465,21.630
1691,20.509,21.652
1692,20.549,21.709
1693,20.549,21.674
1694,20.598,21.745
1695,20.646,21.786
1696,20.609,21.705
1697,20.679,21.797
1698,20.698,21.809
1699,20.744,21.866
1700,20.750,21.841
1701,20.764,21.825
1702,20.831,21.916
1703,20.822,21.894
1704,20.781,21.848
1705,20.814,21.879
1706,20.820,21.882
1707,20.677,21.741
1708,20.693,21.774
1709,20.677,21.733
1710,20.686,21.728
1711,20.718,21.773
1712,20.707,21.759
1713,20.570,21.617
1714,20.508,21.540
1715,20.494,21.539
1716,20.549,21.599
1717,20.533,21.581
1718,20.570,21.628
1719,20.562,21.608
1720,20.551,21.598
1721,20.528,21.570
1722,20.531,21.573
1723,20.552,21.590
1724,20.529,21.571
1725,20.512,21.556
1726,20.495,21.514
1727,20.604,21.663
1728,20.540,21.580
1729,20.369,21.335
1730,20.355,21.302
1731,20.371,21.333
1732,20.400,21.361
1733,20.519,21.523
1734,20.445,21.465
1735,20.504,21.534
1736,20.438,21.454
1737,20.430,21.443
1738,20.350,21.379
1739,20.313,21.339
1740,20.345,21.361
1741,20.359,21.390
1742,20.411,21.441
1743,20.397,21.412
1744,20.444,21.463
1745,20.465,21.483
1746,20.413,21.435
1747,20.386,21.396
1748,20.399,21.411
1749,20.368,21.376
1750,20.408,21.418
1751,20.414,21.430
1752,20.423,21.433
1753,20.425,21.436
1754,20.478,21.495
1755,20.515,21.542
1756,20.486,21.510
1757,20.473,21.500
1758,20.412,21.418
1759,20.367,21.378
1760,20.407,21.427
1761,20.469,21.518
1762,20.405,21.437
1763,20.396,21.411
1764,20.384,21.415
1765,20.394,21.428
1766,20.296,21.303
1767,20.254,21.260
1768,20.270,21.294
1769,20.202,21.213
1770,20.141,21.133
1771,20.145,21.153
1772,20.090,21.109
1773,20.063,21.058
1774,20.007,20.993
