0,13.542,16.135
1,13.549,16.140
2,13.535,16.126
3,13.539,16.124
4,13.556,16.158
5,13.559,16.169
6,13.558,16.157
7,13.575,16.176
8,13.565,16.171
9,13.545,16.142
10,13.545,16.150
11,13.543,16.144
12,13.549,16.150
13,13.554,16.169
14,13.551,16.153
15,13.544,16.155
16,13.542,16.141
17,13.569,16.191
18,13.555,16.171
19,13.574,16.197
20,13.568,16.204
21,13.597,16.244
22,13.574,16.217
23,13.567,16.203
24,13.585,16.228
25,13.588,16.229
26,13.580,16.210
27,13.579,16.216
28,13.587,16.225
29,13.588,16.220
30,13.596,16.243
31,13.587,16.233
32,13.588,16.239
33,13.579,16.219
34,13.599,16.258
35,13.597,16.262
36,13.559,16.193
37,13.578,16.223
38,13.591,16.253
39,13.586,16.238
40,13.591,16.229
41,13.588,16.229
42,13.603,16.242
43,13.600,16.243
44,13.601,16.252
45,13.591,16.250
46,13.624,16.289
47,13.626,16.292
48,13.618,16.285
49,13.619,16.275
50,13.653,16.342
51,13.609,16.263
52,13.644,16.317
53,13.641,16.303
54,13.624,16.273
55,13.632,16.287
56,13.626,16.282
57,13.638,16.299
58,13.639,16.297
59,13.656,16.305
60,13.643,16.283
61,13.632,16.275
62,13.649,16.308
63,13.637,16.284
64,13.635,16.277
65,13.626,16.269
66,13.627,16.278
67,13.610,16.251
68,13.611,16.262
69,13.606,16.261
70,13.596,16.239
71,13.630,16.289
72,13.594,16.226
73,13.629,16.269
74,13.585,16.196
75,13.594,16.216
76,13.607,16.235
77,13.597,16.214
78,13.616,16.238
79,13.610,16.212
80,13.599,16.198
81,13.605,16.200
82,13.623,16.219
83,13.604,16.190
84,13.608,16.187
85,13.633,16.241
86,13.607,16.205
87,13.612,16.204
88,13.617,16.212
89,13.605,16.202
90,13.611,16.211
91,13.613,16.215
92,13.627,16.238
93,13.647,16.262
94,13.643,16.254
95,13.617,16.206
96,13.640,16.239
97,13.621,16.220
98,13.641,16.247
99,13.623,16.217
100,13.617,16.203
101,13.623,16.217
102,13.619,16.199
103,13.614,16.207
104,13.596,16.177
105,13.618,16.203
106,13.623,16.213
107,13.613,16.199
108,13.622,16.216
109,13.616,16.212
110,13.623,16.210
111,13.625,16.204
112,13.642,16.228
113,13.651,16.236
114,13.664,16.255
115,13.631,16.222
116,13.658,16.265
117,13.678,16.281
118,13.667,16.267
119,13.654,16.243
120,13.665,16.269
121,13.690,16.306
122,13.681,16.293
123,13.705,16.336
124,13.681,16.301
125,13.710,16.336
126,13.711,16.338
127,13.698,16.329
128,13.732,16.377
129,13.749,16.399
130,13.773,16.432
131,13.770,16.425
132,13.781,16.447
133,13.792,16.474
134,13.786,16.457
135,13.791,16.472
136,13.774,16.434
137,13.789,16.459
138,13.788,16.455
139,13.792,16.481
140,13.798,16.479
141,13.806,16.501
142,13.805,16.488
143,13.807,16.492
144,13.819,16.515
145,13.836,16.537
146,13.856,16.578
147,13.852,16.573
148,13.873,16.594
149,13.893,16.639
150,13.863,16.591
151,13.882,16.596
152,13.879,16.607
153,13.853,16.562
154,13.828,16.535
155,13.859,16.586
156,13.847,16.574
157,13.835,16.548
158,13.820,16.534
159,13.845,16.563
160,13.843,16.571
161,13.854,16.589
162,13.875,16.609
163,13.910,16.703
164,13.924,16.689
165,13.913,16.658
166,13.843,16.576
167,13.846,16.583
168,13.871,16.621
169,13.856,16.592
170,13.855,16.602
171,13.844,16.586
172,13.844,16.592
173,13.853,16.604
174,13.818,16.536
175,13.787,16.510
176,13.761,16.457
177,13.721,16.403
178,13.688,16.355
179,13.697,16.372
180,13.697,16.376
181,13.660,16.334
182,13.631,16.272
183,13.621,16.268
184,13.614,16.276
185,13.604,16.233
186,13.603,16.245
187,13.581,16.229
188,13.586,16.239
189,13.558,16.173
190,13.576,16.201
191,13.587,16.214
192,13.569,16.201
193,13.525,16.138
194,13.559,16.185
195,13.552,16.181
196,13.545,16.171
197,13.550,16.187
198,13.535,16.151
199,13.517,16.145
200,13.512,16.154
201,13.504,16.126
202,13.491,16.119
203,13.514,16.149
204,13.497,16.120
205,13.497,16.122
206,13.488,16.111
207,13.500,16.139
208,13.485,16.118
209,13.452,16.067
210,13.408,15.999
211,13.454,16.055
212,13.459,16.079
213,13.431,16.052
214,13.435,16.066
215,13.443,16.065
216,13.437,16.055
217,13.439,16.066
218,13.429,16.053
219,13.432,16.056
220,13.435,16.056
221,13.421,16.045
222,13.441,16.068
223,13.446,16.085
224,13.439,16.065
225,13.436,16.050
226,13.454,16.100
227,13.463,16.125
228,13.462,16.119
229,13.450,16.102
230,13.459,16.116
231,13.429,16.077
232,13.453,16.111
233,13.434,16.089
234,13.445,16.097
235,13.447,16.118
236,13.455,16.130
237,13.438,16.099
238,13.431,16.094
239,13.432,16.103
240,13.454,16.136
241,13.422,16.089
242,13.401,16.054
243,13.394,16.045
244,13.412,16.070
245,13.377,16.018
246,13.374,16.007
247,13.387,16.038
248,13.359,16.006
249,13.372,16.013
250,13.351,15.973
251,13.342,15.962
252,13.356,16.000
253,13.368,16.015
254,13.367,15.999
255,13.347,15.970
256,13.364,15.997
257,13.375,16.017
258,13.390,16.041
259,13.370,16.010
260,13.376,16.008
261,13.380,16.006
262,13.374,16.008
263,13.400,16.034
264,13.388,16.032
265,13.392,16.027
266,13.401,16.042
267,13.417,16.064
268,13.411,16.035
269,13.443,16.077
270,13.438,16.075
271,13.470,16.130
272,13.478,16.138
273,13.500,16.166
274,13.464,16.110
275,13.461,16.104
276,13.477,16.139
277,13.483,16.129
278,13.499,16.158
279,13.477,16.126
280,13.465,16.106
281,13.464,16.103
282,13.454,16.095
283,13.457,16.082
284,13.456,16.085
285,13.447,16.077
286,13.433,16.047
287,13.442,16.071
288,13.423,16.032
289,13.436,16.051
290,13.411,16.028
291,13.409,16.006
292,13.387,15.984
293,13.388,15.983
294,13.387,15.965
295,13.376,15.959
296,13.367,15.935
297,13.352,15.910
298,13.352,15.906
299,13.334,15.873
300,13.376,15.927
301,13.386,15.962
302,13.352,15.904
303,13.360,15.915
304,13.353,15.905
305,13.396,15.954
306,13.372,15.922
307,13.371,15.926
308,13.380,15.956
309,13.377,15.940
310,13.402,15.979
311,13.413,15.989
312,13.416,15.965
313,13.410,15.955
314,13.420,15.981
315,13.419,15.969
316,13.439,16.010
317,13.460,16.039
318,13.469,16.045
319,13.427,15.983
320,13.462,16.018
321,13.452,16.003
322,13.487,16.064
323,13.470,16.025
324,13.493,16.065
325,13.487,16.061
326,13.489,16.076
327,13.488,16.071
328,13.481,16.075
329,13.444,16.029
330,13.454,16.051
331,13.455,16.051
332,13.445,16.023
333,13.445,16.038
334,13.452,16.036
335,13.465,16.068
336,13.434,16.015
337,13.452,16.030
338,13.429,15.999
339,13.408,15.972
340,13.416,15.965
341,13.459,16.026
342,13.440,16.001
343,13.453,16.016
344,13.441,15.997
345,13.448,16.019
346,13.457,16.030
347,13.439,16.001
348,13.424,15.967
349,13.428,15.968
350,13.420,15.965
351,13.406,15.938
352,13.415,15.941
353,13.380,15.891
354,13.386,15.895
355,13.383,15.874
356,13.359,15.847
357,13.364,15.849
358,13.362,15.850
359,13.381,15.867
360,13.352,15.816
361,13.342,15.802
362,13.317,15.772
363,13.326,15.780
364,13.320,15.772
365,13.301,15.752
366,13.285,15.730
367,13.314,15.782
368,13.304,15.771
369,13.286,15.722
370,13.301,15.752
371,13.268,15.709
372,13.272,15.708
373,13.282,15.719
374,13.289,15.729
375,13.290,15.729
376,13.265,15.696
377,13.276,15.712
378,13.275,15.710
379,13.243,15.665
380,13.277,15.713
381,13.241,15.670
382,13.241,15.658
383,13.235,15.661
384,13.222,15.643
385,13.201,15.608
386,13.205,15.620
387,13.228,15.659
388,13.214,15.632
389,13.236,15.658
390,13.218,15.638
391,13.209,15.621
392,13.238,15.666
393,13.225,15.644
394,13.244,15.680
395,13.244,15.679
396,13.220,15.634
397,13.233,15.666
398,13.242,15.683
399,13.245,15.678
400,13.255,15.702
401,13.250,15.694
402,13.266,15.709
403,13.271,15.717
404,13.309,15.785
405,13.298,15.754
406,13.315,15.789
407,13.314,15.778
408,13.365,15.855
409,13.343,15.827
410,13.351,15.849
411,13.348,15.825
412,13.357,15.848
413,13.372,15.873
414,13.354,15.838
415,13.370,15.863
416,13.349,15.833
417,13.379,15.866
418,13.367,15.847
419,13.407,15.910
420,13.412,15.913
421,13.402,15.907
422,13.420,15.923
423,13.412,15.917
424,13.433,15.953
425,13.438,15.961
426,13.448,15.961
427,13.460,15.980
428,13.462,15.975
429,13.469,16.010
430,13.458,15.972
431,13.451,15.964
432,13.449,15.971
433,13.427,15.933
434,13.418,15.920
435,13.417,15.934
436,13.402,15.904
437,13.407,15.906
438,13.382,15.865
439,13.364,15.844
440,13.361,15.851
441,13.375,15.863
442,13.355,15.830
443,13.343,15.804
444,13.352,15.815
445,13.343,15.820
446,13.329,15.787
447,13.305,15.758
448,13.311,15.764
449,13.309,15.762
450,13.313,15.766
451,13.324,15.782
452,13.321,15.767
453,13.334,15.788
454,13.367,15.826
455,13.377,15.842
456,13.381,15.841
457,13.404,15.870
458,13.435,15.918
459,13.458,15.950
460,13.508,16.024
461,13.521,16.031
462,13.549,16.071
463,13.551,16.062
464,13.537,16.047
465,13.575,16.119
466,13.602,16.150
467,13.581,16.120
468,13.592,16.146
469,13.607,16.163
470,13.612,16.173
471,13.620,16.186
472,13.606,16.148
473,13.594,16.129
474,13.585,16.127
475,13.614,16.165
476,13.586,16.131
477,13.585,16.118
478,13.611,16.162
479,13.640,16.221
480,13.677,16.267
481,13.642,16.210
482,13.661,16.240
483,13.640,16.204
484,13.663,16.250
485,13.651,16.219
486,13.615,16.170
487,13.611,16.164
488,13.590,16.131
489,13.543,16.063
490,13.484,15.975
491,13.462,15.949
492,13.412,15.855
493,13.418,15.883
494,13.429,15.892
495,13.397,15.857
496,13.425,15.885
497,13.404,15.846
498,13.404,15.840
499,13.404,15.862
500,13.374,15.815
501,13.424,15.882
502,13.403,15.845
503,13.385,15.829
504,13.389,15.829
505,13.403,15.856
506,13.404,15.866
507,13.394,15.854
508,13.393,15.844
509,13.379,15.842
510,13.384,15.852
511,13.382,15.837
512,13.365,15.829
513,13.353,15.805
514,13.359,15.824
515,13.346,15.799
516,13.365,15.839
517,13.360,15.826
518,13.376,15.859
519,13.330,15.786
520,13.348,15.835
521,13.342,15.824
522,13.349,15.838
523,13.349,15.836
524,13.306,15.788
525,13.310,15.788
526,13.318,15.810
527,13.339,15.848
528,13.332,15.840
529,13.312,15.805
530,13.326,15.834
531,13.345,15.865
532,13.339,15.852
533,13.317,15.824
534,13.318,15.832
535,13.332,15.861
536,13.341,15.869
537,13.335,15.871
538,13.394,15.961
539,13.338,15.872
540,13.363,15.925
541,13.341,15.895
542,13.357,15.923
543,13.342,15.889
544,13.314,15.859
545,13.322,15.869
546,13.304,15.844
547,13.338,15.912
548,13.317,15.864
549,13.302,15.847
550,13.304,15.843
551,13.261,15.789
552,13.237,15.760
553,13.262,15.815
554,13.239,15.773
555,13.226,15.760
556,13.195,15.703
557,13.170,15.671
558,13.158,15.647
559,13.145,15.629
560,13.121,15.604
561,13.138,15.643
562,13.128,15.615
563,13.142,15.629
564,13.150,15.663
565,13.148,15.653
566,13.157,15.667
567,13.153,15.662
568,13.165,15.677
569,13.140,15.653
570,13.141,15.651
571,13.112,15.601
572,13.125,15.635
573,13.097,15.588
574,13.121,15.634
575,13.108,15.617
576,13.135,15.654
577,13.141,15.671
578,13.155,15.681
579,13.160,15.699
580,13.127,15.648
581,13.166,15.701
582,13.166,15.711
583,13.190,15.746
584,13.179,15.736
585,13.184,15.737
586,13.187,15.755
587,13.177,15.728
588,13.172,15.726
589,13.194,15.770
590,13.181,15.748
591,13.170,15.730
592,13.181,15.739
593,13.205,15.764
594,13.199,15.773
595,13.197,15.767
596,13.197,15.773
597,13.199,15.761
598,13.210,15.788
599,13.218,15.793
600,13.232,15.822
601,13.218,15.796
602,13.208,15.770
603,13.195,15.760
604,13.208,15.784
605,13.218,15.803
606,13.219,15.808
607,13.204,15.777
608,13.198,15.771
609,13.213,15.792
610,13.202,15.779
611,13.221,15.794
612,13.217,15.811
613,13.211,15.787
614,13.194,15.770
615,13.179,15.747
616,13.182,15.749
617,13.165,15.714
618,13.147,15.702
619,13.117,15.655
620,13.084,15.601
621,13.100,15.621
622,13.082,15.604
623,13.097,15.626
624,13.084,15.613
625,13.095,15.625
626,13.081,15.606
627,13.067,15.584
628,13.054,15.569
629,13.061,15.568
630,13.075,15.606
631,13.074,15.596
632,13.058,15.583
633,13.045,15.554
634,13.059,15.583
635,13.057,15.565
636,13.060,15.582
637,13.055,15.577
638,13.076,15.604
639,13.062,15.585
640,13.055,15.579
641,13.068,15.582
642,13.048,15.541
643,13.038,15.535
644,13.035,15.524
645,13.037,15.532
646,13.002,15.477
647,13.006,15.480
648,12.974,15.437
649,12.968,15.423
650,12.955,15.403
651,12.937,15.380
652,12.914,15.351
653,12.906,15.329
654,12.890,15.305
655,12.898,15.320
656,12.909,15.340
657,12.916,15.339
658,12.901,15.313
659,12.912,15.331
660,12.911,15.317
661,12.926,15.343
662,12.926,15.354
663,12.946,15.380
664,12.941,15.373
665,12.966,15.408
666,12.989,15.449
667,12.984,15.442
668,12.988,15.448
669,12.991,15.438
670,13.035,15.496
671,13.055,15.540
672,13.050,15.528
673,13.072,15.564
674,13.079,15.579
675,13.087,15.592
676,13.091,15.592
677,13.102,15.605
678,13.121,15.629
679,13.120,15.619
680,13.096,15.582
681,13.100,15.594
682,13.088,15.582
683,13.126,15.629
684,13.098,15.580
685,13.096,15.568
686,13.081,15.554
687,13.111,15.595
688,13.123,15.625
689,13.126,15.619
690,13.133,15.626
691,13.144,15.658
692,13.119,15.611
693,13.123,15.628
694,13.120,15.628
695,13.101,15.590
696,13.095,15.584
697,13.119,15.623
698,13.125,15.641
699,13.121,15.624
700,13.083,15.566
701,13.125,15.625
702,13.094,15.591
703,13.110,15.608
704,13.105,15.606
705,13.082,15.572
706,13.091,15.580
707,13.080,15.576
708,13.090,15.589
709,13.098,15.592
710,13.092,15.574
711,13.104,15.612
712,13.137,15.666
713,13.148,15.688
714,13.125,15.633
715,13.125,15.638
716,13.113,15.623
717,13.090,15.579
718,13.080,15.554
719,13.078,15.554
720,13.066,15.541
721,13.073,15.561
722,13.070,15.541
723,13.069,15.549
724,13.058,15.538
725,13.061,15.540
726,13.058,15.534
727,13.057,15.539
728,13.076,15.557
729,13.069,15.541
730,13.075,15.551
731,13.105,15.596
732,13.064,15.539
733,13.077,15.556
734,13.108,15.608
735,13.109,15.603
736,13.127,15.623
737,13.132,15.634
738,13.153,15.668
739,13.159,15.675
740,13.154,15.670
741,13.154,15.675
742,13.152,15.657
743,13.185,15.715
744,13.205,15.741
745,13.211,15.744
746,13.198,15.724
747,13.207,15.734
748,13.240,15.796
749,13.262,15.823
750,13.258,15.811
751,13.275,15.845
752,13.290,15.868
753,13.317,15.908
754,13.316,15.921
755,13.331,15.943
756,13.355,15.970
757,13.354,15.972
758,13.407,16.045
759,13.377,16.000
760,13.387,16.005
761,13.413,16.047
762,13.436,16.091
763,13.404,16.034
764,13.383,16.009
765,13.408,16.041
766,13.401,16.031
767,13.411,16.047
768,13.370,15.985
769,13.376,16.005
770,13.347,15.946
771,13.373,15.996
772,13.352,15.967
773,13.374,15.992
774,13.365,15.990
775,13.345,15.953
776,13.361,15.975
777,13.350,15.963
778,13.350,15.953
779,13.361,15.981
780,13.340,15.941
781,13.410,16.057
782,13.381,16.011
783,13.345,15.952
784,13.370,15.998
785,13.380,16.007
786,13.342,15.967
787,13.354,15.979
788,13.348,15.947
789,13.357,15.985
790,13.348,15.952
791,13.374,16.009
792,13.342,15.948
793,13.358,15.980
794,13.343,15.957
795,13.345,15.954
796,13.358,15.989
797,13.366,16.002
798,13.336,15.937
799,13.347,15.964
800,13.359,15.986
801,13.343,15.960
802,13.350,15.971
803,13.339,15.954
804,13.352,15.977
805,13.349,15.966
806,13.349,15.963
807,13.359,15.989
808,13.350,15.971
809,13.359,15.982
810,13.368,16.006
811,13.356,15.979
812,13.373,16.015
813,13.361,15.983
814,13.352,15.981
815,13.333,15.969
816,13.357,15.998
817,13.328,15.952
818,13.332,15.959
819,13.312,15.927
820,13.312,15.925
821,13.302,15.918
822,13.277,15.887
823,13.284,15.902
824,13.272,15.894
825,13.272,15.893
826,13.273,15.885
827,13.246,15.838
828,13.241,15.842
829,13.234,15.826
830,13.239,15.816
831,13.217,15.801
832,13.241,15.842
833,13.225,15.804
834,13.236,15.823
835,13.237,15.839
836,13.237,15.838
837,13.224,15.817
838,13.213,15.801
839,13.232,15.841
840,13.244,15.853
841,13.227,15.825
842,13.217,15.823
843,13.227,15.820
844,13.229,15.821
845,13.220,15.814
846,13.211,15.800
847,13.205,15.794
848,13.217,15.810
849,13.206,15.794
850,13.193,15.769
851,13.207,15.796
852,13.201,15.790
853,13.209,15.795
854,13.208,15.814
855,13.208,15.797
856,13.201,15.788
857,13.224,15.833
858,13.213,15.801
859,13.209,15.793
860,13.214,15.815
861,13.216,15.817
862,13.218,15.818
863,13.212,15.791
864,13.210,15.788
865,13.235,15.834
866,13.224,15.820
867,13.228,15.833
868,13.225,15.825
869,13.213,15.809
870,13.211,15.792
871,13.187,15.753
872,13.211,15.793
873,13.217,15.793
874,13.210,15.792
875,13.222,15.796
876,13.217,15.788
877,13.227,15.819
878,13.213,15.789
879,13.200,15.766
880,13.206,15.778
881,13.178,15.737
882,13.210,15.781
883,13.190,15.752
884,13.222,15.811
885,13.198,15.771
886,13.185,15.743
887,13.175,15.707
888,13.171,15.721
889,13.166,15.697
890,13.176,15.722
891,13.144,15.681
892,13.182,15.729
893,13.166,15.705
894,13.145,15.680
895,13.167,15.701
896,13.157,15.682
897,13.164,15.692
898,13.185,15.723
899,13.169,15.694
900,13.185,15.715
901,13.173,15.705
902,13.180,15.716
903,13.164,15.679
904,13.178,15.713
905,13.181,15.716
906,13.190,15.750
907,13.184,15.714
908,13.199,15.752
909,13.211,15.763
910,13.202,15.746
911,13.207,15.771
912,13.203,15.751
913,13.214,15.760
914,13.178,15.709
915,13.194,15.742
916,13.177,15.712
917,13.186,15.729
918,13.180,15.722
919,13.144,15.663
920,13.167,15.679
921,13.134,15.638
922,13.155,15.672
923,13.192,15.739
924,13.161,15.689
925,13.170,15.695
926,13.164,15.690
927,13.160,15.685
928,13.163,15.682
929,13.180,15.701
930,13.164,15.681
931,13.161,15.662
932,13.171,15.683
933,13.187,15.702
934,13.185,15.693
935,13.183,15.680
936,13.195,15.700
937,13.181,15.687
938,13.200,15.724
939,13.184,15.690
940,13.171,15.651
941,13.202,15.701
942,13.208,15.722
943,13.202,15.716
944,13.214,15.739
945,13.213,15.744
946,13.206,15.724
947,13.196,15.719
948,13.186,15.683
949,13.185,15.692
950,13.174,15.675
951,13.200,15.721
952,13.190,15.692
953,13.184,15.693
954,13.181,15.672
955,13.188,15.693
956,13.180,15.670
957,13.194,15.693
958,13.177,15.663
959,13.174,15.671
960,13.174,15.661
961,13.185,15.676
962,13.177,15.680
963,13.222,15.751
964,13.202,15.716
965,13.215,15.721
966,13.232,15.754
967,13.217,15.732
968,13.253,15.793
969,13.234,15.770
970,13.248,15.782
971,13.222,15.743
972,13.226,15.745
973,13.226,15.753
974,13.218,15.733
975,13.188,15.679
976,13.186,15.687
977,13.189,15.695
978,13.178,15.673
979,13.176,15.674
980,13.186,15.688
981,13.173,15.680
982,13.181,15.694
983,13.179,15.672
984,13.195,15.699
985,13.201,15.720
986,13.218,15.731
987,13.207,15.716
988,13.206,15.718
989,13.212,15.735
990,13.225,15.752
991,13.236,15.759
992,13.227,15.734
993,13.233,15.750
994,13.263,15.805
995,13.249,15.784
996,13.244,15.760
997,13.271,15.822
998,13.263,15.808
999,13.268,15.816
1000,13.239,15.766
1001,13.266,15.803
1002,13.283,15.832
1003,13.261,15.799
1004,13.279,15.829
1005,13.255,15.793
1006,13.246,15.787
1007,13.235,15.787
1008,13.212,15.728
1009,13.235,15.775
1010,13.226,15.761
1011,13.246,15.787
1012,13.228,15.766
1013,13.226,15.758
1014,13.228,15.753
1015,13.236,15.784
1016,13.255,15.812
1017,13.247,15.799
1018,13.251,15.814
1019,13.248,15.802
1020,13.247,15.792
1021,13.239,15.782
1022,13.270,15.835
1023,13.229,15.765
1024,13.268,15.837
1025,13.292,15.871
1026,13.271,15.834
1027,13.290,15.876
1028,13.274,15.852
1029,13.294,15.883
1030,13.309,15.905
1031,13.315,15.907
1032,13.311,15.892
1033,13.319,15.904
1034,13.318,15.899
1035,13.333,15.923
1036,13.346,15.943
1037,13.328,15.900
1038,13.334,15.915
1039,13.334,15.909
1040,13.309,15.874
1041,13.334,15.913
1042,13.322,15.896
1043,13.344,15.918
1044,13.331,15.919
1045,13.340,15.927
1046,13.360,15.954
1047,13.324,15.895
1048,13.369,15.960
1049,13.342,15.932
1050,13.342,15.929
1051,13.379,15.977
1052,13.367,15.981
1053,13.355,15.950
1054,13.375,15.974
1055,13.363,15.942
1056,13.367,15.965
1057,13.359,15.944
1058,13.367,15.947
1059,13.356,15.931
1060,13.372,15.950
1061,13.367,15.927
1062,13.354,15.899
1063,13.358,15.911
1064,13.376,15.936
1065,13.369,15.919
1066,13.373,15.916
1067,13.374,15.907
1068,13.384,15.932
1069,13.411,15.973
1070,13.404,15.938
1071,13.387,15.904
1072,13.398,15.922
1073,13.412,15.927
1074,13.400,15.909
1075,13.416,15.940
1076,13.440,15.991
1077,13.429,15.972
1078,13.444,15.976
1079,13.465,16.010
1080,13.466,16.022
1081,13.450,15.989
1082,13.471,16.031
1083,13.484,16.053
1084,13.496,16.072
1085,13.512,16.091
1086,13.505,16.068
1087,13.527,16.119
1088,13.525,16.114
1089,13.541,16.141
1090,13.544,16.120
1091,13.589,16.187
1092,13.577,16.188
1093,13.612,16.239
1094,13.633,16.269
1095,13.621,16.248
1096,13.651,16.288
1097,13.650,16.293
1098,13.669,16.317
1099,13.677,16.328
1100,13.699,16.364
1101,13.746,16.435
1102,13.751,16.446
1103,13.760,16.460
1104,13.768,16.479
1105,13.813,16.530
1106,13.808,16.533
1107,13.837,16.571
1108,13.853,16.599
1109,13.855,16.606
1110,13.882,16.644
1111,13.895,16.677
1112,13.937,16.730
1113,13.950,16.758
1114,13.933,16.717
1115,13.954,16.752
1116,13.936,16.735
1117,13.953,16.755
1118,13.963,16.760
1119,13.999,16.826
1120,13.995,16.814
1121,14.003,16.825
1122,14.031,16.874
1123,14.009,16.845
1124,14.019,16.844
1125,14.030,16.879
1126,14.041,16.887
1127,14.045,16.890
1128,14.056,16.916
1129,14.067,16.934
1130,14.098,16.982
1131,14.085,16.957
1132,14.115,16.998
1133,14.127,17.016
1134,14.149,17.073
1135,14.157,17.066
1136,14.131,17.019
1137,14.158,17.060
1138,14.156,17.082
1139,14.158,17.074
1140,14.166,17.084
1141,14.153,17.069
1142,14.173,17.101
1143,14.180,17.110
1144,14.193,17.138
1145,14.208,17.150
1146,14.201,17.135
1147,14.201,17.138
1148,14.224,17.172
1149,14.192,17.118
1150,14.197,17.131
1151,14.200,17.135
1152,14.191,17.120
1153,14.189,17.103
1154,14.199,17.131
1155,14.181,17.091
1156,14.205,17.134
1157,14.217,17.154
1158,14.238,17.200
1159,14.241,17.191
1160,14.255,17.221
1161,14.253,17.218
1162,14.266,17.244
1163,14.279,17.265
1164,14.309,17.315
1165,14.299,17.306
1166,14.312,17.339
1167,14.315,17.337
1168,14.362,17.399
1169,14.357,17.413
1170,14.344,17.385
1171,14.353,17.378
1172,14.371,17.419
1173,14.367,17.387
1174,14.384,17.429
1175,14.358,17.377
1176,14.390,17.437
1177,14.338,17.358
1178,14.381,17.438
1179,14.366,17.409
1180,14.378,17.426
1181,14.371,17.413
1182,14.392,17.459
1183,14.388,17.435
1184,14.379,17.427
1185,14.368,17.402
1186,14.375,17.427
1187,14.326,17.334
1188,14.333,17.350
1189,14.350,17.362
1190,14.327,17.326
1191,14.322,17.312
1192,14.325,17.326
1193,14.314,17.300
1194,14.298,17.280
1195,14.302,17.289
1196,14.287,17.268
1197,14.292,17.252
1198,14.269,17.228
1199,14.270,17.225
1200,14.289,17.275
1201,14.275,17.230
1202,14.267,17.216
1203,14.281,17.245
1204,14.268,17.220
1205,14.267,17.219
1206,14.267,17.201
1207,14.279,17.236
1208,14.263,17.218
1209,14.266,17.214
1210,14.267,17.210
1211,14.262,17.203
1212,14.246,17.185
1213,14.251,17.188
1214,14.262,17.211
1215,14.245,17.186
1216,14.249,17.193
1217,14.276,17.222
1218,14.255,17.182
1219,14.252,17.182
1220,14.281,17.238
1221,14.257,17.209
1222,14.260,17.220
1223,14.257,17.195
1224,14.275,17.226
1225,14.286,17.235
1226,14.260,17.229
1227,14.273,17.237
1228,14.288,17.255
1229,14.280,17.231
1230,14.286,17.255
1231,14.272,17.218
1232,14.298,17.273
1233,14.259,17.225
1234,14.284,17.237
1235,14.290,17.253
1236,14.301,17.263
1237,14.287,17.253
1238,14.260,17.218
1239,14.275,17.240
1240,14.284,17.252
1241,14.295,17.259
1242,14.274,17.229
1243,14.278,17.237
1244,14.252,17.183
1245,14.255,17.202
1246,14.271,17.214
1247,14.282,17.244
1248,14.283,17.233
1249,14.288,17.241
1250,14.252,17.188
1251,14.270,17.216
1252,14.287,17.242
1253,14.264,17.207
1254,14.273,17.236
1255,14.270,17.221
1256,14.273,17.221
1257,14.264,17.202
1258,14.280,17.222
1259,14.286,17.265
1260,14.286,17.247
1261,14.285,17.250
1262,14.288,17.263
1263,14.291,17.256
1264,14.285,17.248
1265,14.275,17.226
1266,14.294,17.244
1267,14.266,17.225
1268,14.267,17.222
1269,14.274,17.222
1270,14.273,17.244
1271,14.285,17.250
1272,14.298,17.278
1273,14.282,17.260
1274,14.261,17.219
1275,14.284,17.255
1276,14.291,17.255
1277,14.283,17.232
1278,14.274,17.236
1279,14.273,17.221
1280,14.264,17.222
1281,14.257,17.200
1282,14.290,17.244
1283,14.287,17.238
1284,14.283,17.232
1285,14.265,17.214
1286,14.276,17.229
1287,14.260,17.224
1288,14.277,17.236
1289,14.280,17.246
1290,14.281,17.239
1291,14.302,17.286
1292,14.265,17.220
1293,14.251,17.182
1294,14.257,17.215
1295,14.273,17.230
1296,14.277,17.235
1297,14.271,17.238
1298,14.275,17.242
1299,14.278,17.243
1300,14.280,17.233
1301,14.262,17.203
1302,14.267,17.220
1303,14.277,17.237
1304,14.283,17.247
1305,14.283,17.235
1306,14.261,17.217
1307,14.267,17.223
1308,14.247,17.192
1309,14.278,17.218
1310,14.244,17.196
1311,14.271,17.230
1312,14.272,17.233
1313,14.268,17.211
1314,14.267,17.210
1315,14.269,17.218
1316,14.277,17.221
1317,14.250,17.189
1318,14.278,17.242
1319,14.284,17.246
1320,14.272,17.239
1321,14.272,17.221
1322,14.278,17.237
1323,14.269,17.221
1324,14.292,17.253
1325,14.285,17.244
1326,14.271,17.231
1327,14.271,17.236
1328,14.246,17.189
1329,14.278,17.235
1330,14.278,17.230
1331,14.281,17.253
1332,14.278,17.236
1333,14.291,17.250
1334,14.282,17.242
1335,14.256,17.190
1336,14.276,17.217
1337,14.294,17.244
1338,14.287,17.239
1339,14.267,17.211
1340,14.286,17.244
1341,14.273,17.249
1342,14.269,17.209
1343,14.275,17.232
1344,14.284,17.246
1345,14.294,17.250
1346,14.274,17.232
1347,14.255,17.217
1348,14.304,17.277
1349,14.268,17.219
1350,14.257,17.211
1351,14.288,17.246
1352,14.295,17.263
1353,14.284,17.244
1354,14.253,17.194
1355,14.293,17.279
1356,14.273,17.211
1357,14.275,17.229
1358,14.281,17.234
1359,14.275,17.245
1360,14.264,17.209
1361,14.282,17.236
1362,14.265,17.207
1363,14.271,17.241
1364,14.286,17.244
1365,14.273,17.215
1366,14.277,17.244
1367,14.273,17.215
1368,14.274,17.228
1369,14.281,17.244
1370,14.271,17.224
1371,14.247,17.195
1372,14.295,17.258
1373,14.283,17.250
1374,14.274,17.226
1375,14.293,17.270
1376,14.283,17.245
1377,14.293,17.268
1378,14.282,17.251
1379,14.270,17.242
1380,14.279,17.235
1381,14.281,17.236
1382,14.256,17.201
1383,14.285,17.242
1384,14.278,17.243
1385,14.292,17.258
1386,14.257,17.215
1387,14.270,17.229
1388,14.262,17.208
1389,14.283,17.238
1390,14.274,17.225
1391,14.267,17.222
1392,14.280,17.233
1393,14.282,17.243
1394,14.256,17.212
1395,14.259,17.219
1396,14.264,17.216
1397,14.278,17.234
1398,14.276,17.231
1399,14.288,17.252
1400,14.284,17.254
1401,14.294,17.253
1402,14.283,17.257
1403,14.274,17.225
1404,14.273,17.244
1405,14.265,17.221
1406,14.249,17.195
1407,14.283,17.235
1408,14.255,17.223
1409,14.273,17.229
1410,14.286,17.255
1411,14.294,17.263
1412,14.279,17.238
1413,14.274,17.248
1414,14.269,17.238
1415,14.291,17.267
1416,14.285,17.244
1417,14.270,17.237
1418,14.262,17.228
1419,14.261,17.217
1420,14.265,17.222
1421,14.274,17.244
1422,14.262,17.214
1423,14.285,17.246
1424,14.260,17.215
1425,14.282,17.256
1426,14.269,17.222
1427,14.265,17.235
1428,14.269,17.230
1429,14.261,17.219
1430,14.287,17.260
1431,14.282,17.246
1432,14.266,17.232
1433,14.266,17.214
1434,14.271,17.231
1435,14.261,17.235
1436,14.263,17.222
1437,14.264,17.225
1438,14.272,17.241
1439,14.267,17.229
1440,14.266,17.224
1441,14.235,17.186
1442,14.268,17.240
1443,14.274,17.242
1444,14.241,17.188
1445,14.263,17.218
1446,14.280,17.246
1447,14.255,17.226
1448,14.268,17.234
1449,14.253,17.208
1450,14.250,17.216
1451,14.271,17.231
1452,14.276,17.237
1453,14.273,17.240
1454,14.263,17.239
1455,14.269,17.221
1456,14.268,17.224
1457,14.259,17.236
1458,14.269,17.227
1459,14.289,17.276
1460,14.259,17.213
1461,14.268,17.231
1462,14.277,17.246
1463,14.261,17.219
1464,14.269,17.223
1465,14.275,17.245
1466,14.269,17.238
1467,14.285,17.255
1468,14.273,17.236
1469,14.299,17.280
1470,14.277,17.246
1471,14.264,17.221
1472,14.303,17.277
1473,14.304,17.285
1474,14.284,17.242
1475,14.290,17.274
1476,14.303,17.287
1477,14.296,17.272
1478,14.302,17.287
1479,14.290,17.267
1480,14.325,17.323
1481,14.287,17.253
1482,14.300,17.278
1483,14.324,17.314
1484,14.297,17.270
1485,14.294,17.266
1486,14.311,17.295
1487,14.307,17.291
1488,14.308,17.279
1489,14.299,17.277
1490,14.313,17.307
1491,14.314,17.295
1492,14.301,17.268
1493,14.318,17.305
1494,14.291,17.272
1495,14.263,17.220
1496,14.288,17.279
1497,14.269,17.231
1498,14.287,17.246
1499,14.273,17.240
1500,14.267,17.221
1501,14.277,17.230
1502,14.261,17.218
1503,14.279,17.253
1504,14.291,17.254
1505,14.279,17.242
1506,14.306,17.290
1507,14.293,17.274
1508,14.292,17.272
1509,14.276,17.224
1510,14.284,17.257
1511,14.300,17.283
1512,14.290,17.263
1513,14.302,17.281
1514,14.276,17.264
1515,14.312,17.306
1516,14.318,17.319
1517,14.306,17.282
1518,14.330,17.318
1519,14.308,17.279
1520,14.279,17.243
1521,14.309,17.302
1522,14.312,17.298
1523,14.301,17.280
1524,14.297,17.285
1525,14.305,17.273
1526,14.293,17.268
1527,14.298,17.277
1528,14.304,17.277
1529,14.305,17.282
1530,14.299,17.275
1531,14.320,17.307
1532,14.287,17.249
1533,14.311,17.279
1534,14.304,17.281
1535,14.339,17.341
1536,14.304,17.266
1537,14.308,17.283
1538,14.297,17.263
1539,14.306,17.287
1540,14.269,17.224
1541,14.284,17.254
1542,14.289,17.263
1543,14.291,17.258
1544,14.264,17.229
1545,14.273,17.239
1546,14.278,17.229
1547,14.313,17.292
1548,14.268,17.224
1549,14.273,17.236
1550,14.277,17.233
1551,14.280,17.254
1552,14.277,17.247
1553,14.296,17.260
1554,14.259,17.219
1555,14.266,17.226
1556,14.283,17.266
1557,14.270,17.234
1558,14.272,17.224
1559,14.261,17.204
1560,14.269,17.226
1561,14.275,17.243
1562,14.271,17.226
1563,14.268,17.229
1564,14.279,17.227
1565,14.288,17.264
1566,14.283,17.265
1567,14.282,17.238
1568,14.246,17.173
1569,14.258,17.213
1570,14.261,17.219
1571,14.262,17.213
1572,14.261,17.206
1573,14.258,17.200
1574,14.280,17.243
1575,14.271,17.220
1576,14.257,17.208
1577,14.286,17.243
1578,14.247,17.181
1579,14.268,17.219
1580,14.250,17.190
1581,14.267,17.206
1582,14.288,17.253
1583,14.278,17.227
1584,14.280,17.241
1585,14.286,17.246
1586,14.285,17.243
1587,14.297,17.257
1588,14.276,17.229
1589,14.269,17.208
1590,14.284,17.242
1591,14.284,17.260
1592,14.264,17.213
1593,14.277,17.241
1594,14.279,17.234
1595,14.270,17.213
1596,14.286,17.250
1597,14.260,17.208
1598,14.272,17.210
1599,14.278,17.219
1600,14.273,17.216
1601,14.295,17.247
1602,14.277,17.218
1603,14.272,17.209
1604,14.292,17.235
1605,14.271,17.211
1606,14.278,17.208
1607,14.294,17.248
1608,14.270,17.203
1609,14.272,17.228
1610,14.283,17.226
1611,14.256,17.187
1612,14.271,17.203
1613,14.277,17.217
1614,14.288,17.233
1615,14.268,17.194
1616,14.277,17.217
1617,14.294,17.243
1618,14.279,17.221
1619,14.287,17.241
1620,14.275,17.212
1621,14.281,17.220
1622,14.272,17.202
1623,14.262,17.189
1624,14.294,17.251
1625,14.295,17.256
1626,14.303,17.251
1627,14.310,17.257
1628,14.297,17.233
1629,14.297,17.239
1630,14.315,17.268
1631,14.317,17.291
1632,14.311,17.267
1633,14.311,17.258
1634,14.308,17.270
1635,14.307,17.250
1636,14.337,17.314
1637,14.328,17.306
1638,14.336,17.311
1639,14.301,17.265
1640,14.319,17.284
1641,14.321,17.279
1642,14.307,17.253
1643,14.331,17.301
1644,14.343,17.323
1645,14.325,17.294
1646,14.326,17.293
1647,14.305,17.271
1648,14.278,17.228
1649,14.268,17.208
1650,14.274,17.218
1651,14.269,17.210
1652,14.272,17.215
1653,14.260,17.199
1654,14.258,17.206
1655,14.278,17.234
1656,14.258,17.214
1657,14.276,17.231
1658,14.243,17.192
1659,14.269,17.221
1660,14.254,17.194
1661,14.276,17.231
1662,14.285,17.257
1663,14.292,17.265
1664,14.248,17.178
1665,14.279,17.244
1666,14.267,17.222
1667,14.275,17.242
1668,14.288,17.247
1669,14.287,17.263
1670,14.299,17.279
1671,14.288,17.265
1672,14.290,17.258
1673,14.281,17.262
1674,14.296,17.281
1675,14.274,17.252
1676,14.283,17.255
1677,14.262,17.228
1678,14.254,17.210
1679,14.242,17.185
1680,14.253,17.205
1681,14.276,17.240
1682,14.276,17.234
1683,14.273,17.226
1684,14.270,17.231
1685,14.263,17.233
1686,14.255,17.208
1687,14.276,17.239
1688,14.250,17.195
1689,14.295,17.275
1690,14.272,17.233
1691,14.279,17.238
1692,14.243,17.178
1693,14.253,17.205
1694,14.262,17.233
1695,14.256,17.211
1696,14.262,17.228
1697,14.297,17.275
1698,14.293,17.270
1699,14.285,17.257
1700,14.267,17.214
1701,14.279,17.246
1702,14.275,17.258
1703,14.251,17.201
1704,14.279,17.255
1705,14.271,17.228
1706,14.284,17.261
1707,14.267,17.228
1708,14.258,17.224
1709,14.275,17.231
1710,14.263,17.205
1711,14.277,17.230
1712,14.309,17.277
1713,14.303,17.286
1714,14.283,17.252
1715,14.276,17.228
1716,14.277,17.246
1717,14.281,17.230
1718,14.280,17.245
1719,14.286,17.240
1720,14.289,17.248
1721,14.255,17.208
1722,14.270,17.222
1723,14.279,17.233
1724,14.281,17.225
1725,14.274,17.242
1726,14.248,17.191
1727,14.283,17.246
1728,14.252,17.201
1729,14.262,17.216
1730,14.232,17.163
1731,14.228,17.161
1732,14.230,17.175
1733,14.249,17.211
1734,14.228,17.185
1735,14.258,17.215
1736,14.246,17.211
1737,14.265,17.233
1738,14.237,17.178
1739,14.252,17.200
1740,14.220,17.151
1741,14.241,17.207
1742,14.221,17.169
1743,14.256,17.226
1744,14.248,17.203
1745,14.254,17.217
1746,14.272,17.249
1747,14.288,17.292
1748,14.273,17.264
1749,14.276,17.267
1750,14.273,17.273
1751,14.266,17.246
1752,14.267,17.259
1753,14.263,17.254
1754,14.267,17.247
1755,14.286,17.292
1756,14.237,17.202
1757,14.262,17.248
1758,14.255,17.245
1759,14.261,17.254
1760,14.262,17.236
1761,14.244,17.228
1762,14.237,17.214
1763,14.230,17.209
1764,14.212,17.183
1765,14.247,17.224
1766,14.235,17.199
1767,14.224,17.203
1768,14.228,17.205
1769,14.211,17.185
1770,14.229,17.195
1771,14.182,17.109
1772,14.223,17.187
1773,14.230,17.178
1774,14.230,17.201
1775,14.233,17.214
1776,14.250,17.224
1777,14.236,17.218
1778,14.228,17.196
1779,14.262,17.270
1780,14.239,17.223
1781,14.252,17.228
1782,14.233,17.218
1783,14.243,17.212
1784,14.238,17.220
1785,14.263,17.251
1786,14.233,17.196
1787,14.260,17.243
1788,14.252,17.231
1789,14.252,17.228
1790,14.248,17.215
1791,14.261,17.249
1792,14.260,17.245
1793,14.264,17.264
1794,14.249,17.216
1795,14.237,17.219
1796,14.256,17.233
1797,14.265,17.250
1798,14.246,17.234
1799,14.229,17.198
1800,14.247,17.229
1801,14.263,17.240
1802,14.252,17.233
1803,14.250,17.228
1804,14.253,17.234
1805,14.246,17.222
1806,14.272,17.249
1807,14.289,17.262
1808,14.245,17.204
1809,14.256,17.230
1810,14.260,17.227
1811,14.241,17.190
1812,14.250,17.219
1813,14.259,17.210
1814,14.251,17.190
1815,14.255,17.187
1816,14.250,17.188
1817,14.262,17.203
1818,14.282,17.235
1819,14.267,17.202
1820,14.259,17.196
1821,14.282,17.232
1822,14.255,17.185
1823,14.278,17.217
1824,14.260,17.201
1825,14.284,17.233
1826,14.273,17.217
1827,14.276,17.224
1828,14.227,17.147
1829,14.242,17.164
1830,14.267,17.224
1831,14.252,17.199
1832,14.282,17.234
1833,14.293,17.262
1834,14.292,17.262
1835,14.276,17.224
1836,14.268,17.213
1837,14.263,17.216
1838,14.274,17.247
1839,14.275,17.236
1840,14.259,17.207
