0 139 68 62 143 0.36
1 147 68 58 146 0.60
2 148 71 58 148 0.52
5 133 74 107 150 0.45
6 136 72 103 151 0.60
6 140 67 55 129 0.58
7 127 68 110 152 0.59
8 135 64 59 144 0.53
11 129 66 59 132 0.32
12 129 61 100 150 0.64
13 115 69 77 138 0.34
14 133 72 98 145 0.53
15 123 64 67 137 0.43
15 111 69 121 154 0.40
17 123 65 107 151 0.74
18 123 62 75 154 0.45
19 121 63 109 158 0.89
20 113 63 118 158 0.88
21 113 62 112 150 0.70
22 113 54 70 156 0.48
22 113 65 103 161 0.37
23 122 56 104 168 0.70
24 117 53 59 150 0.61
24 118 61 99 167 0.52
25 110 59 110 167 0.59
26 104 60 115 162 0.47
27 114 56 107 165 0.68
28 98 54 124 173 0.47
30 61 54 156 182 0.57
31 113 52 50 124 0.69
31 116 53 72 145 0.52
31 117 57 104 166 0.51
32 99 52 122 177 0.88
33 109 48 98 164 0.47
34 110 54 99 162 0.55
35 105 49 111 180 0.82
36 111 54 105 176 0.76
37 86 47 132 185 0.85
38 97 49 123 179 0.82
39 103 55 109 176 0.65
40 102 46 110 183 0.61
40 104 48 69 146 0.35
41 90 47 122 172 0.69
42 108 44 108 191 0.86
43 104 58 109 170 0.63
44 103 46 111 185 0.74
45 101 45 109 172 0.75
45 98 44 75 145 0.39
47 96 45 118 189 0.37
48 88 42 125 195 0.52
48 509 148 66 128 0.32
49 71 41 143 192 0.60
50 79 53 133 181 0.57
51 91 35 129 193 0.89
52 93 38 118 198 0.65
52 524 113 74 164 0.62
53 62 40 160 201 0.64
53 527 110 79 166 0.60
54 93 40 127 189 0.60
55 78 45 136 188 0.47
56 92 36 67 157 0.45
56 87 38 112 189 0.32
57 92 37 114 190 0.31
60 50 37 156 190 0.69
60 89 38 98 162 0.36
61 88 32 132 193 0.84
62 35 26 179 232 0.46
63 85 30 64 151 0.38
64 87 39 134 191 0.42
68 71 33 137 214 0.43
69 54 19 164 232 0.35
70 66 23 146 227 0.39
70 25 38 228 422 0.35
70 77 25 79 155 0.34
71 69 23 146 218 0.71
72 66 27 142 217 0.50
73 53 27 144 216 0.56
77 68 25 138 208 0.46
80 72 30 132 207 0.46
80 10 26 218 437 0.31
83 0 31 296 433 0.35
87 51 9 166 267 0.38
87 13 33 240 421 0.34
96 12 2 234 478 0.42
99 25 18 193 230 0.37
144 485 125 19 79 0.48
152 557 35 74 202 0.56
217 571 150 26 67 0.32
227 476 111 24 85 0.59
228 607 140 24 69 0.52
232 485 109 26 86 0.53
237 493 110 28 88 0.44
247 516 97 35 102 0.40
248 515 100 36 101 0.32
259 341 48 33 69 0.52
286 373 32 29 70 0.49
364 57 38 160 179 0.42
374 30 30 175 189 0.45
377 27 33 179 187 0.54
382 36 36 147 188 0.33
397 33 31 178 196 0.50
406 31 12 215 201 0.63
411 31 22 187 203 0.38
412 50 24 190 197 0.37
421 56 23 180 193 0.52
427 18 14 217 211 0.51
432 12 18 215 203 0.35
436 27 11 191 214 0.36
443 8 10 221 224 0.53
445 9 9 258 220 0.35
517 516 180 26 44 0.44
522 449 99 54 118 0.48
527 430 97 75 109 0.47
529 441 110 64 100 0.45
531 456 102 51 112 0.42
531 540 181 39 48 0.31
534 436 113 73 89 0.35
543 564 182 41 59 0.40
562 361 140 66 63 0.33
565 477 123 62 101 0.39
584 91 121 47 124 0.35
606 406 14 67 139 0.44
644 505 169 11 43 0.56
663 576 20 62 202 0.57
664 570 21 60 176 0.47
671 518 149 31 54 0.31
672 522 75 90 148 0.30
673 517 147 33 60 0.75
675 519 150 32 65 0.37
676 524 144 26 57 0.46
685 535 126 26 78 0.53
695 436 58 46 146 0.34
698 546 123 38 90 0.64
720 19 168 73 95 0.32
733 338 0 161 208 0.64
733 550 168 43 81 0.62
756 331 0 162 198 0.34
804 326 83 7 20 0.31
814 95 8 40 181 0.33
818 89 6 45 177 0.53
825 147 63 52 125 0.48
831 148 66 51 127 0.42
832 157 76 43 125 0.44
846 133 59 44 147 0.48
849 124 58 53 152 0.87
856 125 57 43 122 0.69
862 509 87 43 152 0.37
870 541 159 45 108 0.48
878 573 35 65 268 0.44
879 575 68 65 219 0.59
886 123 155 24 63 0.56
891 113 43 61 152 0.30
892 101 158 35 62 0.84
893 102 155 28 65 0.33
900 119 44 55 153 0.44
901 113 40 53 159 0.63
902 115 39 50 155 0.33
911 115 37 54 158 0.44
913 117 36 54 151 0.37
923 112 30 58 157 0.34
943 119 25 55 156 0.31
1068 117 51 56 115 0.42
1069 116 52 55 105 0.36
1144 118 56 52 113 0.46
1145 115 58 57 110 0.33
1160 115 63 55 112 0.36
1167 102 81 18 81 0.31
1168 116 63 55 105 0.34
1180 112 54 37 102 0.40
1195 116 56 53 114 0.37
1202 118 58 52 112 0.32
1205 117 181 77 95 0.62
1267 299 179 33 64 0.30
1336 115 57 58 173 0.46
1346 112 58 63 173 0.31
1347 111 56 57 180 0.48
1353 112 57 55 166 0.32
1396 88 49 69 167 0.60
1404 496 122 53 124 0.40
1409 80 40 63 176 0.45
1412 80 40 63 178 0.31
1416 68 39 78 171 0.31
1419 508 100 54 130 0.38
1443 556 66 59 195 0.37
1447 567 64 51 172 0.45
1454 580 60 58 175 0.52
1460 591 41 46 198 0.50
1461 590 42 45 190 0.42
1464 508 163 55 100 0.34
1464 519 165 42 67 0.32
1475 533 160 66 112 0.54
1475 547 158 53 83 0.39
1476 542 157 59 84 0.73
1488 103 140 30 71 0.34
1499 149 168 18 57 0.56
1501 143 172 18 57 0.53
1516 424 130 27 77 0.31
1516 97 167 25 68 0.30
1518 423 130 29 79 0.37
1519 427 133 29 78 0.57
1519 79 135 32 86 0.35
1519 55 136 60 96 0.31
1520 77 132 29 79 0.44
1520 79 130 23 53 0.42
1522 72 136 32 73 0.57
1523 68 134 36 69 0.62
1523 57 136 46 98 0.42
1524 70 134 32 74 0.41
1527 425 132 33 79 0.34
1531 432 131 28 80 0.46
1531 329 37 175 180 0.32
1532 62 129 30 90 0.53
1533 320 40 176 175 0.44
1533 429 130 30 84 0.41
1534 58 126 30 91 0.46
1536 319 38 185 184 0.41
1538 590 12 44 178 0.31
1541 48 126 30 79 0.55
1543 44 127 32 78 0.42
1543 606 3 32 123 0.35
1544 46 128 25 67 0.44
1546 324 25 178 202 0.37
1548 323 34 189 192 0.35
1552 391 138 39 65 0.37
1554 436 126 39 87 0.72
1572 5 120 33 143 0.57
1580 458 113 45 112 0.34
1615 498 85 42 130 0.36
1620 506 75 42 144 0.32
1622 504 69 50 151 0.33
1623 509 62 47 154 0.37
1629 523 64 44 155 0.43
1630 526 63 41 160 0.37
1630 503 63 38 163 0.36
1631 495 58 43 156 0.33
1631 478 64 45 147 0.31
1632 505 55 41 172 0.78
1654 502 66 63 152 0.32
1660 530 15 98 226 0.45
1661 526 13 101 235 0.45
1675 146 139 20 30 0.33
1687 149 134 18 71 0.56
1689 145 137 18 69 0.73
1689 146 137 15 48 0.38
1691 144 143 15 34 0.48
1693 426 96 81 117 0.33
1698 438 102 56 112 0.40
1701 440 88 91 125 0.55
1704 139 140 61 69 0.47
1709 136 141 25 68 0.31
1711 170 160 20 54 0.46
1713 126 141 67 72 0.65
1713 154 152 37 59 0.37
1713 430 67 123 169 0.30
1716 160 159 26 54 0.54
1716 123 154 62 60 0.42
1717 117 139 69 77 0.62
1720 114 141 63 77 0.76
1721 430 54 134 179 0.32
1721 477 57 81 145 0.31
1722 502 59 54 137 0.35
1723 145 165 28 55 0.59
1723 501 59 51 133 0.48
1725 427 65 157 178 0.47
1726 424 61 135 179 0.32
1728 129 161 34 63 0.66
1729 499 48 127 216 0.34
1729 504 51 66 140 0.33
1731 120 162 34 65 0.73
1733 120 152 28 72 0.79
1734 525 42 56 132 0.34
1735 469 28 124 199 0.50
1735 496 33 89 165 0.38
1736 105 165 38 62 0.30
1738 587 162 49 61 0.41
1738 94 169 42 55 0.33
1739 453 23 124 220 0.45
1740 592 166 45 59 0.49
1742 448 38 146 163 0.48
1745 430 108 30 91 0.57
1747 425 113 32 91 0.72
1747 522 21 72 152 0.48
1747 100 146 20 60 0.38
1748 99 147 19 57 0.43
1748 432 113 25 68 0.33
1751 520 41 69 136 0.31
1761 420 176 16 41 0.42
1770 74 149 24 62 0.37
1771 91 133 24 81 0.34
1771 74 148 19 65 0.30
1772 92 130 20 85 0.40
1773 91 129 22 85 0.40
1777 67 154 27 59 0.39
1782 58 154 28 59 0.51
1782 82 131 24 83 0.44
1784 81 132 24 81 0.45
1786 80 134 29 81 0.54
1787 76 133 30 79 0.36
1788 76 137 26 75 0.46
1789 78 133 24 82 0.31
1791 43 150 33 69 0.33
1793 47 149 24 67 0.47
1795 40 152 26 68 0.36
1800 66 133 28 69 0.49
1826 563 233 14 49 0.41
1835 605 238 19 63 0.38
1838 493 111 52 109 0.47
