37 118 192 26 51 0.47
39 114 194 32 48 0.64
47 242 186 18 47 0.36
50 188 187 21 48 0.37
52 179 186 30 53 0.64
55 180 180 20 52 0.53
57 182 179 19 52 0.31
116 113 179 22 69 0.64
117 112 184 22 54 0.47
118 112 180 23 60 0.51
120 107 180 27 63 0.43
122 107 182 25 60 0.40
123 107 180 24 65 0.36
132 101 179 22 63 0.53
133 99 183 25 58 0.60
135 98 184 24 55 0.38
137 89 179 35 62 0.53
139 94 180 27 61 0.63
142 97 182 21 61 0.34
144 95 185 33 57 0.32
146 89 185 36 57 0.50
149 97 184 22 57 0.33
149 93 183 20 58 0.32
150 92 179 24 63 0.37
153 131 186 22 52 0.35
155 91 185 25 58 0.64
155 130 186 24 52 0.45
155 96 187 28 55 0.37
156 91 183 23 58 0.51
156 132 185 19 53 0.49
157 89 184 29 59 0.68
157 128 185 24 56 0.60
157 70 191 27 53 0.36
158 88 184 32 58 0.33
159 91 181 20 61 0.73
159 95 181 24 61 0.30
160 94 181 20 59 0.84
160 129 188 23 53 0.59
160 99 182 21 59 0.37
161 91 181 23 61 0.69
161 132 184 19 57 0.56
162 89 181 24 62 0.73
162 81 186 26 58 0.30
163 88 179 26 63 0.64
167 90 182 23 61 0.54
168 88 181 30 63 0.44
169 89 182 30 63 0.61
169 121 186 26 56 0.36
171 88 181 29 62 0.74
172 89 177 29 64 0.38
173 91 181 26 61 0.72
173 65 190 33 53 0.34
174 88 181 32 62 0.66
175 88 177 28 65 0.59
177 85 179 46 63 0.31
178 90 180 21 60 0.51
178 42 184 16 61 0.31
179 89 180 28 66 0.73
179 62 192 30 52 0.41
179 99 186 20 60 0.32
182 88 180 24 63 0.72
182 94 180 25 63 0.30
183 90 180 28 62 0.63
183 71 190 24 53 0.40
184 89 181 33 64 0.32
184 124 184 18 56 0.32
185 90 183 29 59 0.46
195 88 187 41 57 0.37
199 86 187 48 60 0.51
200 89 184 35 64 0.70
201 91 185 37 61 0.35
202 90 182 36 63 0.56
202 69 190 25 55 0.30
257 91 182 26 62 0.43
258 91 185 27 56 0.49
260 85 184 40 64 0.37
263 88 185 31 59 0.67
264 88 182 29 58 0.40
268 90 185 27 56 0.78
269 88 183 32 59 0.41
274 88 189 29 57 0.49
276 86 185 41 60 0.51
277 88 186 28 58 0.48
278 88 184 24 55 0.42
279 86 182 27 63 0.51
282 83 183 32 64 0.51
283 86 183 26 59 0.37
296 83 189 30 57 0.36
317 79 186 20 61 0.35
319 71 187 40 62 0.40
327 71 183 25 61 0.56
332 69 185 21 58 0.53
332 71 184 18 31 0.36
334 67 184 29 66 0.42
335 66 183 25 68 0.80
336 67 188 26 59 0.45
337 66 185 28 66 0.40
340 64 185 32 68 0.71
342 62 185 29 69 0.34
343 55 190 39 64 0.33
345 65 182 19 31 0.37
349 61 182 24 68 0.33
350 61 186 33 67 0.57
352 54 190 41 65 0.55
433 15 184 49 79 0.38
445 7 183 48 79 0.34
456 3 182 48 83 0.57
459 2 179 49 82 0.30
460 2 182 47 83 0.48
518 3 96 137 240 0.33
545 10 89 37 170 0.43
553 6 89 40 168 0.36
775 19 226 76 142 0.50
776 3 151 105 245 0.43
985 470 152 24 44 0.44
1065 48 182 47 103 0.74
1066 51 180 65 112 0.53
1066 15 200 34 90 0.34
1067 62 182 66 113 0.76
1067 21 198 37 103 0.68
1068 71 181 46 107 0.81
1068 30 193 34 97 0.65
1069 40 193 31 96 0.74
1069 71 180 66 115 0.70
1070 44 194 40 101 0.79
1070 89 179 62 115 0.43
1071 52 194 44 100 0.86
1072 58 191 44 107 0.92
1072 105 179 52 120 0.42
1073 59 187 52 106 0.81
1073 118 181 64 127 0.69
1073 69 189 36 88 0.37
1074 79 193 38 100 0.86
1074 118 176 64 119 0.69
1075 72 188 60 115 0.69
1076 94 193 36 99 0.72
1076 143 176 57 108 0.36
1077 100 185 46 106 0.81
1077 149 173 70 119 0.55
1077 152 173 48 102 0.31
1078 94 187 64 107 0.89
1078 156 176 75 113 0.78
1079 104 178 52 119 0.94
1080 129 176 40 121 0.93
1080 175 176 74 128 0.84
1081 136 179 40 119 0.85
1082 132 182 55 114 0.92
1082 196 176 71 120 0.61
1082 25 198 46 111 0.53
1082 148 183 38 97 0.44
1083 141 177 54 123 0.94
1083 37 194 46 117 0.59
1083 156 179 39 103 0.53
1083 210 182 69 120 0.51
1084 165 185 38 116 0.83
1084 43 195 50 119 0.69
1084 218 175 50 112 0.69
1084 174 191 28 87 0.33
1085 226 172 50 123 0.93
1085 165 184 53 112 0.87
1085 49 198 52 111 0.42
1085 178 184 36 96 0.37
1086 171 187 57 120 0.90
1086 240 175 51 115 0.80
1086 61 191 47 119 0.40
1087 65 198 51 115 0.84
1087 246 180 71 134 0.82
1087 195 186 45 120 0.76
1088 260 178 72 127 0.90
1088 206 178 42 125 0.87
1088 78 200 42 109 0.37
1089 216 178 40 129 0.96
1089 267 176 69 132 0.88
1089 84 190 51 121 0.79
1090 214 179 54 125 0.92
1090 91 195 51 116 0.90
1090 280 175 68 118 0.81
1091 217 178 59 120 0.95
1091 292 177 71 135 0.81
1092 227 177 63 125 0.96
1092 108 194 58 120 0.48
1092 301 175 77 129 0.44
1092 236 180 49 93 0.37
1093 243 183 57 128 0.88
1093 312 167 77 152 0.74
1093 260 186 36 113 0.35
1094 252 175 55 131 0.97
1094 128 190 54 119 0.82
1094 324 171 68 136 0.82
1095 259 178 62 128 0.97
1095 333 176 80 145 0.34
1096 269 174 63 126 0.99
1096 150 186 57 127 0.90
1097 284 173 63 139 0.98
1097 303 177 42 128 0.50
1098 315 176 41 134 0.96
1099 329 177 38 131 0.93
1099 383 169 79 156 0.93
1099 180 192 59 125 0.90
1099 383 169 55 110 0.50
1100 330 175 52 138 0.94
1100 395 169 73 154 0.57
1100 193 190 61 133 0.45
1101 340 172 58 141 0.93
1101 199 179 64 146 0.80
1102 349 173 59 131 0.92
1102 212 189 64 130 0.59
1103 378 168 43 141 0.87
1103 448 175 74 144 0.45
1104 371 166 62 154 0.97
1104 466 183 63 143 0.53
1105 397 169 49 147 0.85
1106 415 166 44 148 0.95
1106 256 182 70 142 0.42
1107 424 169 52 146 0.86
1107 266 179 67 135 0.79
1108 419 162 68 144 0.93
1108 440 164 45 131 0.63
1109 431 162 70 151 0.94
1109 290 180 82 140 0.47
1110 445 154 69 158 0.95
1110 530 153 69 152 0.66
1111 471 156 59 138 0.85
1111 538 156 63 83 0.77
1112 473 155 70 152 0.95
1112 554 145 67 152 0.32
1113 492 151 68 143 0.96
1113 340 168 74 153 0.92
1113 513 156 44 128 0.30
1114 523 152 50 158 0.88
1115 533 152 57 160 0.92
1116 554 146 52 160 0.82
1117 392 155 77 170 0.97
1117 573 147 46 141 0.85
1118 560 142 74 170 0.94
1119 594 144 42 167 0.79
1120 436 164 78 160 0.58
1121 453 156 82 167 0.76
1122 461 148 86 178 0.52
1123 482 152 81 172 0.42
1125 511 150 91 175 0.54
1126 536 166 80 158 0.39
1127 546 133 80 205 0.80
1128 565 128 66 201 0.91
1166 21 74 45 139 0.42
1166 0 105 25 102 0.39
1170 130 29 107 226 0.33
1180 84 86 63 134 0.38
1182 147 149 32 79 0.37
1186 117 82 35 129 0.66
1187 125 80 29 125 0.60
1188 130 74 27 131 0.44
1189 137 76 29 126 0.51
1192 152 79 35 136 0.40
1194 272 30 161 229 0.32
1196 173 71 43 141 0.49
1198 187 71 29 132 0.63
1199 42 104 8 18 0.42
1199 191 73 40 134 0.30
1204 220 70 33 130 0.48
1207 230 67 32 132 0.59
1208 266 75 46 147 0.53
1208 231 64 45 145 0.40
1211 291 165 36 60 0.81
1218 375 161 28 72 0.34
1219 281 57 35 118 0.40
1221 285 55 50 116 0.44
1224 366 78 46 152 0.44
1245 382 158 36 71 0.74
1251 406 174 28 53 0.67
1255 409 180 35 48 0.37
1256 411 177 33 57 0.40
1265 424 176 38 53 0.54
1265 370 32 43 169 0.34
1268 433 175 30 54 0.34
1269 500 11 101 259 0.32
1270 436 173 33 57 0.69
1271 436 173 34 58 0.85
1272 437 175 35 55 0.81
1272 82 194 36 42 0.45
1274 439 180 36 56 0.52
1275 439 169 37 60 0.30
1276 442 173 34 63 0.58
1277 444 172 33 62 0.57
1279 447 167 35 64 0.80
1280 448 178 35 57 0.48
1281 449 168 35 66 0.91
1284 451 165 38 71 0.43
1285 455 170 35 62 0.82
1286 462 28 123 237 0.31
1287 457 168 36 68 0.59
1288 458 170 37 65 0.37
1289 457 164 40 74 0.35
1290 459 161 37 77 0.33
1291 461 171 38 65 0.69
1292 462 170 37 68 0.35
1292 447 112 52 128 0.30
1293 464 169 38 70 0.54
1294 464 157 40 81 0.46
1295 467 169 37 69 0.46
1298 469 168 38 74 0.61
1299 469 171 39 69 0.62
1299 407 6 38 192 0.38
1300 472 163 36 79 0.38
1301 474 165 38 74 0.34
1302 477 165 37 78 0.44
1307 483 159 34 81 0.46
1311 486 165 37 73 0.51
1312 487 172 38 69 0.39
1314 489 164 40 76 0.31
1315 490 165 37 74 0.90
1316 492 170 34 68 0.83
1317 493 166 35 74 0.90
1317 571 8 65 297 0.33
1318 492 161 37 81 0.52
1319 492 172 40 70 0.36
1320 493 160 38 79 0.56
1321 495 158 38 82 0.35
1322 496 164 37 75 0.54
1325 496 154 40 85 0.78
1326 578 22 60 289 0.38
1327 500 155 38 84 0.96
1328 503 151 36 89 0.86
1329 502 157 39 83 0.74
1330 501 143 42 99 0.59
1331 502 147 39 95 0.49
1332 500 141 45 104 0.47
1333 501 143 44 98 0.85
1334 504 145 41 99 0.47
1335 503 154 42 89 0.87
1336 503 154 42 88 0.73
1337 506 148 39 94 0.73
1338 505 150 42 97 0.78
1339 506 156 43 86 0.80
1340 505 152 45 93 0.47
1341 507 152 40 93 0.79
1342 506 150 43 96 0.52
1344 509 152 41 95 0.65
1345 506 153 46 91 0.30
1346 510 150 44 98 0.84
1347 504 114 95 134 0.39
1348 510 155 45 90 0.84
1352 514 155 41 94 0.37
1353 514 152 40 96 0.63
1354 513 157 43 96 0.41
1355 514 170 45 80 0.55
1356 514 159 43 93 0.78
1357 509 160 50 96 0.32
1358 517 160 41 92 0.88
1359 514 155 43 98 0.80
1360 512 157 51 98 0.34
1363 514 161 48 97 0.61
1364 517 165 43 90 0.71
1365 512 158 50 99 0.78
1366 514 159 50 98 0.39
1367 511 147 52 114 0.42
1368 512 128 54 131 0.35
1370 514 151 52 114 0.70
1371 516 161 53 102 0.88
1372 515 153 53 110 0.75
1373 521 148 50 118 0.36
1374 519 151 53 117 0.58
1375 521 153 48 114 0.36
1376 521 148 50 122 0.47
1377 519 140 53 128 0.33
1378 515 146 59 123 0.30
1379 517 143 52 128 0.78
1380 523 136 48 137 0.62
1381 524 140 50 129 0.59
1382 526 68 50 200 0.88
1383 523 125 53 145 0.64
1384 523 148 51 123 0.68
1385 522 143 53 128 0.87
1386 525 137 50 132 0.70
1387 519 129 59 141 0.76
1388 527 80 54 193 0.81
1389 523 111 56 163 0.71
1392 524 131 59 140 0.48
1393 524 94 60 177 0.31
1394 528 114 57 156 0.52
1396 535 160 52 113 0.59
1397 524 150 66 125 0.48
1398 531 97 61 177 0.31
1401 533 138 58 140 0.70
1404 537 140 60 139 0.45
1409 547 15 54 267 0.31
1410 545 80 60 205 0.59
1411 510 86 109 200 0.41
1413 533 105 76 183 0.38
1413 547 150 61 140 0.34
1414 482 75 123 211 0.69
1416 477 94 130 197 0.40
1418 555 166 59 129 0.50
1419 558 150 57 144 0.71
1420 562 133 61 176 0.39
1421 546 150 74 143 0.57
1422 564 110 60 184 0.39
1424 571 159 56 140 0.39
1424 489 159 21 62 0.33
1425 574 145 53 157 0.35
1426 571 155 59 145 0.45
1428 575 159 58 143 0.58
1431 462 84 38 172 0.41
1436 466 93 37 157 0.54
1481 468 159 16 56 0.34
1487 470 160 18 52 0.33
1488 460 157 28 58 0.40
1495 451 176 16 58 0.37
1517 506 108 69 150 0.32
1527 533 66 61 202 0.32
1532 547 72 53 205 0.60
1537 553 101 56 178 0.55
1542 583 91 51 188 0.39
1544 585 87 48 192 0.75
1549 596 68 41 214 0.75
1550 599 84 40 197 0.43
1552 602 120 35 169 0.32
1570 438 46 100 295 0.40
1694 551 133 65 126 0.61
1700 597 54 40 215 0.35
1749 577 185 36 66 0.44
