0,26.493,27.627
1,26.479,27.620
2,26.486,27.617
3,26.473,27.606
4,26.445,27.583
5,26.482,27.618
6,26.474,27.615
7,26.414,27.532
8,26.435,27.556
9,26.477,27.618
10,26.470,27.592
11,26.517,27.680
12,26.444,27.574
13,26.580,27.761
14,26.543,27.676
15,26.492,27.618
16,26.600,27.775
17,26.549,27.703
18,26.553,27.700
19,26.498,27.619
20,26.463,27.570
21,26.470,27.592
22,26.498,27.620
23,26.507,27.650
24,26.485,27.609
25,26.608,27.753
26,26.548,27.691
27,26.594,27.736
28,26.494,27.596
29,26.555,27.696
30,26.515,27.630
31,26.532,27.650
32,26.533,27.660
33,26.579,27.731
34,26.631,27.811
35,26.581,27.752
36,26.632,27.812
37,26.659,27.833
38,26.651,27.815
39,26.652,27.842
40,26.629,27.812
41,26.579,27.742
42,26.543,27.707
43,26.505,27.657
44,26.497,27.650
45,26.417,27.567
46,26.381,27.517
47,26.361,27.514
48,26.274,27.406
49,26.084,27.164
50,26.071,27.147
51,26.037,27.099
52,26.023,27.067
53,26.000,27.038
54,25.940,26.965
55,25.850,26.856
56,25.853,26.857
57,25.832,26.836
58,25.834,26.841
59,25.809,26.810
60,25.796,26.824
61,25.758,26.788
62,25.697,26.708
63,25.679,26.690
64,25.685,26.702
65,25.718,26.742
66,25.706,26.733
67,25.705,26.741
68,25.738,26.768
69,25.775,26.824
70,25.810,26.875
71,25.889,26.972
72,25.950,27.064
73,25.948,27.075
74,25.882,26.980
75,25.892,27.014
76,25.891,27.016
77,25.936,27.075
78,26.034,27.212
79,26.097,27.307
80,26.173,27.402
81,26.228,27.483
82,26.296,27.581
83,26.348,27.651
84,26.404,27.723
85,26.460,27.806
86,26.485,27.855
87,26.510,27.874
88,26.545,27.934
89,26.609,28.003
90,26.623,28.019
91,26.672,28.088
92,26.623,28.003
93,26.631,28.026
94,26.450,27.830
95,26.483,27.908
96,26.404,27.873
97,26.522,28.050
98,26.322,27.775
99,26.353,27.830
100,26.564,27.997
101,26.833,28.375
102,26.909,28.441
103,26.936,28.428
104,26.990,28.544
105,27.058,28.610
106,27.247,28.828
107,27.327,28.919
108,27.378,28.991
109,27.453,29.083
110,27.435,29.033
111,27.366,28.955
112,27.302,28.843
113,27.266,28.801
114,27.167,28.669
115,27.143,28.634
116,27.067,28.538
117,27.039,28.482
118,27.011,28.451
119,27.112,28.602
120,27.116,28.614
121,27.204,28.734
122,27.271,28.856
123,27.313,28.906
124,27.320,28.930
125,27.385,28.999
126,27.345,28.937
127,27.265,28.838
128,27.259,28.800
129,27.226,28.761
130,27.355,28.917
131,27.351,28.924
132,27.326,28.870
133,27.291,28.839
134,27.337,28.876
135,27.270,28.811
136,27.280,28.843
137,27.281,28.854
138,27.290,28.885
139,27.312,28.921
140,27.205,28.790
141,27.107,28.655
142,27.218,28.804
143,27.183,28.760
144,27.161,28.729
145,27.135,28.705
146,27.000,28.532
147,26.988,28.519
148,26.974,28.512
149,26.943,28.448
150,26.913,28.403
151,26.953,28.484
152,26.957,28.487
153,26.945,28.451
154,26.923,28.416
155,26.966,28.465
156,26.928,28.411
157,26.959,28.458
158,26.955,28.433
159,26.908,28.352
160,26.904,28.343
161,26.914,28.345
162,26.924,28.347
163,26.897,28.318
164,26.841,28.240
165,26.847,28.231
166,26.838,28.205
167,26.822,28.175
168,26.845,28.196
169,26.860,28.202
170,26.813,28.112
171,26.818,28.095
172,26.831,28.123
173,26.841,28.124
174,26.838,28.078
175,26.836,28.104
176,26.859,28.111
177,26.868,28.131
178,26.828,28.074
179,26.865,28.095
180,26.835,28.070
181,26.917,28.156
182,26.788,27.984
183,26.738,27.923
184,26.696,27.879
185,26.750,27.972
186,26.839,28.100
187,26.856,28.092
188,26.949,28.220
189,27.049,28.365
190,27.096,28.398
191,27.072,28.366
192,27.093,28.391
193,27.053,28.295
194,27.051,28.298
195,27.052,28.314
196,27.032,28.281
197,26.994,28.197
198,27.009,28.223
199,26.991,28.201
200,26.980,28.179
201,26.902,28.055
202,26.906,28.074
203,26.946,28.135
204,26.975,28.166
205,27.021,28.237
206,27.017,28.216
207,27.012,28.203
208,27.012,28.181
209,27.049,28.241
210,27.069,28.255
211,27.050,28.237
212,27.064,28.240
213,27.068,28.249
214,27.129,28.350
215,27.225,28.478
216,27.200,28.445
217,27.210,28.478
218,27.211,28.451
219,27.030,28.198
220,26.963,28.087
221,26.910,28.011
222,26.903,28.022
223,26.920,28.045
224,26.884,28.008
225,26.856,27.962
226,26.778,27.861
227,26.768,27.873
228,26.746,27.829
229,26.748,27.833
230,26.690,27.759
231,26.667,27.736
232,26.641,27.706
233,26.626,27.714
234,26.654,27.721
235,26.623,27.687
236,26.608,27.661
237,26.595,27.639
238,26.568,27.606
239,26.539,27.578
240,26.530,27.568
241,26.512,27.545
242,26.489,27.514
243,26.475,27.491
244,26.505,27.513
245,26.484,27.483
246,26.481,27.510
247,26.470,27.483
248,26.485,27.515
249,26.459,27.457
250,26.481,27.486
251,26.499,27.510
252,26.492,27.492
253,26.424,27.419
254,26.408,27.387
255,26.405,27.379
256,26.426,27.404
257,26.440,27.430
258,26.446,27.446
259,26.408,27.402
260,26.403,27.400
261,26.360,27.359
262,26.317,27.276
263,26.310,27.280
264,26.311,27.286
265,26.298,27.271
266,26.275,27.245
267,26.254,27.223
268,26.231,27.203
269,26.238,27.206
270,26.206,27.163
271,26.120,27.068
272,26.109,27.064
273,26.132,27.082
274,26.148,27.100
275,26.155,27.095
276,26.153,27.102
277,26.097,27.028
278,26.088,27.029
279,26.036,26.962
280,26.020,26.956
281,26.010,26.933
282,26.019,26.950
283,26.066,26.999
284,26.091,27.040
285,26.086,27.043
286,26.113,27.081
287,26.147,27.093
288,26.155,27.125
289,26.156,27.135
290,26.153,27.123
291,26.140,27.116
292,26.134,27.112
293,26.100,27.047
294,26.034,26.994
295,26.033,26.981
296,26.044,27.000
297,26.016,26.957
298,26.002,26.927
299,26.005,26.944
300,25.998,26.933
301,25.987,26.914
302,26.010,26.935
303,25.990,26.909
304,25.994,26.927
305,25.980,26.918
306,25.967,26.888
307,25.962,26.892
308,25.974,26.906
309,25.975,26.910
310,25.976,26.909
311,25.997,26.936
312,26.006,26.950
313,26.001,26.924
314,25.993,26.934
315,25.987,26.910
316,26.006,26.943
317,26.011,26.918
318,25.943,26.861
319,25.930,26.820
320,25.894,26.794
321,25.891,26.785
322,25.890,26.773
323,25.884,26.774
324,25.908,26.803
325,25.908,26.823
326,25.895,26.791
327,25.933,26.832
328,25.924,26.831
329,25.918,26.809
330,25.885,26.770
331,25.879,26.759
332,25.884,26.785
333,25.898,26.803
334,25.884,26.765
335,25.863,26.763
336,25.817,26.702
337,25.817,26.702
338,25.815,26.702
339,25.819,26.706
340,25.832,26.713
341,25.819,26.694
342,25.821,26.710
343,25.828,26.718
344,25.814,26.703
345,25.815,26.713
346,25.819,26.702
347,25.848,26.740
348,25.799,26.707
349,25.828,26.724
350,25.827,26.737
351,25.854,26.768
352,25.855,26.777
353,25.901,26.818
354,25.900,26.831
355,25.867,26.801
356,25.857,26.775
357,25.873,26.780
358,25.857,26.774
359,25.881,26.795
360,25.874,26.774
361,25.868,26.781
362,25.830,26.720
363,25.757,26.647
364,25.753,26.637
365,25.700,26.584
366,25.708,26.579
367,25.712,26.592
368,25.689,26.574
369,25.710,26.599
370,25.711,26.602
371,25.717,26.600
372,25.742,26.659
373,25.734,26.657
374,25.746,26.663
375,25.766,26.687
376,25.752,26.666
377,25.771,26.687
378,25.718,26.640
379,25.713,26.613
380,25.724,26.638
381,25.706,26.610
382,25.693,26.611
383,25.706,26.610
384,25.676,26.578
385,25.676,26.580
386,25.712,26.618
387,25.747,26.662
388,25.734,26.648
389,25.730,26.641
390,25.732,26.652
391,25.655,26.547
392,25.679,26.585
393,25.714,26.613
394,25.724,26.626
395,25.716,26.628
396,25.721,26.635
397,25.734,26.656
398,25.738,26.654
399,25.737,26.666
400,25.745,26.670
401,25.798,26.734
402,25.830,26.769
403,25.848,26.801
404,25.841,26.799
405,25.843,26.796
406,25.831,26.772
407,25.771,26.702
408,25.779,26.705
409,25.754,26.674
410,25.746,26.670
411,25.741,26.654
412,25.764,26.700
413,25.757,26.697
414,25.786,26.722
415,25.773,26.703
416,25.753,26.683
417,25.743,26.664
418,25.757,26.693
419,25.746,26.673
420,25.748,26.682
421,25.740,26.666
422,25.719,26.637
423,25.721,26.651
424,25.722,26.649
425,25.702,26.624
426,25.698,26.608
427,25.703,26.599
428,25.708,26.630
429,25.723,26.628
430,25.721,26.637
431,25.758,26.690
432,25.737,26.662
433,25.754,26.686
434,25.736,26.653
435,25.740,26.649
436,25.740,26.662
437,25.695,26.616
438,25.718,26.636
439,25.728,26.640
440,25.687,26.591
441,25.738,26.659
442,25.776,26.693
443,25.811,26.758
444,25.832,26.776
445,25.813,26.752
446,25.806,26.740
447,25.803,26.741
448,25.805,26.746
449,25.771,26.701
450,25.751,26.686
451,25.727,26.660
452,25.779,26.722
453,25.779,26.725
454,25.756,26.696
455,25.792,26.734
456,25.791,26.730
457,25.844,26.814
458,25.812,26.763
459,25.773,26.690
460,25.762,26.694
461,25.774,26.693
462,25.782,26.718
463,25.781,26.714
464,25.758,26.680
465,25.749,26.684
466,25.751,26.672
467,25.722,26.646
468,25.721,26.657
469,25.728,26.651
470,25.736,26.661
471,25.722,26.647
472,25.768,26.692
473,25.780,26.726
474,25.766,26.699
475,25.778,26.704
476,25.810,26.751
477,25.852,26.791
478,25.849,26.781
479,25.821,26.751
480,25.802,26.722
481,25.784,26.716
482,25.833,26.764
483,25.883,26.825
484,25.852,26.805
485,25.845,26.783
486,25.881,26.821
487,25.913,26.866
488,25.954,26.909
489,25.924,26.876
490,25.934,26.894
491,25.958,26.917
492,25.967,26.910
493,25.980,26.920
494,26.010,26.964
495,26.048,27.028
496,26.053,27.036
497,26.060,27.064
498,26.073,27.079
499,26.143,27.157
500,26.138,27.140
501,26.209,27.214
502,26.251,27.271
503,26.246,27.285
504,26.280,27.316
505,26.342,27.395
506,26.356,27.401
507,26.260,27.315
508,26.286,27.325
509,26.292,27.343
510,26.283,27.347
511,26.298,27.348
512,26.338,27.407
513,26.361,27.441
514,26.386,27.460
515,26.422,27.527
516,26.432,27.531
517,26.387,27.457
518,26.369,27.434
519,26.323,27.410
520,26.263,27.321
521,26.257,27.298
522,26.203,27.263
523,26.236,27.294
524,26.219,27.278
525,26.158,27.214
526,26.147,27.218
527,26.243,27.348
528,26.236,27.349
529,26.227,27.320
530,26.225,27.328
531,26.235,27.354
532,26.337,27.510
533,26.322,27.504
534,26.317,27.486
535,26.352,27.528
536,26.388,27.575
537,26.344,27.544
538,26.438,27.665
539,26.497,27.759
540,26.528,27.808
541,26.617,27.920
542,26.622,27.918
543,26.584,27.879
544,26.774,28.110
545,26.766,28.104
546,26.721,28.029
547,26.709,28.019
548,26.739,28.055
549,26.815,28.154
550,26.872,28.231
551,26.931,28.299
552,26.982,28.383
553,27.061,28.489
554,27.098,28.526
555,27.159,28.601
556,27.146,28.577
557,27.171,28.611
558,27.207,28.653
559,27.201,28.647
560,27.231,28.677
561,27.257,28.718
562,27.349,28.798
563,27.295,28.732
564,27.262,28.686
565,27.266,28.687
566,27.277,28.701
567,27.299,28.718
568,27.291,28.738
569,27.283,28.712
570,27.273,28.697
571,27.326,28.778
572,27.317,28.766
573,27.280,28.709
574,27.301,28.744
575,27.269,28.693
576,27.251,28.653
577,27.245,28.655
578,27.238,28.645
579,27.214,28.613
580,27.297,28.690
581,27.279,28.680
582,27.251,28.649
583,27.270,28.672
584,27.252,28.664
585,27.241,28.637
586,27.281,28.696
587,27.235,28.653
588,27.223,28.630
589,27.211,28.614
590,27.243,28.632
591,27.208,28.597
592,27.202,28.592
593,27.190,28.587
594,27.209,28.591
595,27.245,28.609
596,27.242,28.639
597,27.216,28.604
598,27.197,28.597
599,27.220,28.599
600,27.181,28.582
601,27.218,28.640
602,27.187,28.565
603,27.245,28.645
604,27.241,28.658
605,27.351,28.815
606,27.382,28.878
607,27.425,28.955
608,27.446,28.981
609,27.503,29.062
610,27.543,29.098
611,27.483,29.017
612,27.477,28.986
613,27.512,29.021
614,27.469,28.943
615,27.467,28.951
616,27.466,28.938
617,27.433,28.897
618,27.436,28.906
619,27.458,28.928
620,27.452,28.924
621,27.454,28.941
622,27.476,28.955
623,27.521,29.030
624,27.552,29.062
625,27.573,29.100
626,27.602,29.132
627,27.664,29.219
628,27.696,29.265
629,27.757,29.380
630,27.802,29.441
631,27.822,29.491
632,27.873,29.544
633,27.909,29.602
634,27.856,29.557
635,27.847,29.531
636,27.780,29.450
637,27.712,29.334
638,27.683,29.285
639,27.614,29.201
640,27.562,29.126
641,27.548,29.114
642,27.529,29.077
643,27.476,29.014
644,27.448,28.999
645,27.465,29.045
646,27.391,28.947
647,27.348,28.884
648,27.297,28.824
649,27.257,28.762
650,27.200,28.657
651,27.149,28.620
652,27.121,28.557
653,27.076,28.510
654,27.018,28.437
655,27.002,28.414
656,26.971,28.393
657,26.966,28.383
658,26.940,28.360
659,26.852,28.258
660,26.871,28.254
661,26.902,28.310
662,26.843,28.243
663,26.792,28.172
664,26.780,28.157
665,26.725,28.071
666,26.731,28.086
667,26.751,28.106
668,26.713,28.080
669,26.645,28.001
670,26.634,27.980
671,26.602,27.945
672,26.599,27.931
673,26.596,27.946
674,26.589,27.939
675,26.624,27.970
676,26.592,27.926
677,26.567,27.888
678,26.602,27.930
679,26.644,27.973
680,26.629,27.975
681,26.575,27.890
682,26.549,27.861
683,26.539,27.845
684,26.512,27.812
685,26.500,27.763
686,26.527,27.790
687,26.481,27.727
688,26.479,27.737
689,26.477,27.717
690,26.464,27.702
691,26.375,27.565
692,26.325,27.501
693,26.298,27.459
694,26.262,27.416
695,26.247,27.394
696,26.159,27.282
697,26.181,27.312
698,26.172,27.297
699,26.109,27.227
700,26.164,27.302
701,26.126,27.253
702,26.095,27.198
703,26.109,27.217
704,26.143,27.262
705,26.092,27.209
706,26.064,27.160
707,26.032,27.122
708,25.968,27.049
709,25.856,26.900
710,25.816,26.852
711,25.713,26.718
712,25.655,26.663
713,25.672,26.665
714,25.674,26.692
715,25.655,26.650
716,25.705,26.711
717,25.716,26.742
718,25.708,26.701
719,25.688,26.682
720,25.776,26.802
721,25.784,26.809
722,25.796,26.818
723,25.819,26.840
724,25.821,26.842
725,25.803,26.816
726,25.816,26.850
727,25.841,26.863
728,25.888,26.922
729,25.896,26.942
730,25.855,26.885
731,25.930,26.986
732,25.962,27.018
733,25.992,27.062
734,25.949,27.008
735,25.900,26.960
736,25.901,26.970
737,25.883,26.952
738,25.903,26.976
739,25.997,27.112
740,25.935,27.041
741,25.971,27.061
742,26.058,27.191
743,25.992,27.108
744,25.970,27.088
745,26.026,27.151
746,25.961,27.074
747,25.940,27.025
748,25.920,27.011
749,25.844,26.916
750,25.802,26.869
751,25.730,26.770
752,25.722,26.770
753,25.646,26.672
754,25.596,26.603
755,25.678,26.713
756,25.653,26.669
757,25.615,26.621
758,25.647,26.660
759,25.623,26.623
760,25.652,26.646
761,25.560,26.547
762,25.594,26.586
763,25.622,26.628
764,25.631,26.630
765,25.676,26.706
766,25.592,26.606
767,25.548,26.546
768,25.557,26.553
769,25.539,26.530
770,25.568,26.571
771,25.604,26.626
772,25.653,26.699
773,25.654,26.685
774,25.636,26.666
775,25.683,26.729
776,25.683,26.720
777,25.649,26.675
778,25.635,26.665
779,25.672,26.711
780,25.688,26.719
781,25.617,26.624
782,25.624,26.644
783,25.602,26.619
784,25.635,26.654
785,25.570,26.578
786,25.627,26.645
787,25.578,26.576
788,25.621,26.644
789,25.601,26.619
790,25.664,26.693
791,25.590,26.596
792,25.667,26.697
793,25.614,26.623
794,25.672,26.702
795,25.668,26.684
796,25.771,26.821
797,25.818,26.880
798,25.919,27.005
799,25.814,26.851
800,25.776,26.813
801,25.753,26.769
802,25.674,26.666
803,25.733,26.746
804,25.754,26.753
805,25.683,26.668
806,25.745,26.753
807,25.706,26.707
808,25.667,26.648
809,25.626,26.602
810,25.614,26.581
811,25.532,26.476
812,25.519,26.487
813,25.516,26.463
814,25.470,26.419
815,25.463,26.412
816,25.437,26.371
817,25.409,26.345
818,25.381,26.315
819,25.406,26.334
820,25.398,26.323
821,25.454,26.382
822,25.505,26.457
823,25.512,26.456
824,25.542,26.495
825,25.553,26.495
826,25.586,26.539
827,25.612,26.573
828,25.690,26.662
829,25.985,27.012
830,26.194,27.288
831,26.241,27.348
832,26.315,27.425
833,26.370,27.491
834,26.332,27.450
835,26.411,27.562
836,26.515,27.689
837,26.392,27.516
838,26.336,27.424
839,26.370,27.471
840,26.368,27.469
841,26.243,27.294
842,26.345,27.420
843,26.398,27.464
844,26.444,27.538
845,26.412,27.482
846,26.313,27.344
847,26.319,27.361
848,26.320,27.343
849,26.233,27.238
850,25.851,26.770
851,25.748,26.631
852,25.673,26.546
853,25.674,26.542
854,25.712,26.594
855,25.729,26.603
856,25.729,26.591
857,25.632,26.483
858,25.683,26.545
859,25.594,26.458
860,25.654,26.524
861,25.568,26.427
862,25.433,26.258
863,25.401,26.209
864,25.376,26.178
865,25.450,26.275
866,25.421,26.238
867,25.481,26.292
868,25.399,26.191
869,25.370,26.173
870,25.393,26.206
871,25.417,26.235
872,25.529,26.384
873,25.502,26.348
874,25.424,26.252
875,25.395,26.202
876,25.471,26.321
877,25.560,26.417
878,25.535,26.396
879,25.887,26.819
880,25.978,26.930
881,25.846,26.774
882,25.862,26.779
883,25.848,26.779
884,25.745,26.660
885,25.672,26.565
886,25.580,26.462
887,25.629,26.512
888,25.656,26.550
889,25.700,26.612
890,25.590,26.465
891,25.496,26.362
892,25.305,26.137
893,25.161,25.961
894,25.092,25.879
895,25.108,25.909
896,25.317,26.153
897,25.391,26.236
898,25.552,26.431
899,25.430,26.292
900,25.291,26.117
901,25.122,25.906
902,25.002,25.759
903,24.957,25.710
904,24.986,25.738
905,24.950,25.701
906,24.959,25.704
907,24.948,25.684
908,24.923,25.663
909,24.979,25.719
910,24.960,25.710
911,24.950,25.695
912,24.963,25.716
913,25.085,25.868
914,25.407,26.247
915,25.769,26.680
916,25.780,26.705
917,25.790,26.724
918,25.874,26.830
919,26.041,27.036
920,26.120,27.146
921,26.029,27.017
922,25.875,26.837
923,25.824,26.770
924,25.864,26.815
925,26.075,27.089
926,26.193,27.233
927,26.222,27.261
928,26.111,27.133
929,25.963,26.941
930,25.832,26.780
931,25.658,26.572
932,25.803,26.746
933,25.966,26.980
934,25.998,27.030
935,26.053,27.070
936,25.825,26.802
937,25.746,26.679
938,25.646,26.564
939,25.654,26.574
940,25.665,26.585
941,25.585,26.504
942,25.524,26.420
943,25.510,26.405
944,25.506,26.401
945,25.492,26.383
946,25.487,26.374
947,25.426,26.303
948,25.417,26.292
949,25.375,26.243
950,25.386,26.253
951,25.473,26.368
952,25.438,26.329
953,25.372,26.250
954,25.309,26.177
955,25.405,26.301
956,25.432,26.332
957,25.541,26.473
958,25.601,26.556
959,25.587,26.531
960,25.584,26.532
961,25.593,26.544
962,25.613,26.567
963,25.617,26.559
964,25.609,26.554
965,25.713,26.662
966,25.951,26.955
967,26.028,27.043
968,25.807,26.768
969,25.684,26.633
970,25.682,26.614
971,25.769,26.728
972,25.654,26.579
973,25.650,26.586
974,25.529,26.438
975,25.627,26.547
976,25.836,26.808
977,25.645,26.571
978,25.535,26.427
979,25.482,26.356
980,25.475,26.346
981,25.458,26.319
982,25.471,26.354
983,25.475,26.341
984,25.462,26.319
985,25.439,26.287
986,25.436,26.294
987,25.500,26.383
988,25.571,26.462
989,25.635,26.560
990,25.601,26.504
991,25.568,26.456
992,25.526,26.407
993,25.569,26.467
994,25.634,26.544
995,25.815,26.762
996,25.990,26.991
997,25.943,26.953
998,25.777,26.733
999,25.644,26.571
1000,25.665,26.595
1001,25.715,26.644
1002,25.522,26.421
1003,25.494,26.389
1004,25.437,26.319
1005,25.485,26.364
1006,25.609,26.516
1007,25.686,26.594
1008,25.833,26.777
1009,25.667,26.575
1010,25.549,26.426
1011,25.466,26.328
1012,25.468,26.347
1013,25.449,26.328
1014,25.505,26.400
1015,25.639,26.577
1016,25.347,26.227
1017,25.554,26.472
1018,25.395,26.276
1019,25.363,26.227
1020,25.364,26.219
1021,25.353,26.204
1022,25.298,26.142
1023,25.326,26.169
1024,25.468,26.338
1025,25.368,26.208
1026,25.334,26.177
1027,25.311,26.150
1028,25.366,26.211
1029,25.340,26.174
1030,25.392,26.249
1031,25.412,26.280
1032,25.401,26.251
1033,25.525,26.408
1034,25.579,26.478
1035,25.554,26.439
1036,25.680,26.598
1037,25.785,26.749
1038,25.614,26.536
1039,25.558,26.464
1040,25.448,26.325
1041,25.675,26.605
1042,25.663,26.580
1043,25.649,26.554
1044,25.613,26.521
1045,25.574,26.466
1046,25.610,26.518
1047,25.580,26.474
1048,25.579,26.463
1049,25.581,26.475
1050,25.564,26.462
1051,25.608,26.519
1052,25.593,26.474
1053,25.585,26.480
1054,25.537,26.434
1055,25.576,26.477
1056,25.526,26.417
1057,25.531,26.410
1058,25.478,26.366
1059,25.483,26.362
1060,25.453,26.332
1061,25.488,26.370
1062,25.457,26.333
1063,25.472,26.366
1064,25.523,26.411
1065,25.376,26.240
1066,25.543,26.450
1067,25.591,26.523
1068,25.590,26.509
1069,25.559,26.457
1070,25.505,26.391
1071,25.451,26.336
1072,25.387,26.259
1073,25.302,26.154
1074,25.292,26.145
1075,25.333,26.197
1076,25.349,26.198
1077,25.343,26.223
1078,25.315,26.186
1079,25.303,26.190
1080,25.337,26.218
1081,25.351,26.226
1082,25.232,26.100
1083,25.324,26.209
1084,25.506,26.435
1085,25.742,26.715
1086,25.680,26.625
1087,25.632,26.582
1088,25.651,26.611
1089,25.655,26.589
1090,25.634,26.588
1091,25.674,26.625
1092,25.713,26.670
1093,25.685,26.640
1094,25.758,26.730
1095,25.726,26.686
1096,25.733,26.679
1097,25.668,26.602
1098,25.659,26.584
1099,25.681,26.609
1100,25.638,26.550
1101,25.537,26.437
1102,25.559,26.468
1103,25.576,26.476
1104,25.561,26.477
1105,25.585,26.506
1106,25.611,26.532
1107,25.573,26.485
1108,25.607,26.511
1109,25.650,26.576
1110,25.622,26.536
1111,25.590,26.490
1112,25.676,26.603
1113,25.642,26.567
1114,25.616,26.531
1115,25.622,26.539
1116,25.604,26.510
1117,25.619,26.535
1118,25.548,26.435
1119,25.571,26.472
1120,25.630,26.548
1121,25.658,26.576
1122,25.729,26.663
1123,25.779,26.731
1124,25.630,26.541
1125,25.669,26.601
1126,25.690,26.643
1127,25.681,26.616
1128,25.738,26.688
1129,25.648,26.581
1130,25.736,26.676
1131,25.791,26.750
1132,25.804,26.785
1133,25.822,26.822
1134,25.827,26.822
1135,25.792,26.760
1136,25.863,26.859
1137,25.860,26.855
1138,25.890,26.895
1139,25.881,26.865
1140,25.849,26.834
1141,25.777,26.744
1142,25.752,26.728
1143,25.714,26.681
1144,25.574,26.513
1145,25.611,26.548
1146,25.524,26.449
1147,25.461,26.389
1148,25.618,26.586
1149,25.651,26.622
1150,25.571,26.522
1151,25.479,26.395
1152,25.474,26.411
1153,25.461,26.381
1154,25.454,26.374
1155,25.474,26.398
1156,25.516,26.444
1157,25.512,26.450
1158,25.475,26.402
1159,25.465,26.399
1160,25.440,26.359
1161,25.420,26.337
1162,25.430,26.342
1163,25.334,26.235
1164,25.265,26.153
1165,25.285,26.183
1166,25.313,26.220
1167,25.304,26.215
1168,25.322,26.230
1169,25.355,26.271
1170,25.419,26.349
1171,25.497,26.467
1172,25.572,26.540
1173,25.531,26.510
1174,25.482,26.453
1175,25.507,26.485
1176,25.463,26.433
1177,25.372,26.326
1178,25.443,26.397
1179,25.452,26.409
1180,25.374,26.301
1181,25.358,26.286
1182,25.422,26.343
1183,25.389,26.295
1184,25.401,26.319
1185,25.469,26.408
1186,25.480,26.408
1187,25.435,26.357
1188,25.419,26.343
1189,25.403,26.326
1190,25.438,26.363
1191,25.441,26.369
1192,25.294,26.189
1193,25.292,26.195
1194,25.269,26.151
1195,25.292,26.187
1196,25.287,26.180
1197,25.310,26.200
1198,25.307,26.202
1199,25.301,26.181
1200,25.273,26.153
1201,25.287,26.165
1202,25.299,26.172
1203,25.190,26.042
1204,25.190,26.035
1205,25.179,26.006
1206,25.235,26.082
1207,25.280,26.124
1208,25.338,26.187
1209,25.393,26.252
1210,25.370,26.217
1211,25.318,26.149
1212,25.273,26.106
1213,25.301,26.128
1214,25.297,26.126
1215,25.321,26.153
1216,25.385,26.240
1217,25.415,26.251
1218,25.429,26.265
1219,25.460,26.300
1220,25.496,26.345
1221,25.487,26.325
1222,25.518,26.351
1223,25.523,26.356
1224,25.588,26.435
1225,25.620,26.471
1226,25.709,26.586
1227,25.817,26.687
1228,25.867,26.741
1229,25.911,26.797
1230,25.984,26.870
1231,26.080,26.973
1232,26.093,26.987
1233,26.155,27.041
1234,26.149,27.003
1235,26.198,27.070
1236,26.263,27.141
1237,26.239,27.102
1238,26.218,27.073
1239,26.214,27.067
1240,26.239,27.074
1241,26.214,27.057
1242,26.167,27.005
1243,26.178,26.996
1244,26.270,27.122
1245,26.276,27.136
1246,26.325,27.199
1247,26.277,27.145
1248,26.296,27.141
1249,26.289,27.145
1250,26.281,27.139
1251,26.244,27.110
1252,26.238,27.096
1253,26.297,27.202
1254,26.262,27.109
1255,26.269,27.136
1256,26.283,27.139
1257,26.320,27.201
1258,26.301,27.167
1259,26.323,27.194
1260,26.336,27.206
1261,26.313,27.176
1262,26.314,27.176
1263,26.326,27.195
1264,26.256,27.108
1265,26.277,27.111
1266,26.315,27.171
1267,26.276,27.111
1268,26.223,27.071
1269,26.265,27.092
1270,26.274,27.118
1271,26.274,27.129
1272,26.282,27.156
1273,26.235,27.068
1274,26.229,27.089
1275,26.257,27.118
1276,26.209,27.050
1277,26.172,27.008
1278,26.191,27.028
1279,26.184,27.018
1280,26.219,27.069
1281,26.194,27.035
1282,26.245,27.108
1283,26.189,27.027
1284,26.176,27.002
1285,26.210,27.086
1286,26.141,26.975
1287,26.125,26.964
1288,26.121,26.969
1289,26.072,26.910
1290,26.088,26.937
1291,26.049,26.880
1292,26.120,26.982
1293,26.109,26.958
1294,26.165,27.042
1295,26.200,27.049
1296,26.228,27.091
1297,26.235,27.108
1298,26.212,27.055
1299,26.234,27.096
1300,26.250,27.101
1301,26.298,27.171
1302,26.297,27.166
1303,26.280,27.106
1304,26.293,27.143
1305,26.313,27.175
1306,26.294,27.119
1307,26.397,27.248
1308,26.381,27.219
1309,26.429,27.269
1310,26.380,27.200
1311,26.437,27.283
1312,26.435,27.266
1313,26.438,27.260
1314,26.437,27.263
1315,26.356,27.172
1316,26.406,27.235
1317,26.404,27.207
1318,26.419,27.245
1319,26.427,27.255
1320,26.445,27.270
1321,26.405,27.212
1322,26.444,27.274
1323,26.369,27.201
1324,26.432,27.287
1325,26.361,27.186
1326,26.334,27.175
1327,26.289,27.123
1328,26.390,27.247
1329,26.375,27.203
1330,26.454,27.312
1331,26.430,27.286
1332,26.444,27.299
1333,26.391,27.232
1334,26.460,27.316
1335,26.512,27.383
1336,26.492,27.353
1337,26.531,27.393
1338,26.553,27.405
1339,26.578,27.454
1340,26.613,27.468
1341,26.591,27.449
1342,26.536,27.400
1343,26.552,27.419
1344,26.499,27.335
1345,26.525,27.375
1346,26.527,27.372
1347,26.569,27.427
1348,26.461,27.301
1349,26.485,27.351
1350,26.418,27.270
1351,26.482,27.346
1352,26.598,27.474
1353,26.654,27.539
1354,26.673,27.564
1355,26.663,27.538
1356,26.671,27.546
1357,26.573,27.387
1358,26.584,27.403
1359,26.478,27.280
1360,26.526,27.323
1361,26.471,27.246
1362,26.535,27.321
1363,26.534,27.321
1364,26.483,27.248
1365,26.523,27.306
1366,26.572,27.365
1367,26.513,27.258
1368,26.558,27.321
1369,26.579,27.356
1370,26.564,27.316
1371,26.551,27.317
1372,26.563,27.315
1373,26.496,27.220
1374,26.535,27.280
1375,26.583,27.345
1376,26.529,27.257
1377,26.588,27.328
1378,26.574,27.309
1379,26.548,27.289
1380,26.626,27.373
1381,26.535,27.270
1382,26.557,27.311
1383,26.577,27.330
1384,26.577,27.334
1385,26.541,27.264
1386,26.589,27.333
1387,26.576,27.297
1388,26.631,27.371
1389,26.609,27.341
1390,26.573,27.292
1391,26.595,27.342
1392,26.581,27.303
1393,26.569,27.286
1394,26.553,27.279
1395,26.540,27.248
1396,26.563,27.263
1397,26.555,27.258
1398,26.546,27.243
1399,26.569,27.287
1400,26.583,27.297
1401,26.612,27.336
1402,26.560,27.279
1403,26.547,27.246
1404,26.539,27.239
1405,26.567,27.274
1406,26.552,27.267
1407,26.560,27.272
1408,26.586,27.294
1409,26.586,27.289
1410,26.582,27.288
1411,26.592,27.292
1412,26.598,27.300
1413,26.574,27.271
1414,26.575,27.271
1415,26.568,27.274
1416,26.558,27.260
1417,26.582,27.291
1418,26.580,27.284
1419,26.569,27.288
1420,26.613,27.336
1421,26.580,27.295
1422,26.599,27.311
1423,26.581,27.297
1424,26.587,27.308
1425,26.572,27.285
1426,26.576,27.284
1427,26.567,27.276
1428,26.570,27.278
1429,26.570,27.295
1430,26.596,27.305
1431,26.583,27.294
1432,26.597,27.308
1433,26.601,27.310
1434,26.609,27.325
1435,26.577,27.291
1436,26.579,27.299
1437,26.584,27.307
1438,26.576,27.290
1439,26.575,27.294
1440,26.584,27.303
1441,26.579,27.298
1442,26.595,27.309
1443,26.587,27.308
1444,26.591,27.299
1445,26.564,27.292
1446,26.578,27.295
1447,26.586,27.300
1448,26.593,27.308
1449,26.581,27.300
1450,26.587,27.302
1451,26.595,27.313
1452,26.613,27.333
1453,26.582,27.305
1454,26.588,27.309
1455,26.590,27.307
1456,26.589,27.302
1457,26.586,27.301
1458,26.611,27.331
1459,26.604,27.321
1460,26.604,27.325
1461,26.615,27.334
1462,26.598,27.312
1463,26.573,27.293
1464,26.597,27.315
1465,26.601,27.313
1466,26.601,27.317
1467,26.591,27.315
1468,26.600,27.313
1469,26.593,27.308
1470,26.596,27.308
1471,26.600,27.315
1472,26.585,27.304
1473,26.603,27.313
1474,26.598,27.302
1475,26.603,27.310
1476,26.592,27.308
1477,26.588,27.314
1478,26.598,27.306
1479,26.607,27.308
1480,26.587,27.300
1481,26.602,27.313
1482,26.597,27.304
1483,26.608,27.313
1484,26.606,27.317
1485,26.600,27.317
1486,26.607,27.334
1487,26.612,27.321
1488,26.593,27.306
1489,26.584,27.305
1490,26.601,27.308
1491,26.592,27.313
1492,26.604,27.317
1493,26.610,27.319
1494,26.608,27.325
1495,26.611,27.320
1496,26.613,27.329
1497,26.611,27.317
1498,26.593,27.293
1499,26.594,27.299
1500,26.578,27.278
1501,26.558,27.260
1502,26.589,27.301
1503,26.589,27.277
1504,26.602,27.306
1505,26.594,27.306
1506,26.609,27.323
1507,26.609,27.329
1508,26.633,27.349
1509,26.606,27.310
1510,26.596,27.291
1511,26.594,27.292
1512,26.589,27.293
1513,26.582,27.282
1514,26.574,27.273
1515,26.587,27.279
1516,26.605,27.304
1517,26.595,27.297
1518,26.598,27.291
1519,26.600,27.301
1520,26.585,27.285
1521,26.595,27.295
1522,26.604,27.313
1523,26.604,27.303
1524,26.607,27.324
1525,26.617,27.333
1526,26.622,27.328
1527,26.642,27.363
1528,26.609,27.320
1529,26.656,27.400
1530,26.641,27.355
1531,26.663,27.404
1532,26.630,27.355
1533,26.689,27.422
1534,26.679,27.418
1535,26.682,27.418
1536,26.644,27.350
1537,26.684,27.432
1538,26.657,27.375
1539,26.678,27.413
1540,26.637,27.360
1541,26.702,27.441
1542,26.669,27.394
1543,26.730,27.483
1544,26.678,27.411
1545,26.718,27.476
1546,26.732,27.490
1547,26.716,27.460
1548,26.757,27.512
1549,26.693,27.424
1550,26.737,27.496
1551,26.714,27.455
1552,26.761,27.519
1553,26.706,27.449
1554,26.714,27.457
1555,26.744,27.523
1556,26.762,27.547
1557,26.766,27.557
1558,26.713,27.481
1559,26.773,27.567
1560,26.721,27.486
1561,26.746,27.521
1562,26.663,27.427
1563,26.715,27.497
1564,26.589,27.350
1565,26.645,27.430
1566,26.568,27.340
1567,26.499,27.268
1568,26.482,27.269
1569,26.495,27.291
1570,26.323,27.112
1571,26.361,27.161
1572,26.307,27.105
1573,26.216,27.014
1574,26.199,27.011
1575,26.145,26.954
1576,26.027,26.843
1577,25.980,26.815
1578,25.901,26.720
1579,25.893,26.731
1580,25.899,26.752
1581,25.920,26.791
1582,25.919,26.800
1583,25.938,26.834
1584,25.897,26.793
1585,25.886,26.786
1586,25.926,26.833
1587,25.927,26.830
1588,25.968,26.888
1589,26.005,26.913
1590,26.050,26.966
1591,26.078,26.997
1592,26.150,27.089
1593,26.189,27.141
1594,26.256,27.216
1595,26.320,27.283
1596,26.397,27.377
1597,26.446,27.414
1598,26.480,27.460
1599,26.518,27.503
1600,26.547,27.547
1601,26.591,27.602
1602,26.625,27.645
1603,26.579,27.573
1604,26.523,27.497
1605,26.505,27.461
1606,26.432,27.390
1607,26.429,27.380
1608,26.370,27.320
1609,26.440,27.417
1610,26.418,27.390
1611,26.323,27.263
1612,26.233,27.150
1613,26.228,27.143
1614,26.215,27.129
1615,26.139,27.075
1616,26.111,27.033
1617,26.112,27.045
1618,25.963,26.899
1619,25.979,26.933
1620,25.962,26.904
1621,25.923,26.866
1622,25.960,26.900
1623,25.944,26.889
1624,25.941,26.890
1625,25.925,26.875
1626,25.912,26.862
1627,25.907,26.853
1628,25.922,26.874
1629,25.857,26.790
1630,25.765,26.688
1631,25.601,26.497
1632,25.500,26.384
1633,25.433,26.314
1634,25.420,26.298
1635,25.391,26.275
1636,25.353,26.236
1637,25.321,26.204
1638,25.290,26.180
1639,25.253,26.137
1640,25.196,26.082
1641,25.200,26.086
1642,25.129,26.007
1643,25.103,25.986
1644,25.090,25.970
1645,25.072,25.951
1646,25.035,25.918
1647,25.028,25.921
1648,25.062,25.940
1649,25.073,25.947
1650,25.104,25.987
1651,25.098,25.985
1652,25.109,25.982
1653,25.095,25.963
1654,25.166,26.047
1655,25.200,26.084
1656,25.191,26.079
1657,25.189,26.072
1658,25.221,26.117
1659,25.227,26.109
1660,25.295,26.203
1661,25.334,26.239
1662,25.369,26.289
1663,25.432,26.350
1664,25.507,26.449
1665,25.537,26.479
1666,25.600,26.558
1667,25.489,26.408
1668,25.470,26.393
1669,25.443,26.366
1670,25.372,26.265
1671,25.342,26.254
1672,25.364,26.258
1673,25.315,26.196
1674,25.340,26.233
1675,25.363,26.256
1676,25.346,26.219
1677,25.439,26.350
1678,25.431,26.327
1679,25.448,26.350
1680,25.413,26.312
1681,25.436,26.343
1682,25.425,26.318
1683,25.510,26.430
1684,25.481,26.373
1685,25.492,26.386
1686,25.493,26.385
1687,25.504,26.396
1688,25.508,26.408
1689,25.526,26.434
1690,25.513,26.399
1691,25.479,26.350
1692,25.534,26.412
1693,25.571,26.458
1694,25.523,26.394
1695,25.498,26.358
1696,25.481,26.326
1697,25.546,26.416
1698,25.539,26.383
1699,25.549,26.380
1700,25.596,26.436
1701,25.565,26.387
1702,25.604,26.413
1703,25.637,26.466
1704,25.628,26.451
1705,25.646,26.448
1706,25.707,26.530
1707,25.667,26.469
1708,25.705,26.509
1709,25.731,26.534
1710,25.668,26.446
1711,25.704,26.474
1712,25.709,26.476
1713,25.753,26.537
1714,25.741,26.509
1715,25.755,26.517
1716,25.732,26.489
1717,25.780,26.539
1718,25.792,26.539
1719,25.809,26.550
1720,25.873,26.631
1721,25.870,26.607
1722,25.915,26.653
1723,25.967,26.701
1724,26.004,26.758
1725,26.002,26.768
1726,26.009,26.743
1727,26.017,26.765
1728,26.016,26.746
1729,26.060,26.807
1730,26.023,26.738
1731,26.069,26.805
1732,26.045,26.747
1733,26.050,26.762
1734,26.135,26.864
1735,26.168,26.874
1736,26.192,26.917
1737,26.145,26.846
1738,26.177,26.872
1739,26.244,26.952
1740,26.279,26.989
1741,26.280,26.981
1742,26.283,26.991
1743,26.245,26.935
1744,26.339,27.050
1745,26.401,27.116
1746,26.383,27.082
1747,26.446,27.162
1748,26.481,27.194
1749,26.516,27.249
1750,26.508,27.223
1751,26.520,27.229
1752,26.580,27.310
1753,26.629,27.354
1754,26.621,27.345
1755,26.686,27.429
1756,26.682,27.415
1757,26.679,27.415
1758,26.730,27.462
1759,26.732,27.499
1760,26.694,27.452
1761,26.683,27.423
1762,26.653,27.399
1763,26.598,27.341
1764,26.582,27.328
1765,26.602,27.343
1766,26.579,27.338
1767,26.621,27.404
1768,26.577,27.349
1769,26.568,27.327
1770,26.640,27.442
1771,26.583,27.368
1772,26.558,27.345
1773,26.621,27.428
1774,26.564,27.367
1775,26.557,27.341
1776,26.535,27.330
1777,26.572,27.390
1778,26.527,27.320
1779,26.530,27.324
1780,26.517,27.321
1781,26.565,27.396
1782,26.535,27.345
1783,26.530,27.363
1784,26.503,27.320
1785,26.491,27.304
1786,26.514,27.349
1787,26.503,27.324
1788,26.476,27.293
1789,26.447,27.249
1790,26.517,27.340
1791,26.438,27.246
1792,26.477,27.307
1793,26.416,27.240
1794,26.487,27.353
1795,26.427,27.265
1796,26.491,27.357
1797,26.427,27.257
1798,26.405,27.244
1799,26.439,27.297
1800,26.378,27.245
1801,26.330,27.159
1802,26.337,27.179
1803,26.254,27.070
1804,26.287,27.121
1805,26.238,27.067
1806,26.279,27.141
1807,26.203,27.024
1808,26.237,27.107
1809,26.231,27.110
1810,26.201,27.083
1811,26.184,27.059
1812,26.118,26.946
1813,26.159,27.010
1814,26.149,27.015
1815,26.153,27.009
1816,26.076,26.899
1817,26.141,27.000
1818,26.175,27.033
1819,26.179,27.045
1820,26.123,26.961
1821,26.174,27.040
1822,26.153,27.000
1823,26.165,27.031
1824,26.178,27.055
1825,26.120,26.966
1826,26.186,27.039
1827,26.204,27.063
1828,26.233,27.112
1829,26.282,27.182
1830,26.222,27.102
1831,26.205,27.065
1832,26.292,27.179
1833,26.297,27.212
1834,26.388,27.302
1835,26.361,27.284
1836,26.423,27.359
1837,26.486,27.446
1838,26.471,27.402
1839,26.593,27.558
1840,26.606,27.575
1841,26.602,27.560
