0,19.989,19.929
1,20.000,19.936
2,19.996,19.931
3,19.977,19.916
4,19.972,19.921
5,19.961,19.901
6,19.959,19.907
7,19.957,19.893
8,19.945,19.888
9,19.935,19.872
10,19.927,19.860
11,19.945,19.892
12,19.960,19.906
13,19.972,19.919
14,19.964,19.904
15,19.969,19.907
16,19.975,19.916
17,19.996,19.946
18,20.119,20.096
19,20.099,20.080
20,20.099,20.075
21,20.102,20.074
22,19.990,19.957
23,20.022,19.994
24,19.977,19.942
25,19.954,19.913
26,19.944,19.902
27,19.949,19.911
28,19.972,19.940
29,19.954,19.922
30,19.950,19.919
31,19.957,19.924
32,19.934,19.905
33,19.931,19.905
34,19.985,19.962
35,19.954,19.929
36,19.952,19.925
37,19.953,19.919
38,19.939,19.916
39,19.948,19.921
40,20.033,20.011
41,20.033,20.011
42,20.036,20.013
43,20.108,20.092
44,20.091,20.070
45,20.138,20.115
46,20.154,20.127
47,20.109,20.088
48,20.156,20.139
49,20.148,20.141
50,20.145,20.141
51,20.119,20.112
52,20.249,20.238
53,20.210,20.191
54,20.235,20.216
55,20.243,20.217
56,20.278,20.248
57,20.345,20.325
58,20.470,20.444
59,20.477,20.449
60,20.520,20.483
61,20.550,20.512
62,20.526,20.484
63,20.512,20.473
64,20.506,20.472
65,20.524,20.482
66,20.701,20.666
67,20.731,20.692
68,20.718,20.692
69,20.729,20.710
70,20.836,20.817
71,20.993,20.960
72,20.994,20.959
73,20.945,20.909
74,20.975,20.938
75,21.008,20.985
76,21.031,21.004
77,21.026,20.992
78,21.048,21.012
79,21.133,21.119
80,21.105,21.071
81,21.110,21.077
82,21.136,21.089
83,21.142,21.100
84,21.160,21.100
85,21.076,21.035
86,21.074,21.017
87,21.086,21.034
88,21.059,21.005
89,21.046,21.001
90,21.009,20.958
91,21.011,20.984
92,20.984,20.942
93,20.964,20.936
94,21.033,21.000
95,21.052,21.010
96,21.050,20.999
97,21.025,20.979
98,21.033,20.984
99,21.007,20.953
100,21.032,20.996
101,21.022,20.991
102,21.014,20.984
103,20.990,20.959
104,21.084,21.068
105,20.970,20.939
106,20.975,20.945
107,20.948,20.920
108,20.986,20.953
109,20.951,20.930
110,20.971,20.934
111,20.966,20.947
112,20.979,20.965
113,20.964,20.946
114,20.939,20.924
115,20.948,20.928
116,20.992,20.986
117,20.986,20.991
118,20.985,20.993
119,20.960,20.958
120,20.936,20.947
121,21.000,21.006
122,20.867,20.870
123,20.869,20.885
124,20.799,20.800
125,20.779,20.788
126,20.826,20.822
127,20.766,20.771
128,20.789,20.786
129,20.762,20.761
130,20.733,20.747
131,20.690,20.693
132,20.682,20.696
133,20.697,20.694
134,20.702,20.706
135,20.646,20.635
136,20.504,20.491
137,20.470,20.455
138,20.655,20.634
139,20.636,20.614
140,20.603,20.577
141,20.583,20.552
142,20.560,20.531
143,20.351,20.302
144,20.327,20.277
145,20.353,20.299
146,20.496,20.437
147,20.488,20.449
148,20.479,20.434
149,20.433,20.397
150,20.417,20.378
151,20.439,20.388
152,20.447,20.401
153,20.386,20.339
154,20.477,20.424
155,20.423,20.368
156,20.478,20.435
157,20.461,20.410
158,20.565,20.534
159,20.554,20.526
160,20.484,20.447
161,20.490,20.456
162,20.469,20.434
163,20.408,20.375
164,20.162,20.109
165,20.267,20.205
166,20.469,20.420
167,20.503,20.455
168,20.525,20.465
169,20.526,20.471
170,20.531,20.486
171,20.474,20.417
172,20.573,20.529
173,20.622,20.564
174,20.668,20.617
175,20.600,20.529
176,20.731,20.664
177,20.759,20.701
178,20.648,20.579
179,20.692,20.638
180,20.756,20.698
181,20.809,20.750
182,20.723,20.656
183,20.822,20.765
184,21.011,20.967
185,20.741,20.696
186,20.814,20.757
187,20.843,20.782
188,20.788,20.738
189,20.816,20.773
190,20.615,20.572
191,20.761,20.733
192,20.794,20.758
193,20.768,20.727
194,20.781,20.755
195,20.872,20.837
196,20.862,20.822
197,20.849,20.824
198,20.792,20.769
199,20.844,20.814
200,20.870,20.840
201,20.826,20.795
202,20.859,20.834
203,20.849,20.819
204,20.826,20.801
205,20.773,20.740
206,20.868,20.861
207,20.844,20.826
208,20.814,20.810
209,20.765,20.761
210,20.855,20.843
211,20.774,20.736
212,20.886,20.870
213,20.815,20.793
214,20.785,20.751
215,20.809,20.779
216,20.790,20.772
217,20.838,20.828
218,20.725,20.693
219,20.834,20.804
220,20.966,20.960
221,20.934,20.925
222,20.864,20.846
223,20.831,20.800
224,20.879,20.852
225,20.822,20.787
226,20.864,20.840
227,20.775,20.752
228,20.857,20.850
229,20.776,20.760
230,20.913,20.905
231,20.840,20.829
232,20.832,20.835
233,20.763,20.758
234,20.718,20.711
235,21.107,21.104
236,20.869,20.849
237,20.803,20.774
238,20.990,20.963
239,21.006,20.994
240,20.835,20.809
241,20.942,20.931
242,20.830,20.802
243,20.802,20.774
244,20.974,20.964
245,20.884,20.874
246,20.824,20.819
247,20.967,20.971
248,20.920,20.912
249,20.796,20.792
250,20.661,20.647
251,20.607,20.599
252,20.857,20.861
253,20.929,20.951
254,20.873,20.871
255,20.906,20.902
256,20.814,20.809
257,20.839,20.837
258,20.926,20.931
259,20.775,20.760
260,20.779,20.765
261,20.683,20.678
262,20.660,20.660
263,20.653,20.648
264,20.718,20.698
265,20.630,20.620
266,20.572,20.581
267,20.615,20.601
268,20.752,20.729
269,20.820,20.809
270,20.731,20.717
271,20.705,20.677
272,20.958,20.952
273,20.856,20.848
274,20.701,20.691
275,20.645,20.628
276,20.592,20.580
277,20.583,20.585
278,20.695,20.715
279,20.586,20.591
280,20.573,20.567
281,20.621,20.615
282,20.638,20.652
283,20.596,20.582
284,20.541,20.518
285,20.620,20.621
286,20.582,20.575
287,20.574,20.571
288,20.499,20.475
289,20.496,20.476
290,20.636,20.629
291,20.550,20.533
292,20.597,20.599
293,20.603,20.586
294,20.498,20.471
295,20.546,20.541
296,20.611,20.604
297,20.571,20.558
298,20.535,20.527
299,20.508,20.488
300,20.500,20.481
301,20.798,20.789
302,20.655,20.645
303,20.665,20.665
304,20.675,20.687
305,20.506,20.497
306,20.619,20.622
307,20.528,20.537
308,20.486,20.499
309,20.354,20.351
310,20.501,20.509
311,20.645,20.663
312,20.482,20.480
313,20.408,20.399
314,20.551,20.561
315,20.525,20.518
316,20.629,20.626
317,20.628,20.641
318,20.633,20.633
319,20.594,20.582
320,20.574,20.551
321,20.705,20.686
322,20.731,20.704
323,20.663,20.621
324,20.577,20.541
325,20.683,20.638
326,20.596,20.560
327,20.467,20.422
328,20.366,20.330
329,20.266,20.208
330,20.375,20.317
331,20.471,20.427
332,20.326,20.260
333,20.455,20.390
334,20.458,20.412
335,20.485,20.438
336,20.336,20.273
337,20.420,20.359
338,20.428,20.367
339,20.518,20.468
340,20.397,20.324
341,20.489,20.429
342,20.469,20.394
343,20.617,20.558
344,20.476,20.418
345,20.479,20.420
346,20.435,20.368
347,20.495,20.452
348,20.380,20.322
349,20.430,20.391
350,20.346,20.293
351,20.455,20.422
352,20.350,20.291
353,20.402,20.340
354,20.489,20.450
355,20.443,20.413
356,20.383,20.326
357,20.485,20.439
358,20.459,20.419
359,20.439,20.393
360,20.451,20.401
361,20.413,20.352
362,20.479,20.418
363,20.520,20.467
364,20.530,20.476
365,20.490,20.426
366,20.518,20.462
367,20.524,20.459
368,20.604,20.539
369,20.632,20.567
370,20.582,20.519
371,20.563,20.495
372,20.596,20.538
373,20.554,20.479
374,20.506,20.447
375,20.488,20.424
376,20.464,20.405
377,20.524,20.475
378,20.394,20.345
379,20.389,20.339
380,20.558,20.520
381,20.514,20.471
382,20.433,20.391
383,20.545,20.499
384,20.424,20.376
385,20.314,20.253
386,20.347,20.291
387,20.467,20.421
388,20.448,20.402
389,20.382,20.319
390,20.316,20.266
391,20.344,20.296
392,20.257,20.218
393,20.290,20.258
394,20.309,20.269
395,20.293,20.258
396,20.267,20.228
397,20.306,20.281
398,20.169,20.125
399,20.182,20.145
400,20.106,20.077
401,20.203,20.180
402,20.182,20.164
403,20.135,20.111
404,20.267,20.234
405,20.201,20.184
406,20.041,20.023
407,20.020,19.998
408,20.098,20.076
409,20.168,20.145
410,20.172,20.161
411,20.073,20.065
412,20.135,20.137
413,20.267,20.285
414,20.120,20.133
415,20.183,20.175
416,20.281,20.278
417,20.207,20.215
418,20.250,20.256
419,20.091,20.096
420,20.184,20.195
421,20.106,20.105
422,20.206,20.223
423,20.122,20.132
424,20.099,20.107
425,20.136,20.153
426,20.113,20.111
427,20.093,20.098
428,20.056,20.083
429,20.182,20.225
430,20.087,20.141
431,20.078,20.109
432,20.056,20.100
433,20.113,20.150
434,20.192,20.236
435,20.338,20.399
436,20.303,20.358
437,20.250,20.299
438,20.115,20.166
439,20.183,20.218
440,20.295,20.341
441,20.325,20.365
442,20.202,20.243
443,20.173,20.209
444,20.164,20.193
445,20.169,20.197
446,20.183,20.204
447,20.193,20.223
448,20.200,20.228
449,20.242,20.270
450,20.241,20.251
451,20.225,20.248
452,20.172,20.193
453,20.145,20.148
454,20.181,20.186
455,20.245,20.260
456,20.378,20.390
457,20.418,20.418
458,20.373,20.373
459,20.390,20.400
460,20.227,20.222
461,20.077,20.048
462,20.120,20.102
463,19.996,19.979
464,19.800,19.786
465,19.826,19.814
466,19.842,19.834
467,19.768,19.747
468,19.652,19.633
469,19.572,19.542
470,19.465,19.427
471,19.463,19.437
472,19.423,19.401
473,19.377,19.334
474,19.415,19.356
475,19.538,19.489
476,19.560,19.510
477,19.500,19.459
478,19.585,19.554
479,19.917,19.899
480,19.969,19.941
481,19.802,19.769
482,19.858,19.836
483,19.709,19.684
484,19.739,19.716
485,19.768,19.745
486,19.741,19.725
487,19.756,19.727
488,19.775,19.762
489,19.816,19.801
490,19.897,19.885
491,19.972,19.952
492,19.919,19.912
493,19.929,19.908
494,20.017,20.017
495,19.957,19.950
496,20.023,20.005
497,19.984,19.975
498,19.939,19.933
499,19.989,19.982
500,19.960,19.950
501,20.096,20.085
502,20.032,20.013
503,20.062,20.049
504,20.124,20.118
505,20.078,20.070
506,20.066,20.058
507,20.099,20.091
508,20.037,20.038
509,20.032,20.028
510,20.174,20.162
511,20.230,20.209
512,20.200,20.185
513,20.158,20.140
514,20.261,20.239
515,20.178,20.159
516,20.184,20.157
517,20.173,20.156
518,20.223,20.211
519,20.200,20.177
520,20.175,20.167
521,20.146,20.129
522,20.071,20.058
523,20.084,20.071
524,20.016,19.998
525,20.014,20.003
526,20.114,20.085
527,20.132,20.105
528,20.136,20.117
529,20.130,20.105
530,20.202,20.178
531,20.185,20.177
532,20.238,20.235
533,20.243,20.229
534,20.299,20.279
535,20.284,20.259
536,20.312,20.296
537,20.304,20.296
538,20.481,20.464
539,20.515,20.493
540,20.555,20.537
541,20.571,20.546
542,20.596,20.575
543,20.681,20.664
544,20.714,20.716
545,20.710,20.696
546,20.782,20.756
547,21.385,21.390
548,20.980,20.986
549,21.051,21.064
550,21.000,21.029
551,20.940,20.979
552,20.748,20.769
553,20.891,20.925
554,20.966,21.033
555,21.009,21.076
556,20.966,21.014
557,20.882,20.933
558,20.813,20.855
559,20.755,20.802
560,20.647,20.711
561,20.747,20.804
562,20.674,20.738
563,20.770,20.828
564,20.750,20.820
565,20.816,20.874
566,20.806,20.864
567,20.737,20.782
568,21.040,21.092
569,20.739,20.774
570,20.772,20.827
571,20.645,20.681
572,20.779,20.830
573,20.652,20.690
574,20.767,20.818
575,20.892,20.933
576,20.725,20.774
577,20.785,20.831
578,20.706,20.737
579,20.667,20.692
580,20.720,20.769
581,20.618,20.654
582,20.642,20.680
583,20.592,20.636
584,20.671,20.714
585,20.548,20.587
586,20.670,20.705
587,20.529,20.561
588,20.658,20.702
589,20.833,20.870
590,20.678,20.715
591,20.664,20.714
592,20.891,20.949
593,20.594,20.645
594,20.535,20.570
595,20.515,20.547
596,20.491,20.535
597,20.458,20.498
598,20.479,20.532
599,20.456,20.506
600,20.575,20.612
601,20.472,20.519
602,20.442,20.499
603,20.501,20.542
604,20.460,20.514
605,20.486,20.524
606,20.480,20.516
607,20.407,20.441
608,20.356,20.380
609,20.413,20.447
610,20.428,20.472
611,20.400,20.422
612,20.534,20.577
613,20.557,20.601
614,20.612,20.653
615,20.514,20.561
616,20.537,20.568
617,20.650,20.689
618,20.643,20.672
619,20.726,20.759
620,20.625,20.669
621,20.606,20.651
622,20.754,20.801
623,20.747,20.796
624,20.804,20.861
625,20.749,20.797
626,20.730,20.782
627,20.792,20.841
628,20.713,20.755
629,20.779,20.839
630,20.807,20.863
631,20.610,20.660
632,20.594,20.639
633,20.612,20.667
634,20.611,20.642
635,20.610,20.651
636,20.570,20.615
637,20.568,20.602
638,20.557,20.601
639,20.522,20.552
640,20.506,20.539
641,20.762,20.798
642,20.692,20.732
643,20.598,20.630
644,20.700,20.739
645,20.588,20.635
646,20.603,20.634
647,20.951,21.007
648,20.768,20.804
649,20.824,20.878
650,20.720,20.745
651,20.737,20.765
652,20.921,20.949
653,20.726,20.762
654,20.615,20.634
655,20.540,20.566
656,20.557,20.583
657,20.483,20.513
658,20.529,20.559
659,20.466,20.483
660,20.412,20.427
661,20.305,20.321
662,20.368,20.399
663,20.244,20.260
664,20.287,20.293
665,20.366,20.387
666,20.294,20.309
667,20.467,20.488
668,20.402,20.408
669,20.401,20.427
670,20.324,20.350
671,20.411,20.428
672,20.314,20.322
673,20.388,20.409
674,20.366,20.388
675,20.382,20.410
676,20.372,20.394
677,20.563,20.590
678,20.507,20.536
679,20.703,20.720
680,20.441,20.469
681,20.361,20.370
682,20.420,20.430
683,20.608,20.623
684,20.771,20.801
685,20.596,20.597
686,20.659,20.679
687,20.722,20.743
688,20.621,20.632
689,20.628,20.649
690,20.722,20.744
691,20.699,20.707
692,20.709,20.743
693,20.684,20.717
694,20.660,20.695
695,20.686,20.721
696,20.686,20.726
697,20.475,20.528
698,20.659,20.706
699,20.525,20.560
700,20.412,20.450
701,20.461,20.502
702,20.402,20.442
703,20.392,20.433
704,20.272,20.300
705,20.256,20.291
706,20.125,20.154
707,20.310,20.350
708,20.259,20.313
709,20.230,20.273
710,19.963,20.005
711,20.091,20.131
712,20.223,20.263
713,20.153,20.181
714,20.197,20.225
715,20.126,20.150
716,20.009,20.026
717,20.038,20.067
718,20.067,20.095
719,19.994,20.012
720,20.107,20.147
721,20.214,20.250
722,20.246,20.275
723,20.278,20.308
724,20.109,20.117
725,20.156,20.167
726,20.246,20.271
727,20.270,20.291
728,20.255,20.267
729,20.200,20.206
730,20.319,20.325
731,20.296,20.290
732,20.237,20.243
733,20.191,20.175
734,20.284,20.301
735,20.182,20.182
736,20.136,20.134
737,20.063,20.064
738,20.182,20.171
739,20.290,20.274
740,20.491,20.486
741,20.570,20.560
742,20.425,20.413
743,20.413,20.409
744,20.447,20.441
745,20.417,20.413
746,20.310,20.290
747,20.546,20.532
748,20.393,20.375
749,20.360,20.356
750,20.387,20.367
751,20.666,20.666
752,20.554,20.543
753,20.674,20.670
754,20.719,20.697
755,20.783,20.758
756,20.859,20.827
757,20.932,20.898
758,21.099,21.069
759,21.021,20.986
760,21.020,20.975
761,21.095,21.080
762,20.972,20.933
763,20.942,20.904
764,20.914,20.875
765,20.955,20.931
766,20.918,20.886
767,20.894,20.859
768,20.963,20.958
769,20.842,20.844
770,20.818,20.818
771,20.821,20.816
772,20.912,20.925
773,20.855,20.865
774,20.965,20.981
775,20.943,20.953
776,20.995,21.014
777,20.926,20.946
778,20.859,20.872
779,20.977,21.002
780,20.825,20.840
781,20.969,20.999
782,21.001,21.024
783,21.013,21.033
784,21.069,21.098
785,20.987,21.002
786,21.030,21.036
787,21.054,21.082
788,20.943,20.946
789,20.942,20.955
790,20.921,20.934
791,20.936,20.950
792,20.903,20.912
793,20.999,21.016
794,20.983,20.999
795,20.985,21.006
796,20.968,20.996
797,20.971,20.996
798,20.977,20.999
799,20.965,20.978
800,20.955,20.970
801,20.985,20.998
802,20.996,21.026
803,20.983,21.006
804,20.943,20.961
805,20.917,20.924
806,20.918,20.923
807,20.961,20.972
808,20.997,21.004
809,21.050,21.056
810,21.165,21.172
811,21.156,21.166
812,21.129,21.136
813,21.107,21.130
814,21.054,21.060
815,20.974,20.977
816,21.101,21.112
817,20.960,20.961
818,21.037,21.038
819,20.905,20.913
820,20.900,20.899
821,20.902,20.896
822,21.230,21.226
823,20.940,20.944
824,21.023,21.030
825,21.154,21.164
826,20.980,20.978
827,20.922,20.932
828,20.931,20.925
829,20.892,20.899
830,20.859,20.862
831,20.899,20.894
832,20.896,20.889
833,20.923,20.919
834,20.987,20.989
835,20.999,20.998
836,21.082,21.084
837,21.019,21.026
838,21.017,21.011
839,21.083,21.078
840,21.042,21.063
841,20.949,20.970
842,20.973,20.992
843,21.100,21.105
844,21.111,21.132
845,20.984,21.009
846,20.955,20.972
847,20.942,20.953
848,20.958,20.966
849,21.049,21.074
850,21.029,21.044
851,21.083,21.107
852,20.995,21.004
853,20.961,20.975
854,20.994,21.016
855,20.958,20.978
856,20.916,20.933
857,20.935,20.955
858,21.016,21.041
859,20.898,20.920
860,20.917,20.938
861,20.837,20.850
862,20.828,20.844
863,20.848,20.869
864,20.868,20.889
865,20.888,20.894
866,20.825,20.837
867,20.816,20.834
868,20.762,20.790
869,20.720,20.725
870,20.647,20.655
871,20.610,20.619
872,20.619,20.623
873,20.666,20.669
874,20.557,20.553
875,20.534,20.539
876,20.498,20.490
877,20.452,20.448
878,20.626,20.623
879,20.445,20.439
880,20.495,20.509
881,20.372,20.366
882,20.325,20.317
883,20.437,20.422
884,20.550,20.551
885,20.402,20.406
886,20.303,20.285
887,20.339,20.341
888,20.433,20.420
889,20.358,20.340
890,20.251,20.233
891,20.245,20.222
892,20.233,20.211
893,20.383,20.371
894,20.205,20.181
895,20.146,20.131
896,20.162,20.154
897,20.033,20.001
898,20.023,19.993
899,20.072,20.043
900,20.067,20.046
901,20.205,20.187
902,19.967,19.939
903,20.108,20.075
904,20.268,20.256
905,20.380,20.378
906,20.735,20.715
907,20.340,20.324
908,20.383,20.356
909,20.393,20.385
910,20.573,20.576
911,20.758,20.771
912,20.347,20.346
913,20.287,20.286
914,20.348,20.366
915,20.547,20.565
916,20.477,20.498
917,20.587,20.596
918,20.601,20.615
919,20.651,20.671
920,20.391,20.392
921,20.550,20.560
922,20.520,20.512
923,20.577,20.577
924,20.561,20.562
925,20.643,20.652
926,20.457,20.461
927,20.490,20.476
928,20.366,20.374
929,20.343,20.355
930,20.361,20.368
931,20.312,20.313
932,20.352,20.356
933,20.372,20.368
934,20.352,20.357
935,20.304,20.303
936,20.357,20.364
937,20.387,20.367
938,20.390,20.379
939,20.449,20.431
940,20.528,20.517
941,20.515,20.511
942,20.630,20.617
943,20.673,20.679
944,20.484,20.476
945,20.498,20.496
946,20.516,20.510
947,20.626,20.639
948,20.376,20.368
949,20.440,20.429
950,20.449,20.439
951,20.378,20.364
952,20.353,20.357
953,20.328,20.309
954,20.258,20.250
955,20.319,20.307
956,20.360,20.349
957,20.260,20.253
958,20.337,20.319
959,20.329,20.310
960,20.120,20.108
961,20.135,20.121
962,20.244,20.238
963,20.344,20.337
964,20.266,20.265
965,20.212,20.198
966,20.078,20.057
967,20.123,20.110
968,20.187,20.184
969,20.225,20.227
970,20.329,20.314
971,20.234,20.218
972,20.346,20.324
973,20.365,20.359
974,20.349,20.344
975,20.310,20.298
976,20.369,20.368
977,20.378,20.373
978,20.248,20.238
979,20.262,20.250
980,20.265,20.256
981,20.311,20.312
982,20.279,20.275
983,20.134,20.123
984,20.109,20.118
985,20.094,20.103
986,19.991,19.992
987,20.020,20.016
988,20.047,20.047
989,19.993,19.999
990,19.962,19.965
991,19.827,19.827
992,19.855,19.857
993,19.848,19.850
994,19.896,19.912
995,19.825,19.816
996,19.932,19.933
997,19.905,19.893
998,19.970,19.976
999,20.056,20.053
1000,19.977,19.972
1001,20.151,20.159
1002,20.078,20.082
1003,20.139,20.151
1004,20.206,20.214
1005,20.201,20.209
1006,20.101,20.097
1007,20.196,20.193
1008,20.154,20.147
1009,20.134,20.136
1010,20.071,20.070
1011,20.143,20.150
1012,20.093,20.102
1013,20.002,20.008
1014,20.099,20.110
1015,19.998,19.999
1016,20.073,20.072
1017,19.998,19.987
1018,20.163,20.172
1019,20.192,20.196
1020,20.070,20.067
1021,20.070,20.074
1022,20.066,20.078
1023,19.902,19.906
1024,20.004,20.014
1025,20.003,20.013
1026,19.922,19.924
1027,20.045,20.072
1028,19.950,19.963
1029,19.998,20.016
1030,20.002,20.019
1031,19.884,19.890
1032,19.892,19.908
1033,19.804,19.817
1034,19.889,19.909
1035,20.006,20.037
1036,19.938,19.964
1037,20.001,20.027
1038,20.028,20.044
1039,19.986,20.005
1040,19.927,19.950
1041,20.016,20.042
1042,20.014,20.025
1043,19.922,19.935
1044,19.990,20.018
1045,19.894,19.903
1046,19.940,19.947
1047,19.915,19.927
1048,20.090,20.103
1049,20.084,20.106
1050,19.936,19.951
1051,20.075,20.094
1052,19.956,19.978
1053,19.854,19.872
1054,19.875,19.894
1055,19.843,19.854
1056,19.894,19.905
1057,19.928,19.943
1058,19.945,19.953
1059,19.917,19.936
1060,19.862,19.875
1061,19.809,19.825
1062,19.786,19.794
1063,19.773,19.790
1064,19.791,19.813
1065,19.883,19.906
1066,19.849,19.867
1067,19.755,19.776
1068,19.985,20.006
1069,20.066,20.094
1070,19.715,19.723
1071,19.717,19.726
1072,19.829,19.839
1073,19.741,19.747
1074,19.748,19.763
1075,19.700,19.712
1076,19.888,19.908
1077,19.859,19.875
1078,19.784,19.791
1079,19.688,19.701
1080,19.646,19.657
1081,19.542,19.558
1082,19.501,19.517
1083,19.526,19.538
1084,19.541,19.551
1085,19.512,19.515
1086,19.451,19.462
1087,19.517,19.526
1088,19.499,19.508
1089,19.476,19.489
1090,19.452,19.463
1091,19.355,19.357
1092,19.426,19.437
1093,19.350,19.375
1094,19.355,19.369
1095,19.297,19.312
1096,19.238,19.258
1097,19.254,19.277
1098,19.147,19.156
1099,19.168,19.175
1100,19.186,19.199
1101,19.214,19.223
1102,19.158,19.162
1103,19.327,19.332
1104,19.340,19.338
1105,19.283,19.284
1106,19.183,19.192
1107,19.152,19.150
1108,19.142,19.140
1109,19.102,19.100
1110,19.123,19.126
1111,19.189,19.195
1112,19.169,19.172
1113,19.174,19.165
1114,19.097,19.095
1115,19.000,18.992
1116,19.038,19.032
1117,19.013,19.013
1118,19.017,19.015
1119,19.058,19.051
1120,19.065,19.071
1121,19.005,19.009
1122,19.002,19.001
1123,18.951,18.940
1124,18.935,18.926
1125,18.951,18.942
1126,18.890,18.873
1127,18.973,18.966
1128,18.964,18.954
1129,18.917,18.900
1130,18.928,18.922
1131,18.924,18.906
1132,18.891,18.872
1133,18.917,18.895
1134,18.907,18.884
1135,18.982,18.957
1136,18.949,18.925
1137,18.947,18.923
1138,18.890,18.871
1139,18.858,18.836
1140,18.900,18.875
1141,18.875,18.848
1142,18.858,18.832
1143,18.840,18.818
1144,18.876,18.854
1145,18.881,18.862
1146,18.907,18.883
1147,18.900,18.880
1148,18.904,18.876
1149,18.895,18.864
1150,18.887,18.852
1151,18.868,18.830
1152,18.809,18.786
1153,18.751,18.729
1154,18.697,18.672
1155,18.650,18.627
1156,18.599,18.575
1157,18.585,18.567
1158,18.557,18.533
1159,18.513,18.496
1160,18.448,18.420
1161,18.473,18.453
1162,18.451,18.438
1163,18.419,18.403
1164,18.464,18.455
1165,18.393,18.372
1166,18.428,18.411
1167,18.473,18.452
1168,18.468,18.448
1169,18.436,18.408
1170,18.486,18.460
1171,18.573,18.548
1172,18.574,18.548
1173,18.507,18.474
1174,18.534,18.510
1175,18.561,18.539
1176,18.555,18.526
1177,18.658,18.628
1178,18.675,18.644
1179,18.670,18.637
1180,18.712,18.688
1181,18.690,18.653
1182,18.799,18.766
1183,18.730,18.692
1184,18.771,18.737
1185,18.711,18.682
1186,18.712,18.686
1187,18.620,18.591
1188,18.647,18.619
1189,18.557,18.526
1190,18.522,18.479
1191,18.522,18.479
1192,18.516,18.483
1193,18.482,18.441
1194,18.515,18.480
1195,18.532,18.499
1196,18.484,18.442
1197,18.535,18.489
1198,18.495,18.446
1199,18.483,18.439
1200,18.499,18.447
1201,18.484,18.432
1202,18.467,18.414
1203,18.464,18.417
1204,18.457,18.406
1205,18.464,18.416
1206,18.467,18.417
1207,18.482,18.435
1208,18.490,18.440
1209,18.491,18.440
1210,18.492,18.442
1211,18.498,18.443
1212,18.492,18.441
1213,18.500,18.450
1214,18.508,18.453
1215,18.538,18.484
1216,18.551,18.498
1217,18.573,18.523
1218,18.576,18.527
1219,18.581,18.533
1220,18.606,18.556
1221,18.607,18.555
1222,18.618,18.568
1223,18.627,18.582
1224,18.652,18.605
1225,18.695,18.647
1226,18.796,18.746
1227,18.796,18.750
1228,18.803,18.751
1229,18.793,18.741
1230,18.790,18.741
1231,18.801,18.736
1232,18.802,18.751
1233,18.811,18.761
1234,18.818,18.764
1235,18.824,18.774
1236,18.842,18.792
1237,18.833,18.784
1238,18.832,18.780
1239,18.837,18.786
1240,18.854,18.798
1241,18.843,18.791
1242,18.822,18.769
1243,18.815,18.764
1244,18.802,18.750
1245,18.784,18.731
1246,18.750,18.699
1247,18.725,18.669
1248,18.714,18.663
1249,18.692,18.643
1250,18.698,18.650
1251,18.686,18.637
1252,18.693,18.646
1253,18.697,18.654
1254,18.699,18.649
1255,18.696,18.646
1256,18.698,18.644
1257,18.706,18.654
1258,18.732,18.681
1259,18.759,18.713
1260,18.787,18.736
1261,18.812,18.763
1262,18.840,18.788
1263,18.857,18.806
1264,18.847,18.789
1265,18.856,18.802
1266,18.869,18.808
1267,18.880,18.823
1268,18.861,18.808
1269,18.864,18.807
1270,18.879,18.818
1271,18.889,18.832
1272,18.886,18.832
1273,18.982,18.941
1274,18.948,18.911
1275,18.925,18.894
1276,18.925,18.889
1277,18.904,18.871
1278,18.890,18.837
1279,18.887,18.841
1280,18.888,18.837
1281,18.914,18.851
1282,18.869,18.818
1283,18.884,18.836
1284,18.875,18.826
1285,18.876,18.833
1286,18.873,18.826
1287,18.869,18.819
1288,18.907,18.845
1289,18.912,18.848
1290,18.919,18.857
1291,18.906,18.848
1292,18.916,18.849
1293,18.912,18.845
1294,18.920,18.856
1295,18.920,18.851
1296,18.940,18.875
1297,18.942,18.878
1298,18.948,18.888
1299,18.956,18.891
1300,18.950,18.886
1301,18.953,18.889
1302,18.947,18.880
1303,18.935,18.866
1304,18.947,18.887
1305,18.946,18.888
1306,18.947,18.886
1307,18.937,18.876
1308,18.919,18.853
1309,18.936,18.877
1310,18.935,18.869
1311,18.928,18.861
1312,18.927,18.859
1313,18.921,18.859
1314,18.921,18.863
1315,18.900,18.836
1316,18.902,18.833
1317,18.905,18.842
1318,18.904,18.843
1319,18.908,18.846
1320,18.896,18.835
1321,18.918,18.855
1322,18.894,18.829
1323,18.905,18.835
1324,18.910,18.845
1325,18.923,18.862
1326,18.921,18.859
1327,18.923,18.858
1328,18.933,18.864
1329,18.928,18.865
1330,18.942,18.873
1331,18.940,18.874
1332,18.930,18.863
1333,18.948,18.881
1334,18.944,18.881
1335,18.951,18.880
1336,18.943,18.873
1337,18.947,18.885
1338,18.941,18.871
1339,18.935,18.869
1340,18.940,18.875
1341,18.944,18.879
1342,18.918,18.846
1343,18.937,18.871
1344,18.929,18.862
1345,18.927,18.866
1346,18.931,18.863
1347,18.928,18.864
1348,18.932,18.869
1349,18.924,18.863
1350,18.923,18.857
1351,18.926,18.865
1352,18.913,18.847
1353,18.916,18.856
1354,18.913,18.848
1355,18.920,18.856
1356,18.906,18.839
1357,18.930,18.869
1358,18.927,18.865
1359,18.923,18.860
1360,18.926,18.855
1361,18.925,18.866
1362,18.942,18.875
1363,18.934,18.868
1364,18.945,18.882
1365,18.937,18.873
1366,18.963,18.899
1367,18.958,18.894
1368,18.949,18.882
1369,18.943,18.875
1370,18.952,18.882
1371,18.954,18.889
1372,18.956,18.896
1373,18.961,18.904
1374,18.951,18.887
1375,18.945,18.883
1376,18.928,18.855
1377,18.930,18.867
1378,18.928,18.859
1379,18.932,18.870
1380,18.915,18.850
1381,18.927,18.865
1382,18.925,18.863
1383,18.911,18.842
1384,18.905,18.838
1385,18.915,18.857
1386,18.929,18.870
1387,18.924,18.864
1388,18.919,18.849
1389,18.926,18.857
1390,18.923,18.854
1391,18.936,18.873
1392,18.953,18.885
1393,18.924,18.860
1394,18.935,18.868
1395,18.942,18.867
1396,18.936,18.871
1397,18.945,18.884
1398,18.947,18.883
1399,18.934,18.867
1400,18.938,18.869
1401,18.947,18.883
1402,18.946,18.884
1403,18.952,18.892
1404,18.958,18.898
1405,18.936,18.871
1406,18.935,18.869
1407,18.955,18.891
1408,18.948,18.893
1409,18.936,18.871
1410,18.931,18.867
1411,18.940,18.881
1412,18.942,18.881
1413,18.942,18.878
1414,18.926,18.859
1415,18.922,18.856
1416,18.937,18.872
1417,18.918,18.859
1418,18.923,18.863
1419,18.915,18.852
1420,18.906,18.842
1421,18.917,18.863
1422,18.922,18.862
1423,18.915,18.861
1424,18.904,18.843
1425,18.912,18.848
1426,18.923,18.862
1427,18.922,18.866
1428,18.905,18.848
1429,18.907,18.840
1430,18.906,18.836
1431,18.932,18.871
1432,18.933,18.869
1433,18.927,18.860
1434,18.931,18.867
1435,18.915,18.855
1436,18.919,18.860
1437,18.915,18.854
1438,18.918,18.857
1439,18.905,18.844
1440,18.900,18.835
1441,18.915,18.855
1442,18.915,18.857
1443,18.915,18.860
1444,18.899,18.838
1445,18.894,18.833
1446,18.914,18.851
1447,18.912,18.849
1448,18.891,18.826
1449,18.890,18.829
1450,18.885,18.830
1451,18.883,18.820
1452,18.868,18.801
1453,18.878,18.821
1454,18.882,18.824
1455,18.879,18.823
1456,18.878,18.812
1457,18.874,18.810
1458,18.874,18.820
1459,18.881,18.825
1460,18.861,18.801
1461,18.873,18.815
1462,18.849,18.791
1463,18.828,18.768
1464,18.840,18.773
1465,18.837,18.782
1466,18.836,18.785
1467,18.838,18.782
1468,18.812,18.751
1469,18.820,18.764
1470,18.799,18.746
1471,18.790,18.740
1472,18.777,18.727
1473,18.781,18.729
1474,18.770,18.714
1475,18.773,18.724
1476,18.732,18.678
1477,18.739,18.688
1478,18.705,18.648
1479,18.698,18.647
1480,18.700,18.649
1481,18.690,18.643
1482,18.663,18.613
1483,18.653,18.609
1484,18.632,18.590
1485,18.617,18.564
1486,18.606,18.552
1487,18.597,18.549
1488,18.586,18.537
1489,18.605,18.557
1490,18.609,18.561
1491,18.641,18.592
1492,18.597,18.542
1493,18.590,18.537
1494,18.568,18.515
1495,18.543,18.496
1496,18.558,18.512
1497,18.578,18.532
1498,18.474,18.414
1499,18.449,18.392
1500,18.426,18.367
1501,18.430,18.373
1502,18.431,18.379
1503,18.607,18.556
1504,18.641,18.582
1505,18.638,18.584
1506,18.654,18.601
1507,18.682,18.626
1508,18.708,18.644
1509,18.684,18.620
1510,18.693,18.626
1511,18.709,18.647
1512,18.736,18.671
1513,18.804,18.761
1514,18.781,18.744
1515,18.789,18.753
1516,18.800,18.762
1517,18.785,18.751
1518,18.796,18.755
1519,18.808,18.769
1520,18.822,18.783
1521,18.807,18.758
1522,18.820,18.770
1523,18.834,18.788
1524,18.854,18.807
1525,18.849,18.806
1526,18.855,18.811
1527,18.866,18.818
1528,18.870,18.816
1529,18.870,18.819
1530,18.887,18.837
1531,18.903,18.855
1532,18.900,18.849
1533,18.901,18.853
1534,18.897,18.842
1535,18.902,18.849
1536,18.917,18.867
1537,18.903,18.849
1538,18.919,18.871
1539,18.913,18.853
1540,18.917,18.857
1541,18.917,18.858
1542,18.932,18.870
1543,18.938,18.884
1544,18.920,18.861
1545,18.927,18.860
1546,18.933,18.874
1547,18.946,18.888
1548,18.924,18.861
1549,18.930,18.875
1550,18.917,18.850
1551,18.928,18.867
1552,18.938,18.875
1553,18.936,18.876
1554,18.944,18.878
1555,18.941,18.879
1556,18.949,18.888
1557,18.943,18.881
1558,18.932,18.869
1559,18.927,18.862
1560,18.930,18.865
1561,18.930,18.867
1562,18.933,18.870
1563,18.935,18.875
1564,18.916,18.854
1565,18.926,18.865
1566,18.925,18.861
1567,18.919,18.850
1568,18.907,18.840
1569,18.915,18.838
1570,18.924,18.853
1571,18.918,18.845
1572,18.916,18.838
1573,18.914,18.833
1574,18.913,18.834
1575,18.941,18.866
1576,18.940,18.866
1577,18.941,18.872
1578,18.933,18.854
1579,18.939,18.866
1580,18.947,18.872
1581,18.947,18.873
1582,18.952,18.870
1583,18.945,18.861
1584,18.962,18.886
1585,18.959,18.881
1586,18.950,18.874
1587,18.920,18.841
1588,18.919,18.844
1589,18.906,18.829
1590,18.905,18.830
1591,18.914,18.841
1592,18.903,18.824
1593,18.885,18.807
1594,18.751,18.680
1595,18.711,18.647
1596,18.819,18.752
1597,18.690,18.631
1598,18.661,18.604
1599,18.610,18.551
1600,18.594,18.536
1601,18.552,18.495
1602,18.529,18.472
1603,18.518,18.462
1604,18.502,18.452
1605,18.495,18.443
1606,18.472,18.419
1607,18.471,18.417
1608,18.441,18.393
1609,18.526,18.474
1610,18.527,18.473
1611,18.503,18.444
1612,18.468,18.429
1613,18.455,18.420
1614,18.448,18.410
1615,18.455,18.411
1616,18.440,18.404
1617,18.456,18.418
1618,18.406,18.361
1619,18.415,18.374
1620,18.403,18.366
1621,18.400,18.365
1622,18.407,18.367
1623,18.441,18.404
1624,18.445,18.408
1625,18.464,18.420
1626,18.483,18.440
1627,18.489,18.444
1628,18.531,18.486
1629,18.553,18.508
1630,18.581,18.530
1631,18.624,18.582
1632,18.617,18.566
1633,18.644,18.594
1634,18.637,18.576
1635,18.694,18.650
1636,18.725,18.675
1637,18.768,18.718
1638,18.801,18.750
1639,18.795,18.746
1640,18.809,18.761
1641,18.801,18.741
1642,18.799,18.744
1643,18.816,18.766
1644,18.815,18.767
1645,18.833,18.785
1646,18.817,18.769
1647,18.807,18.755
1648,18.705,18.655
1649,18.689,18.640
1650,18.666,18.614
1651,18.651,18.600
1652,18.618,18.570
1653,18.595,18.539
1654,18.583,18.528
1655,18.602,18.549
1656,18.580,18.536
1657,18.560,18.511
1658,18.568,18.522
1659,18.578,18.537
1660,18.597,18.546
1661,18.624,18.571
1662,18.682,18.637
1663,18.705,18.658
1664,18.729,18.678
1665,18.758,18.706
1666,18.777,18.726
1667,18.776,18.721
1668,18.795,18.735
1669,18.814,18.758
1670,18.840,18.782
1671,18.867,18.810
1672,18.879,18.811
1673,18.888,18.820
1674,18.892,18.831
1675,18.875,18.816
1676,18.872,18.813
1677,18.859,18.793
1678,18.860,18.783
1679,18.865,18.788
1680,18.869,18.794
1681,18.863,18.792
1682,18.837,18.759
1683,18.849,18.767
1684,18.838,18.759
1685,18.868,18.792
1686,18.860,18.792
1687,18.856,18.783
1688,18.857,18.784
1689,18.841,18.762
1690,18.863,18.785
1691,18.838,18.760
1692,18.844,18.768
1693,18.846,18.764
1694,18.858,18.782
1695,18.851,18.771
1696,18.858,18.777
1697,18.854,18.780
1698,18.854,18.779
1699,18.864,18.791
1700,18.858,18.781
1701,18.873,18.794
1702,18.874,18.797
1703,18.867,18.794
1704,18.765,18.684
1705,18.863,18.795
1706,18.768,18.691
1707,18.774,18.697
1708,18.765,18.687
1709,18.753,18.684
1710,18.750,18.674
1711,18.742,18.672
1712,18.754,18.679
1713,18.746,18.675
1714,18.734,18.656
1715,18.730,18.644
1716,18.719,18.649
1717,18.685,18.616
1718,18.681,18.613
1719,18.644,18.577
1720,18.615,18.546
1721,18.590,18.530
1722,18.575,18.514
1723,18.558,18.505
1724,18.522,18.470
1725,18.489,18.435
1726,18.460,18.406
1727,18.468,18.408
1728,18.437,18.378
1729,18.510,18.451
1730,18.490,18.430
1731,18.490,18.432
1732,18.472,18.413
1733,18.462,18.406
1734,18.419,18.368
1735,18.396,18.347
1736,18.370,18.322
1737,18.382,18.342
1738,18.374,18.337
1739,18.326,18.291
1740,18.333,18.293
1741,18.356,18.314
1742,18.372,18.334
1743,18.408,18.364
1744,18.415,18.374
1745,18.424,18.379
1746,18.473,18.425
1747,18.461,18.419
1748,18.515,18.473
1749,18.506,18.465
1750,18.554,18.513
1751,18.578,18.529
1752,18.608,18.560
1753,18.691,18.645
1754,18.697,18.654
1755,18.712,18.672
1756,18.719,18.677
1757,18.720,18.679
1758,18.736,18.697
1759,18.708,18.670
1760,18.687,18.653
1761,18.664,18.628
1762,18.665,18.632
1763,18.637,18.608
1764,18.558,18.522
1765,18.562,18.528
1766,18.539,18.507
1767,18.528,18.500
1768,18.501,18.478
1769,18.486,18.462
1770,18.478,18.453
1771,18.532,18.498
1772,18.580,18.536
1773,18.602,18.556
1774,18.610,18.570
1775,18.616,18.572
1776,18.664,18.620
1777,18.710,18.660
1778,18.699,18.645
1779,18.736,18.690
1780,18.756,18.706
1781,18.775,18.712
1782,18.789,18.741
1783,18.863,18.804
1784,18.885,18.817
1785,18.886,18.824
1786,18.892,18.828
1787,18.908,18.848
1788,18.898,18.833
1789,18.892,18.829
1790,18.776,18.708
1791,18.788,18.723
1792,18.892,18.827
1793,18.897,18.832
1794,18.792,18.729
1795,18.784,18.723
1796,18.784,18.722
1797,18.800,18.737
1798,18.792,18.725
1799,18.805,18.746
1800,18.777,18.715
1801,18.783,18.724
1802,18.795,18.730
1803,18.786,18.728
1804,18.769,18.709
1805,18.758,18.697
1806,18.767,18.698
1807,18.789,18.722
1808,18.786,18.716
1809,18.793,18.734
1810,18.800,18.738
1811,18.802,18.736
1812,18.833,18.761
1813,18.832,18.762
1814,18.859,18.788
1815,18.854,18.785
1816,18.858,18.786
1817,18.874,18.806
1818,18.868,18.799
1819,18.892,18.820
1820,19.012,18.954
1821,19.016,18.960
1822,18.866,18.795
1823,18.852,18.783
1824,18.850,18.781
1825,18.954,18.884
1826,18.979,18.910
1827,18.882,18.805
1828,18.856,18.785
1829,18.835,18.766
1830,18.930,18.869
1831,18.944,18.887
1832,18.848,18.777
1833,18.853,18.782
1834,18.953,18.881
1835,18.956,18.884
1836,18.963,18.897
1837,18.966,18.903
1838,18.968,18.902
1839,18.953,18.884
1840,18.946,18.873
