0,26.172,26.048
1,26.167,26.045
2,26.163,26.046
3,26.218,26.089
4,26.230,26.118
5,26.183,26.068
6,26.143,26.020
7,26.135,26.016
8,26.160,26.033
9,26.207,26.076
10,26.213,26.082
11,26.200,26.063
12,26.193,26.068
13,26.241,26.108
14,26.335,26.206
15,26.401,26.263
16,26.487,26.338
17,26.467,26.328
18,26.452,26.301
19,26.536,26.386
20,26.550,26.392
21,26.515,26.355
22,26.459,26.299
23,26.456,26.306
24,26.450,26.299
25,26.446,26.291
26,26.479,26.314
27,26.482,26.322
28,26.465,26.300
29,26.471,26.299
30,26.467,26.299
31,26.488,26.322
32,26.505,26.341
33,26.524,26.373
34,26.501,26.345
35,26.470,26.308
36,26.469,26.311
37,26.478,26.314
38,26.485,26.320
39,26.454,26.284
40,26.470,26.288
41,26.447,26.278
42,26.447,26.281
43,26.443,26.265
44,26.436,26.267
45,26.427,26.262
46,26.398,26.231
47,26.392,26.224
48,26.370,26.198
49,26.354,26.175
50,26.351,26.165
51,26.356,26.178
52,26.335,26.158
53,26.313,26.140
54,26.278,26.101
55,26.282,26.107
56,26.323,26.144
57,26.343,26.163
58,26.341,26.166
59,26.339,26.164
60,26.350,26.166
61,26.378,26.200
62,26.411,26.234
63,26.412,26.235
64,26.409,26.217
65,26.401,26.209
66,26.413,26.227
67,26.413,26.224
68,26.398,26.214
69,26.378,26.185
70,26.351,26.167
71,26.294,26.113
72,26.285,26.110
73,26.307,26.133
74,26.290,26.114
75,26.258,26.084
76,26.216,26.044
77,26.290,26.146
78,26.195,26.065
79,26.143,25.997
80,26.126,25.990
81,26.076,25.932
82,26.020,25.885
83,25.960,25.828
84,25.916,25.781
85,25.887,25.751
86,25.852,25.720
87,25.837,25.703
88,25.792,25.656
89,25.767,25.637
90,25.707,25.573
91,25.718,25.576
92,25.730,25.590
93,25.735,25.609
94,25.719,25.590
95,25.714,25.582
96,25.727,25.598
97,25.717,25.586
98,25.747,25.616
99,25.770,25.634
100,25.748,25.615
101,25.760,25.627
102,25.786,25.666
103,25.789,25.658
104,25.858,25.737
105,25.891,25.755
106,25.913,25.785
107,25.887,25.758
108,25.857,25.741
109,25.816,25.701
110,25.794,25.673
111,25.851,25.731
112,25.811,25.691
113,25.818,25.707
114,25.755,25.631
115,25.763,25.640
116,25.836,25.712
117,25.805,25.672
118,25.854,25.724
119,25.881,25.747
120,25.893,25.758
121,25.921,25.788
122,25.989,25.840
123,26.024,25.887
124,26.095,25.942
125,26.095,25.952
126,26.070,25.912
127,26.120,25.973
128,26.138,25.994
129,26.221,26.062
130,26.231,26.077
131,26.297,26.134
132,26.375,26.214
133,26.420,26.254
134,26.436,26.272
135,26.479,26.303
136,26.521,26.345
137,26.561,26.388
138,26.553,26.378
139,26.543,26.372
140,26.532,26.360
141,26.510,26.344
142,26.510,26.338
143,26.484,26.325
144,26.474,26.313
145,26.481,26.317
146,26.486,26.322
147,26.466,26.302
148,26.408,26.233
149,26.412,26.235
150,26.440,26.266
151,26.423,26.253
152,26.376,26.203
153,26.323,26.159
154,26.314,26.146
155,26.259,26.097
156,26.228,26.061
157,26.195,26.028
158,26.200,26.034
159,26.135,25.968
160,26.146,25.973
161,26.156,25.989
162,26.167,25.999
163,26.160,25.995
164,26.149,25.983
165,26.150,25.990
166,26.151,25.991
167,26.084,25.928
168,26.053,25.899
169,26.022,25.866
170,25.991,25.838
171,25.994,25.842
172,26.029,25.868
173,26.061,25.899
174,26.091,25.946
175,26.108,25.949
176,26.085,25.933
177,26.091,25.919
178,25.994,25.832
179,25.822,25.672
180,25.693,25.555
181,25.699,25.552
182,25.613,25.459
183,25.625,25.473
184,25.670,25.518
185,25.631,25.469
186,25.631,25.475
187,25.669,25.510
188,25.725,25.551
189,25.804,25.632
190,25.816,25.640
191,25.719,25.537
192,25.756,25.564
193,25.749,25.566
194,25.792,25.597
195,25.740,25.549
196,25.707,25.521
197,25.688,25.501
198,25.604,25.415
199,25.636,25.449
200,25.629,25.438
201,25.628,25.447
202,25.687,25.503
203,25.733,25.539
204,25.682,25.489
205,25.715,25.515
206,25.686,25.496
207,25.678,25.482
208,25.638,25.445
209,25.591,25.404
210,25.542,25.348
211,25.496,25.308
212,25.458,25.276
213,25.459,25.277
214,25.453,25.267
215,25.414,25.239
216,25.431,25.245
217,25.449,25.264
218,25.503,25.321
219,25.548,25.361
220,25.596,25.405
221,25.703,25.505
222,25.672,25.482
223,25.557,25.378
224,25.548,25.365
225,25.499,25.319
226,25.448,25.275
227,25.456,25.286
228,25.461,25.290
229,25.493,25.329
230,25.488,25.325
231,25.556,25.398
232,25.588,25.431
233,25.593,25.440
234,25.646,25.485
235,25.748,25.586
236,25.771,25.606
237,25.769,25.604
238,25.852,25.685
239,25.892,25.716
240,25.966,25.788
241,25.966,25.786
242,25.994,25.816
243,26.064,25.874
244,26.121,25.937
245,26.192,26.010
246,26.187,26.012
247,26.055,25.888
248,26.001,25.838
249,25.894,25.736
250,25.916,25.755
251,25.920,25.763
252,25.908,25.752
253,25.966,25.805
254,25.994,25.834
255,26.015,25.854
256,26.044,25.884
257,26.062,25.900
258,26.057,25.899
259,26.073,25.915
260,26.087,25.934
261,26.126,25.973
262,26.151,26.006
263,26.169,26.017
264,26.148,25.994
265,26.081,25.926
266,26.011,25.856
267,26.004,25.855
268,25.980,25.831
269,25.952,25.802
270,25.947,25.804
271,25.948,25.804
272,25.931,25.782
273,25.935,25.782
274,25.934,25.781
275,25.937,25.787
276,25.935,25.786
277,25.937,25.787
278,25.957,25.799
279,26.015,25.857
280,26.038,25.883
281,26.073,25.917
282,26.135,25.976
283,26.174,26.018
284,26.267,26.109
285,26.333,26.162
286,26.367,26.192
287,26.387,26.216
288,26.365,26.206
289,26.384,26.229
290,26.392,26.231
291,26.430,26.265
292,26.390,26.232
293,26.392,26.224
294,26.372,26.198
295,26.407,26.239
296,26.402,26.230
297,26.394,26.230
298,26.409,26.244
299,26.387,26.225
300,26.386,26.226
301,26.382,26.217
302,26.405,26.242
303,26.404,26.230
304,26.407,26.244
305,26.388,26.216
306,26.386,26.223
307,26.377,26.202
308,26.391,26.221
309,26.414,26.245
310,26.405,26.236
311,26.393,26.219
312,26.377,26.201
313,26.386,26.215
314,26.398,26.228
315,26.413,26.228
316,26.399,26.221
317,26.492,26.359
318,26.388,26.243
319,26.385,26.240
320,26.373,26.224
321,26.369,26.230
322,26.354,26.209
323,26.339,26.199
324,26.320,26.176
325,26.147,25.985
326,26.140,25.972
327,26.119,25.949
328,26.117,25.945
329,26.098,25.925
330,26.073,25.912
331,26.049,25.881
332,26.079,25.905
333,26.077,25.899
334,26.064,25.888
335,26.076,25.905
336,26.072,25.886
337,26.099,25.918
338,26.094,25.917
339,26.084,25.908
340,26.049,25.862
341,26.069,25.884
342,26.079,25.900
343,26.299,26.131
344,26.308,26.144
345,26.304,26.141
346,26.289,26.129
347,26.293,26.128
348,26.297,26.127
349,26.305,26.129
350,26.340,26.172
351,26.346,26.173
352,26.345,26.181
353,26.327,26.154
354,26.322,26.151
355,26.327,26.167
356,26.329,26.164
357,26.346,26.180
358,26.320,26.146
359,26.321,26.152
360,26.358,26.189
361,26.371,26.205
362,26.385,26.218
363,26.378,26.207
364,26.372,26.213
365,26.376,26.213
366,26.406,26.242
367,26.416,26.256
368,26.424,26.256
369,26.434,26.276
370,26.410,26.237
371,26.410,26.244
372,26.411,26.237
373,26.433,26.266
374,26.455,26.269
375,26.463,26.290
376,26.394,26.221
377,26.337,26.179
378,26.299,26.143
379,26.262,26.106
380,26.223,26.073
381,26.129,25.988
382,26.053,25.920
383,25.958,25.829
384,25.988,25.853
385,25.945,25.812
386,25.953,25.816
387,25.923,25.796
388,25.952,25.826
389,26.069,25.939
390,26.163,26.034
391,26.181,26.050
392,26.161,26.036
393,26.148,26.009
394,26.107,25.982
395,26.116,25.987
396,26.123,25.994
397,26.131,25.994
398,26.165,26.025
399,26.175,26.037
400,26.219,26.077
401,26.244,26.097
402,26.287,26.141
403,26.322,26.168
404,26.333,26.189
405,26.338,26.185
406,26.378,26.223
407,26.458,26.296
408,26.537,26.371
409,26.596,26.439
410,26.591,26.431
411,26.559,26.381
412,26.558,26.380
413,26.607,26.435
414,26.584,26.422
415,26.576,26.417
416,26.576,26.405
417,26.561,26.390
418,26.564,26.402
419,26.581,26.408
420,26.596,26.428
421,26.598,26.426
422,26.343,26.162
423,26.320,26.139
424,26.320,26.139
425,26.350,26.169
426,26.349,26.169
427,26.354,26.170
428,26.321,26.138
429,26.307,26.128
430,26.308,26.125
431,26.320,26.136
432,26.542,26.367
433,26.311,26.127
434,26.302,26.117
435,26.503,26.326
436,26.508,26.334
437,26.548,26.379
438,26.546,26.373
439,26.544,26.365
440,26.479,26.296
441,26.458,26.276
442,26.227,26.048
443,26.240,26.060
444,26.209,26.033
445,26.166,25.991
446,26.124,25.950
447,26.094,25.922
448,26.101,25.927
449,26.077,25.889
450,26.061,25.867
451,26.054,25.872
452,26.025,25.842
453,26.019,25.837
454,26.025,25.843
455,26.069,25.885
456,26.060,25.875
457,26.036,25.848
458,26.046,25.864
459,26.053,25.870
460,26.059,25.866
461,26.057,25.866
462,26.079,25.888
463,26.050,25.864
464,26.052,25.864
465,26.064,25.872
466,26.054,25.866
467,26.078,25.886
468,26.094,25.906
469,26.071,25.882
470,26.084,25.902
471,26.095,25.899
472,26.097,25.899
473,26.119,25.924
474,26.097,25.905
475,26.081,25.894
476,26.068,25.875
477,26.072,25.879
478,26.103,25.916
479,26.112,25.924
480,26.093,25.909
481,26.092,25.897
482,26.093,25.895
483,26.353,26.159
484,26.364,26.172
485,26.362,26.179
486,26.337,26.132
487,26.326,26.130
488,26.345,26.152
489,26.364,26.166
490,26.345,26.138
491,26.351,26.155
492,26.324,26.124
493,26.339,26.141
494,26.344,26.146
495,26.359,26.159
496,26.354,26.151
497,26.362,26.166
498,26.344,26.156
499,26.337,26.133
500,26.336,26.140
501,26.326,26.126
502,26.318,26.121
503,26.305,26.117
504,26.263,26.073
505,26.287,26.089
506,26.323,26.131
507,26.330,26.138
508,26.324,26.136
509,26.321,26.135
510,26.309,26.118
511,26.332,26.145
512,26.352,26.155
513,26.365,26.180
514,26.356,26.162
515,26.360,26.171
516,26.318,26.132
517,26.328,26.136
518,26.343,26.151
519,26.354,26.173
520,26.362,26.173
521,26.363,26.182
522,26.366,26.181
523,26.373,26.194
524,26.390,26.199
525,26.409,26.219
526,26.409,26.222
527,26.406,26.220
528,26.389,26.209
529,26.420,26.236
530,26.453,26.266
531,26.478,26.299
532,26.499,26.312
533,26.477,26.296
534,26.496,26.305
535,26.513,26.333
536,26.518,26.325
537,26.515,26.334
538,26.482,26.300
539,26.481,26.296
540,26.482,26.301
541,26.500,26.321
542,26.521,26.345
543,26.507,26.325
544,26.487,26.303
545,26.476,26.291
546,26.485,26.304
547,26.503,26.319
548,26.513,26.332
549,26.506,26.327
550,26.475,26.296
551,26.483,26.307
552,26.484,26.302
553,26.488,26.320
554,26.481,26.303
555,26.469,26.297
556,26.422,26.252
557,26.562,26.452
558,26.539,26.420
559,26.542,26.397
560,26.532,26.386
561,26.537,26.397
562,26.532,26.396
563,26.520,26.380
564,26.506,26.365
565,26.501,26.359
566,26.484,26.335
567,26.489,26.346
568,26.493,26.342
569,26.462,26.313
570,26.465,26.316
571,26.469,26.311
572,26.393,26.240
573,26.301,26.142
574,26.238,26.081
575,26.159,26.006
576,26.043,25.898
577,25.975,25.843
578,25.889,25.758
579,25.850,25.713
580,25.770,25.642
581,25.691,25.567
582,25.712,25.584
583,25.709,25.590
584,25.683,25.558
585,25.597,25.487
586,25.585,25.479
587,25.541,25.431
588,25.560,25.452
589,25.574,25.466
590,25.575,25.464
591,25.680,25.554
592,25.686,25.557
593,25.823,25.674
594,25.852,25.698
595,25.965,25.803
596,26.037,25.869
597,26.028,25.848
598,26.144,25.956
599,26.223,26.023
600,26.162,25.965
601,26.149,25.953
602,26.150,25.948
603,26.135,25.939
604,26.158,25.964
605,26.185,25.978
606,26.196,25.991
607,26.197,25.997
608,26.165,25.965
609,26.167,25.972
610,26.163,25.971
611,26.192,25.996
612,26.172,25.983
613,26.178,25.988
614,26.143,25.940
615,26.141,25.941
616,26.160,25.961
617,26.146,25.954
618,26.148,25.955
619,26.124,25.929
620,26.122,25.922
621,26.106,25.917
622,26.100,25.905
623,26.130,25.928
624,26.122,25.922
625,26.081,25.885
626,26.039,25.845
627,26.001,25.804
628,25.946,25.759
629,25.895,25.707
630,25.857,25.671
631,25.817,25.633
632,25.848,25.659
633,25.867,25.684
634,25.896,25.718
635,25.891,25.709
636,25.891,25.716
637,25.863,25.691
638,25.918,25.738
639,25.891,25.716
640,25.893,25.717
641,25.937,25.760
642,25.917,25.741
643,25.998,25.820
644,26.005,25.818
645,26.007,25.824
646,26.069,25.890
647,26.175,25.991
648,26.229,26.030
649,26.220,26.034
650,26.161,25.976
651,26.148,25.967
652,26.165,25.984
653,26.162,25.975
654,26.151,25.963
655,26.154,25.968
656,26.155,25.975
657,26.156,25.976
658,26.150,25.964
659,26.153,25.974
660,26.118,25.943
661,26.087,25.909
662,26.072,25.898
663,26.091,25.911
664,26.089,25.903
665,26.049,25.881
666,26.017,25.849
667,25.980,25.815
668,26.001,25.840
669,26.025,25.861
670,26.031,25.871
671,26.007,25.846
672,25.968,25.807
673,25.941,25.779
674,25.945,25.796
675,25.948,25.791
676,25.936,25.785
677,25.934,25.780
678,25.905,25.740
679,25.936,25.778
680,25.921,25.768
681,25.941,25.785
682,25.946,25.797
683,25.926,25.777
684,25.948,25.795
685,25.953,25.802
686,25.990,25.844
687,26.006,25.862
688,26.023,25.879
689,26.012,25.868
690,25.986,25.841
691,26.018,25.869
692,26.022,25.886
693,25.986,25.845
694,25.946,25.810
695,25.868,25.735
696,25.794,25.668
697,25.664,25.539
698,25.598,25.472
699,25.582,25.467
700,25.529,25.409
701,25.423,25.310
702,25.501,25.395
703,25.634,25.531
704,25.810,25.701
705,25.920,25.810
706,25.992,25.885
707,26.059,25.947
708,26.009,25.907
709,25.993,25.894
710,26.019,25.910
711,26.034,25.921
712,26.101,25.981
713,26.199,26.065
714,26.198,26.066
715,26.311,26.170
716,26.350,26.207
717,26.352,26.205
718,26.374,26.209
719,26.393,26.246
720,26.412,26.264
721,26.450,26.298
722,26.475,26.325
723,26.470,26.325
724,26.486,26.336
725,26.473,26.320
726,26.461,26.307
727,26.432,26.281
728,26.452,26.299
729,26.455,26.300
730,26.457,26.296
731,26.454,26.290
732,26.479,26.328
733,26.501,26.349
734,26.518,26.357
735,26.494,26.345
736,26.534,26.378
737,26.506,26.350
738,26.431,26.286
739,26.365,26.211
740,26.320,26.164
741,26.275,26.117
742,26.355,26.201
743,26.368,26.221
744,26.363,26.220
745,26.349,26.218
746,26.402,26.277
747,26.403,26.278
748,26.402,26.294
749,26.372,26.281
750,26.397,26.306
751,26.419,26.340
752,26.318,26.262
753,26.315,26.249
754,26.306,26.240
755,26.288,26.216
756,26.240,26.143
757,26.110,26.018
758,26.143,26.043
759,26.172,26.058
760,26.209,26.101
761,26.461,26.329
762,26.575,26.432
763,26.559,26.398
764,26.496,26.336
765,26.490,26.322
766,26.474,26.318
767,26.489,26.334
768,26.476,26.325
769,26.456,26.304
770,26.468,26.312
771,26.468,26.312
772,26.469,26.318
773,26.461,26.309
774,26.455,26.293
775,26.462,26.306
776,26.457,26.297
777,26.473,26.313
778,26.465,26.294
779,26.279,26.092
780,26.483,26.318
781,26.266,26.082
782,26.252,26.080
783,26.259,26.082
784,26.274,26.091
785,26.282,26.105
786,26.265,26.091
787,26.245,26.070
788,26.246,26.066
789,26.244,26.060
790,26.256,26.075
791,26.259,26.073
792,26.249,26.076
793,26.243,26.061
794,26.243,26.060
795,26.255,26.073
796,26.277,26.100
797,26.362,26.225
798,26.276,26.125
799,26.259,26.106
800,26.277,26.123
801,26.293,26.144
802,26.262,26.107
803,26.261,26.102
804,26.230,26.073
805,26.126,25.969
806,26.022,25.869
807,25.927,25.777
808,25.768,25.642
809,25.711,25.587
810,25.629,25.515
811,25.668,25.547
812,25.713,25.596
813,25.786,25.671
814,25.815,25.693
815,25.669,25.558
816,25.623,25.514
817,25.667,25.559
818,25.737,25.623
819,25.676,25.563
820,25.717,25.592
821,25.762,25.630
822,25.842,25.702
823,25.944,25.797
824,26.051,25.901
825,26.035,25.882
826,25.873,25.722
827,25.708,25.571
828,25.624,25.496
829,25.750,25.640
830,25.755,25.646
831,25.765,25.661
832,25.758,25.652
833,25.730,25.618
834,25.701,25.589
835,25.703,25.594
836,25.723,25.613
837,25.768,25.658
838,25.778,25.666
839,25.782,25.669
840,25.823,25.709
841,25.903,25.791
842,25.891,25.778
843,25.895,25.783
844,25.913,25.799
845,25.932,25.817
846,25.800,25.671
847,25.814,25.692
848,25.840,25.712
849,25.938,25.805
850,25.918,25.780
851,25.944,25.808
852,25.928,25.793
853,25.910,25.772
854,25.874,25.742
855,25.843,25.707
856,25.812,25.680
857,25.828,25.691
858,25.889,25.753
859,26.036,25.899
860,26.182,26.037
861,26.276,26.132
862,26.405,26.262
863,26.387,26.240
864,26.416,26.277
865,26.414,26.280
866,26.383,26.242
867,26.280,26.143
868,26.150,26.016
869,25.960,25.837
870,25.763,25.644
871,25.784,25.659
872,25.848,25.721
873,25.848,25.721
874,25.905,25.773
875,25.963,25.822
876,26.006,25.859
877,26.044,25.886
878,25.987,25.830
879,26.033,25.870
880,26.090,25.917
881,26.150,25.973
882,26.418,26.246
883,26.233,26.059
884,26.246,26.070
885,26.472,26.311
886,26.497,26.327
887,26.545,26.376
888,26.567,26.388
889,26.331,26.142
890,26.548,26.372
891,26.532,26.353
892,26.546,26.366
893,26.328,26.131
894,26.327,26.132
895,26.522,26.341
896,26.305,26.102
897,26.305,26.114
898,26.311,26.109
899,26.326,26.131
900,26.294,26.092
901,26.272,26.075
902,26.309,26.110
903,26.316,26.123
904,26.328,26.129
905,26.326,26.130
906,26.294,26.088
907,26.282,26.086
908,26.537,26.340
909,26.551,26.368
910,26.571,26.384
911,26.344,26.145
912,26.559,26.369
913,26.528,26.335
914,26.532,26.348
915,26.551,26.358
916,26.549,26.359
917,26.531,26.340
918,26.511,26.319
919,26.536,26.350
920,26.552,26.355
921,26.559,26.366
922,26.539,26.346
923,26.530,26.336
924,26.548,26.358
925,26.566,26.370
926,26.591,26.395
927,26.596,26.404
928,26.593,26.392
929,26.572,26.389
930,26.571,26.387
931,26.579,26.395
932,26.586,26.405
933,26.597,26.416
934,26.574,26.387
935,26.568,26.385
936,26.586,26.406
937,26.589,26.402
938,26.550,26.366
939,26.516,26.340
940,26.427,26.264
941,26.286,26.130
942,26.168,26.000
943,26.078,25.928
944,26.019,25.869
945,26.011,25.858
946,25.974,25.821
947,25.936,25.778
948,25.835,25.692
949,25.719,25.576
950,25.650,25.515
951,25.622,25.496
952,25.567,25.446
953,25.506,25.388
954,25.464,25.349
955,25.496,25.371
956,25.515,25.397
957,25.466,25.339
958,25.458,25.336
959,25.422,25.297
960,25.455,25.332
961,25.456,25.336
962,25.458,25.328
963,25.470,25.344
964,25.485,25.357
965,25.568,25.447
966,25.584,25.456
967,25.638,25.502
968,25.686,25.548
969,25.680,25.550
970,25.755,25.621
971,25.857,25.716
972,25.962,25.817
973,26.006,25.858
974,26.053,25.910
975,26.084,25.939
976,26.092,25.947
977,26.072,25.927
978,26.078,25.933
979,26.067,25.918
980,26.058,25.914
981,26.066,25.920
982,26.062,25.917
983,26.048,25.905
984,26.046,25.898
985,26.045,25.901
986,26.054,25.914
987,26.080,25.935
988,26.082,25.934
989,26.075,25.922
990,26.085,25.931
991,26.120,25.973
992,26.172,26.020
993,26.189,26.038
994,26.256,26.106
995,26.343,26.183
996,26.421,26.251
997,26.476,26.298
998,26.554,26.382
999,26.613,26.436
1000,26.663,26.491
1001,26.697,26.523
1002,26.743,26.565
1003,26.740,26.557
1004,26.736,26.560
1005,26.748,26.565
1006,26.751,26.571
1007,26.764,26.587
1008,26.742,26.561
1009,26.740,26.560
1010,26.739,26.566
1011,26.752,26.575
1012,26.748,26.566
1013,26.759,26.583
1014,26.732,26.554
1015,26.745,26.564
1016,26.752,26.576
1017,26.778,26.605
1018,26.769,26.591
1019,26.758,26.581
1020,26.754,26.580
1021,26.741,26.566
1022,26.762,26.585
1023,26.713,26.543
1024,26.637,26.480
1025,26.579,26.413
1026,26.520,26.358
1027,26.457,26.302
1028,26.413,26.258
1029,26.312,26.171
1030,26.248,26.103
1031,26.164,26.038
1032,26.093,25.973
1033,26.072,25.958
1034,26.116,26.014
1035,26.199,26.101
1036,26.122,26.020
1037,26.275,26.235
1038,26.389,26.338
1039,26.504,26.434
1040,26.599,26.512
1041,26.539,26.467
1042,26.591,26.508
1043,26.556,26.477
1044,26.479,26.392
1045,26.429,26.336
1046,26.304,26.205
1047,26.261,26.160
1048,26.203,26.107
1049,26.256,26.153
1050,26.351,26.234
1051,26.351,26.230
1052,26.337,26.217
1053,26.365,26.242
1054,26.395,26.272
1055,26.387,26.259
1056,26.373,26.239
1057,26.356,26.228
1058,26.333,26.208
1059,26.300,26.167
1060,26.269,26.132
1061,26.274,26.139
1062,26.278,26.138
1063,26.290,26.153
1064,26.264,26.120
1065,26.235,26.093
1066,26.227,26.082
1067,26.211,26.060
1068,26.234,26.081
1069,26.235,26.087
1070,26.255,26.101
1071,26.262,26.116
1072,26.081,25.922
1073,26.090,25.931
1074,26.107,25.945
1075,26.101,25.939
1076,26.096,25.930
1077,26.069,25.901
1078,26.089,25.914
1079,26.158,25.982
1080,26.218,26.037
1081,26.236,26.054
1082,26.253,26.066
1083,26.251,26.066
1084,26.303,26.113
1085,26.335,26.141
1086,26.368,26.171
1087,26.363,26.177
1088,26.361,26.163
1089,26.368,26.178
1090,26.380,26.188
1091,26.356,26.167
1092,26.367,26.174
1093,26.351,26.158
1094,26.341,26.147
1095,26.366,26.181
1096,26.365,26.165
1097,26.368,26.176
1098,26.373,26.174
1099,26.369,26.180
1100,26.377,26.178
1101,26.396,26.198
1102,26.404,26.211
1103,26.402,26.200
1104,26.626,26.445
1105,26.626,26.427
1106,26.643,26.451
1107,26.649,26.455
1108,26.650,26.455
1109,26.650,26.461
1110,26.629,26.425
1111,26.630,26.435
1112,26.622,26.427
1113,26.627,26.425
1114,26.623,26.429
1115,26.601,26.400
1116,26.612,26.421
1117,26.596,26.404
1118,26.612,26.413
1119,26.618,26.424
1120,26.596,26.397
1121,26.592,26.405
1122,26.592,26.398
1123,26.609,26.423
1124,26.628,26.424
1125,26.631,26.441
1126,26.625,26.429
1127,26.602,26.413
1128,26.611,26.428
1129,26.639,26.456
1130,26.639,26.441
1131,26.632,26.438
1132,26.607,26.415
1133,26.604,26.426
1134,26.599,26.410
1135,26.618,26.432
1136,26.619,26.433
1137,26.612,26.424
1138,26.579,26.388
1139,26.596,26.414
1140,26.616,26.428
1141,26.615,26.414
1142,26.634,26.438
1143,26.637,26.449
1144,26.639,26.450
1145,26.627,26.437
1146,26.647,26.461
1147,26.662,26.477
1148,26.634,26.446
1149,26.629,26.438
1150,26.630,26.443
1151,26.645,26.462
1152,26.651,26.453
1153,26.651,26.466
1154,26.655,26.472
1155,26.630,26.443
1156,26.658,26.473
1157,26.661,26.474
1158,26.657,26.468
1159,26.617,26.428
1160,26.561,26.369
1161,26.550,26.376
1162,26.516,26.335
1163,26.494,26.321
1164,26.455,26.283
1165,26.392,26.226
1166,26.339,26.171
1167,26.316,26.161
1168,26.286,26.124
1169,26.348,26.179
1170,26.373,26.208
1171,26.374,26.220
1172,26.328,26.176
1173,26.325,26.168
1174,26.360,26.209
1175,26.429,26.268
1176,26.470,26.305
1177,26.504,26.348
1178,26.532,26.376
1179,26.571,26.407
1180,26.578,26.417
1181,26.579,26.416
1182,26.554,26.388
1183,26.460,26.297
1184,26.416,26.260
1185,26.434,26.272
1186,26.402,26.247
1187,26.382,26.221
1188,26.397,26.234
1189,26.396,26.247
1190,26.420,26.263
1191,26.430,26.277
1192,26.445,26.292
1193,26.465,26.317
1194,26.470,26.319
1195,26.490,26.337
1196,26.527,26.369
1197,26.563,26.405
1198,26.597,26.442
1199,26.634,26.468
1200,26.656,26.489
1201,26.694,26.533
1202,26.749,26.593
1203,26.780,26.622
1204,26.789,26.633
1205,26.803,26.645
1206,26.777,26.607
1207,26.788,26.630
1208,26.811,26.647
1209,26.802,26.642
1210,26.787,26.621
1211,26.763,26.599
1212,26.763,26.609
1213,26.772,26.612
1214,26.754,26.586
1215,26.504,26.331
1216,26.501,26.328
1217,26.477,26.300
1218,26.484,26.311
1219,26.501,26.321
1220,26.506,26.325
1221,26.510,26.339
1222,26.724,26.552
1223,26.723,26.559
1224,26.753,26.585
1225,26.781,26.607
1226,26.770,26.591
1227,26.766,26.600
1228,26.750,26.580
1229,26.759,26.593
1230,26.771,26.600
1231,26.778,26.604
1232,26.784,26.615
1233,26.771,26.597
1234,26.761,26.595
1235,26.774,26.616
1236,26.787,26.619
1237,26.780,26.607
1238,26.773,26.607
1239,26.772,26.603
1240,26.771,26.600
1241,26.785,26.613
1242,26.780,26.598
1243,26.763,26.596
1244,26.761,26.591
1245,26.731,26.562
1246,26.722,26.559
1247,26.745,26.579
1248,26.726,26.545
1249,26.716,26.541
1250,26.442,26.253
1251,26.455,26.269
1252,26.439,26.249
1253,26.455,26.265
1254,26.428,26.233
1255,26.423,26.232
1256,26.399,26.212
1257,26.386,26.192
1258,26.380,26.184
1259,26.416,26.220
1260,26.412,26.225
1261,26.394,26.207
1262,26.355,26.162
1263,26.343,26.149
1264,26.358,26.173
1265,26.351,26.166
1266,26.357,26.173
1267,26.562,26.381
1268,26.550,26.377
1269,26.325,26.142
1270,26.555,26.369
1271,26.542,26.362
1272,26.536,26.355
1273,26.506,26.321
1274,26.498,26.320
1275,26.496,26.309
1276,26.494,26.319
1277,26.585,26.456
1278,26.547,26.417
1279,26.507,26.373
1280,26.488,26.357
1281,26.488,26.349
1282,26.454,26.317
1283,26.431,26.294
1284,26.408,26.263
1285,26.408,26.265
1286,26.423,26.278
1287,26.414,26.255
1288,26.410,26.259
1289,26.399,26.247
1290,26.375,26.216
1291,26.373,26.217
1292,26.374,26.213
1293,26.331,26.169
1294,26.343,26.187
1295,26.331,26.184
1296,26.327,26.162
1297,26.359,26.200
1298,26.358,26.184
1299,26.374,26.210
1300,26.340,26.166
1301,26.351,26.186
1302,26.343,26.186
1303,26.347,26.187
1304,26.364,26.202
1305,26.369,26.212
1306,26.357,26.198
1307,26.334,26.170
1308,26.368,26.201
1309,26.376,26.200
1310,26.382,26.214
1311,26.383,26.212
1312,26.367,26.198
1313,26.399,26.235
1314,26.411,26.240
1315,26.408,26.240
1316,26.433,26.263
1317,26.409,26.240
1318,26.427,26.249
1319,26.442,26.263
1320,26.464,26.288
1321,26.467,26.297
1322,26.456,26.278
1323,26.451,26.275
1324,26.446,26.269
1325,26.474,26.309
1326,26.483,26.316
1327,26.473,26.300
1328,26.483,26.315
1329,26.460,26.289
1330,26.493,26.320
1331,26.502,26.319
1332,26.505,26.341
1333,26.513,26.336
1334,26.510,26.341
1335,26.511,26.338
1336,26.533,26.365
1337,26.561,26.387
1338,26.575,26.406
1339,26.559,26.386
1340,26.556,26.389
1341,26.571,26.401
1342,26.572,26.401
1343,26.589,26.419
1344,26.590,26.426
1345,26.595,26.422
1346,26.569,26.400
1347,26.604,26.435
1348,26.620,26.450
1349,26.621,26.448
1350,26.618,26.442
1351,26.612,26.449
1352,26.605,26.437
1353,26.633,26.463
1354,26.651,26.480
1355,26.648,26.475
1356,26.631,26.460
1357,26.638,26.481
1358,26.652,26.485
1359,26.651,26.491
1360,26.672,26.507
1361,26.673,26.499
1362,26.661,26.494
1363,26.676,26.520
1364,26.697,26.535
1365,26.693,26.527
1366,26.715,26.551
1367,26.700,26.529
1368,26.697,26.538
1369,26.714,26.548
1370,26.724,26.560
1371,26.738,26.576
1372,26.741,26.585
1373,26.720,26.556
1374,26.733,26.574
1375,26.728,26.574
1376,26.702,26.540
1377,26.693,26.523
1378,26.684,26.521
1379,26.691,26.532
1380,26.685,26.521
1381,26.703,26.542
1382,26.710,26.557
1383,26.700,26.533
1384,26.695,26.541
1385,26.679,26.514
1386,26.694,26.533
1387,26.691,26.532
1388,26.692,26.534
1389,26.700,26.544
1390,26.674,26.517
1391,26.693,26.535
1392,26.703,26.555
1393,26.695,26.541
1394,26.704,26.553
1395,26.685,26.523
1396,26.686,26.536
1397,26.676,26.522
1398,26.701,26.538
1399,26.701,26.551
1400,26.687,26.525
1401,26.681,26.522
1402,26.669,26.507
1403,26.686,26.531
1404,26.691,26.537
1405,26.691,26.535
1406,26.687,26.537
1407,26.670,26.511
1408,26.687,26.528
1409,26.707,26.551
1410,26.706,26.551
1411,26.698,26.540
1412,26.702,26.554
1413,26.698,26.541
1414,26.709,26.546
1415,26.716,26.564
1416,26.705,26.546
1417,26.703,26.547
1418,26.693,26.534
1419,26.697,26.536
1420,26.718,26.559
1421,26.713,26.556
1422,26.713,26.557
1423,26.697,26.539
1424,26.712,26.554
1425,26.697,26.542
1426,26.685,26.521
1427,26.694,26.537
1428,26.673,26.510
1429,26.672,26.513
1430,26.640,26.478
1431,26.654,26.491
1432,26.628,26.464
1433,26.628,26.469
1434,26.575,26.413
1435,26.554,26.389
1436,26.544,26.379
1437,26.518,26.361
1438,26.513,26.359
1439,26.478,26.321
1440,26.449,26.296
1441,26.403,26.252
1442,26.378,26.229
1443,26.358,26.219
1444,26.348,26.198
1445,26.338,26.197
1446,26.320,26.181
1447,26.299,26.159
1448,26.300,26.165
1449,26.261,26.126
1450,26.079,25.930
1451,26.038,25.882
1452,26.035,25.882
1453,26.028,25.878
1454,26.039,25.887
1455,26.077,25.920
1456,26.067,25.917
1457,26.080,25.923
1458,26.089,25.931
1459,26.112,25.949
1460,26.137,25.983
1461,26.154,25.999
1462,26.116,25.959
1463,26.136,25.983
1464,26.159,26.005
1465,26.171,26.017
1466,26.147,25.985
1467,26.127,25.967
1468,26.098,25.940
1469,26.091,25.931
1470,26.118,25.966
1471,26.357,26.228
1472,26.371,26.227
1473,26.380,26.232
1474,26.416,26.268
1475,26.416,26.271
1476,26.442,26.298
1477,26.445,26.298
1478,26.462,26.320
1479,26.447,26.289
1480,26.470,26.326
1481,26.495,26.346
1482,26.532,26.384
1483,26.519,26.368
1484,26.528,26.373
1485,26.516,26.362
1486,26.523,26.374
1487,26.569,26.422
1488,26.544,26.396
1489,26.303,26.132
1490,26.300,26.133
1491,26.303,26.140
1492,26.297,26.131
1493,26.329,26.166
1494,26.333,26.172
1495,26.339,26.180
1496,26.351,26.182
1497,26.583,26.439
1498,26.606,26.469
1499,26.618,26.477
1500,26.602,26.455
1501,26.591,26.458
1502,26.599,26.458
1503,26.608,26.468
1504,26.623,26.478
1505,26.391,26.236
1506,26.406,26.252
1507,26.350,26.190
1508,26.358,26.202
1509,26.397,26.249
1510,26.406,26.261
1511,26.436,26.297
1512,26.413,26.278
1513,26.401,26.259
1514,26.408,26.270
1515,26.415,26.274
1516,26.401,26.252
1517,26.389,26.242
1518,26.409,26.275
1519,26.412,26.284
1520,26.645,26.521
1521,26.667,26.537
1522,26.671,26.539
1523,26.666,26.542
1524,26.709,26.593
1525,26.709,26.594
1526,26.759,26.659
1527,26.750,26.647
1528,26.787,26.693
1529,26.756,26.658
1530,26.734,26.630
1531,26.718,26.609
1532,26.696,26.581
1533,26.727,26.629
1534,26.791,26.682
1535,26.756,26.645
1536,26.760,26.655
1537,26.736,26.627
1538,26.681,26.567
1539,26.649,26.524
1540,26.663,26.555
1541,26.769,26.659
1542,26.775,26.670
1543,26.829,26.724
1544,26.771,26.661
1545,26.754,26.643
1546,26.723,26.595
1547,26.725,26.608
1548,26.766,26.645
1549,26.802,26.669
1550,26.808,26.671
1551,26.816,26.680
1552,26.871,26.740
1553,26.900,26.766
1554,26.939,26.812
1555,26.906,26.774
1556,26.846,26.714
1557,26.884,26.749
1558,26.953,26.820
1559,27.111,26.994
1560,27.149,27.021
1561,27.189,27.065
1562,27.182,27.059
1563,27.156,27.031
1564,27.159,27.040
1565,27.156,27.043
1566,27.143,27.028
1567,27.139,27.021
1568,27.130,27.012
1569,27.138,27.023
1570,27.132,27.019
1571,27.116,27.009
1572,27.067,26.961
1573,27.162,27.046
1574,27.076,26.963
1575,27.112,26.997
1576,27.112,27.003
1577,27.105,26.997
1578,27.054,26.951
1579,27.055,26.941
1580,27.022,26.910
1581,26.934,26.798
1582,26.889,26.751
1583,26.953,26.830
1584,26.847,26.733
1585,26.860,26.754
1586,26.825,26.717
1587,26.831,26.724
1588,26.832,26.725
1589,27.007,26.904
1590,26.972,26.876
1591,26.943,26.854
1592,26.970,26.890
1593,26.960,26.879
1594,26.975,26.893
1595,26.973,26.884
1596,26.909,26.823
1597,26.895,26.805
1598,26.909,26.833
1599,26.881,26.802
1600,26.883,26.807
1601,26.908,26.828
1602,26.907,26.832
1603,26.893,26.817
1604,26.941,26.868
1605,26.959,26.882
1606,26.969,26.894
1607,26.895,26.820
1608,26.906,26.847
1609,26.865,26.797
1610,26.825,26.763
1611,26.816,26.730
1612,26.783,26.686
1613,26.746,26.663
1614,26.792,26.714
1615,26.838,26.763
1616,26.782,26.720
1617,26.767,26.684
1618,26.733,26.658
1619,26.716,26.630
1620,26.729,26.654
1621,26.756,26.677
1622,26.854,26.777
1623,27.197,27.141
1624,26.848,26.803
1625,26.806,26.759
1626,26.804,26.741
1627,26.782,26.717
1628,26.771,26.713
1629,26.814,26.754
1630,26.723,26.666
1631,26.820,26.757
1632,26.862,26.794
1633,26.891,26.824
1634,27.082,27.045
1635,26.993,26.950
1636,27.381,27.369
1637,27.221,27.194
1638,27.149,27.112
1639,26.967,26.915
1640,26.967,26.920
1641,26.953,26.902
1642,27.074,27.037
1643,27.001,26.961
1644,27.130,27.082
1645,27.144,27.092
1646,27.079,27.017
1647,27.140,27.089
1648,27.056,26.991
1649,27.000,26.928
1650,26.894,26.814
1651,26.933,26.853
1652,27.041,26.974
1653,27.030,26.943
1654,26.989,26.927
1655,26.959,26.900
1656,26.940,26.858
1657,26.810,26.725
1658,26.932,26.879
1659,26.947,26.897
1660,26.968,26.941
1661,26.981,26.927
1662,26.818,26.764
1663,26.840,26.796
1664,27.072,27.039
1665,26.878,26.855
1666,26.765,26.711
1667,26.898,26.856
1668,26.788,26.731
1669,27.046,27.006
1670,27.281,27.238
1671,27.037,26.999
1672,26.954,26.901
1673,26.915,26.870
1674,26.749,26.693
1675,26.821,26.779
1676,26.969,26.921
1677,27.093,27.053
1678,26.874,26.805
1679,26.871,26.803
1680,26.983,26.938
1681,26.814,26.740
1682,26.745,26.666
1683,26.782,26.716
1684,26.780,26.702
1685,27.277,27.202
1686,26.864,26.773
1687,26.902,26.817
1688,27.091,26.995
1689,27.028,26.949
1690,26.708,26.599
1691,26.716,26.591
1692,26.751,26.649
1693,26.683,26.582
1694,26.677,26.571
1695,26.690,26.591
1696,26.809,26.730
1697,27.242,27.187
1698,27.153,27.136
1699,26.768,26.712
1700,26.450,26.371
1701,26.693,26.599
1702,26.318,26.233
1703,26.419,26.333
1704,26.393,26.305
1705,26.518,26.424
1706,26.458,26.356
1707,26.553,26.459
1708,26.595,26.489
1709,26.654,26.531
1710,26.574,26.444
1711,26.787,26.671
1712,26.610,26.487
1713,26.679,26.557
1714,26.598,26.471
1715,26.629,26.509
1716,26.686,26.572
1717,26.581,26.460
1718,26.632,26.520
1719,26.531,26.405
1720,26.754,26.648
1721,26.535,26.434
1722,26.891,26.760
1723,26.517,26.392
1724,26.410,26.279
1725,26.420,26.301
1726,26.336,26.206
1727,26.404,26.283
1728,26.308,26.172
1729,26.422,26.292
1730,26.283,26.171
1731,26.226,26.105
1732,26.235,26.103
1733,26.310,26.168
1734,26.236,26.102
1735,26.281,26.153
1736,26.304,26.167
1737,26.290,26.154
1738,26.280,26.152
1739,26.292,26.151
1740,26.322,26.172
1741,26.319,26.183
1742,26.330,26.185
1743,26.347,26.204
1744,26.382,26.247
1745,26.423,26.279
1746,26.442,26.304
1747,26.467,26.347
1748,26.321,26.179
1749,26.318,26.175
1750,26.503,26.372
1751,26.542,26.426
1752,26.593,26.474
1753,26.741,26.625
1754,26.699,26.577
1755,26.657,26.544
1756,26.573,26.472
1757,26.444,26.319
1758,26.534,26.419
1759,26.928,26.832
1760,26.859,26.776
1761,26.679,26.581
1762,26.691,26.583
1763,26.722,26.640
1764,26.771,26.687
1765,26.907,26.838
1766,26.775,26.715
1767,26.770,26.696
1768,26.829,26.751
1769,26.951,26.874
1770,26.766,26.665
1771,26.930,26.872
1772,27.070,27.016
1773,26.816,26.738
1774,26.915,26.861
1775,26.919,26.844
1776,26.988,26.944
1777,26.928,26.876
1778,27.134,27.087
1779,27.250,27.218
1780,26.829,26.760
1781,27.059,26.999
1782,26.927,26.879
1783,26.881,26.828
1784,26.839,26.778
1785,26.950,26.911
1786,26.892,26.825
1787,27.113,27.065
1788,27.132,27.083
1789,27.034,26.994
1790,26.854,26.804
1791,27.039,27.014
1792,26.809,26.773
1793,26.868,26.834
1794,26.908,26.887
1795,26.794,26.757
1796,26.843,26.815
1797,27.313,27.294
1798,27.043,27.035
1799,26.922,26.922
1800,26.777,26.754
1801,26.794,26.787
1802,26.865,26.876
1803,26.836,26.837
1804,26.814,26.797
1805,26.785,26.778
1806,26.691,26.690
1807,26.839,26.832
1808,26.829,26.821
1809,27.032,27.045
1810,26.927,26.926
1811,27.077,27.078
1812,27.154,27.174
1813,27.159,27.166
1814,27.124,27.142
1815,27.176,27.192
1816,27.136,27.151
1817,27.110,27.112
1818,27.176,27.195
1819,27.182,27.184
1820,27.238,27.226
1821,27.206,27.189
1822,27.169,27.163
1823,27.227,27.229
1824,27.310,27.314
1825,27.290,27.284
1826,27.319,27.290
1827,27.293,27.282
1828,27.290,27.285
1829,27.304,27.295
1830,27.318,27.309
1831,27.277,27.272
1832,27.306,27.287
1833,27.316,27.309
1834,27.286,27.283
1835,27.245,27.249
1836,27.195,27.183
1837,27.101,27.084
1838,27.162,27.146
1839,27.247,27.226
1840,27.287,27.264
1841,27.172,27.145
