0,7.778,10.400
1,7.757,10.361
2,7.755,10.360
3,7.755,10.351
4,7.778,10.388
5,7.757,10.348
6,7.770,10.368
7,7.766,10.359
8,7.726,10.297
9,7.725,10.293
10,7.740,10.333
11,7.738,10.305
12,7.718,10.288
13,7.720,10.283
14,7.694,10.241
15,7.673,10.211
16,7.693,10.225
17,7.697,10.245
18,7.682,10.211
19,7.661,10.179
20,7.671,10.198
21,7.615,10.140
22,7.604,10.116
23,7.623,10.140
24,7.606,10.116
25,7.603,10.102
26,7.623,10.131
27,7.601,10.090
28,7.626,10.126
29,7.625,10.128
30,7.578,10.061
31,7.608,10.097
32,7.622,10.104
33,7.675,10.180
34,7.715,10.241
35,7.740,10.254
36,7.778,10.274
37,7.821,10.345
38,7.831,10.352
39,7.825,10.348
40,7.825,10.350
41,7.803,10.326
42,7.792,10.319
43,7.773,10.311
44,7.733,10.262
45,7.722,10.264
46,7.679,10.201
47,7.636,10.172
48,7.623,10.159
49,7.599,10.150
50,7.542,10.065
51,7.530,10.062
52,7.519,10.063
53,7.470,10.016
54,7.397,9.942
55,7.386,9.927
56,7.394,9.928
57,7.346,9.879
58,7.329,9.856
59,7.272,9.808
60,7.260,9.787
61,7.221,9.746
62,7.191,9.705
63,7.171,9.693
64,7.170,9.695
65,7.173,9.712
66,7.114,9.638
67,7.110,9.637
68,7.080,9.613
69,7.038,9.551
70,7.022,9.535
71,6.966,9.480
72,6.904,9.401
73,6.873,9.375
74,6.969,9.452
75,6.970,9.454
76,6.978,9.466
77,6.917,9.404
78,6.911,9.407
79,6.905,9.410
80,7.024,9.538
81,7.089,9.604
82,7.085,9.593
83,7.067,9.587
84,7.034,9.544
85,7.043,9.557
86,7.024,9.537
87,7.028,9.543
88,7.010,9.521
89,7.006,9.525
90,6.989,9.502
91,6.963,9.470
92,6.984,9.510
93,6.951,9.462
94,6.958,9.488
95,6.984,9.540
96,6.938,9.466
97,6.960,9.512
98,7.140,9.703
99,7.190,9.758
100,7.203,9.734
101,7.198,9.750
102,7.199,9.757
103,7.217,9.762
104,7.233,9.766
105,7.314,9.832
106,7.356,9.868
107,7.333,9.838
108,7.396,9.893
109,7.494,10.006
110,7.563,10.064
111,7.659,10.160
112,7.697,10.202
113,7.632,10.126
114,7.618,10.105
115,7.662,10.168
116,7.593,10.093
117,7.631,10.137
118,7.663,10.174
119,7.704,10.211
120,7.735,10.248
121,7.737,10.257
122,7.637,10.167
123,7.619,10.153
124,7.641,10.178
125,7.632,10.147
126,7.658,10.177
127,7.680,10.189
128,7.655,10.144
129,7.639,10.141
130,7.606,10.104
131,7.591,10.111
132,7.592,10.101
133,7.564,10.059
134,7.531,10.040
135,7.577,10.146
136,7.561,10.134
137,7.543,10.096
138,7.563,10.128
139,7.565,10.122
140,7.578,10.153
141,7.626,10.222
142,7.588,10.145
143,7.533,10.060
144,7.549,10.089
145,7.562,10.117
146,7.589,10.146
147,7.593,10.142
148,7.619,10.151
149,7.605,10.120
150,7.601,10.149
151,7.624,10.151
152,7.615,10.128
153,7.652,10.194
154,7.635,10.172
155,7.624,10.144
156,7.650,10.178
157,7.678,10.234
158,7.661,10.192
159,7.701,10.232
160,7.701,10.218
161,7.705,10.224
162,7.711,10.220
163,7.760,10.280
164,7.783,10.287
165,7.772,10.282
166,7.795,10.325
167,7.798,10.328
168,7.803,10.333
169,7.796,10.327
170,7.778,10.306
171,7.783,10.327
172,7.778,10.320
173,7.802,10.343
174,7.832,10.388
175,7.840,10.374
176,7.859,10.411
177,7.850,10.374
178,7.900,10.429
179,7.947,10.487
180,7.998,10.536
181,8.048,10.588
182,8.105,10.656
183,8.146,10.683
184,8.202,10.767
185,8.143,10.722
186,8.052,10.618
187,7.969,10.535
188,7.904,10.495
189,7.802,10.383
190,7.699,10.290
191,7.610,10.239
192,7.485,10.092
193,7.415,10.027
194,7.365,9.976
195,7.360,9.977
196,7.341,9.963
197,7.304,9.902
198,7.276,9.899
199,7.245,9.864
200,7.358,9.965
201,7.352,9.946
202,7.355,9.954
203,7.281,9.881
204,7.276,9.888
205,7.265,9.871
206,7.260,9.866
207,7.232,9.832
208,7.238,9.828
209,7.244,9.836
210,7.248,9.831
211,7.243,9.815
212,7.247,9.833
213,7.247,9.836
214,7.241,9.827
215,7.283,9.873
216,7.307,9.899
217,7.338,9.957
218,7.364,9.962
219,7.365,9.969
220,7.415,10.024
221,7.421,10.001
222,7.477,10.045
223,7.495,10.055
224,7.498,10.064
225,7.496,10.063
226,7.486,10.025
227,7.475,10.001
228,7.475,9.998
229,7.474,10.000
230,7.459,9.971
231,7.479,10.013
232,7.473,9.992
233,7.438,9.945
234,7.442,9.962
235,7.450,9.964
236,7.416,9.917
237,7.429,9.947
238,7.425,9.933
239,7.420,9.915
240,7.432,9.934
241,7.458,9.968
242,7.449,9.968
243,7.472,9.980
244,7.460,9.971
245,7.470,9.994
246,7.456,9.974
247,7.432,9.935
248,7.406,9.908
249,7.402,9.903
250,7.396,9.891
251,7.372,9.864
252,7.369,9.864
253,7.407,9.923
254,7.416,9.924
255,7.392,9.885
256,7.428,9.928
257,7.426,9.914
258,7.452,9.938
259,7.452,9.938
260,7.434,9.908
261,7.451,9.938
262,7.444,9.918
263,7.402,9.877
264,7.338,9.806
265,7.292,9.758
266,7.296,9.751
267,7.312,9.776
268,7.297,9.753
269,7.289,9.742
270,7.311,9.766
271,7.314,9.752
272,7.349,9.802
273,7.396,9.851
274,7.413,9.872
275,7.446,9.906
276,7.510,9.986
277,7.514,9.966
278,7.526,9.982
279,7.569,10.037
280,7.554,10.031
281,7.578,10.056
282,7.564,10.038
283,7.623,10.109
284,7.596,10.058
285,7.613,10.101
286,7.606,10.089
287,7.441,9.918
288,7.400,9.872
289,7.407,9.889
290,7.422,9.894
291,7.445,9.916
292,7.433,9.889
293,7.447,9.904
294,7.464,9.927
295,7.465,9.929
296,7.475,9.921
297,7.477,9.921
298,7.473,9.919
299,7.473,9.912
300,7.513,9.982
301,7.485,9.935
302,7.485,9.959
303,7.435,9.879
304,7.436,9.885
305,7.472,9.939
306,7.453,9.901
307,7.444,9.899
308,7.436,9.880
309,7.440,9.880
310,7.440,9.884
311,7.433,9.872
312,7.433,9.874
313,7.435,9.880
314,7.456,9.910
315,7.446,9.889
316,7.475,9.938
317,7.461,9.908
318,7.483,9.934
319,7.480,9.932
320,7.501,9.960
321,7.468,9.909
322,7.443,9.878
323,7.434,9.872
324,7.431,9.887
325,7.426,9.872
326,7.415,9.868
327,7.385,9.837
328,7.376,9.828
329,7.372,9.838
330,7.357,9.832
331,7.338,9.797
332,7.286,9.755
333,7.316,9.804
334,7.293,9.767
335,7.303,9.781
336,7.299,9.785
337,7.291,9.780
338,7.293,9.786
339,7.304,9.810
340,7.298,9.795
341,7.301,9.804
342,7.295,9.803
343,7.254,9.768
344,7.278,9.770
345,7.269,9.747
346,7.300,9.795
347,7.281,9.765
348,7.256,9.733
349,7.262,9.737
350,7.270,9.767
351,7.249,9.736
352,7.244,9.738
353,7.228,9.709
354,7.263,9.747
355,7.248,9.730
356,7.204,9.679
357,7.196,9.669
358,7.187,9.676
359,7.189,9.679
360,7.205,9.701
361,7.212,9.712
362,7.246,9.776
363,7.212,9.721
364,7.216,9.729
365,7.228,9.744
366,7.238,9.748
367,7.232,9.741
368,7.220,9.716
369,7.216,9.731
370,7.212,9.730
371,7.360,9.867
372,7.384,9.895
373,7.362,9.867
374,7.416,9.922
375,7.390,9.916
376,7.325,9.839
377,7.336,9.850
378,7.278,9.796
379,7.216,9.733
380,7.354,9.862
381,7.411,9.941
382,7.404,9.915
383,7.456,9.959
384,7.511,10.054
385,7.443,9.965
386,7.330,9.857
387,7.275,9.804
388,7.253,9.781
389,7.451,9.966
390,7.562,10.067
391,7.759,10.257
392,7.792,10.289
393,7.901,10.405
394,7.980,10.490
395,7.977,10.519
396,8.219,10.758
397,8.258,10.785
398,8.134,10.674
399,8.185,10.716
400,8.273,10.816
401,8.223,10.760
402,8.277,10.825
403,8.285,10.829
404,8.189,10.719
405,8.258,10.799
406,8.272,10.795
407,8.326,10.858
408,8.327,10.865
409,8.319,10.878
410,8.294,10.845
411,8.274,10.826
412,8.237,10.792
413,8.174,10.727
414,8.145,10.705
415,8.131,10.694
416,8.123,10.685
417,8.151,10.734
418,8.172,10.770
419,8.221,10.837
420,8.172,10.753
421,8.212,10.813
422,8.195,10.773
423,8.238,10.822
424,8.228,10.813
425,8.214,10.797
426,8.262,10.854
427,8.243,10.819
428,8.281,10.876
429,8.291,10.889
430,8.294,10.894
431,8.268,10.850
432,8.270,10.856
433,8.316,10.941
434,8.319,10.899
435,8.330,10.919
436,8.328,10.907
437,8.334,10.899
438,8.389,10.978
439,8.400,10.966
440,8.442,11.015
441,8.413,10.946
442,8.501,11.070
443,8.495,11.037
444,8.498,11.047
445,8.470,11.020
446,8.459,10.999
447,8.440,10.984
448,8.407,10.941
449,8.398,10.937
450,8.368,10.900
451,8.324,10.848
452,8.313,10.848
453,8.297,10.816
454,8.296,10.803
455,8.269,10.770
456,8.263,10.768
457,8.228,10.711
458,8.228,10.720
459,8.204,10.694
460,8.161,10.618
461,8.137,10.623
462,8.101,10.590
463,8.042,10.506
464,8.042,10.518
465,8.006,10.468
466,8.007,10.488
467,7.986,10.454
468,7.980,10.447
469,7.958,10.417
470,7.951,10.401
471,7.935,10.380
472,7.896,10.332
473,7.908,10.356
474,7.873,10.323
475,7.853,10.292
476,7.818,10.253
477,7.818,10.263
478,7.759,10.178
479,7.752,10.180
480,7.743,10.176
481,7.719,10.150
482,7.744,10.186
483,7.694,10.141
484,7.671,10.126
485,7.660,10.121
486,7.656,10.118
487,7.595,10.040
488,7.606,10.076
489,7.609,10.083
490,7.568,10.029
491,7.563,10.025
492,7.529,9.983
493,7.504,9.961
494,7.496,9.957
495,7.478,9.945
496,7.454,9.910
497,7.425,9.887
498,7.419,9.886
499,7.403,9.876
500,7.380,9.845
501,7.378,9.855
502,7.391,9.881
503,7.375,9.860
504,7.376,9.869
505,7.398,9.901
506,7.389,9.888
507,7.367,9.850
508,7.403,9.907
509,7.415,9.932
510,7.397,9.904
511,7.396,9.884
512,7.383,9.896
513,7.380,9.891
514,7.340,9.833
515,7.359,9.862
516,7.345,9.845
517,7.342,9.820
518,7.341,9.841
519,7.343,9.841
520,7.269,9.725
521,7.311,9.781
522,7.350,9.818
523,7.303,9.760
524,7.290,9.738
525,7.296,9.767
526,7.276,9.722
527,7.267,9.730
528,7.250,9.731
529,7.277,9.761
530,7.233,9.698
531,7.241,9.716
532,7.233,9.702
533,7.251,9.732
534,7.238,9.706
535,7.220,9.694
536,7.261,9.753
537,7.242,9.716
538,7.206,9.671
539,7.223,9.686
540,7.220,9.687
541,7.222,9.690
542,7.225,9.703
543,7.199,9.678
544,7.197,9.695
545,7.154,9.643
546,7.190,9.695
547,7.216,9.725
548,7.175,9.661
549,7.168,9.669
550,7.138,9.636
551,7.137,9.647
552,7.135,9.655
553,7.121,9.635
554,7.101,9.609
555,7.099,9.622
556,7.084,9.572
557,7.058,9.549
558,7.050,9.552
559,7.025,9.510
560,7.002,9.506
561,6.966,9.445
562,6.957,9.441
563,6.954,9.434
564,6.954,9.441
565,6.958,9.440
566,7.007,9.497
567,7.002,9.498
568,6.995,9.476
569,6.999,9.502
570,6.980,9.494
571,6.967,9.492
572,6.955,9.476
573,6.923,9.441
574,6.915,9.437
575,6.839,9.376
576,6.815,9.350
577,6.831,9.378
578,7.002,9.542
579,7.044,9.577
580,7.087,9.635
581,7.067,9.619
582,7.079,9.656
583,7.063,9.618
584,7.068,9.633
585,7.087,9.658
586,7.069,9.627
587,7.092,9.661
588,7.128,9.696
589,7.123,9.689
590,7.110,9.668
591,7.103,9.671
592,7.070,9.618
593,7.091,9.641
594,7.073,9.608
595,7.071,9.607
596,7.078,9.626
597,7.079,9.621
598,7.087,9.637
599,7.083,9.624
600,7.066,9.617
601,7.072,9.630
602,7.110,9.665
603,7.145,9.709
604,7.135,9.707
605,7.137,9.711
606,7.125,9.686
607,7.103,9.672
608,7.113,9.692
609,7.066,9.628
610,7.052,9.617
611,7.077,9.655
612,7.038,9.595
613,7.054,9.649
614,7.218,9.798
615,7.277,9.883
616,7.313,9.924
617,7.293,9.892
618,7.283,9.877
619,7.283,9.893
620,7.312,9.935
621,7.294,9.907
622,7.304,9.929
623,7.339,9.977
624,7.348,9.991
625,7.340,9.986
626,7.348,9.983
627,7.308,9.924
628,7.319,9.953
629,7.318,9.949
630,7.311,9.936
631,7.336,9.974
632,7.337,9.968
633,7.332,9.956
634,7.359,9.994
635,7.405,10.031
636,7.641,10.276
637,7.667,10.273
638,7.661,10.247
639,7.756,10.361
640,7.725,10.305
641,7.777,10.379
642,7.781,10.371
643,7.801,10.400
644,7.810,10.421
645,7.821,10.437
646,7.822,10.435
647,7.832,10.431
648,7.858,10.470
649,7.838,10.437
650,7.873,10.484
651,7.871,10.491
652,7.873,10.483
653,7.731,10.362
654,7.695,10.299
655,7.724,10.346
656,7.792,10.416
657,7.843,10.472
658,7.861,10.484
659,7.851,10.468
660,7.900,10.540
661,7.901,10.533
662,7.758,10.370
663,7.729,10.359
664,7.701,10.318
665,7.767,10.406
666,7.804,10.452
667,7.786,10.414
668,7.786,10.405
669,7.771,10.394
670,7.794,10.424
671,7.794,10.439
672,7.791,10.423
673,7.771,10.410
674,7.706,10.330
675,7.694,10.330
676,7.675,10.311
677,7.622,10.261
678,7.623,10.266
679,7.583,10.211
680,7.544,10.163
681,7.516,10.124
682,7.491,10.120
683,7.484,10.119
684,7.432,10.044
685,7.423,10.056
686,7.409,10.027
687,7.396,10.037
688,7.400,10.020
689,7.372,9.986
690,7.388,10.025
691,7.402,10.044
692,7.368,10.001
693,7.383,10.025
694,7.385,10.041
695,7.493,10.124
696,7.519,10.150
697,7.559,10.185
698,7.441,10.064
699,7.425,10.047
700,7.405,10.038
701,7.400,10.024
702,7.366,9.999
703,7.343,9.967
704,7.326,9.951
705,7.315,9.954
706,7.293,9.921
707,7.289,9.905
708,7.302,9.932
709,7.310,9.938
710,7.287,9.911
711,7.287,9.913
712,7.305,9.932
713,7.282,9.889
714,7.311,9.939
715,7.276,9.898
716,7.247,9.846
717,7.262,9.872
718,7.277,9.913
719,7.251,9.867
720,7.254,9.876
721,7.230,9.819
722,7.238,9.824
723,7.246,9.829
724,7.303,9.888
725,7.326,9.906
726,7.312,9.864
727,7.335,9.887
728,7.353,9.888
729,7.378,9.931
730,7.398,9.954
731,7.416,9.978
732,7.419,9.963
733,7.411,9.961
734,7.423,9.975
735,7.416,9.971
736,7.428,9.978
737,7.422,9.978
738,7.431,9.995
739,7.414,9.960
740,7.448,10.001
741,7.427,9.973
742,7.487,10.067
743,7.476,10.045
744,7.473,10.044
745,7.499,10.074
746,7.453,10.005
747,7.475,10.041
748,7.520,10.101
749,7.509,10.083
750,7.517,10.086
751,7.509,10.068
752,7.519,10.078
753,7.504,10.072
754,7.453,9.999
755,7.479,10.017
756,7.498,10.061
757,7.474,10.016
758,7.489,10.043
759,7.499,10.038
760,7.519,10.064
761,7.533,10.088
762,7.570,10.134
763,7.557,10.115
764,7.560,10.125
765,7.562,10.119
766,7.567,10.130
767,7.578,10.137
768,7.630,10.174
769,7.656,10.213
770,7.665,10.218
771,7.706,10.268
772,7.694,10.255
773,7.578,10.152
774,7.553,10.143
775,7.528,10.123
776,7.600,10.199
777,7.585,10.180
778,7.594,10.191
779,7.612,10.218
780,7.598,10.192
781,7.598,10.197
782,7.628,10.224
783,7.619,10.226
784,7.627,10.218
785,7.617,10.215
786,7.643,10.257
787,7.636,10.241
788,7.639,10.244
789,7.653,10.263
790,7.694,10.300
791,7.715,10.330
792,7.734,10.335
793,7.742,10.332
794,7.750,10.358
795,7.740,10.337
796,7.754,10.354
797,7.769,10.398
798,7.819,10.439
799,7.840,10.463
800,7.855,10.483
801,7.848,10.461
802,7.800,10.413
803,7.720,10.333
804,7.692,10.294
805,7.659,10.271
806,7.662,10.274
807,7.640,10.246
808,7.594,10.188
809,7.612,10.210
810,7.612,10.199
811,7.624,10.207
812,7.633,10.194
813,7.664,10.237
814,7.673,10.237
815,7.689,10.237
816,7.668,10.206
817,7.721,10.270
818,7.733,10.291
819,7.774,10.344
820,7.787,10.340
821,7.804,10.363
822,7.830,10.382
823,7.845,10.401
824,7.865,10.421
825,7.817,10.344
826,7.820,10.362
827,7.818,10.371
828,7.822,10.387
829,7.803,10.341
830,7.793,10.353
831,7.769,10.315
832,7.738,10.275
833,7.715,10.280
834,7.723,10.285
835,7.704,10.282
836,7.716,10.288
837,7.696,10.253
838,7.703,10.265
839,7.722,10.280
840,7.736,10.310
841,7.758,10.334
842,7.787,10.355
843,7.819,10.385
844,7.880,10.452
845,7.920,10.481
846,7.952,10.514
847,7.912,10.461
848,7.897,10.435
849,7.923,10.473
850,7.902,10.468
851,7.756,10.309
852,7.695,10.243
853,7.639,10.205
854,7.588,10.156
855,7.531,10.093
856,7.438,9.993
857,7.377,9.918
858,7.378,9.942
859,7.361,9.919
860,7.350,9.897
861,7.329,9.861
862,7.316,9.839
863,7.343,9.892
864,7.333,9.863
865,7.338,9.873
866,7.329,9.860
867,7.329,9.855
868,7.327,9.851
869,7.317,9.842
870,7.320,9.854
871,7.295,9.816
872,7.276,9.786
873,7.291,9.813
874,7.272,9.781
875,7.272,9.798
876,7.250,9.760
877,7.230,9.744
878,7.265,9.802
879,7.243,9.767
880,7.224,9.734
881,7.222,9.735
882,7.198,9.711
883,7.172,9.681
884,7.163,9.667
885,7.116,9.612
886,7.141,9.662
887,7.124,9.638
888,7.101,9.616
889,7.070,9.579
890,7.040,9.541
891,7.055,9.567
892,7.059,9.575
893,7.035,9.535
894,7.027,9.544
895,7.031,9.523
896,7.053,9.544
897,7.021,9.506
898,7.003,9.490
899,6.974,9.462
900,6.977,9.453
901,6.980,9.462
902,6.960,9.454
903,6.914,9.386
904,6.934,9.436
905,6.910,9.390
906,6.903,9.415
907,6.905,9.407
908,7.065,9.570
909,7.099,9.605
910,7.125,9.625
911,7.077,9.585
912,7.084,9.610
913,7.079,9.606
914,7.096,9.627
915,7.081,9.596
916,7.116,9.652
917,7.092,9.622
918,7.094,9.633
919,7.092,9.616
920,7.077,9.607
921,7.090,9.621
922,7.081,9.622
923,7.060,9.596
924,7.064,9.588
925,7.088,9.626
926,7.058,9.582
927,7.037,9.573
928,7.066,9.622
929,7.018,9.553
930,7.038,9.578
931,7.022,9.572
932,6.989,9.533
933,6.974,9.528
934,6.939,9.481
935,6.941,9.496
936,6.923,9.476
937,6.898,9.440
938,6.911,9.460
939,6.904,9.449
940,6.911,9.461
941,6.947,9.531
942,6.941,9.529
943,6.982,9.586
944,6.981,9.580
945,7.027,9.642
946,7.024,9.629
947,7.077,9.681
948,7.174,9.773
949,7.235,9.819
950,7.264,9.841
951,7.284,9.849
952,7.280,9.851
953,7.312,9.873
954,7.301,9.835
955,7.314,9.838
956,7.315,9.843
957,7.313,9.827
958,7.333,9.842
959,7.312,9.803
960,7.304,9.797
961,7.315,9.819
962,7.302,9.791
963,7.295,9.789
964,7.282,9.746
965,7.297,9.785
966,7.298,9.784
967,7.288,9.766
968,7.298,9.779
969,7.277,9.746
970,7.277,9.745
971,7.272,9.731
972,7.255,9.710
973,7.247,9.712
974,7.225,9.659
975,7.285,9.775
976,7.269,9.728
977,7.262,9.720
978,7.243,9.688
979,7.255,9.716
980,7.208,9.661
981,7.180,9.615
982,7.132,9.556
983,7.113,9.551
984,7.080,9.534
985,7.030,9.470
986,7.047,9.499
987,7.042,9.482
988,7.030,9.468
989,6.997,9.441
990,7.014,9.455
991,6.996,9.429
992,7.004,9.459
993,6.995,9.441
994,7.001,9.431
995,7.032,9.469
996,7.032,9.485
997,7.035,9.483
998,7.034,9.493
999,7.021,9.478
1000,7.031,9.504
1001,7.025,9.483
1002,7.030,9.497
1003,7.013,9.461
1004,7.067,9.529
1005,7.070,9.528
1006,7.118,9.580
1007,7.116,9.570
1008,7.140,9.603
1009,7.125,9.579
1010,7.101,9.558
1011,7.111,9.570
1012,7.100,9.535
1013,7.129,9.573
1014,7.149,9.597
1015,7.173,9.618
1016,7.202,9.651
1017,7.217,9.667
1018,7.259,9.708
1019,7.169,9.627
1020,7.161,9.611
1021,7.195,9.657
1022,7.234,9.690
1023,7.302,9.788
1024,7.337,9.810
1025,7.342,9.816
1026,7.347,9.816
1027,7.341,9.804
1028,7.376,9.846
1029,7.343,9.790
1030,7.382,9.842
1031,7.386,9.871
1032,7.400,9.881
1033,7.389,9.845
1034,7.416,9.884
1035,7.426,9.890
1036,7.424,9.877
1037,7.415,9.879
1038,7.409,9.864
1039,7.365,9.816
1040,7.305,9.762
1041,7.278,9.719
1042,7.275,9.732
1043,7.234,9.681
1044,7.232,9.691
1045,7.227,9.688
1046,7.218,9.675
1047,7.190,9.649
1048,7.198,9.672
1049,7.190,9.660
1050,7.120,9.607
1051,7.001,9.489
1052,6.851,9.318
1053,6.759,9.242
1054,6.723,9.215
1055,6.969,9.468
1056,7.015,9.500
1057,7.122,9.651
1058,7.108,9.657
1059,7.162,9.699
1060,7.227,9.739
1061,7.287,9.820
1062,7.285,9.801
1063,7.264,9.788
1064,7.240,9.783
1065,7.200,9.742
1066,7.171,9.723
1067,7.215,9.769
1068,7.252,9.809
1069,7.279,9.869
1070,7.384,9.983
1071,7.434,10.034
1072,7.427,10.032
1073,7.428,10.055
1074,7.423,10.045
1075,7.445,10.118
1076,7.408,10.059
1077,7.371,10.033
1078,7.310,9.966
1079,7.276,9.947
1080,7.246,9.948
1081,7.247,9.944
1082,7.215,9.900
1083,7.218,9.931
1084,7.260,9.991
1085,7.286,10.006
1086,7.301,10.014
1087,7.362,10.099
1088,7.523,10.253
1089,7.601,10.308
1090,7.637,10.337
1091,7.577,10.303
1092,7.557,10.255
1093,7.514,10.215
1094,7.446,10.140
1095,7.378,10.047
1096,7.324,9.991
1097,7.281,9.945
1098,7.279,9.965
1099,7.271,9.916
1100,7.300,9.975
1101,7.308,9.976
1102,7.313,9.969
1103,7.338,9.985
1104,7.352,9.965
1105,7.466,10.131
1106,7.816,10.443
1107,7.779,10.354
1108,7.811,10.433
1109,7.755,10.381
1110,7.800,10.437
1111,7.870,10.552
1112,8.122,10.779
1113,8.068,10.708
1114,8.042,10.704
1115,7.929,10.581
1116,7.983,10.641
1117,7.958,10.606
1118,7.913,10.588
1119,7.913,10.555
1120,7.846,10.446
1121,7.817,10.405
1122,7.781,10.352
1123,7.794,10.386
1124,7.775,10.345
1125,7.813,10.406
1126,7.909,10.524
1127,8.031,10.638
1128,8.069,10.680
1129,8.077,10.667
1130,8.066,10.658
1131,8.059,10.633
1132,8.065,10.638
1133,8.100,10.678
1134,8.081,10.645
1135,8.134,10.692
1136,8.168,10.735
1137,8.183,10.746
1138,8.174,10.692
1139,8.196,10.719
1140,8.210,10.725
1141,8.216,10.738
1142,8.180,10.693
1143,8.148,10.636
1144,8.159,10.673
1145,8.139,10.632
1146,8.136,10.637
1147,8.114,10.631
1148,8.080,10.580
1149,8.088,10.593
1150,8.051,10.562
1151,8.048,10.574
1152,8.019,10.528
1153,8.020,10.533
1154,8.067,10.578
1155,8.076,10.576
1156,8.042,10.534
1157,8.006,10.488
1158,7.978,10.466
1159,7.925,10.404
1160,7.899,10.368
1161,7.828,10.292
1162,7.790,10.277
1163,7.710,10.202
1164,7.622,10.110
1165,7.546,10.043
1166,7.464,9.940
1167,7.408,9.898
1168,7.333,9.812
1169,7.297,9.774
1170,7.258,9.741
1171,7.263,9.754
1172,7.260,9.757
1173,7.269,9.755
1174,7.239,9.729
1175,7.238,9.730
1176,7.217,9.705
1177,7.203,9.709
1178,7.185,9.680
1179,7.152,9.655
1180,7.151,9.651
1181,7.151,9.662
1182,7.124,9.622
1183,7.106,9.601
1184,7.093,9.591
1185,7.094,9.588
1186,7.055,9.551
1187,7.051,9.536
1188,7.035,9.514
1189,7.019,9.524
1190,7.034,9.542
1191,7.024,9.534
1192,7.023,9.509
1193,7.027,9.524
1194,6.997,9.490
1195,7.004,9.494
1196,7.030,9.538
1197,6.995,9.479
1198,6.993,9.476
1199,7.008,9.516
1200,6.998,9.495
1201,6.943,9.430
1202,6.945,9.440
1203,6.959,9.467
1204,6.933,9.392
1205,6.918,9.389
1206,6.908,9.391
1207,6.869,9.324
1208,7.005,9.455
1209,7.006,9.455
1210,7.005,9.459
1211,6.912,9.357
1212,6.880,9.326
1213,6.879,9.340
1214,7.017,9.480
1215,7.035,9.480
1216,7.067,9.514
1217,7.054,9.512
1218,7.043,9.516
1219,7.027,9.509
1220,7.053,9.531
1221,7.074,9.581
1222,7.071,9.567
1223,7.081,9.580
1224,7.086,9.583
1225,7.089,9.615
1226,7.109,9.630
1227,7.089,9.595
1228,7.123,9.644
1229,7.087,9.595
1230,7.124,9.652
1231,7.103,9.621
1232,7.092,9.612
1233,7.070,9.587
1234,7.072,9.586
1235,7.047,9.555
1236,7.017,9.524
1237,7.040,9.553
1238,7.039,9.553
1239,7.025,9.519
1240,7.059,9.567
1241,7.075,9.575
1242,7.083,9.580
1243,7.100,9.602
1244,7.131,9.638
1245,7.135,9.646
1246,7.177,9.698
1247,7.171,9.673
1248,7.202,9.716
1249,7.196,9.698
1250,7.213,9.711
1251,7.217,9.712
1252,7.223,9.723
1253,7.243,9.752
1254,7.248,9.751
1255,7.391,9.900
1256,7.424,9.943
1257,7.451,9.955
1258,7.478,10.000
1259,7.480,10.009
1260,7.472,9.987
1261,7.488,9.996
1262,7.495,10.001
1263,7.510,10.024
1264,7.523,10.048
1265,7.558,10.071
1266,7.714,10.224
1267,7.765,10.282
1268,7.763,10.301
1269,7.784,10.308
1270,7.774,10.298
1271,7.635,10.162
1272,7.619,10.163
1273,7.605,10.146
1274,7.517,10.078
1275,7.496,10.038
1276,7.474,10.016
1277,7.516,10.058
1278,7.534,10.060
1279,7.547,10.083
1280,7.547,10.073
1281,7.555,10.084
1282,7.578,10.102
1283,7.593,10.113
1284,7.642,10.165
1285,7.641,10.145
1286,7.663,10.161
1287,7.649,10.139
1288,7.662,10.152
1289,7.666,10.162
1290,7.645,10.141
1291,7.670,10.165
1292,7.672,10.189
1293,7.665,10.184
1294,7.658,10.187
1295,7.662,10.186
1296,7.655,10.174
1297,7.680,10.208
1298,7.705,10.229
1299,7.718,10.241
1300,7.740,10.258
1301,7.779,10.287
1302,7.817,10.321
1303,7.833,10.331
1304,7.900,10.406
1305,7.894,10.396
1306,7.922,10.451
1307,7.924,10.444
1308,7.946,10.482
1309,7.976,10.493
1310,8.012,10.525
1311,8.031,10.557
1312,8.012,10.539
1313,7.999,10.517
1314,8.014,10.541
1315,8.009,10.555
1316,7.998,10.539
1317,7.994,10.525
1318,7.978,10.508
1319,7.981,10.532
1320,7.948,10.491
1321,7.895,10.436
1322,7.903,10.463
1323,7.864,10.431
1324,7.868,10.439
1325,7.799,10.369
1326,7.820,10.406
1327,7.782,10.348
1328,7.752,10.307
1329,7.694,10.239
1330,7.702,10.265
1331,7.670,10.226
1332,7.646,10.193
1333,7.620,10.164
1334,7.604,10.158
1335,7.634,10.215
1336,7.584,10.137
1337,7.566,10.120
1338,7.559,10.132
1339,7.530,10.102
1340,7.469,10.028
1341,7.471,10.039
1342,7.450,10.023
1343,7.398,9.966
1344,7.393,9.975
1345,7.362,9.935
1346,7.326,9.876
1347,7.332,9.907
1348,7.312,9.885
1349,7.288,9.857
1350,7.278,9.860
1351,7.241,9.818
1352,7.221,9.789
1353,7.193,9.753
1354,7.181,9.761
1355,7.144,9.712
1356,7.087,9.661
1357,7.057,9.621
1358,7.023,9.587
1359,6.981,9.540
1360,6.945,9.533
1361,7.094,9.667
1362,7.101,9.680
1363,7.099,9.683
1364,7.013,9.596
1365,7.024,9.631
1366,6.985,9.591
1367,6.983,9.600
1368,6.973,9.579
1369,6.984,9.602
1370,7.148,9.760
1371,7.174,9.760
1372,7.221,9.820
1373,7.147,9.748
1374,7.132,9.725
1375,7.082,9.665
1376,7.077,9.678
1377,7.057,9.658
1378,7.023,9.611
1379,7.012,9.616
1380,7.007,9.597
1381,7.009,9.604
1382,7.045,9.630
1383,7.054,9.651
1384,7.087,9.677
1385,7.066,9.624
1386,7.118,9.678
1387,7.166,9.737
1388,7.204,9.773
1389,7.185,9.735
1390,7.218,9.772
1391,7.213,9.756
1392,7.245,9.801
1393,7.261,9.789
1394,7.309,9.847
1395,7.426,9.950
1396,7.459,9.972
1397,7.480,9.992
1398,7.536,10.058
1399,7.537,10.047
1400,7.451,9.968
1401,7.461,9.989
1402,7.468,9.994
1403,7.563,10.104
1404,7.588,10.113
1405,7.631,10.164
1406,7.510,10.049
1407,7.481,10.009
1408,7.417,9.942
1409,7.451,9.976
1410,7.481,10.004
1411,7.459,9.981
1412,7.479,10.000
1413,7.436,9.954
1414,7.443,9.992
1415,7.419,9.942
1416,7.375,9.904
1417,7.340,9.859
1418,7.312,9.835
1419,7.251,9.761
1420,7.247,9.770
1421,7.258,9.816
1422,7.211,9.742
1423,7.195,9.752
1424,7.174,9.728
1425,7.146,9.711
1426,7.116,9.698
1427,7.061,9.625
1428,7.062,9.635
1429,7.069,9.647
1430,7.047,9.621
1431,7.071,9.669
1432,7.069,9.667
1433,7.044,9.640
1434,7.084,9.696
1435,7.065,9.671
1436,7.236,9.834
1437,7.279,9.879
1438,7.401,10.002
1439,7.330,9.941
1440,7.323,9.910
1441,7.366,9.968
1442,7.380,9.985
1443,7.380,9.973
1444,7.353,9.952
1445,7.332,9.930
1446,7.317,9.940
1447,7.297,9.921
1448,7.266,9.881
1449,7.259,9.889
1450,7.255,9.876
1451,7.220,9.832
1452,7.220,9.844
1453,7.239,9.883
1454,7.262,9.887
1455,7.250,9.863
1456,7.237,9.858
1457,7.411,10.016
1458,7.453,10.053
1459,7.547,10.168
1460,7.459,10.081
1461,7.420,10.038
1462,7.453,10.074
1463,7.442,10.067
1464,7.496,10.137
1465,7.551,10.220
1466,7.684,10.334
1467,7.716,10.385
1468,7.709,10.348
1469,7.728,10.352
1470,7.746,10.380
1471,7.742,10.373
1472,7.741,10.352
1473,7.737,10.344
1474,7.768,10.375
1475,7.768,10.374
1476,7.837,10.456
1477,7.829,10.443
1478,7.865,10.501
1479,7.847,10.448
1480,7.904,10.521
1481,7.779,10.377
1482,7.752,10.336
1483,7.739,10.326
1484,7.665,10.233
1485,7.650,10.218
1486,7.679,10.258
1487,7.740,10.314
1488,7.729,10.293
1489,7.727,10.280
1490,7.647,10.209
1491,7.661,10.225
1492,7.637,10.194
1493,7.637,10.200
1494,7.616,10.182
1495,7.617,10.178
1496,7.619,10.182
1497,7.616,10.197
1498,7.597,10.152
1499,7.599,10.184
1500,7.606,10.195
1501,7.609,10.210
1502,7.643,10.247
1503,7.623,10.229
1504,7.654,10.285
1505,7.647,10.267
1506,7.675,10.299
1507,7.690,10.315
1508,7.698,10.322
1509,7.728,10.366
1510,7.727,10.364
1511,7.741,10.379
1512,7.746,10.391
1513,7.745,10.374
1514,7.768,10.397
1515,7.774,10.395
1516,7.781,10.414
1517,7.804,10.436
1518,7.777,10.400
1519,7.776,10.391
1520,7.811,10.456
1521,7.798,10.407
1522,7.803,10.423
1523,7.790,10.403
1524,7.816,10.430
1525,7.816,10.430
1526,7.804,10.417
1527,7.810,10.431
1528,7.793,10.406
1529,7.773,10.406
1530,7.756,10.398
1531,7.706,10.329
1532,7.695,10.325
1533,7.627,10.254
1534,7.624,10.256
1535,7.597,10.229
1536,7.595,10.244
1537,7.582,10.228
1538,7.576,10.234
1539,7.560,10.225
1540,7.534,10.183
1541,7.523,10.181
1542,7.515,10.176
1543,7.507,10.157
1544,7.521,10.181
1545,7.503,10.150
1546,7.478,10.124
1547,7.483,10.126
1548,7.483,10.148
1549,7.508,10.182
1550,7.474,10.157
1551,7.458,10.125
1552,7.452,10.123
1553,7.455,10.149
1554,7.450,10.164
1555,7.438,10.171
1556,7.420,10.142
1557,7.394,10.120
1558,7.398,10.109
1559,7.373,10.076
1560,7.356,10.044
1561,7.366,10.060
1562,7.378,10.079
1563,7.357,10.067
1564,7.385,10.095
1565,7.355,10.058
1566,7.348,10.050
1567,7.349,10.068
1568,7.332,10.035
1569,7.324,10.042
1570,7.303,10.009
1571,7.286,9.998
1572,7.255,9.937
1573,7.266,9.966
1574,7.352,10.020
1575,7.368,10.054
1576,7.408,10.105
1577,7.326,9.983
1578,7.330,10.003
1579,7.319,9.987
1580,7.320,9.998
1581,7.324,9.998
1582,7.289,9.948
1583,7.317,9.975
1584,7.341,10.009
1585,7.329,10.002
1586,7.325,10.004
1587,7.318,10.001
1588,7.344,10.029
1589,7.342,10.022
1590,7.354,10.037
1591,7.365,10.036
1592,7.367,10.036
1593,7.408,10.112
1594,7.369,10.066
1595,7.389,10.084
1596,7.372,10.062
1597,7.343,10.017
1598,7.363,10.037
1599,7.390,10.067
1600,7.371,10.024
1601,7.410,10.066
1602,7.461,10.139
1603,7.433,10.081
1604,7.453,10.075
1605,7.469,10.086
1606,7.493,10.097
1607,7.487,10.092
1608,7.499,10.093
1609,7.513,10.103
1610,7.551,10.149
1611,7.543,10.114
1612,7.570,10.138
1613,7.586,10.155
1614,7.622,10.187
1615,7.646,10.221
1616,7.659,10.224
1617,7.660,10.227
1618,7.670,10.224
1619,7.687,10.274
1620,7.631,10.188
1621,7.626,10.170
1622,7.668,10.246
1623,7.630,10.176
1624,7.694,10.266
1625,7.671,10.230
1626,7.700,10.287
1627,7.714,10.300
1628,7.722,10.288
1629,7.718,10.289
1630,7.779,10.360
1631,7.633,10.209
1632,7.605,10.175
1633,7.661,10.247
1634,7.677,10.249
1635,7.721,10.300
1636,7.716,10.268
1637,7.779,10.333
1638,7.803,10.347
1639,7.851,10.399
1640,7.891,10.428
1641,7.897,10.431
1642,7.884,10.424
1643,7.889,10.418
1644,7.881,10.423
1645,7.891,10.452
1646,7.866,10.400
1647,7.937,10.504
1648,7.911,10.467
1649,7.887,10.452
1650,7.899,10.482
1651,7.884,10.443
1652,7.912,10.500
1653,7.918,10.512
1654,7.928,10.528
1655,7.912,10.506
1656,7.914,10.519
1657,7.926,10.536
1658,7.917,10.521
1659,7.920,10.532
1660,7.909,10.533
1661,7.881,10.500
1662,7.861,10.469
1663,7.848,10.463
1664,7.844,10.465
1665,7.838,10.454
1666,7.787,10.399
1667,7.807,10.432
1668,7.729,10.340
1669,7.763,10.408
1670,7.727,10.360
1671,7.713,10.350
1672,7.684,10.334
1673,7.639,10.290
1674,7.614,10.266
1675,7.615,10.280
1676,7.714,10.373
1677,7.673,10.325
1678,7.658,10.319
1679,7.521,10.198
1680,7.431,10.109
1681,7.393,10.101
1682,7.431,10.121
1683,7.462,10.161
1684,7.444,10.144
1685,7.380,10.076
1686,7.368,10.087
1687,7.360,10.067
1688,7.510,10.213
1689,7.568,10.271
1690,7.572,10.293
1691,7.509,10.221
1692,7.494,10.216
1693,7.492,10.216
1694,7.473,10.199
1695,7.473,10.205
1696,7.453,10.167
1697,7.419,10.125
1698,7.404,10.111
1699,7.378,10.079
1700,7.502,10.192
1701,7.521,10.193
1702,7.549,10.240
1703,7.479,10.162
1704,7.441,10.134
1705,7.423,10.109
1706,7.521,10.223
1707,7.521,10.222
1708,7.560,10.239
1709,7.546,10.255
1710,7.562,10.254
1711,7.630,10.320
1712,7.696,10.364
1713,7.787,10.492
1714,7.855,10.541
1715,7.946,10.634
1716,8.011,10.698
1717,8.038,10.729
1718,8.003,10.702
1719,8.047,10.730
1720,8.048,10.746
1721,7.994,10.683
1722,7.992,10.668
1723,8.014,10.705
1724,7.968,10.639
1725,7.940,10.609
1726,7.900,10.595
1727,7.954,10.636
1728,7.952,10.636
1729,7.930,10.592
1730,7.783,10.442
1731,7.741,10.407
1732,7.710,10.373
1733,7.748,10.401
1734,7.745,10.406
1735,7.735,10.389
1736,7.713,10.369
1737,7.720,10.379
1738,7.737,10.415
1739,7.733,10.399
1740,7.691,10.324
1741,7.729,10.370
1742,7.718,10.349
1743,7.726,10.365
1744,7.743,10.384
1745,7.781,10.415
1746,7.783,10.430
1747,7.783,10.416
1748,7.784,10.412
1749,7.797,10.420
1750,7.789,10.406
1751,7.767,10.402
1752,7.801,10.454
1753,7.802,10.446
1754,7.782,10.419
1755,7.811,10.465
1756,7.832,10.494
1757,7.783,10.430
1758,7.790,10.456
1759,7.803,10.464
1760,7.814,10.458
1761,7.809,10.443
1762,7.802,10.445
1763,7.802,10.443
1764,7.786,10.417
1765,7.754,10.376
1766,7.754,10.400
1767,7.750,10.398
1768,7.737,10.369
1769,7.735,10.392
1770,7.729,10.386
1771,7.703,10.359
1772,7.738,10.412
1773,7.737,10.414
1774,7.733,10.411
1775,7.735,10.419
1776,7.717,10.398
1777,7.729,10.420
1778,7.768,10.460
1779,7.771,10.470
1780,7.799,10.494
1781,7.814,10.524
1782,7.810,10.515
1783,7.857,10.559
1784,7.853,10.544
1785,7.844,10.550
1786,7.831,10.515
1787,7.853,10.547
1788,7.860,10.542
1789,7.835,10.498
1790,7.851,10.522
1791,7.864,10.549
1792,7.865,10.558
1793,7.891,10.594
1794,7.911,10.646
1795,7.876,10.589
1796,7.896,10.607
1797,7.908,10.618
1798,7.902,10.616
1799,7.903,10.613
1800,7.900,10.598
1801,7.935,10.655
1802,7.832,10.529
1803,7.853,10.571
1804,7.822,10.519
1805,7.828,10.519
1806,7.814,10.513
1807,7.807,10.508
1808,7.803,10.484
1809,7.781,10.458
1810,7.808,10.500
1811,7.806,10.480
1812,7.798,10.477
1813,7.807,10.489
1814,7.825,10.496
1815,7.836,10.509
1816,7.843,10.514
1817,7.867,10.516
1818,7.898,10.552
1819,7.896,10.557
1820,7.862,10.508
1821,7.839,10.486
1822,7.801,10.445
1823,7.760,10.396
1824,7.765,10.425
1825,7.753,10.394
1826,7.762,10.417
1827,7.769,10.413
1828,7.760,10.408
1829,7.781,10.441
1830,7.762,10.400
1831,7.739,10.371
1832,7.717,10.353
1833,7.715,10.360
1834,7.692,10.341
1835,7.693,10.358
1836,7.638,10.290
1837,7.632,10.258
1838,7.649,10.302
1839,7.634,10.287
1840,7.634,10.270
