0 448 190 40 53 0.75
1 449 189 40 54 0.76
2 454 191 34 52 0.53
3 456 186 33 56 0.79
3 441 184 18 58 0.44
4 451 189 39 53 0.77
5 449 185 41 57 0.49
6 454 190 35 53 0.54
7 451 188 38 55 0.84
8 445 189 44 54 0.49
9 446 185 43 59 0.45
10 446 188 43 55 0.76
11 451 184 36 61 0.57
12 449 187 40 57 0.88
12 386 192 10 29 0.34
13 442 184 46 61 0.90
13 438 183 28 61 0.48
13 386 191 10 29 0.32
13 383 191 9 28 0.31
14 442 187 45 59 0.91
14 384 192 8 28 0.42
15 444 184 43 61 0.90
15 382 192 9 28 0.46
15 438 183 26 61 0.42
15 380 191 8 29 0.31
16 450 183 35 62 0.61
16 438 187 21 58 0.51
17 439 184 46 62 0.74
17 436 183 28 62 0.48
17 380 195 9 28 0.30
18 441 183 44 64 0.75
18 437 181 23 65 0.70
19 433 188 52 59 0.82
20 432 184 50 63 0.53
21 437 188 46 61 0.81
21 436 185 30 63 0.50
22 433 188 52 62 0.85
23 430 188 51 61 0.75
23 606 156 31 102 0.56
23 372 193 10 28 0.34
23 430 187 29 60 0.32
24 430 187 50 61 0.63
24 596 152 41 104 0.56
24 357 167 16 42 0.35
25 593 132 44 126 0.92
25 429 188 48 61 0.72
25 428 187 29 61 0.41
26 589 142 47 112 0.50
26 369 195 9 29 0.45
26 426 184 37 63 0.37
27 580 120 56 139 0.92
27 438 186 39 67 0.77
27 424 187 29 62 0.65
28 576 116 60 140 0.82
28 423 190 53 60 0.81
28 578 144 60 203 0.58
29 571 114 65 142 0.76
29 574 117 64 290 0.74
29 431 188 43 63 0.72
29 540 111 92 137 0.31
30 567 121 70 280 0.93
30 421 187 53 65 0.82
31 568 122 67 263 0.92
31 418 188 52 64 0.79
31 559 109 76 143 0.41
31 417 187 30 64 0.36
32 559 130 76 260 0.97
32 429 188 38 64 0.63
32 553 116 78 135 0.31
33 549 126 85 253 0.93
33 428 184 40 71 0.89
33 356 197 10 27 0.57
33 415 186 25 65 0.48
34 545 141 87 230 0.92
34 414 189 53 64 0.77
34 354 197 9 27 0.58
34 357 198 9 28 0.51
34 414 188 32 64 0.44
35 558 157 64 205 0.64
35 353 197 9 28 0.46
36 540 140 79 193 0.83
36 349 195 9 31 0.54
36 352 196 9 31 0.53
36 407 191 35 60 0.41
37 414 191 46 63 0.89
37 535 135 97 224 0.87
37 348 197 10 30 0.73
37 351 198 10 30 0.53
37 407 193 26 62 0.46
38 519 134 107 223 0.94
38 406 192 51 64 0.78
38 404 192 28 63 0.57
38 348 198 9 28 0.49
38 419 186 32 71 0.35
39 513 137 113 222 0.96
39 406 195 50 60 0.84
39 343 198 9 29 0.53
39 347 198 8 31 0.44
39 403 189 35 65 0.35
40 509 129 109 233 0.97
40 339 196 9 30 0.59
40 341 197 9 30 0.51
40 402 190 48 64 0.34
41 505 135 105 203 0.94
41 399 192 50 63 0.86
41 337 198 10 28 0.64
41 396 191 33 64 0.58
41 500 122 82 126 0.48
41 341 199 9 28 0.42
42 497 132 102 205 0.93
42 337 197 9 31 0.63
42 393 199 56 59 0.46
42 334 197 10 29 0.37
43 495 130 96 232 0.85
43 393 191 49 65 0.77
43 333 200 9 26 0.66
43 390 193 32 61 0.38
44 492 139 89 224 0.93
44 386 191 56 64 0.83
44 329 197 9 28 0.53
44 331 198 9 27 0.41
44 388 190 34 65 0.39
45 484 134 89 225 0.97
45 397 192 42 65 0.87
45 385 191 28 64 0.72
45 326 198 10 27 0.61
45 330 199 10 27 0.35
46 479 137 87 215 0.98
46 397 194 40 62 0.72
46 323 197 9 28 0.50
46 383 195 27 61 0.45
46 328 196 8 31 0.36
47 471 136 85 231 0.89
47 387 193 47 64 0.85
47 380 192 32 62 0.42
47 323 198 9 27 0.40
47 320 197 9 28 0.36
48 464 139 79 227 0.97
48 383 194 47 62 0.87
48 318 197 9 29 0.69
49 457 128 87 242 0.93
49 382 192 46 66 0.90
49 313 199 9 26 0.36
50 451 140 76 231 0.94
50 377 195 48 62 0.86
50 311 197 8 30 0.35
51 443 145 83 226 0.93
51 377 193 43 66 0.74
51 308 201 11 26 0.43
51 312 201 10 27 0.39
51 334 196 12 47 0.33
52 438 147 78 222 0.88
52 371 193 47 67 0.88
52 366 194 31 65 0.44
53 432 144 75 221 0.92
53 363 194 50 68 0.82
53 358 193 36 67 0.60
54 429 149 72 212 0.94
54 369 194 42 69 0.90
55 423 159 71 198 0.79
55 355 197 53 66 0.72
56 361 197 44 64 0.88
56 416 135 72 222 0.84
57 394 149 85 195 0.96
57 357 195 41 69 0.67
57 361 189 24 74 0.52
57 346 194 28 68 0.40
58 400 147 71 191 0.93
58 360 191 28 74 0.55
59 384 153 80 179 0.97
59 350 205 41 60 0.69
60 382 148 76 186 0.95
60 348 193 28 73 0.46
60 334 198 41 67 0.33
61 376 145 73 188 0.88
62 372 144 70 192 0.93
63 360 148 74 183 0.70
64 353 150 73 178 0.69
65 347 156 69 178 0.65
66 340 157 61 181 0.85
67 331 157 61 177 0.89
68 321 150 66 202 0.80
69 311 152 66 182 0.90
70 301 157 69 169 0.90
71 295 152 65 180 0.91
72 284 160 67 165 0.96
73 277 159 63 175 0.97
74 268 159 64 173 0.92
75 259 163 65 174 0.95
76 250 170 62 170 0.98
77 242 167 61 175 0.94
77 252 228 43 118 0.36
78 231 153 64 185 0.84
78 259 264 25 91 0.51
78 251 246 36 105 0.45
79 223 160 63 176 0.95
80 213 165 61 176 0.92
81 201 167 68 168 0.93
82 193 167 67 158 0.88
83 180 170 74 140 0.93
84 174 171 57 142 0.96
85 164 172 54 153 0.96
85 148 206 11 38 0.49
86 154 174 57 146 0.97
86 611 184 22 86 0.93
87 145 171 51 159 0.94
87 607 188 21 81 0.85
88 135 177 50 155 0.92
88 602 192 24 82 0.81
89 124 175 53 149 0.92
89 597 193 24 78 0.88
90 591 196 26 75 0.95
90 109 181 51 145 0.89
91 584 191 32 82 0.98
91 98 177 53 152 0.96
92 87 178 54 152 0.98
92 575 194 37 78 0.97
93 567 199 37 74 1.00
93 78 181 49 147 0.96
94 560 202 37 72 1.00
94 63 180 53 153 0.93
95 552 201 39 72 0.99
95 49 183 47 132 0.91
95 614 211 22 81 0.84
96 545 200 38 73 0.99
96 605 204 31 139 0.93
96 36 186 47 144 0.86
96 71 173 68 102 0.35
96 610 196 24 109 0.32
97 539 202 34 71 0.99
97 591 197 45 152 0.95
97 26 190 43 131 0.92
98 534 200 30 72 0.99
98 581 197 52 155 0.98
98 11 189 43 135 0.89
99 528 197 28 76 0.97
99 571 196 62 149 0.91
99 4 195 36 134 0.60
99 44 180 62 99 0.36
100 560 175 69 182 1.00
100 523 194 25 79 0.96
100 1 189 26 151 0.79
101 542 177 79 179 1.00
101 516 198 22 76 0.93
101 30 196 55 83 0.44
102 521 186 86 169 0.99
102 509 193 22 78 0.62
103 515 186 78 176 0.99
104 498 191 79 168 0.99
104 5 201 39 83 0.90
104 4 197 21 81 0.38
105 488 182 70 178 0.99
106 475 183 67 176 0.98
107 461 174 66 188 0.99
108 448 177 67 186 0.98
109 432 178 69 186 0.98
110 412 181 82 184 0.98
111 396 179 88 191 0.99
112 379 179 87 193 0.99
113 366 180 87 192 0.97
114 346 181 93 190 0.99
115 327 181 101 192 1.00
116 310 180 98 194 0.99
117 292 185 94 188 0.99
118 270 191 95 181 0.96
119 252 184 79 189 0.99
119 333 202 28 76 0.76
120 230 189 82 183 0.99
120 319 205 31 75 0.93
121 216 175 73 201 0.99
121 309 203 29 76 0.91
122 207 174 64 204 0.99
122 296 203 33 79 0.80
123 174 167 76 214 0.99
123 286 204 33 77 0.97
124 158 173 73 209 1.00
124 270 203 39 77 0.98
125 132 174 82 210 1.00
125 256 197 42 83 0.98
126 109 176 86 210 1.00
126 244 194 38 89 0.96
127 90 172 84 214 1.00
127 238 199 30 60 0.36
128 72 175 85 211 1.00
128 225 194 29 66 0.56
129 47 179 90 207 1.00
129 213 190 28 68 0.59
130 19 172 93 212 1.00
130 200 183 25 68 0.42
131 4 168 85 217 1.00
132 0 172 71 215 1.00
133 1 192 43 184 0.95
133 11 189 26 195 0.81
134 151 186 22 61 0.32
135 138 185 23 63 0.52
150 2 86 57 128 0.46
224 231 167 22 47 0.60
226 227 166 24 47 0.57
232 212 166 21 48 0.36
233 210 163 25 51 0.32
234 207 163 27 53 0.44
235 208 166 21 45 0.53
236 204 165 26 48 0.72
238 203 166 20 47 0.30
246 190 161 21 52 0.32
247 185 163 25 52 0.36
250 184 163 25 51 0.40
265 411 173 11 43 0.33
266 462 185 32 59 0.66
275 418 168 9 40 0.52
275 415 168 10 42 0.44
276 419 168 9 40 0.49
277 418 168 9 40 0.67
278 417 169 11 38 0.70
278 420 170 10 35 0.48
278 414 170 10 37 0.39
279 417 168 11 39 0.68
279 414 169 9 38 0.31
280 416 167 12 45 0.51
281 417 167 12 42 0.39
283 6 100 56 124 0.36
285 418 166 11 38 0.46
286 417 164 12 42 0.32
287 418 163 15 42 0.67
288 418 163 12 41 0.39
289 418 164 11 42 0.42
290 418 163 11 44 0.47
291 418 160 10 46 0.37
291 0 164 25 75 0.34
292 0 172 24 67 0.58
292 417 160 12 47 0.43
294 418 159 12 47 0.42
294 518 169 26 75 0.40
295 417 161 12 45 0.59
295 518 169 28 84 0.39
296 417 159 14 47 0.56
297 418 161 12 46 0.59
299 527 168 28 80 0.34
302 527 168 34 74 0.37
304 2 131 33 90 0.41
312 56 159 16 33 0.48
318 583 164 41 119 0.77
319 589 165 41 121 0.85
320 593 159 39 133 0.88
321 596 164 38 121 0.88
322 602 165 30 125 0.87
332 422 154 14 52 0.63
334 422 154 13 52 0.37
335 423 155 13 54 0.56
336 422 155 14 52 0.75
337 424 156 12 51 0.46
338 425 154 12 53 0.57
339 424 156 13 53 0.78
339 421 158 13 51 0.36
340 425 154 12 55 0.45
341 425 155 11 53 0.55
349 426 149 14 61 0.44
349 431 146 12 64 0.35
355 431 143 13 64 0.46
362 430 144 15 65 0.74
393 320 141 38 52 0.55
484 341 112 38 58 0.42
485 347 121 31 48 0.34
486 346 121 32 47 0.50
487 349 122 28 45 0.42
488 348 125 28 43 0.41
516 147 147 11 40 0.38
526 109 143 20 49 0.95
527 107 146 19 50 0.87
528 103 145 21 48 0.64
529 95 146 23 46 0.88
530 92 147 20 50 0.92
531 89 149 20 51 0.87
532 83 149 24 48 0.91
532 31 74 25 39 0.33
533 79 149 23 52 0.81
533 29 75 28 40 0.50
533 82 149 17 29 0.36
534 75 150 25 46 0.83
534 79 152 21 30 0.43
535 75 152 16 45 0.70
535 75 152 14 26 0.31
538 53 154 19 53 0.87
539 41 155 27 56 0.79
540 35 155 24 57 0.89
541 34 155 17 60 0.60
541 28 155 26 66 0.33
542 16 154 28 25 0.45
542 11 153 40 57 0.34
544 6 158 21 76 0.31
557 52 170 16 52 0.38
557 80 167 10 34 0.36
559 32 157 19 68 0.41
559 510 178 11 40 0.38
559 468 162 10 45 0.32
562 517 170 10 45 0.42
563 516 182 6 34 0.43
565 519 173 9 46 0.32
567 519 162 10 48 0.39
568 389 147 14 47 0.35
597 417 163 13 40 0.31
601 418 164 14 40 0.43
602 419 164 13 41 0.52
603 82 130 21 79 0.37
605 583 179 13 37 0.46
605 419 164 9 41 0.45
609 589 179 16 37 0.63
610 592 179 15 37 0.58
612 595 177 16 40 0.43
614 425 162 11 45 0.51
614 599 180 16 37 0.48
615 424 159 11 47 0.51
615 601 180 16 37 0.35
616 424 160 12 48 0.71
617 424 162 12 44 0.49
618 423 160 12 48 0.75
618 607 178 16 41 0.44
618 420 160 11 47 0.30
619 609 179 16 40 0.76
620 610 180 17 38 0.39
674 610 180 13 38 0.57
694 12 189 14 46 0.32
725 82 130 19 86 0.43
726 83 126 25 88 0.31
728 80 123 20 93 0.38
730 78 129 22 87 0.57
731 78 133 21 82 0.57
732 78 131 23 83 0.37
747 420 158 19 47 0.35
775 213 155 16 36 0.49
775 424 155 18 46 0.35
777 423 156 18 45 0.67
778 424 156 17 45 0.49
789 269 167 11 24 0.30
793 425 154 16 45 0.40
800 204 149 13 46 0.53
802 204 149 15 45 0.52
807 203 144 16 46 0.49
808 203 144 16 44 0.45
809 202 143 17 48 0.61
809 160 139 17 39 0.37
811 202 141 21 48 0.36
824 203 140 16 44 0.38
825 202 139 18 47 0.43
826 202 139 18 46 0.41
827 201 137 17 51 0.73
829 202 140 18 44 0.60
863 433 147 13 41 0.45
864 433 148 13 41 0.46
865 433 148 13 40 0.45
866 434 148 12 41 0.46
867 433 149 12 38 0.46
868 434 149 12 39 0.46
869 434 150 12 37 0.55
869 430 153 11 35 0.32
870 435 147 12 41 0.53
871 434 150 12 38 0.42
872 435 148 11 40 0.48
873 435 147 11 41 0.39
874 435 147 12 40 0.56
875 433 148 14 40 0.56
876 434 148 13 41 0.56
877 434 148 12 41 0.49
878 434 147 13 42 0.50
879 434 147 13 42 0.47
880 435 147 12 44 0.43
881 435 147 12 42 0.37
882 436 148 11 41 0.32
887 436 149 11 40 0.40
928 540 177 20 44 0.46
929 539 174 23 42 0.60
930 538 175 23 47 0.51
932 438 166 10 36 0.39
934 539 173 27 45 0.62
935 540 176 22 42 0.39
954 447 155 25 51 0.37
958 566 175 24 35 0.38
963 577 175 21 35 0.48
963 447 170 10 38 0.35
964 448 179 9 31 0.42
967 587 175 17 38 0.41
974 595 179 23 37 0.33
977 597 172 25 51 0.62
978 603 177 21 42 0.44
979 603 176 24 43 0.70
981 609 173 23 46 0.35
982 611 173 23 47 0.39
984 615 174 20 47 0.49
1004 457 170 10 38 0.32
1006 457 173 10 34 0.48
1018 103 130 32 54 0.42
1042 191 171 8 27 0.38
1043 192 171 7 27 0.67
1045 191 173 7 27 0.55
1047 189 174 8 27 0.60
1048 189 174 9 25 0.64
1049 188 173 8 28 0.67
1050 189 173 8 27 0.71
1050 184 173 12 28 0.38
1051 188 174 8 26 0.57
1063 446 150 22 74 0.52
1075 456 154 20 74 0.69
1075 456 155 19 44 0.53
1076 457 155 19 51 0.65
1077 456 149 21 75 0.74
1078 459 152 19 66 0.61
1079 460 154 18 60 0.51
1081 460 148 19 60 0.40
1082 461 154 17 67 0.51
1083 461 155 18 72 0.73
1086 462 157 19 66 0.50
1086 461 159 19 37 0.39
1087 463 157 17 69 0.78
1088 463 155 19 71 0.68
1090 467 149 23 74 0.69
1091 462 155 22 68 0.66
1091 463 155 21 42 0.45
1093 470 151 20 57 0.60
1095 471 158 16 45 0.33
1104 498 171 12 46 0.32
1105 500 170 11 45 0.42
1106 504 169 13 48 0.58
1106 500 168 12 49 0.31
1107 505 169 15 49 0.72
1111 513 172 17 45 0.32
1117 235 165 16 31 0.31
1125 546 170 17 43 0.33
1126 549 172 23 42 0.44
1142 530 167 30 42 0.46
1143 535 165 31 48 0.63
1144 538 168 31 45 0.43
1145 541 166 34 48 0.76
1146 543 166 38 47 0.61
1147 550 166 38 47 0.58
1154 115 183 9 30 0.40
1159 563 183 9 26 0.31
1161 569 185 10 27 0.63
1161 567 183 10 30 0.53
1162 574 183 8 30 0.66
1162 571 183 9 30 0.50
1167 428 145 13 59 0.32
1170 597 172 21 49 0.36
1171 530 109 91 101 0.31
1173 603 173 22 50 0.37
1174 606 166 24 55 0.48
1174 407 147 14 61 0.38
1174 176 158 11 34 0.36
1174 172 157 12 34 0.36
1175 605 169 29 50 0.69
1176 583 183 11 27 0.46
1176 588 185 11 26 0.35
1179 588 161 26 51 0.35
1181 80 186 9 33 0.37
1184 168 164 9 26 0.34
1201 421 129 20 83 0.31
1202 43 186 10 35 0.56
1203 41 186 11 35 0.34
1204 422 133 20 79 0.47
1205 426 133 15 78 0.31
1206 30 184 12 37 0.40
1207 28 182 11 38 0.53
1208 25 181 13 40 0.49
1210 19 183 14 40 0.48
1210 427 133 22 79 0.38
1211 427 130 23 82 0.88
1211 16 182 14 42 0.75
1212 15 182 14 43 0.81
1212 428 133 22 79 0.35
1213 14 182 14 43 0.88
1213 428 132 22 80 0.50
1214 12 184 14 41 0.81
1214 426 129 27 84 0.47
1215 8 185 16 41 0.84
1215 15 185 10 41 0.49
1216 5 185 17 41 0.83
1216 15 184 6 43 0.48
1217 432 126 26 89 0.64
1217 6 183 14 42 0.36
1226 137 147 13 41 0.34
1227 434 125 29 92 0.63
1228 435 127 28 91 0.47
1250 446 118 37 99 0.39
1308 442 151 30 59 0.40
1310 445 154 28 59 0.33
1311 446 157 28 54 0.37
1415 378 133 23 62 0.68
1444 152 187 20 23 0.44
1465 553 0 83 169 0.57
1473 99 190 8 22 0.39
1473 91 190 8 22 0.31
1476 127 186 9 31 0.39
1478 595 4 41 138 0.40
1481 126 142 27 73 0.53
1482 127 143 26 73 0.45
1483 128 141 25 73 0.41
1496 117 143 28 74 0.60
1497 115 144 28 73 0.31
1498 556 180 18 34 0.72
1499 559 180 16 34 0.39
1502 80 192 10 30 0.47
1503 77 189 13 33 0.51
1503 569 180 18 43 0.50
1504 75 190 13 34 0.34
1505 573 179 19 56 0.55
1505 76 188 12 36 0.38
1505 605 189 29 44 0.34
1506 608 189 27 43 0.68
1507 615 192 20 40 0.43
1510 59 190 12 33 0.44
1510 63 188 11 34 0.35
1511 58 191 14 28 0.34
1520 28 189 12 37 0.67
1521 28 189 11 40 0.72
1522 24 188 13 41 0.54
1523 20 183 16 47 0.63
1524 17 186 14 46 0.53
1525 14 190 13 42 0.54
1528 5 184 14 45 0.65
1529 0 184 13 45 0.31
1531 0 186 8 42 0.30
1538 26 190 7 33 0.39
1538 16 191 9 34 0.38
1548 402 118 18 61 0.38
1549 401 114 18 61 0.54
1550 399 114 22 67 0.81
1551 401 113 19 65 0.43
1552 401 113 17 63 0.49
1553 403 110 17 68 0.35
1553 404 114 9 17 0.33
1569 123 157 20 22 0.32
1574 466 90 59 116 0.58
1575 407 98 28 70 0.56
1578 420 98 20 78 0.61
1585 422 86 18 77 0.51
1622 595 115 25 86 0.39
1626 601 108 27 74 0.30
1695 492 21 129 141 0.37
1728 24 191 17 43 0.39
1765 520 65 100 138 0.70
1770 475 49 149 162 0.36
1782 563 51 73 151 0.38
1783 562 120 43 92 0.72
1783 558 114 70 97 0.46
1785 566 116 44 99 0.44
1786 576 51 59 147 0.50
1787 576 59 59 157 0.30
1790 583 114 46 100 0.60
1791 591 76 44 134 0.37
1793 599 46 36 156 0.36
1794 604 45 32 166 0.39
1796 471 176 21 48 0.37
1812 428 186 11 46 0.39
1815 535 175 27 62 0.33
1848 610 190 22 52 0.34
1849 573 205 16 52 0.44
1928 597 92 29 47 0.36
1930 605 98 27 44 0.40
1944 352 138 20 40 0.35
1946 348 139 16 39 0.51
1947 346 138 17 40 0.66
1949 341 137 22 42 0.46
1965 150 134 32 50 0.42
1970 102 169 35 47 0.67
1971 103 170 33 46 0.34
