7 197 142 44 72 0.39
14 188 135 45 85 0.37
15 604 84 29 93 0.57
33 434 170 14 49 0.59
37 438 171 17 53 0.58
38 440 173 15 45 0.32
39 440 171 15 47 0.40
40 441 168 15 54 0.62
40 434 168 20 53 0.35
41 440 170 16 55 0.63
43 441 170 16 56 0.31
44 444 171 21 49 0.32
45 441 168 22 48 0.59
52 451 174 22 59 0.41
53 453 174 23 59 0.51
54 455 178 19 54 0.42
56 124 146 15 44 0.39
56 458 174 21 55 0.37
57 123 149 16 42 0.32
58 123 148 16 40 0.40
59 121 147 16 41 0.46
76 512 88 105 140 0.34
91 153 122 56 102 0.66
102 246 199 10 19 0.33
103 304 161 39 51 0.31
111 301 162 41 49 0.48
118 240 198 10 19 0.32
125 239 193 9 25 0.33
126 241 192 9 25 0.33
126 239 193 9 24 0.30
127 506 186 12 38 0.43
128 118 175 11 45 0.41
130 116 176 13 46 0.52
134 116 174 12 46 0.45
135 468 177 9 42 0.55
136 248 189 9 24 0.36
139 248 192 9 24 0.40
139 245 193 9 23 0.33
139 113 173 14 48 0.33
139 251 192 9 23 0.32
140 250 187 10 28 0.53
143 477 176 10 38 0.70
144 477 174 11 40 0.35
148 564 177 14 40 0.41
152 574 178 18 44 0.36
153 578 178 15 42 0.53
154 583 179 16 47 0.32
155 586 177 17 47 0.59
158 595 175 16 58 0.50
159 600 176 15 48 0.64
160 605 175 15 49 0.43
161 606 175 16 61 0.73
162 612 176 17 58 0.56
163 614 177 18 64 0.49
164 618 178 14 59 0.64
173 286 146 60 72 0.70
174 285 144 65 72 0.51
184 523 167 19 44 0.59
185 524 169 19 43 0.70
186 527 171 16 42 0.52
187 528 168 15 44 0.60
187 533 169 12 42 0.30
190 529 163 22 49 0.88
190 356 165 36 52 0.52
191 531 166 20 47 0.81
191 364 151 42 59 0.67
192 531 166 21 47 0.74
194 534 167 17 49 0.47
195 535 167 18 48 0.88
195 82 154 22 45 0.41
196 537 166 17 49 0.76
197 540 166 15 50 0.61
198 538 166 19 49 0.79
199 540 167 17 50 0.67
200 541 170 19 46 0.79
201 541 168 20 49 0.88
201 552 172 13 46 0.65
201 3 176 16 75 0.33
202 542 167 18 52 0.84
202 553 172 12 48 0.59
203 543 166 19 51 0.94
204 546 161 21 57 0.95
205 547 162 23 57 0.92
205 471 161 45 57 0.62
206 549 162 23 55 0.61
206 556 172 17 46 0.42
207 550 157 19 63 0.42
208 552 159 22 57 0.78
208 505 161 38 55 0.58
209 520 158 52 56 0.56
213 559 155 38 56 0.56
216 568 154 28 61 0.88
216 604 152 34 62 0.44
216 580 153 56 70 0.31
217 569 150 26 65 0.88
218 574 152 24 62 0.83
219 575 154 28 58 0.81
219 595 168 12 49 0.75
220 578 151 25 60 0.91
221 580 147 27 66 0.90
222 585 148 25 62 0.71
223 590 149 23 62 0.73
223 600 152 19 63 0.50
224 595 144 24 73 0.88
224 589 139 24 64 0.54
225 595 142 27 73 0.84
225 615 154 13 61 0.49
225 606 149 20 65 0.39
226 598 142 27 73 0.95
226 596 142 21 65 0.42
227 602 141 27 74 0.97
228 607 143 23 69 0.91
228 602 142 13 54 0.30
229 609 144 24 62 0.75
246 79 139 39 57 0.56
286 77 122 37 69 0.37
293 80 125 35 64 0.67
293 387 26 25 66 0.51
294 79 125 36 65 0.69
295 82 126 31 62 0.75
297 83 126 32 62 0.70
298 84 125 29 62 0.67
299 83 123 31 68 0.67
300 82 124 33 66 0.54
301 80 124 35 67 0.71
302 85 127 29 64 0.55
303 84 126 33 68 0.67
304 79 125 39 69 0.69
305 80 126 41 69 0.66
306 81 127 40 68 0.64
307 83 125 38 72 0.70
308 90 129 28 63 0.58
309 90 128 29 64 0.59
310 95 132 23 60 0.46
311 95 128 22 65 0.46
312 92 127 27 68 0.55
314 95 124 24 72 0.37
315 93 125 26 71 0.65
316 89 126 35 70 0.67
317 92 124 30 73 0.59
318 93 123 30 74 0.60
318 606 203 19 62 0.51
319 93 120 32 75 0.52
320 94 127 29 70 0.70
321 91 124 32 71 0.56
322 95 121 29 74 0.58
323 96 122 29 72 0.43
324 94 120 31 74 0.55
325 97 118 26 76 0.37
326 94 119 29 75 0.39
327 96 118 27 74 0.42
328 95 120 28 73 0.37
330 96 120 29 73 0.30
333 95 114 34 83 0.42
334 97 117 31 75 0.35
335 96 117 38 76 0.34
347 96 116 38 77 0.33
353 99 110 35 78 0.31
354 100 112 32 77 0.32
377 171 145 21 53 0.35
378 169 147 22 53 0.52
379 168 144 24 54 0.40
380 168 144 25 57 0.41
381 166 143 29 55 0.62
383 162 146 28 53 0.32
418 219 168 10 32 0.32
420 220 169 9 31 0.32
421 220 167 8 33 0.32
423 221 168 8 32 0.40
428 160 127 24 71 0.40
440 112 141 19 57 0.30
441 112 141 17 57 0.48
443 109 137 21 62 0.73
444 110 139 18 62 0.67
445 109 138 19 62 0.63
445 106 140 18 54 0.42
446 109 138 18 65 0.48
448 103 137 19 59 0.33
449 102 135 21 57 0.46
453 103 136 16 59 0.30
466 606 137 27 108 0.36
488 469 184 11 29 0.42
491 476 182 11 32 0.65
492 477 181 11 33 0.50
493 479 184 12 29 0.54
494 481 182 11 31 0.48
495 482 182 12 32 0.52
496 483 183 14 31 0.65
497 485 182 12 33 0.41
498 486 183 14 32 0.43
500 491 184 11 30 0.34
501 492 180 13 33 0.35
502 492 184 14 30 0.33
504 496 184 12 32 0.42
504 499 184 11 31 0.39
505 499 184 12 32 0.61
506 502 184 12 32 0.83
507 504 185 14 31 0.55
508 503 183 16 34 0.41
509 507 184 15 32 0.33
510 510 185 13 31 0.56
511 512 183 14 35 0.66
512 512 183 14 34 0.31
513 515 181 15 37 0.53
514 518 181 13 35 0.47
515 520 182 14 35 0.48
516 522 180 13 38 0.67
517 523 180 15 38 0.68
518 526 178 12 38 0.48
519 528 180 13 36 0.78
520 529 179 13 38 0.92
521 530 179 14 39 0.87
522 530 180 17 40 0.69
523 533 180 14 39 0.79
525 537 181 14 41 0.75
526 540 182 13 39 0.43
527 541 180 14 39 0.31
528 543 180 16 40 0.48
530 548 183 15 38 0.38
539 566 184 16 43 0.57
540 568 184 17 44 0.80
540 0 121 22 90 0.33
541 570 186 20 42 0.74
542 574 183 18 46 0.87
543 576 184 17 44 0.84
544 578 185 18 44 0.59
545 581 187 19 43 0.57
546 584 190 18 38 0.85
547 587 183 18 47 0.97
548 589 186 18 46 0.36
549 593 188 20 44 0.85
550 595 183 20 49 0.97
551 598 182 19 51 0.93
552 602 182 19 53 0.96
553 604 182 20 52 0.96
554 605 182 20 53 0.97
555 608 182 20 56 0.91
556 611 180 21 58 0.90
557 613 181 21 56 0.47
558 617 181 18 58 0.79
559 620 180 17 59 0.77
588 223 138 33 51 0.52
640 614 170 15 40 0.48
693 224 145 13 46 0.67
694 30 176 10 43 0.53
695 30 175 9 43 0.44
696 27 176 8 43 0.52
696 19 175 10 43 0.39
697 18 177 13 44 0.74
697 23 177 12 43 0.66
698 22 174 13 49 0.73
698 17 175 13 48 0.68
698 498 185 19 47 0.68
698 13 176 14 47 0.36
699 8 175 17 47 0.35
700 499 184 20 47 0.63
703 501 183 24 49 0.70
704 502 176 24 55 0.43
707 509 181 25 53 0.50
708 507 183 28 51 0.50
723 531 183 33 59 0.54
727 520 173 19 53 0.38
729 35 144 21 62 0.33
734 16 137 21 68 0.45
735 16 138 21 68 0.38
737 3 132 28 75 0.46
740 2 138 22 74 0.32
758 581 185 20 32 0.31
796 377 109 34 72 0.31
802 378 111 34 72 0.77
841 422 125 19 68 0.36
842 422 124 18 65 0.36
851 423 121 21 71 0.33
857 185 147 14 56 0.49
885 440 108 31 89 0.58
887 444 107 28 90 0.34
905 436 142 14 52 0.36
906 439 152 10 44 0.35
921 453 132 19 58 0.32
1059 423 137 34 54 0.33
1159 407 153 49 52 0.50
1181 4 175 82 105 0.38
1182 8 175 70 104 0.45
1183 10 178 59 104 0.75
1185 13 185 77 90 0.30
1187 17 179 87 106 0.61
1188 26 176 86 111 0.60
1189 26 176 90 112 0.35
1191 52 179 34 81 0.61
1201 105 179 30 56 0.46
1201 415 147 46 56 0.37
1203 103 179 69 85 0.38
1208 137 177 65 85 0.58
1209 140 181 65 83 0.67
1212 155 186 63 75 0.75
1213 162 172 43 86 0.72
1216 178 173 51 86 0.95
1217 178 163 55 100 0.81
1218 184 173 49 84 0.87
1221 197 175 46 81 0.78
1222 200 176 42 74 0.83
1223 202 179 45 76 0.93
1224 206 180 45 74 0.98
1225 210 177 46 81 0.97
1226 213 180 44 77 0.85
1227 215 181 48 69 0.83
1228 220 177 44 77 0.74
1229 223 182 44 75 0.89
1230 223 189 48 68 0.89
1231 227 187 45 66 0.91
1232 232 185 44 67 0.89
1233 237 181 39 70 0.84
1234 238 181 39 70 0.81
1235 240 181 38 73 0.73
1236 243 180 38 73 0.97
1237 247 185 37 67 0.96
1238 249 183 39 67 0.91
1238 249 184 29 54 0.36
1239 253 185 34 67 0.84
1240 254 180 36 75 0.94
1241 257 182 38 72 0.97
1242 259 182 38 70 0.98
1243 264 181 34 72 0.98
1244 264 187 35 64 0.96
1245 266 189 34 58 0.80
1246 268 187 35 60 0.85
1247 271 186 33 63 0.51
1248 274 186 33 59 0.64
1249 274 182 33 63 0.92
1250 276 183 34 61 0.87
1251 280 184 32 61 0.91
1252 281 182 32 61 0.97
1253 283 184 30 55 0.93
1254 284 185 30 61 0.94
1255 288 184 30 61 0.94
1256 289 188 30 60 0.96
1257 290 189 29 59 0.97
1258 291 188 29 59 0.97
1259 293 189 28 58 0.97
1260 294 188 29 57 0.97
1261 295 188 29 59 0.99
1262 296 188 28 56 0.97
1263 297 187 28 56 0.93
1264 298 190 28 53 0.85
1265 298 190 30 53 0.83
1266 301 187 28 53 0.87
1267 302 186 26 55 0.84
1268 304 185 25 53 0.89
1269 304 185 25 54 0.90
1270 305 186 25 53 0.93
1271 305 184 26 57 0.94
1272 305 185 26 52 0.94
1273 305 184 27 55 0.96
1274 307 184 25 55 0.97
1275 307 183 26 55 0.94
1276 307 184 27 55 0.97
1277 308 189 27 49 0.84
1278 311 188 25 50 0.83
1279 312 189 24 48 0.81
1280 312 187 25 49 0.79
1281 312 185 25 49 0.95
1282 313 187 24 49 0.90
1283 313 188 24 46 0.89
1284 314 186 24 48 0.85
1285 314 189 24 46 0.57
1286 314 189 24 44 0.63
1287 315 188 23 46 0.73
1288 316 186 21 48 0.81
1289 315 186 24 46 0.81
1290 316 188 24 45 0.82
1291 316 187 22 47 0.92
1292 316 187 22 46 0.94
1293 317 189 22 45 0.90
1294 317 188 22 45 0.96
1295 317 189 24 43 0.93
1296 317 189 25 43 0.92
1297 318 191 24 42 0.92
1298 318 189 23 43 0.91
1299 319 189 22 44 0.91
1300 319 190 22 42 0.77
1301 319 189 23 44 0.88
1302 319 190 24 42 0.54
1303 320 190 22 42 0.72
1304 320 191 22 40 0.53
1305 320 192 21 40 0.63
1306 320 191 21 40 0.54
1307 320 194 21 37 0.40
1308 320 191 23 40 0.65
1309 321 189 21 41 0.80
1310 320 190 24 41 0.83
1311 321 190 21 41 0.87
1312 320 189 23 42 0.92
1313 321 189 20 41 0.79
1314 321 188 21 43 0.93
1315 321 190 21 40 0.82
1316 321 188 20 41 0.91
1317 321 188 22 42 0.79
1318 321 189 22 41 0.79
1319 321 186 20 42 0.92
1320 321 188 22 40 0.80
1321 321 189 23 39 0.58
1322 321 187 20 40 0.64
1323 321 189 20 40 0.73
1326 321 192 21 36 0.41
1327 321 189 20 37 0.39
1328 321 191 20 38 0.38
1329 321 190 20 41 0.68
1330 320 188 22 40 0.41
1333 321 191 19 38 0.63
1334 320 192 20 35 0.42
1335 320 191 21 36 0.31
1336 320 191 21 36 0.54
1338 319 192 23 34 0.36
1339 319 191 22 36 0.57
1340 318 190 25 37 0.61
1342 319 190 21 37 0.74
1343 318 192 19 35 0.74
1344 318 192 19 35 0.76
1345 319 192 17 34 0.79
1346 319 193 16 32 0.68
1347 318 194 18 32 0.77
1348 318 194 18 33 0.84
1349 318 194 18 34 0.78
1350 318 194 18 33 0.88
1351 318 195 18 33 0.82
1352 318 193 18 33 0.79
1353 319 193 18 34 0.78
1354 319 193 19 35 0.80
1355 320 195 18 32 0.85
1356 319 195 19 33 0.83
1357 319 194 18 32 0.85
1358 320 194 18 32 0.85
1359 320 194 18 33 0.88
1360 321 195 16 31 0.85
1361 320 194 18 33 0.77
1362 321 195 17 30 0.57
1363 320 194 18 31 0.74
1364 321 193 17 33 0.81
1364 433 147 37 55 0.38
1365 322 194 16 32 0.80
1366 323 194 15 33 0.78
1367 321 194 16 31 0.77
1368 322 193 16 33 0.69
1369 322 193 16 33 0.88
1370 321 193 17 32 0.81
1371 322 194 16 32 0.88
1372 321 194 17 30 0.70
1373 322 194 15 31 0.78
1374 324 194 13 33 0.75
1375 323 193 15 33 0.77
1376 324 194 14 32 0.82
1377 324 194 14 32 0.80
1377 433 153 34 46 0.46
1378 324 194 13 31 0.79
1379 324 194 14 31 0.75
1379 437 150 32 49 0.34
1380 324 195 13 30 0.63
1381 324 193 13 34 0.59
1382 324 195 14 31 0.72
1383 324 193 14 32 0.82
1384 324 192 17 32 0.83
1385 324 194 15 31 0.61
1386 326 194 14 31 0.70
1388 326 193 15 32 0.59
1389 325 194 15 30 0.61
1390 326 194 15 30 0.67
1391 326 193 15 30 0.59
1392 326 195 16 28 0.65
1393 325 194 17 30 0.67
1394 326 192 16 31 0.85
1395 326 192 16 32 0.88
1396 326 193 16 30 0.92
1397 326 194 16 30 0.90
1398 327 194 14 29 0.87
1399 326 196 15 27 0.83
1400 327 195 13 27 0.75
1401 327 195 13 26 0.75
1402 327 196 15 26 0.65
1405 328 195 14 26 0.50
1406 329 195 13 25 0.55
1407 327 195 12 24 0.42
1408 329 196 14 24 0.62
1409 329 194 13 25 0.54
1410 328 193 16 27 0.71
1411 330 192 12 27 0.43
1411 335 195 10 25 0.37
1412 330 191 14 29 0.58
1412 335 194 10 26 0.38
1413 331 191 14 29 0.33
1414 333 191 11 28 0.34
1423 336 189 10 27 0.43
1447 327 183 11 26 0.60
1448 327 182 11 25 0.80
1449 327 183 11 24 0.59
1449 144 142 13 27 0.43
1450 328 180 9 27 0.33
1451 328 182 9 24 0.36
1452 328 180 9 25 0.58
1453 328 178 8 27 0.51
1459 322 174 13 30 0.44
1462 321 175 13 29 0.36
1463 321 175 12 30 0.33
1466 321 176 12 28 0.32
1468 316 177 14 26 0.42
1469 317 177 12 28 0.61
1470 317 176 12 28 0.59
1471 317 178 12 27 0.70
1472 316 178 13 27 0.58
1473 316 178 13 27 0.43
1474 316 179 14 25 0.61
1475 317 179 12 26 0.72
1475 539 1 96 172 0.37
1476 317 180 12 27 0.56
1476 534 1 99 179 0.43
1477 317 178 14 28 0.59
1478 317 178 15 29 0.49
1541 317 180 14 24 0.42
1543 600 10 38 102 0.34
1552 600 167 36 52 0.41
1553 610 167 25 50 0.41
1688 146 143 14 55 0.55
1688 145 143 14 36 0.41
1689 145 142 16 54 0.57
1690 144 146 14 34 0.30
1719 605 169 30 46 0.37
1720 604 175 31 46 0.36
1745 104 144 18 49 0.39
1745 108 142 19 54 0.37
1746 104 146 16 46 0.53
1747 103 150 14 46 0.56
1748 101 149 18 47 0.57
1749 435 115 23 53 0.66
1749 101 150 16 45 0.38
1752 93 152 15 48 0.72
1753 93 154 16 47 0.71
1754 215 152 15 49 0.47
1755 215 153 14 50 0.55
1760 83 153 18 51 0.63
1761 83 150 18 53 0.76
1761 90 146 17 57 0.43
1761 96 144 12 57 0.42
1766 80 149 20 57 0.46
1767 77 149 22 62 0.37
1768 77 151 20 60 0.42
1770 78 153 17 57 0.37
1771 77 151 18 58 0.68
1784 59 151 20 61 0.63
1789 54 149 18 66 0.50
1790 54 152 18 61 0.35
1791 52 150 19 64 0.52
1792 50 152 21 63 0.73
1793 48 149 20 66 0.58
1794 46 151 20 67 0.78
1795 46 151 21 65 0.31
1812 373 180 8 19 0.32
1814 507 117 25 67 0.30
