0,15.050,16.809
1,15.090,16.842
2,15.049,16.805
3,15.064,16.829
4,15.061,16.816
5,15.039,16.792
6,15.048,16.802
7,15.055,16.815
8,15.043,16.792
9,15.069,16.818
10,15.071,16.840
11,15.084,16.838
12,15.087,16.858
13,15.069,16.825
14,15.095,16.853
15,15.119,16.867
16,15.135,16.879
17,15.172,16.911
18,15.205,16.935
19,15.191,16.931
20,15.221,16.970
21,15.229,16.974
22,15.263,17.003
23,15.320,17.048
24,15.352,17.080
25,15.363,17.081
26,15.391,17.111
27,15.428,17.141
28,15.465,17.174
29,15.486,17.179
30,15.484,17.179
31,15.506,17.203
32,15.529,17.216
33,15.557,17.256
34,15.586,17.285
35,15.600,17.308
36,15.626,17.333
37,15.627,17.320
38,15.560,17.267
39,15.533,17.237
40,15.522,17.216
41,15.564,17.270
42,15.575,17.272
43,15.603,17.294
44,15.472,17.160
45,15.463,17.181
46,15.395,17.094
47,15.425,17.135
48,15.439,17.135
49,15.452,17.141
50,15.444,17.151
51,15.459,17.156
52,15.456,17.169
53,15.463,17.169
54,15.459,17.162
55,15.441,17.143
56,15.438,17.147
57,15.441,17.137
58,15.433,17.140
59,15.451,17.149
60,15.446,17.135
61,15.465,17.163
62,15.450,17.144
63,15.437,17.133
64,15.450,17.144
65,15.445,17.144
66,15.454,17.148
67,15.440,17.142
68,15.431,17.124
69,15.461,17.172
70,15.440,17.135
71,15.437,17.141
72,15.460,17.171
73,15.435,17.121
74,15.462,17.171
75,15.442,17.141
76,15.437,17.133
77,15.437,17.131
78,15.428,17.133
79,15.432,17.134
80,15.448,17.137
81,15.438,17.128
82,15.430,17.126
83,15.438,17.135
84,15.448,17.148
85,15.439,17.128
86,15.451,17.153
87,15.458,17.161
88,15.429,17.133
89,15.444,17.145
90,15.438,17.142
91,15.424,17.136
92,15.422,17.125
93,15.428,17.129
94,15.429,17.152
95,15.385,17.069
96,15.391,17.105
97,15.372,17.082
98,15.347,17.070
99,15.328,17.034
100,15.316,17.032
101,15.306,17.032
102,15.275,16.988
103,15.291,17.012
104,15.245,16.960
105,15.208,16.934
106,15.220,16.953
107,15.177,16.886
108,15.159,16.878
109,15.141,16.863
110,15.132,16.860
111,15.086,16.837
112,15.052,16.788
113,15.053,16.806
114,15.046,16.790
115,15.012,16.756
116,14.997,16.723
117,15.007,16.751
118,14.968,16.707
119,14.987,16.726
120,14.947,16.695
121,14.929,16.683
122,15.078,16.823
123,15.083,16.837
124,15.141,16.896
125,15.057,16.818
126,15.036,16.783
127,15.035,16.790
128,15.024,16.778
129,15.016,16.767
130,15.025,16.769
131,15.019,16.779
132,15.022,16.773
133,15.010,16.757
134,15.025,16.768
135,15.017,16.774
136,15.004,16.755
137,15.035,16.792
138,15.037,16.809
139,15.039,16.794
140,15.018,16.787
141,15.022,16.776
142,15.030,16.785
143,14.993,16.725
144,15.022,16.763
145,15.016,16.762
146,15.024,16.784
147,15.074,16.846
148,15.077,16.864
149,15.097,16.885
150,15.092,16.876
151,15.095,16.882
152,15.109,16.879
153,15.110,16.886
154,15.140,16.926
155,15.170,16.981
156,15.160,16.959
157,15.134,16.928
158,15.176,16.972
159,15.159,16.956
160,15.162,16.965
161,15.191,17.004
162,15.224,17.036
163,15.200,17.008
164,15.244,17.069
165,15.260,17.090
166,15.260,17.080
167,15.274,17.127
168,15.303,17.140
169,15.280,17.106
170,15.298,17.113
171,15.337,17.173
172,15.345,17.183
173,15.331,17.154
174,15.367,17.206
175,15.360,17.200
176,15.402,17.245
177,15.396,17.251
178,15.436,17.285
179,15.421,17.290
180,15.469,17.306
181,15.486,17.346
182,15.482,17.342
183,15.481,17.349
184,15.507,17.371
185,15.528,17.397
186,15.538,17.413
187,15.570,17.443
188,15.584,17.465
189,15.577,17.464
190,15.581,17.474
191,15.613,17.507
192,15.612,17.504
193,15.641,17.531
194,15.626,17.490
195,15.696,17.571
196,15.694,17.594
197,15.684,17.569
198,15.732,17.632
199,15.731,17.643
200,15.778,17.699
201,15.759,17.662
202,15.787,17.700
203,15.784,17.692
204,15.805,17.717
205,15.804,17.703
206,15.652,17.552
207,15.626,17.546
208,15.601,17.521
209,15.646,17.556
210,15.661,17.573
211,15.703,17.631
212,15.657,17.566
213,15.664,17.568
214,15.661,17.572
215,15.692,17.616
216,15.711,17.638
217,15.710,17.629
218,15.730,17.633
219,15.683,17.595
220,15.698,17.610
221,15.687,17.582
222,15.697,17.606
223,15.724,17.623
224,15.718,17.640
225,15.703,17.617
226,15.693,17.576
227,15.661,17.566
228,15.615,17.525
229,15.573,17.479
230,15.553,17.454
231,15.536,17.439
232,15.522,17.439
233,15.507,17.439
234,15.417,17.319
235,15.460,17.390
236,15.442,17.372
237,15.410,17.345
238,15.389,17.300
239,15.347,17.272
240,15.339,17.265
241,15.302,17.227
242,15.272,17.190
243,15.217,17.144
244,15.210,17.129
245,15.199,17.105
246,15.203,17.126
247,15.164,17.090
248,15.122,17.051
249,15.096,17.031
250,15.069,17.015
251,15.033,16.979
252,15.012,16.970
253,15.007,16.954
254,14.957,16.900
255,14.940,16.899
256,14.911,16.854
257,15.064,17.005
258,15.106,17.070
259,15.121,17.077
260,15.061,17.017
261,15.030,16.988
262,15.050,17.019
263,15.169,17.128
264,15.205,17.160
265,15.245,17.194
266,15.224,17.196
267,15.216,17.185
268,15.216,17.183
269,15.216,17.185
270,15.213,17.166
271,15.218,17.188
272,15.223,17.194
273,15.225,17.193
274,15.267,17.259
275,15.463,17.469
276,15.504,17.495
277,15.519,17.500
278,15.449,17.412
279,15.370,17.325
280,15.414,17.411
281,15.413,17.425
282,15.464,17.532
283,15.523,17.599
284,15.509,17.586
285,15.546,17.624
286,15.552,17.628
287,15.624,17.738
288,15.656,17.749
289,15.680,17.791
290,15.875,17.962
291,15.980,18.075
292,16.054,18.115
293,15.946,17.991
294,15.956,18.004
295,16.035,18.104
296,16.113,18.191
297,16.195,18.253
298,16.290,18.331
299,16.387,18.437
300,16.491,18.524
301,16.568,18.586
302,16.492,18.524
303,16.507,18.532
304,16.512,18.512
305,16.442,18.449
306,16.506,18.528
307,16.461,18.452
308,16.403,18.393
309,16.467,18.454
310,16.509,18.552
311,16.472,18.461
312,16.458,18.443
313,16.485,18.464
314,16.496,18.483
315,16.485,18.477
316,16.507,18.495
317,16.517,18.489
318,16.505,18.471
319,16.530,18.521
320,16.535,18.506
321,16.601,18.610
322,16.514,18.494
323,16.579,18.583
324,16.612,18.635
325,16.482,18.461
326,16.385,18.357
327,16.406,18.448
328,16.388,18.421
329,16.393,18.448
330,16.346,18.366
331,16.320,18.317
332,16.364,18.403
333,16.292,18.296
334,16.335,18.353
335,16.303,18.310
336,16.286,18.285
337,16.267,18.261
338,16.231,18.227
339,16.205,18.159
340,16.195,18.166
341,16.180,18.138
342,16.142,18.090
343,16.171,18.140
344,16.156,18.125
345,16.158,18.132
346,16.099,18.049
347,16.085,18.051
348,16.060,18.051
349,15.988,17.936
350,16.005,17.976
351,15.986,17.966
352,15.953,17.953
353,15.908,17.880
354,15.953,17.962
355,15.924,17.924
356,15.875,17.877
357,15.845,17.847
358,15.795,17.788
359,15.738,17.726
360,15.716,17.703
361,15.669,17.664
362,15.666,17.673
363,15.582,17.546
364,15.613,17.621
365,15.531,17.524
366,15.504,17.507
367,15.474,17.466
368,15.465,17.469
369,15.448,17.428
370,15.408,17.392
371,15.365,17.371
372,15.359,17.362
373,15.288,17.257
374,15.389,17.336
375,15.408,17.360
376,15.403,17.339
377,15.351,17.301
378,15.304,17.250
379,15.302,17.270
380,15.308,17.277
381,15.291,17.254
382,15.305,17.260
383,15.479,17.418
384,15.546,17.507
385,15.599,17.562
386,15.539,17.499
387,15.572,17.539
388,15.579,17.527
389,15.608,17.575
390,15.637,17.598
391,15.665,17.645
392,15.581,17.509
393,15.474,17.432
394,15.339,17.267
395,15.375,17.320
396,15.407,17.394
397,15.460,17.467
398,15.408,17.387
399,15.502,17.537
400,15.408,17.369
401,15.490,17.466
402,15.555,17.579
403,15.507,17.485
404,15.542,17.541
405,15.555,17.525
406,15.554,17.533
407,15.548,17.521
408,15.587,17.547
409,15.599,17.583
410,15.664,17.592
411,15.659,17.633
412,15.701,17.643
413,15.853,17.821
414,15.933,17.921
415,15.912,17.889
416,15.810,17.762
417,15.830,17.796
418,15.912,17.926
419,16.145,18.114
420,16.255,18.204
421,16.362,18.286
422,16.428,18.368
423,16.514,18.414
424,16.637,18.556
425,16.763,18.690
426,16.852,18.759
427,16.945,18.845
428,16.883,18.770
429,16.931,18.844
430,17.007,18.898
431,17.006,18.896
432,16.986,18.860
433,17.004,18.890
434,16.932,18.798
435,16.915,18.809
436,16.872,18.775
437,16.704,18.627
438,16.748,18.675
439,16.769,18.704
440,16.837,18.771
441,16.842,18.745
442,16.875,18.796
443,16.945,18.896
444,16.962,18.898
445,17.029,18.996
446,17.047,18.987
447,17.087,19.063
448,17.098,19.049
449,17.142,19.099
450,17.154,19.108
451,17.267,19.263
452,17.214,19.170
453,17.279,19.234
454,17.259,19.209
455,17.294,19.271
456,17.311,19.274
457,17.316,19.297
458,17.336,19.320
459,17.330,19.293
460,17.437,19.450
461,17.390,19.377
462,17.412,19.406
463,17.387,19.366
464,17.439,19.444
465,17.418,19.405
466,17.419,19.420
467,17.398,19.383
468,17.338,19.359
469,17.323,19.365
470,17.281,19.296
471,17.292,19.327
472,17.231,19.290
473,17.138,19.191
474,17.159,19.247
475,17.049,19.118
476,17.011,19.107
477,17.008,19.118
478,16.930,19.010
479,16.922,19.027
480,16.880,18.967
481,16.802,18.885
482,16.774,18.865
483,16.808,18.935
484,16.731,18.847
485,16.744,18.875
486,16.683,18.801
487,16.690,18.822
488,16.670,18.822
489,16.606,18.749
490,16.520,18.667
491,16.525,18.670
492,16.497,18.622
493,16.511,18.668
494,16.408,18.558
495,16.378,18.552
496,16.331,18.468
497,16.342,18.501
498,16.319,18.499
499,16.271,18.428
500,16.208,18.378
501,16.209,18.399
502,16.211,18.392
503,16.166,18.326
504,16.190,18.367
505,16.207,18.417
506,16.181,18.380
507,16.156,18.328
508,16.179,18.380
509,16.174,18.377
510,16.127,18.307
511,16.121,18.302
512,16.145,18.345
513,16.122,18.316
514,16.170,18.393
515,16.120,18.308
516,16.092,18.273
517,16.055,18.243
518,16.034,18.202
519,16.092,18.321
520,16.037,18.215
521,16.022,18.210
522,16.071,18.303
523,15.964,18.188
524,15.912,18.081
525,15.880,18.046
526,15.936,18.165
527,15.815,18.035
528,15.813,18.040
529,15.734,17.932
530,15.687,17.879
531,15.670,17.874
532,15.647,17.851
533,15.640,17.902
534,15.601,17.824
535,15.527,17.782
536,15.497,17.748
537,15.466,17.710
538,15.491,17.763
539,15.477,17.755
540,15.476,17.770
541,15.509,17.806
542,15.744,18.065
543,15.763,18.085
544,15.749,18.069
545,15.721,18.094
546,15.744,18.130
547,15.715,18.078
548,15.731,18.127
549,15.775,18.206
550,15.753,18.186
551,15.747,18.175
552,15.748,18.193
553,15.737,18.162
554,15.908,18.331
555,15.942,18.370
556,16.006,18.439
557,15.969,18.426
558,15.892,18.322
559,15.929,18.356
560,15.929,18.349
561,15.927,18.358
562,15.916,18.324
563,15.948,18.368
564,15.948,18.367
565,15.959,18.372
566,15.937,18.356
567,15.946,18.377
568,15.887,18.313
569,16.058,18.459
570,16.119,18.549
571,16.145,18.551
572,15.998,18.357
573,15.980,18.355
574,15.964,18.329
575,16.014,18.428
576,15.997,18.402
577,16.001,18.420
578,16.143,18.545
579,16.184,18.604
580,16.291,18.728
581,16.124,18.471
582,16.088,18.439
583,16.177,18.568
584,16.209,18.575
585,16.295,18.651
586,16.347,18.652
587,16.454,18.752
588,16.526,18.823
589,16.574,18.824
590,16.575,18.878
591,16.620,18.936
592,16.642,18.896
593,16.593,18.871
594,16.665,18.927
595,16.678,18.983
596,16.601,18.876
597,16.625,18.901
598,16.606,18.916
599,16.543,18.847
600,16.536,18.843
601,16.568,18.902
602,16.596,18.882
603,16.577,18.861
604,16.581,18.882
605,16.631,18.951
606,16.670,19.028
607,16.612,18.935
608,16.674,19.017
609,16.695,19.029
610,16.721,19.085
611,16.722,19.034
612,16.709,19.008
613,16.751,19.077
614,16.751,19.074
615,16.705,18.998
616,16.722,18.996
617,16.724,19.036
618,16.721,19.023
619,16.698,18.968
620,16.690,18.957
621,16.720,19.023
622,16.751,19.055
623,16.688,18.971
624,16.680,18.985
625,16.649,18.940
626,16.639,18.932
627,16.637,18.908
628,16.604,18.857
629,16.615,18.900
630,16.574,18.830
631,16.562,18.820
632,16.625,18.898
633,16.616,18.881
634,16.613,18.868
635,16.579,18.857
636,16.663,18.944
637,16.663,18.962
638,16.640,18.956
639,16.599,18.904
640,16.544,18.836
641,16.510,18.811
642,16.481,18.761
643,16.482,18.749
644,16.426,18.706
645,16.461,18.764
646,16.463,18.763
647,16.425,18.718
648,16.360,18.640
649,16.349,18.624
650,16.353,18.650
651,16.314,18.601
652,16.318,18.617
653,16.323,18.649
654,16.324,18.666
655,16.291,18.608
656,16.280,18.597
657,16.292,18.592
658,16.267,18.578
659,16.242,18.578
660,16.219,18.518
661,16.201,18.514
662,16.195,18.522
663,16.085,18.324
664,16.044,18.281
665,16.136,18.459
666,16.110,18.409
667,16.050,18.330
668,16.028,18.298
669,16.006,18.304
670,15.986,18.311
671,15.999,18.335
672,15.915,18.220
673,15.795,18.040
674,15.825,18.091
675,15.803,18.069
676,15.764,18.031
677,15.999,18.279
678,16.043,18.314
679,16.064,18.370
680,16.002,18.329
681,15.922,18.222
682,15.915,18.230
683,16.081,18.400
684,16.100,18.414
685,16.114,18.430
686,15.962,18.268
687,16.011,18.360
688,15.920,18.225
689,15.897,18.219
690,15.862,18.180
691,15.853,18.150
692,15.883,18.194
693,15.888,18.205
694,15.900,18.211
695,16.097,18.394
696,16.176,18.488
697,16.238,18.550
698,16.188,18.502
699,16.199,18.512
700,16.207,18.507
701,16.224,18.531
702,16.246,18.562
703,16.262,18.604
704,16.257,18.566
705,16.173,18.403
706,16.228,18.526
707,16.341,18.675
708,16.282,18.553
709,16.273,18.543
710,16.303,18.563
711,16.376,18.636
712,16.448,18.698
713,16.493,18.729
714,16.552,18.808
715,16.559,18.770
716,16.485,18.683
717,16.479,18.650
718,16.482,18.659
719,16.401,18.504
720,16.513,18.624
721,16.533,18.610
722,16.421,18.485
723,16.444,18.503
724,16.535,18.621
725,16.435,18.493
726,16.411,18.441
727,16.424,18.476
728,16.331,18.381
729,16.406,18.472
730,16.439,18.538
731,16.387,18.452
732,16.406,18.468
733,16.428,18.525
734,16.406,18.441
735,16.417,18.495
736,16.436,18.545
737,16.431,18.492
738,16.413,18.483
739,16.411,18.461
740,16.416,18.482
741,16.423,18.475
742,16.475,18.521
743,16.496,18.539
744,16.548,18.627
745,16.635,18.736
746,16.677,18.779
747,16.713,18.798
748,16.552,18.644
749,16.621,18.762
750,16.675,18.832
751,16.389,18.507
752,16.412,18.575
753,16.492,18.699
754,16.539,18.734
755,16.480,18.657
756,16.502,18.669
757,16.477,18.613
758,16.505,18.689
759,16.507,18.685
760,16.528,18.711
761,16.342,18.471
762,16.224,18.412
763,16.343,18.604
764,16.372,18.598
765,16.348,18.587
766,16.294,18.478
767,16.306,18.494
768,16.326,18.555
769,16.327,18.559
770,16.350,18.563
771,16.332,18.526
772,16.322,18.502
773,16.380,18.574
774,16.385,18.607
775,16.402,18.614
776,16.459,18.732
777,16.470,18.741
778,16.356,18.591
779,16.429,18.710
780,16.328,18.529
781,16.360,18.610
782,16.285,18.492
783,16.369,18.607
784,16.403,18.639
785,16.471,18.765
786,16.334,18.574
787,16.290,18.491
788,16.227,18.434
789,16.204,18.402
790,16.179,18.371
791,16.155,18.341
792,16.090,18.243
793,16.108,18.298
794,16.110,18.293
795,16.189,18.391
796,16.256,18.487
797,16.290,18.539
798,16.286,18.544
799,16.281,18.575
800,16.261,18.549
801,16.066,18.274
802,15.908,18.173
803,15.878,18.140
804,15.849,18.112
805,15.849,18.123
806,15.851,18.153
807,15.878,18.172
808,15.842,18.166
809,15.838,18.147
810,15.810,18.123
811,15.800,18.131
812,15.771,18.101
813,15.766,18.105
814,15.805,18.169
815,15.728,17.992
816,15.674,18.025
817,15.685,18.038
818,15.600,17.963
819,15.565,17.903
820,15.559,17.898
821,15.750,18.078
822,15.805,18.155
823,15.803,18.138
824,15.772,18.128
825,15.762,18.112
826,15.793,18.148
827,15.785,18.125
828,15.789,18.154
829,15.786,18.125
830,15.791,18.141
831,15.735,18.044
832,15.746,18.079
833,15.753,18.076
834,15.755,18.077
835,15.796,18.165
836,15.789,18.136
837,15.760,18.102
838,15.714,18.028
839,15.736,18.058
840,15.721,18.016
841,15.735,18.035
842,15.719,18.017
843,15.697,17.965
844,15.705,17.998
845,15.723,18.035
846,15.733,18.023
847,15.705,18.010
848,15.713,18.009
849,15.727,17.998
850,15.728,18.010
851,15.761,18.051
852,15.767,18.062
853,15.749,18.021
854,15.769,18.034
855,15.803,18.075
856,15.828,18.093
857,15.828,18.097
858,15.856,18.120
859,15.911,18.194
860,15.910,18.193
861,15.933,18.192
862,15.975,18.251
863,16.004,18.301
864,16.056,18.331
865,16.059,18.327
866,16.123,18.406
867,16.110,18.368
868,16.130,18.404
869,16.148,18.399
870,16.195,18.443
871,16.195,18.482
872,16.265,18.557
873,16.291,18.574
874,16.339,18.616
875,16.270,18.529
876,16.355,18.636
877,16.402,18.686
878,16.428,18.715
879,16.428,18.692
880,16.447,18.736
881,16.370,18.686
882,16.333,18.624
883,16.328,18.589
884,16.409,18.691
885,16.369,18.642
886,16.429,18.688
887,16.280,18.570
888,16.277,18.608
889,16.215,18.531
890,16.265,18.566
891,16.269,18.596
892,16.249,18.573
893,16.242,18.541
894,16.253,18.582
895,16.314,18.649
896,16.338,18.710
897,16.362,18.731
898,16.398,18.788
899,16.409,18.778
900,16.438,18.810
901,16.438,18.823
902,16.420,18.802
903,16.453,18.844
904,16.492,18.918
905,16.404,18.805
906,16.370,18.760
907,16.368,18.726
908,16.357,18.716
909,16.350,18.683
910,16.377,18.735
911,16.371,18.738
912,16.392,18.761
913,16.432,18.837
914,16.430,18.838
915,16.408,18.780
916,16.447,18.819
917,16.432,18.781
918,16.449,18.827
919,16.455,18.872
920,16.437,18.843
921,16.434,18.827
922,16.452,18.863
923,16.428,18.809
924,16.438,18.849
925,16.436,18.836
926,16.402,18.785
927,16.378,18.770
928,16.389,18.783
929,16.407,18.794
930,16.395,18.779
931,16.398,18.774
932,16.366,18.745
933,16.355,18.751
934,16.350,18.724
935,16.348,18.729
936,16.340,18.724
937,16.306,18.694
938,16.310,18.717
939,16.300,18.717
940,16.279,18.690
941,16.253,18.691
942,16.299,18.700
943,16.294,18.735
944,16.264,18.715
945,16.271,18.733
946,16.250,18.699
947,16.235,18.696
948,16.221,18.710
949,16.199,18.712
950,16.217,18.702
951,16.160,18.653
952,16.167,18.689
953,16.172,18.693
954,16.153,18.695
955,16.150,18.678
956,16.147,18.706
957,16.120,18.685
958,16.074,18.600
959,16.027,18.560
960,15.938,18.473
961,15.907,18.399
962,15.888,18.420
963,15.869,18.376
964,15.798,18.284
965,15.766,18.275
966,15.706,18.196
967,15.692,18.195
968,15.582,18.079
969,15.547,18.059
970,15.504,18.011
971,15.668,18.174
972,15.701,18.217
973,15.695,18.209
974,15.604,18.120
975,15.589,18.120
976,15.609,18.160
977,15.806,18.349
978,15.832,18.396
979,15.863,18.439
980,15.787,18.351
981,15.747,18.318
982,15.759,18.358
983,15.712,18.264
984,15.710,18.256
985,15.715,18.259
986,15.713,18.296
987,15.723,18.297
988,15.782,18.360
989,15.831,18.445
990,15.824,18.436
991,15.836,18.455
992,15.869,18.503
993,15.805,18.367
994,15.913,18.563
995,15.940,18.583
996,15.895,18.513
997,16.012,18.688
998,16.036,18.738
999,15.980,18.653
1000,15.986,18.640
1001,15.989,18.644
1002,16.017,18.665
1003,16.044,18.692
1004,16.001,18.643
1005,16.039,18.694
1006,16.013,18.640
1007,16.037,18.660
1008,16.069,18.699
1009,16.048,18.665
1010,16.136,18.772
1011,16.147,18.779
1012,16.085,18.692
1013,16.098,18.728
1014,16.126,18.731
1015,16.121,18.729
1016,16.096,18.672
1017,16.130,18.730
1018,16.144,18.727
1019,16.161,18.730
1020,16.171,18.718
1021,16.221,18.786
1022,16.251,18.818
1023,16.329,18.913
1024,16.402,18.992
1025,16.385,18.942
1026,16.431,19.008
1027,16.481,19.041
1028,16.477,19.018
1029,16.477,19.023
1030,16.495,19.023
1031,16.521,19.072
1032,16.544,19.079
1033,16.547,19.058
1034,16.455,18.972
1035,16.528,19.104
1036,16.541,19.125
1037,16.610,19.173
1038,16.660,19.234
1039,16.649,19.220
1040,16.664,19.216
1041,16.723,19.282
1042,16.704,19.255
1043,16.543,19.090
1044,16.560,19.123
1045,16.529,19.145
1046,16.628,19.239
1047,16.628,19.230
1048,16.602,19.205
1049,16.651,19.296
1050,16.650,19.268
1051,16.656,19.278
1052,16.649,19.235
1053,16.667,19.301
1054,16.537,19.069
1055,16.551,19.099
1056,16.652,19.282
1057,16.668,19.319
1058,16.645,19.263
1059,16.616,19.208
1060,16.611,19.222
1061,16.651,19.286
1062,16.621,19.231
1063,16.575,19.164
1064,16.643,19.302
1065,16.618,19.235
1066,16.562,19.124
1067,16.593,19.195
1068,16.588,19.198
1069,16.571,19.140
1070,16.531,19.089
1071,16.518,19.081
1072,16.564,19.161
1073,16.528,19.093
1074,16.589,19.238
1075,16.441,18.938
1076,16.553,19.140
1077,16.465,19.007
1078,16.440,18.947
1079,16.529,19.086
1080,16.481,19.039
1081,16.474,19.037
1082,16.484,19.035
1083,16.476,19.058
1084,16.413,18.922
1085,16.438,18.972
1086,16.449,18.972
1087,16.420,18.933
1088,16.498,19.065
1089,16.365,18.849
1090,16.461,18.993
1091,16.426,18.928
1092,16.453,19.005
1093,16.422,18.950
1094,16.439,18.990
1095,16.312,18.780
1096,16.328,18.850
1097,16.286,18.787
1098,16.220,18.716
1099,16.173,18.649
1100,16.118,18.620
1101,16.027,18.493
1102,15.914,18.341
1103,15.933,18.391
1104,15.810,18.192
1105,15.797,18.206
1106,15.920,18.324
1107,15.929,18.311
1108,16.033,18.498
1109,15.919,18.347
1110,15.929,18.368
1111,15.925,18.390
1112,15.943,18.423
1113,15.904,18.367
1114,15.730,18.150
1115,15.902,18.307
1116,15.950,18.370
1117,15.912,18.336
1118,15.830,18.265
1119,15.857,18.278
1120,15.904,18.329
1121,15.944,18.399
1122,15.971,18.417
1123,16.036,18.468
1124,16.047,18.505
1125,16.099,18.553
1126,15.947,18.372
1127,16.059,18.508
1128,16.078,18.479
1129,16.186,18.634
1130,16.131,18.585
1131,16.195,18.691
1132,16.263,18.769
1133,16.222,18.672
1134,16.225,18.665
1135,16.245,18.687
1136,16.226,18.648
1137,16.293,18.767
1138,16.233,18.643
1139,16.276,18.698
1140,16.372,18.808
1141,16.351,18.729
1142,16.398,18.756
1143,16.477,18.855
1144,16.459,18.809
1145,16.505,18.849
1146,16.630,18.998
1147,16.741,19.076
1148,16.631,18.976
1149,16.685,19.029
1150,16.704,19.053
1151,16.748,19.132
1152,16.816,19.175
1153,16.833,19.214
1154,16.607,18.937
1155,16.632,18.969
1156,16.610,18.918
1157,16.606,18.938
1158,16.606,18.951
1159,16.561,18.834
1160,16.622,18.954
1161,16.602,18.910
1162,16.633,18.945
1163,16.610,18.911
1164,16.682,19.021
1165,16.575,18.872
1166,16.515,18.801
1167,16.551,18.849
1168,16.587,18.916
1169,16.465,18.738
1170,16.477,18.735
1171,16.503,18.782
1172,16.444,18.693
1173,16.422,18.669
1174,16.418,18.672
1175,16.338,18.573
1176,16.400,18.690
1177,16.337,18.589
1178,16.330,18.593
1179,16.312,18.552
1180,16.378,18.629
1181,16.337,18.582
1182,16.330,18.577
1183,16.273,18.494
1184,16.278,18.517
1185,16.326,18.615
1186,16.261,18.502
1187,16.273,18.527
1188,16.223,18.422
1189,16.386,18.698
1190,16.375,18.718
1191,16.381,18.690
1192,16.352,18.659
1193,16.367,18.665
1194,16.335,18.602
1195,16.339,18.592
1196,16.395,18.690
1197,16.405,18.721
1198,16.398,18.706
1199,16.407,18.722
1200,16.431,18.768
1201,16.445,18.793
1202,16.461,18.809
1203,16.496,18.833
1204,16.550,18.921
1205,16.473,18.799
1206,16.504,18.874
1207,16.498,18.872
1208,16.562,18.971
1209,16.474,18.838
1210,16.458,18.834
1211,16.491,18.857
1212,16.470,18.842
1213,16.499,18.890
1214,16.454,18.842
1215,16.434,18.836
1216,16.408,18.816
1217,16.440,18.837
1218,16.353,18.740
1219,16.350,18.791
1220,16.224,18.578
1221,16.205,18.576
1222,16.271,18.690
1223,16.285,18.708
1224,16.264,18.704
1225,16.223,18.646
1226,16.201,18.623
1227,16.228,18.698
1228,16.253,18.766
1229,16.193,18.681
1230,16.168,18.657
1231,16.163,18.678
1232,16.145,18.680
1233,16.042,18.507
1234,16.072,18.611
1235,16.188,18.705
1236,16.186,18.701
1237,16.104,18.593
1238,15.996,18.458
1239,15.917,18.374
1240,15.894,18.340
1241,16.069,18.543
1242,16.042,18.455
1243,16.048,18.500
1244,15.974,18.420
1245,15.939,18.365
1246,15.882,18.300
1247,15.882,18.284
1248,15.873,18.283
1249,15.907,18.338
1250,15.896,18.319
1251,15.895,18.307
1252,15.888,18.266
1253,15.857,18.242
1254,15.816,18.172
1255,15.798,18.168
1256,15.789,18.154
1257,15.780,18.156
1258,15.754,18.099
1259,15.755,18.110
1260,15.737,18.077
1261,15.734,18.095
1262,15.933,18.294
1263,15.972,18.324
1264,15.984,18.339
1265,15.978,18.355
1266,15.869,18.172
1267,15.971,18.324
1268,16.007,18.383
1269,16.000,18.355
1270,16.044,18.394
1271,16.062,18.395
1272,16.134,18.477
1273,16.168,18.553
1274,16.195,18.541
1275,16.280,18.631
1276,16.364,18.732
1277,16.424,18.755
1278,16.528,18.859
1279,16.603,18.943
1280,16.647,18.980
1281,16.695,19.017
1282,16.724,19.030
1283,16.552,18.825
1284,16.637,18.906
1285,16.589,18.860
1286,16.504,18.743
1287,16.509,18.764
1288,16.476,18.753
1289,16.371,18.622
1290,16.370,18.609
1291,16.402,18.682
1292,16.408,18.668
1293,16.445,18.721
1294,16.444,18.710
1295,16.400,18.643
1296,16.388,18.610
1297,16.374,18.593
1298,16.398,18.619
1299,16.484,18.786
1300,16.411,18.672
1301,16.412,18.691
1302,16.394,18.688
1303,16.378,18.666
1304,16.364,18.635
1305,16.358,18.669
1306,16.375,18.684
1307,16.370,18.669
1308,16.337,18.636
1309,16.410,18.767
1310,16.323,18.589
1311,16.325,18.602
1312,16.309,18.597
1313,16.341,18.646
1314,16.385,18.723
1315,16.375,18.700
1316,16.393,18.740
1317,16.367,18.681
1318,16.333,18.641
1319,16.310,18.634
1320,16.321,18.661
1321,16.363,18.694
1322,16.358,18.674
1323,16.350,18.673
1324,16.380,18.701
1325,16.382,18.712
1326,16.434,18.764
1327,16.425,18.760
1328,16.433,18.774
1329,16.458,18.811
1330,16.456,18.799
1331,16.421,18.767
1332,16.471,18.841
1333,16.436,18.803
1334,16.396,18.760
1335,16.417,18.798
1336,16.361,18.711
1337,16.393,18.753
1338,16.396,18.745
1339,16.396,18.765
1340,16.379,18.765
1341,16.364,18.768
1342,16.365,18.748
1343,16.276,18.668
1344,16.267,18.658
1345,16.217,18.581
1346,16.177,18.561
1347,16.165,18.550
1348,16.132,18.520
1349,16.122,18.532
1350,16.133,18.594
1351,16.097,18.556
1352,16.125,18.607
1353,16.114,18.570
1354,16.103,18.575
1355,16.056,18.532
1356,16.037,18.498
1357,15.979,18.427
1358,15.940,18.394
1359,15.957,18.467
1360,15.867,18.326
1361,15.812,18.275
1362,15.780,18.257
1363,15.748,18.193
1364,15.695,18.154
1365,15.689,18.153
1366,15.679,18.178
1367,15.828,18.313
1368,15.836,18.344
1369,15.827,18.308
1370,15.679,18.124
1371,15.659,18.128
1372,15.615,18.059
1373,15.785,18.241
1374,15.774,18.227
1375,15.780,18.235
1376,15.724,18.193
1377,15.726,18.180
1378,15.687,18.150
1379,15.845,18.307
1380,15.877,18.341
1381,15.907,18.390
1382,15.853,18.337
1383,15.870,18.379
1384,15.907,18.416
1385,15.888,18.402
1386,15.916,18.422
1387,15.880,18.393
1388,15.853,18.329
1389,15.854,18.332
1390,15.812,18.310
1391,15.797,18.270
1392,15.783,18.291
1393,15.784,18.270
1394,15.970,18.434
1395,16.052,18.530
1396,16.150,18.632
1397,16.084,18.568
1398,16.179,18.699
1399,16.188,18.664
1400,16.271,18.756
1401,16.343,18.803
1402,16.478,18.989
1403,16.555,19.037
1404,16.573,18.977
1405,16.715,19.134
1406,16.773,19.179
1407,16.846,19.219
1408,16.884,19.248
1409,16.698,19.046
1410,16.693,19.018
1411,16.752,19.080
1412,16.590,18.899
1413,16.611,18.928
1414,16.503,18.771
1415,16.304,18.570
1416,16.304,18.558
1417,16.301,18.557
1418,16.337,18.613
1419,16.287,18.518
1420,16.286,18.526
1421,16.248,18.482
1422,16.133,18.291
1423,16.134,18.323
1424,16.105,18.291
1425,16.195,18.423
1426,16.140,18.350
1427,16.195,18.427
1428,16.234,18.475
1429,16.240,18.482
1430,16.190,18.399
1431,16.158,18.344
1432,16.206,18.434
1433,16.185,18.364
1434,16.199,18.399
1435,16.241,18.451
1436,16.149,18.295
1437,16.196,18.374
1438,16.124,18.265
1439,16.128,18.268
1440,16.163,18.320
1441,16.148,18.340
1442,16.152,18.316
1443,16.088,18.185
1444,16.153,18.297
1445,16.147,18.270
1446,16.164,18.296
1447,16.150,18.267
1448,16.177,18.311
1449,16.193,18.322
1450,16.248,18.442
1451,16.200,18.363
1452,16.236,18.434
1453,16.208,18.431
1454,16.154,18.334
1455,16.146,18.346
1456,16.094,18.293
1457,16.100,18.292
1458,16.101,18.318
1459,16.030,18.248
1460,15.993,18.197
1461,15.953,18.148
1462,15.970,18.204
1463,15.926,18.131
1464,15.859,18.079
1465,15.876,18.126
1466,15.826,18.090
1467,15.790,18.052
1468,15.629,17.841
1469,15.566,17.776
1470,15.583,17.781
1471,15.544,17.746
1472,15.494,17.673
1473,15.455,17.627
1474,15.403,17.568
1475,15.356,17.521
1476,15.320,17.485
1477,15.276,17.444
1478,15.408,17.586
1479,15.453,17.632
1480,15.447,17.623
1481,15.349,17.532
1482,15.282,17.458
1483,15.273,17.459
1484,15.366,17.541
1485,15.384,17.557
1486,15.414,17.597
1487,15.367,17.544
1488,15.334,17.477
1489,15.346,17.487
1490,15.355,17.503
1491,15.334,17.467
1492,15.334,17.448
1493,15.308,17.412
1494,15.298,17.383
1495,15.304,17.371
1496,15.309,17.380
1497,15.338,17.413
1498,15.264,17.292
1499,15.276,17.295
1500,15.281,17.305
1501,15.337,17.377
1502,15.344,17.374
1503,15.368,17.407
1504,15.378,17.408
1505,15.448,17.500
1506,15.467,17.542
1507,15.472,17.538
1508,15.590,17.735
1509,15.539,17.625
1510,15.519,17.584
1511,15.534,17.596
1512,15.552,17.611
1513,15.591,17.652
1514,15.622,17.687
1515,15.623,17.668
1516,15.629,17.661
1517,15.649,17.664
1518,15.623,17.633
1519,15.647,17.645
1520,15.559,17.565
1521,15.611,17.646
1522,15.690,17.775
1523,15.501,17.527
1524,15.595,17.670
1525,15.705,17.862
1526,15.733,17.856
1527,15.806,17.955
1528,15.906,18.091
1529,15.878,18.016
1530,15.899,18.056
1531,15.930,18.073
1532,15.910,18.033
1533,15.941,18.083
1534,15.881,17.982
1535,15.850,17.981
1536,15.767,17.858
1537,15.803,17.921
1538,15.738,17.825
1539,15.782,17.915
1540,15.738,17.834
1541,15.725,17.813
1542,15.770,17.900
1543,15.686,17.791
1544,15.674,17.776
1545,15.665,17.761
1546,15.724,17.861
1547,15.700,17.819
1548,15.656,17.768
1549,15.655,17.744
1550,15.674,17.800
1551,15.665,17.783
1552,15.715,17.858
1553,15.736,17.865
1554,15.750,17.881
1555,15.771,17.902
1556,15.788,17.932
1557,15.808,17.966
1558,15.775,17.907
1559,15.819,17.986
1560,15.771,17.903
1561,15.820,17.975
1562,15.800,17.937
1563,15.828,18.004
1564,15.739,17.882
1565,15.734,17.896
1566,15.603,17.714
1567,15.544,17.662
1568,15.437,17.555
1569,15.359,17.469
1570,15.304,17.432
1571,15.245,17.391
1572,15.208,17.348
1573,15.166,17.305
1574,15.381,17.523
1575,15.417,17.569
1576,15.413,17.558
1577,15.279,17.390
1578,15.221,17.330
1579,15.174,17.280
1580,15.308,17.414
1581,15.365,17.498
1582,15.424,17.552
1583,15.518,17.633
1584,15.545,17.652
1585,15.569,17.664
1586,15.501,17.586
1587,15.518,17.633
1588,15.479,17.601
1589,15.466,17.593
1590,15.425,17.552
1591,15.412,17.526
1592,15.455,17.584
1593,15.491,17.612
1594,15.533,17.688
1595,15.583,17.751
1596,15.619,17.798
1597,15.670,17.850
1598,15.715,17.909
1599,15.744,17.947
1600,15.790,17.978
1601,15.859,18.044
1602,15.944,18.114
1603,16.071,18.261
1604,16.177,18.383
1605,16.279,18.465
1606,16.403,18.594
1607,16.364,18.579
1608,16.365,18.590
1609,16.358,18.567
1610,16.293,18.487
1611,16.281,18.477
1612,16.218,18.392
1613,16.057,18.222
1614,16.042,18.208
1615,16.041,18.198
1616,16.010,18.158
1617,15.972,18.112
1618,15.945,18.071
1619,15.920,18.028
1620,15.858,17.951
1621,15.820,17.898
1622,15.776,17.862
1623,15.734,17.818
1624,15.674,17.746
1625,15.626,17.673
1626,15.599,17.639
1627,15.552,17.585
1628,15.558,17.607
1629,15.489,17.537
1630,15.489,17.526
1631,15.401,17.439
1632,15.377,17.417
1633,15.346,17.391
1634,15.474,17.514
1635,15.482,17.512
1636,15.470,17.497
1637,15.556,17.571
1638,15.556,17.560
1639,15.537,17.546
1640,15.683,17.703
1641,15.751,17.765
1642,15.792,17.794
1643,15.835,17.856
1644,15.901,17.941
1645,15.963,18.024
1646,16.011,18.066
1647,16.105,18.185
1648,16.185,18.297
1649,16.250,18.363
1650,16.282,18.370
1651,16.308,18.412
1652,16.194,18.278
1653,16.249,18.338
1654,16.306,18.415
1655,16.221,18.335
1656,16.258,18.367
1657,16.288,18.400
1658,16.305,18.429
1659,16.375,18.503
1660,16.397,18.535
1661,16.414,18.543
1662,16.422,18.546
1663,16.412,18.538
1664,16.417,18.522
1665,16.421,18.546
1666,16.418,18.533
1667,16.402,18.532
1668,16.393,18.499
1669,16.418,18.532
1670,16.406,18.512
1671,16.406,18.508
1672,16.401,18.516
1673,16.427,18.554
1674,16.442,18.581
1675,16.432,18.566
1676,16.432,18.552
1677,16.430,18.549
1678,16.428,18.554
1679,16.415,18.547
1680,16.450,18.584
1681,16.454,18.577
1682,16.418,18.536
1683,16.422,18.553
1684,16.408,18.515
1685,16.429,18.560
1686,16.346,18.427
1687,16.445,18.591
1688,16.437,18.579
1689,16.430,18.561
1690,16.458,18.597
1691,16.359,18.452
1692,16.320,18.412
1693,16.314,18.405
1694,16.279,18.374
1695,16.275,18.393
1696,16.195,18.298
1697,16.165,18.275
1698,16.117,18.212
1699,16.112,18.234
1700,16.037,18.155
1701,16.079,18.248
1702,15.979,18.106
1703,15.966,18.087
1704,15.873,18.006
1705,15.828,17.948
1706,15.827,17.973
1707,15.796,17.923
1708,15.748,17.877
1709,15.690,17.796
1710,15.625,17.750
1711,15.593,17.699
1712,15.510,17.616
1713,15.469,17.569
1714,15.420,17.526
1715,15.352,17.445
1716,15.278,17.354
1717,15.245,17.323
1718,15.142,17.211
1719,15.095,17.144
1720,15.017,17.081
1721,15.169,17.244
1722,15.197,17.278
1723,15.213,17.281
1724,15.346,17.422
1725,15.347,17.431
1726,15.394,17.454
1727,15.539,17.617
1728,15.573,17.651
1729,15.640,17.712
1730,15.660,17.758
1731,15.635,17.725
1732,15.621,17.710
1733,15.612,17.704
1734,15.599,17.694
1735,15.703,17.830
1736,15.709,17.838
1737,15.764,17.912
1738,15.769,17.903
1739,15.737,17.838
1740,15.801,17.931
1741,15.827,17.942
1742,15.866,18.003
1743,15.895,18.034
1744,15.934,18.077
1745,15.981,18.116
1746,16.028,18.178
1747,16.014,18.168
1748,15.886,18.030
1749,15.869,18.009
1750,15.887,18.025
1751,16.014,18.138
1752,16.057,18.180
1753,16.101,18.192
1754,16.041,18.162
1755,16.020,18.136
1756,15.974,18.075
1757,15.870,17.949
1758,15.903,17.997
1759,15.846,17.911
1760,15.872,17.939
1761,15.910,17.988
1762,15.960,18.050
1763,15.969,18.055
1764,15.987,18.072
1765,15.956,18.018
1766,15.942,18.006
1767,15.938,17.997
1768,15.960,18.025
1769,16.011,18.112
1770,16.041,18.155
1771,16.058,18.180
1772,16.048,18.167
1773,16.034,18.152
1774,16.002,18.105
1775,15.974,18.047
1776,15.962,18.027
1777,15.962,18.050
1778,15.965,18.053
1779,15.956,18.042
1780,15.933,18.016
1781,15.906,17.989
1782,15.913,18.000
1783,15.912,18.002
1784,15.909,18.017
1785,15.918,18.056
1786,15.995,18.174
1787,15.991,18.177
1788,16.000,18.184
1789,15.981,18.168
1790,16.012,18.181
1791,15.963,18.153
1792,15.978,18.168
1793,15.988,18.183
1794,15.962,18.161
1795,15.946,18.106
1796,15.908,18.073
1797,15.879,18.036
1798,15.828,17.975
1799,15.798,17.917
1800,15.728,17.827
1801,15.631,17.715
1802,15.711,17.832
1803,15.629,17.721
1804,15.606,17.693
1805,15.540,17.607
1806,15.504,17.569
1807,15.487,17.567
1808,15.479,17.572
1809,15.458,17.561
1810,15.445,17.559
1811,15.431,17.560
1812,15.438,17.566
1813,15.377,17.500
1814,15.355,17.491
1815,15.318,17.473
1816,15.307,17.474
1817,15.251,17.384
1818,15.227,17.375
1819,15.196,17.332
1820,15.392,17.548
1821,15.409,17.557
1822,15.439,17.613
1823,15.372,17.562
1824,15.371,17.557
1825,15.272,17.462
1826,15.249,17.444
1827,15.232,17.423
1828,15.223,17.422
1829,15.429,17.623
1830,15.427,17.633
1831,15.475,17.687
1832,15.462,17.684
1833,15.428,17.630
1834,15.406,17.613
1835,15.422,17.653
1836,15.405,17.616
1837,15.416,17.657
1838,15.414,17.652
1839,15.423,17.651
1840,15.429,17.673
1841,15.438,17.692
