6 197 137 44 83 0.49
11 426 177 14 44 0.33
13 186 135 48 87 0.39
14 187 133 46 88 0.55
15 605 83 29 90 0.61
33 434 169 14 50 0.71
34 434 168 16 51 0.33
37 439 172 16 49 0.47
38 441 173 14 45 0.41
39 442 170 13 47 0.43
40 441 168 15 55 0.58
41 440 170 16 57 0.64
45 441 165 22 49 0.76
50 453 185 15 46 0.31
51 452 183 17 50 0.35
52 453 184 17 48 0.57
53 453 177 21 53 0.46
54 456 182 17 48 0.42
56 456 174 24 54 0.42
56 123 143 16 47 0.35
58 122 145 17 42 0.50
59 121 147 16 42 0.57
59 462 172 20 59 0.57
76 514 88 104 139 0.55
78 522 89 66 135 0.39
91 153 124 56 100 0.58
96 440 172 8 41 0.34
99 438 172 10 42 0.48
118 587 141 23 88 0.34
122 117 165 13 55 0.34
123 118 168 12 55 0.45
124 238 195 10 22 0.34
125 239 193 8 25 0.48
125 242 192 8 25 0.38
127 506 186 12 39 0.42
128 118 175 12 45 0.51
129 117 175 13 45 0.31
130 116 174 15 47 0.38
131 116 177 15 44 0.39
135 467 177 10 43 0.45
135 247 189 8 27 0.35
136 248 188 9 25 0.36
138 250 189 10 25 0.31
139 112 171 15 51 0.33
139 248 193 9 24 0.32
140 249 186 12 30 0.59
143 477 176 10 39 0.80
152 573 177 16 47 0.48
154 583 179 15 47 0.32
155 586 177 17 47 0.44
158 595 176 15 57 0.67
161 606 175 16 61 0.61
162 612 177 15 53 0.51
163 613 175 19 67 0.32
164 619 178 13 60 0.52
172 286 160 33 57 0.37
173 288 144 64 72 0.74
174 285 144 66 74 0.36
178 519 168 21 43 0.35
184 522 167 21 44 0.57
185 524 168 19 44 0.67
186 527 171 16 42 0.55
186 100 153 21 48 0.37
187 533 169 12 43 0.37
187 94 150 25 48 0.37
187 526 166 15 45 0.37
188 92 148 27 50 0.42
188 530 170 16 42 0.38
189 529 166 21 43 0.33
190 529 164 21 47 0.81
190 357 165 36 51 0.35
191 530 165 21 49 0.84
191 366 150 40 67 0.69
192 531 165 22 49 0.80
193 85 150 26 48 0.48
193 532 165 21 50 0.38
194 534 166 19 50 0.65
194 81 148 28 51 0.50
195 535 167 19 48 0.90
195 82 151 25 48 0.64
196 537 165 17 50 0.67
197 540 163 15 53 0.64
198 538 165 19 50 0.82
199 540 167 18 51 0.69
200 541 170 19 47 0.72
201 541 166 21 51 0.89
201 553 172 13 46 0.60
201 3 178 16 73 0.35
202 542 168 18 51 0.85
202 554 173 11 47 0.70
202 546 171 17 49 0.68
203 543 166 19 51 0.94
204 546 162 22 57 0.93
205 547 162 23 57 0.91
205 472 161 43 57 0.56
206 549 161 24 56 0.64
207 549 157 22 62 0.54
207 494 161 40 57 0.51
208 507 161 38 57 0.71
208 553 159 21 57 0.62
209 521 157 49 57 0.54
212 252 131 74 77 0.37
213 560 155 36 56 0.63
214 571 156 44 52 0.31
216 569 155 27 58 0.84
216 604 154 34 59 0.40
217 569 151 25 64 0.88
218 573 150 24 62 0.57
219 574 153 29 59 0.89
219 595 167 12 50 0.68
220 579 152 24 59 0.85
221 580 147 28 66 0.93
222 585 148 24 63 0.75
223 588 146 23 60 0.70
223 594 150 21 61 0.53
223 601 153 18 61 0.36
224 595 144 24 72 0.85
224 589 139 24 65 0.46
225 594 141 27 72 0.89
225 616 152 12 63 0.41
225 606 148 20 66 0.34
226 599 142 26 74 0.94
227 602 141 27 74 0.97
228 607 144 23 69 0.92
229 608 143 24 63 0.63
230 610 143 19 56 0.47
234 251 133 26 69 0.30
246 75 136 46 65 0.83
247 82 138 37 57 0.53
274 80 129 32 66 0.33
289 375 31 30 68 0.33
293 83 124 32 65 0.56
293 386 26 26 67 0.47
294 81 125 33 65 0.73
295 86 126 28 62 0.77
296 84 127 30 62 0.60
297 84 127 31 63 0.79
298 87 125 26 63 0.68
299 85 123 30 68 0.70
300 85 126 31 64 0.58
301 84 126 32 66 0.72
302 84 127 32 64 0.66
303 83 125 35 67 0.62
304 78 126 41 68 0.71
305 80 126 41 69 0.73
306 77 127 44 67 0.67
307 79 124 42 73 0.70
308 89 127 28 65 0.56
309 89 126 30 67 0.60
310 95 131 23 62 0.50
311 92 127 26 66 0.60
312 92 127 27 67 0.63
313 575 201 16 56 0.39
314 95 123 25 73 0.41
315 92 123 27 75 0.75
316 89 126 35 70 0.69
317 93 124 29 75 0.57
318 606 203 19 61 0.73
318 92 123 31 75 0.57
319 93 121 31 76 0.53
320 96 126 28 69 0.73
321 91 122 32 73 0.69
322 92 123 32 70 0.58
323 96 122 29 72 0.47
324 94 121 31 74 0.63
326 92 120 31 74 0.49
327 97 119 26 73 0.47
328 95 121 28 73 0.50
329 91 118 35 76 0.41
330 95 120 30 75 0.45
334 98 118 27 74 0.35
335 94 118 43 75 0.34
346 98 117 36 74 0.32
347 98 117 36 76 0.33
374 170 145 21 57 0.31
375 171 144 21 59 0.53
377 170 147 20 53 0.33
378 170 145 22 55 0.51
379 170 142 23 56 0.41
380 169 144 24 56 0.37
381 167 144 28 52 0.61
383 163 145 28 53 0.52
384 165 144 29 54 0.35
414 218 168 10 32 0.35
415 219 169 8 29 0.31
419 219 167 9 32 0.42
420 220 169 9 31 0.32
421 219 167 10 33 0.42
422 105 151 13 47 0.40
423 36 60 35 51 0.43
423 221 168 8 32 0.42
426 220 166 9 35 0.35
428 167 128 21 69 0.33
428 64 21 40 197 0.31
431 220 167 9 33 0.36
433 219 168 11 32 0.34
439 112 144 17 55 0.34
440 111 140 20 60 0.45
441 112 142 17 59 0.68
442 110 141 20 58 0.50
443 108 137 23 62 0.66
444 109 139 19 62 0.66
444 106 141 18 53 0.43
445 109 139 19 62 0.65
446 105 139 19 62 0.43
448 103 139 19 58 0.33
449 100 136 24 59 0.63
450 100 139 26 60 0.46
451 100 139 22 60 0.46
453 103 137 16 60 0.32
466 606 137 27 108 0.32
487 468 185 12 27 0.43
488 469 184 12 29 0.47
491 476 182 11 31 0.65
492 477 181 11 33 0.46
493 479 183 12 30 0.55
494 481 182 11 31 0.52
496 483 182 12 33 0.52
497 485 183 12 32 0.54
498 487 182 13 33 0.49
500 491 183 11 31 0.39
501 493 180 12 33 0.37
504 499 184 12 30 0.35
505 499 183 13 33 0.65
506 502 184 12 32 0.81
507 504 185 14 31 0.49
508 504 183 14 33 0.41
509 507 184 14 33 0.32
510 510 184 13 33 0.57
511 512 182 14 36 0.61
513 516 181 14 36 0.59
514 518 181 14 36 0.50
515 520 182 14 35 0.57
516 522 181 13 37 0.61
517 523 180 16 37 0.66
518 526 178 12 38 0.48
519 527 179 14 37 0.75
520 529 178 14 39 0.93
521 530 178 14 39 0.88
522 530 180 17 40 0.71
523 533 179 14 41 0.76
524 534 182 14 38 0.33
525 537 182 15 40 0.71
526 540 183 13 37 0.37
527 541 180 14 38 0.49
528 543 181 16 39 0.41
530 548 183 15 36 0.37
535 121 49 22 85 0.50
537 117 45 26 94 0.37
539 566 184 17 42 0.51
540 568 185 17 44 0.73
540 0 123 23 87 0.40
541 570 186 20 42 0.69
542 574 184 18 46 0.88
543 576 184 17 44 0.83
544 579 186 17 43 0.59
545 582 186 17 43 0.66
546 584 190 19 38 0.86
547 587 184 18 46 0.96
548 589 186 18 46 0.38
549 593 187 20 46 0.91
550 595 182 20 50 0.97
551 598 183 19 50 0.91
552 601 182 20 54 0.95
553 604 182 20 52 0.96
554 605 182 20 53 0.97
555 608 182 20 56 0.89
556 611 181 21 56 0.89
557 612 182 22 55 0.35
558 617 180 18 59 0.72
559 620 180 17 59 0.74
588 223 138 33 50 0.49
590 169 139 16 55 0.32
597 212 136 42 47 0.40
598 216 138 39 43 0.51
598 458 133 19 67 0.37
604 209 133 39 47 0.50
640 614 170 15 40 0.64
651 125 148 15 63 0.32
664 106 147 13 63 0.30
665 105 147 13 65 0.32
693 224 145 13 48 0.74
695 29 174 10 45 0.54
696 29 178 8 42 0.64
697 18 177 13 44 0.70
697 23 178 12 42 0.60
697 26 178 14 42 0.44
698 498 185 19 47 0.73
698 22 176 12 47 0.73
698 17 176 13 48 0.65
699 498 184 20 46 0.57
699 9 175 15 47 0.42
699 13 175 14 46 0.38
700 499 184 20 47 0.68
703 502 183 24 49 0.57
704 501 177 25 54 0.34
707 509 181 25 52 0.59
708 507 183 28 51 0.44
723 531 184 32 58 0.55
727 520 173 19 53 0.46
727 37 138 21 65 0.31
729 34 143 23 63 0.30
734 17 138 20 68 0.34
735 15 136 22 70 0.38
769 1 78 48 123 0.42
770 2 73 40 113 0.32
774 0 74 34 152 0.36
802 379 111 34 71 0.71
841 422 124 19 69 0.36
879 435 101 27 94 0.55
885 439 110 32 85 0.41
886 385 141 13 26 0.34
906 438 152 11 45 0.30
921 453 133 19 56 0.34
1000 411 132 45 51 0.37
1029 422 132 39 55 0.41
1034 423 133 41 57 0.38
1053 421 134 38 56 0.37
1059 422 138 38 50 0.43
1091 415 137 39 52 0.31
1115 411 142 47 58 0.45
1121 413 139 41 51 0.32
1129 409 146 49 52 0.35
1131 410 145 43 55 0.32
1137 411 146 49 53 0.35
1140 425 147 40 51 0.49
1159 410 151 47 54 0.47
1179 1 173 54 105 0.32
1182 7 176 71 104 0.31
1183 10 178 62 103 0.68
1186 21 182 75 99 0.35
1187 17 179 88 106 0.72
1188 21 177 94 107 0.71
1189 27 176 90 110 0.49
1189 411 150 36 48 0.46
1194 68 175 67 96 0.31
1195 74 174 37 86 0.30
1201 101 178 66 89 0.34
1201 105 179 32 56 0.32
1202 105 182 49 72 0.31
1203 104 179 65 85 0.39
1205 116 181 68 84 0.32
1208 136 180 67 79 0.72
1209 140 181 65 84 0.73
1212 154 186 64 75 0.80
1213 163 170 41 88 0.72
1216 176 173 52 86 0.91
1217 178 166 55 96 0.89
1218 184 174 50 85 0.89
1221 197 174 47 84 0.88
1222 199 177 43 73 0.82
1223 203 178 42 78 0.90
1224 205 180 46 73 0.96
1225 210 180 45 80 0.95
1226 212 180 45 79 0.78
1227 216 180 47 70 0.77
1228 220 180 44 74 0.81
1229 224 185 43 69 0.88
1230 223 188 49 69 0.85
1231 227 188 47 66 0.88
1232 232 182 43 73 0.90
1233 237 181 40 71 0.92
1234 237 182 41 69 0.77
1235 240 183 39 72 0.87
1236 244 180 38 73 0.96
1237 247 185 36 66 0.92
1237 246 184 28 46 0.32
1238 249 186 44 68 0.93
1239 251 186 37 65 0.56
1240 253 181 40 73 0.97
1241 257 182 38 69 0.93
1242 259 183 38 69 0.97
1243 263 180 35 73 0.99
1244 264 188 35 64 0.96
1245 266 189 34 60 0.65
1246 269 188 34 60 0.88
1247 271 186 33 63 0.85
1248 274 187 34 59 0.56
1249 274 182 34 63 0.91
1250 277 187 33 58 0.90
1251 280 185 31 61 0.92
1252 280 183 33 59 0.97
1253 283 185 30 59 0.93
1254 284 185 30 60 0.94
1255 288 184 31 60 0.92
1256 290 188 30 59 0.95
1257 290 191 29 57 0.97
1258 292 188 28 59 0.98
1259 293 188 28 58 0.98
1260 294 188 29 57 0.98
1261 296 188 27 59 0.99
1262 296 187 28 58 0.97
1263 297 187 27 55 0.92
1264 298 190 29 53 0.81
1265 298 189 30 54 0.83
1266 301 187 28 53 0.90
1267 301 186 27 56 0.84
1268 305 185 23 53 0.84
1269 305 185 24 54 0.95
1270 305 185 25 54 0.92
1271 305 185 25 55 0.95
1272 306 185 25 53 0.94
1273 305 185 26 54 0.95
1274 307 184 25 56 0.97
1275 307 184 27 54 0.94
1276 307 184 27 54 0.96
1277 308 188 27 50 0.91
1278 310 188 26 50 0.85
1279 311 188 25 49 0.84
1280 312 186 25 49 0.89
1281 312 185 25 51 0.95
1282 314 187 23 50 0.86
1283 313 189 24 46 0.88
1284 314 186 24 49 0.72
1285 314 188 23 47 0.87
1286 315 189 23 44 0.36
1287 315 189 23 45 0.74
1288 316 187 21 46 0.82
1289 315 187 24 45 0.82
1290 316 189 23 44 0.80
1291 316 188 22 46 0.91
1292 316 188 22 45 0.95
1293 316 190 23 43 0.93
1294 317 189 22 44 0.96
1295 317 189 24 44 0.94
1296 317 189 25 43 0.94
1297 317 191 25 41 0.91
1298 318 189 23 43 0.89
1299 319 189 23 44 0.90
1300 319 192 22 40 0.56
1301 319 189 24 43 0.86
1302 319 191 24 41 0.49
1303 319 191 24 41 0.60
1304 321 195 21 36 0.40
1305 320 191 21 41 0.58
1307 320 195 21 36 0.35
1308 320 193 22 38 0.31
1309 321 190 22 40 0.51
1310 320 191 24 40 0.77
1311 321 192 22 39 0.39
1312 320 189 23 41 0.88
1313 321 190 20 39 0.63
1314 321 188 21 41 0.84
1315 321 191 21 38 0.52
1316 321 188 21 41 0.88
1317 322 190 20 38 0.44
1318 321 190 22 39 0.69
1319 322 187 19 41 0.87
1320 321 189 22 39 0.65
1321 321 189 23 39 0.31
1323 321 190 20 35 0.48
1326 321 192 21 36 0.35
1328 321 192 22 36 0.52
1329 320 192 22 35 0.71
1330 320 188 22 40 0.33
1331 321 190 20 37 0.40
1333 320 192 20 36 0.53
1334 320 192 20 36 0.36
1335 320 191 20 36 0.32
1336 320 191 21 36 0.63
1337 319 191 21 36 0.36
1339 319 192 22 34 0.44
1340 319 191 24 37 0.40
1341 319 193 20 34 0.32
1342 319 192 20 35 0.54
1343 318 193 18 34 0.74
1344 318 192 19 35 0.62
1345 319 192 17 34 0.77
1346 319 193 16 32 0.59
1347 318 194 18 33 0.72
1348 318 194 18 34 0.78
1349 318 195 18 33 0.80
1350 318 194 18 33 0.86
1351 317 196 17 32 0.45
1352 319 194 18 32 0.70
1353 319 195 18 32 0.69
1354 319 194 19 33 0.81
1355 321 195 16 31 0.80
1356 320 195 17 33 0.83
1357 320 194 17 32 0.85
1358 321 194 17 33 0.84
1359 320 194 18 33 0.87
1359 425 148 43 52 0.52
1360 321 195 16 32 0.83
1361 320 194 19 34 0.75
1362 321 195 16 30 0.66
1363 321 194 17 32 0.82
1364 321 194 17 32 0.81
1364 431 145 39 57 0.70
1365 322 194 16 32 0.80
1366 322 194 16 32 0.73
1367 321 194 16 32 0.72
1368 322 194 16 33 0.70
1369 322 194 16 32 0.84
1370 321 194 16 31 0.81
1371 321 194 16 31 0.84
1372 320 194 17 31 0.76
1373 322 195 14 30 0.80
1374 322 194 15 33 0.78
1375 323 193 15 33 0.79
1375 430 146 38 58 0.48
1376 324 194 14 32 0.79
1377 325 194 13 32 0.79
1377 433 149 34 49 0.60
1378 324 195 13 30 0.70
1378 436 149 33 49 0.53
1379 324 194 14 32 0.68
1379 432 148 37 51 0.57
1380 325 195 12 31 0.42
1381 433 151 34 46 0.41
1381 324 194 13 33 0.40
1382 324 195 14 31 0.73
1383 324 193 14 33 0.81
1384 324 193 15 31 0.86
1385 325 195 14 29 0.67
1386 326 194 14 30 0.62
1387 326 194 15 29 0.50
1388 326 194 16 30 0.71
1389 325 194 15 29 0.62
1390 326 194 16 30 0.78
1391 326 193 16 30 0.61
1392 326 194 16 30 0.81
1393 325 194 17 29 0.67
1394 326 192 16 31 0.84
1395 327 193 15 31 0.87
1396 326 192 17 31 0.91
1397 326 194 16 30 0.90
1398 327 193 14 30 0.86
1399 326 196 15 27 0.82
1400 328 194 13 29 0.77
1401 328 194 13 28 0.64
1402 327 196 15 26 0.69
1404 328 195 12 25 0.41
1405 328 195 12 25 0.55
1406 330 195 12 25 0.63
1407 329 195 13 25 0.55
1408 329 196 14 24 0.62
1409 328 194 12 24 0.36
1410 329 192 15 28 0.74
1410 334 195 11 24 0.34
1411 335 195 10 25 0.34
1411 329 192 13 27 0.33
1412 331 192 13 28 0.53
1412 334 194 11 26 0.35
1413 331 192 14 28 0.30
1422 338 190 8 26 0.44
1422 334 192 10 22 0.30
1424 338 190 8 24 0.36
1445 327 184 11 24 0.43
1447 327 183 11 25 0.64
1448 328 182 10 26 0.72
1449 327 184 10 24 0.55
1449 144 141 13 27 0.31
1451 329 182 9 25 0.30
1452 329 179 8 26 0.39
1453 329 178 8 27 0.36
1459 323 176 12 27 0.41
1462 320 175 14 29 0.35
1463 320 175 13 30 0.30
1468 319 177 13 28 0.49
1469 317 177 12 28 0.57
1470 317 176 12 28 0.63
1471 317 178 12 27 0.67
1472 316 177 13 27 0.44
1473 315 179 15 25 0.34
1474 316 179 14 25 0.58
1475 317 179 12 26 0.73
1476 317 181 12 24 0.57
1477 317 178 14 28 0.49
1478 317 178 15 29 0.47
1543 600 11 38 101 0.37
1552 600 167 37 52 0.44
1553 608 168 28 54 0.34
1638 70 100 32 100 0.33
1675 147 139 17 23 0.31
1691 426 121 36 94 0.43
1696 429 126 36 96 0.57
1719 599 170 37 48 0.46
1720 604 175 31 45 0.41
1725 427 120 17 44 0.30
1745 104 144 21 48 0.57
1746 103 145 20 47 0.52
1747 103 148 15 49 0.46
1748 102 147 16 48 0.64
1749 435 112 24 55 0.67
1749 100 149 18 46 0.48
1752 94 152 14 47 0.69
1752 155 132 28 64 0.46
1753 92 152 17 50 0.60
1754 216 152 14 49 0.34
1755 89 149 18 54 0.51
1755 215 153 14 50 0.48
1756 415 181 13 36 0.31
1760 83 154 18 48 0.61
1761 82 150 20 53 0.64
1761 89 146 18 57 0.46
1761 95 145 13 55 0.44
1762 83 151 16 55 0.68
1767 144 135 30 58 0.58
1767 77 149 22 62 0.55
1768 76 151 21 60 0.34
1770 77 152 19 60 0.44
1771 77 151 18 58 0.63
1784 59 151 20 61 0.55
1791 53 150 19 64 0.57
1792 50 151 21 64 0.62
1793 48 150 19 66 0.43
1794 46 150 20 69 0.76
1800 134 129 26 70 0.42
1815 4 88 65 92 0.42
