6 198 137 43 83 0.50
15 607 84 27 86 0.53
15 427 175 14 44 0.37
33 433 168 16 53 0.75
33 440 169 15 49 0.38
37 441 174 14 45 0.48
37 435 173 18 49 0.36
38 441 173 14 44 0.36
39 442 169 14 46 0.57
39 436 168 16 47 0.39
40 443 171 14 50 0.34
41 439 168 17 59 0.85
45 441 168 21 46 0.54
51 453 184 16 46 0.36
52 451 178 20 55 0.56
52 480 131 43 88 0.46
53 453 180 20 53 0.64
54 455 175 17 56 0.65
55 456 175 20 56 0.50
57 123 147 18 44 0.41
58 122 151 17 37 0.45
59 464 177 17 53 0.59
74 495 109 128 120 0.39
75 507 99 106 132 0.43
76 511 88 104 141 0.58
82 527 120 73 106 0.69
83 528 109 75 123 0.42
90 154 124 56 98 0.68
92 562 107 69 127 0.53
102 247 199 9 19 0.31
110 6 191 13 44 0.43
111 302 161 40 51 0.76
116 488 189 12 36 0.36
119 589 137 24 101 0.75
121 598 156 24 81 0.46
121 238 197 9 20 0.32
123 117 164 13 59 0.39
124 237 192 11 25 0.38
124 118 167 10 53 0.36
129 508 140 20 78 0.64
130 116 174 17 47 0.54
131 116 176 15 46 0.72
131 120 177 15 43 0.40
132 116 174 14 46 0.34
133 466 179 10 42 0.30
134 467 179 10 41 0.42
134 115 174 14 47 0.31
135 466 176 11 44 0.42
136 528 184 14 36 0.58
137 249 187 11 27 0.41
138 249 190 11 25 0.44
138 244 191 12 24 0.36
139 113 170 14 52 0.40
140 248 187 12 29 0.42
141 475 171 11 45 0.43
142 476 175 10 41 0.30
143 477 175 11 40 0.75
144 477 172 12 43 0.49
145 479 171 10 42 0.42
146 545 120 33 97 0.37
148 563 175 15 41 0.44
152 575 178 16 46 0.67
153 576 177 14 48 0.31
154 584 177 15 47 0.63
155 585 175 18 50 0.32
158 594 175 16 60 0.59
160 604 172 17 54 0.40
161 604 173 19 64 0.52
164 618 176 14 62 0.48
171 514 171 12 38 0.40
172 288 166 35 50 0.44
172 516 172 12 38 0.44
173 288 146 53 66 0.33
174 516 171 12 38 0.30
178 519 168 22 42 0.59
184 523 168 20 43 0.52
185 525 168 18 44 0.66
186 527 170 15 43 0.56
186 100 153 20 49 0.54
187 98 154 21 47 0.49
187 527 167 14 44 0.37
188 93 150 26 50 0.55
188 531 171 14 41 0.41
189 529 165 19 45 0.37
190 529 164 22 48 0.91
190 357 168 36 52 0.45
191 531 165 21 47 0.88
191 364 152 42 64 0.81
192 531 164 22 50 0.67
193 532 165 20 49 0.90
194 533 165 20 50 0.80
194 81 147 28 51 0.56
195 535 167 17 48 0.81
195 81 149 25 50 0.67
196 542 168 13 48 0.69
196 81 151 25 45 0.66
196 536 166 15 48 0.51
197 80 153 23 44 0.49
197 539 159 18 57 0.48
198 538 167 18 48 0.71
198 81 150 22 44 0.38
199 538 166 21 52 0.91
200 540 168 19 49 0.85
200 551 173 14 44 0.50
201 541 166 21 51 0.89
201 553 172 13 45 0.69
202 541 169 21 50 0.84
202 553 172 12 48 0.55
202 73 153 22 41 0.31
203 543 166 19 51 0.92
203 549 168 17 51 0.75
203 552 171 18 49 0.69
204 546 161 21 57 0.94
205 548 161 24 59 0.92
206 549 161 24 57 0.83
206 486 162 44 58 0.80
207 494 162 41 55 0.51
207 550 158 21 60 0.50
208 553 158 21 54 0.82
208 505 160 35 56 0.32
209 521 157 51 58 0.71
210 532 157 49 57 0.81
213 563 154 34 60 0.62
214 565 157 52 58 0.35
216 568 155 27 59 0.71
216 606 152 33 63 0.40
216 585 153 54 69 0.32
217 569 153 23 63 0.95
218 574 151 23 63 0.78
219 575 151 28 62 0.80
219 594 170 14 48 0.64
220 580 148 21 66 0.93
221 583 150 25 64 0.92
222 585 147 24 63 0.80
223 590 148 21 67 0.88
223 600 153 17 63 0.72
224 594 145 25 71 0.87
225 596 144 25 71 0.87
225 604 150 21 65 0.41
226 599 142 26 73 0.93
227 602 142 26 73 0.94
227 598 141 19 63 0.46
228 608 144 23 69 0.92
229 608 143 24 60 0.67
242 79 138 36 64 0.39
245 80 137 41 55 0.30
246 84 135 33 60 0.57
247 76 137 45 59 0.73
249 83 138 34 59 0.56
252 86 139 29 59 0.40
253 88 140 26 56 0.52
287 2 80 47 127 0.33
288 86 127 27 61 0.36
289 374 32 31 66 0.54
291 82 125 32 61 0.49
293 385 26 28 68 0.68
293 84 124 33 62 0.54
294 82 126 30 62 0.66
295 85 125 29 65 0.71
296 84 122 32 67 0.68
297 84 128 30 63 0.79
298 84 126 29 63 0.61
299 84 124 31 68 0.77
300 82 126 35 64 0.83
301 87 126 28 64 0.66
302 87 129 27 62 0.45
303 85 124 31 69 0.66
304 82 126 36 68 0.64
305 84 128 35 67 0.67
306 81 127 41 68 0.71
306 541 202 14 51 0.36
307 85 125 35 68 0.70
308 88 128 31 65 0.75
308 553 209 14 48 0.61
309 89 127 31 66 0.73
310 94 129 24 65 0.45
311 94 124 24 69 0.41
312 89 128 31 68 0.63
312 571 203 16 57 0.37
313 577 201 17 58 0.52
315 89 123 32 73 0.59
316 88 127 36 70 0.65
317 92 123 32 75 0.57
318 606 202 19 65 0.62
318 90 119 34 77 0.46
319 612 206 20 57 0.39
320 95 124 27 72 0.70
321 93 123 31 73 0.66
322 90 123 33 72 0.59
323 94 126 33 70 0.73
324 94 122 32 71 0.64
325 96 121 27 72 0.40
326 93 122 31 73 0.60
327 97 117 24 75 0.30
328 97 120 27 72 0.49
331 92 119 36 74 0.31
347 102 117 35 77 0.36
368 177 146 21 54 0.51
374 171 146 24 55 0.46
375 171 143 19 58 0.35
376 170 145 21 57 0.54
377 170 142 21 56 0.48
378 167 145 27 54 0.66
380 171 143 20 53 0.35
381 168 148 24 50 0.31
382 168 144 23 59 0.43
383 167 147 24 53 0.56
383 162 149 20 53 0.31
387 169 140 24 54 0.41
410 62 66 28 52 0.63
410 218 170 12 29 0.44
410 88 52 26 73 0.43
414 218 168 10 31 0.62
415 218 170 12 29 0.41
417 219 169 10 32 0.31
418 218 169 11 30 0.39
420 46 65 31 47 0.43
420 219 169 9 31 0.32
421 106 154 13 43 0.47
421 219 168 11 33 0.38
423 164 126 28 71 0.40
423 220 169 9 30 0.31
424 170 127 22 71 0.31
428 65 25 40 183 0.44
428 66 42 28 138 0.36
428 220 166 9 35 0.33
432 58 39 42 163 0.33
440 112 141 19 60 0.48
441 112 145 16 51 0.63
442 111 138 19 63 0.41
443 110 137 20 64 0.65
443 85 150 15 43 0.40
444 110 141 19 57 0.67
445 106 141 22 58 0.69
446 105 139 19 60 0.51
447 103 135 18 61 0.35
448 103 143 18 53 0.30
449 101 138 24 59 0.56
450 100 141 25 59 0.53
450 537 159 19 76 0.49
451 101 138 20 56 0.59
453 101 137 18 57 0.40
474 444 185 13 30 0.39
488 469 184 13 29 0.51
491 476 181 11 33 0.66
492 477 181 11 33 0.32
493 478 183 13 31 0.60
494 480 182 12 32 0.71
496 484 183 12 32 0.75
497 485 183 12 32 0.45
498 486 183 14 31 0.52
499 488 182 14 32 0.42
500 490 183 13 31 0.37
501 493 181 13 32 0.45
502 493 182 13 32 0.31
505 499 184 13 32 0.58
506 502 183 13 34 0.75
507 503 184 15 32 0.41
508 507 184 12 32 0.34
509 507 184 15 33 0.44
510 509 185 13 31 0.53
511 513 183 12 34 0.58
512 512 182 16 36 0.40
513 515 181 15 37 0.57
514 519 181 13 36 0.32
515 520 184 16 33 0.43
516 522 181 13 37 0.54
517 524 180 13 38 0.40
518 526 178 11 37 0.60
519 526 176 15 40 0.62
520 529 178 14 40 0.94
521 531 180 13 38 0.85
522 530 179 17 41 0.86
523 533 179 15 42 0.84
524 130 57 25 78 0.43
524 535 179 14 41 0.31
525 538 182 14 38 0.71
527 32 131 22 73 0.34
527 541 183 13 32 0.32
528 543 179 16 39 0.46
530 549 184 13 34 0.45
534 136 139 22 80 0.44
534 100 57 21 59 0.36
535 119 49 24 85 0.43
540 569 184 17 44 0.75
540 0 123 23 88 0.48
541 570 185 20 43 0.67
542 574 186 18 43 0.91
543 576 184 18 43 0.60
544 579 185 17 43 0.51
545 582 185 19 44 0.83
546 583 188 19 41 0.90
547 586 185 19 45 0.96
548 591 190 18 40 0.52
549 593 186 21 47 0.93
550 595 185 20 48 0.95
551 598 183 20 50 0.86
552 602 182 19 53 0.94
553 604 181 20 53 0.95
554 605 182 22 53 0.96
555 608 183 19 55 0.89
557 612 182 22 55 0.36
558 618 182 17 57 0.74
559 621 181 16 57 0.71
570 30 2 68 124 0.40
585 174 142 16 52 0.35
588 226 140 31 49 0.60
611 412 143 20 41 0.49
640 614 172 15 39 0.54
662 183 141 23 52 0.46
666 80 139 25 74 0.40
693 224 145 13 48 0.58
694 30 177 11 43 0.60
694 35 179 10 42 0.45
695 30 175 10 43 0.53
695 221 145 14 40 0.47
695 36 175 11 44 0.46
695 226 145 11 37 0.37
695 492 184 21 46 0.34
696 29 178 7 41 0.40
697 18 178 12 43 0.58
697 24 178 12 42 0.35
698 22 175 13 49 0.67
698 16 175 14 48 0.56
698 498 184 19 48 0.54
699 14 176 13 46 0.62
699 498 184 20 47 0.51
699 10 176 15 47 0.49
700 499 183 19 48 0.77
703 502 182 24 50 0.34
706 507 179 24 53 0.36
708 508 182 26 52 0.76
711 511 182 27 53 0.55
713 514 182 31 54 0.33
716 515 185 17 53 0.38
723 531 184 35 57 0.42
727 38 140 21 59 0.54
734 17 139 20 68 0.48
735 16 135 19 74 0.40
738 1 130 27 74 0.30
740 0 140 19 71 0.35
758 582 185 19 32 0.32
762 593 186 21 33 0.31
764 597 183 18 35 0.35
787 380 116 25 74 0.38
819 415 127 16 64 0.35
841 422 125 19 67 0.32
857 186 146 13 56 0.30
862 427 113 25 79 0.47
870 430 117 27 76 0.32
886 385 139 13 26 0.33
887 444 109 28 87 0.34
921 451 131 20 58 0.69
990 424 131 35 44 0.44
1004 411 132 44 50 0.33
1055 419 132 40 56 0.48
1057 426 137 35 54 0.33
1107 413 142 48 53 0.41
1114 411 145 50 50 0.44
1115 411 147 45 49 0.35
1141 420 144 40 53 0.32
1149 423 150 26 36 0.33
1165 415 147 37 57 0.31
1179 1 175 57 103 0.47
1181 4 174 68 107 0.51
1182 10 175 64 103 0.77
1183 9 174 68 107 0.68
1185 13 186 75 87 0.40
1187 17 179 90 105 0.63
1188 20 178 97 108 0.70
1203 421 152 33 43 0.35
1205 114 181 73 85 0.31
1207 133 179 65 75 0.57
1207 420 147 42 56 0.39
1208 137 181 60 81 0.67
1209 141 179 59 88 0.40
1213 160 173 55 89 0.34
1214 167 173 38 77 0.63
1216 178 174 48 85 0.98
1217 181 169 54 92 0.97
1218 185 174 51 86 0.80
1219 189 180 48 80 0.73
1221 197 176 47 82 0.54
1222 200 177 42 73 0.75
1223 201 180 47 80 0.92
1224 206 180 44 73 0.97
1225 210 173 46 83 0.95
1226 214 175 43 79 0.83
1227 218 178 45 76 0.77
1228 219 179 45 76 0.82
1229 224 186 42 70 0.86
1230 226 184 44 74 0.98
1231 227 190 47 62 0.90
1232 231 186 44 68 0.82
1233 236 181 40 71 0.83
1234 238 183 42 71 0.61
1235 240 183 39 69 0.91
1236 244 180 38 73 0.97
1237 247 189 39 63 0.82
1238 249 183 43 69 0.77
1239 253 188 35 64 0.83
1240 255 183 38 70 0.88
1241 258 181 34 70 0.94
1242 261 183 36 69 0.93
1243 263 182 35 71 0.98
1244 264 188 35 63 0.70
1245 266 190 34 60 0.80
1246 268 188 35 61 0.59
1247 271 187 34 59 0.91
1248 275 187 29 57 0.88
1249 275 181 34 66 0.95
1250 276 190 35 56 0.93
1251 280 183 30 64 0.95
1252 281 184 33 59 0.96
1253 283 184 30 60 0.93
1254 285 185 29 61 0.94
1255 287 183 32 62 0.94
1256 290 189 30 58 0.97
1257 291 191 28 57 0.97
1258 291 188 29 59 0.98
1259 294 187 27 59 0.98
1260 294 188 28 57 0.98
1261 295 187 29 60 0.99
1262 296 187 28 58 0.98
1263 297 189 28 55 0.94
1264 299 187 25 53 0.86
1265 299 191 28 52 0.85
1266 300 188 28 54 0.94
1267 302 187 26 54 0.79
1268 305 186 23 48 0.86
1269 305 188 24 51 0.87
1270 306 186 24 53 0.90
1271 305 184 26 56 0.94
1272 306 185 25 54 0.94
1273 306 184 26 55 0.95
1274 306 184 27 56 0.96
1275 306 185 27 52 0.90
1276 308 185 26 51 0.95
1277 308 189 27 48 0.89
1278 310 188 26 48 0.83
1279 312 188 25 50 0.89
1280 312 187 26 48 0.83
1281 312 185 25 49 0.94
1282 313 190 24 46 0.87
1283 314 187 23 49 0.92
1284 315 187 23 48 0.78
1285 315 189 22 46 0.84
1286 315 189 24 42 0.64
1287 315 188 22 46 0.85
1288 315 189 23 45 0.77
1289 316 188 23 45 0.93
1290 315 188 24 46 0.90
1291 316 188 22 45 0.86
1292 317 189 21 44 0.93
1293 316 187 22 46 0.96
1294 316 189 24 44 0.98
1295 317 190 22 43 0.88
1296 318 190 24 42 0.85
1297 318 191 26 41 0.73
1298 318 190 23 43 0.88
1299 318 190 24 41 0.80
1300 319 191 23 41 0.85
1301 319 188 24 44 0.86
1302 319 193 23 40 0.52
1303 320 193 20 38 0.45
1304 320 195 20 36 0.41
1305 320 192 19 37 0.52
1306 320 192 22 39 0.58
1308 320 191 24 40 0.71
1310 321 189 21 40 0.78
1312 320 189 22 41 0.87
1313 321 189 20 40 0.65
1314 321 189 20 40 0.87
1316 321 189 21 40 0.86
1317 322 190 19 38 0.63
1318 322 189 21 40 0.62
1319 321 187 21 41 0.60
1320 321 187 22 40 0.74
1321 321 190 23 37 0.36
1323 321 190 20 35 0.35
1324 321 191 19 34 0.41
1326 321 189 20 39 0.49
1329 320 192 21 36 0.88
1333 320 192 20 36 0.48
1334 320 191 21 37 0.41
1335 320 192 22 35 0.48
1336 320 192 19 35 0.40
1337 320 191 21 36 0.53
1338 320 191 22 36 0.57
1339 318 193 24 34 0.50
1340 319 192 22 36 0.55
1342 317 193 20 33 0.56
1343 319 192 17 35 0.77
1344 319 193 18 35 0.33
1345 319 192 17 34 0.75
1346 318 194 17 31 0.67
1347 318 194 18 32 0.77
1348 318 194 18 33 0.85
1349 319 195 17 34 0.73
1350 318 194 18 33 0.87
1351 318 194 18 34 0.83
1352 319 193 18 33 0.77
1353 319 195 18 32 0.61
1354 319 194 18 33 0.75
1355 320 195 17 32 0.83
1356 320 195 18 33 0.77
1357 319 195 19 32 0.82
1358 320 195 17 32 0.84
1359 319 195 19 31 0.77
1359 433 152 37 51 0.37
1360 321 195 17 32 0.84
1361 320 194 17 32 0.69
1362 321 194 16 31 0.62
1363 320 194 18 31 0.72
1364 322 195 16 31 0.87
1364 432 146 36 54 0.61
1365 321 195 17 31 0.73
1366 322 194 16 32 0.73
1366 433 147 35 50 0.37
1367 321 194 16 32 0.79
1368 321 195 16 31 0.74
1369 322 194 16 32 0.84
1369 433 153 34 43 0.38
1370 322 194 15 32 0.71
1371 321 194 17 32 0.80
1372 321 195 16 30 0.75
1372 430 146 37 52 0.66
1373 322 195 15 32 0.84
1374 322 194 16 34 0.84
1375 323 194 15 32 0.70
1376 324 194 14 32 0.77
1377 324 194 14 33 0.77
1378 324 195 14 31 0.72
1379 431 146 36 53 0.70
1379 323 194 15 31 0.57
1380 324 195 13 31 0.55
1381 432 145 35 53 0.62
1381 325 194 12 32 0.58
1382 325 196 13 29 0.74
1383 325 194 12 31 0.74
1384 324 193 15 31 0.80
1385 325 195 15 30 0.74
1386 325 195 13 29 0.63
1387 325 195 14 27 0.46
1388 327 194 13 31 0.40
1389 326 195 14 28 0.75
1390 326 193 16 31 0.80
1391 326 193 16 30 0.77
1392 326 193 16 31 0.79
1393 326 193 16 31 0.75
1394 325 192 17 31 0.86
1395 326 192 16 32 0.89
1396 326 193 16 29 0.88
1397 327 195 15 28 0.86
1398 326 195 14 28 0.79
1398 359 192 11 20 0.41
1399 326 195 16 28 0.83
1400 328 196 13 26 0.74
1401 327 194 13 27 0.77
1402 327 196 12 26 0.50
1404 328 194 12 25 0.39
1404 359 188 9 20 0.37
1405 329 197 12 22 0.44
1406 328 196 14 24 0.43
1407 328 197 14 23 0.61
1408 329 196 13 24 0.58
1410 329 191 14 28 0.70
1410 333 195 12 23 0.31
1411 331 193 13 28 0.54
1412 330 192 14 28 0.59
1414 332 190 12 30 0.48
1422 337 190 9 26 0.40
1424 338 191 8 24 0.33
1424 335 191 9 22 0.31
1434 383 159 23 45 0.31
1445 328 184 10 24 0.52
1447 327 183 11 25 0.57
1448 327 183 11 25 0.51
1449 327 183 11 25 0.68
1449 145 142 12 26 0.38
1450 329 181 9 26 0.48
1451 327 181 10 25 0.40
1453 328 178 8 26 0.75
1453 330 179 9 25 0.43
1453 325 179 10 25 0.40
1456 324 177 12 27 0.42
1459 323 176 12 26 0.49
1460 322 175 12 29 0.66
1460 326 175 11 28 0.49
1460 475 18 62 129 0.44
1462 320 175 14 29 0.31
1466 319 177 12 27 0.41
1468 317 177 13 27 0.56
1469 317 177 14 27 0.57
1470 317 175 12 30 0.78
1471 317 178 12 28 0.65
1472 316 178 14 27 0.50
1473 316 178 13 27 0.40
1474 318 178 11 25 0.70
1475 317 179 11 26 0.78
1476 317 179 12 26 0.51
1476 542 0 93 176 0.38
1477 317 177 14 29 0.61
1503 318 181 16 25 0.38
1542 317 181 13 23 0.42
1553 609 167 26 51 0.43
1554 615 170 21 45 0.30
1627 423 115 29 61 0.38
1660 579 15 53 216 0.35
1689 145 144 15 52 0.38
1719 599 171 37 47 0.60
1720 604 174 31 46 0.44
1723 56 178 24 38 0.65
1745 103 143 19 54 0.60
1746 103 146 16 47 0.66
1747 103 148 15 48 0.45
1748 102 145 17 51 0.59
1749 435 113 23 56 0.72
1749 99 147 20 49 0.52
1752 94 150 14 50 0.80
1753 92 153 17 48 0.74
1755 88 150 18 55 0.66
1755 153 132 27 64 0.42
1756 89 151 18 53 0.30
1758 85 153 17 50 0.53
1759 85 152 17 52 0.70
1760 84 154 16 48 0.40
1762 84 150 14 51 0.62
1762 94 144 17 56 0.42
1765 80 152 20 54 0.61
1771 75 150 19 59 0.58
1772 74 149 18 62 0.34
1774 138 134 32 58 0.43
1774 73 149 18 64 0.36
1774 83 144 18 67 0.31
1774 94 145 15 65 0.30
1775 70 149 19 66 0.44
1779 0 186 8 49 0.47
1779 66 154 19 59 0.33
1783 62 150 18 65 0.31
1784 60 151 20 63 0.73
1790 55 152 18 62 0.61
1791 52 149 19 66 0.43
1792 52 153 18 61 0.45
1793 49 151 18 63 0.69
1794 46 152 20 65 0.64
1805 30 150 23 66 0.62
1818 7 118 55 56 0.47
1829 430 141 17 58 0.35
