0,16.537,20.810
1,16.533,20.801
2,16.525,20.764
3,16.517,20.739
4,16.531,20.795
5,16.521,20.782
6,16.539,20.795
7,16.509,20.731
8,16.525,20.771
9,16.545,20.810
10,16.536,20.799
11,16.534,20.790
12,16.514,20.756
13,16.544,20.794
14,16.511,20.758
15,16.512,20.742
16,16.527,20.756
17,16.501,20.713
18,16.522,20.769
19,16.520,20.750
20,16.504,20.725
21,16.504,20.693
22,16.491,20.685
23,16.551,20.776
24,16.518,20.739
25,16.462,20.618
26,16.472,20.615
27,16.485,20.673
28,16.466,20.611
29,16.486,20.658
30,16.481,20.631
31,16.464,20.590
32,16.435,20.543
33,16.460,20.589
34,16.450,20.562
35,16.447,20.561
36,16.416,20.498
37,16.450,20.575
38,16.450,20.564
39,16.453,20.561
40,16.444,20.547
41,16.439,20.546
42,16.475,20.622
43,16.435,20.544
44,16.439,20.547
45,16.455,20.570
46,16.459,20.579
47,16.438,20.553
48,16.458,20.598
49,16.467,20.609
50,16.452,20.576
51,16.460,20.575
52,16.445,20.547
53,16.450,20.543
54,16.478,20.610
55,16.453,20.576
56,16.466,20.602
57,16.452,20.551
58,16.472,20.578
59,16.450,20.560
60,16.467,20.593
61,16.469,20.590
62,16.440,20.566
63,16.455,20.597
64,16.457,20.606
65,16.472,20.594
66,16.483,20.611
67,16.491,20.641
68,16.499,20.644
69,16.492,20.660
70,16.486,20.634
71,16.500,20.659
72,16.509,20.691
73,16.520,20.702
74,16.535,20.715
75,16.511,20.667
76,16.501,20.670
77,16.520,20.722
78,16.492,20.662
79,16.524,20.718
80,16.524,20.759
81,16.530,20.737
82,16.532,20.729
83,16.536,20.768
84,16.561,20.803
85,16.540,20.756
86,16.551,20.791
87,16.543,20.772
88,16.540,20.763
89,16.536,20.757
90,16.550,20.754
91,16.538,20.749
92,16.534,20.726
93,16.531,20.726
94,16.535,20.691
95,16.520,20.682
96,16.513,20.680
97,16.515,20.680
98,16.522,20.708
99,16.508,20.670
100,16.546,20.747
101,16.519,20.691
102,16.495,20.630
103,16.527,20.668
104,16.509,20.640
105,16.557,20.738
106,16.531,20.686
107,16.501,20.635
108,16.520,20.652
109,16.529,20.694
110,16.557,20.764
111,16.543,20.721
112,16.527,20.694
113,16.548,20.738
114,16.531,20.697
115,16.552,20.740
116,16.515,20.646
117,16.517,20.681
118,16.526,20.685
119,16.529,20.683
120,16.491,20.631
121,16.526,20.709
122,16.490,20.629
123,16.497,20.652
124,16.496,20.632
125,16.525,20.715
126,16.521,20.692
127,16.532,20.716
128,16.517,20.686
129,16.513,20.690
130,16.514,20.683
131,16.515,20.673
132,16.526,20.703
133,16.510,20.692
134,16.523,20.706
135,16.533,20.714
136,16.539,20.746
137,16.529,20.710
138,16.529,20.724
139,16.522,20.701
140,16.524,20.711
141,16.527,20.717
142,16.500,20.651
143,16.517,20.716
144,16.537,20.736
145,16.507,20.663
146,16.494,20.650
147,16.525,20.688
148,16.509,20.704
149,16.510,20.711
150,16.520,20.709
151,16.521,20.695
152,16.532,20.694
153,16.521,20.660
154,16.532,20.624
155,16.585,20.758
156,16.556,20.678
157,16.535,20.621
158,16.558,20.624
159,16.542,20.577
160,16.554,20.598
161,16.586,20.653
162,16.525,20.550
163,16.543,20.600
164,16.571,20.658
165,16.531,20.597
166,16.544,20.612
167,16.546,20.645
168,16.546,20.650
169,16.529,20.606
170,16.526,20.587
171,16.492,20.526
172,16.494,20.521
173,16.474,20.512
174,16.475,20.515
175,16.474,20.530
176,16.494,20.586
177,16.468,20.544
178,16.479,20.586
179,16.469,20.578
180,16.493,20.650
181,16.495,20.674
182,16.491,20.661
183,16.447,20.630
184,16.456,20.633
185,16.432,20.628
186,16.499,20.704
187,16.491,20.682
188,16.535,20.753
189,16.531,20.755
190,16.528,20.749
191,16.505,20.736
192,16.509,20.734
193,16.522,20.762
194,16.516,20.759
195,16.502,20.730
196,16.534,20.794
197,16.518,20.747
198,16.524,20.786
199,16.519,20.744
200,16.538,20.796
201,16.531,20.769
202,16.525,20.765
203,16.530,20.801
204,16.531,20.779
205,16.544,20.811
206,16.550,20.825
207,16.588,20.890
208,16.539,20.811
209,16.530,20.779
210,16.557,20.843
211,16.530,20.812
212,16.575,20.840
213,16.515,20.773
214,16.534,20.771
215,16.545,20.786
216,16.523,20.785
217,16.547,20.801
218,16.533,20.764
219,16.513,20.748
220,16.517,20.745
221,16.514,20.695
222,16.507,20.705
223,16.513,20.710
224,16.522,20.763
225,16.500,20.686
226,16.491,20.672
227,16.497,20.685
228,16.493,20.648
229,16.508,20.698
230,16.498,20.693
231,16.492,20.680
232,16.517,20.711
233,16.497,20.680
234,16.546,20.740
235,16.547,20.713
236,16.547,20.707
237,16.543,20.732
238,16.551,20.720
239,16.513,20.662
240,16.546,20.709
241,16.561,20.777
242,16.528,20.698
243,16.547,20.725
244,16.557,20.738
245,16.549,20.756
246,16.542,20.691
247,16.538,20.710
248,16.546,20.729
249,16.562,20.759
250,16.577,20.793
251,16.574,20.777
252,16.582,20.786
253,16.598,20.824
254,16.611,20.834
255,16.603,20.827
256,16.613,20.835
257,16.613,20.837
258,16.641,20.864
259,16.637,20.846
260,16.655,20.887
261,16.673,20.899
262,16.668,20.878
263,16.695,20.942
264,16.680,20.890
265,16.687,20.866
266,16.709,20.923
267,16.703,20.931
268,16.672,20.863
269,16.693,20.912
270,16.693,20.909
271,16.689,20.899
272,16.692,20.885
273,16.722,20.960
274,16.698,20.912
275,16.713,20.873
276,16.681,20.865
277,16.671,20.850
278,16.667,20.853
279,16.669,20.839
280,16.659,20.839
281,16.685,20.859
282,16.665,20.841
283,16.686,20.856
284,16.683,20.875
285,16.684,20.862
286,16.665,20.854
287,16.679,20.835
288,16.690,20.883
289,16.678,20.873
290,16.705,20.911
291,16.667,20.860
292,16.672,20.862
293,16.679,20.885
294,16.666,20.866
295,16.691,20.896
296,16.680,20.885
297,16.705,20.922
298,16.709,20.960
299,16.707,20.938
300,16.680,20.890
301,16.673,20.856
302,16.702,20.918
303,16.710,20.925
304,16.703,20.914
305,16.722,20.972
306,16.717,20.929
307,16.681,20.902
308,16.738,20.997
309,16.738,20.983
310,16.736,20.991
311,16.734,20.956
312,16.733,20.995
313,16.718,20.972
314,16.724,20.979
315,16.725,20.945
316,16.696,20.923
317,16.748,21.026
318,16.734,20.989
319,16.725,21.002
320,16.751,21.022
321,16.731,20.968
322,16.740,20.999
323,16.720,20.966
324,16.729,20.965
325,16.719,20.945
326,16.721,21.000
327,16.720,20.988
328,16.735,20.989
329,16.699,20.930
330,16.715,20.945
331,16.718,20.953
332,16.692,20.952
333,16.684,20.897
334,16.717,20.980
335,16.692,20.954
336,16.695,20.921
337,16.705,20.951
338,16.690,20.929
339,16.685,20.911
340,16.670,20.908
341,16.661,20.873
342,16.655,20.881
343,16.684,20.920
344,16.651,20.851
345,16.635,20.825
346,16.639,20.830
347,16.620,20.801
348,16.623,20.781
349,16.616,20.792
350,16.619,20.780
351,16.595,20.733
352,16.609,20.755
353,16.613,20.776
354,16.611,20.768
355,16.612,20.784
356,16.608,20.742
357,16.590,20.716
358,16.600,20.735
359,16.595,20.735
360,16.590,20.704
361,16.602,20.745
362,16.584,20.720
363,16.600,20.779
364,16.607,20.796
365,16.594,20.769
366,16.554,20.689
367,16.579,20.735
368,16.574,20.729
369,16.575,20.763
370,16.588,20.769
371,16.549,20.682
372,16.555,20.709
373,16.547,20.712
374,16.539,20.686
375,16.549,20.721
376,16.518,20.671
377,16.501,20.621
378,16.524,20.672
379,16.502,20.622
380,16.486,20.598
381,16.519,20.665
382,16.478,20.600
383,16.519,20.680
384,16.496,20.647
385,16.489,20.648
386,16.482,20.622
387,16.465,20.579
388,16.491,20.622
389,16.515,20.627
390,16.486,20.606
391,16.496,20.602
392,16.486,20.605
393,16.520,20.634
394,16.515,20.643
395,16.533,20.664
396,16.542,20.695
397,16.524,20.676
398,16.533,20.706
399,16.537,20.667
400,16.542,20.673
401,16.571,20.708
402,16.592,20.746
403,16.585,20.683
404,16.593,20.720
405,16.596,20.764
406,16.606,20.741
407,16.609,20.757
408,16.618,20.771
409,16.610,20.752
410,16.596,20.773
411,16.611,20.753
412,16.597,20.744
413,16.612,20.733
414,16.605,20.674
415,16.646,20.723
416,16.650,20.706
417,16.666,20.705
418,16.655,20.627
419,16.707,20.714
420,16.660,20.652
421,16.674,20.629
422,16.719,20.727
423,16.667,20.613
424,16.695,20.651
425,16.673,20.622
426,16.651,20.651
427,16.683,20.690
428,16.669,20.667
429,16.670,20.664
430,16.684,20.666
431,16.691,20.711
432,16.678,20.660
433,16.688,20.682
434,16.692,20.669
435,16.664,20.640
436,16.685,20.667
437,16.700,20.714
438,16.692,20.698
439,16.699,20.712
440,16.682,20.651
441,16.688,20.677
442,16.706,20.699
443,16.678,20.622
444,16.712,20.706
445,16.705,20.708
446,16.690,20.690
447,16.681,20.671
448,16.693,20.681
449,16.671,20.660
450,16.688,20.676
451,16.697,20.706
452,16.695,20.710
453,16.714,20.744
454,16.708,20.705
455,16.692,20.708
456,16.700,20.720
457,16.695,20.698
458,16.719,20.767
459,16.706,20.746
460,16.691,20.717
461,16.699,20.698
462,16.713,20.735
463,16.727,20.760
464,16.716,20.758
465,16.746,20.788
466,16.717,20.768
467,16.721,20.752
468,16.698,20.749
469,16.705,20.751
470,16.758,20.854
471,16.739,20.832
472,16.719,20.792
473,16.741,20.803
474,16.718,20.772
475,16.733,20.795
476,16.708,20.775
477,16.696,20.731
478,16.692,20.710
479,16.690,20.718
480,16.696,20.727
481,16.699,20.746
482,16.687,20.728
483,16.687,20.731
484,16.659,20.696
485,16.665,20.726
486,16.646,20.708
487,16.651,20.703
488,16.653,20.735
489,16.645,20.709
490,16.658,20.740
491,16.621,20.678
492,16.607,20.700
493,16.625,20.708
494,16.621,20.725
495,16.576,20.668
496,16.578,20.709
497,16.584,20.689
498,16.572,20.692
499,16.571,20.679
500,16.583,20.688
501,16.590,20.704
502,16.578,20.693
503,16.590,20.718
504,16.570,20.696
505,16.570,20.694
506,16.569,20.661
507,16.565,20.677
508,16.589,20.737
509,16.552,20.656
510,16.541,20.621
511,16.551,20.665
512,16.557,20.692
513,16.551,20.651
514,16.532,20.632
515,16.532,20.620
516,16.529,20.635
517,16.510,20.597
518,16.516,20.594
519,16.484,20.562
520,16.496,20.577
521,16.466,20.548
522,16.466,20.530
523,16.486,20.565
524,16.474,20.557
525,16.478,20.562
526,16.474,20.589
527,16.480,20.596
528,16.471,20.593
529,16.496,20.627
530,16.449,20.573
531,16.468,20.603
532,16.465,20.603
533,16.451,20.576
534,16.446,20.547
535,16.449,20.549
536,16.441,20.569
537,16.446,20.558
538,16.438,20.556
539,16.431,20.558
540,16.431,20.547
541,16.420,20.524
542,16.410,20.520
543,16.478,20.652
544,16.477,20.640
545,16.477,20.640
546,16.466,20.617
547,16.465,20.616
548,16.446,20.596
549,16.465,20.595
550,16.470,20.605
551,16.436,20.545
552,16.503,20.638
553,16.487,20.610
554,16.506,20.646
555,16.534,20.674
556,16.495,20.609
557,16.529,20.690
558,16.523,20.637
559,16.552,20.671
560,16.553,20.694
561,16.556,20.656
562,16.570,20.666
563,16.573,20.657
564,16.575,20.654
565,16.592,20.665
566,16.605,20.687
567,16.604,20.709
568,16.613,20.670
569,16.666,20.728
570,16.685,20.742
571,16.709,20.726
572,16.726,20.696
573,16.791,20.735
574,16.817,20.770
575,16.861,20.737
576,16.838,20.790
577,16.849,20.806
578,16.848,20.772
579,16.806,20.790
580,16.761,20.687
581,16.774,20.736
582,16.763,20.743
583,16.758,20.706
584,16.780,20.715
585,16.815,20.739
586,16.849,20.776
587,16.827,20.735
588,16.844,20.754
589,16.821,20.722
590,16.834,20.734
591,16.847,20.764
592,16.834,20.749
593,16.865,20.792
594,16.856,20.784
595,16.860,20.798
596,16.870,20.816
597,16.859,20.760
598,16.865,20.787
599,16.848,20.785
600,16.862,20.770
601,16.844,20.739
602,16.851,20.768
603,16.860,20.762
604,16.873,20.750
605,16.853,20.747
606,16.846,20.718
607,16.842,20.710
608,16.872,20.766
609,16.835,20.682
610,16.866,20.768
611,16.835,20.724
612,16.821,20.728
613,16.822,20.743
614,16.797,20.703
615,16.780,20.677
616,16.780,20.727
617,16.778,20.709
618,16.747,20.671
619,16.757,20.714
620,16.751,20.719
621,16.724,20.699
622,16.739,20.748
623,16.701,20.725
624,16.693,20.725
625,16.713,20.761
626,16.754,20.859
627,16.742,20.860
628,16.729,20.853
629,16.710,20.816
630,16.701,20.825
631,16.701,20.797
632,16.651,20.738
633,16.693,20.809
634,16.658,20.742
635,16.627,20.748
636,16.670,20.805
637,16.666,20.806
638,16.658,20.816
639,16.644,20.772
640,16.643,20.799
641,16.645,20.821
642,16.619,20.768
643,16.651,20.841
644,16.638,20.849
645,16.629,20.805
646,16.625,20.842
647,16.615,20.814
648,16.581,20.745
649,16.603,20.771
650,16.587,20.774
651,16.633,20.881
652,16.601,20.792
653,16.607,20.863
654,16.609,20.864
655,16.624,20.917
656,16.602,20.885
657,16.607,20.888
658,16.617,20.948
659,16.597,20.898
660,16.602,20.915
661,16.572,20.876
662,16.588,20.913
663,16.581,20.889
664,16.567,20.878
665,16.568,20.866
666,16.566,20.890
667,16.573,20.898
668,16.563,20.872
669,16.617,21.005
670,16.566,20.923
671,16.612,21.005
672,16.575,20.965
673,16.597,20.985
674,16.577,20.938
675,16.630,21.039
676,16.583,20.949
677,16.614,20.980
678,16.581,20.926
679,16.580,20.935
680,16.580,20.956
681,16.601,20.986
682,16.599,20.960
683,16.603,20.976
684,16.627,21.045
685,16.581,20.946
686,16.579,20.958
687,16.597,20.970
688,16.592,20.970
689,16.603,20.980
690,16.660,21.121
691,16.648,21.112
692,16.646,21.065
693,16.658,21.055
694,16.696,21.143
695,16.695,21.143
696,16.718,21.183
697,16.703,21.111
698,16.735,21.212
699,16.720,21.185
700,16.711,21.156
701,16.716,21.188
702,16.684,21.116
703,16.718,21.167
704,16.705,21.168
705,16.685,21.093
706,16.662,21.104
707,16.631,21.096
708,16.657,21.163
709,16.640,21.146
710,16.641,21.184
711,16.626,21.126
712,16.623,21.095
713,16.628,21.083
714,16.641,21.051
715,16.674,21.156
716,16.655,21.085
717,16.640,21.051
718,16.635,21.054
719,16.637,21.059
720,16.626,21.028
721,16.620,21.031
722,16.635,21.056
723,16.686,21.130
724,16.647,21.038
725,16.632,20.962
726,16.700,21.105
727,16.689,21.027
728,16.718,21.085
729,16.706,21.051
730,16.752,21.110
731,16.738,21.087
732,16.754,21.044
733,16.820,21.102
734,16.879,21.150
735,16.840,21.023
736,16.910,21.203
737,16.926,21.187
738,16.817,21.073
739,16.843,21.127
740,16.855,21.143
741,16.874,21.215
742,16.848,21.133
743,16.846,21.112
744,16.855,21.162
745,16.896,21.267
746,16.894,21.262
747,16.922,21.254
748,16.920,21.256
749,16.917,21.237
750,16.899,21.167
751,16.909,21.255
752,16.885,21.204
753,16.898,21.181
754,16.903,21.221
755,16.908,21.210
756,16.947,21.273
757,16.944,21.259
758,16.968,21.322
759,16.966,21.318
760,16.988,21.322
761,16.978,21.330
762,16.987,21.317
763,16.991,21.325
764,16.960,21.330
765,16.994,21.394
766,16.992,21.377
767,16.965,21.343
768,16.964,21.358
769,16.936,21.357
770,16.941,21.352
771,16.928,21.343
772,16.918,21.321
773,16.932,21.394
774,16.925,21.390
775,16.916,21.382
776,16.891,21.368
777,16.888,21.385
778,16.864,21.335
779,16.879,21.381
780,16.887,21.340
781,16.951,21.394
782,16.932,21.326
783,16.965,21.392
784,16.975,21.435
785,16.959,21.404
786,16.996,21.440
787,17.001,21.444
788,16.994,21.424
789,17.008,21.405
790,17.051,21.512
791,17.027,21.477
792,17.048,21.455
793,17.036,21.438
794,17.010,21.351
795,17.062,21.424
796,17.076,21.397
797,17.109,21.423
798,17.126,21.460
799,17.175,21.518
800,17.210,21.585
801,17.219,21.557
802,17.198,21.497
803,17.253,21.599
804,17.194,21.566
805,17.201,21.611
806,17.175,21.600
807,17.209,21.728
808,17.129,21.513
809,17.200,21.695
810,17.123,21.553
811,17.150,21.653
812,17.133,21.570
813,17.127,21.530
814,17.066,21.434
815,16.999,21.401
816,16.997,21.368
817,17.021,21.455
818,17.026,21.457
819,17.002,21.315
820,17.019,21.364
821,16.954,21.208
822,16.939,21.202
823,16.966,21.285
824,16.943,21.205
825,16.960,21.166
826,16.997,21.164
827,17.038,21.244
828,16.952,21.116
829,16.950,21.180
830,16.926,21.146
831,16.913,21.081
832,16.938,21.133
833,16.935,21.172
834,17.014,21.283
835,16.976,21.297
836,16.969,21.225
837,17.008,21.258
838,17.032,21.310
839,17.027,21.254
840,17.010,21.063
841,17.012,21.038
842,17.058,20.993
843,17.082,21.045
844,17.108,21.066
845,17.122,21.037
846,17.091,21.049
847,17.088,21.069
848,17.091,21.061
849,17.064,21.019
850,17.077,21.090
851,17.012,20.952
852,17.035,21.049
853,17.028,21.036
854,17.040,21.171
855,16.862,20.967
856,16.897,20.953
857,16.827,20.928
858,16.785,20.854
859,16.696,20.724
860,16.735,20.760
861,16.734,20.736
862,16.737,20.699
863,16.730,20.647
864,16.666,20.627
865,16.672,20.648
866,16.666,20.635
867,16.683,20.624
868,16.674,20.581
869,16.623,20.522
870,16.609,20.586
871,16.679,20.765
872,16.787,20.994
873,16.747,20.819
874,16.720,20.761
875,16.725,20.851
876,16.630,20.705
877,16.615,20.674
878,16.614,20.646
879,16.672,20.638
880,16.642,20.599
881,16.656,20.630
882,16.698,20.731
883,16.644,20.600
884,16.615,20.515
885,16.582,20.416
886,16.608,20.511
887,16.633,20.571
888,16.563,20.437
889,16.545,20.413
890,16.554,20.478
891,16.533,20.510
892,16.527,20.608
893,16.432,20.377
894,16.314,20.183
895,16.266,20.119
896,16.244,20.105
897,16.227,20.104
898,16.229,20.130
899,16.233,20.164
900,16.206,20.108
901,16.178,20.061
902,16.202,20.126
903,16.211,20.143
904,16.204,20.128
905,16.160,20.055
906,16.153,20.015
907,16.121,19.974
908,16.114,20.004
909,16.059,19.908
910,16.023,19.818
911,15.999,19.782
912,15.914,19.584
913,15.865,19.518
914,15.800,19.412
915,15.725,19.284
916,15.660,19.190
917,15.599,19.074
918,15.587,19.071
919,15.565,19.036
920,15.544,18.990
921,15.536,18.983
922,15.509,18.949
923,15.536,19.008
924,15.530,19.021
925,15.554,19.062
926,16.019,19.638
927,16.771,20.640
928,16.776,20.654
929,16.777,20.636
930,16.456,20.131
931,16.155,19.716
932,16.274,19.871
933,16.463,20.138
934,16.379,19.999
935,16.310,19.883
936,16.317,19.897
937,16.035,19.482
938,16.148,19.690
939,16.202,19.707
940,16.223,19.747
941,16.252,19.789
942,16.198,19.691
943,16.180,19.663
944,16.253,19.733
945,16.042,19.411
946,16.108,19.549
947,16.291,19.847
948,16.316,19.864
949,16.021,19.454
950,16.089,19.498
951,16.128,19.590
952,15.956,19.369
953,16.351,19.875
954,16.436,20.007
955,16.446,19.984
956,16.417,19.917
957,16.341,19.761
958,16.279,19.724
959,16.206,19.603
960,16.156,19.546
961,16.271,19.584
962,16.421,19.750
963,16.424,19.726
964,16.487,19.820
965,16.500,19.780
966,16.445,19.662
967,16.556,19.814
968,16.661,19.918
969,16.791,20.063
970,16.855,20.129
971,16.903,20.160
972,16.958,20.213
973,17.017,20.289
974,17.011,20.291
975,17.007,20.282
976,17.010,20.364
977,16.976,20.349
978,16.893,20.285
979,16.889,20.342
980,16.835,20.379
981,16.764,20.322
982,16.701,20.296
983,16.630,20.271
984,16.575,20.289
985,16.525,20.276
986,16.530,20.351
987,16.483,20.291
988,16.556,20.382
989,16.585,20.216
990,16.585,20.239
991,16.543,20.220
992,16.497,20.157
993,16.498,20.179
994,16.477,20.179
995,16.451,20.122
996,16.457,20.180
997,16.511,20.297
998,16.480,20.277
999,16.492,20.302
1000,16.495,20.331
1001,16.451,20.299
1002,16.454,20.323
1003,16.439,20.292
1004,16.403,20.265
1005,16.364,20.203
1006,16.393,20.256
1007,16.365,20.202
1008,16.322,20.142
1009,16.304,20.102
1010,16.306,20.133
1011,16.323,20.160
1012,16.311,20.146
1013,16.289,20.100
1014,16.282,20.120
1015,16.265,20.093
1016,16.238,20.063
1017,16.214,20.041
1018,16.209,20.060
1019,16.209,20.093
1020,16.193,20.048
1021,16.207,20.120
1022,16.215,20.134
1023,16.193,20.088
1024,16.192,20.107
1025,16.226,20.209
1026,16.209,20.173
1027,16.219,20.173
1028,16.231,20.205
1029,16.220,20.186
1030,16.199,20.126
1031,16.218,20.153
1032,16.240,20.205
1033,16.204,20.098
1034,16.208,20.156
1035,16.172,20.026
1036,16.158,19.979
1037,16.082,19.819
1038,16.050,19.742
1039,15.982,19.612
1040,15.944,19.552
1041,15.862,19.417
1042,15.801,19.293
1043,15.724,19.153
1044,15.671,19.072
1045,15.644,19.022
1046,15.610,18.949
1047,15.625,18.982
1048,15.585,18.914
1049,15.600,18.958
1050,15.554,18.890
1051,15.576,18.945
1052,15.566,18.933
1053,15.552,18.923
1054,15.595,18.932
1055,16.510,20.120
1056,16.920,20.585
1057,16.848,20.481
1058,16.764,20.392
1059,16.725,20.340
1060,16.811,20.379
1061,16.742,20.272
1062,16.746,20.300
1063,16.749,20.306
1064,16.594,20.091
1065,16.470,19.987
1066,16.258,19.624
1067,16.512,19.951
1068,16.693,20.140
1069,16.696,20.153
1070,16.718,20.163
1071,16.696,20.099
1072,16.709,20.131
1073,16.517,19.886
1074,16.455,19.815
1075,16.620,19.964
1076,16.625,19.970
1077,16.638,20.028
1078,16.628,19.972
1079,16.626,19.983
1080,16.623,19.968
1081,16.601,19.929
1082,16.463,19.769
1083,16.589,19.906
1084,16.605,19.898
1085,16.609,19.933
1086,16.601,19.920
1087,16.585,19.899
1088,16.586,19.874
1089,16.555,19.834
1090,16.555,19.808
1091,16.567,19.826
1092,16.572,19.835
1093,16.561,19.774
1094,16.598,19.861
1095,16.572,19.816
1096,16.575,19.849
1097,16.549,19.817
1098,16.519,19.750
1099,16.444,19.614
1100,16.466,19.685
1101,16.443,19.666
1102,16.443,19.653
1103,16.429,19.647
1104,16.409,19.614
1105,16.416,19.639
1106,16.408,19.632
1107,16.413,19.660
1108,16.429,19.710
1109,16.414,19.686
1110,16.450,19.736
1111,16.411,19.673
1112,16.420,19.707
1113,16.399,19.696
1114,16.363,19.606
1115,16.345,19.591
1116,16.361,19.637
1117,16.380,19.677
1118,16.399,19.706
1119,16.206,19.426
1120,15.998,19.159
1121,16.411,19.713
1122,16.404,19.713
1123,16.385,19.675
1124,16.398,19.694
1125,16.398,19.712
1126,16.386,19.685
1127,16.393,19.703
1128,16.385,19.719
1129,16.392,19.741
1130,16.372,19.697
1131,16.362,19.684
1132,16.339,19.648
1133,16.336,19.660
1134,16.330,19.640
1135,16.297,19.591
1136,16.287,19.595
1137,16.275,19.594
1138,16.253,19.560
1139,16.254,19.564
1140,16.225,19.532
1141,16.285,19.606
1142,16.266,19.558
1143,16.304,19.650
1144,16.319,19.674
1145,16.335,19.701
1146,16.362,19.766
1147,16.354,19.759
1148,16.376,19.779
1149,16.406,19.830
1150,16.382,19.777
1151,16.389,19.797
1152,16.431,19.863
1153,16.436,19.840
1154,16.443,19.863
1155,16.443,19.877
1156,16.447,19.864
1157,16.352,19.726
1158,16.053,19.338
1159,16.024,19.358
1160,16.030,19.354
1161,16.145,19.510
1162,16.151,19.520
1163,16.039,19.366
1164,16.322,19.746
1165,16.551,20.046
1166,16.561,20.058
1167,16.576,20.068
1168,16.587,20.074
1169,16.631,20.152
1170,16.636,20.157
1171,16.655,20.204
1172,16.655,20.177
1173,16.572,20.047
1174,16.589,20.103
1175,16.678,20.219
1176,16.699,20.275
1177,16.727,20.276
1178,16.731,20.305
1179,16.703,20.247
1180,16.726,20.298
1181,16.763,20.391
1182,16.736,20.321
1183,16.768,20.381
1184,16.764,20.367
1185,16.805,20.455
1186,16.803,20.452
1187,16.785,20.386
1188,16.794,20.383
1189,16.815,20.453
1190,16.832,20.456
1191,16.856,20.468
1192,16.828,20.417
1193,16.868,20.506
1194,16.888,20.534
1195,16.892,20.556
1196,16.907,20.571
1197,16.902,20.574
1198,16.905,20.588
1199,16.912,20.602
1200,16.936,20.604
1201,16.974,20.680
1202,16.993,20.718
1203,17.020,20.782
1204,17.026,20.749
1205,17.021,20.731
1206,17.054,20.795
1207,17.039,20.817
1208,17.045,20.811
1209,17.030,20.776
1210,17.039,20.809
1211,17.015,20.769
1212,17.029,20.819
1213,17.026,20.828
1214,17.028,20.838
1215,16.996,20.781
1216,16.999,20.798
1217,16.981,20.816
1218,16.938,20.754
1219,16.929,20.761
1220,16.866,20.681
1221,16.860,20.666
1222,16.817,20.650
1223,16.805,20.638
1224,16.844,20.760
1225,16.786,20.641
1226,16.789,20.677
1227,16.777,20.643
1228,16.766,20.680
1229,16.748,20.684
1230,16.701,20.616
1231,16.685,20.603
1232,16.658,20.567
1233,16.664,20.602
1234,16.661,20.612
1235,16.708,20.720
1236,16.663,20.625
1237,16.665,20.652
1238,16.645,20.642
1239,16.642,20.630
1240,16.629,20.658
1241,16.625,20.603
1242,16.610,20.642
1243,16.611,20.647
1244,16.617,20.649
1245,16.768,20.911
1246,16.699,20.880
1247,16.680,20.864
1248,16.679,20.841
1249,16.678,20.832
1250,16.641,20.769
1251,16.651,20.822
1252,16.652,20.816
1253,16.651,20.802
1254,16.661,20.795
1255,16.647,20.775
1256,16.660,20.804
1257,16.670,20.819
1258,16.710,20.873
1259,16.703,20.856
1260,16.746,20.948
1261,16.768,20.988
1262,16.751,20.970
1263,16.785,21.004
1264,16.766,20.965
1265,16.788,21.032
1266,16.754,20.967
1267,16.767,20.999
1268,16.763,20.961
1269,16.748,20.953
1270,16.738,20.925
1271,16.750,20.917
1272,16.753,20.959
1273,16.771,20.972
1274,16.772,20.962
1275,16.769,20.962
1276,16.776,20.975
1277,16.793,21.018
1278,16.787,21.004
1279,16.781,21.007
1280,16.797,21.027
1281,16.792,21.061
1282,16.800,21.063
1283,16.766,21.030
1284,16.780,21.020
1285,16.780,21.033
1286,16.791,21.059
1287,16.812,21.113
1288,16.783,21.070
1289,16.750,21.030
1290,16.795,21.067
1291,16.811,21.067
1292,16.812,21.094
1293,16.764,20.973
1294,16.761,20.987
1295,16.758,20.967
1296,16.739,20.916
1297,16.757,20.921
1298,16.713,20.845
1299,16.685,20.819
1300,16.704,20.845
1301,16.692,20.822
1302,16.715,20.823
1303,16.740,20.827
1304,16.728,20.809
1305,16.704,20.790
1306,16.691,20.776
1307,16.652,20.757
1308,16.589,20.641
1309,16.576,20.615
1310,16.575,20.564
1311,16.572,20.440
1312,16.589,20.424
1313,16.642,20.539
1314,16.526,20.315
1315,16.521,20.309
1316,16.461,20.191
1317,16.457,20.183
1318,16.425,20.112
1319,16.420,20.149
1320,16.348,19.954
1321,16.326,19.978
1322,16.210,19.748
1323,16.104,19.520
1324,16.057,19.461
1325,16.000,19.393
1326,15.885,19.241
1327,15.806,19.092
1328,15.722,18.988
1329,15.664,18.945
1330,15.647,18.958
1331,15.529,18.827
1332,15.506,18.837
1333,15.509,18.871
1334,15.521,18.886
1335,15.525,18.933
1336,15.538,18.974
1337,15.525,18.974
1338,15.500,18.914
1339,15.489,18.874
1340,15.374,18.635
1341,15.498,18.923
1342,15.473,18.890
1343,16.110,19.495
1344,16.396,19.945
1345,16.384,19.878
1346,16.329,19.780
1347,15.701,18.915
1348,15.659,18.890
1349,15.865,19.097
1350,15.605,18.860
1351,16.075,19.425
1352,16.170,19.494
1353,16.257,19.634
1354,16.246,19.578
1355,16.197,19.424
1356,16.241,19.549
1357,16.211,19.491
1358,16.148,19.408
1359,16.248,19.485
1360,16.240,19.461
1361,16.175,19.345
1362,16.188,19.377
1363,16.255,19.434
1364,16.316,19.498
1365,16.363,19.508
1366,16.357,19.508
1367,16.404,19.585
1368,16.399,19.521
1369,16.404,19.512
1370,16.334,19.396
1371,16.363,19.401
1372,16.329,19.331
1373,16.198,19.139
1374,16.450,19.431
1375,16.446,19.361
1376,16.455,19.356
1377,16.480,19.379
1378,16.472,19.352
1379,16.448,19.343
1380,16.397,19.305
1381,16.293,19.206
1382,16.213,19.176
1383,16.172,19.166
1384,16.184,19.186
1385,16.204,19.230
1386,16.183,19.242
1387,16.078,19.102
1388,16.022,19.072
1389,16.036,19.327
1390,16.111,19.514
1391,16.047,19.498
1392,15.903,19.059
1393,16.168,19.325
1394,16.181,19.351
1395,15.949,19.118
1396,15.702,18.878
1397,15.977,19.290
1398,15.927,19.181
1399,16.098,19.388
1400,16.293,19.607
1401,16.330,19.679
1402,16.102,19.361
1403,16.268,19.582
1404,16.352,19.677
1405,16.196,19.508
1406,15.917,19.176
1407,16.007,19.287
1408,16.395,19.744
1409,16.444,19.813
1410,16.415,19.772
1411,16.424,19.765
1412,16.427,19.777
1413,16.405,19.752
1414,16.380,19.746
1415,16.343,19.672
1416,16.294,19.580
1417,16.284,19.577
1418,16.268,19.571
1419,16.302,19.648
1420,16.351,19.705
1421,16.331,19.666
1422,16.338,19.714
1423,16.309,19.653
1424,16.309,19.664
1425,16.293,19.637
1426,16.296,19.669
1427,16.137,19.427
1428,16.146,19.483
1429,16.200,19.535
1430,16.205,19.536
1431,16.282,19.636
1432,16.418,19.825
1433,16.355,19.713
1434,16.371,19.737
1435,16.342,19.673
1436,16.136,19.422
1437,16.260,19.553
1438,15.942,19.209
1439,15.977,19.236
1440,16.357,19.720
1441,16.307,19.651
1442,16.061,19.327
1443,16.364,19.699
1444,16.160,19.406
1445,16.148,19.396
1446,16.252,19.494
1447,16.406,19.729
1448,16.414,19.722
1449,16.397,19.650
1450,16.456,19.734
1451,16.424,19.659
1452,16.400,19.612
1453,16.396,19.595
1454,16.421,19.592
1455,16.409,19.567
1456,16.340,19.492
1457,16.535,19.733
1458,16.534,19.684
1459,16.515,19.665
1460,16.568,19.727
1461,16.555,19.670
1462,16.550,19.646
1463,16.576,19.684
1464,16.456,19.530
1465,16.440,19.516
1466,16.518,19.645
1467,16.465,19.569
1468,16.427,19.535
1469,16.374,19.512
1470,16.350,19.534
1471,16.329,19.566
1472,16.303,19.522
1473,16.323,19.581
1474,16.386,19.714
1475,16.361,19.688
1476,16.385,19.701
1477,16.028,19.216
1478,15.750,18.872
1479,15.791,18.966
1480,15.794,18.960
1481,15.789,18.973
1482,15.777,18.974
1483,16.300,19.627
1484,16.373,19.709
1485,16.443,19.811
1486,16.383,19.712
1487,15.895,19.101
1488,16.386,19.719
1489,16.135,19.428
1490,16.358,19.693
1491,16.458,19.811
1492,16.547,19.889
1493,16.615,20.004
1494,16.620,20.002
1495,16.605,19.925
1496,16.606,19.896
1497,16.539,19.811
1498,16.489,19.733
1499,16.550,19.815
1500,16.585,19.861
1501,16.591,19.883
1502,16.581,19.868
1503,16.610,19.909
1504,16.576,19.829
1505,16.583,19.846
1506,16.583,19.855
1507,16.501,19.741
1508,16.464,19.719
1509,16.461,19.696
1510,16.435,19.739
1511,16.398,19.687
1512,16.372,19.660
1513,16.354,19.679
1514,16.336,19.670
1515,16.372,19.743
1516,16.337,19.718
1517,16.331,19.732
1518,16.312,19.712
1519,16.317,19.696
1520,16.261,19.580
1521,16.269,19.622
1522,16.240,19.600
1523,16.200,19.582
1524,16.170,19.583
1525,16.139,19.541
1526,16.103,19.527
1527,16.085,19.503
1528,16.060,19.466
1529,16.029,19.433
1530,15.981,19.361
1531,15.956,19.353
1532,15.911,19.271
1533,15.895,19.274
1534,15.849,19.176
1535,15.887,19.263
1536,15.837,19.182
1537,15.825,19.155
1538,15.854,19.202
1539,15.843,19.177
1540,15.842,19.207
1541,15.856,19.253
1542,15.841,19.221
1543,15.813,19.176
1544,15.778,19.088
1545,15.799,19.156
1546,16.037,19.472
1547,16.009,19.399
1548,16.062,19.504
1549,16.182,19.671
1550,16.261,19.773
1551,16.248,19.735
1552,15.931,19.335
1553,15.868,19.243
1554,15.924,19.278
1555,16.231,19.702
1556,16.291,19.732
1557,16.299,19.745
1558,16.194,19.612
1559,16.228,19.702
1560,16.309,19.781
1561,16.254,19.702
1562,16.328,19.773
1563,16.125,19.495
1564,16.173,19.593
1565,16.181,19.595
1566,16.284,19.753
1567,16.311,19.764
1568,16.327,19.789
1569,16.277,19.686
1570,16.341,19.762
1571,16.391,19.834
1572,16.436,19.913
1573,16.417,19.849
1574,16.384,19.821
1575,16.061,19.383
1576,15.995,19.291
1577,16.020,19.354
1578,15.988,19.273
1579,16.002,19.293
1580,16.000,19.278
1581,16.110,19.427
1582,16.142,19.451
1583,16.099,19.359
1584,16.312,19.648
1585,16.443,19.845
1586,16.457,19.878
1587,16.436,19.869
1588,16.284,19.669
1589,16.293,19.683
1590,16.349,19.743
1591,16.425,19.818
1592,16.405,19.837
1593,16.387,19.815
1594,16.364,19.788
1595,16.348,19.743
1596,16.362,19.841
1597,16.401,19.862
1598,16.395,19.827
1599,16.373,19.831
1600,16.196,19.615
1601,16.472,19.930
1602,16.535,19.967
1603,16.347,19.706
1604,16.399,19.763
1605,16.489,19.866
1606,16.504,19.864
1607,16.405,19.799
1608,16.022,19.262
1609,16.018,19.282
1610,16.035,19.313
1611,16.063,19.388
1612,16.211,19.565
1613,16.718,20.253
1614,16.798,20.325
1615,16.807,20.332
1616,16.825,20.378
1617,16.849,20.438
1618,16.870,20.423
1619,16.804,20.323
1620,16.905,20.467
1621,16.920,20.452
1622,16.911,20.419
1623,16.929,20.453
1624,16.777,20.241
1625,16.995,20.516
1626,16.980,20.511
1627,17.027,20.581
1628,17.051,20.600
1629,17.058,20.607
1630,17.131,20.681
1631,17.171,20.757
1632,17.200,20.754
1633,17.250,20.824
1634,17.303,20.872
1635,17.362,20.977
1636,17.384,21.021
1637,17.381,20.990
1638,17.447,21.111
1639,17.423,21.058
1640,17.399,21.036
1641,17.389,21.034
1642,17.311,21.002
1643,17.207,20.968
1644,17.125,21.013
1645,17.074,21.031
1646,17.059,21.044
1647,17.019,21.038
1648,17.076,21.194
1649,17.070,21.104
1650,17.032,21.101
1651,17.037,21.154
1652,17.043,21.256
1653,17.039,21.272
1654,17.018,21.256
1655,17.028,21.259
1656,16.961,21.170
1657,16.946,21.166
1658,16.906,21.141
1659,16.920,21.207
1660,16.894,21.153
1661,16.900,21.171
1662,16.893,21.190
1663,16.867,21.131
1664,16.891,21.155
1665,16.901,21.193
1666,16.931,21.288
1667,16.913,21.237
1668,16.934,21.268
1669,16.978,21.380
1670,16.932,21.286
1671,16.913,21.243
1672,16.943,21.264
1673,17.000,21.492
1674,16.947,21.301
1675,16.921,21.247
1676,16.922,21.249
1677,16.929,21.305
1678,16.785,21.123
1679,16.796,21.155
1680,16.789,21.216
1681,16.927,21.689
1682,16.818,21.313
1683,16.784,21.209
1684,16.804,21.296
1685,16.803,21.329
1686,16.791,21.144
1687,16.747,21.085
1688,16.659,21.005
1689,16.707,21.061
1690,16.723,21.113
1691,16.767,21.257
1692,16.697,21.011
1693,16.695,21.010
1694,16.684,20.950
1695,16.676,20.974
1696,16.702,21.035
1697,16.631,20.814
1698,16.567,20.654
1699,16.554,20.657
1700,16.548,20.633
1701,16.451,20.409
1702,16.404,20.289
1703,16.347,20.172
1704,16.240,19.963
1705,16.162,19.831
1706,16.064,19.683
1707,15.895,19.423
1708,15.751,19.164
1709,15.677,19.074
1710,15.844,19.359
1711,17.074,21.129
1712,16.948,20.812
1713,16.298,19.859
1714,15.522,18.890
1715,15.559,18.994
1716,15.564,18.937
1717,16.824,20.820
1718,16.845,20.789
1719,16.504,20.164
1720,16.767,20.590
1721,16.827,20.559
1722,16.767,20.473
1723,16.759,20.498
1724,16.675,20.389
1725,16.686,20.323
1726,16.663,20.299
1727,16.587,20.167
1728,16.513,20.032
1729,16.538,20.078
1730,16.484,19.963
1731,16.461,19.950
1732,16.433,19.882
1733,16.447,19.923
1734,16.408,19.856
1735,16.347,19.739
1736,16.381,19.769
1737,16.444,19.839
1738,16.451,19.876
1739,16.384,19.756
1740,16.361,19.762
1741,16.388,19.790
1742,16.395,19.815
1743,16.386,19.804
1744,16.277,19.607
1745,16.130,19.403
1746,16.338,19.695
1747,16.317,19.658
1748,16.233,19.535
1749,16.334,19.692
1750,16.371,19.704
1751,16.362,19.707
1752,16.360,19.719
1753,16.156,19.455
1754,16.351,19.690
1755,16.237,19.511
1756,16.410,19.737
1757,16.334,19.595
1758,16.406,19.688
1759,16.451,19.742
1760,16.473,19.733
1761,16.492,19.752
1762,16.471,19.683
1763,16.430,19.593
1764,16.476,19.639
1765,16.526,19.651
1766,16.580,19.695
1767,16.623,19.686
1768,16.713,19.766
1769,16.807,19.855
1770,16.886,19.881
1771,17.004,19.994
1772,17.083,20.057
1773,17.057,20.067
1774,17.020,20.010
1775,17.042,20.092
1776,16.949,20.046
1777,16.839,20.005
1778,16.732,19.994
1779,16.629,19.943
1780,16.386,19.590
1781,16.279,19.547
1782,16.169,19.451
1783,16.084,19.376
1784,16.013,19.327
1785,15.964,19.299
1786,15.944,19.279
1787,15.949,19.289
1788,15.955,19.317
1789,15.962,19.291
1790,16.000,19.376
1791,16.012,19.415
1792,16.045,19.435
1793,16.898,20.645
1794,16.922,20.630
1795,16.983,20.703
1796,16.939,20.653
1797,17.016,20.732
1798,17.062,20.783
1799,17.066,20.768
1800,17.132,20.822
1801,17.150,20.839
1802,17.175,20.854
1803,17.194,20.847
1804,17.162,20.798
1805,17.011,20.572
1806,17.129,20.748
1807,17.061,20.659
1808,17.144,20.817
1809,17.171,20.936
1810,17.114,20.822
1811,17.031,20.770
1812,16.980,20.705
1813,16.904,20.686
1814,16.887,20.678
1815,16.939,20.691
1816,16.910,20.792
1817,16.812,20.621
1818,16.794,20.653
1819,16.722,20.568
1820,16.667,20.523
1821,16.616,20.468
1822,16.592,20.453
1823,16.525,20.359
1824,16.503,20.374
1825,16.511,20.447
1826,16.483,20.427
1827,16.481,20.415
1828,16.443,20.328
1829,16.453,20.349
1830,16.457,20.379
1831,16.456,20.383
1832,16.468,20.366
1833,16.494,20.442
1834,16.501,20.422
1835,16.454,20.347
1836,16.485,20.443
1837,16.469,20.404
1838,16.475,20.444
1839,16.446,20.429
1840,16.455,20.422
