0,10.103,14.376
1,10.099,14.367
2,10.092,14.330
3,10.081,14.302
4,10.091,14.356
5,10.077,14.338
6,10.091,14.347
7,10.060,14.282
8,10.068,14.314
9,10.086,14.351
10,10.072,14.335
11,10.070,14.326
12,10.044,14.285
13,10.073,14.324
14,10.038,14.285
15,10.038,14.269
16,10.055,14.284
17,10.023,14.234
18,10.036,14.283
19,10.034,14.264
20,10.018,14.239
21,10.018,14.208
22,10.004,14.198
23,10.063,14.288
24,10.035,14.256
25,9.983,14.139
26,9.995,14.138
27,10.017,14.205
28,10.002,14.147
29,10.027,14.199
30,10.023,14.173
31,10.016,14.142
32,9.992,14.100
33,10.023,14.153
34,10.053,14.166
35,10.042,14.156
36,10.027,14.109
37,10.051,14.176
38,10.052,14.167
39,10.062,14.170
40,10.072,14.175
41,10.058,14.166
42,10.101,14.249
43,10.062,14.172
44,10.062,14.170
45,10.075,14.189
46,10.072,14.193
47,10.043,14.158
48,10.063,14.202
49,10.070,14.212
50,10.048,14.173
51,10.052,14.167
52,10.032,14.135
53,10.039,14.132
54,10.073,14.205
55,10.048,14.171
56,10.063,14.199
57,10.052,14.152
58,10.080,14.187
59,10.056,14.165
60,10.073,14.199
61,10.077,14.197
62,10.046,14.173
63,10.066,14.208
64,10.065,14.215
65,10.080,14.202
66,10.091,14.219
67,10.100,14.250
68,10.109,14.253
69,10.100,14.269
70,10.093,14.241
71,10.103,14.262
72,10.113,14.294
73,10.123,14.305
74,10.136,14.316
75,10.108,14.265
76,10.096,14.265
77,10.113,14.315
78,10.072,14.241
79,10.092,14.287
80,10.087,14.322
81,10.086,14.292
82,10.083,14.281
83,10.087,14.319
84,10.117,14.359
85,10.096,14.312
86,10.111,14.351
87,10.107,14.336
88,10.111,14.334
89,10.115,14.335
90,10.135,14.339
91,10.130,14.340
92,10.132,14.324
93,10.130,14.325
94,10.136,14.292
95,10.124,14.286
96,10.119,14.286
97,10.128,14.293
98,10.141,14.326
99,10.127,14.289
100,10.164,14.365
101,10.145,14.317
102,10.124,14.259
103,10.165,14.306
104,10.148,14.279
105,10.201,14.382
106,10.176,14.332
107,10.149,14.283
108,10.170,14.303
109,10.183,14.348
110,10.203,14.410
111,10.188,14.366
112,10.165,14.333
113,10.182,14.373
114,10.166,14.332
115,10.193,14.382
116,10.157,14.288
117,10.158,14.321
118,10.167,14.326
119,10.169,14.323
120,10.135,14.275
121,10.172,14.355
122,10.140,14.278
123,10.146,14.301
124,10.148,14.284
125,10.179,14.369
126,10.171,14.342
127,10.179,14.362
128,10.156,14.324
129,10.151,14.328
130,10.149,14.319
131,10.151,14.310
132,10.162,14.340
133,10.147,14.328
134,10.161,14.345
135,10.179,14.359
136,10.185,14.391
137,10.172,14.353
138,10.168,14.363
139,10.160,14.340
140,10.163,14.350
141,10.164,14.354
142,10.137,14.288
143,10.161,14.361
144,10.178,14.378
145,10.148,14.304
146,10.130,14.286
147,10.153,14.315
148,10.133,14.328
149,10.134,14.335
150,10.142,14.331
151,10.158,14.332
152,10.187,14.349
153,10.192,14.332
154,10.234,14.326
155,10.341,14.514
156,10.340,14.462
157,10.350,14.435
158,10.404,14.471
159,10.430,14.464
160,10.486,14.530
161,10.534,14.600
162,10.367,14.392
163,10.363,14.420
164,10.383,14.470
165,10.325,14.391
166,10.319,14.388
167,10.354,14.452
168,10.352,14.456
169,10.305,14.382
170,10.282,14.343
171,10.229,14.264
172,10.224,14.250
173,10.180,14.218
174,10.177,14.217
175,10.174,14.229
176,10.176,14.268
177,10.141,14.216
178,10.129,14.236
179,10.088,14.197
180,10.077,14.234
181,10.045,14.224
182,10.010,14.180
183,9.930,14.112
184,9.907,14.083
185,9.867,14.062
186,10.098,14.302
187,10.127,14.317
188,10.199,14.417
189,10.180,14.404
190,10.168,14.388
191,10.137,14.369
192,10.138,14.363
193,10.145,14.385
194,10.139,14.381
195,10.126,14.355
196,10.159,14.419
197,10.143,14.371
198,10.149,14.411
199,10.145,14.369
200,10.162,14.420
201,10.157,14.395
202,10.151,14.391
203,10.152,14.423
204,10.148,14.396
205,10.153,14.420
206,10.152,14.427
207,10.184,14.485
208,10.129,14.400
209,10.114,14.363
210,10.134,14.420
211,10.103,14.385
212,10.143,14.408
213,10.078,14.336
214,10.091,14.327
215,10.095,14.336
216,10.067,14.329
217,10.093,14.347
218,10.081,14.311
219,10.066,14.300
220,10.072,14.299
221,10.068,14.250
222,10.060,14.259
223,10.064,14.260
224,10.073,14.314
225,10.054,14.240
226,10.040,14.221
227,10.047,14.235
228,10.035,14.191
229,10.046,14.236
230,10.032,14.227
231,10.018,14.206
232,10.039,14.233
233,10.014,14.197
234,10.224,14.418
235,10.248,14.414
236,10.280,14.439
237,10.265,14.453
238,10.269,14.437
239,10.230,14.379
240,10.261,14.424
241,10.275,14.491
242,10.241,14.411
243,10.262,14.441
244,10.275,14.455
245,10.269,14.476
246,10.264,14.413
247,10.263,14.435
248,10.273,14.456
249,10.294,14.490
250,10.293,14.510
251,10.289,14.493
252,10.290,14.495
253,10.296,14.522
254,10.303,14.526
255,10.300,14.524
256,10.322,14.544
257,10.347,14.570
258,10.388,14.612
259,10.409,14.618
260,10.450,14.682
261,10.510,14.736
262,10.505,14.715
263,10.534,14.781
264,10.525,14.735
265,10.543,14.723
266,10.573,14.787
267,10.488,14.715
268,10.430,14.622
269,10.426,14.645
270,10.444,14.659
271,10.450,14.660
272,10.465,14.658
273,10.506,14.744
274,10.488,14.702
275,10.576,14.735
276,10.446,14.630
277,10.399,14.578
278,10.361,14.547
279,10.375,14.546
280,10.363,14.543
281,10.385,14.558
282,10.363,14.540
283,10.388,14.558
284,10.378,14.570
285,10.371,14.549
286,10.343,14.532
287,10.350,14.506
288,10.357,14.551
289,10.340,14.535
290,10.363,14.570
291,10.318,14.511
292,10.318,14.508
293,10.319,14.525
294,10.301,14.501
295,10.321,14.527
296,10.304,14.510
297,10.328,14.545
298,10.331,14.582
299,10.329,14.561
300,10.305,14.514
301,10.295,14.478
302,10.319,14.535
303,10.325,14.540
304,10.318,14.529
305,10.335,14.585
306,10.327,14.539
307,10.287,14.508
308,10.344,14.603
309,10.341,14.586
310,10.336,14.592
311,10.335,14.557
312,10.331,14.593
313,10.315,14.569
314,10.325,14.581
315,10.325,14.545
316,10.294,14.520
317,10.346,14.624
318,10.335,14.590
319,10.329,14.606
320,10.355,14.625
321,10.331,14.568
322,10.338,14.596
323,10.317,14.563
324,10.323,14.559
325,10.307,14.534
326,10.306,14.584
327,10.293,14.561
328,10.309,14.563
329,10.270,14.501
330,10.275,14.505
331,10.271,14.506
332,10.240,14.500
333,10.229,14.442
334,10.260,14.523
335,10.232,14.493
336,10.236,14.462
337,10.246,14.491
338,10.228,14.467
339,10.213,14.440
340,10.188,14.425
341,10.181,14.393
342,10.160,14.386
343,10.193,14.429
344,10.168,14.368
345,10.148,14.338
346,10.157,14.348
347,10.144,14.326
348,10.151,14.308
349,10.145,14.321
350,10.144,14.306
351,10.126,14.265
352,10.155,14.301
353,10.167,14.330
354,10.172,14.329
355,10.177,14.349
356,10.179,14.314
357,10.161,14.287
358,10.168,14.303
359,10.162,14.301
360,10.147,14.260
361,10.141,14.285
362,10.115,14.251
363,10.118,14.297
364,10.136,14.324
365,10.092,14.267
366,10.017,14.152
367,10.023,14.179
368,9.994,14.149
369,9.976,14.164
370,9.962,14.143
371,9.910,14.043
372,9.905,14.058
373,9.893,14.058
374,9.868,14.015
375,9.859,14.031
376,9.813,13.965
377,9.779,13.898
378,9.785,13.933
379,9.744,13.864
380,9.708,13.820
381,9.723,13.869
382,9.662,13.783
383,9.686,13.847
384,9.648,13.799
385,9.626,13.785
386,9.610,13.750
387,9.675,13.789
388,9.721,13.853
389,9.794,13.905
390,9.723,13.842
391,9.712,13.818
392,9.670,13.790
393,9.809,13.922
394,9.815,13.943
395,9.906,14.037
396,9.837,13.990
397,9.788,13.939
398,9.768,13.941
399,9.877,14.007
400,9.899,14.030
401,9.976,14.113
402,10.094,14.249
403,10.112,14.211
404,10.135,14.263
405,10.142,14.309
406,10.125,14.261
407,10.165,14.313
408,10.153,14.306
409,10.149,14.291
410,10.136,14.313
411,10.165,14.306
412,10.165,14.312
413,10.254,14.375
414,10.356,14.425
415,10.493,14.571
416,10.573,14.629
417,10.676,14.714
418,10.744,14.716
419,10.887,14.893
420,10.744,14.737
421,10.839,14.794
422,10.906,14.913
423,10.817,14.763
424,10.842,14.799
425,10.830,14.779
426,10.709,14.708
427,10.740,14.747
428,10.712,14.710
429,10.736,14.730
430,10.776,14.757
431,10.817,14.837
432,10.780,14.762
433,10.782,14.776
434,10.786,14.764
435,10.768,14.744
436,10.799,14.780
437,10.821,14.834
438,10.804,14.809
439,10.814,14.826
440,10.804,14.772
441,10.818,14.807
442,10.848,14.841
443,10.831,14.775
444,10.879,14.874
445,10.879,14.882
446,10.866,14.865
447,10.856,14.846
448,10.870,14.857
449,10.852,14.842
450,10.871,14.859
451,10.881,14.890
452,10.879,14.894
453,10.904,14.934
454,10.902,14.898
455,10.886,14.901
456,10.892,14.912
457,10.888,14.891
458,10.913,14.962
459,10.897,14.937
460,10.882,14.907
461,10.888,14.886
462,10.900,14.922
463,10.916,14.949
464,10.904,14.947
465,10.928,14.970
466,10.891,14.943
467,10.882,14.913
468,10.829,14.880
469,10.819,14.865
470,10.855,14.951
471,10.812,14.906
472,10.777,14.851
473,10.775,14.837
474,10.748,14.802
475,10.751,14.814
476,10.701,14.768
477,10.691,14.727
478,10.684,14.701
479,10.665,14.693
480,10.648,14.679
481,10.632,14.679
482,10.597,14.638
483,10.569,14.613
484,10.515,14.552
485,10.502,14.563
486,10.499,14.562
487,10.495,14.547
488,10.434,14.516
489,10.421,14.486
490,10.460,14.542
491,10.401,14.458
492,10.357,14.449
493,10.347,14.430
494,10.314,14.418
495,10.249,14.341
496,10.210,14.341
497,10.209,14.315
498,10.172,14.291
499,10.164,14.272
500,10.199,14.303
501,10.201,14.315
502,10.196,14.310
503,10.210,14.337
504,10.184,14.310
505,10.190,14.314
506,10.174,14.266
507,10.171,14.283
508,10.180,14.328
509,10.137,14.241
510,10.124,14.204
511,10.116,14.230
512,10.114,14.249
513,10.096,14.196
514,10.054,14.154
515,10.037,14.125
516,10.023,14.129
517,9.985,14.072
518,9.965,14.043
519,9.918,13.997
520,9.922,14.002
521,9.869,13.951
522,9.859,13.923
523,9.861,13.941
524,9.834,13.917
525,9.821,13.906
526,9.800,13.915
527,9.788,13.903
528,9.755,13.876
529,9.764,13.894
530,9.696,13.821
531,9.701,13.836
532,9.684,13.822
533,9.655,13.780
534,9.642,13.743
535,9.635,13.735
536,9.617,13.745
537,9.585,13.697
538,9.555,13.673
539,9.527,13.653
540,9.504,13.620
541,9.467,13.571
542,9.436,13.546
543,9.608,13.782
544,9.626,13.788
545,9.631,13.794
546,9.574,13.725
547,9.550,13.700
548,9.515,13.665
549,9.629,13.759
550,9.649,13.785
551,9.628,13.737
552,9.790,13.925
553,9.742,13.866
554,9.744,13.884
555,9.709,13.849
556,9.592,13.705
557,9.553,13.713
558,9.628,13.743
559,9.640,13.758
560,9.659,13.800
561,9.854,13.953
562,9.926,14.022
563,9.998,14.081
564,10.068,14.148
565,10.153,14.227
566,10.182,14.263
567,10.171,14.275
568,10.258,14.316
569,10.484,14.545
570,10.593,14.650
571,10.778,14.795
572,10.948,14.918
573,11.157,15.102
574,11.298,15.250
575,11.578,15.454
576,11.406,15.358
577,11.433,15.390
578,11.443,15.368
579,11.278,15.262
580,11.244,15.169
581,11.241,15.203
582,11.134,15.115
583,11.169,15.117
584,11.263,15.199
585,11.369,15.292
586,11.424,15.351
587,11.426,15.334
588,11.452,15.363
589,11.435,15.335
590,11.455,15.355
591,11.474,15.392
592,11.476,15.390
593,11.515,15.442
594,11.511,15.440
595,11.519,15.457
596,11.537,15.483
597,11.529,15.430
598,11.541,15.463
599,11.529,15.466
600,11.547,15.455
601,11.534,15.430
602,11.549,15.466
603,11.563,15.465
604,11.585,15.463
605,11.569,15.462
606,11.564,15.437
607,11.566,15.434
608,11.597,15.490
609,11.554,15.401
610,11.573,15.476
611,11.514,15.403
612,11.474,15.381
613,11.449,15.370
614,11.389,15.294
615,11.339,15.236
616,11.297,15.244
617,11.268,15.199
618,11.204,15.127
619,11.177,15.133
620,11.139,15.107
621,11.066,15.042
622,11.039,15.047
623,10.964,14.988
624,10.923,14.955
625,10.905,14.953
626,10.915,15.020
627,10.869,14.986
628,10.825,14.949
629,10.782,14.888
630,10.749,14.873
631,10.731,14.828
632,10.655,14.742
633,10.674,14.790
634,10.606,14.689
635,10.533,14.654
636,10.567,14.702
637,10.542,14.682
638,10.509,14.668
639,10.468,14.595
640,10.444,14.600
641,10.420,14.596
642,10.371,14.520
643,10.378,14.568
644,10.341,14.552
645,10.300,14.476
646,10.275,14.492
647,10.229,14.429
648,10.183,14.347
649,10.191,14.359
650,10.160,14.348
651,10.172,14.420
652,10.119,14.310
653,10.101,14.357
654,10.083,14.338
655,10.067,14.359
656,10.019,14.302
657,9.988,14.269
658,9.960,14.292
659,9.908,14.210
660,9.870,14.183
661,9.799,14.103
662,9.786,14.111
663,9.737,14.045
664,9.691,14.002
665,9.667,13.966
666,9.641,13.966
667,9.642,13.967
668,9.617,13.927
669,9.680,14.067
670,9.632,13.989
671,9.682,14.075
672,9.650,14.040
673,9.682,14.070
674,9.658,14.019
675,9.848,14.258
676,9.858,14.223
677,9.935,14.300
678,9.871,14.216
679,9.880,14.234
680,9.866,14.242
681,9.897,14.283
682,9.894,14.255
683,9.921,14.294
684,9.969,14.387
685,9.932,14.296
686,9.946,14.324
687,9.979,14.353
688,9.987,14.365
689,10.004,14.381
690,10.086,14.547
691,10.081,14.544
692,10.092,14.510
693,10.267,14.663
694,10.350,14.798
695,10.405,14.852
696,10.416,14.881
697,10.403,14.812
698,10.458,14.935
699,10.466,14.931
700,10.457,14.901
701,10.476,14.949
702,10.440,14.872
703,10.475,14.924
704,10.448,14.911
705,10.371,14.779
706,10.308,14.750
707,10.225,14.690
708,10.230,14.736
709,10.190,14.696
710,10.195,14.739
711,10.170,14.671
712,10.163,14.635
713,10.151,14.606
714,10.293,14.704
715,10.349,14.832
716,10.349,14.779
717,10.283,14.694
718,10.264,14.683
719,10.265,14.687
720,10.232,14.635
721,10.231,14.642
722,10.258,14.679
723,10.315,14.759
724,10.310,14.702
725,10.320,14.650
726,10.466,14.871
727,10.493,14.832
728,10.575,14.942
729,10.622,14.967
730,10.722,15.080
731,10.766,15.115
732,10.831,15.121
733,11.103,15.385
734,11.180,15.451
735,11.163,15.346
736,11.226,15.519
737,11.264,15.524
738,10.940,15.195
739,10.968,15.252
740,10.953,15.241
741,10.960,15.302
742,10.916,15.201
743,10.885,15.151
744,10.827,15.134
745,10.874,15.245
746,10.889,15.257
747,10.934,15.267
748,10.938,15.274
749,10.915,15.235
750,10.872,15.140
751,10.877,15.223
752,10.857,15.176
753,10.887,15.170
754,10.923,15.241
755,10.961,15.263
756,11.016,15.342
757,11.021,15.336
758,11.052,15.407
759,11.055,15.406
760,11.090,15.424
761,11.094,15.445
762,11.089,15.419
763,11.066,15.400
764,11.006,15.376
765,11.014,15.414
766,10.982,15.368
767,10.919,15.296
768,10.890,15.284
769,10.844,15.265
770,10.840,15.251
771,10.788,15.202
772,10.738,15.141
773,10.688,15.150
774,10.618,15.083
775,10.550,15.016
776,10.449,14.926
777,10.349,14.846
778,10.262,14.733
779,10.207,14.708
780,10.332,14.785
781,10.439,14.882
782,10.458,14.852
783,10.460,14.887
784,10.476,14.937
785,10.483,14.928
786,10.564,15.008
787,10.593,15.036
788,10.595,15.024
789,10.615,15.013
790,10.692,15.153
791,10.678,15.128
792,10.707,15.114
793,10.693,15.095
794,10.678,15.020
795,10.775,15.136
796,10.859,15.179
797,10.980,15.293
798,11.079,15.413
799,11.198,15.541
800,11.300,15.675
801,11.347,15.684
802,11.343,15.642
803,11.418,15.765
804,11.310,15.682
805,11.264,15.674
806,11.166,15.591
807,11.168,15.687
808,11.000,15.384
809,11.041,15.536
810,10.921,15.352
811,10.923,15.427
812,10.888,15.325
813,10.875,15.278
814,10.748,15.116
815,10.518,14.921
816,10.551,14.922
817,10.585,15.019
818,10.584,15.015
819,10.620,14.933
820,10.627,14.972
821,10.538,14.792
822,10.440,14.704
823,10.426,14.745
824,10.366,14.628
825,10.551,14.756
826,10.637,14.804
827,10.736,14.942
828,10.627,14.790
829,10.565,14.796
830,10.515,14.735
831,10.558,14.726
832,10.554,14.749
833,10.516,14.753
834,10.583,14.851
835,10.463,14.784
836,10.430,14.686
837,10.499,14.749
838,10.526,14.805
839,10.545,14.772
840,10.678,14.731
841,10.731,14.757
842,10.943,14.879
843,11.013,14.976
844,11.110,15.068
845,11.243,15.157
846,11.167,15.125
847,11.187,15.167
848,11.253,15.222
849,11.199,15.154
850,11.181,15.194
851,11.096,15.037
852,11.062,15.077
853,11.049,15.057
854,10.996,15.127
855,10.324,14.429
856,10.619,14.675
857,10.486,14.587
858,10.518,14.587
859,10.366,14.394
860,10.473,14.498
861,10.641,14.644
862,10.732,14.694
863,10.781,14.697
864,10.530,14.491
865,10.578,14.554
866,10.618,14.587
867,10.767,14.708
868,10.843,14.750
869,10.814,14.713
870,10.634,14.610
871,10.797,14.883
872,11.042,15.249
873,11.062,15.134
874,11.060,15.102
875,11.033,15.158
876,10.782,14.857
877,10.754,14.813
878,10.776,14.807
879,11.049,15.016
880,11.078,15.036
881,11.169,15.143
882,11.211,15.244
883,11.194,15.149
884,11.204,15.104
885,11.189,15.022
886,11.228,15.131
887,11.244,15.182
888,11.144,15.018
889,11.098,14.966
890,10.977,14.902
891,10.847,14.823
892,10.715,14.796
893,10.476,14.421
894,10.220,14.089
895,9.974,13.827
896,9.759,13.620
897,9.604,13.481
898,9.512,13.412
899,9.441,13.372
900,9.336,13.238
901,9.245,13.129
902,9.201,13.124
903,9.263,13.194
904,9.239,13.163
905,9.113,13.008
906,9.117,12.979
907,9.025,12.878
908,8.909,12.799
909,8.883,12.732
910,8.758,12.554
911,8.590,12.373
912,8.502,12.172
913,8.290,11.944
914,8.075,11.687
915,8.086,11.645
916,7.937,11.467
917,7.859,11.335
918,8.027,11.511
919,8.005,11.476
920,8.032,11.477
921,8.244,11.691
922,8.395,11.835
923,8.612,12.084
924,8.605,12.096
925,8.706,12.214
926,8.092,11.711
927,7.926,11.796
928,8.007,11.885
929,8.120,11.979
930,8.509,12.184
931,8.703,12.264
932,8.847,12.444
933,8.975,12.650
934,9.011,12.632
935,9.126,12.699
936,9.225,12.804
937,9.263,12.710
938,9.636,13.178
939,9.565,13.069
940,9.607,13.131
941,9.505,13.041
942,9.451,12.943
943,9.591,13.074
944,9.661,13.140
945,9.725,13.094
946,9.912,13.354
947,9.997,13.553
948,9.948,13.495
949,10.375,13.809
950,10.144,13.553
951,10.214,13.676
952,10.241,13.653
953,10.226,13.750
954,10.217,13.788
955,10.280,13.818
956,10.367,13.867
957,10.526,13.946
958,10.812,14.257
959,11.260,14.657
960,11.233,14.624
961,10.950,14.263
962,11.073,14.403
963,11.178,14.480
964,11.383,14.716
965,11.486,14.766
966,11.635,14.852
967,11.839,15.098
968,11.969,15.225
969,12.171,15.443
970,12.322,15.596
971,12.448,15.706
972,12.540,15.795
973,12.650,15.922
974,12.700,15.980
975,12.745,16.020
976,12.741,16.095
977,12.705,16.079
978,12.596,15.988
979,12.537,15.990
980,12.379,15.922
981,12.184,15.741
982,11.989,15.584
983,11.716,15.357
984,11.417,15.131
985,11.173,14.923
986,11.087,14.909
987,10.949,14.757
988,11.127,14.953
989,11.854,15.485
990,11.849,15.503
991,11.728,15.404
992,11.606,15.267
993,11.551,15.231
994,11.449,15.152
995,11.387,15.058
996,11.325,15.048
997,11.345,15.131
998,11.296,15.093
999,11.278,15.088
1000,11.246,15.082
1001,11.156,15.004
1002,11.061,14.930
1003,10.958,14.811
1004,10.818,14.680
1005,10.704,14.543
1006,10.695,14.558
1007,10.613,14.450
1008,10.514,14.334
1009,10.455,14.253
1010,10.391,14.218
1011,10.378,14.215
1012,10.341,14.176
1013,10.303,14.114
1014,10.273,14.111
1015,10.237,14.065
1016,10.183,14.008
1017,10.087,13.914
1018,9.975,13.826
1019,9.904,13.788
1020,9.828,13.684
1021,9.778,13.691
1022,9.737,13.656
1023,9.652,13.547
1024,9.584,13.500
1025,9.538,13.521
1026,9.453,13.417
1027,9.384,13.339
1028,9.341,13.316
1029,9.398,13.364
1030,9.353,13.280
1031,9.310,13.245
1032,9.374,13.339
1033,9.320,13.215
1034,9.257,13.205
1035,9.203,13.057
1036,9.125,12.945
1037,8.985,12.722
1038,8.983,12.675
1039,8.832,12.463
1040,8.705,12.314
1041,8.648,12.203
1042,8.473,11.965
1043,8.277,11.705
1044,8.393,11.795
1045,8.422,11.801
1046,8.512,11.851
1047,8.713,12.070
1048,8.936,12.265
1049,9.014,12.372
1050,9.077,12.413
1051,9.239,12.608
1052,9.309,12.676
1053,9.326,12.697
1054,9.263,12.599
1055,9.165,12.775
1056,9.019,12.684
1057,9.094,12.727
1058,9.137,12.766
1059,9.609,13.224
1060,9.670,13.239
1061,9.761,13.291
1062,9.809,13.363
1063,9.890,13.447
1064,9.940,13.436
1065,10.087,13.603
1066,10.107,13.473
1067,10.254,13.692
1068,10.227,13.675
1069,10.259,13.716
1070,10.311,13.757
1071,10.353,13.756
1072,10.432,13.853
1073,10.450,13.818
1074,10.599,13.959
1075,10.573,13.917
1076,10.617,13.962
1077,10.552,13.943
1078,10.612,13.956
1079,10.664,14.022
1080,10.647,13.992
1081,10.660,13.988
1082,10.694,13.999
1083,10.752,14.069
1084,10.817,14.110
1085,10.882,14.206
1086,10.941,14.260
1087,10.966,14.279
1088,11.018,14.305
1089,11.044,14.323
1090,11.093,14.346
1091,11.179,14.438
1092,11.266,14.529
1093,11.325,14.537
1094,11.434,14.697
1095,11.500,14.744
1096,11.555,14.829
1097,11.553,14.821
1098,11.562,14.794
1099,11.542,14.712
1100,11.563,14.781
1101,11.519,14.743
1102,11.493,14.703
1103,11.446,14.664
1104,11.338,14.543
1105,11.279,14.501
1106,11.198,14.422
1107,11.122,14.369
1108,11.127,14.407
1109,11.011,14.282
1110,10.989,14.275
1111,10.886,14.148
1112,10.840,14.127
1113,10.878,14.174
1114,10.737,13.980
1115,10.614,13.859
1116,10.611,13.886
1117,10.596,13.893
1118,10.556,13.863
1119,10.384,13.604
1120,10.320,13.481
1121,10.530,13.832
1122,10.515,13.824
1123,10.483,13.774
1124,10.463,13.759
1125,10.426,13.741
1126,10.385,13.684
1127,10.393,13.703
1128,10.384,13.718
1129,10.390,13.739
1130,10.339,13.664
1131,10.309,13.632
1132,10.274,13.583
1133,10.273,13.597
1134,10.247,13.557
1135,10.201,13.495
1136,10.199,13.507
1137,10.173,13.492
1138,10.143,13.450
1139,10.120,13.430
1140,10.077,13.383
1141,10.072,13.393
1142,9.999,13.292
1143,9.992,13.338
1144,9.966,13.320
1145,9.937,13.303
1146,9.941,13.345
1147,9.915,13.320
1148,9.935,13.338
1149,9.966,13.390
1150,9.943,13.337
1151,9.952,13.360
1152,10.003,13.435
1153,10.025,13.430
1154,10.068,13.487
1155,10.084,13.517
1156,10.102,13.519
1157,10.094,13.468
1158,10.171,13.455
1159,10.505,13.838
1160,10.419,13.743
1161,10.354,13.719
1162,10.355,13.724
1163,10.376,13.703
1164,10.331,13.756
1165,10.362,13.858
1166,10.353,13.850
1167,10.364,13.856
1168,10.375,13.863
1169,10.423,13.944
1170,10.430,13.951
1171,10.459,14.008
1172,10.480,14.002
1173,10.468,13.943
1174,10.501,14.015
1175,10.569,14.110
1176,10.577,14.153
1177,10.627,14.176
1178,10.634,14.209
1179,10.635,14.180
1180,10.671,14.242
1181,10.717,14.345
1182,10.698,14.282
1183,10.744,14.357
1184,10.748,14.351
1185,10.798,14.449
1186,10.815,14.463
1187,10.807,14.408
1188,10.832,14.421
1189,10.870,14.507
1190,10.904,14.528
1191,10.948,14.560
1192,10.929,14.518
1193,10.996,14.634
1194,11.031,14.676
1195,11.062,14.726
1196,11.097,14.762
1197,11.137,14.809
1198,11.170,14.853
1199,11.204,14.894
1200,11.252,14.920
1201,11.312,15.018
1202,11.355,15.080
1203,11.411,15.173
1204,11.439,15.161
1205,11.460,15.170
1206,11.512,15.253
1207,11.503,15.282
1208,11.541,15.306
1209,11.540,15.286
1210,11.555,15.325
1211,11.548,15.302
1212,11.578,15.368
1213,11.596,15.399
1214,11.625,15.434
1215,11.593,15.378
1216,11.608,15.407
1217,11.590,15.425
1218,11.529,15.345
1219,11.546,15.377
1220,11.457,15.271
1221,11.460,15.266
1222,11.392,15.226
1223,11.402,15.235
1224,11.414,15.330
1225,11.312,15.167
1226,11.227,15.115
1227,11.142,15.009
1228,11.087,15.001
1229,11.018,14.954
1230,10.879,14.793
1231,10.846,14.764
1232,10.768,14.677
1233,10.739,14.677
1234,10.688,14.639
1235,10.739,14.751
1236,10.672,14.634
1237,10.642,14.630
1238,10.583,14.581
1239,10.558,14.547
1240,10.509,14.538
1241,10.498,14.475
1242,10.454,14.486
1243,10.427,14.463
1244,10.461,14.493
1245,11.004,15.148
1246,11.064,15.245
1247,11.051,15.235
1248,11.031,15.192
1249,11.018,15.172
1250,10.965,15.093
1251,10.931,15.103
1252,10.907,15.072
1253,10.868,15.019
1254,10.855,14.989
1255,10.808,14.936
1256,10.811,14.955
1257,10.815,14.964
1258,10.847,15.011
1259,10.837,14.989
1260,10.869,15.071
1261,10.885,15.105
1262,10.865,15.084
1263,10.871,15.090
1264,10.823,15.022
1265,10.810,15.054
1266,10.760,14.973
1267,10.726,14.959
1268,10.696,14.894
1269,10.657,14.863
1270,10.642,14.829
1271,10.642,14.809
1272,10.632,14.837
1273,10.652,14.854
1274,10.648,14.839
1275,10.634,14.828
1276,10.638,14.837
1277,10.660,14.885
1278,10.645,14.862
1279,10.632,14.858
1280,10.629,14.859
1281,10.601,14.871
1282,10.585,14.848
1283,10.526,14.791
1284,10.514,14.754
1285,10.476,14.729
1286,10.471,14.740
1287,10.470,14.771
1288,10.382,14.669
1289,10.255,14.535
1290,10.372,14.645
1291,10.404,14.660
1292,10.411,14.692
1293,10.373,14.582
1294,10.320,14.546
1295,10.328,14.537
1296,10.375,14.552
1297,10.419,14.583
1298,10.403,14.535
1299,10.332,14.466
1300,10.343,14.484
1301,10.322,14.453
1302,10.457,14.564
1303,10.523,14.609
1304,10.540,14.621
1305,10.441,14.527
1306,10.392,14.477
1307,10.266,14.371
1308,10.197,14.249
1309,10.161,14.201
1310,10.168,14.157
1311,10.505,14.373
1312,10.550,14.385
1313,10.683,14.580
1314,10.496,14.285
1315,10.424,14.212
1316,10.286,14.016
1317,10.250,13.977
1318,10.197,13.883
1319,10.243,13.971
1320,10.223,13.829
1321,10.113,13.766
1322,9.904,13.442
1323,9.826,13.242
1324,9.730,13.134
1325,9.617,13.010
1326,9.556,12.912
1327,9.407,12.693
1328,9.327,12.594
1329,9.201,12.483
1330,9.120,12.431
1331,8.877,12.175
1332,8.852,12.183
1333,9.030,12.391
1334,9.246,12.610
1335,9.234,12.642
1336,9.268,12.703
1337,9.241,12.691
1338,9.199,12.614
1339,9.212,12.598
1340,8.364,11.625
1341,9.132,12.557
1342,9.086,12.502
1343,7.653,11.037
1344,7.554,11.103
1345,7.602,11.096
1346,7.566,11.016
1347,8.192,11.407
1348,8.404,11.634
1349,8.586,11.818
1350,9.285,12.541
1351,8.798,12.148
1352,8.751,12.075
1353,8.734,12.111
1354,8.790,12.121
1355,8.807,12.034
1356,9.030,12.338
1357,9.274,12.553
1358,9.374,12.634
1359,9.387,12.624
1360,9.468,12.689
1361,9.573,12.743
1362,9.765,12.954
1363,9.755,12.934
1364,9.842,13.024
1365,9.824,12.968
1366,9.900,13.051
1367,10.034,13.215
1368,10.019,13.141
1369,10.158,13.266
1370,10.319,13.380
1371,10.535,13.572
1372,10.686,13.688
1373,10.808,13.749
1374,11.143,14.125
1375,11.262,14.176
1376,11.406,14.306
1377,11.489,14.388
1378,11.497,14.377
1379,11.401,14.297
1380,11.236,14.143
1381,10.914,13.826
1382,10.676,13.639
1383,10.500,13.494
1384,10.222,13.224
1385,10.236,13.263
1386,10.059,13.118
1387,10.060,13.083
1388,10.163,13.213
1389,11.400,14.691
1390,11.687,15.091
1391,11.487,14.938
1392,9.601,12.756
1393,9.507,12.664
1394,9.576,12.746
1395,9.591,12.761
1396,9.832,13.008
1397,9.912,13.225
1398,9.510,12.764
1399,9.218,12.509
1400,9.214,12.529
1401,9.277,12.625
1402,9.198,12.457
1403,9.271,12.584
1404,9.259,12.584
1405,9.203,12.515
1406,9.346,12.606
1407,9.331,12.611
1408,9.271,12.620
1409,9.241,12.610
1410,9.239,12.597
1411,9.241,12.582
1412,9.262,12.613
1413,9.263,12.610
1414,9.282,12.648
1415,9.286,12.615
1416,9.239,12.525
1417,9.208,12.501
1418,9.188,12.490
1419,9.206,12.551
1420,9.213,12.568
1421,9.188,12.523
1422,9.196,12.572
1423,9.165,12.509
1424,9.097,12.452
1425,9.078,12.421
1426,9.065,12.438
1427,9.043,12.333
1428,9.079,12.416
1429,8.999,12.334
1430,9.001,12.332
1431,9.027,12.381
1432,9.092,12.499
1433,9.108,12.466
1434,9.186,12.552
1435,9.226,12.556
1436,9.318,12.604
1437,9.297,12.591
1438,9.347,12.614
1439,9.537,12.796
1440,9.568,12.931
1441,9.466,12.811
1442,9.546,12.811
1443,9.657,12.992
1444,9.646,12.893
1445,9.709,12.957
1446,9.731,12.974
1447,9.868,13.191
1448,9.948,13.256
1449,9.996,13.248
1450,10.119,13.397
1451,10.168,13.404
1452,10.215,13.427
1453,10.288,13.487
1454,10.387,13.558
1455,10.475,13.633
1456,10.555,13.707
1457,10.733,13.931
1458,10.799,13.950
1459,10.898,14.049
1460,11.037,14.197
1461,11.131,14.246
1462,11.206,14.302
1463,11.321,14.429
1464,11.433,14.506
1465,11.454,14.531
1466,11.505,14.632
1467,11.447,14.550
1468,11.249,14.356
1469,11.026,14.164
1470,10.788,13.972
1471,10.474,13.711
1472,10.154,13.373
1473,9.850,13.109
1474,9.735,13.064
1475,9.714,13.041
1476,9.761,13.076
1477,9.891,13.079
1478,10.402,13.525
1479,10.483,13.658
1480,10.493,13.659
1481,10.458,13.642
1482,10.377,13.574
1483,9.994,13.321
1484,9.814,13.150
1485,9.801,13.168
1486,9.765,13.094
1487,9.916,13.122
1488,9.870,13.203
1489,9.880,13.173
1490,10.199,13.533
1491,10.077,13.430
1492,10.256,13.598
1493,10.242,13.631
1494,10.322,13.704
1495,10.399,13.719
1496,10.494,13.785
1497,10.525,13.797
1498,10.650,13.894
1499,10.784,14.049
1500,10.866,14.142
1501,10.985,14.277
1502,11.087,14.374
1503,11.153,14.452
1504,11.152,14.405
1505,11.237,14.500
1506,11.329,14.602
1507,11.325,14.566
1508,11.436,14.692
1509,11.494,14.729
1510,11.396,14.699
1511,11.339,14.628
1512,11.265,14.553
1513,11.182,14.507
1514,11.094,14.429
1515,11.135,14.506
1516,10.992,14.372
1517,10.933,14.335
1518,10.852,14.252
1519,11.019,14.398
1520,11.326,14.645
1521,11.328,14.681
1522,11.253,14.613
1523,11.138,14.520
1524,10.999,14.412
1525,10.884,14.286
1526,10.737,14.160
1527,10.621,14.040
1528,10.479,13.886
1529,10.340,13.744
1530,10.187,13.566
1531,10.051,13.447
1532,9.891,13.252
1533,9.750,13.129
1534,9.581,12.908
1535,9.520,12.895
1536,9.403,12.747
1537,9.340,12.669
1538,9.325,12.674
1539,9.303,12.637
1540,9.313,12.678
1541,9.338,12.734
1542,9.253,12.633
1543,9.092,12.456
1544,8.940,12.250
1545,8.886,12.244
1546,8.583,12.017
1547,8.652,12.043
1548,8.613,12.054
1549,8.455,11.944
1550,8.513,12.024
1551,8.608,12.094
1552,9.022,12.425
1553,9.192,12.566
1554,9.179,12.533
1555,9.173,12.644
1556,9.236,12.677
1557,9.182,12.627
1558,9.331,12.749
1559,9.474,12.948
1560,9.525,12.997
1561,9.636,13.085
1562,9.577,13.023
1563,9.809,13.179
1564,9.868,13.289
1565,9.822,13.236
1566,9.719,13.187
1567,9.648,13.101
1568,9.638,13.100
1569,9.836,13.245
1570,9.567,12.988
1571,9.542,12.986
1572,9.484,12.961
1573,9.432,12.864
1574,9.516,12.953
1575,9.781,13.104
1576,9.795,13.092
1577,9.861,13.195
1578,9.756,13.041
1579,9.821,13.111
1580,9.918,13.197
1581,9.991,13.308
1582,10.014,13.324
1583,10.033,13.293
1584,10.123,13.459
1585,10.031,13.432
1586,10.034,13.454
1587,10.019,13.453
1588,9.967,13.352
1589,9.935,13.325
1590,9.853,13.247
1591,9.805,13.198
1592,9.804,13.237
1593,9.739,13.167
1594,9.758,13.182
1595,9.709,13.103
1596,9.790,13.269
1597,9.639,13.101
1598,9.656,13.088
1599,9.636,13.093
1600,9.680,13.099
1601,9.524,12.982
1602,9.570,13.002
1603,9.590,12.950
1604,9.738,13.102
1605,9.872,13.250
1606,9.928,13.288
1607,10.134,13.528
1608,10.108,13.348
1609,10.209,13.472
1610,10.225,13.503
1611,10.085,13.410
1612,10.102,13.455
1613,10.130,13.665
1614,10.204,13.731
1615,10.248,13.772
1616,10.307,13.861
1617,10.364,13.953
1618,10.433,13.987
1619,10.463,13.981
1620,10.596,14.157
1621,10.667,14.198
1622,10.721,14.229
1623,10.801,14.325
1624,10.817,14.281
1625,11.027,14.548
1626,11.121,14.652
1627,11.240,14.794
1628,11.367,14.916
1629,11.470,15.018
1630,11.628,15.178
1631,11.758,15.344
1632,11.905,15.459
1633,12.065,15.639
1634,12.267,15.835
1635,12.473,16.089
1636,12.638,16.274
1637,12.754,16.364
1638,12.898,16.562
1639,12.926,16.561
1640,12.880,16.517
1641,12.880,16.525
1642,12.676,16.367
1643,12.336,16.098
1644,12.012,15.900
1645,11.834,15.791
1646,11.744,15.728
1647,11.619,15.638
1648,11.701,15.819
1649,11.760,15.794
1650,11.905,15.974
1651,11.894,16.011
1652,11.859,16.072
1653,11.819,16.052
1654,11.727,15.965
1655,11.680,15.911
1656,11.541,15.750
1657,11.445,15.665
1658,11.299,15.534
1659,11.215,15.502
1660,11.089,15.347
1661,11.027,15.298
1662,10.944,15.241
1663,10.850,15.114
1664,10.822,15.086
1665,10.799,15.090
1666,10.789,15.146
1667,10.763,15.087
1668,10.749,15.083
1669,10.803,15.205
1670,10.743,15.097
1671,10.730,15.060
1672,10.784,15.105
1673,10.869,15.361
1674,10.783,15.137
1675,10.754,15.081
1676,10.733,15.061
1677,10.716,15.091
1678,10.283,14.620
1679,10.147,14.507
1680,9.987,14.414
1681,9.973,14.735
1682,9.754,14.249
1683,9.650,14.075
1684,9.571,14.063
1685,9.519,14.046
1686,9.767,14.119
1687,9.641,13.978
1688,9.325,13.671
1689,9.552,13.906
1690,9.505,13.895
1691,9.501,13.991
1692,9.535,13.848
1693,9.472,13.786
1694,9.375,13.641
1695,9.424,13.722
1696,9.382,13.715
1697,9.218,13.402
1698,9.196,13.284
1699,9.088,13.191
1700,9.000,13.084
1701,9.118,13.076
1702,9.065,12.950
1703,8.997,12.822
1704,9.129,12.851
1705,9.018,12.688
1706,8.718,12.337
1707,8.504,12.032
1708,8.470,11.883
1709,8.439,11.836
1710,8.358,11.873
1711,8.198,12.253
1712,8.098,11.962
1713,7.974,11.535
1714,8.682,12.050
1715,8.745,12.181
1716,8.651,12.024
1717,8.744,12.740
1718,8.866,12.810
1719,8.687,12.346
1720,8.875,12.698
1721,8.896,12.628
1722,9.075,12.780
1723,9.214,12.952
1724,9.303,13.017
1725,9.327,12.963
1726,9.365,13.001
1727,9.572,13.152
1728,9.597,13.116
1729,9.756,13.295
1730,9.843,13.322
1731,9.835,13.324
1732,9.905,13.354
1733,10.022,13.498
1734,10.041,13.488
1735,10.095,13.486
1736,10.099,13.487
1737,9.979,13.374
1738,9.983,13.408
1739,10.024,13.396
1740,10.001,13.401
1741,9.973,13.374
1742,9.986,13.407
1743,10.000,13.419
1744,10.072,13.402
1745,10.272,13.545
1746,10.175,13.532
1747,10.121,13.461
1748,9.997,13.299
1749,10.006,13.364
1750,10.037,13.369
1751,10.115,13.461
1752,10.073,13.431
1753,10.282,13.580
1754,10.333,13.672
1755,10.386,13.661
1756,10.419,13.747
1757,10.508,13.770
1758,10.656,13.938
1759,10.791,14.081
1760,10.950,14.209
1761,11.116,14.376
1762,11.207,14.418
1763,11.288,14.451
1764,11.449,14.613
1765,11.626,14.751
1766,11.825,14.940
1767,12.018,15.082
1768,12.277,15.329
1769,12.553,15.600
1770,12.804,15.799
1771,13.112,16.102
1772,13.303,16.277
1773,13.434,16.443
1774,13.167,16.156
1775,13.006,16.055
1776,12.669,15.766
1777,12.279,15.445
1778,11.871,15.133
1779,11.438,14.752
1780,11.588,14.792
1781,11.506,14.774
1782,11.229,14.510
1783,10.945,14.236
1784,10.664,13.978
1785,10.404,13.739
1786,10.313,13.649
1787,10.247,13.588
1788,10.223,13.584
1789,10.201,13.530
1790,10.182,13.558
1791,10.103,13.506
1792,10.056,13.445
1793,10.169,13.917
1794,10.242,13.950
1795,10.343,14.063
1796,10.435,14.149
1797,10.590,14.306
1798,10.777,14.498
1799,10.980,14.682
1800,11.169,14.859
1801,11.329,15.018
1802,11.494,15.173
1803,11.677,15.330
1804,11.814,15.449
1805,12.080,15.641
1806,12.238,15.857
1807,12.245,15.843
1808,12.226,15.900
1809,12.258,16.023
1810,12.105,15.813
1811,11.879,15.618
1812,11.852,15.577
1813,11.679,15.460
1814,11.557,15.348
1815,11.846,15.599
1816,11.881,15.763
1817,11.717,15.526
1818,11.636,15.495
1819,11.466,15.312
1820,11.322,15.179
1821,11.209,15.060
1822,11.116,14.977
1823,10.885,14.719
1824,10.761,14.632
1825,10.690,14.626
1826,10.612,14.557
1827,10.519,14.453
1828,10.426,14.311
1829,10.382,14.278
1830,10.347,14.269
1831,10.359,14.286
1832,10.423,14.321
1833,10.517,14.465
1834,10.549,14.470
1835,10.504,14.397
1836,10.478,14.436
1837,10.407,14.342
1838,10.340,14.309
1839,10.246,14.228
1840,10.199,14.166
