0,19.943,20.781
1,19.940,20.776
2,19.944,20.791
3,19.938,20.804
4,19.848,20.708
5,19.808,20.649
6,19.810,20.668
7,19.793,20.660
8,19.754,20.606
9,19.697,20.551
10,19.672,20.538
11,19.564,20.411
12,19.514,20.360
13,19.477,20.307
14,19.463,20.289
15,19.468,20.313
16,19.502,20.368
17,19.369,20.185
18,19.292,20.091
19,19.430,20.262
20,19.377,20.214
21,19.388,20.209
22,19.378,20.189
23,19.338,20.150
24,19.358,20.183
25,19.344,20.156
26,19.315,20.118
27,19.283,20.074
28,19.321,20.122
29,19.367,20.187
30,19.352,20.180
31,19.401,20.230
32,19.349,20.181
33,19.345,20.155
34,19.276,20.102
35,19.205,20.004
36,19.157,19.984
37,19.083,19.909
38,19.046,19.857
39,18.989,19.796
40,18.983,19.804
41,18.843,19.640
42,18.865,19.681
43,18.815,19.613
44,18.759,19.559
45,18.757,19.568
46,18.736,19.561
47,18.614,19.404
48,18.626,19.443
49,18.594,19.412
50,18.547,19.365
51,18.456,19.262
52,18.440,19.228
53,18.470,19.274
54,18.367,19.139
55,18.357,19.142
56,18.381,19.174
57,18.368,19.171
58,18.349,19.145
59,18.335,19.146
60,18.276,19.072
61,18.252,19.029
62,18.268,19.050
63,18.242,19.020
64,18.374,19.163
65,18.403,19.192
66,18.418,19.205
67,18.349,19.142
68,18.378,19.167
69,18.390,19.178
70,18.469,19.260
71,18.510,19.317
72,18.502,19.289
73,18.551,19.332
74,18.636,19.426
75,18.707,19.490
76,18.762,19.555
77,18.785,19.579
78,18.858,19.649
79,18.843,19.621
80,18.910,19.700
81,18.894,19.674
82,18.895,19.686
83,18.931,19.725
84,18.895,19.681
85,18.916,19.706
86,18.892,19.693
87,18.890,19.677
88,18.938,19.730
89,18.866,19.648
90,18.827,19.594
91,18.762,19.532
92,18.725,19.499
93,18.669,19.450
94,18.561,19.323
95,18.756,19.547
96,18.927,19.743
97,18.632,19.418
98,18.474,19.247
99,18.488,19.275
100,18.401,19.176
101,18.363,19.112
102,18.392,19.153
103,18.271,19.006
104,18.225,18.954
105,18.212,18.946
106,18.121,18.847
107,18.080,18.802
108,18.035,18.753
109,18.001,18.708
110,17.935,18.643
111,17.881,18.575
112,17.845,18.534
113,17.813,18.508
114,17.771,18.457
115,17.782,18.468
116,17.766,18.451
117,17.778,18.475
118,17.756,18.453
119,17.794,18.482
120,17.804,18.504
121,17.805,18.498
122,17.852,18.571
123,17.853,18.564
124,17.796,18.497
125,17.863,18.582
126,17.845,18.580
127,17.856,18.576
128,17.821,18.537
129,17.924,18.649
130,17.946,18.663
131,18.006,18.751
132,18.106,18.879
133,18.128,18.882
134,18.162,18.918
135,18.197,18.937
136,18.194,18.934
137,18.201,18.925
138,18.190,18.899
139,18.207,18.952
140,18.148,18.874
141,18.209,18.931
142,18.216,18.947
143,18.297,19.033
144,18.318,19.044
145,18.392,19.135
146,18.509,19.270
147,18.505,19.252
148,18.432,19.166
149,18.449,19.181
150,18.440,19.166
151,18.497,19.218
152,18.552,19.273
153,18.575,19.285
154,18.621,19.332
155,18.630,19.350
156,18.684,19.400
157,18.803,19.553
158,18.852,19.595
159,18.894,19.637
160,18.853,19.570
161,18.951,19.665
162,18.989,19.699
163,19.012,19.719
164,19.061,19.778
165,19.178,19.910
166,19.115,19.807
167,19.229,19.923
168,19.331,20.041
169,19.313,20.005
170,19.404,20.105
171,19.446,20.131
172,19.522,20.221
173,19.540,20.244
174,19.547,20.222
175,19.673,20.369
176,19.699,20.402
177,19.649,20.341
178,19.777,20.489
179,19.721,20.409
180,19.778,20.469
181,19.751,20.440
182,19.872,20.583
183,19.848,20.536
184,19.945,20.660
185,20.010,20.742
186,19.916,20.626
187,19.894,20.603
188,19.843,20.533
189,19.925,20.645
190,19.846,20.546
191,19.871,20.565
192,19.931,20.639
193,19.758,20.457
194,19.775,20.483
195,19.763,20.470
196,19.773,20.494
197,19.653,20.349
198,19.703,20.422
199,19.691,20.411
200,19.708,20.440
201,19.661,20.385
202,19.687,20.411
203,19.621,20.325
204,19.599,20.302
205,19.563,20.272
206,19.518,20.215
207,19.490,20.196
208,19.429,20.131
209,19.416,20.130
210,19.330,20.035
211,19.296,19.996
212,19.348,20.069
213,19.351,20.083
214,19.240,19.942
215,19.201,19.905
216,19.203,19.921
217,19.280,20.034
218,19.195,19.927
219,19.151,19.884
220,19.204,19.926
221,19.185,19.921
222,19.157,19.886
223,19.094,19.811
224,19.139,19.878
225,19.162,19.898
226,19.128,19.856
227,19.163,19.901
228,19.099,19.808
229,19.092,19.808
230,19.132,19.870
231,19.146,19.874
232,19.122,19.838
233,19.059,19.775
234,19.084,19.804
235,19.065,19.778
236,19.025,19.736
237,19.054,19.770
238,19.016,19.726
239,19.004,19.712
240,19.000,19.711
241,18.991,19.698
242,19.010,19.711
243,18.987,19.695
244,19.078,19.791
245,19.018,19.725
246,19.008,19.702
247,19.016,19.717
248,18.957,19.649
249,19.007,19.728
250,18.866,19.555
251,18.831,19.518
252,18.844,19.533
253,18.783,19.469
254,18.737,19.418
255,18.701,19.384
256,18.777,19.460
257,18.729,19.400
258,18.768,19.459
259,18.632,19.299
260,18.641,19.328
261,18.529,19.196
262,18.440,19.104
263,18.445,19.139
264,18.360,19.044
265,18.380,19.052
266,18.308,18.934
267,18.319,18.953
268,18.268,18.891
269,18.287,18.927
270,18.175,18.793
271,18.274,18.888
272,18.369,18.991
273,18.426,19.027
274,18.393,19.008
275,18.291,18.895
276,18.343,18.957
277,18.270,18.881
278,18.240,18.839
279,18.223,18.822
280,18.183,18.772
281,18.092,18.661
282,18.102,18.683
283,18.260,18.826
284,18.377,18.943
285,18.352,18.925
286,18.266,18.817
287,18.337,18.908
288,18.377,18.945
289,18.447,19.007
290,18.500,19.067
291,18.621,19.220
292,18.691,19.278
293,18.684,19.250
294,18.713,19.293
295,18.592,19.169
296,18.662,19.253
297,18.641,19.226
298,18.675,19.261
299,18.680,19.250
300,18.648,19.212
301,18.580,19.162
302,18.616,19.201
303,18.631,19.211
304,18.637,19.193
305,18.727,19.306
306,18.785,19.378
307,18.692,19.262
308,18.816,19.398
309,18.837,19.431
310,18.711,19.286
311,18.781,19.357
312,18.779,19.364
313,18.778,19.339
314,18.896,19.476
315,18.835,19.415
316,18.792,19.348
317,18.862,19.430
318,18.857,19.404
319,18.892,19.449
320,18.819,19.364
321,18.799,19.346
322,18.819,19.365
323,18.890,19.458
324,18.832,19.368
325,18.923,19.484
326,18.852,19.395
327,18.937,19.492
328,18.919,19.450
329,18.967,19.508
330,19.011,19.560
331,18.904,19.421
332,19.001,19.559
333,18.978,19.509
334,18.999,19.515
335,19.033,19.554
336,19.100,19.638
337,19.047,19.579
338,19.102,19.657
339,19.092,19.615
340,19.121,19.663
341,19.124,19.664
342,19.044,19.562
343,19.101,19.631
344,19.061,19.601
345,18.996,19.530
346,18.872,19.382
347,18.925,19.463
348,18.957,19.502
349,18.898,19.414
350,18.921,19.453
351,18.861,19.363
352,18.895,19.412
353,18.812,19.323
354,18.820,19.333
355,18.802,19.302
356,18.843,19.353
357,18.764,19.276
358,18.759,19.282
359,18.657,19.166
360,18.737,19.281
361,18.728,19.273
362,18.636,19.165
363,18.704,19.236
364,18.693,19.217
365,18.662,19.195
366,18.618,19.137
367,18.582,19.093
368,18.548,19.044
369,18.550,19.051
370,18.590,19.097
371,18.695,19.239
372,18.596,19.139
373,18.617,19.168
374,18.559,19.085
375,18.552,19.088
376,18.490,19.011
377,18.578,19.122
378,18.519,19.050
379,18.589,19.137
380,18.485,19.024
381,18.583,19.148
382,18.577,19.096
383,18.724,19.267
384,18.737,19.297
385,18.590,19.119
386,18.703,19.260
387,18.623,19.154
388,18.675,19.222
389,18.701,19.262
390,18.589,19.117
391,18.646,19.195
392,18.651,19.205
393,18.606,19.138
394,18.595,19.122
395,18.460,18.964
396,18.551,19.078
397,18.522,19.037
398,18.595,19.126
399,18.624,19.157
400,18.588,19.108
401,18.650,19.184
402,18.597,19.103
403,18.657,19.178
404,18.660,19.195
405,18.772,19.319
406,18.727,19.269
407,18.692,19.218
408,18.774,19.317
409,18.777,19.322
410,18.798,19.340
411,18.792,19.350
412,18.650,19.169
413,18.749,19.294
414,18.778,19.338
415,18.697,19.251
416,18.699,19.259
417,18.739,19.304
418,18.614,19.153
419,18.600,19.142
420,18.537,19.044
421,18.597,19.123
422,18.640,19.187
423,18.695,19.247
424,18.647,19.182
425,18.721,19.265
426,18.747,19.301
427,18.666,19.203
428,18.682,19.233
429,18.701,19.253
430,18.682,19.216
431,18.777,19.323
432,18.720,19.258
433,18.874,19.449
434,18.823,19.394
435,18.914,19.519
436,18.818,19.382
437,18.845,19.433
438,18.742,19.297
439,18.720,19.266
440,18.719,19.278
441,18.733,19.300
442,18.777,19.359
443,18.751,19.326
444,18.759,19.339
445,18.733,19.312
446,18.790,19.366
447,18.834,19.443
448,18.799,19.406
449,18.694,19.283
450,18.667,19.257
451,18.716,19.305
452,18.673,19.273
453,18.651,19.255
454,18.646,19.264
455,18.623,19.255
456,18.596,19.222
457,18.680,19.313
458,18.702,19.323
459,18.709,19.339
460,18.746,19.374
461,18.725,19.347
462,18.707,19.347
463,18.799,19.429
464,18.760,19.409
465,18.725,19.373
466,18.817,19.477
467,18.768,19.427
468,18.805,19.464
469,18.974,19.633
470,19.070,19.749
471,19.172,19.843
472,19.145,19.829
473,19.240,19.931
474,19.333,20.032
475,19.494,20.208
476,19.622,20.343
477,19.708,20.418
478,19.761,20.473
479,19.874,20.594
480,19.956,20.688
481,19.985,20.737
482,20.010,20.742
483,20.021,20.749
484,20.145,20.875
485,20.141,20.854
486,20.106,20.803
487,20.150,20.852
488,20.209,20.886
489,20.295,20.975
490,20.245,20.939
491,20.267,20.968
492,20.286,20.993
493,20.281,21.007
494,20.278,20.985
495,20.317,20.992
496,20.261,20.938
497,20.139,20.800
498,20.081,20.729
499,19.923,20.581
500,19.889,20.521
501,19.881,20.509
502,19.929,20.561
503,19.896,20.526
504,19.856,20.484
505,19.745,20.378
506,19.753,20.390
507,19.723,20.353
508,19.733,20.380
509,19.671,20.326
510,19.633,20.276
511,19.519,20.168
512,19.473,20.138
513,19.404,20.076
514,19.322,19.988
515,19.224,19.894
516,19.183,19.863
517,19.040,19.718
518,19.014,19.685
519,19.008,19.681
520,19.027,19.690
521,19.097,19.765
522,19.131,19.812
523,19.121,19.815
524,19.046,19.736
525,19.033,19.730
526,19.062,19.767
527,19.115,19.807
528,19.110,19.796
529,19.195,19.911
530,19.267,19.974
531,19.225,19.945
532,19.241,19.970
533,19.242,19.976
534,19.222,19.962
535,19.310,20.076
536,19.364,20.148
537,19.321,20.104
538,19.314,20.121
539,19.321,20.139
540,19.277,20.112
541,19.275,20.132
542,19.240,20.101
543,19.275,20.161
544,19.166,20.049
545,19.125,20.007
546,19.109,19.999
547,19.077,19.961
548,19.057,19.935
549,19.017,19.889
550,19.039,19.920
551,19.024,19.897
552,18.993,19.855
553,18.947,19.798
554,18.925,19.797
555,18.907,19.757
556,18.929,19.773
557,18.851,19.710
558,18.825,19.692
559,18.688,19.542
560,18.552,19.381
561,18.504,19.342
562,18.471,19.324
563,18.477,19.324
564,18.490,19.342
565,18.679,19.526
566,18.641,19.483
567,18.546,19.388
568,18.635,19.445
569,18.561,19.381
570,18.486,19.299
571,18.478,19.264
572,18.395,19.173
573,18.461,19.254
574,18.527,19.286
575,18.602,19.363
576,18.551,19.303
577,18.649,19.381
578,18.701,19.449
579,18.757,19.496
580,18.799,19.543
581,18.913,19.653
582,19.078,19.827
583,19.127,19.858
584,19.267,19.993
585,19.453,20.183
586,19.498,20.201
587,19.760,20.474
588,19.876,20.587
589,19.765,20.481
590,19.827,20.542
591,19.923,20.639
592,19.952,20.680
593,19.993,20.710
594,20.118,20.831
595,20.030,20.751
596,20.112,20.839
597,20.183,20.923
598,20.103,20.835
599,20.090,20.804
600,20.061,20.786
601,20.052,20.789
602,20.131,20.870
603,20.166,20.884
604,20.160,20.905
605,20.168,20.906
606,20.199,20.925
607,20.311,21.049
608,20.323,21.081
609,20.357,21.102
610,20.395,21.139
611,20.382,21.143
612,20.359,21.099
613,20.428,21.184
614,20.463,21.249
615,20.477,21.244
616,20.481,21.258
617,20.491,21.288
618,20.540,21.329
619,20.580,21.383
620,20.617,21.421
621,20.589,21.399
622,20.633,21.445
623,20.615,21.445
624,20.603,21.430
625,20.577,21.399
626,20.477,21.282
627,20.514,21.342
628,20.472,21.320
629,20.412,21.250
630,20.506,21.377
631,20.360,21.202
632,20.406,21.279
633,20.380,21.245
634,20.369,21.225
635,20.379,21.265
636,20.421,21.310
637,20.456,21.372
638,20.462,21.381
639,20.432,21.361
640,20.420,21.357
641,20.466,21.404
642,20.405,21.334
643,20.376,21.290
644,20.381,21.318
645,20.376,21.302
646,20.269,21.189
647,20.235,21.156
648,20.214,21.117
649,20.188,21.110
650,20.121,21.017
651,20.120,21.036
652,20.123,21.050
653,20.076,20.986
654,20.029,20.935
655,19.981,20.874
656,20.004,20.908
657,19.929,20.828
658,19.915,20.836
659,19.807,20.709
660,19.768,20.691
661,19.725,20.637
662,19.692,20.584
663,19.578,20.468
664,19.529,20.406
665,19.412,20.269
666,19.339,20.213
667,19.440,20.317
668,19.461,20.333
669,19.419,20.291
670,19.474,20.341
671,19.423,20.300
672,19.459,20.359
673,19.430,20.324
674,19.334,20.243
675,19.207,20.118
676,19.214,20.127
677,19.085,19.994
678,19.029,19.924
679,19.148,20.057
680,19.124,20.038
681,19.009,19.907
682,19.119,20.001
683,19.311,20.277
684,19.207,20.148
685,19.262,20.274
686,19.140,20.074
687,19.124,20.058
688,19.104,19.956
689,19.118,19.985
690,19.252,20.107
691,19.303,20.175
692,19.156,19.997
693,19.197,20.029
694,19.259,20.082
695,19.295,20.118
696,19.262,20.052
697,19.104,19.905
698,19.043,19.834
699,18.878,19.651
700,18.849,19.623
701,18.671,19.422
702,18.639,19.399
703,18.608,19.371
704,18.412,19.124
705,18.410,19.139
706,18.330,19.039
707,18.281,18.990
708,18.146,18.837
709,18.077,18.742
710,18.086,18.778
711,18.025,18.732
712,17.912,18.609
713,17.627,18.330
714,17.632,18.304
715,17.696,18.362
716,17.758,18.441
717,17.789,18.460
718,17.740,18.388
719,17.829,18.476
720,17.899,18.522
721,17.938,18.567
722,18.057,18.681
723,18.161,18.781
724,18.178,18.822
725,18.228,18.872
726,18.299,18.934
727,18.277,18.907
728,18.311,18.952
729,18.331,18.970
730,18.357,18.999
731,18.473,19.142
732,18.501,19.157
733,18.457,19.110
734,18.485,19.130
735,18.503,19.140
736,18.483,19.138
737,18.479,19.130
738,18.496,19.173
739,18.568,19.245
740,18.651,19.320
741,18.573,19.222
742,18.518,19.176
743,18.504,19.140
744,18.526,19.161
745,18.452,19.086
746,18.501,19.147
747,18.468,19.110
748,18.497,19.133
749,18.622,19.260
750,18.614,19.250
751,18.650,19.267
752,18.712,19.348
753,18.774,19.416
754,18.738,19.373
755,18.775,19.398
756,18.811,19.447
757,18.801,19.440
758,18.902,19.537
759,19.008,19.649
760,19.053,19.703
761,19.047,19.696
762,19.060,19.710
763,19.101,19.747
764,19.145,19.799
765,19.262,19.928
766,19.333,20.015
767,19.350,20.024
768,19.414,20.089
769,19.548,20.243
770,19.541,20.234
771,19.590,20.274
772,19.626,20.308
773,19.666,20.328
774,19.718,20.386
775,19.820,20.497
776,19.848,20.505
777,19.916,20.582
778,19.927,20.576
779,20.013,20.681
780,20.048,20.726
781,20.133,20.793
782,20.202,20.859
783,20.253,20.908
784,20.300,20.955
785,20.305,20.958
786,20.233,20.859
787,20.236,20.867
788,20.255,20.883
789,20.205,20.816
790,20.114,20.728
791,20.470,21.135
792,20.442,21.106
793,20.424,21.085
794,20.460,21.122
795,20.509,21.159
796,20.505,21.138
797,20.517,21.164
798,20.584,21.227
799,20.563,21.202
800,20.553,21.173
801,20.570,21.185
802,20.596,21.217
803,20.616,21.246
804,20.662,21.311
805,20.573,21.217
806,20.715,21.373
807,20.727,21.379
808,20.718,21.379
809,20.715,21.383
810,20.696,21.351
811,20.715,21.369
812,20.659,21.305
813,20.598,21.241
814,20.643,21.282
815,20.571,21.217
816,20.600,21.253
817,20.604,21.241
818,20.601,21.246
819,20.531,21.179
820,20.548,21.201
821,20.508,21.149
822,20.461,21.093
823,20.428,21.084
824,20.367,21.025
825,20.340,20.997
826,20.293,20.955
827,20.168,20.815
828,20.066,20.699
829,19.989,20.629
830,19.961,20.609
831,19.909,20.551
832,19.834,20.465
833,19.767,20.407
834,19.713,20.368
835,19.601,20.226
836,19.558,20.197
837,19.530,20.174
838,19.474,20.106
839,19.416,20.031
840,19.325,19.944
841,19.154,19.774
842,18.987,19.625
843,18.969,19.601
844,18.930,19.561
845,18.881,19.515
846,18.952,19.582
847,18.922,19.555
848,18.955,19.590
849,18.969,19.603
850,18.984,19.615
851,18.963,19.610
852,18.974,19.605
853,19.009,19.654
854,19.062,19.701
855,19.113,19.755
856,19.166,19.827
857,19.166,19.838
858,19.179,19.841
859,19.221,19.896
860,19.267,19.960
861,19.251,19.912
862,19.291,19.972
863,19.322,20.019
864,19.400,20.095
865,19.359,20.072
866,19.306,19.990
867,19.304,19.972
868,19.331,20.003
869,19.281,19.931
870,19.315,19.983
871,19.340,20.026
872,19.328,20.014
873,19.366,20.049
874,19.332,20.008
875,19.128,19.779
876,19.273,19.962
877,19.291,19.978
878,19.260,19.939
879,19.263,19.938
880,19.238,19.918
881,19.263,19.948
882,19.185,19.868
883,19.240,19.916
884,19.279,19.959
885,19.244,19.904
886,19.314,19.964
887,19.357,20.022
888,19.389,20.044
889,19.400,20.054
890,19.426,20.089
891,19.445,20.096
892,19.457,20.096
893,19.499,20.144
894,19.496,20.153
895,19.521,20.160
896,19.614,20.273
897,19.676,20.326
898,19.821,20.480
899,19.850,20.499
900,19.844,20.506
901,19.952,20.614
902,19.928,20.570
903,19.952,20.599
904,19.974,20.628
905,20.014,20.671
906,19.980,20.606
907,20.149,20.793
908,20.186,20.841
909,20.119,20.727
910,20.177,20.804
911,20.208,20.818
912,20.139,20.743
913,20.199,20.792
914,20.124,20.693
915,20.149,20.728
916,20.168,20.764
917,20.097,20.662
918,20.110,20.700
919,20.123,20.709
920,20.066,20.627
921,20.116,20.670
922,20.040,20.615
923,20.117,20.702
924,20.042,20.609
925,20.061,20.632
926,19.990,20.544
927,20.078,20.657
928,20.038,20.596
929,20.048,20.626
930,20.054,20.667
931,20.015,20.605
932,20.002,20.609
933,19.899,20.497
934,19.946,20.562
935,19.844,20.436
936,19.740,20.310
937,19.763,20.337
938,19.734,20.320
939,19.737,20.337
940,19.688,20.283
941,19.636,20.226
942,19.563,20.154
943,19.461,20.023
944,19.442,20.026
945,19.399,19.974
946,19.478,20.116
947,19.324,19.901
948,19.230,19.800
949,19.281,19.877
950,19.283,19.882
951,19.202,19.785
952,19.301,19.910
953,19.154,19.741
954,19.054,19.644
955,19.022,19.592
956,19.171,19.781
957,19.008,19.588
958,19.035,19.631
959,19.094,19.703
960,18.989,19.561
961,19.072,19.676
962,19.075,19.665
963,19.299,19.938
964,19.075,19.659
965,19.142,19.741
966,19.088,19.671
967,19.171,19.776
968,19.191,19.811
969,19.098,19.679
970,19.170,19.761
971,19.300,19.893
972,19.386,19.995
973,19.338,19.914
974,19.457,20.048
975,19.531,20.140
976,19.496,20.077
977,19.595,20.211
978,19.603,20.214
979,19.617,20.234
980,19.561,20.146
981,19.672,20.268
982,19.727,20.335
983,19.773,20.363
984,19.658,20.235
985,19.766,20.370
986,19.885,20.486
987,19.856,20.457
988,19.818,20.411
989,19.735,20.331
990,19.713,20.292
991,19.731,20.324
992,19.682,20.245
993,19.765,20.343
994,19.752,20.333
995,19.812,20.406
996,19.787,20.376
997,19.862,20.468
998,19.866,20.462
999,19.915,20.523
1000,19.992,20.589
1001,20.060,20.676
1002,20.136,20.769
1003,20.188,20.814
1004,20.176,20.805
1005,20.129,20.763
1006,19.907,20.495
1007,20.058,20.687
1008,20.085,20.731
1009,20.181,20.851
1010,20.233,20.894
1011,20.194,20.847
1012,20.180,20.860
1013,20.157,20.811
1014,20.207,20.873
1015,20.141,20.796
1016,20.083,20.751
1017,19.983,20.621
1018,19.940,20.581
1019,19.928,20.581
1020,19.848,20.498
1021,19.868,20.513
1022,19.737,20.365
1023,19.767,20.411
1024,19.746,20.388
1025,19.718,20.379
1026,19.662,20.305
1027,19.730,20.407
1028,19.662,20.308
1029,19.592,20.249
1030,19.763,20.482
1031,19.522,20.189
1032,19.513,20.185
1033,19.383,20.028
1034,19.436,20.079
1035,19.322,19.950
1036,19.338,19.990
1037,19.389,20.037
1038,19.295,19.945
1039,19.257,19.897
1040,19.160,19.784
1041,19.254,19.892
1042,19.243,19.861
1043,19.173,19.800
1044,19.134,19.755
1045,18.979,19.568
1046,18.967,19.563
1047,18.988,19.586
1048,18.893,19.500
1049,18.831,19.409
1050,18.808,19.398
1051,18.683,19.241
1052,18.607,19.158
1053,18.508,19.048
1054,18.436,18.980
1055,18.393,18.943
1056,18.316,18.851
1057,18.400,18.941
1058,18.396,18.920
1059,18.369,18.896
1060,18.288,18.811
1061,18.257,18.780
1062,18.139,18.665
1063,18.234,18.754
1064,18.191,18.685
1065,18.111,18.614
1066,18.184,18.693
1067,18.193,18.716
1068,18.163,18.667
1069,18.209,18.706
1070,18.240,18.752
1071,18.252,18.781
1072,18.295,18.809
1073,18.268,18.799
1074,18.230,18.740
1075,18.298,18.801
1076,18.347,18.861
1077,18.399,18.912
1078,18.554,19.059
1079,18.676,19.183
1080,18.754,19.243
1081,18.777,19.271
1082,18.771,19.262
1083,18.829,19.312
1084,18.939,19.427
1085,19.030,19.522
1086,19.141,19.631
1087,19.021,19.486
1088,19.045,19.527
1089,18.857,19.343
1090,18.666,19.151
1091,18.776,19.273
1092,18.830,19.311
1093,18.802,19.304
1094,18.841,19.332
1095,18.951,19.429
1096,18.916,19.401
1097,18.996,19.482
1098,19.069,19.562
1099,19.044,19.546
1100,19.134,19.615
1101,19.255,19.739
1102,19.409,19.905
1103,19.538,20.042
1104,19.589,20.086
1105,19.689,20.192
1106,19.678,20.185
1107,19.780,20.279
1108,19.858,20.354
1109,20.031,20.547
1110,19.944,20.405
1111,20.060,20.563
1112,20.150,20.640
1113,20.218,20.699
1114,20.422,20.935
1115,20.193,20.648
1116,20.502,21.010
1117,20.608,21.115
1118,20.699,21.218
1119,20.852,21.376
1120,20.906,21.411
1121,20.947,21.470
1122,20.857,21.349
1123,20.869,21.368
1124,20.733,21.217
1125,20.731,21.234
1126,20.825,21.339
1127,20.626,21.157
1128,20.458,20.962
1129,20.437,20.966
1130,20.314,20.848
1131,20.296,20.823
1132,20.179,20.703
1133,20.207,20.744
1134,20.212,20.727
1135,20.153,20.688
1136,20.155,20.701
1137,20.097,20.652
1138,20.097,20.658
1139,20.014,20.570
1140,19.963,20.525
1141,19.902,20.474
1142,19.904,20.464
1143,19.829,20.404
1144,19.730,20.307
1145,19.699,20.266
1146,19.656,20.225
1147,19.666,20.236
1148,19.561,20.129
1149,19.562,20.152
1150,19.504,20.078
1151,19.534,20.131
1152,19.474,20.078
1153,19.450,20.049
1154,19.480,20.076
1155,19.418,20.017
1156,19.383,19.986
1157,19.315,19.910
1158,19.266,19.853
1159,19.291,19.884
1160,19.287,19.892
1161,19.257,19.852
1162,19.348,19.980
1163,19.254,19.866
1164,19.210,19.807
1165,19.160,19.761
1166,19.130,19.721
1167,19.051,19.644
1168,19.035,19.622
1169,19.004,19.599
1170,18.979,19.576
1171,18.938,19.539
1172,18.943,19.562
1173,18.891,19.484
1174,18.864,19.464
1175,18.871,19.466
1176,18.861,19.455
1177,18.842,19.444
1178,18.845,19.457
1179,18.881,19.510
1180,18.848,19.475
1181,18.813,19.446
1182,18.746,19.373
1183,18.681,19.299
1184,18.623,19.237
1185,18.674,19.314
1186,18.630,19.261
1187,18.585,19.216
1188,18.571,19.219
1189,18.539,19.174
1190,18.483,19.111
1191,18.484,19.116
1192,18.575,19.200
1193,18.643,19.280
1194,18.649,19.283
1195,18.456,19.059
1196,18.478,19.108
1197,18.516,19.142
1198,18.678,19.316
1199,18.714,19.359
1200,18.736,19.335
1201,18.757,19.369
1202,18.788,19.412
1203,18.736,19.342
1204,18.663,19.257
1205,18.779,19.408
1206,18.934,19.582
1207,18.946,19.597
1208,19.053,19.710
1209,19.016,19.676
1210,19.117,19.772
1211,19.174,19.843
1212,19.188,19.835
1213,19.235,19.879
1214,19.365,20.042
1215,19.274,19.936
1216,19.216,19.880
1217,19.202,19.887
1218,19.174,19.849
1219,19.022,19.673
1220,19.097,19.787
1221,19.028,19.711
1222,19.200,19.917
1223,19.114,19.792
1224,19.182,19.875
1225,19.129,19.779
1226,19.223,19.903
1227,19.219,19.887
1228,19.265,19.948
1229,19.236,19.922
1230,19.349,20.051
1231,19.348,20.051
1232,19.412,20.122
1233,19.439,20.136
1234,19.501,20.217
1235,19.474,20.153
1236,19.460,20.149
1237,19.691,20.422
1238,19.625,20.328
1239,19.579,20.273
1240,19.582,20.270
1241,19.580,20.246
1242,19.624,20.323
1243,19.591,20.266
1244,19.570,20.238
1245,19.772,20.482
1246,19.713,20.421
1247,19.694,20.369
1248,19.653,20.347
1249,19.627,20.292
1250,19.732,20.411
1251,19.622,20.274
1252,19.655,20.302
1253,19.650,20.275
1254,19.839,20.508
1255,19.669,20.308
1256,19.831,20.533
1257,19.739,20.400
1258,19.599,20.221
1259,19.842,20.534
1260,19.622,20.268
1261,19.435,20.034
1262,19.430,20.048
1263,19.298,19.897
1264,19.269,19.876
1265,19.250,19.864
1266,19.162,19.758
1267,19.204,19.816
1268,19.075,19.678
1269,19.028,19.644
1270,19.044,19.644
1271,19.113,19.711
1272,19.092,19.693
1273,19.085,19.660
1274,19.013,19.593
1275,19.023,19.593
1276,18.857,19.415
1277,18.827,19.391
1278,18.872,19.449
1279,19.062,19.659
1280,18.766,19.289
1281,18.853,19.400
1282,18.738,19.281
1283,18.664,19.202
1284,18.615,19.149
1285,18.585,19.111
1286,18.569,19.100
1287,18.828,19.394
1288,18.801,19.360
1289,18.406,18.910
1290,18.349,18.845
1291,18.559,19.073
1292,18.614,19.109
1293,18.648,19.152
1294,18.600,19.096
1295,18.643,19.151
1296,18.757,19.250
1297,18.784,19.276
1298,18.792,19.297
1299,18.848,19.347
1300,18.965,19.484
1301,18.946,19.449
1302,19.010,19.514
1303,19.026,19.516
1304,19.125,19.607
1305,19.248,19.725
1306,19.274,19.780
1307,19.350,19.838
1308,19.368,19.853
1309,19.315,19.800
1310,19.459,19.979
1311,19.475,19.991
1312,19.354,19.866
1313,19.256,19.776
1314,19.192,19.718
1315,19.155,19.666
1316,19.133,19.628
1317,19.191,19.696
1318,19.259,19.756
1319,19.260,19.746
1320,19.273,19.751
1321,19.298,19.789
1322,19.318,19.796
1323,19.324,19.811
1324,19.315,19.805
1325,19.404,19.893
1326,19.487,19.998
1327,19.411,19.901
1328,19.408,19.914
1329,19.417,19.918
1330,19.403,19.904
1331,19.444,19.941
1332,19.440,19.944
1333,19.442,19.940
1334,19.494,19.995
1335,19.528,20.030
1336,19.515,20.000
1337,19.522,20.009
1338,19.540,20.033
1339,19.517,20.001
1340,19.546,20.026
1341,19.567,20.056
1342,19.581,20.070
1343,19.575,20.068
1344,19.584,20.061
1345,19.587,20.077
1346,19.630,20.120
1347,19.630,20.116
1348,19.661,20.158
1349,19.652,20.138
1350,19.675,20.160
1351,19.669,20.137
1352,19.704,20.192
1353,19.729,20.216
1354,19.721,20.205
1355,19.540,19.963
1356,19.713,20.195
1357,19.716,20.204
1358,19.670,20.149
1359,19.639,20.128
1360,19.614,20.099
1361,19.620,20.096
1362,19.565,20.031
1363,19.550,20.024
1364,19.572,20.045
1365,19.549,20.021
1366,19.566,20.047
1367,19.535,20.012
1368,19.488,19.958
1369,19.479,19.954
1370,19.499,19.977
1371,19.463,19.949
1372,19.409,19.885
1373,19.424,19.915
1374,19.477,19.980
1375,19.439,19.934
1376,19.432,19.929
1377,19.429,19.925
1378,19.369,19.857
1379,19.400,19.898
1380,19.386,19.862
1381,19.398,19.879
1382,19.366,19.853
1383,19.354,19.844
1384,19.358,19.844
1385,19.418,19.925
1386,19.424,19.920
1387,19.463,19.961
1388,19.474,19.981
1389,19.508,20.007
1390,19.555,20.063
1391,19.610,20.121
1392,19.641,20.162
1393,19.709,20.222
1394,19.785,20.304
1395,19.825,20.358
1396,19.914,20.442
1397,19.970,20.510
1398,20.061,20.609
1399,20.110,20.681
1400,20.127,20.677
1401,20.155,20.720
1402,20.270,20.843
1403,20.309,20.896
1404,20.317,20.899
1405,20.301,20.879
1406,20.329,20.908
1407,20.261,20.827
1408,20.346,20.929
1409,20.287,20.845
1410,20.285,20.848
1411,20.301,20.866
1412,20.314,20.870
1413,20.338,20.912
1414,20.260,20.820
1415,20.346,20.922
1416,20.265,20.837
1417,20.274,20.842
1418,20.169,20.722
1419,20.170,20.739
1420,20.172,20.733
1421,20.060,20.605
1422,20.066,20.601
1423,19.955,20.476
1424,20.015,20.544
1425,19.906,20.432
1426,19.914,20.458
1427,19.858,20.400
1428,19.700,20.217
1429,19.621,20.142
1430,19.587,20.123
1431,19.447,19.976
1432,19.397,19.929
1433,19.331,19.864
1434,19.360,19.915
1435,19.273,19.817
1436,19.265,19.825
1437,19.191,19.751
1438,19.134,19.708
1439,19.024,19.584
1440,19.009,19.582
1441,18.934,19.508
1442,18.835,19.412
1443,18.760,19.340
1444,18.671,19.255
1445,18.563,19.156
1446,18.376,18.970
1447,18.193,18.802
1448,17.988,18.592
1449,17.775,18.404
1450,17.539,18.174
1451,17.398,18.047
1452,17.248,17.911
1453,17.566,18.231
1454,17.605,18.298
1455,17.570,18.265
1456,17.645,18.375
1457,17.633,18.360
1458,17.738,18.484
1459,17.860,18.646
1460,17.721,18.497
1461,17.734,18.528
1462,17.857,18.669
1463,17.794,18.617
1464,17.829,18.658
1465,18.012,18.874
1466,18.093,18.956
1467,18.154,18.994
1468,18.238,19.074
1469,18.462,19.308
1470,18.632,19.480
1471,18.992,19.858
1472,19.123,19.994
1473,19.299,20.200
1474,19.327,20.258
1475,19.472,20.437
1476,19.563,20.538
1477,19.704,20.694
1478,19.712,20.702
1479,19.782,20.806
1480,19.758,20.775
1481,19.745,20.771
1482,19.625,20.639
1483,19.722,20.738
1484,19.706,20.721
1485,19.729,20.728
1486,19.629,20.584
1487,19.640,20.590
1488,19.671,20.610
1489,19.632,20.520
1490,19.921,20.806
1491,19.878,20.772
1492,19.569,20.424
1493,19.585,20.427
1494,19.907,20.758
1495,19.908,20.736
1496,20.139,20.982
1497,20.178,20.985
1498,19.717,20.433
1499,19.677,20.324
1500,19.639,20.247
1501,19.549,20.140
1502,19.634,20.241
1503,19.431,19.981
1504,19.479,20.033
1505,19.372,19.924
1506,19.434,19.988
1507,19.526,20.089
1508,19.709,20.325
1509,19.542,20.130
1510,19.273,19.810
1511,19.193,19.741
1512,18.887,19.433
1513,18.370,18.888
1514,18.371,18.910
1515,18.254,18.772
1516,18.356,18.879
1517,18.326,18.824
1518,18.280,18.761
1519,18.532,19.057
1520,18.485,19.000
1521,18.613,19.126
1522,18.663,19.180
1523,18.761,19.263
1524,18.866,19.373
1525,18.874,19.368
1526,19.012,19.532
1527,19.054,19.534
1528,19.129,19.620
1529,19.231,19.725
1530,19.451,19.953
1531,19.479,19.970
1532,19.642,20.120
1533,19.714,20.217
1534,19.727,20.206
1535,19.847,20.367
1536,19.767,20.258
1537,19.837,20.329
1538,19.780,20.267
1539,19.880,20.385
1540,19.927,20.430
1541,19.961,20.472
1542,19.870,20.374
1543,19.879,20.379
1544,19.893,20.391
1545,19.781,20.264
1546,19.915,20.429
1547,20.286,20.799
1548,20.464,21.016
1549,20.365,20.907
1550,20.448,20.989
1551,20.313,20.867
1552,20.222,20.766
1553,20.149,20.699
1554,20.003,20.568
1555,19.916,20.477
1556,19.896,20.467
1557,19.763,20.337
1558,19.613,20.176
1559,19.539,20.113
1560,19.447,20.020
1561,19.348,19.913
1562,19.262,19.832
1563,19.280,19.864
1564,19.201,19.775
1565,19.236,19.818
1566,19.236,19.813
1567,19.218,19.793
1568,19.187,19.762
1569,19.231,19.817
1570,19.192,19.785
1571,19.180,19.758
1572,19.240,19.833
1573,19.238,19.811
1574,19.172,19.733
1575,19.187,19.749
1576,19.189,19.746
1577,18.957,19.511
1578,18.987,19.546
1579,18.893,19.436
1580,18.852,19.386
1581,18.774,19.326
1582,18.657,19.195
1583,18.530,19.064
1584,18.474,19.018
1585,18.476,19.034
1586,18.198,18.737
1587,18.370,18.921
1588,18.481,19.057
1589,18.437,19.017
1590,18.490,19.068
1591,18.446,19.031
1592,18.417,19.007
1593,18.464,19.075
1594,18.573,19.193
1595,18.262,18.845
1596,18.395,18.993
1597,18.323,18.928
1598,18.317,18.935
1599,18.171,18.772
1600,18.197,18.807
1601,18.083,18.675
1602,18.068,18.675
1603,18.145,18.747
1604,18.114,18.704
1605,18.233,18.856
1606,18.206,18.817
1607,18.197,18.819
1608,18.075,18.688
1609,18.085,18.695
1610,18.139,18.742
1611,18.128,18.753
1612,18.146,18.797
1613,17.913,18.513
1614,17.914,18.522
1615,17.984,18.602
1616,17.974,18.574
1617,18.022,18.646
1618,18.023,18.637
1619,17.984,18.562
1620,18.052,18.645
1621,17.974,18.574
1622,17.898,18.487
1623,17.979,18.587
1624,18.200,18.789
1625,18.233,18.810
1626,18.370,18.950
1627,18.462,19.034
1628,18.558,19.142
1629,18.566,19.143
1630,18.649,19.207
1631,18.730,19.311
1632,18.775,19.344
1633,18.655,19.226
1634,18.668,19.240
1635,18.674,19.244
1636,18.673,19.235
1637,18.534,19.101
1638,17.880,18.424
1639,18.563,19.118
1640,18.789,19.328
1641,18.994,19.540
1642,19.002,19.545
1643,19.001,19.543
1644,18.980,19.541
1645,18.870,19.421
1646,18.354,18.916
1647,18.145,18.682
1648,18.421,18.941
1649,18.437,18.974
1650,18.346,18.868
1651,18.322,18.841
1652,18.452,18.985
1653,18.454,18.977
1654,18.620,19.162
1655,18.677,19.219
1656,18.830,19.374
1657,18.925,19.478
1658,18.832,19.375
1659,18.694,19.207
1660,18.851,19.386
1661,18.754,19.274
1662,18.831,19.368
1663,18.761,19.284
1664,19.088,19.640
1665,19.103,19.632
1666,19.066,19.600
1667,19.134,19.693
1668,19.086,19.618
1669,19.117,19.657
1670,19.188,19.732
1671,19.187,19.728
1672,19.577,20.120
1673,19.459,20.029
1674,19.260,19.792
1675,19.392,19.943
1676,19.282,19.822
1677,19.559,20.121
1678,19.419,19.998
1679,19.201,19.797
1680,19.089,19.673
1681,19.026,19.599
1682,18.881,19.433
1683,18.970,19.525
1684,19.086,19.649
1685,19.226,19.806
1686,19.290,19.852
1687,19.663,20.244
1688,19.772,20.362
1689,19.863,20.467
1690,19.854,20.460
1691,19.716,20.333
1692,19.220,19.820
1693,19.078,19.665
1694,19.059,19.632
1695,19.028,19.604
1696,19.064,19.643
1697,19.074,19.645
1698,19.110,19.697
1699,19.120,19.695
1700,19.138,19.696
1701,19.167,19.717
1702,19.214,19.769
1703,19.176,19.736
1704,19.258,19.825
1705,19.292,19.874
1706,19.225,19.804
1707,19.185,19.776
1708,19.112,19.699
1709,19.062,19.657
1710,18.942,19.518
1711,18.979,19.582
1712,18.998,19.607
1713,19.080,19.712
1714,18.719,19.336
1715,18.678,19.307
1716,18.749,19.372
1717,18.876,19.501
1718,18.897,19.539
1719,18.836,19.483
1720,18.723,19.367
1721,18.701,19.372
1722,18.613,19.291
1723,18.505,19.178
1724,18.441,19.109
1725,18.395,19.087
1726,18.440,19.122
1727,18.401,19.074
1728,18.410,19.094
1729,18.379,19.065
1730,18.386,19.067
1731,18.420,19.103
1732,18.465,19.137
1733,18.445,19.117
1734,18.439,19.117
1735,18.037,18.701
1736,17.972,18.604
1737,17.940,18.567
1738,17.996,18.644
1739,18.017,18.646
1740,18.054,18.676
1741,18.112,18.738
1742,18.219,18.842
1743,18.282,18.890
1744,18.428,19.047
1745,18.531,19.149
1746,18.587,19.200
1747,18.685,19.288
1748,18.781,19.388
1749,18.850,19.453
1750,18.926,19.536
1751,18.925,19.526
1752,18.902,19.496
1753,18.909,19.501
1754,18.895,19.492
1755,18.879,19.470
1756,18.888,19.489
1757,18.965,19.583
1758,19.008,19.625
1759,18.997,19.613
1760,19.060,19.686
1761,19.138,19.756
1762,19.334,19.970
1763,19.452,20.101
1764,19.464,20.141
1765,19.445,20.109
1766,19.280,19.940
1767,19.358,20.045
1768,19.271,19.952
1769,19.087,19.764
1770,19.063,19.754
1771,19.015,19.725
1772,18.955,19.661
1773,18.887,19.607
1774,18.770,19.484
1775,18.836,19.572
1776,18.716,19.442
1777,18.638,19.362
1778,18.570,19.287
1779,18.522,19.250
1780,18.511,19.245
1781,18.710,19.510
1782,18.443,19.200
1783,18.353,19.120
1784,18.201,18.939
1785,18.364,19.169
1786,18.090,18.814
1787,17.993,18.704
1788,17.843,18.557
1789,17.893,18.594
1790,17.884,18.589
1791,17.760,18.454
1792,17.746,18.432
1793,17.708,18.411
1794,17.664,18.362
1795,17.658,18.352
1796,17.597,18.279
1797,17.563,18.246
1798,17.565,18.219
1799,17.672,18.358
1800,17.654,18.350
1801,17.745,18.443
1802,17.861,18.568
1803,18.050,18.745
1804,18.130,18.827
1805,18.292,18.984
1806,18.442,19.133
1807,18.492,19.162
1808,18.567,19.257
1809,18.553,19.233
1810,18.454,19.140
1811,18.442,19.121
1812,18.521,19.199
1813,18.538,19.210
1814,18.676,19.347
1815,18.798,19.479
1816,18.859,19.540
1817,18.977,19.652
1818,19.123,19.811
1819,19.121,19.772
1820,19.209,19.871
1821,19.364,20.028
1822,19.325,19.977
1823,19.345,20.000
1824,19.350,20.008
1825,19.478,20.134
1826,19.573,20.224
1827,19.712,20.377
1828,19.842,20.497
1829,19.930,20.578
1830,20.023,20.660
1831,20.071,20.697
1832,20.133,20.771
1833,20.061,20.702
1834,20.072,20.732
1835,19.882,20.504
1836,19.909,20.535
1837,19.849,20.495
1838,19.759,20.413
1839,19.690,20.351
1840,19.595,20.252
