0,25.465,26.568
1,25.474,26.588
2,25.463,26.575
3,25.520,26.634
4,25.560,26.673
5,25.597,26.737
6,25.611,26.733
7,25.624,26.755
8,25.738,26.891
9,25.798,26.930
10,25.867,27.019
11,25.963,27.129
12,26.095,27.252
13,26.209,27.360
14,26.225,27.382
15,26.253,27.378
16,26.275,27.404
17,26.292,27.395
18,26.330,27.461
19,26.287,27.392
20,26.298,27.401
21,26.431,27.546
22,26.686,27.881
23,26.733,27.913
24,26.448,27.747
25,26.173,27.013
26,26.315,27.143
27,26.362,27.184
28,26.462,27.249
29,26.588,27.357
30,25.954,26.827
31,25.991,26.880
32,25.967,26.864
33,25.857,26.764
34,25.835,26.764
35,25.774,26.676
36,25.756,26.699
37,25.737,26.678
38,25.751,26.692
39,25.708,26.687
40,25.654,26.617
41,25.703,26.668
42,25.851,26.845
43,25.750,26.723
44,25.740,26.701
45,25.761,26.712
46,25.774,26.735
47,25.790,26.754
48,25.832,26.804
49,25.978,26.987
50,25.826,26.802
51,25.951,26.942
52,25.916,26.882
53,25.944,26.915
54,26.016,26.991
55,26.077,27.056
56,26.182,27.179
57,26.171,27.163
58,26.181,27.149
59,26.305,27.303
60,26.254,27.222
61,26.233,27.163
62,26.227,27.153
63,26.237,27.134
64,26.274,27.160
65,26.285,27.180
66,26.331,27.209
67,26.414,27.290
68,26.383,27.258
69,26.402,27.256
70,26.415,27.268
71,26.436,27.316
72,26.460,27.299
73,26.400,27.225
74,26.443,27.262
75,26.559,27.427
76,26.558,27.395
77,26.607,27.478
78,26.567,27.376
79,26.584,27.408
80,26.553,27.381
81,26.554,27.379
82,26.620,27.456
83,26.526,27.335
84,26.570,27.403
85,26.451,27.257
86,26.466,27.317
87,26.473,27.334
88,26.369,27.209
89,26.333,27.173
90,26.318,27.168
91,26.233,27.068
92,26.161,26.993
93,26.205,27.053
94,26.135,26.954
95,26.158,27.001
96,26.100,26.890
97,26.163,26.991
98,26.116,26.930
99,26.128,26.933
100,26.129,26.935
101,26.110,26.914
102,26.104,26.900
103,26.037,26.816
104,26.077,26.864
105,26.064,26.843
106,26.043,26.815
107,25.982,26.745
108,25.978,26.734
109,25.962,26.720
110,25.869,26.604
111,25.815,26.548
112,25.788,26.508
113,25.741,26.452
114,25.688,26.379
115,25.731,26.435
116,25.719,26.422
117,25.755,26.458
118,25.754,26.442
119,25.759,26.433
120,25.731,26.411
121,25.635,26.287
122,25.499,26.122
123,25.429,26.037
124,25.275,25.846
125,25.150,25.689
126,25.037,25.573
127,24.849,25.356
128,24.690,25.165
129,24.679,25.159
130,24.573,25.042
131,24.483,24.949
132,24.216,24.659
133,23.954,24.372
134,23.796,24.195
135,23.689,24.085
136,23.656,24.046
137,23.623,24.005
138,23.477,23.856
139,23.415,23.799
140,23.277,23.643
141,23.224,23.583
142,23.219,23.581
143,23.182,23.537
144,23.201,23.557
145,23.099,23.452
146,23.056,23.404
147,23.049,23.416
148,23.067,23.441
149,23.024,23.404
150,23.030,23.411
151,23.053,23.435
152,22.922,23.297
153,23.072,23.463
154,23.062,23.442
155,23.042,23.418
156,23.069,23.454
157,23.112,23.499
158,23.078,23.460
159,23.120,23.507
160,23.096,23.487
161,23.106,23.485
162,23.123,23.509
163,23.174,23.566
164,23.221,23.604
165,23.163,23.555
166,23.196,23.580
167,23.243,23.630
168,23.231,23.606
169,23.278,23.661
170,23.341,23.723
171,23.355,23.742
172,23.341,23.733
173,23.443,23.829
174,23.484,23.879
175,23.646,24.068
176,23.536,23.942
177,23.567,23.986
178,23.591,24.012
179,23.517,23.926
180,23.600,24.021
181,23.620,24.040
182,23.744,24.199
183,23.686,24.149
184,23.864,24.333
185,23.875,24.346
186,23.880,24.353
187,23.951,24.438
188,24.041,24.537
189,24.002,24.502
190,24.019,24.516
191,24.100,24.627
192,24.116,24.633
193,24.134,24.662
194,24.160,24.682
195,24.226,24.764
196,24.207,24.737
197,24.145,24.665
198,24.167,24.712
199,24.192,24.732
200,24.207,24.742
201,24.207,24.748
202,24.204,24.744
203,24.220,24.764
204,24.220,24.768
205,24.219,24.774
206,24.179,24.718
207,24.269,24.827
208,24.254,24.808
209,24.261,24.813
210,24.163,24.696
211,24.238,24.798
212,24.273,24.828
213,24.274,24.839
214,24.302,24.868
215,24.364,24.936
216,24.375,24.948
217,24.388,24.966
218,24.323,24.888
219,24.468,25.059
220,24.452,25.041
221,24.363,24.941
222,24.257,24.834
223,24.282,24.859
224,24.301,24.881
225,24.376,24.969
226,24.388,24.982
227,24.393,24.984
228,24.479,25.064
229,24.449,25.040
230,24.417,25.010
231,24.410,25.001
232,24.439,25.024
233,24.487,25.092
234,24.529,25.130
235,24.527,25.135
236,24.591,25.212
237,24.449,25.053
238,24.472,25.078
239,24.424,25.013
240,24.383,24.977
241,24.357,24.945
242,24.394,24.991
243,24.398,24.999
244,24.478,25.082
245,24.555,25.164
246,24.455,25.052
247,24.498,25.092
248,24.486,25.085
249,24.574,25.190
250,24.487,25.085
251,24.445,25.046
252,24.412,24.993
253,24.502,25.096
254,24.466,25.046
255,24.438,25.017
256,24.455,25.041
257,24.474,25.055
258,24.417,24.974
259,24.335,24.892
260,24.281,24.832
261,24.177,24.717
262,24.194,24.748
263,24.274,24.822
264,24.286,24.838
265,24.060,24.570
266,24.144,24.663
267,24.049,24.566
268,23.962,24.462
269,23.933,24.428
270,23.899,24.394
271,24.129,24.644
272,23.941,24.432
273,23.895,24.386
274,23.925,24.428
275,23.841,24.332
276,23.764,24.240
277,23.858,24.350
278,23.860,24.346
279,23.883,24.377
280,23.890,24.390
281,23.947,24.463
282,23.834,24.319
283,23.994,24.501
284,23.813,24.289
285,23.830,24.318
286,23.741,24.217
287,23.724,24.198
288,23.767,24.257
289,23.678,24.153
290,23.674,24.149
291,23.632,24.087
292,23.622,24.099
293,23.747,24.222
294,23.646,24.109
295,23.540,23.998
296,23.660,24.143
297,23.653,24.132
298,23.598,24.066
299,23.604,24.079
300,23.768,24.257
301,23.553,24.022
302,23.732,24.230
303,23.561,24.034
304,23.623,24.109
305,23.604,24.077
306,23.663,24.139
307,23.690,24.153
308,23.704,24.178
309,23.962,24.470
310,23.769,24.243
311,23.587,24.045
312,23.627,24.085
313,23.752,24.233
314,24.048,24.549
315,23.889,24.377
316,23.899,24.405
317,24.089,24.601
318,24.113,24.636
319,24.028,24.536
320,23.965,24.447
321,24.074,24.574
322,24.320,24.841
323,24.118,24.614
324,24.041,24.528
325,24.211,24.716
326,24.183,24.684
327,24.115,24.607
328,24.061,24.543
329,24.064,24.539
330,24.054,24.541
331,24.005,24.490
332,23.963,24.427
333,23.970,24.439
334,24.049,24.526
335,24.056,24.536
336,24.057,24.539
337,24.002,24.476
338,23.981,24.465
339,24.070,24.559
340,24.056,24.541
341,24.167,24.664
342,24.174,24.676
343,24.488,25.022
344,24.531,25.084
345,24.340,24.881
346,25.618,26.348
347,24.247,24.763
348,24.549,25.127
349,24.882,25.505
350,24.758,25.368
351,25.173,25.833
352,24.631,25.222
353,24.346,24.881
354,24.706,25.289
355,24.905,25.528
356,24.581,25.135
357,24.731,25.301
358,24.612,25.194
359,24.588,25.173
360,24.516,25.081
361,24.658,25.248
362,24.530,25.097
363,24.547,25.123
364,25.132,25.796
365,24.568,25.152
366,24.606,25.192
367,24.361,24.925
368,24.371,24.933
369,24.389,24.950
370,24.611,25.187
371,25.084,25.784
372,24.691,25.315
373,24.917,25.560
374,24.608,25.213
375,24.463,25.062
376,24.511,25.106
377,24.420,25.002
378,24.761,25.402
379,24.554,25.174
380,24.438,25.024
381,24.561,25.174
382,24.624,25.266
383,25.143,25.865
384,24.759,25.398
385,24.904,25.568
386,24.557,25.170
387,24.274,24.835
388,24.461,25.048
389,24.339,24.919
390,25.095,25.790
391,24.335,24.906
392,24.943,25.665
393,24.668,25.320
394,24.649,25.280
395,24.348,24.932
396,24.688,25.329
397,24.743,25.394
398,24.330,24.927
399,24.429,25.019
400,24.252,24.833
401,24.390,24.982
402,24.642,25.266
403,24.451,25.065
404,24.876,25.540
405,24.404,25.004
406,24.293,24.868
407,24.350,24.942
408,24.315,24.907
409,24.317,24.901
410,24.293,24.864
411,24.393,24.976
412,24.405,24.998
413,24.394,24.985
414,24.401,24.979
415,24.439,25.032
416,24.455,25.051
417,24.413,24.994
418,24.399,24.977
419,24.440,25.026
420,24.417,25.002
421,24.476,25.051
422,24.447,25.044
423,24.476,25.079
424,24.444,25.035
425,24.463,25.055
426,24.475,25.065
427,24.548,25.144
428,24.577,25.174
429,24.631,25.240
430,24.732,25.369
431,24.780,25.417
432,24.798,25.442
433,24.811,25.459
434,24.752,25.374
435,24.751,25.377
436,24.748,25.376
437,24.791,25.430
438,24.812,25.443
439,24.806,25.466
440,24.776,25.421
441,24.898,25.562
442,24.886,25.535
443,24.903,25.569
444,24.953,25.628
445,24.922,25.591
446,24.894,25.554
447,24.920,25.598
448,24.917,25.588
449,24.841,25.507
450,24.787,25.442
451,24.788,25.449
452,24.821,25.485
453,24.760,25.406
454,24.907,25.576
455,24.858,25.517
456,24.833,25.502
457,24.867,25.518
458,24.818,25.469
459,24.946,25.629
460,24.998,25.696
461,25.041,25.749
462,24.902,25.575
463,24.909,25.599
464,24.857,25.522
465,24.854,25.525
466,24.954,25.650
467,24.917,25.609
468,25.039,25.755
469,25.163,25.896
470,25.120,25.845
471,25.300,26.057
472,25.158,25.877
473,25.159,25.884
474,25.032,25.752
475,25.097,25.831
476,25.045,25.748
477,25.020,25.717
478,24.925,25.607
479,24.975,25.670
480,24.962,25.659
481,24.998,25.705
482,24.920,25.624
483,24.886,25.575
484,24.843,25.512
485,24.872,25.554
486,24.895,25.581
487,24.823,25.507
488,24.908,25.607
489,24.840,25.524
490,24.886,25.567
491,24.801,25.469
492,24.880,25.553
493,24.836,25.510
494,24.793,25.457
495,24.688,25.327
496,24.791,25.454
497,24.683,25.316
498,24.740,25.382
499,24.588,25.213
500,24.634,25.273
501,24.616,25.252
502,24.518,25.147
503,24.494,25.130
504,24.498,25.124
505,24.502,25.127
506,24.439,25.036
507,24.433,25.048
508,24.475,25.083
509,24.544,25.164
510,24.407,25.000
511,24.416,25.024
512,24.417,25.031
513,24.388,24.998
514,24.376,24.975
515,24.410,25.015
516,24.592,25.228
517,24.553,25.174
518,24.559,25.189
519,24.580,25.207
520,24.654,25.296
521,24.761,25.417
522,24.590,25.204
523,24.724,25.357
524,24.716,25.344
525,24.615,25.226
526,24.668,25.279
527,24.667,25.283
528,25.106,25.788
529,24.653,25.248
530,25.089,25.725
531,24.979,25.612
532,24.532,25.084
533,24.481,25.024
534,24.634,25.209
535,24.622,25.179
536,24.878,25.458
537,25.074,25.706
538,24.935,25.544
539,25.001,25.630
540,24.897,25.497
541,25.072,25.710
542,24.926,25.539
543,24.957,25.573
544,24.942,25.553
545,25.039,25.679
546,25.602,26.333
547,25.099,25.735
548,25.103,25.735
549,25.055,25.669
550,25.382,26.059
551,25.555,26.249
552,25.672,26.389
553,25.686,26.411
554,25.594,26.300
555,25.310,25.957
556,25.085,25.700
557,25.206,25.825
558,25.042,25.635
559,25.129,25.736
560,25.113,25.720
561,25.066,25.677
562,25.197,25.818
563,25.581,26.270
564,25.034,25.637
565,24.911,25.498
566,24.958,25.549
567,24.909,25.495
568,25.014,25.612
569,25.204,25.849
570,25.261,25.915
571,25.075,25.723
572,24.900,25.508
573,24.850,25.447
574,24.811,25.408
575,24.796,25.404
576,25.015,25.647
577,25.160,25.822
578,24.917,25.541
579,24.927,25.547
580,24.931,25.557
581,24.971,25.595
582,24.970,25.603
583,24.902,25.519
584,24.853,25.459
585,24.853,25.453
586,24.892,25.505
587,25.105,25.738
588,26.049,26.896
589,24.927,25.573
590,25.527,26.260
591,26.498,27.462
592,25.055,25.711
593,24.993,25.635
594,24.866,25.490
595,24.975,25.617
596,25.091,25.759
597,25.341,26.068
598,24.968,25.629
599,25.092,25.756
600,24.938,25.580
601,25.118,25.778
602,24.776,25.374
603,24.823,25.426
604,24.821,25.437
605,24.873,25.493
606,24.992,25.645
607,24.851,25.471
608,24.935,25.563
609,24.809,25.429
610,24.824,25.447
611,24.917,25.559
612,24.929,25.567
613,24.913,25.557
614,25.464,26.192
615,24.984,25.634
616,25.034,25.681
617,24.921,25.569
618,24.919,25.555
619,24.889,25.528
620,24.908,25.550
621,25.070,25.725
622,25.078,25.760
623,24.954,25.605
624,25.143,25.839
625,25.077,25.759
626,25.043,25.707
627,25.205,25.906
628,24.961,25.625
629,24.958,25.617
630,25.085,25.736
631,25.075,25.738
632,24.829,25.443
633,24.874,25.503
634,24.842,25.468
635,24.885,25.530
636,25.136,25.832
637,24.914,25.568
638,24.878,25.536
639,24.951,25.615
640,24.888,25.543
641,24.893,25.545
642,24.891,25.551
643,24.921,25.576
644,24.895,25.551
645,24.907,25.557
646,25.042,25.709
647,25.023,25.690
648,25.054,25.733
649,25.096,25.785
650,25.003,25.673
651,25.036,25.720
652,25.090,25.787
653,25.087,25.771
654,25.113,25.807
655,25.155,25.851
656,25.127,25.830
657,25.132,25.844
658,25.383,26.148
659,25.176,25.873
660,25.170,25.885
661,25.185,25.914
662,25.278,26.014
663,25.371,26.135
664,25.617,26.440
665,25.386,26.175
666,25.332,26.112
667,25.379,26.175
668,25.503,26.343
669,25.724,26.608
670,25.482,26.317
671,25.475,26.321
672,25.633,26.499
673,25.577,26.425
674,26.287,27.301
675,26.081,27.062
676,25.844,26.749
677,25.496,26.331
678,25.559,26.409
679,25.558,26.418
680,25.407,26.231
681,25.566,26.435
682,25.353,26.175
683,25.388,26.227
684,25.345,26.175
685,25.290,26.108
686,25.309,26.115
687,25.260,26.063
688,25.300,26.101
689,25.457,26.280
690,25.289,26.085
691,25.428,26.246
692,25.327,26.130
693,25.317,26.106
694,25.271,26.044
695,25.329,26.118
696,25.423,26.241
697,25.310,26.103
698,25.330,26.134
699,25.274,26.053
700,25.306,26.094
701,25.347,26.137
702,25.352,26.153
703,25.335,26.127
704,25.331,26.113
705,25.436,26.253
706,25.306,26.098
707,25.314,26.100
708,25.428,26.232
709,25.521,26.352
710,25.420,26.248
711,25.288,26.078
712,25.336,26.135
713,25.401,26.220
714,25.298,26.095
715,25.554,26.421
716,25.278,26.060
717,25.374,26.174
718,25.233,25.991
719,25.264,26.030
720,25.204,25.978
721,25.284,26.053
722,25.331,26.113
723,25.352,26.141
724,25.243,26.023
725,25.217,25.986
726,25.243,26.013
727,25.129,25.887
728,25.328,26.107
729,25.071,25.788
730,25.469,26.289
731,25.406,26.233
732,25.259,26.058
733,25.224,25.996
734,25.258,26.027
735,25.314,26.086
736,25.335,26.120
737,25.231,25.996
738,25.253,26.018
739,25.353,26.142
740,25.481,26.301
741,25.440,26.249
742,25.361,26.163
743,25.301,26.088
744,25.197,25.955
745,25.304,26.098
746,25.344,26.143
747,25.278,26.043
748,25.228,25.988
749,25.240,26.003
750,25.131,25.869
751,25.171,25.906
752,25.304,26.077
753,25.195,25.933
754,25.158,25.890
755,25.150,25.887
756,25.214,25.985
757,25.055,25.783
758,25.704,26.573
759,25.441,26.263
760,25.012,25.715
761,25.030,25.761
762,25.073,25.805
763,25.188,25.966
764,25.410,26.229
765,25.460,26.301
766,25.325,26.123
767,25.143,25.883
768,25.176,25.932
769,25.111,25.847
770,25.240,26.025
771,25.239,26.016
772,25.165,25.917
773,25.163,25.917
774,25.262,26.040
775,25.214,25.975
776,25.242,26.002
777,25.282,26.057
778,25.337,26.128
779,25.349,26.128
780,25.313,26.089
781,25.308,26.084
782,25.410,26.200
783,25.717,26.597
784,25.744,26.635
785,25.545,26.384
786,25.330,26.102
787,25.241,26.001
788,25.184,25.948
789,25.591,26.442
790,26.227,27.307
791,25.992,26.973
792,25.570,26.425
793,25.454,26.273
794,25.497,26.330
795,25.436,26.231
796,25.826,26.708
797,25.672,26.531
798,25.414,26.215
799,25.337,26.096
800,25.350,26.103
801,25.238,25.986
802,25.225,25.972
803,25.185,25.923
804,25.164,25.892
805,25.156,25.885
806,25.166,25.892
807,25.119,25.831
808,25.066,25.778
809,25.129,25.844
810,25.106,25.820
811,25.035,25.738
812,25.122,25.842
813,25.038,25.721
814,24.994,25.698
815,25.036,25.738
816,24.879,25.521
817,24.873,25.513
818,24.865,25.498
819,24.833,25.440
820,24.748,25.356
821,24.640,25.214
822,24.643,25.217
823,24.614,25.182
824,24.578,25.131
825,24.568,25.119
826,24.494,25.033
827,24.500,25.037
828,24.435,24.965
829,24.421,24.947
830,24.447,24.975
831,24.438,24.973
832,24.396,24.907
833,24.391,24.920
834,24.403,24.928
835,24.390,24.922
836,24.382,24.899
837,24.338,24.855
838,24.337,24.876
839,24.353,24.883
840,24.372,24.894
841,24.383,24.909
842,24.395,24.930
843,24.483,25.033
844,24.433,24.976
845,24.733,25.337
846,24.503,25.055
847,24.439,24.992
848,24.449,25.002
849,24.650,25.229
850,24.606,25.189
851,24.661,25.253
852,24.663,25.244
853,24.697,25.303
854,24.745,25.357
855,24.726,25.337
856,24.730,25.342
857,24.794,25.403
858,24.900,25.527
859,24.918,25.577
860,24.977,25.630
861,24.928,25.589
862,24.968,25.624
863,25.004,25.659
864,25.099,25.783
865,25.163,25.857
866,25.105,25.803
867,25.036,25.706
868,24.996,25.678
869,25.085,25.784
870,25.015,25.705
871,25.247,25.982
872,24.907,25.594
873,25.045,25.741
874,25.032,25.745
875,25.067,25.772
876,25.193,25.947
877,25.155,25.901
878,25.165,25.917
879,25.265,26.023
880,25.250,26.031
881,25.260,26.038
882,25.354,26.143
883,25.287,26.062
884,25.369,26.173
885,25.626,26.473
886,25.362,26.151
887,25.243,25.993
888,25.732,26.611
889,25.720,26.608
890,25.282,26.051
891,25.265,26.041
892,25.608,26.462
893,25.369,26.174
894,25.954,26.902
895,25.510,26.347
896,25.266,26.040
897,25.299,26.076
898,26.021,26.953
899,25.416,26.208
900,25.385,26.165
901,25.563,26.416
902,25.422,26.220
903,25.961,26.877
904,25.566,26.393
905,25.505,26.331
906,25.450,26.253
907,25.477,26.281
908,25.553,26.384
909,25.607,26.457
910,25.719,26.593
911,25.689,26.569
912,25.416,26.235
913,26.098,27.074
914,25.742,26.633
915,25.749,26.625
916,26.056,26.972
917,25.730,26.586
918,25.706,26.569
919,26.323,27.341
920,25.882,26.793
921,26.035,26.975
922,25.689,26.528
923,26.135,27.100
924,25.813,26.703
925,25.720,26.584
926,25.812,26.711
927,25.758,26.658
928,25.871,26.776
929,25.842,26.749
930,25.720,26.579
931,25.861,26.757
932,25.982,26.903
933,26.022,26.962
934,25.878,26.786
935,25.906,26.811
936,25.836,26.733
937,25.870,26.780
938,25.814,26.697
939,25.802,26.693
940,25.736,26.600
941,25.763,26.638
942,25.730,26.594
943,25.745,26.617
944,25.669,26.524
945,25.845,26.758
946,25.516,26.333
947,25.492,26.309
948,25.556,26.380
949,25.514,26.340
950,25.434,26.239
951,25.442,26.250
952,25.520,26.349
953,25.508,26.335
954,25.601,26.441
955,25.469,26.274
956,25.452,26.244
957,25.495,26.296
958,25.409,26.194
959,25.521,26.338
960,25.421,26.205
961,25.462,26.249
962,25.394,26.167
963,25.237,25.997
964,25.703,26.565
965,26.103,27.064
966,25.494,26.299
967,25.271,26.014
968,25.676,26.516
969,25.428,26.213
970,25.296,26.031
971,25.234,25.956
972,25.140,25.835
973,25.177,25.886
974,25.084,25.770
975,25.208,25.907
976,25.100,25.768
977,25.030,25.684
978,25.005,25.661
979,25.083,25.750
980,25.033,25.689
981,24.993,25.646
982,25.093,25.757
983,25.022,25.662
984,24.988,25.623
985,25.318,26.032
986,25.070,25.724
987,24.959,25.585
988,25.291,25.984
989,25.059,25.709
990,24.929,25.560
991,24.844,25.463
992,24.788,25.386
993,24.972,25.593
994,25.634,26.407
995,25.071,25.723
996,24.861,25.475
997,24.822,25.415
998,24.851,25.451
999,24.899,25.510
1000,24.990,25.635
1001,25.071,25.732
1002,24.805,25.410
1003,24.776,25.371
1004,24.853,25.464
1005,24.759,25.355
1006,24.768,25.377
1007,24.804,25.424
1008,24.812,25.425
1009,24.844,25.466
1010,24.753,25.355
1011,24.667,25.246
1012,24.670,25.245
1013,24.525,25.083
1014,24.621,25.181
1015,24.632,25.202
1016,24.486,25.039
1017,24.554,25.115
1018,24.528,25.074
1019,24.734,25.321
1020,24.665,25.226
1021,24.628,25.196
1022,24.867,25.471
1023,24.701,25.285
1024,24.636,25.203
1025,24.742,25.328
1026,24.668,25.230
1027,24.622,25.175
1028,24.644,25.217
1029,24.883,25.490
1030,24.669,25.258
1031,25.158,25.832
1032,24.914,25.546
1033,24.622,25.215
1034,24.907,25.539
1035,24.717,25.319
1036,24.725,25.326
1037,24.776,25.393
1038,24.832,25.444
1039,24.749,25.362
1040,24.916,25.564
1041,24.949,25.594
1042,25.154,25.834
1043,25.058,25.736
1044,25.036,25.725
1045,25.325,26.055
1046,25.303,26.070
1047,25.277,26.040
1048,25.235,25.969
1049,25.175,25.915
1050,25.378,26.158
1051,25.899,26.797
1052,25.661,26.513
1053,25.371,26.135
1054,25.222,25.953
1055,25.294,26.051
1056,25.228,25.966
1057,25.196,25.935
1058,25.275,26.029
1059,25.253,26.000
1060,25.203,25.941
1061,25.224,25.965
1062,25.248,26.013
1063,25.170,25.919
1064,25.189,25.932
1065,25.225,25.982
1066,25.183,25.941
1067,25.145,25.890
1068,25.156,25.903
1069,25.106,25.842
1070,25.096,25.831
1071,25.109,25.849
1072,25.166,25.912
1073,25.120,25.859
1074,25.098,25.822
1075,25.083,25.810
1076,25.117,25.867
1077,25.124,25.870
1078,25.096,25.839
1079,25.155,25.897
1080,25.099,25.821
1081,25.056,25.775
1082,25.149,25.906
1083,25.100,25.836
1084,25.194,25.934
1085,25.264,26.033
1086,25.234,26.000
1087,25.087,25.823
1088,25.164,25.922
1089,25.193,25.942
1090,25.174,25.909
1091,25.425,26.196
1092,25.356,26.116
1093,25.196,25.919
1094,25.269,26.018
1095,25.185,25.903
1096,25.200,25.912
1097,25.226,25.945
1098,25.578,26.395
1099,25.223,25.952
1100,25.356,26.122
1101,25.424,26.199
1102,25.260,26.011
1103,25.166,25.889
1104,25.374,26.142
1105,25.398,26.160
1106,25.316,26.069
1107,25.302,26.037
1108,25.231,25.947
1109,25.214,25.926
1110,25.169,25.888
1111,25.138,25.832
1112,25.187,25.898
1113,25.244,25.970
1114,25.202,25.921
1115,25.153,25.873
1116,25.206,25.955
1117,25.069,25.768
1118,25.282,26.016
1119,25.246,25.973
1120,25.123,25.829
1121,25.004,25.688
1122,25.063,25.748
1123,25.064,25.762
1124,25.052,25.739
1125,25.143,25.845
1126,24.981,25.641
1127,25.022,25.697
1128,24.933,25.578
1129,24.938,25.589
1130,24.916,25.543
1131,24.907,25.539
1132,24.869,25.510
1133,24.863,25.497
1134,24.827,25.462
1135,24.896,25.531
1136,24.880,25.531
1137,24.847,25.470
1138,24.830,25.453
1139,24.810,25.434
1140,24.830,25.454
1141,24.814,25.411
1142,24.818,25.449
1143,24.760,25.365
1144,24.730,25.331
1145,24.701,25.287
1146,24.670,25.266
1147,24.735,25.343
1148,24.646,25.241
1149,24.632,25.220
1150,24.627,25.223
1151,24.597,25.190
1152,24.585,25.172
1153,24.504,25.070
1154,24.586,25.159
1155,24.713,25.309
1156,24.596,25.182
1157,24.601,25.185
1158,24.646,25.235
1159,24.661,25.244
1160,24.560,25.115
1161,24.604,25.180
1162,24.579,25.146
1163,24.613,25.181
1164,24.593,25.177
1165,24.545,25.113
1166,24.615,25.194
1167,24.550,25.137
1168,24.573,25.152
1169,24.644,25.225
1170,24.702,25.288
1171,24.689,25.272
1172,24.712,25.302
1173,24.721,25.324
1174,24.698,25.298
1175,24.676,25.286
1176,24.751,25.345
1177,24.818,25.427
1178,24.823,25.451
1179,24.839,25.455
1180,24.844,25.461
1181,24.898,25.548
1182,24.905,25.541
1183,24.980,25.639
1184,25.075,25.749
1185,25.074,25.742
1186,25.166,25.851
1187,25.146,25.828
1188,25.150,25.842
1189,25.168,25.856
1190,25.207,25.891
1191,25.288,25.990
1192,25.244,25.912
1193,25.149,25.789
1194,25.110,25.769
1195,25.148,25.787
1196,25.194,25.839
1197,25.280,25.951
1198,25.238,25.909
1199,25.207,25.868
1200,25.226,25.893
1201,25.220,25.894
1202,25.270,25.960
1203,25.259,25.933
1204,25.354,26.068
1205,25.343,26.051
1206,25.246,25.932
1207,25.218,25.903
1208,25.179,25.860
1209,25.326,26.047
1210,25.211,25.891
1211,25.099,25.763
1212,25.136,25.793
1213,25.211,25.885
1214,25.187,25.859
1215,25.364,26.068
1216,25.129,25.805
1217,25.082,25.737
1218,25.071,25.710
1219,25.056,25.721
1220,25.001,25.660
1221,24.978,25.615
1222,24.931,25.573
1223,24.901,25.539
1224,24.928,25.576
1225,24.967,25.616
1226,24.891,25.537
1227,24.902,25.527
1228,24.845,25.464
1229,24.822,25.425
1230,24.890,25.513
1231,24.947,25.555
1232,24.916,25.535
1233,24.897,25.495
1234,24.840,25.415
1235,24.885,25.479
1236,24.936,25.541
1237,25.092,25.719
1238,24.917,25.509
1239,24.961,25.562
1240,25.081,25.724
1241,24.924,25.519
1242,24.827,25.424
1243,24.813,25.402
1244,24.867,25.457
1245,24.850,25.450
1246,24.871,25.465
1247,24.860,25.456
1248,24.812,25.396
1249,24.931,25.519
1250,24.864,25.451
1251,24.957,25.554
1252,24.901,25.491
1253,24.920,25.515
1254,24.958,25.545
1255,24.896,25.493
1256,24.857,25.432
1257,24.879,25.451
1258,25.244,25.895
1259,24.938,25.536
1260,24.949,25.552
1261,24.904,25.495
1262,24.949,25.559
1263,24.942,25.550
1264,24.962,25.555
1265,25.024,25.658
1266,25.213,25.870
1267,25.091,25.747
1268,25.033,25.660
1269,25.182,25.838
1270,25.079,25.716
1271,25.124,25.758
1272,25.398,26.086
1273,25.382,26.102
1274,25.163,25.838
1275,25.390,26.122
1276,25.114,25.787
1277,25.144,25.806
1278,25.015,25.694
1279,25.047,25.721
1280,25.107,25.791
1281,25.007,25.682
1282,24.976,25.617
1283,25.025,25.698
1284,25.037,25.721
1285,25.020,25.681
1286,25.052,25.719
1287,25.058,25.747
1288,25.034,25.714
1289,25.007,25.687
1290,25.016,25.693
1291,25.079,25.779
1292,25.070,25.771
1293,25.035,25.725
1294,25.130,25.823
1295,24.962,25.623
1296,24.889,25.537
1297,24.897,25.555
1298,24.895,25.548
1299,24.843,25.493
1300,24.844,25.491
1301,24.905,25.563
1302,24.884,25.558
1303,24.847,25.492
1304,24.852,25.507
1305,24.845,25.512
1306,24.852,25.531
1307,24.799,25.457
1308,24.857,25.509
1309,24.863,25.542
1310,24.878,25.539
1311,24.913,25.572
1312,24.915,25.590
1313,24.905,25.579
1314,24.922,25.587
1315,24.926,25.579
1316,25.039,25.722
1317,24.913,25.580
1318,24.880,25.545
1319,24.872,25.530
1320,25.002,25.689
1321,24.857,25.514
1322,24.805,25.451
1323,24.714,25.341
1324,24.669,25.278
1325,24.658,25.269
1326,24.658,25.274
1327,24.654,25.274
1328,24.624,25.227
1329,24.683,25.309
1330,24.701,25.327
1331,24.850,25.499
1332,24.882,25.538
1333,24.917,25.584
1334,24.883,25.546
1335,24.929,25.590
1336,24.912,25.577
1337,25.051,25.745
1338,24.987,25.666
1339,24.971,25.647
1340,25.183,25.906
1341,25.146,25.856
1342,25.188,25.893
1343,25.213,25.929
1344,25.155,25.862
1345,25.120,25.827
1346,25.045,25.753
1347,25.077,25.784
1348,25.037,25.733
1349,25.093,25.794
1350,25.152,25.879
1351,25.063,25.761
1352,25.083,25.786
1353,25.091,25.793
1354,25.112,25.813
1355,25.183,25.900
1356,25.103,25.808
1357,25.223,25.941
1358,25.178,25.888
1359,25.176,25.891
1360,25.218,25.932
1361,25.165,25.866
1362,25.237,25.957
1363,25.162,25.875
1364,25.189,25.896
1365,25.224,25.935
1366,25.247,25.970
1367,25.285,26.027
1368,25.283,26.022
1369,25.265,26.011
1370,25.332,26.086
1371,25.288,26.038
1372,25.421,26.194
1373,25.411,26.183
1374,25.342,26.109
1375,25.405,26.166
1376,25.337,26.077
1377,25.429,26.190
1378,25.405,26.182
1379,25.380,26.146
1380,25.371,26.138
1381,25.476,26.271
1382,25.610,26.437
1383,25.486,26.275
1384,25.467,26.256
1385,25.560,26.375
1386,25.634,26.469
1387,25.686,26.510
1388,25.774,26.657
1389,25.647,26.475
1390,25.734,26.577
1391,25.726,26.547
1392,25.772,26.603
1393,25.829,26.670
1394,25.667,26.475
1395,25.697,26.528
1396,25.666,26.477
1397,25.778,26.620
1398,25.697,26.534
1399,25.717,26.546
1400,25.752,26.599
1401,25.761,26.565
1402,25.730,26.556
1403,25.723,26.549
1404,25.698,26.522
1405,25.739,26.578
1406,25.664,26.507
1407,25.721,26.542
1408,25.730,26.579
1409,25.719,26.571
1410,25.668,26.494
1411,25.954,26.841
1412,25.736,26.583
1413,25.728,26.574
1414,25.705,26.554
1415,25.690,26.543
1416,25.837,26.722
1417,25.717,26.578
1418,26.082,27.021
1419,25.842,26.717
1420,25.687,26.532
1421,26.426,27.476
1422,25.764,26.649
1423,25.673,26.536
1424,26.152,27.128
1425,26.075,27.040
1426,25.781,26.663
1427,25.632,26.486
1428,25.841,26.734
1429,26.111,27.085
1430,25.717,26.593
1431,25.690,26.541
1432,25.848,26.745
1433,25.656,26.501
1434,25.648,26.501
1435,25.710,26.562
1436,25.590,26.414
1437,25.564,26.381
1438,25.575,26.409
1439,25.583,26.420
1440,25.618,26.449
1441,25.810,26.705
1442,25.814,26.704
1443,25.989,26.935
1444,25.792,26.685
1445,25.769,26.632
1446,25.906,26.808
1447,25.954,26.865
1448,25.701,26.557
1449,25.652,26.499
1450,25.661,26.506
1451,25.629,26.470
1452,25.613,26.464
1453,25.605,26.461
1454,25.767,26.666
1455,25.974,26.918
1456,25.744,26.618
1457,26.284,27.314
1458,25.518,26.337
1459,25.510,26.330
1460,25.956,26.870
1461,25.841,26.738
1462,25.681,26.541
1463,25.864,26.769
1464,25.537,26.358
1465,25.891,26.788
1466,25.965,26.905
1467,25.465,26.275
1468,25.420,26.212
1469,25.483,26.306
1470,25.406,26.214
1471,25.428,26.234
1472,25.398,26.179
1473,25.366,26.148
1474,25.319,26.092
1475,25.536,26.351
1476,25.416,26.194
1477,25.504,26.295
1478,25.513,26.319
1479,25.380,26.138
1480,25.488,26.280
1481,25.389,26.150
1482,25.538,26.346
1483,25.535,26.360
1484,25.479,26.256
1485,25.617,26.412
1486,25.558,26.350
1487,25.390,26.135
1488,25.500,26.273
1489,25.437,26.201
1490,25.582,26.391
1491,25.418,26.176
1492,25.573,26.348
1493,25.557,26.324
1494,25.300,26.013
1495,25.363,26.106
1496,25.358,26.096
1497,25.158,25.845
1498,25.131,25.828
1499,25.043,25.709
1500,25.037,25.700
1501,25.041,25.695
1502,25.013,25.675
1503,25.096,25.760
1504,24.956,25.598
1505,24.912,25.564
1506,24.936,25.584
1507,24.973,25.617
1508,24.941,25.593
1509,24.861,25.483
1510,25.077,25.722
1511,25.058,25.697
1512,25.313,25.999
1513,25.068,25.703
1514,25.114,25.762
1515,25.226,25.902
1516,25.856,26.637
1517,25.059,25.689
1518,24.996,25.642
1519,24.835,25.444
1520,24.889,25.499
1521,24.835,25.432
1522,24.994,25.624
1523,25.206,25.871
1524,24.971,25.587
1525,24.943,25.549
1526,24.932,25.544
1527,24.967,25.577
1528,24.974,25.564
1529,24.982,25.598
1530,25.140,25.765
1531,25.108,25.734
1532,25.020,25.641
1533,25.055,25.681
1534,25.037,25.666
1535,24.995,25.610
1536,25.027,25.661
1537,25.133,25.790
1538,25.025,25.656
1539,25.005,25.628
1540,25.106,25.750
1541,25.068,25.707
1542,25.026,25.666
1543,25.048,25.699
1544,25.020,25.660
1545,25.071,25.717
1546,25.257,25.924
1547,25.155,25.802
1548,25.222,25.902
1549,25.140,25.808
1550,25.096,25.758
1551,25.454,26.180
1552,25.229,25.902
1553,25.052,25.705
1554,25.090,25.765
1555,25.018,25.659
1556,25.005,25.649
1557,25.547,26.299
1558,25.240,25.939
1559,25.189,25.876
1560,25.444,26.158
1561,25.078,25.725
1562,25.096,25.743
1563,25.039,25.698
1564,24.956,25.585
1565,25.205,25.880
1566,24.915,25.539
1567,25.161,25.823
1568,24.987,25.628
1569,24.964,25.584
1570,24.855,25.443
1571,24.890,25.491
1572,24.923,25.539
1573,24.958,25.568
1574,24.862,25.459
1575,24.951,25.562
1576,24.909,25.517
1577,24.900,25.500
1578,24.925,25.540
1579,24.924,25.533
1580,24.948,25.573
1581,24.917,25.512
1582,24.986,25.599
1583,25.004,25.626
1584,25.156,25.802
1585,25.067,25.696
1586,25.183,25.820
1587,25.099,25.726
1588,25.075,25.700
1589,25.032,25.660
1590,25.015,25.639
1591,25.129,25.770
1592,24.949,25.546
1593,25.033,25.649
1594,25.146,25.788
1595,25.258,25.925
1596,25.210,25.865
1597,25.106,25.746
1598,25.079,25.706
1599,25.031,25.653
1600,25.084,25.701
1601,25.027,25.636
1602,25.034,25.653
1603,25.074,25.696
1604,25.169,25.807
1605,25.129,25.764
1606,25.152,25.792
1607,25.158,25.793
1608,25.153,25.784
1609,25.252,25.922
1610,25.200,25.850
1611,25.271,25.938
1612,25.232,25.898
1613,25.170,25.814
1614,25.224,25.893
1615,25.180,25.822
1616,25.252,25.916
1617,25.236,25.890
1618,25.306,25.966
1619,25.160,25.791
1620,25.060,25.678
1621,25.095,25.713
1622,25.117,25.748
1623,24.997,25.617
1624,24.933,25.522
1625,24.963,25.566
1626,25.080,25.704
1627,25.035,25.630
1628,24.988,25.577
1629,25.187,25.816
1630,25.007,25.608
1631,25.053,25.660
1632,25.118,25.748
1633,24.957,25.568
1634,25.312,25.981
1635,25.010,25.631
1636,25.062,25.695
1637,25.355,26.076
1638,24.956,25.593
1639,24.874,25.465
1640,25.046,25.667
1641,25.179,25.836
1642,24.919,25.507
1643,25.083,25.722
1644,24.938,25.548
1645,25.050,25.679
1646,25.638,26.385
1647,24.922,25.529
1648,25.023,25.661
1649,24.909,25.515
1650,24.840,25.420
1651,24.771,25.341
1652,24.847,25.436
1653,24.791,25.383
1654,24.808,25.398
1655,24.705,25.281
1656,24.696,25.265
1657,24.724,25.310
1658,24.709,25.287
1659,24.703,25.274
1660,24.503,25.020
1661,24.540,25.060
1662,24.545,25.053
1663,24.547,25.051
1664,24.410,24.902
1665,24.447,24.950
1666,24.374,24.851
1667,24.368,24.850
1668,24.313,24.794
1669,24.353,24.853
1670,24.348,24.848
1671,24.279,24.766
1672,24.425,24.942
1673,24.369,24.873
1674,24.349,24.859
1675,24.268,24.744
1676,24.349,24.841
1677,24.292,24.775
1678,24.375,24.883
1679,24.307,24.803
1680,24.251,24.747
1681,24.339,24.830
1682,24.215,24.688
1683,24.181,24.662
1684,24.216,24.690
1685,24.162,24.648
1686,24.220,24.715
1687,24.220,24.708
1688,24.186,24.652
1689,24.356,24.850
1690,24.295,24.801
1691,24.447,24.974
1692,24.196,24.681
1693,24.248,24.726
1694,24.133,24.601
1695,24.444,24.950
1696,24.460,24.971
1697,24.247,24.745
1698,24.604,25.140
1699,24.280,24.759
1700,24.314,24.802
1701,24.340,24.838
1702,24.307,24.803
1703,24.286,24.787
1704,24.336,24.833
1705,24.317,24.800
1706,24.301,24.777
1707,24.350,24.846
1708,24.577,25.114
1709,24.604,25.144
1710,24.558,25.092
1711,24.358,24.873
1712,24.325,24.837
1713,24.269,24.774
1714,24.209,24.709
1715,24.171,24.668
1716,24.208,24.703
1717,24.128,24.621
1718,24.163,24.669
1719,24.198,24.699
1720,24.214,24.720
1721,24.251,24.755
1722,24.241,24.738
1723,24.273,24.785
1724,24.386,24.899
1725,24.394,24.907
1726,24.368,24.892
1727,24.383,24.898
1728,24.604,25.165
1729,24.660,25.228
1730,24.644,25.212
1731,24.594,25.145
1732,24.560,25.116
1733,24.528,25.079
1734,24.513,25.058
1735,24.522,25.079
1736,24.408,24.947
1737,24.489,25.045
1738,24.427,24.981
1739,24.484,25.046
1740,24.531,25.102
1741,24.468,25.036
1742,24.435,24.997
1743,24.470,25.032
1744,24.435,25.002
1745,24.445,24.995
1746,24.487,25.045
1747,24.454,25.013
1748,24.445,25.011
1749,24.450,25.032
1750,24.527,25.102
1751,24.515,25.091
1752,24.524,25.097
1753,24.576,25.166
1754,24.554,25.127
1755,24.560,25.145
1756,24.506,25.084
1757,24.519,25.103
1758,24.585,25.182
1759,24.580,25.171
1760,24.616,25.219
1761,24.636,25.226
1762,24.672,25.282
1763,24.695,25.293
1764,24.670,25.281
1765,24.663,25.276
1766,24.643,25.242
1767,24.680,25.292
1768,24.731,25.358
1769,24.740,25.362
1770,24.717,25.335
1771,24.730,25.370
1772,24.742,25.374
1773,24.715,25.353
1774,24.695,25.299
1775,24.690,25.296
1776,24.592,25.189
1777,24.614,25.224
1778,24.541,25.113
1779,24.541,25.132
1780,24.511,25.102
1781,24.531,25.100
1782,24.499,25.081
1783,24.457,25.027
1784,24.522,25.102
1785,24.397,24.952
1786,24.266,24.804
1787,24.246,24.779
1788,24.292,24.827
1789,24.342,24.897
1790,24.321,24.869
1791,24.213,24.748
1792,24.212,24.748
1793,24.170,24.704
1794,24.182,24.712
1795,24.240,24.787
1796,24.210,24.757
1797,24.290,24.821
1798,24.450,25.009
1799,24.330,24.875
1800,24.292,24.823
1801,24.271,24.786
1802,24.214,24.729
1803,24.408,24.967
1804,24.084,24.591
1805,23.992,24.459
1806,23.935,24.391
1807,23.937,24.398
1808,23.968,24.415
1809,23.936,24.397
1810,24.024,24.498
1811,24.075,24.564
1812,24.035,24.523
1813,24.177,24.683
1814,24.127,24.632
1815,23.881,24.344
1816,24.072,24.559
1817,24.044,24.534
1818,23.934,24.409
1819,24.067,24.558
1820,23.990,24.459
1821,24.013,24.495
1822,23.925,24.395
1823,23.940,24.418
1824,23.984,24.478
1825,23.998,24.485
1826,24.041,24.536
1827,24.029,24.524
1828,24.077,24.587
1829,23.961,24.447
1830,24.085,24.573
1831,24.152,24.675
1832,24.020,24.511
1833,24.267,24.808
1834,24.337,24.891
1835,24.275,24.820
1836,24.363,24.929
1837,24.431,24.989
1838,24.473,25.042
1839,24.478,25.041
1840,24.506,25.069
1841,24.495,25.061
