0,19.169,20.272
1,19.178,20.292
2,19.168,20.279
3,19.103,20.217
4,19.030,20.143
5,18.924,20.064
6,18.775,19.897
7,18.626,19.756
8,18.451,19.605
9,18.528,19.661
10,18.298,19.450
11,18.092,19.258
12,18.460,19.617
13,18.777,19.928
14,18.878,20.034
15,19.062,20.187
16,19.190,20.319
17,19.395,20.499
18,19.403,20.534
19,19.404,20.508
20,19.511,20.614
21,19.694,20.809
22,19.936,21.132
23,20.035,21.214
24,18.053,19.351
25,14.983,15.823
26,15.152,15.980
27,15.364,16.185
28,15.564,16.350
29,15.777,16.546
30,15.752,16.625
31,15.891,16.780
32,15.994,16.891
33,16.116,17.024
34,16.220,17.149
35,16.302,17.204
36,16.441,17.385
37,16.527,17.468
38,16.654,17.594
39,16.780,17.759
40,16.831,17.794
41,16.968,17.932
42,17.187,18.181
43,17.158,18.131
44,17.233,18.194
45,17.302,18.252
46,17.389,18.351
47,17.473,18.438
48,17.594,18.565
49,17.814,18.823
50,17.739,18.714
51,17.879,18.870
52,17.902,18.868
53,17.990,18.961
54,18.072,19.046
55,18.184,19.163
56,18.342,19.339
57,18.343,19.335
58,18.417,19.385
59,18.606,19.604
60,18.559,19.526
61,18.600,19.530
62,18.668,19.594
63,18.684,19.581
64,18.780,19.667
65,18.855,19.751
66,18.895,19.772
67,19.066,19.942
68,19.099,19.974
69,19.118,19.972
70,19.192,20.044
71,19.286,20.166
72,19.299,20.139
73,19.323,20.148
74,19.428,20.248
75,19.542,20.409
76,19.612,20.449
77,19.727,20.598
78,19.663,20.472
79,19.732,20.556
80,19.750,20.579
81,19.766,20.592
82,19.908,20.744
83,19.900,20.709
84,20.032,20.866
85,20.000,20.806
86,20.122,20.973
87,20.216,21.078
88,20.194,21.035
89,20.245,21.086
90,20.323,21.173
91,20.330,21.165
92,20.353,21.185
93,20.486,21.334
94,20.500,21.318
95,20.603,21.446
96,20.621,21.410
97,20.767,21.595
98,20.799,21.613
99,20.890,21.694
100,20.968,21.774
101,21.028,21.832
102,21.097,21.894
103,21.104,21.884
104,21.237,22.023
105,21.302,22.080
106,21.361,22.132
107,21.379,22.142
108,21.462,22.218
109,21.532,22.290
110,21.521,22.257
111,21.526,22.259
112,21.551,22.271
113,21.549,22.259
114,21.539,22.230
115,21.626,22.330
116,21.663,22.366
117,21.744,22.447
118,21.782,22.470
119,21.833,22.506
120,21.845,22.525
121,21.780,22.432
122,21.679,22.302
123,21.625,22.234
124,21.485,22.056
125,21.365,21.905
126,21.297,21.832
127,21.129,21.635
128,20.978,21.453
129,20.990,21.470
130,20.902,21.371
131,20.823,21.289
132,20.552,20.996
133,20.298,20.716
134,20.113,20.511
135,19.974,20.370
136,19.910,20.300
137,19.850,20.232
138,19.679,20.057
139,19.596,19.980
140,19.427,19.794
141,19.349,19.708
142,19.335,19.697
143,19.285,19.641
144,19.275,19.631
145,19.131,19.484
146,19.054,19.402
147,18.994,19.361
148,18.960,19.334
149,18.878,19.259
150,18.837,19.218
151,18.816,19.198
152,18.624,18.999
153,18.740,19.131
154,18.719,19.099
155,18.675,19.051
156,18.659,19.044
157,18.699,19.086
158,18.679,19.060
159,18.703,19.090
160,18.694,19.084
161,18.724,19.103
162,18.745,19.132
163,18.808,19.200
164,18.860,19.244
165,18.804,19.195
166,18.846,19.230
167,18.882,19.270
168,18.865,19.240
169,18.913,19.296
170,18.972,19.354
171,18.959,19.346
172,18.895,19.287
173,18.947,19.334
174,18.919,19.314
175,19.015,19.437
176,18.846,19.252
177,18.845,19.264
178,18.809,19.231
179,18.686,19.094
180,18.728,19.149
181,18.843,19.263
182,19.034,19.489
183,18.956,19.420
184,19.102,19.571
185,19.078,19.548
186,19.052,19.525
187,19.090,19.577
188,19.150,19.645
189,19.041,19.542
190,18.949,19.446
191,18.913,19.441
192,18.851,19.367
193,18.811,19.339
194,18.779,19.301
195,18.774,19.311
196,18.722,19.252
197,18.620,19.139
198,18.608,19.153
199,18.584,19.124
200,18.576,19.110
201,18.518,19.060
202,18.505,19.046
203,18.479,19.023
204,18.460,19.007
205,18.425,18.980
206,18.353,18.892
207,18.422,18.979
208,18.387,18.941
209,18.369,18.921
210,18.239,18.772
211,18.286,18.846
212,18.312,18.867
213,18.283,18.848
214,18.299,18.864
215,18.330,18.902
216,18.333,18.906
217,18.325,18.903
218,18.242,18.807
219,18.358,18.949
220,18.353,18.942
221,18.288,18.867
222,18.156,18.734
223,18.154,18.730
224,18.145,18.725
225,18.234,18.827
226,18.274,18.867
227,18.291,18.882
228,18.372,18.957
229,18.307,18.898
230,18.256,18.849
231,18.219,18.810
232,18.256,18.842
233,18.291,18.896
234,18.334,18.935
235,18.344,18.953
236,18.417,19.038
237,18.445,19.049
238,18.512,19.118
239,18.475,19.064
240,18.514,19.107
241,18.506,19.094
242,18.545,19.142
243,18.513,19.114
244,18.569,19.172
245,18.602,19.211
246,18.580,19.177
247,18.639,19.234
248,18.633,19.231
249,18.672,19.288
250,18.550,19.149
251,18.465,19.067
252,18.537,19.118
253,18.641,19.235
254,18.624,19.204
255,18.504,19.083
256,18.484,19.070
257,18.497,19.077
258,18.345,18.902
259,18.421,18.978
260,18.430,18.981
261,18.431,18.971
262,18.515,19.069
263,18.733,19.281
264,18.812,19.365
265,18.657,19.168
266,18.777,19.297
267,18.559,19.076
268,18.447,18.947
269,18.353,18.849
270,18.294,18.789
271,18.539,19.054
272,18.371,18.863
273,18.397,18.889
274,18.441,18.943
275,18.303,18.794
276,18.101,18.576
277,18.192,18.684
278,18.197,18.683
279,18.223,18.717
280,18.244,18.744
281,18.325,18.841
282,18.238,18.723
283,18.443,18.950
284,18.308,18.784
285,18.376,18.863
286,18.330,18.806
287,18.294,18.768
288,18.316,18.806
289,18.196,18.671
290,18.152,18.627
291,18.040,18.495
292,17.960,18.437
293,18.005,18.479
294,17.825,18.287
295,17.645,18.102
296,17.713,18.196
297,17.710,18.189
298,17.658,18.125
299,17.665,18.140
300,17.860,18.349
301,17.656,18.126
302,17.862,18.359
303,17.689,18.162
304,17.778,18.264
305,17.765,18.238
306,17.874,18.350
307,17.918,18.381
308,17.927,18.401
309,18.172,18.679
310,17.977,18.451
311,17.807,18.264
312,17.841,18.300
313,17.978,18.459
314,18.277,18.778
315,18.141,18.629
316,18.157,18.663
317,18.381,18.893
318,18.489,19.011
319,18.482,18.990
320,18.531,19.013
321,18.738,19.238
322,19.050,19.571
323,18.861,19.358
324,18.828,19.314
325,19.011,19.515
326,19.001,19.502
327,18.924,19.416
328,18.875,19.356
329,18.855,19.330
330,18.883,19.370
331,18.850,19.335
332,18.817,19.281
333,18.813,19.282
334,18.903,19.381
335,18.921,19.402
336,18.926,19.408
337,18.867,19.341
338,18.845,19.330
339,18.914,19.403
340,18.892,19.377
341,18.992,19.489
342,18.984,19.487
343,19.271,19.806
344,19.298,19.851
345,19.078,19.619
346,20.274,21.003
347,18.868,19.383
348,19.130,19.708
349,19.408,20.032
350,19.247,19.857
351,19.623,20.283
352,19.064,19.655
353,18.751,19.286
354,19.094,19.677
355,19.282,19.905
356,18.979,19.533
357,19.140,19.710
358,19.026,19.607
359,18.969,19.554
360,18.873,19.438
361,19.012,19.602
362,18.861,19.428
363,18.869,19.445
364,19.450,20.114
365,18.863,19.447
366,18.863,19.450
367,18.582,19.146
368,18.524,19.086
369,18.514,19.075
370,18.708,19.285
371,19.156,19.856
372,18.756,19.380
373,18.953,19.597
374,18.626,19.231
375,18.488,19.086
376,18.536,19.130
377,18.446,19.028
378,18.780,19.422
379,18.568,19.188
380,18.463,19.049
381,18.606,19.219
382,18.679,19.320
383,19.190,19.912
384,18.808,19.447
385,18.980,19.643
386,18.653,19.266
387,18.407,18.968
388,18.617,19.204
389,18.504,19.084
390,19.254,19.949
391,18.493,19.065
392,19.071,19.794
393,18.830,19.482
394,18.825,19.456
395,18.561,19.145
396,18.938,19.579
397,19.048,19.699
398,18.671,19.269
399,18.786,19.376
400,18.620,19.201
401,18.778,19.370
402,19.037,19.662
403,18.870,19.484
404,19.319,19.982
405,18.867,19.467
406,18.761,19.337
407,18.836,19.429
408,18.800,19.392
409,18.816,19.401
410,18.819,19.390
411,18.932,19.515
412,18.950,19.543
413,18.930,19.522
414,18.949,19.527
415,18.974,19.566
416,19.006,19.601
417,18.986,19.567
418,18.975,19.553
419,19.015,19.601
420,18.972,19.557
421,19.002,19.577
422,18.964,19.560
423,18.974,19.577
424,18.935,19.526
425,18.930,19.522
426,18.929,19.519
427,18.985,19.582
428,18.973,19.570
429,19.010,19.618
430,19.097,19.734
431,19.128,19.765
432,19.135,19.779
433,19.148,19.796
434,19.087,19.708
435,19.096,19.723
436,19.060,19.688
437,19.129,19.767
438,19.161,19.792
439,19.180,19.839
440,19.173,19.818
441,19.336,20.000
442,19.402,20.051
443,19.492,20.158
444,19.557,20.231
445,19.542,20.211
446,19.513,20.173
447,19.535,20.213
448,19.534,20.205
449,19.467,20.133
450,19.378,20.033
451,19.385,20.046
452,19.404,20.069
453,19.286,19.932
454,19.430,20.098
455,19.353,20.012
456,19.299,19.968
457,19.305,19.956
458,19.201,19.852
459,19.318,20.001
460,19.320,20.017
461,19.364,20.071
462,19.197,19.869
463,19.201,19.891
464,19.114,19.779
465,19.097,19.768
466,19.164,19.860
467,19.072,19.763
468,19.144,19.860
469,19.231,19.964
470,19.177,19.902
471,19.372,20.129
472,19.251,19.969
473,19.273,19.998
474,19.141,19.861
475,19.210,19.943
476,19.150,19.853
477,19.127,19.823
478,19.029,19.711
479,19.084,19.780
480,19.048,19.745
481,19.078,19.785
482,18.959,19.663
483,18.927,19.616
484,18.873,19.542
485,18.886,19.568
486,18.908,19.594
487,18.822,19.506
488,18.898,19.597
489,18.798,19.482
490,18.827,19.509
491,18.735,19.403
492,18.790,19.463
493,18.733,19.407
494,18.677,19.342
495,18.536,19.175
496,18.628,19.291
497,18.473,19.106
498,18.645,19.287
499,18.505,19.130
500,18.541,19.180
501,18.605,19.241
502,18.498,19.127
503,18.474,19.109
504,18.432,19.057
505,18.415,19.040
506,18.343,18.940
507,18.481,19.096
508,18.552,19.159
509,18.629,19.248
510,18.435,19.028
511,18.458,19.066
512,18.457,19.070
513,18.550,19.160
514,18.576,19.175
515,18.647,19.251
516,18.762,19.398
517,18.692,19.312
518,18.665,19.295
519,18.660,19.287
520,18.796,19.438
521,18.979,19.635
522,19.035,19.649
523,19.253,19.886
524,19.349,19.977
525,19.224,19.835
526,19.345,19.957
527,19.411,20.027
528,19.767,20.450
529,19.597,20.192
530,20.175,20.811
531,20.064,20.697
532,19.613,20.165
533,19.637,20.181
534,19.637,20.211
535,19.617,20.175
536,19.913,20.492
537,20.060,20.692
538,19.883,20.491
539,19.953,20.582
540,19.849,20.449
541,20.002,20.640
542,19.844,20.457
543,19.876,20.492
544,19.859,20.471
545,19.937,20.577
546,20.473,21.204
547,19.932,20.568
548,19.904,20.536
549,19.811,20.426
550,20.096,20.773
551,20.228,20.921
552,20.310,21.027
553,20.295,21.020
554,20.164,20.871
555,19.841,20.488
556,19.593,20.207
557,19.652,20.271
558,19.469,20.061
559,19.539,20.146
560,19.530,20.137
561,19.475,20.086
562,19.647,20.268
563,20.041,20.730
564,19.486,20.088
565,19.368,19.955
566,19.429,20.020
567,19.368,19.954
568,19.476,20.074
569,19.663,20.308
570,19.711,20.365
571,19.528,20.176
572,19.351,19.959
573,19.295,19.892
574,19.231,19.827
575,19.200,19.808
576,19.383,20.015
577,19.515,20.178
578,19.286,19.910
579,19.302,19.922
580,19.309,19.934
581,19.352,19.976
582,19.343,19.975
583,19.272,19.890
584,19.213,19.819
585,19.184,19.784
586,19.197,19.810
587,19.407,20.040
588,20.324,21.171
589,19.226,19.872
590,19.841,20.574
591,20.758,21.721
592,19.322,19.978
593,19.303,19.946
594,19.204,19.827
595,19.311,19.952
596,19.432,20.099
597,19.600,20.327
598,19.227,19.888
599,19.307,19.971
600,19.126,19.767
601,19.300,19.959
602,18.931,19.529
603,18.959,19.562
604,18.914,19.529
605,18.934,19.555
606,19.061,19.714
607,18.919,19.539
608,18.983,19.611
609,18.839,19.459
610,18.837,19.460
611,18.904,19.546
612,18.895,19.534
613,18.855,19.499
614,19.377,20.105
615,18.879,19.529
616,18.939,19.586
617,18.815,19.463
618,18.823,19.459
619,18.811,19.449
620,18.876,19.517
621,19.087,19.741
622,19.111,19.793
623,19.024,19.675
624,19.186,19.882
625,19.113,19.795
626,19.064,19.728
627,19.195,19.897
628,18.917,19.581
629,18.878,19.537
630,18.987,19.638
631,19.009,19.671
632,18.795,19.408
633,18.862,19.491
634,18.813,19.439
635,18.837,19.482
636,19.055,19.752
637,18.812,19.467
638,18.753,19.412
639,18.806,19.471
640,18.733,19.389
641,18.718,19.370
642,18.706,19.367
643,18.727,19.381
644,18.682,19.338
645,18.663,19.312
646,18.769,19.436
647,18.716,19.383
648,18.720,19.400
649,18.723,19.412
650,18.609,19.280
651,18.615,19.298
652,18.647,19.345
653,18.645,19.329
654,18.673,19.368
655,18.713,19.409
656,18.689,19.392
657,18.684,19.396
658,18.914,19.679
659,18.726,19.423
660,18.679,19.394
661,18.647,19.377
662,18.746,19.482
663,18.849,19.613
664,19.069,19.891
665,18.857,19.646
666,18.819,19.599
667,18.852,19.648
668,18.976,19.816
669,19.242,20.127
670,18.931,19.767
671,18.903,19.749
672,19.215,20.080
673,19.195,20.042
674,19.912,20.926
675,19.666,20.647
676,19.385,20.291
677,19.052,19.886
678,19.153,20.003
679,19.194,20.054
680,19.067,19.890
681,19.237,20.106
682,19.032,19.854
683,19.062,19.902
684,19.024,19.854
685,18.963,19.781
686,18.963,19.769
687,19.070,19.874
688,19.126,19.927
689,19.280,20.102
690,19.061,19.857
691,19.178,19.995
692,19.061,19.864
693,19.057,19.845
694,19.015,19.788
695,19.091,19.881
696,19.164,19.982
697,19.060,19.853
698,19.094,19.898
699,19.071,19.850
700,19.140,19.928
701,19.220,20.010
702,19.246,20.046
703,19.253,20.045
704,19.251,20.033
705,19.358,20.175
706,19.225,20.016
707,19.222,20.009
708,19.328,20.132
709,19.409,20.241
710,19.325,20.153
711,19.365,20.156
712,19.430,20.229
713,19.510,20.330
714,19.402,20.199
715,19.711,20.578
716,19.622,20.404
717,19.654,20.455
718,19.504,20.263
719,19.518,20.285
720,19.363,20.136
721,19.449,20.218
722,19.508,20.290
723,19.540,20.329
724,19.454,20.234
725,19.445,20.215
726,19.511,20.281
727,19.344,20.102
728,19.528,20.307
729,19.028,19.744
730,19.632,20.452
731,19.586,20.413
732,19.428,20.226
733,19.384,20.156
734,19.405,20.174
735,19.456,20.229
736,19.476,20.262
737,19.382,20.147
738,19.414,20.179
739,19.534,20.323
740,19.654,20.474
741,19.634,20.443
742,19.571,20.373
743,19.496,20.282
744,19.415,20.173
745,19.541,20.335
746,19.588,20.387
747,19.505,20.270
748,19.442,20.201
749,19.438,20.201
750,19.323,20.062
751,19.357,20.092
752,19.489,20.262
753,19.382,20.120
754,19.344,20.077
755,19.310,20.047
756,19.381,20.152
757,19.221,19.948
758,19.853,20.722
759,19.586,20.408
760,19.146,19.849
761,19.148,19.879
762,19.165,19.897
763,19.252,20.029
764,19.427,20.246
765,19.446,20.287
766,19.276,20.074
767,19.066,19.806
768,19.082,19.838
769,19.026,19.763
770,19.145,19.930
771,19.148,19.925
772,19.072,19.825
773,19.042,19.796
774,19.119,19.896
775,19.032,19.793
776,19.021,19.782
777,19.027,19.801
778,19.066,19.857
779,19.078,19.858
780,19.050,19.826
781,19.061,19.837
782,19.178,19.969
783,19.466,20.346
784,19.490,20.381
785,19.284,20.123
786,19.237,20.009
787,19.173,19.933
788,19.152,19.916
789,19.498,20.349
790,19.947,21.028
791,19.669,20.650
792,19.277,20.132
793,19.135,19.954
794,19.176,20.009
795,19.241,20.037
796,19.659,20.540
797,19.507,20.366
798,19.210,20.012
799,19.098,19.857
800,19.102,19.855
801,19.111,19.859
802,19.122,19.869
803,19.075,19.813
804,18.965,19.692
805,18.905,19.634
806,18.870,19.595
807,18.925,19.636
808,18.871,19.583
809,18.930,19.645
810,18.980,19.694
811,18.899,19.603
812,19.009,19.729
813,18.869,19.552
814,18.902,19.605
815,19.054,19.756
816,19.116,19.758
817,19.173,19.814
818,19.288,19.920
819,19.240,19.847
820,19.247,19.855
821,19.338,19.912
822,19.352,19.925
823,19.334,19.902
824,19.310,19.863
825,19.196,19.747
826,19.187,19.727
827,19.179,19.716
828,19.020,19.550
829,19.005,19.531
830,19.044,19.572
831,19.056,19.591
832,19.023,19.533
833,19.022,19.550
834,19.041,19.566
835,19.040,19.573
836,19.042,19.559
837,19.003,19.521
838,19.006,19.545
839,19.034,19.564
840,19.067,19.589
841,19.090,19.615
842,19.119,19.654
843,19.221,19.771
844,19.192,19.735
845,19.497,20.101
846,19.289,19.840
847,19.223,19.776
848,19.247,19.799
849,19.446,20.024
850,19.424,20.007
851,19.495,20.088
852,19.526,20.107
853,19.567,20.173
854,19.637,20.249
855,19.634,20.244
856,19.629,20.240
857,19.691,20.301
858,19.811,20.438
859,19.854,20.512
860,19.934,20.586
861,19.913,20.574
862,19.961,20.616
863,19.984,20.639
864,20.093,20.777
865,20.175,20.869
866,20.119,20.816
867,20.037,20.707
868,19.964,20.645
869,20.005,20.705
870,19.883,20.573
871,20.086,20.821
872,19.707,20.394
873,19.826,20.522
874,19.803,20.516
875,19.827,20.531
876,19.945,20.700
877,19.924,20.669
878,19.933,20.685
879,20.049,20.807
880,20.063,20.844
881,20.064,20.842
882,20.136,20.925
883,20.039,20.814
884,20.077,20.882
885,20.291,21.139
886,19.973,20.763
887,19.836,20.587
888,20.296,21.175
889,20.244,21.132
890,19.789,20.558
891,19.772,20.548
892,20.097,20.951
893,19.864,20.670
894,20.445,21.393
895,20.005,20.841
896,19.746,20.520
897,19.789,20.567
898,20.497,21.430
899,19.904,20.696
900,19.870,20.649
901,20.026,20.880
902,19.866,20.664
903,20.279,21.195
904,19.850,20.676
905,19.771,20.597
906,19.695,20.498
907,19.707,20.511
908,19.762,20.593
909,19.804,20.654
910,19.910,20.784
911,19.841,20.721
912,19.548,20.367
913,20.195,21.170
914,19.852,20.743
915,19.877,20.752
916,20.256,21.173
917,19.977,20.833
918,19.906,20.769
919,20.504,21.522
920,20.052,20.963
921,20.163,21.103
922,19.814,20.653
923,20.251,21.216
924,19.937,20.827
925,19.846,20.711
926,19.929,20.827
927,19.864,20.764
928,19.978,20.883
929,19.930,20.837
930,19.799,20.658
931,19.914,20.810
932,20.006,20.928
933,20.037,20.977
934,19.876,20.784
935,19.912,20.817
936,19.817,20.714
937,19.830,20.741
938,19.763,20.646
939,19.731,20.621
940,19.666,20.530
941,19.673,20.549
942,19.644,20.508
943,19.664,20.537
944,19.577,20.432
945,19.908,20.822
946,19.608,20.425
947,19.591,20.408
948,19.741,20.565
949,19.708,20.534
950,19.648,20.454
951,19.601,20.409
952,19.660,20.489
953,19.626,20.453
954,19.709,20.548
955,19.558,20.363
956,19.509,20.301
957,19.685,20.487
958,19.619,20.404
959,19.761,20.577
960,19.624,20.409
961,19.648,20.435
962,19.546,20.319
963,19.360,20.120
964,19.788,20.650
965,20.166,21.127
966,19.577,20.382
967,19.329,20.072
968,19.714,20.554
969,19.464,20.249
970,19.336,20.072
971,19.502,20.224
972,19.425,20.120
973,19.483,20.191
974,19.406,20.092
975,19.564,20.263
976,19.489,20.157
977,19.431,20.085
978,19.445,20.101
979,19.570,20.237
980,19.539,20.194
981,19.569,20.223
982,19.773,20.437
983,19.729,20.370
984,19.538,20.172
985,19.859,20.573
986,19.579,20.232
987,19.464,20.090
988,19.827,20.519
989,19.651,20.301
990,19.591,20.223
991,19.525,20.144
992,19.476,20.075
993,19.546,20.167
994,20.199,20.972
995,19.636,20.288
996,19.402,20.015
997,19.344,19.937
998,19.356,19.955
999,19.397,20.008
1000,19.497,20.142
1001,19.553,20.215
1002,19.301,19.906
1003,19.277,19.872
1004,19.371,19.981
1005,19.291,19.888
1006,19.305,19.914
1007,19.329,19.949
1008,19.324,19.937
1009,19.377,19.999
1010,19.375,19.977
1011,19.368,19.947
1012,19.388,19.962
1013,19.234,19.791
1014,19.319,19.879
1015,19.318,19.888
1016,19.163,19.716
1017,19.224,19.784
1018,19.186,19.732
1019,19.393,19.979
1020,19.318,19.879
1021,19.259,19.827
1022,19.469,20.072
1023,19.295,19.879
1024,19.248,19.815
1025,19.342,19.929
1026,19.263,19.824
1027,19.223,19.776
1028,19.209,19.783
1029,19.425,20.033
1030,19.208,19.797
1031,19.661,20.335
1032,19.446,20.078
1033,19.143,19.736
1034,19.430,20.062
1035,19.238,19.841
1036,19.239,19.840
1037,19.280,19.898
1038,19.348,19.960
1039,19.271,19.885
1040,19.454,20.101
1041,19.491,20.136
1042,19.718,20.398
1043,19.626,20.304
1044,19.608,20.297
1045,19.869,20.599
1046,19.867,20.633
1047,19.829,20.593
1048,19.820,20.554
1049,19.750,20.491
1050,19.957,20.738
1051,20.497,21.396
1052,20.287,21.140
1053,20.019,20.783
1054,19.886,20.618
1055,19.970,20.727
1056,19.892,20.630
1057,19.853,20.592
1058,19.923,20.677
1059,19.884,20.631
1060,19.798,20.536
1061,19.783,20.524
1062,19.795,20.560
1063,19.678,20.427
1064,19.663,20.407
1065,19.654,20.411
1066,19.597,20.355
1067,19.549,20.294
1068,19.555,20.302
1069,19.488,20.224
1070,19.456,20.192
1071,19.436,20.177
1072,19.485,20.231
1073,19.411,20.149
1074,19.369,20.092
1075,19.331,20.058
1076,19.358,20.108
1077,19.328,20.075
1078,19.271,20.014
1079,19.283,20.025
1080,19.182,19.904
1081,19.093,19.813
1082,19.131,19.888
1083,19.031,19.767
1084,19.076,19.815
1085,19.113,19.882
1086,19.208,19.974
1087,19.068,19.804
1088,19.129,19.887
1089,19.242,19.991
1090,19.243,19.977
1091,19.574,20.345
1092,19.537,20.296
1093,19.406,20.129
1094,19.466,20.215
1095,19.366,20.085
1096,19.382,20.094
1097,19.417,20.136
1098,19.762,20.578
1099,19.392,20.122
1100,19.537,20.303
1101,19.595,20.370
1102,19.412,20.164
1103,19.316,20.039
1104,19.533,20.301
1105,19.564,20.326
1106,19.474,20.228
1107,19.444,20.180
1108,19.372,20.088
1109,19.325,20.038
1110,19.260,19.979
1111,19.225,19.919
1112,19.259,19.971
1113,19.334,20.060
1114,19.294,20.013
1115,19.238,19.958
1116,19.287,20.035
1117,19.133,19.832
1118,19.332,20.066
1119,19.286,20.014
1120,19.171,19.877
1121,19.092,19.775
1122,19.207,19.892
1123,19.220,19.918
1124,19.237,19.924
1125,19.337,20.039
1126,19.190,19.850
1127,19.267,19.942
1128,19.325,19.970
1129,19.335,19.986
1130,19.334,19.961
1131,19.320,19.952
1132,19.296,19.937
1133,19.307,19.941
1134,19.291,19.926
1135,19.364,19.999
1136,19.359,20.010
1137,19.347,19.970
1138,19.318,19.942
1139,19.289,19.912
1140,19.315,19.940
1141,19.300,19.897
1142,19.299,19.930
1143,19.269,19.874
1144,19.232,19.833
1145,19.195,19.781
1146,19.039,19.634
1147,19.079,19.688
1148,18.970,19.564
1149,19.014,19.602
1150,19.023,19.619
1151,18.999,19.592
1152,18.982,19.569
1153,18.903,19.469
1154,18.978,19.551
1155,18.956,19.552
1156,18.808,19.394
1157,18.770,19.354
1158,18.873,19.463
1159,18.904,19.487
1160,18.799,19.355
1161,18.840,19.415
1162,18.815,19.382
1163,18.841,19.409
1164,18.820,19.404
1165,18.780,19.348
1166,18.867,19.445
1167,18.805,19.392
1168,18.849,19.429
1169,18.916,19.498
1170,18.978,19.564
1171,18.978,19.561
1172,19.008,19.598
1173,19.034,19.637
1174,19.030,19.629
1175,19.024,19.635
1176,19.111,19.706
1177,19.180,19.789
1178,19.188,19.815
1179,19.217,19.833
1180,19.239,19.857
1181,19.289,19.939
1182,19.268,19.904
1183,19.339,19.997
1184,19.444,20.119
1185,19.460,20.128
1186,19.550,20.235
1187,19.552,20.233
1188,19.558,20.250
1189,19.601,20.289
1190,19.659,20.343
1191,19.785,20.487
1192,19.792,20.460
1193,19.725,20.365
1194,19.704,20.363
1195,19.721,20.360
1196,19.760,20.405
1197,19.822,20.493
1198,19.779,20.450
1199,19.730,20.391
1200,19.740,20.407
1201,19.725,20.400
1202,19.769,20.460
1203,19.752,20.426
1204,19.825,20.538
1205,19.816,20.524
1206,19.708,20.394
1207,19.657,20.342
1208,19.605,20.287
1209,19.715,20.435
1210,19.572,20.252
1211,19.441,20.105
1212,19.470,20.127
1213,19.548,20.221
1214,19.501,20.172
1215,19.660,20.365
1216,19.398,20.074
1217,19.367,20.021
1218,19.340,19.979
1219,19.324,19.989
1220,19.255,19.915
1221,19.207,19.844
1222,19.140,19.782
1223,19.085,19.723
1224,19.104,19.752
1225,19.115,19.764
1226,19.030,19.675
1227,19.021,19.645
1228,18.930,19.548
1229,18.879,19.482
1230,18.891,19.513
1231,18.925,19.534
1232,18.861,19.479
1233,18.852,19.451
1234,18.789,19.363
1235,18.820,19.414
1236,18.869,19.474
1237,18.990,19.617
1238,18.813,19.405
1239,18.869,19.470
1240,18.979,19.622
1241,18.827,19.422
1242,18.724,19.321
1243,18.701,19.289
1244,18.765,19.355
1245,18.749,19.349
1246,18.781,19.374
1247,18.756,19.352
1248,18.731,19.315
1249,18.864,19.452
1250,18.804,19.391
1251,18.904,19.501
1252,18.842,19.432
1253,18.868,19.463
1254,18.890,19.478
1255,18.816,19.413
1256,18.776,19.351
1257,18.791,19.363
1258,19.136,19.786
1259,18.814,19.413
1260,18.842,19.445
1261,18.788,19.379
1262,18.810,19.419
1263,18.762,19.370
1264,18.753,19.346
1265,18.801,19.435
1266,18.970,19.627
1267,18.824,19.480
1268,18.764,19.391
1269,18.904,19.561
1270,18.782,19.419
1271,18.807,19.440
1272,19.049,19.737
1273,19.030,19.750
1274,18.810,19.485
1275,19.020,19.752
1276,18.738,19.411
1277,18.762,19.424
1278,18.633,19.312
1279,18.665,19.339
1280,18.720,19.403
1281,18.757,19.432
1282,18.745,19.386
1283,18.800,19.474
1284,18.726,19.409
1285,18.681,19.341
1286,18.688,19.355
1287,18.682,19.372
1288,18.638,19.318
1289,18.610,19.291
1290,18.587,19.263
1291,18.637,19.338
1292,18.613,19.315
1293,18.767,19.457
1294,18.919,19.612
1295,18.754,19.416
1296,18.585,19.233
1297,18.577,19.236
1298,18.577,19.230
1299,18.526,19.175
1300,18.517,19.163
1301,18.547,19.205
1302,18.507,19.181
1303,18.439,19.085
1304,18.434,19.089
1305,18.424,19.092
1306,18.414,19.092
1307,18.344,19.002
1308,18.388,19.040
1309,18.380,19.059
1310,18.386,19.047
1311,18.413,19.072
1312,18.421,19.097
1313,18.444,19.118
1314,18.482,19.146
1315,18.504,19.157
1316,18.675,19.358
1317,18.621,19.288
1318,18.677,19.342
1319,18.771,19.429
1320,18.995,19.681
1321,18.921,19.579
1322,18.936,19.582
1323,18.919,19.546
1324,18.932,19.541
1325,18.996,19.607
1326,19.000,19.615
1327,19.005,19.624
1328,18.984,19.587
1329,18.968,19.595
1330,18.992,19.618
1331,19.145,19.794
1332,19.196,19.852
1333,19.242,19.910
1334,19.227,19.890
1335,19.299,19.960
1336,19.310,19.975
1337,19.474,20.168
1338,19.430,20.109
1339,19.422,20.097
1340,19.645,20.368
1341,19.647,20.357
1342,19.730,20.436
1343,19.816,20.532
1344,19.815,20.522
1345,19.842,20.548
1346,19.807,20.514
1347,19.867,20.574
1348,19.841,20.537
1349,19.910,20.611
1350,19.977,20.705
1351,19.876,20.574
1352,19.894,20.597
1353,19.882,20.585
1354,19.911,20.612
1355,19.988,20.704
1356,19.921,20.627
1357,20.046,20.764
1358,19.988,20.697
1359,20.009,20.724
1360,20.055,20.769
1361,20.004,20.706
1362,20.084,20.803
1363,20.002,20.715
1364,20.021,20.728
1365,20.037,20.748
1366,20.055,20.779
1367,20.090,20.831
1368,20.088,20.827
1369,20.081,20.827
1370,20.149,20.903
1371,20.082,20.833
1372,20.187,20.960
1373,20.139,20.911
1374,20.031,20.799
1375,20.081,20.843
1376,19.967,20.706
1377,20.042,20.803
1378,20.020,20.797
1379,19.983,20.749
1380,19.971,20.738
1381,20.035,20.831
1382,20.152,20.979
1383,19.964,20.753
1384,19.890,20.679
1385,19.933,20.747
1386,19.979,20.815
1387,19.995,20.819
1388,20.027,20.911
1389,19.857,20.685
1390,19.972,20.815
1391,20.070,20.891
1392,20.171,21.002
1393,20.227,21.068
1394,20.063,20.870
1395,20.093,20.925
1396,20.064,20.874
1397,20.171,21.013
1398,20.099,20.936
1399,20.084,20.913
1400,20.094,20.940
1401,20.084,20.888
1402,20.034,20.860
1403,20.011,20.837
1404,19.978,20.803
1405,20.010,20.849
1406,19.930,20.772
1407,19.966,20.787
1408,19.966,20.815
1409,19.961,20.813
1410,19.879,20.705
1411,20.126,21.013
1412,19.903,20.750
1413,19.860,20.706
1414,19.831,20.680
1415,19.793,20.647
1416,19.933,20.818
1417,19.777,20.637
1418,20.108,21.047
1419,19.833,20.708
1420,19.649,20.493
1421,20.345,21.396
1422,19.679,20.564
1423,19.579,20.443
1424,20.036,21.012
1425,19.949,20.914
1426,19.633,20.515
1427,19.472,20.326
1428,19.639,20.532
1429,19.889,20.863
1430,19.476,20.352
1431,19.442,20.294
1432,19.569,20.466
1433,19.342,20.188
1434,19.467,20.319
1435,19.550,20.402
1436,19.451,20.276
1437,19.344,20.162
1438,19.351,20.185
1439,19.322,20.159
1440,19.330,20.161
1441,19.492,20.387
1442,19.465,20.356
1443,19.637,20.583
1444,19.435,20.327
1445,19.438,20.301
1446,19.605,20.507
1447,19.712,20.624
1448,19.523,20.380
1449,19.512,20.360
1450,19.536,20.380
1451,19.506,20.347
1452,19.491,20.342
1453,19.477,20.333
1454,19.611,20.511
1455,19.800,20.744
1456,19.560,20.433
1457,20.079,21.108
1458,19.317,20.137
1459,19.290,20.110
1460,19.744,20.658
1461,19.603,20.500
1462,19.452,20.312
1463,19.638,20.543
1464,19.341,20.162
1465,19.722,20.618
1466,19.806,20.746
1467,19.331,20.141
1468,19.309,20.101
1469,19.396,20.220
1470,19.324,20.132
1471,19.325,20.131
1472,19.268,20.049
1473,19.388,20.170
1474,19.354,20.127
1475,19.564,20.379
1476,19.355,20.133
1477,19.380,20.171
1478,19.334,20.140
1479,19.339,20.097
1480,19.446,20.239
1481,19.392,20.153
1482,19.494,20.302
1483,19.463,20.288
1484,19.451,20.228
1485,19.696,20.491
1486,19.707,20.500
1487,19.528,20.273
1488,19.606,20.379
1489,19.497,20.261
1490,19.643,20.451
1491,19.461,20.219
1492,19.627,20.401
1493,19.652,20.419
1494,19.444,20.157
1495,19.561,20.303
1496,19.602,20.341
1497,19.449,20.136
1498,19.517,20.214
1499,19.497,20.162
1500,19.496,20.159
1501,19.627,20.282
1502,19.640,20.302
1503,19.680,20.344
1504,19.546,20.187
1505,19.480,20.132
1506,19.387,20.035
1507,19.497,20.142
1508,19.429,20.080
1509,19.417,20.039
1510,19.639,20.284
1511,19.589,20.229
1512,19.811,20.497
1513,19.534,20.170
1514,19.566,20.215
1515,19.659,20.335
1516,20.281,21.062
1517,19.481,20.111
1518,19.445,20.091
1519,19.258,19.867
1520,19.252,19.862
1521,19.176,19.772
1522,19.307,19.937
1523,19.512,20.177
1524,19.263,19.879
1525,19.241,19.846
1526,19.252,19.864
1527,19.311,19.920
1528,19.343,19.933
1529,19.375,19.991
1530,19.403,20.028
1531,19.356,19.981
1532,19.268,19.888
1533,19.374,20.000
1534,19.380,20.009
1535,19.364,19.979
1536,19.362,19.996
1537,19.473,20.130
1538,19.366,19.998
1539,19.364,19.987
1540,19.473,20.117
1541,19.468,20.106
1542,19.461,20.100
1543,19.513,20.164
1544,19.499,20.138
1545,19.564,20.210
1546,19.742,20.410
1547,19.637,20.285
1548,19.699,20.379
1549,19.599,20.268
1550,19.550,20.212
1551,19.912,20.638
1552,19.683,20.356
1553,19.487,20.140
1554,19.491,20.167
1555,19.401,20.042
1556,19.353,19.998
1557,19.870,20.622
1558,19.557,20.256
1559,19.492,20.179
1560,19.754,20.468
1561,19.402,20.049
1562,19.439,20.086
1563,19.407,20.067
1564,19.311,19.940
1565,19.545,20.219
1566,19.231,19.855
1567,19.447,20.109
1568,19.262,19.903
1569,19.198,19.818
1570,19.047,19.635
1571,19.066,19.667
1572,19.080,19.696
1573,19.090,19.701
1574,18.977,19.575
1575,19.053,19.664
1576,18.978,19.586
1577,18.941,19.540
1578,18.953,19.568
1579,18.934,19.543
1580,18.942,19.567
1581,18.882,19.477
1582,18.934,19.547
1583,18.931,19.553
1584,19.057,19.703
1585,18.940,19.569
1586,19.035,19.672
1587,18.950,19.577
1588,18.922,19.547
1589,18.875,19.502
1590,18.845,19.469
1591,18.935,19.576
1592,18.712,19.309
1593,18.756,19.372
1594,18.847,19.489
1595,18.955,19.622
1596,18.944,19.599
1597,18.875,19.515
1598,18.872,19.499
1599,18.823,19.445
1600,18.876,19.493
1601,18.815,19.424
1602,18.838,19.458
1603,18.865,19.486
1604,18.949,19.587
1605,18.882,19.517
1606,18.892,19.531
1607,18.908,19.543
1608,18.918,19.549
1609,19.009,19.679
1610,18.979,19.629
1611,19.030,19.698
1612,18.994,19.659
1613,18.924,19.567
1614,18.977,19.647
1615,18.920,19.562
1616,18.998,19.661
1617,18.977,19.631
1618,19.054,19.714
1619,18.920,19.551
1620,18.823,19.441
1621,18.856,19.474
1622,18.874,19.505
1623,18.893,19.514
1624,18.853,19.442
1625,18.870,19.474
1626,18.899,19.524
1627,18.777,19.372
1628,18.734,19.323
1629,19.097,19.726
1630,18.949,19.551
1631,19.025,19.632
1632,19.039,19.670
1633,18.885,19.496
1634,19.255,19.924
1635,18.963,19.584
1636,19.054,19.688
1637,19.375,20.096
1638,18.988,19.625
1639,18.919,19.510
1640,19.098,19.719
1641,19.235,19.892
1642,18.968,19.556
1643,19.114,19.753
1644,18.964,19.574
1645,19.100,19.729
1646,19.681,20.427
1647,18.980,19.586
1648,19.107,19.745
1649,18.998,19.604
1650,18.949,19.529
1651,18.892,19.462
1652,18.991,19.581
1653,18.941,19.533
1654,18.992,19.582
1655,18.909,19.484
1656,18.918,19.487
1657,19.006,19.592
1658,19.033,19.610
1659,19.077,19.648
1660,19.015,19.532
1661,19.070,19.590
1662,19.092,19.600
1663,19.113,19.618
1664,18.999,19.491
1665,18.939,19.442
1666,18.863,19.340
1667,18.867,19.349
1668,18.760,19.242
1669,18.821,19.321
1670,18.832,19.332
1671,18.850,19.338
1672,19.018,19.535
1673,18.987,19.492
1674,18.944,19.454
1675,18.883,19.359
1676,18.984,19.476
1677,18.950,19.433
1678,19.051,19.559
1679,19.007,19.503
1680,18.962,19.458
1681,19.061,19.551
1682,18.978,19.452
1683,18.979,19.460
1684,19.042,19.516
1685,19.025,19.510
1686,19.119,19.613
1687,19.140,19.628
1688,19.112,19.577
1689,19.310,19.804
1690,19.273,19.778
1691,19.463,19.990
1692,19.200,19.684
1693,19.251,19.729
1694,19.145,19.614
1695,19.438,19.944
1696,19.458,19.969
1697,19.239,19.738
1698,19.581,20.117
1699,19.268,19.747
1700,19.315,19.803
1701,19.363,19.862
1702,19.350,19.846
1703,19.321,19.822
1704,19.366,19.862
1705,19.340,19.824
1706,19.320,19.795
1707,19.368,19.863
1708,19.581,20.118
1709,19.584,20.124
1710,19.488,20.021
1711,19.257,19.772
1712,19.218,19.730
1713,19.157,19.662
1714,19.091,19.591
1715,19.036,19.533
1716,19.034,19.529
1717,18.944,19.437
1718,18.938,19.445
1719,18.976,19.476
1720,18.969,19.475
1721,18.968,19.473
1722,18.922,19.419
1723,18.907,19.420
1724,18.957,19.470
1725,18.916,19.429
1726,18.831,19.354
1727,18.797,19.313
1728,18.966,19.527
1729,19.045,19.613
1730,19.087,19.655
1731,19.091,19.642
1732,19.083,19.640
1733,19.023,19.574
1734,19.008,19.553
1735,19.010,19.567
1736,18.888,19.427
1737,18.953,19.509
1738,18.881,19.435
1739,18.925,19.487
1740,18.962,19.533
1741,18.896,19.463
1742,18.857,19.419
1743,18.863,19.425
1744,18.816,19.383
1745,18.808,19.358
1746,18.828,19.386
1747,18.787,19.346
1748,18.773,19.339
1749,18.773,19.355
1750,18.843,19.418
1751,18.824,19.400
1752,18.832,19.405
1753,18.881,19.470
1754,18.844,19.417
1755,18.824,19.410
1756,18.757,19.335
1757,18.739,19.323
1758,18.775,19.372
1759,18.737,19.328
1760,18.740,19.343
1761,18.733,19.323
1762,18.741,19.351
1763,18.725,19.323
1764,18.661,19.272
1765,18.618,19.232
1766,18.558,19.157
1767,18.564,19.176
1768,18.589,19.216
1769,18.571,19.193
1770,18.515,19.133
1771,18.490,19.130
1772,18.480,19.112
1773,18.414,19.052
1774,18.372,18.975
1775,18.348,18.954
1776,18.409,19.005
1777,18.469,19.080
1778,18.421,18.993
1779,18.356,18.947
1780,18.305,18.897
1781,18.289,18.858
1782,18.381,18.964
1783,18.356,18.927
1784,18.414,18.994
1785,18.362,18.917
1786,18.215,18.753
1787,18.159,18.692
1788,18.122,18.657
1789,18.127,18.682
1790,18.090,18.638
1791,17.968,18.503
1792,17.956,18.492
1793,17.910,18.444
1794,17.894,18.424
1795,17.946,18.493
1796,17.914,18.460
1797,17.999,18.530
1798,18.184,18.743
1799,18.096,18.641
1800,18.094,18.625
1801,18.178,18.693
1802,18.167,18.682
1803,18.476,19.035
1804,18.449,18.956
1805,18.467,18.934
1806,18.515,18.971
1807,18.626,19.087
1808,18.735,19.183
1809,18.493,18.954
1810,18.576,19.050
1811,18.611,19.099
1812,18.478,18.966
1813,18.696,19.202
1814,18.703,19.207
1815,18.487,18.950
1816,18.703,19.190
1817,18.687,19.176
1818,18.587,19.063
1819,18.748,19.239
1820,18.688,19.157
1821,18.727,19.209
1822,18.662,19.132
1823,18.712,19.190
1824,18.794,19.288
1825,18.819,19.305
1826,18.879,19.374
1827,18.889,19.384
1828,18.957,19.466
1829,18.863,19.349
1830,18.998,19.487
1831,19.082,19.605
1832,18.971,19.462
1833,19.225,19.766
1834,19.300,19.854
1835,19.259,19.804
1836,19.356,19.923
1837,19.436,19.994
1838,19.482,20.051
1839,19.518,20.080
1840,19.569,20.133
1841,19.574,20.140
