0,16.100,19.726
1,16.116,19.776
2,16.098,19.737
3,16.095,19.715
4,16.118,19.752
5,16.151,19.824
6,16.124,19.766
7,16.079,19.655
8,16.091,19.705
9,16.057,19.619
10,16.051,19.637
11,16.050,19.624
12,16.063,19.650
13,16.020,19.585
14,16.020,19.588
15,16.009,19.554
16,16.008,19.574
17,16.010,19.570
18,15.999,19.547
19,15.994,19.564
20,16.031,19.618
21,16.009,19.557
22,16.026,19.589
23,16.047,19.632
24,16.041,19.630
25,16.028,19.577
26,16.030,19.582
27,16.035,19.610
28,16.055,19.637
29,16.030,19.610
30,16.007,19.566
31,16.009,19.553
32,16.021,19.597
33,16.054,19.651
34,16.053,19.640
35,16.051,19.627
36,16.064,19.657
37,16.062,19.656
38,16.094,19.728
39,16.104,19.741
40,16.140,19.795
41,16.142,19.808
42,16.151,19.813
43,16.172,19.851
44,16.181,19.889
45,16.202,19.897
46,16.198,19.902
47,16.202,19.893
48,16.214,19.926
49,16.226,19.962
50,16.228,19.964
51,16.243,19.984
52,16.241,19.986
53,16.245,20.010
54,16.255,20.028
55,16.274,20.057
56,16.285,20.070
57,16.299,20.091
58,16.306,20.116
59,16.316,20.139
60,16.362,20.249
61,16.339,20.208
62,16.348,20.196
63,16.339,20.181
64,16.348,20.207
65,16.330,20.198
66,16.333,20.174
67,16.310,20.119
68,16.338,20.221
69,16.335,20.232
70,16.343,20.244
71,16.306,20.144
72,16.322,20.218
73,16.326,20.238
74,16.290,20.125
75,16.355,20.311
76,16.363,20.301
77,16.354,20.267
78,16.359,20.287
79,16.358,20.283
80,16.365,20.286
81,16.372,20.299
82,16.375,20.332
83,16.373,20.322
84,16.397,20.382
85,16.357,20.280
86,16.344,20.256
87,16.372,20.327
88,16.367,20.305
89,16.399,20.401
90,16.385,20.361
91,16.374,20.332
92,16.329,20.244
93,16.392,20.371
94,16.372,20.362
95,16.376,20.369
96,16.336,20.279
97,16.324,20.246
98,16.322,20.247
99,16.324,20.236
100,16.314,20.226
101,16.322,20.251
102,16.268,20.159
103,16.234,20.064
104,16.309,20.243
105,16.326,20.250
106,16.308,20.206
107,16.322,20.251
108,16.341,20.323
109,16.331,20.272
110,16.351,20.316
111,16.365,20.341
112,16.385,20.410
113,16.352,20.335
114,16.337,20.268
115,16.330,20.278
116,16.328,20.298
117,16.331,20.299
118,16.354,20.322
119,16.358,20.331
120,16.338,20.296
121,16.282,20.169
122,16.250,20.085
123,16.263,20.147
124,16.233,20.084
125,16.224,20.079
126,16.208,20.072
127,16.202,20.069
128,16.168,19.994
129,16.152,19.951
130,16.150,19.945
131,16.163,19.999
132,16.134,19.914
133,16.116,19.904
134,16.099,19.837
135,16.109,19.875
136,16.126,19.926
137,16.084,19.814
138,16.099,19.864
139,16.083,19.834
140,16.086,19.851
141,16.075,19.826
142,16.084,19.877
143,16.053,19.811
144,16.044,19.814
145,16.016,19.784
146,16.022,19.805
147,15.997,19.755
148,16.003,19.755
149,15.983,19.727
150,15.995,19.752
151,16.017,19.779
152,16.007,19.736
153,16.014,19.772
154,16.035,19.802
155,16.027,19.791
156,16.016,19.782
157,16.007,19.774
158,15.985,19.709
159,15.993,19.763
160,15.977,19.743
161,15.961,19.696
162,15.963,19.680
163,15.974,19.723
164,15.977,19.721
165,16.008,19.778
166,15.974,19.687
167,15.987,19.729
168,16.043,19.849
169,16.041,19.848
170,15.993,19.735
171,16.008,19.767
172,16.006,19.727
173,16.016,19.783
174,16.006,19.748
175,16.000,19.735
176,16.017,19.773
177,16.035,19.798
178,16.030,19.781
179,16.028,19.779
180,16.033,19.798
181,16.010,19.744
182,16.049,19.823
183,16.027,19.784
184,16.043,19.820
185,16.022,19.768
186,16.021,19.792
187,16.009,19.753
188,15.999,19.740
189,16.005,19.745
190,16.017,19.765
191,16.031,19.771
192,16.032,19.796
193,16.049,19.857
194,15.985,19.684
195,15.996,19.711
196,15.972,19.673
197,15.982,19.673
198,15.987,19.698
199,15.987,19.711
200,16.047,19.867
201,16.032,19.820
202,16.067,19.877
203,16.065,19.881
204,16.059,19.835
205,16.054,19.811
206,16.064,19.852
207,16.059,19.833
208,16.082,19.897
209,16.102,19.891
210,16.105,19.922
211,16.085,19.872
212,16.091,19.888
213,16.087,19.888
214,16.115,19.936
215,16.089,19.883
216,16.024,19.773
217,16.026,19.796
218,16.018,19.783
219,15.983,19.733
220,15.951,19.656
221,15.984,19.727
222,15.950,19.677
223,15.953,19.671
224,15.973,19.738
225,16.030,19.848
226,16.007,19.785
227,16.064,19.870
228,16.040,19.799
229,16.050,19.796
230,16.059,19.824
231,16.070,19.838
232,16.061,19.809
233,16.066,19.823
234,16.091,19.869
235,16.091,19.880
236,16.155,20.007
237,16.144,19.962
238,16.172,20.036
239,16.158,19.982
240,16.161,19.986
241,16.167,20.002
242,16.173,20.014
243,16.132,19.937
244,16.126,19.907
245,16.095,19.854
246,16.066,19.798
247,16.066,19.798
248,16.047,19.777
249,16.082,19.791
250,16.105,19.827
251,16.113,19.836
252,16.190,19.977
253,16.172,19.924
254,16.187,19.935
255,16.210,19.958
256,16.244,20.017
257,16.254,20.044
258,16.257,20.022
259,16.264,20.015
260,16.261,20.003
261,16.280,20.054
262,16.286,20.041
263,16.288,20.033
264,16.285,20.070
265,16.272,19.995
266,16.292,20.058
267,16.301,20.075
268,16.292,20.078
269,16.295,20.087
270,16.287,20.070
271,16.288,20.073
272,16.298,20.092
273,16.253,19.984
274,16.266,20.031
275,16.275,20.051
276,16.269,20.047
277,16.261,20.023
278,16.268,20.014
279,16.335,20.162
280,16.311,20.105
281,16.321,20.087
282,16.331,20.138
283,16.338,20.121
284,16.371,20.174
285,16.362,20.154
286,16.340,20.128
287,16.335,20.118
288,16.324,20.112
289,16.331,20.123
290,16.325,20.133
291,16.316,20.100
292,16.346,20.168
293,16.386,20.225
294,16.440,20.288
295,16.441,20.288
296,16.465,20.329
297,16.504,20.400
298,16.492,20.344
299,16.520,20.397
300,16.526,20.419
301,16.521,20.395
302,16.506,20.326
303,16.571,20.484
304,16.580,20.472
305,16.619,20.536
306,16.611,20.555
307,16.619,20.616
308,16.611,20.602
309,16.602,20.576
310,16.595,20.552
311,16.592,20.574
312,16.603,20.570
313,16.601,20.587
314,16.613,20.591
315,16.545,20.500
316,16.565,20.535
317,16.543,20.470
318,16.584,20.570
319,16.568,20.526
320,16.601,20.593
321,16.611,20.602
322,16.589,20.549
323,16.591,20.558
324,16.582,20.548
325,16.580,20.544
326,16.598,20.614
327,16.611,20.655
328,16.594,20.601
329,16.589,20.631
330,16.516,20.441
331,16.479,20.389
332,16.445,20.304
333,16.507,20.458
334,16.478,20.377
335,16.534,20.553
336,16.441,20.347
337,16.458,20.383
338,16.438,20.344
339,16.448,20.332
340,16.463,20.377
341,16.458,20.385
342,16.458,20.402
343,16.433,20.357
344,16.457,20.403
345,16.430,20.361
346,16.424,20.345
347,16.432,20.364
348,16.409,20.310
349,16.418,20.325
350,16.419,20.319
351,16.437,20.369
352,16.418,20.339
353,16.414,20.348
354,16.388,20.304
355,16.310,20.140
356,16.322,20.176
357,16.298,20.156
358,16.288,20.128
359,16.263,20.104
360,16.221,20.032
361,16.179,19.936
362,16.160,19.909
363,16.159,19.928
364,16.143,19.908
365,16.121,19.864
366,16.092,19.814
367,16.069,19.781
368,16.066,19.787
369,16.057,19.743
370,16.071,19.805
371,16.094,19.834
372,16.061,19.773
373,16.086,19.808
374,16.072,19.788
375,16.052,19.762
376,16.076,19.809
377,16.084,19.837
378,16.079,19.823
379,16.060,19.786
380,16.087,19.853
381,16.109,19.876
382,16.138,19.930
383,16.097,19.846
384,16.132,19.926
385,16.147,19.940
386,16.146,19.946
387,16.141,19.966
388,16.156,19.941
389,16.162,19.977
390,16.169,19.998
391,16.138,19.926
392,16.159,19.959
393,16.162,19.985
394,16.142,19.954
395,16.149,19.974
396,16.156,19.983
397,16.144,19.971
398,16.127,19.944
399,16.169,20.022
400,16.139,19.973
401,16.168,20.033
402,16.117,19.922
403,16.141,19.979
404,16.159,20.023
405,16.155,20.024
406,16.136,19.978
407,16.140,20.006
408,16.138,19.986
409,16.132,19.980
410,16.131,20.001
411,16.119,19.977
412,16.120,20.005
413,16.097,19.933
414,16.116,20.045
415,16.110,19.998
416,16.112,20.011
417,16.111,20.034
418,16.127,20.057
419,16.093,19.966
420,16.092,19.985
421,16.096,20.016
422,16.112,20.024
423,16.054,19.948
424,16.059,19.960
425,16.053,19.946
426,16.079,19.986
427,16.098,20.023
428,16.082,20.010
429,16.089,20.012
430,16.085,20.009
431,16.119,20.072
432,16.121,20.085
433,16.122,20.087
434,16.115,20.060
435,16.121,20.072
436,16.119,20.069
437,16.117,20.063
438,16.136,20.116
439,16.121,20.087
440,16.137,20.103
441,16.120,20.059
442,16.118,20.042
443,16.120,20.051
444,16.111,20.017
445,16.121,20.046
446,16.119,20.017
447,16.142,20.075
448,16.133,20.057
449,16.161,20.112
450,16.133,20.039
451,16.150,20.093
452,16.162,20.112
453,16.146,20.083
454,16.147,20.050
455,16.165,20.108
456,16.172,20.115
457,16.147,20.064
458,16.160,20.108
459,16.163,20.103
460,16.160,20.084
461,16.172,20.103
462,16.178,20.132
463,16.183,20.120
464,16.168,20.086
465,16.194,20.155
466,16.177,20.067
467,16.183,20.099
468,16.179,20.076
469,16.199,20.121
470,16.209,20.128
471,16.205,20.141
472,16.183,20.081
473,16.200,20.116
474,16.179,20.076
475,16.183,20.084
476,16.174,20.071
477,16.195,20.092
478,16.184,20.074
479,16.184,20.083
480,16.180,20.080
481,16.174,20.081
482,16.178,20.082
483,16.167,20.107
484,16.160,20.080
485,16.165,20.090
486,16.146,20.032
487,16.140,20.044
488,16.127,20.026
489,16.126,20.051
490,16.109,19.980
491,16.106,20.000
492,16.124,20.019
493,16.096,19.989
494,16.091,19.945
495,16.095,19.972
496,16.085,19.940
497,16.096,19.968
498,16.104,19.951
499,16.092,19.954
500,16.083,19.944
501,16.060,19.892
502,16.054,19.882
503,16.050,19.867
504,16.099,19.958
505,16.107,19.959
506,16.125,19.991
507,16.108,19.973
508,16.090,19.936
509,16.097,19.930
510,16.067,19.885
511,16.095,19.948
512,16.066,19.887
513,16.088,19.934
514,16.060,19.889
515,16.049,19.843
516,16.067,19.883
517,16.059,19.877
518,16.063,19.876
519,16.047,19.861
520,16.068,19.861
521,16.041,19.828
522,16.036,19.822
523,16.061,19.873
524,16.036,19.833
525,16.066,19.871
526,16.073,19.894
527,16.040,19.859
528,16.053,19.857
529,16.025,19.797
530,16.028,19.831
531,16.019,19.790
532,16.017,19.798
533,16.027,19.804
534,16.018,19.807
535,16.027,19.827
536,16.032,19.805
537,16.019,19.796
538,16.020,19.798
539,16.013,19.779
540,16.008,19.777
541,16.020,19.796
542,16.003,19.789
543,15.990,19.748
544,15.951,19.657
545,15.942,19.647
546,15.957,19.676
547,15.964,19.683
548,15.974,19.714
549,15.974,19.722
550,15.944,19.612
551,15.983,19.709
552,15.982,19.685
553,15.995,19.693
554,16.000,19.713
555,16.020,19.731
556,16.015,19.721
557,16.007,19.691
558,16.026,19.711
559,16.030,19.723
560,16.075,19.807
561,16.019,19.719
562,16.033,19.754
563,16.041,19.780
564,16.010,19.717
565,16.018,19.726
566,16.032,19.758
567,16.043,19.778
568,16.035,19.785
569,16.028,19.730
570,16.027,19.704
571,16.040,19.744
572,16.055,19.774
573,16.068,19.786
574,16.052,19.759
575,16.039,19.739
576,16.072,19.785
577,16.034,19.740
578,16.044,19.744
579,16.059,19.772
580,16.062,19.802
581,16.045,19.749
582,16.059,19.775
583,16.069,19.815
584,16.048,19.784
585,16.037,19.770
586,16.042,19.765
587,16.037,19.761
588,16.025,19.749
589,16.025,19.751
590,16.021,19.725
591,16.045,19.776
592,16.035,19.767
593,16.048,19.788
594,16.051,19.786
595,16.046,19.768
596,16.055,19.778
597,16.058,19.797
598,16.058,19.787
599,16.057,19.775
600,16.056,19.803
601,16.054,19.813
602,16.051,19.796
603,16.002,19.733
604,15.985,19.717
605,15.979,19.678
606,15.935,19.616
607,15.935,19.631
608,15.926,19.597
609,15.956,19.659
610,15.938,19.598
611,15.942,19.613
612,15.949,19.609
613,15.943,19.599
614,15.951,19.634
615,15.951,19.627
616,15.939,19.610
617,15.932,19.599
618,15.939,19.614
619,15.947,19.633
620,15.948,19.645
621,15.929,19.611
622,15.919,19.590
623,15.916,19.589
624,15.921,19.633
625,15.922,19.629
626,15.924,19.652
627,15.874,19.565
628,15.893,19.606
629,15.864,19.554
630,15.857,19.552
631,15.883,19.622
632,15.871,19.590
633,15.863,19.549
634,15.829,19.487
635,15.841,19.532
636,15.829,19.514
637,15.799,19.424
638,15.807,19.462
639,15.836,19.515
640,15.808,19.453
641,15.837,19.509
642,15.825,19.471
643,15.820,19.476
644,15.794,19.419
645,15.843,19.528
646,15.819,19.474
647,15.830,19.469
648,15.817,19.465
649,15.839,19.480
650,15.856,19.499
651,15.837,19.477
652,15.841,19.499
653,15.846,19.513
654,15.839,19.487
655,15.835,19.495
656,15.837,19.501
657,15.829,19.483
658,15.837,19.506
659,15.840,19.500
660,15.835,19.504
661,15.812,19.458
662,15.825,19.485
663,15.815,19.479
664,15.818,19.464
665,15.824,19.503
666,15.833,19.518
667,15.814,19.476
668,15.815,19.489
669,15.788,19.442
670,15.794,19.454
671,15.779,19.411
672,15.811,19.484
673,15.822,19.507
674,15.780,19.403
675,15.799,19.442
676,15.804,19.449
677,15.807,19.466
678,15.793,19.445
679,15.809,19.474
680,15.798,19.425
681,15.807,19.464
682,15.793,19.430
683,15.772,19.385
684,15.805,19.470
685,15.800,19.462
686,15.788,19.455
687,15.783,19.420
688,15.790,19.460
689,15.769,19.440
690,15.763,19.435
691,15.773,19.456
692,15.780,19.465
693,15.748,19.402
694,15.763,19.438
695,15.728,19.415
696,15.738,19.397
697,15.725,19.388
698,15.705,19.356
699,15.727,19.392
700,15.710,19.359
701,15.695,19.332
702,15.684,19.293
703,15.715,19.362
704,15.701,19.309
705,15.704,19.340
706,15.706,19.348
707,15.744,19.390
708,15.715,19.347
709,15.742,19.398
710,15.736,19.382
711,15.746,19.417
712,15.736,19.400
713,15.714,19.351
714,15.719,19.367
715,15.742,19.401
716,15.720,19.366
717,15.725,19.364
718,15.723,19.384
719,15.759,19.447
720,15.764,19.415
721,15.762,19.437
722,15.775,19.446
723,15.822,19.514
724,15.812,19.490
725,15.825,19.529
726,15.846,19.546
727,15.866,19.616
728,15.874,19.616
729,15.905,19.678
730,15.901,19.664
731,15.900,19.678
732,15.913,19.699
733,15.904,19.671
734,15.922,19.676
735,15.911,19.665
736,15.905,19.652
737,15.881,19.621
738,15.870,19.590
739,15.874,19.606
740,15.817,19.500
741,15.802,19.484
742,15.833,19.543
743,15.831,19.544
744,15.825,19.538
745,15.820,19.517
746,15.813,19.502
747,15.833,19.592
748,15.825,19.561
749,15.835,19.569
750,15.826,19.521
751,15.843,19.541
752,15.871,19.617
753,15.868,19.592
754,15.843,19.566
755,15.873,19.633
756,15.824,19.573
757,15.812,19.549
758,15.789,19.510
759,15.799,19.527
760,15.759,19.458
761,15.785,19.464
762,15.727,19.389
763,15.714,19.357
764,15.717,19.367
765,15.684,19.296
766,15.707,19.343
767,15.703,19.344
768,15.675,19.275
769,15.650,19.229
770,15.651,19.238
771,15.684,19.305
772,15.688,19.310
773,15.665,19.270
774,15.677,19.283
775,15.651,19.206
776,15.665,19.251
777,15.653,19.227
778,15.663,19.275
779,15.645,19.224
780,15.650,19.232
781,15.642,19.196
782,15.613,19.136
783,15.653,19.198
784,15.650,19.221
785,15.644,19.194
786,15.637,19.210
787,15.639,19.210
788,15.631,19.193
789,15.631,19.219
790,15.628,19.233
791,15.599,19.157
792,15.597,19.186
793,15.553,19.089
794,15.575,19.124
795,15.590,19.158
796,15.591,19.168
797,15.587,19.147
798,15.594,19.141
799,15.631,19.198
800,15.657,19.273
801,15.662,19.267
802,15.651,19.239
803,15.668,19.253
804,15.661,19.245
805,15.669,19.268
806,15.671,19.264
807,15.676,19.278
808,15.701,19.279
809,15.722,19.322
810,15.696,19.274
811,15.701,19.269
812,15.690,19.260
813,15.680,19.235
814,15.652,19.169
815,15.677,19.237
816,15.695,19.293
817,15.677,19.240
818,15.672,19.265
819,15.664,19.254
820,15.694,19.306
821,15.682,19.282
822,15.631,19.207
823,15.648,19.237
824,15.665,19.294
825,15.659,19.279
826,15.631,19.205
827,15.691,19.338
828,15.713,19.339
829,15.740,19.385
830,15.743,19.362
831,15.756,19.374
832,15.779,19.417
833,15.762,19.358
834,15.784,19.382
835,15.833,19.479
836,15.847,19.489
837,15.848,19.482
838,15.853,19.497
839,15.843,19.489
840,15.877,19.541
841,15.841,19.465
842,15.882,19.506
843,15.864,19.483
844,15.873,19.497
845,15.899,19.541
846,15.901,19.540
847,15.887,19.480
848,15.900,19.505
849,15.914,19.519
850,15.906,19.493
851,15.899,19.479
852,15.896,19.500
853,15.898,19.490
854,15.894,19.475
855,15.897,19.493
856,15.896,19.494
857,15.882,19.475
858,15.887,19.494
859,15.861,19.435
860,15.878,19.479
861,15.889,19.515
862,15.900,19.517
863,15.899,19.500
864,15.883,19.505
865,15.894,19.514
866,15.897,19.535
867,15.912,19.564
868,15.900,19.533
869,15.917,19.563
870,15.892,19.535
871,15.921,19.582
872,15.916,19.565
873,15.917,19.563
874,15.951,19.615
875,15.945,19.625
876,15.946,19.630
877,15.975,19.676
878,15.965,19.640
879,15.994,19.698
880,16.014,19.746
881,15.986,19.674
882,15.986,19.688
883,15.976,19.645
884,16.005,19.705
885,16.005,19.701
886,16.013,19.722
887,16.009,19.727
888,16.006,19.729
889,16.015,19.750
890,16.019,19.724
891,16.014,19.731
892,16.019,19.732
893,16.025,19.715
894,16.025,19.739
895,16.057,19.787
896,16.056,19.784
897,16.075,19.824
898,16.076,19.829
899,16.054,19.783
900,16.064,19.785
901,16.089,19.839
902,16.071,19.794
903,16.087,19.821
904,16.088,19.836
905,16.096,19.876
906,16.081,19.833
907,16.102,19.870
908,16.112,19.900
909,16.108,19.903
910,16.109,19.868
911,16.132,19.924
912,16.136,19.952
913,16.122,19.910
914,16.139,19.939
915,16.154,19.979
916,16.156,19.995
917,16.156,20.006
918,16.137,19.959
919,16.176,20.017
920,16.161,20.014
921,16.160,19.999
922,16.180,20.037
923,16.190,20.054
924,16.207,20.089
925,16.210,20.094
926,16.212,20.103
927,16.218,20.111
928,16.210,20.093
929,16.214,20.107
930,16.233,20.133
931,16.222,20.112
932,16.242,20.132
933,16.234,20.134
934,16.234,20.176
935,16.250,20.183
936,16.256,20.201
937,16.287,20.258
938,16.298,20.285
939,16.303,20.298
940,16.280,20.244
941,16.286,20.273
942,16.254,20.210
943,16.260,20.233
944,16.250,20.196
945,16.280,20.279
946,16.261,20.216
947,16.263,20.252
948,16.284,20.270
949,16.302,20.324
950,16.307,20.351
951,16.304,20.305
952,16.322,20.331
953,16.327,20.346
954,16.322,20.334
955,16.321,20.340
956,16.321,20.340
957,16.323,20.359
958,16.305,20.327
959,16.303,20.302
960,16.305,20.300
961,16.298,20.303
962,16.284,20.270
963,16.303,20.307
964,16.294,20.284
965,16.306,20.296
966,16.286,20.259
967,16.298,20.277
968,16.271,20.240
969,16.301,20.325
970,16.281,20.267
971,16.292,20.285
972,16.293,20.311
973,16.289,20.273
974,16.288,20.295
975,16.272,20.237
976,16.273,20.276
977,16.274,20.239
978,16.289,20.289
979,16.284,20.274
980,16.294,20.281
981,16.288,20.270
982,16.292,20.283
983,16.299,20.264
984,16.284,20.275
985,16.298,20.303
986,16.282,20.259
987,16.267,20.230
988,16.316,20.307
989,16.303,20.288
990,16.289,20.249
991,16.305,20.270
992,16.303,20.282
993,16.288,20.244
994,16.275,20.225
995,16.307,20.276
996,16.297,20.254
997,16.305,20.284
998,16.290,20.232
999,16.302,20.277
1000,16.292,20.219
1001,16.282,20.230
1002,16.293,20.250
1003,16.303,20.272
1004,16.291,20.242
1005,16.297,20.248
1006,16.275,20.213
1007,16.308,20.270
1008,16.305,20.289
1009,16.298,20.251
1010,16.305,20.262
1011,16.308,20.263
1012,16.317,20.285
1013,16.311,20.255
1014,16.293,20.220
1015,16.300,20.225
1016,16.305,20.263
1017,16.278,20.210
1018,16.314,20.260
1019,16.318,20.277
1020,16.308,20.246
1021,16.302,20.226
1022,16.303,20.242
1023,16.311,20.268
1024,16.308,20.229
1025,16.307,20.225
1026,16.302,20.247
1027,16.289,20.212
1028,16.309,20.240
1029,16.314,20.236
1030,16.296,20.196
1031,16.317,20.253
1032,16.315,20.260
1033,16.301,20.206
1034,16.306,20.243
1035,16.307,20.235
1036,16.326,20.298
1037,16.321,20.259
1038,16.299,20.217
1039,16.311,20.232
1040,16.322,20.272
1041,16.296,20.223
1042,16.296,20.196
1043,16.325,20.278
1044,16.306,20.248
1045,16.329,20.287
1046,16.330,20.276
1047,16.315,20.248
1048,16.300,20.233
1049,16.330,20.301
1050,16.337,20.276
1051,16.320,20.276
1052,16.300,20.235
1053,16.317,20.259
1054,16.305,20.235
1055,16.326,20.270
1056,16.314,20.243
1057,16.318,20.252
1058,16.316,20.239
1059,16.314,20.241
1060,16.289,20.195
1061,16.340,20.292
1062,16.325,20.263
1063,16.345,20.316
1064,16.306,20.239
1065,16.305,20.228
1066,16.306,20.230
1067,16.323,20.250
1068,16.320,20.265
1069,16.323,20.264
1070,16.318,20.264
1071,16.323,20.256
1072,16.335,20.274
1073,16.308,20.249
1074,16.317,20.238
1075,16.312,20.226
1076,16.325,20.252
1077,16.325,20.248
1078,16.315,20.257
1079,16.318,20.245
1080,16.302,20.216
1081,16.309,20.229
1082,16.326,20.260
1083,16.300,20.210
1084,16.338,20.284
1085,16.324,20.248
1086,16.314,20.244
1087,16.345,20.301
1088,16.312,20.236
1089,16.298,20.204
1090,16.329,20.266
1091,16.335,20.284
1092,16.342,20.285
1093,16.313,20.250
1094,16.308,20.225
1095,16.300,20.206
1096,16.315,20.229
1097,16.310,20.227
1098,16.310,20.236
1099,16.312,20.231
1100,16.306,20.212
1101,16.307,20.219
1102,16.300,20.175
1103,16.310,20.196
1104,16.298,20.211
1105,16.314,20.220
1106,16.302,20.208
1107,16.294,20.205
1108,16.313,20.250
1109,16.281,20.160
1110,16.297,20.217
1111,16.305,20.200
1112,16.310,20.224
1113,16.306,20.208
1114,16.294,20.192
1115,16.297,20.178
1116,16.327,20.255
1117,16.311,20.216
1118,16.303,20.189
1119,16.296,20.173
1120,16.293,20.195
1121,16.288,20.157
1122,16.286,20.156
1123,16.310,20.206
1124,16.290,20.184
1125,16.308,20.189
1126,16.297,20.203
1127,16.284,20.180
1128,16.307,20.215
1129,16.288,20.178
1130,16.314,20.211
1131,16.290,20.171
1132,16.306,20.191
1133,16.298,20.189
1134,16.322,20.245
1135,16.291,20.169
1136,16.310,20.214
1137,16.297,20.178
1138,16.270,20.119
1139,16.280,20.131
1140,16.287,20.153
1141,16.301,20.169
1142,16.355,20.273
1143,16.350,20.262
1144,16.337,20.249
1145,16.343,20.236
1146,16.330,20.227
1147,16.353,20.246
1148,16.350,20.244
1149,16.363,20.257
1150,16.355,20.241
1151,16.365,20.280
1152,16.374,20.270
1153,16.365,20.270
1154,16.350,20.229
1155,16.373,20.281
1156,16.367,20.274
1157,16.367,20.245
1158,16.371,20.277
1159,16.377,20.282
1160,16.373,20.273
1161,16.389,20.290
1162,16.391,20.307
1163,16.355,20.238
1164,16.384,20.291
1165,16.373,20.280
1166,16.342,20.201
1167,16.368,20.272
1168,16.375,20.276
1169,16.383,20.304
1170,16.390,20.299
1171,16.369,20.246
1172,16.358,20.242
1173,16.382,20.280
1174,16.387,20.297
1175,16.374,20.270
1176,16.359,20.259
1177,16.344,20.197
1178,16.334,20.200
1179,16.362,20.239
1180,16.356,20.251
1181,16.381,20.295
1182,16.356,20.238
1183,16.357,20.242
1184,16.354,20.233
1185,16.345,20.213
1186,16.349,20.227
1187,16.342,20.206
1188,16.362,20.260
1189,16.362,20.248
1190,16.343,20.206
1191,16.345,20.227
1192,16.358,20.249
1193,16.344,20.231
1194,16.340,20.252
1195,16.344,20.248
1196,16.334,20.231
1197,16.330,20.217
1198,16.328,20.226
1199,16.332,20.229
1200,16.310,20.186
1201,16.316,20.212
1202,16.330,20.231
1203,16.347,20.250
1204,16.357,20.283
1205,16.335,20.239
1206,16.325,20.221
1207,16.334,20.257
1208,16.349,20.252
1209,16.343,20.258
1210,16.339,20.259
1211,16.343,20.247
1212,16.321,20.195
1213,16.334,20.221
1214,16.351,20.283
1215,16.330,20.229
1216,16.332,20.234
1217,16.342,20.262
1218,16.305,20.198
1219,16.308,20.196
1220,16.315,20.202
1221,16.312,20.190
1222,16.326,20.215
1223,16.326,20.209
1224,16.319,20.232
1225,16.335,20.234
1226,16.298,20.174
1227,16.293,20.146
1228,16.316,20.206
1229,16.282,20.153
1230,16.299,20.191
1231,16.300,20.202
1232,16.319,20.236
1233,16.324,20.229
1234,16.322,20.215
1235,16.295,20.177
1236,16.311,20.196
1237,16.306,20.198
1238,16.303,20.192
1239,16.309,20.213
1240,16.320,20.234
1241,16.307,20.200
1242,16.312,20.190
1243,16.316,20.203
1244,16.298,20.181
1245,16.312,20.222
1246,16.315,20.233
1247,16.291,20.152
1248,16.320,20.231
1249,16.294,20.179
1250,16.304,20.177
1251,16.302,20.194
1252,16.289,20.170
1253,16.276,20.131
1254,16.309,20.192
1255,16.316,20.211
1256,16.319,20.208
1257,16.315,20.210
1258,16.303,20.181
1259,16.317,20.226
1260,16.284,20.164
1261,16.295,20.178
1262,16.315,20.214
1263,16.300,20.167
1264,16.305,20.186
1265,16.315,20.222
1266,16.303,20.183
1267,16.321,20.214
1268,16.295,20.179
1269,16.318,20.227
1270,16.316,20.227
1271,16.312,20.216
1272,16.305,20.187
1273,16.319,20.229
1274,16.294,20.174
1275,16.298,20.171
1276,16.314,20.219
1277,16.322,20.260
1278,16.307,20.193
1279,16.302,20.196
1280,16.305,20.204
1281,16.314,20.225
1282,16.318,20.231
1283,16.307,20.200
1284,16.291,20.160
1285,16.300,20.178
1286,16.298,20.174
1287,16.304,20.179
1288,16.306,20.202
1289,16.310,20.201
1290,16.322,20.222
1291,16.278,20.136
1292,16.273,20.115
1293,16.271,20.116
1294,16.278,20.137
1295,16.271,20.113
1296,16.290,20.152
1297,16.290,20.163
1298,16.272,20.117
1299,16.268,20.109
1300,16.298,20.164
1301,16.295,20.149
1302,16.292,20.137
1303,16.284,20.139
1304,16.296,20.157
1305,16.310,20.196
1306,16.284,20.124
1307,16.304,20.187
1308,16.295,20.159
1309,16.323,20.245
1310,16.321,20.225
1311,16.321,20.217
1312,16.322,20.234
1313,16.305,20.191
1314,16.299,20.179
1315,16.299,20.207
1316,16.317,20.230
1317,16.306,20.195
1318,16.327,20.259
1319,16.320,20.227
1320,16.334,20.251
1321,16.316,20.215
1322,16.317,20.239
1323,16.329,20.239
1324,16.324,20.235
1325,16.313,20.222
1326,16.353,20.283
1327,16.342,20.252
1328,16.352,20.275
1329,16.319,20.204
1330,16.346,20.273
1331,16.348,20.290
1332,16.352,20.289
1333,16.326,20.222
1334,16.318,20.194
1335,16.331,20.224
1336,16.346,20.248
1337,16.341,20.234
1338,16.340,20.258
1339,16.346,20.263
1340,16.321,20.184
1341,16.327,20.196
1342,16.330,20.205
1343,16.323,20.205
1344,16.330,20.216
1345,16.343,20.261
1346,16.333,20.212
1347,16.329,20.206
1348,16.339,20.229
1349,16.332,20.229
1350,16.327,20.191
1351,16.332,20.215
1352,16.344,20.237
1353,16.337,20.225
1354,16.349,20.243
1355,16.340,20.237
1356,16.334,20.211
1357,16.301,20.137
1358,16.331,20.195
1359,16.321,20.204
1360,16.323,20.175
1361,16.345,20.205
1362,16.318,20.179
1363,16.328,20.172
1364,16.354,20.218
1365,16.357,20.223
1366,16.360,20.246
1367,16.333,20.196
1368,16.347,20.194
1369,16.342,20.197
1370,16.370,20.240
1371,16.354,20.220
1372,16.379,20.250
1373,16.378,20.235
1374,16.379,20.240
1375,16.373,20.237
1376,16.388,20.266
1377,16.357,20.189
1378,16.391,20.271
1379,16.383,20.249
1380,16.395,20.279
1381,16.377,20.243
1382,16.393,20.252
1383,16.367,20.221
1384,16.387,20.229
1385,16.387,20.270
1386,16.388,20.230
1387,16.397,20.261
1388,16.397,20.238
1389,16.409,20.272
1390,16.393,20.257
1391,16.418,20.290
1392,16.388,20.236
1393,16.388,20.208
1394,16.395,20.241
1395,16.422,20.286
1396,16.405,20.269
1397,16.398,20.236
1398,16.377,20.201
1399,16.397,20.229
1400,16.409,20.267
1401,16.411,20.303
1402,16.399,20.239
1403,16.383,20.231
1404,16.438,20.316
1405,16.420,20.323
1406,16.422,20.354
1407,16.328,20.155
1408,16.305,20.090
1409,16.335,20.171
1410,16.288,20.079
1411,16.292,20.114
1412,16.302,20.129
1413,16.299,20.100
1414,16.313,20.125
1415,16.333,20.172
1416,16.321,20.117
1417,16.328,20.125
1418,16.335,20.138
1419,16.320,20.089
1420,16.327,20.110
1421,16.344,20.160
1422,16.339,20.121
1423,16.359,20.167
1424,16.342,20.128
1425,16.339,20.121
1426,16.327,20.110
1427,16.327,20.117
1428,16.307,20.086
1429,16.343,20.157
1430,16.330,20.161
1431,16.334,20.139
1432,16.304,20.053
1433,16.300,20.057
1434,16.293,20.046
1435,16.292,20.054
1436,16.297,20.072
1437,16.303,20.071
1438,16.307,20.064
1439,16.335,20.124
1440,16.339,20.136
1441,16.331,20.100
1442,16.366,20.168
1443,16.384,20.189
1444,16.366,20.180
1445,16.385,20.194
1446,16.361,20.174
1447,16.376,20.198
1448,16.350,20.152
1449,16.366,20.175
1450,16.383,20.217
1451,16.375,20.197
1452,16.364,20.205
1453,16.362,20.191
1454,16.339,20.153
1455,16.358,20.201
1456,16.342,20.170
1457,16.362,20.229
1458,16.337,20.153
1459,16.344,20.188
1460,16.338,20.175
1461,16.340,20.190
1462,16.337,20.197
1463,16.315,20.151
1464,16.318,20.124
1465,16.345,20.193
1466,16.308,20.100
1467,16.321,20.136
1468,16.321,20.141
1469,16.325,20.160
1470,16.299,20.101
1471,16.308,20.102
1472,16.287,20.075
1473,16.289,20.098
1474,16.294,20.100
1475,16.314,20.151
1476,16.325,20.151
1477,16.325,20.158
1478,16.322,20.169
1479,16.254,20.049
1480,16.253,20.063
1481,16.203,19.967
1482,16.225,20.028
1483,16.199,19.966
1484,16.197,19.960
1485,16.177,19.944
1486,16.167,19.897
1487,16.141,19.880
1488,16.156,19.917
1489,16.162,19.929
1490,16.157,19.920
1491,16.083,19.775
1492,16.111,19.836
1493,16.125,19.877
1494,16.073,19.791
1495,16.062,19.769
1496,16.040,19.746
1497,16.058,19.762
1498,16.089,19.841
1499,16.054,19.765
1500,16.081,19.811
1501,16.076,19.803
1502,16.070,19.804
1503,16.035,19.759
1504,15.975,19.639
1505,15.963,19.641
1506,15.877,19.477
1507,15.901,19.514
1508,15.915,19.583
1509,15.895,19.553
1510,15.908,19.567
1511,15.907,19.553
1512,15.892,19.550
1513,15.906,19.571
1514,15.877,19.523
1515,15.905,19.584
1516,15.924,19.617
1517,15.896,19.570
1518,15.921,19.601
1519,15.911,19.554
1520,15.915,19.599
1521,15.901,19.573
1522,15.925,19.609
1523,15.924,19.611
1524,15.921,19.616
1525,15.898,19.568
1526,15.929,19.627
1527,15.907,19.574
1528,15.929,19.612
1529,15.908,19.589
1530,15.919,19.627
1531,15.927,19.632
1532,15.915,19.617
1533,15.939,19.651
1534,15.929,19.623
1535,15.907,19.604
1536,15.931,19.672
1537,15.932,19.664
1538,15.923,19.658
1539,15.941,19.681
1540,15.950,19.689
1541,15.937,19.658
1542,15.939,19.649
1543,15.966,19.709
1544,15.954,19.698
1545,15.957,19.694
1546,15.928,19.636
1547,15.926,19.644
1548,15.931,19.648
1549,15.947,19.682
1550,15.931,19.649
1551,15.934,19.663
1552,15.940,19.692
1553,15.909,19.645
1554,15.930,19.669
1555,15.943,19.718
1556,15.932,19.672
1557,15.922,19.667
1558,15.930,19.655
1559,15.944,19.724
1560,15.950,19.740
1561,15.970,19.751
1562,15.992,19.803
1563,16.001,19.811
1564,16.005,19.787
1565,16.031,19.837
1566,16.006,19.788
1567,16.028,19.831
1568,16.038,19.866
1569,16.005,19.808
1570,16.003,19.822
1571,15.968,19.750
1572,15.986,19.796
1573,15.977,19.792
1574,15.958,19.761
1575,15.964,19.755
1576,15.965,19.778
1577,15.986,19.806
1578,15.978,19.804
1579,15.975,19.783
1580,16.008,19.861
1581,16.021,19.876
1582,16.032,19.911
1583,16.010,19.867
1584,16.027,19.903
1585,16.035,19.916
1586,16.035,19.915
1587,16.034,19.936
1588,16.008,19.895
1589,16.027,19.927
1590,16.013,19.904
1591,16.015,19.920
1592,16.023,19.944
1593,16.029,19.954
1594,16.018,19.918
1595,16.063,19.986
1596,16.047,19.980
1597,16.101,20.095
1598,16.081,20.036
1599,16.101,20.058
1600,16.104,20.057
1601,16.111,20.051
1602,16.103,20.043
1603,16.145,20.135
1604,16.123,20.096
1605,16.137,20.137
1606,16.130,20.080
1607,16.147,20.130
1608,16.163,20.153
1609,16.159,20.130
1610,16.201,20.202
1611,16.182,20.168
1612,16.201,20.249
1613,16.185,20.173
1614,16.219,20.263
1615,16.214,20.243
1616,16.158,20.133
1617,16.200,20.235
1618,16.214,20.237
1619,16.224,20.272
1620,16.254,20.291
1621,16.256,20.281
1622,16.280,20.345
1623,16.292,20.332
1624,16.327,20.409
1625,16.351,20.463
1626,16.323,20.400
1627,16.327,20.418
1628,16.321,20.415
1629,16.324,20.440
1630,16.290,20.385
1631,16.250,20.319
1632,16.260,20.371
1633,16.231,20.311
1634,16.192,20.262
1635,16.200,20.312
1636,16.196,20.304
1637,16.143,20.200
1638,16.114,20.201
1639,16.100,20.186
1640,16.046,20.096
1641,15.994,20.038
1642,15.970,20.014
1643,15.948,20.001
1644,15.970,20.071
1645,15.995,20.093
1646,16.005,20.115
1647,15.979,20.047
1648,16.003,20.094
1649,16.011,20.092
1650,15.979,20.082
1651,16.029,20.167
1652,16.042,20.197
1653,16.090,20.281
1654,16.058,20.233
1655,16.078,20.272
1656,16.077,20.241
1657,16.123,20.323
1658,16.110,20.285
1659,16.098,20.268
1660,16.132,20.298
1661,16.148,20.359
1662,16.132,20.276
1663,16.128,20.266
1664,16.121,20.226
1665,16.151,20.278
1666,16.125,20.218
1667,16.169,20.324
1668,16.150,20.279
1669,16.182,20.309
1670,16.187,20.322
1671,16.179,20.269
1672,16.173,20.250
1673,16.221,20.295
1674,16.234,20.306
1675,16.269,20.329
1676,16.268,20.288
1677,16.310,20.313
1678,16.337,20.351
1679,16.381,20.423
1680,16.373,20.355
1681,16.445,20.418
1682,16.470,20.455
1683,16.543,20.539
1684,16.554,20.509
1685,16.509,20.403
1686,16.502,20.443
1687,16.447,20.406
1688,16.427,20.341
1689,16.379,20.340
1690,16.333,20.282
1691,16.285,20.225
1692,16.253,20.187
1693,16.186,20.109
1694,16.147,20.065
1695,16.114,20.031
1696,16.048,19.955
1697,15.995,19.916
1698,15.935,19.826
1699,15.875,19.758
1700,15.907,19.830
1701,15.908,19.819
1702,15.914,19.832
1703,15.908,19.797
1704,15.951,19.880
1705,15.948,19.865
1706,15.972,19.896
1707,15.961,19.877
1708,15.968,19.896
1709,15.953,19.846
1710,15.962,19.865
1711,15.936,19.794
1712,15.919,19.776
1713,15.952,19.842
1714,15.938,19.794
1715,15.942,19.816
1716,15.944,19.818
1717,15.973,19.851
1718,15.967,19.828
1719,15.968,19.845
1720,15.984,19.861
1721,15.986,19.892
1722,15.978,19.859
1723,16.006,19.882
1724,16.000,19.903
1725,15.999,19.881
1726,16.014,19.903
1727,16.001,19.888
1728,16.034,19.954
1729,16.035,19.921
1730,16.041,19.964
1731,16.019,19.938
1732,16.007,19.897
1733,16.017,19.913
1734,15.981,19.857
1735,15.997,19.900
1736,15.948,19.807
1737,15.960,19.826
1738,15.963,19.825
1739,15.973,19.838
1740,15.954,19.805
1741,15.965,19.828
1742,15.968,19.820
1743,15.968,19.810
1744,15.961,19.791
1745,15.968,19.832
1746,15.967,19.821
1747,15.996,19.881
1748,15.962,19.824
1749,15.972,19.832
1750,15.973,19.849
1751,15.987,19.864
1752,15.984,19.858
1753,15.968,19.827
1754,15.965,19.801
1755,15.977,19.845
1756,15.966,19.804
1757,15.982,19.817
1758,15.988,19.833
1759,15.984,19.829
1760,16.005,19.862
1761,16.009,19.885
1762,15.977,19.812
1763,15.977,19.838
1764,15.997,19.898
1765,15.967,19.831
1766,15.974,19.868
1767,15.974,19.857
1768,15.988,19.879
1769,15.952,19.819
1770,15.972,19.856
1771,15.954,19.826
1772,15.958,19.848
1773,15.983,19.882
1774,15.987,19.884
1775,15.950,19.816
1776,15.943,19.783
1777,15.959,19.828
1778,15.942,19.805
1779,15.935,19.806
1780,15.941,19.797
1781,15.922,19.774
1782,15.939,19.795
1783,15.941,19.805
1784,15.943,19.808
1785,15.941,19.809
1786,15.938,19.804
1787,15.932,19.805
1788,15.946,19.802
1789,15.959,19.836
1790,15.914,19.732
1791,15.936,19.783
1792,15.950,19.821
1793,15.922,19.766
1794,15.937,19.797
1795,15.946,19.810
1796,15.923,19.741
1797,15.940,19.786
1798,15.939,19.766
1799,15.921,19.729
1800,15.935,19.759
1801,15.928,19.727
1802,15.916,19.728
1803,15.921,19.709
1804,15.930,19.745
1805,15.907,19.668
1806,15.936,19.745
1807,15.925,19.716
1808,15.931,19.679
1809,15.909,19.666
1810,15.923,19.693
1811,15.892,19.633
1812,15.910,19.671
1813,15.918,19.675
1814,15.921,19.674
1815,15.917,19.669
1816,15.917,19.678
1817,15.920,19.676
1818,15.926,19.677
1819,15.919,19.653
1820,15.903,19.647
1821,15.928,19.667
1822,15.932,19.676
1823,15.945,19.706
1824,15.927,19.662
1825,15.933,19.702
1826,15.930,19.690
1827,15.935,19.701
1828,15.949,19.712
1829,15.974,19.762
1830,15.973,19.772
1831,15.967,19.732
1832,15.953,19.709
1833,15.951,19.709
1834,15.936,19.709
1835,15.954,19.723
1836,15.951,19.737
1837,15.956,19.737
1838,15.970,19.757
1839,15.963,19.736
1840,15.992,19.817
