0,28.195,28.341
1,28.204,28.343
2,28.198,28.338
3,28.385,28.543
4,28.361,28.501
5,28.495,28.658
6,28.549,28.696
7,28.558,28.727
8,28.515,28.657
9,28.705,28.903
10,28.509,28.682
11,28.604,28.777
12,28.514,28.689
13,28.535,28.710
14,28.484,28.634
15,28.765,28.940
16,28.803,28.998
17,28.619,28.773
18,28.667,28.829
19,28.730,28.939
20,28.686,28.862
21,28.682,28.840
22,28.759,28.938
23,28.772,28.919
24,29.146,29.356
25,28.801,28.954
26,28.693,28.837
27,28.716,28.871
28,28.852,29.021
29,28.732,28.916
30,28.640,28.782
31,28.999,29.175
32,28.747,28.894
33,28.802,28.953
34,28.676,28.829
35,28.529,28.656
36,28.634,28.784
37,28.739,28.902
38,28.318,28.479
39,28.626,28.781
40,28.609,28.767
41,28.481,28.638
42,28.604,28.743
43,28.484,28.656
44,28.335,28.478
45,28.531,28.706
46,28.454,28.625
47,28.391,28.558
48,28.268,28.419
49,28.302,28.449
50,28.406,28.568
51,28.785,28.972
52,28.461,28.622
53,28.444,28.607
54,28.382,28.548
55,28.322,28.460
56,28.348,28.499
57,28.394,28.557
58,28.350,28.519
59,28.307,28.469
60,28.306,28.474
61,28.222,28.397
62,28.061,28.221
63,27.974,28.132
64,27.910,28.054
65,27.934,28.088
66,28.077,28.244
67,27.771,27.903
68,27.735,27.858
69,27.688,27.836
70,27.536,27.698
71,27.761,27.920
72,27.654,27.794
73,27.705,27.860
74,27.661,27.806
75,27.795,27.970
76,28.086,28.282
77,27.934,28.124
78,27.885,28.053
79,27.874,28.057
80,27.343,27.471
81,27.354,27.491
82,27.862,28.021
83,27.351,27.490
84,28.051,28.226
85,27.947,28.131
86,28.062,28.248
87,28.061,28.250
88,28.181,28.374
89,27.973,28.134
90,28.005,28.205
91,27.969,28.146
92,27.982,28.174
93,27.913,28.093
94,28.020,28.218
95,28.168,28.373
96,28.144,28.348
97,28.118,28.332
98,28.026,28.221
99,28.038,28.238
100,28.090,28.311
101,27.974,28.155
102,28.060,28.270
103,27.668,27.834
104,27.716,27.877
105,27.574,27.723
106,27.651,27.820
107,28.286,28.480
108,28.339,28.543
109,28.183,28.389
110,28.169,28.349
111,28.233,28.420
112,28.204,28.381
113,28.251,28.432
114,28.198,28.361
115,28.276,28.459
116,28.293,28.481
117,28.273,28.480
118,28.223,28.437
119,28.137,28.319
120,28.168,28.354
121,28.101,28.253
122,28.159,28.341
123,28.109,28.317
124,27.965,28.136
125,28.043,28.226
126,28.042,28.244
127,27.936,28.111
128,27.966,28.142
129,27.978,28.160
130,28.094,28.279
131,28.045,28.228
132,27.402,27.529
133,27.412,27.549
134,27.415,27.552
135,27.994,28.167
136,27.945,28.132
137,27.633,27.792
138,27.655,27.823
139,27.795,27.970
140,27.763,27.918
141,27.234,27.366
142,27.720,27.856
143,27.587,27.725
144,27.518,27.654
145,27.481,27.616
146,27.478,27.618
147,27.859,28.012
148,27.650,27.769
149,27.120,27.237
150,27.543,27.655
151,27.522,27.665
152,27.414,27.541
153,27.729,27.901
154,27.427,27.589
155,27.281,27.406
156,27.262,27.403
157,27.324,27.451
158,27.278,27.403
159,27.169,27.296
160,27.124,27.243
161,27.099,27.208
162,27.276,27.406
163,27.193,27.305
164,27.116,27.242
165,27.041,27.161
166,27.056,27.162
167,27.041,27.139
168,27.003,27.086
169,26.560,26.640
170,26.938,27.020
171,26.862,26.952
172,26.803,26.883
173,26.727,26.814
174,26.703,26.783
175,26.756,26.823
176,26.753,26.826
177,26.337,26.396
178,26.337,26.385
179,26.314,26.355
180,26.658,26.725
181,26.504,26.572
182,26.632,26.718
183,26.602,26.669
184,26.570,26.633
185,26.692,26.753
186,26.744,26.808
187,26.763,26.831
188,26.650,26.715
189,26.680,26.740
190,26.244,26.295
191,26.548,26.599
192,26.501,26.544
193,26.532,26.582
194,26.508,26.573
195,26.593,26.662
196,26.523,26.581
197,26.430,26.478
198,26.572,26.630
199,26.589,26.652
200,26.552,26.623
201,26.547,26.610
202,26.504,26.573
203,26.615,26.661
204,26.662,26.726
205,26.683,26.743
206,26.689,26.750
207,26.575,26.648
208,26.576,26.641
209,26.464,26.518
210,26.533,26.586
211,26.569,26.640
212,26.592,26.656
213,26.579,26.619
214,26.595,26.660
215,26.577,26.646
216,26.651,26.725
217,26.636,26.714
218,26.662,26.739
219,26.680,26.756
220,26.611,26.681
221,26.599,26.670
222,26.663,26.732
223,26.636,26.715
224,26.653,26.727
225,26.713,26.813
226,26.698,26.785
227,26.719,26.792
228,26.728,26.811
229,26.681,26.764
230,26.731,26.823
231,26.833,26.930
232,26.770,26.839
233,26.718,26.793
234,26.677,26.741
235,26.752,26.830
236,26.698,26.773
237,26.658,26.740
238,26.667,26.744
239,26.682,26.763
240,26.720,26.820
241,27.065,27.179
242,26.828,26.929
243,26.923,27.020
244,26.937,27.046
245,26.776,26.876
246,26.707,26.793
247,26.706,26.807
248,26.855,26.936
249,26.403,26.492
250,26.746,26.846
251,26.688,26.780
252,26.917,27.017
253,26.936,27.038
254,26.455,26.547
255,26.860,26.977
256,26.814,26.913
257,26.779,26.871
258,26.905,27.012
259,26.915,27.037
260,27.015,27.135
261,26.967,27.090
262,26.944,27.049
263,27.013,27.129
264,26.955,27.069
265,26.954,27.061
266,27.016,27.123
267,27.105,27.221
268,27.026,27.123
269,27.052,27.157
270,26.987,27.104
271,27.079,27.197
272,27.014,27.121
273,27.022,27.118
274,26.953,27.057
275,26.992,27.080
276,27.007,27.119
277,27.114,27.218
278,27.130,27.248
279,27.211,27.336
280,27.239,27.357
281,27.203,27.319
282,27.189,27.312
283,27.195,27.311
284,27.190,27.294
285,27.274,27.373
286,27.246,27.361
287,27.277,27.405
288,26.847,26.943
289,27.285,27.373
290,27.282,27.382
291,27.298,27.418
292,27.191,27.310
293,27.114,27.217
294,27.066,27.183
295,26.740,26.827
296,26.813,26.904
297,27.268,27.371
298,27.238,27.350
299,27.184,27.282
300,27.140,27.241
301,27.187,27.292
302,27.203,27.321
303,27.165,27.287
304,27.139,27.259
305,27.156,27.275
306,27.263,27.397
307,27.177,27.305
308,27.194,27.316
309,27.139,27.259
310,27.178,27.297
311,27.099,27.223
312,27.008,27.123
313,27.020,27.142
314,27.012,27.131
315,26.942,27.050
316,26.964,27.078
317,26.940,27.052
318,26.940,27.048
319,26.919,27.035
320,26.853,26.957
321,26.846,26.950
322,26.884,26.998
323,26.918,27.037
324,26.851,26.968
325,26.833,26.937
326,26.781,26.894
327,26.783,26.886
328,26.715,26.811
329,26.670,26.770
330,26.617,26.714
331,26.571,26.657
332,26.657,26.749
333,26.579,26.677
334,26.547,26.640
335,26.559,26.665
336,26.622,26.715
337,26.617,26.714
338,26.544,26.621
339,26.519,26.595
340,26.503,26.589
341,26.444,26.527
342,26.483,26.566
343,26.452,26.524
344,26.462,26.547
345,26.415,26.486
346,26.390,26.457
347,26.382,26.448
348,26.347,26.419
349,26.345,26.405
350,26.408,26.482
351,26.393,26.463
352,26.346,26.427
353,26.352,26.434
354,26.347,26.422
355,26.334,26.408
356,26.320,26.401
357,26.287,26.363
358,26.287,26.359
359,26.255,26.321
360,26.251,26.307
361,26.251,26.327
362,26.249,26.319
363,26.223,26.288
364,26.317,26.381
365,26.228,26.296
366,26.194,26.249
367,26.219,26.273
368,26.159,26.228
369,26.138,26.202
370,26.156,26.207
371,26.129,26.188
372,26.147,26.203
373,26.098,26.156
374,26.113,26.192
375,26.082,26.142
376,26.078,26.147
377,26.077,26.151
378,26.076,26.150
379,26.128,26.195
380,26.060,26.113
381,26.012,26.074
382,26.046,26.112
383,26.054,26.119
384,26.048,26.106
385,26.048,26.110
386,26.103,26.166
387,26.114,26.175
388,26.081,26.147
389,26.398,26.475
390,26.156,26.222
391,26.104,26.171
392,26.159,26.231
393,26.136,26.209
394,26.143,26.216
395,26.104,26.169
396,26.113,26.188
397,26.140,26.211
398,26.128,26.197
399,26.130,26.202
400,26.127,26.196
401,26.170,26.241
402,26.185,26.261
403,26.244,26.324
404,26.241,26.324
405,26.251,26.335
406,26.237,26.324
407,26.205,26.292
408,26.276,26.355
409,26.226,26.305
410,26.279,26.369
411,26.260,26.335
412,26.305,26.386
413,26.248,26.328
414,26.233,26.323
415,26.211,26.304
416,26.218,26.294
417,26.208,26.287
418,26.216,26.294
419,26.255,26.341
420,26.276,26.346
421,26.293,26.377
422,26.327,26.402
423,26.311,26.389
424,26.348,26.435
425,26.289,26.371
426,26.323,26.408
427,26.288,26.366
428,26.298,26.393
429,26.302,26.391
430,26.312,26.415
431,26.307,26.404
432,26.312,26.408
433,26.324,26.417
434,26.204,26.300
435,26.228,26.320
436,26.190,26.273
437,26.295,26.394
438,26.300,26.397
439,26.242,26.332
440,26.241,26.332
441,26.340,26.440
442,26.280,26.384
443,26.290,26.376
444,26.312,26.416
445,26.287,26.388
446,26.266,26.368
447,26.243,26.347
448,26.222,26.335
449,26.229,26.332
450,26.280,26.379
451,26.240,26.335
452,26.238,26.326
453,26.183,26.263
454,26.097,26.170
455,26.108,26.185
456,26.128,26.210
457,26.177,26.276
458,26.173,26.273
459,26.188,26.288
460,26.145,26.247
461,26.137,26.242
462,26.160,26.264
463,26.140,26.231
464,26.081,26.170
465,26.131,26.235
466,26.058,26.150
467,26.052,26.154
468,26.081,26.188
469,26.039,26.138
470,26.048,26.159
471,26.004,26.117
472,25.938,26.037
473,25.965,26.055
474,25.964,26.052
475,25.987,26.070
476,25.934,26.030
477,25.975,26.072
478,25.945,26.040
479,25.944,26.041
480,25.966,26.062
481,25.914,26.009
482,25.882,25.972
483,25.878,25.965
484,25.877,25.970
485,25.865,25.962
486,25.861,25.951
487,25.844,25.941
488,25.826,25.920
489,25.859,25.942
490,25.852,25.936
491,25.815,25.897
492,25.790,25.875
493,25.817,25.899
494,25.722,25.792
495,25.763,25.830
496,25.750,25.821
497,25.742,25.829
498,25.772,25.862
499,25.735,25.822
500,25.770,25.856
501,25.696,25.772
502,25.637,25.712
503,25.611,25.687
504,25.604,25.682
505,25.602,25.679
506,25.599,25.680
507,25.606,25.682
508,25.647,25.726
509,25.594,25.672
510,25.583,25.660
511,25.546,25.619
512,25.538,25.611
513,25.528,25.594
514,25.519,25.570
515,25.536,25.591
516,25.526,25.583
517,25.514,25.598
518,25.526,25.614
519,25.505,25.585
520,25.487,25.565
521,25.494,25.569
522,25.486,25.562
523,25.470,25.551
524,25.487,25.561
525,25.491,25.565
526,25.468,25.540
527,25.447,25.517
528,25.475,25.550
529,25.450,25.521
530,25.490,25.565
531,25.478,25.551
532,25.471,25.545
533,25.432,25.496
534,25.380,25.437
535,25.433,25.497
536,25.402,25.453
537,25.366,25.415
538,25.373,25.434
539,25.334,25.394
540,25.332,25.389
541,25.316,25.368
542,25.339,25.388
543,25.339,25.397
544,25.320,25.382
545,25.368,25.424
546,25.326,25.380
547,25.335,25.389
548,25.350,25.409
549,25.360,25.413
550,25.404,25.483
551,25.379,25.443
552,25.314,25.380
553,25.304,25.375
554,25.303,25.374
555,25.343,25.410
556,25.412,25.484
557,25.333,25.399
558,25.288,25.333
559,25.277,25.325
560,25.257,25.308
561,25.236,25.278
562,25.239,25.291
563,25.247,25.300
564,25.310,25.374
565,25.311,25.370
566,25.261,25.321
567,25.254,25.307
568,25.219,25.279
569,25.196,25.250
570,25.202,25.255
571,25.209,25.268
572,25.208,25.265
573,25.203,25.261
574,25.195,25.252
575,25.209,25.267
576,25.199,25.255
577,25.200,25.262
578,25.170,25.222
579,25.174,25.228
580,25.168,25.223
581,25.175,25.237
582,25.151,25.212
583,25.163,25.226
584,25.148,25.195
585,25.139,25.191
586,25.162,25.211
587,25.163,25.210
588,25.151,25.206
589,25.129,25.181
590,25.134,25.183
591,25.142,25.194
592,25.144,25.197
593,25.148,25.205
594,25.152,25.204
595,25.154,25.206
596,25.138,25.186
597,25.125,25.172
598,25.120,25.173
599,25.092,25.130
600,25.048,25.094
601,25.055,25.112
602,25.095,25.152
603,25.140,25.203
604,25.135,25.190
605,25.125,25.186
606,25.119,25.176
607,25.125,25.183
608,25.121,25.178
609,25.135,25.169
610,25.128,25.170
611,25.137,25.175
612,25.167,25.215
613,25.155,25.197
614,25.173,25.219
615,25.175,25.218
616,25.181,25.225
617,25.156,25.196
618,25.159,25.195
619,25.172,25.218
620,25.167,25.199
621,25.177,25.216
622,25.190,25.224
623,25.187,25.221
624,25.188,25.229
625,25.196,25.238
626,25.205,25.242
627,25.198,25.236
628,25.193,25.232
629,24.894,24.930
630,24.923,24.962
631,24.925,24.953
632,24.932,24.975
633,24.927,24.964
634,25.262,25.299
635,25.254,25.291
636,25.258,25.303
637,25.229,25.269
638,25.249,25.289
639,25.230,25.266
640,25.261,25.304
641,25.277,25.325
642,25.290,25.335
643,25.294,25.333
644,25.293,25.335
645,25.293,25.333
646,25.278,25.319
647,25.273,25.320
648,25.262,25.304
649,25.268,25.310
650,25.270,25.308
651,25.291,25.335
652,25.300,25.351
653,25.293,25.333
654,25.293,25.337
655,25.275,25.316
656,25.273,25.315
657,25.266,25.315
658,25.257,25.302
659,25.269,25.314
660,25.279,25.326
661,25.271,25.318
662,25.290,25.342
663,25.283,25.335
664,25.274,25.323
665,25.267,25.323
666,25.260,25.307
667,25.256,25.304
668,25.259,25.302
669,25.266,25.309
670,25.278,25.327
671,25.275,25.318
672,25.301,25.344
673,25.280,25.326
674,25.291,25.336
675,25.254,25.294
676,25.233,25.271
677,25.228,25.268
678,25.221,25.264
679,25.244,25.284
680,25.258,25.306
681,25.274,25.328
682,25.268,25.313
683,25.265,25.306
684,25.262,25.302
685,25.247,25.285
686,25.236,25.277
687,25.236,25.274
688,25.239,25.284
689,25.235,25.274
690,25.257,25.294
691,25.255,25.295
692,25.247,25.286
693,25.251,25.290
694,25.246,25.287
695,25.224,25.266
696,25.228,25.273
697,25.231,25.272
698,25.231,25.274
699,25.232,25.271
700,25.252,25.292
701,25.249,25.293
702,25.256,25.295
703,25.253,25.298
704,25.246,25.293
705,25.240,25.294
706,25.241,25.284
707,25.242,25.284
708,25.236,25.274
709,25.243,25.282
710,25.250,25.293
711,25.247,25.286
712,25.254,25.288
713,25.261,25.298
714,25.243,25.281
715,25.242,25.286
716,25.228,25.266
717,25.234,25.271
718,25.243,25.285
719,25.247,25.286
720,25.260,25.304
721,25.263,25.304
722,25.263,25.314
723,25.268,25.309
724,25.248,25.283
725,25.238,25.278
726,25.240,25.278
727,25.241,25.276
728,25.251,25.286
729,25.258,25.296
730,25.259,25.303
731,25.248,25.290
732,25.251,25.287
733,25.244,25.280
734,25.228,25.263
735,25.223,25.262
736,25.224,25.263
737,25.237,25.278
738,25.230,25.267
739,25.237,25.282
740,25.247,25.291
741,25.243,25.289
742,25.245,25.289
743,25.221,25.266
744,25.214,25.261
745,25.217,25.263
746,25.221,25.263
747,25.221,25.261
748,25.230,25.278
749,25.244,25.284
750,25.248,25.281
751,25.246,25.287
752,25.251,25.284
753,25.237,25.277
754,25.220,25.257
755,25.236,25.285
756,25.228,25.266
757,25.247,25.285
758,25.245,25.286
759,25.265,25.305
760,25.267,25.309
761,25.267,25.309
762,25.248,25.290
763,25.229,25.265
764,25.228,25.260
765,25.232,25.271
766,25.235,25.271
767,25.237,25.276
768,25.253,25.292
769,25.250,25.285
770,25.245,25.279
771,25.243,25.286
772,25.241,25.275
773,25.229,25.267
774,25.230,25.269
775,25.235,25.278
776,25.227,25.259
777,25.228,25.264
778,25.240,25.274
779,25.242,25.280
780,25.246,25.286
781,25.240,25.284
782,25.245,25.293
783,25.213,25.254
784,25.223,25.259
785,25.210,25.253
786,25.224,25.264
787,25.226,25.264
788,25.234,25.273
789,25.249,25.294
790,25.243,25.282
791,25.237,25.277
792,25.254,25.301
793,25.220,25.268
794,25.240,25.298
795,25.220,25.270
796,25.233,25.291
797,25.231,25.279
798,25.244,25.302
799,25.233,25.283
800,25.232,25.285
801,25.238,25.300
802,25.238,25.293
803,25.208,25.259
804,25.215,25.266
805,25.220,25.279
806,25.210,25.258
807,25.220,25.267
808,25.234,25.291
809,25.233,25.279
810,25.230,25.288
811,25.220,25.270
812,25.209,25.254
813,25.199,25.246
814,25.196,25.238
815,25.198,25.252
816,25.193,25.232
817,25.198,25.245
818,25.206,25.253
819,25.210,25.258
820,25.216,25.268
821,25.226,25.279
822,25.219,25.267
823,25.202,25.254
824,25.207,25.253
825,25.213,25.261
826,25.218,25.261
827,25.226,25.272
828,25.239,25.281
829,25.242,25.296
830,25.239,25.289
831,25.235,25.287
832,25.228,25.274
833,25.236,25.292
834,25.227,25.274
835,25.226,25.271
836,25.236,25.278
837,25.232,25.281
838,25.242,25.291
839,25.256,25.310
840,25.244,25.288
841,25.239,25.283
842,25.240,25.280
843,25.227,25.271
844,25.226,25.277
845,25.232,25.280
846,25.227,25.266
847,25.241,25.283
848,25.247,25.293
849,25.248,25.293
850,25.244,25.285
851,25.246,25.293
852,25.229,25.270
853,25.223,25.266
854,25.235,25.280
855,25.238,25.272
856,25.238,25.280
857,25.250,25.300
858,25.266,25.312
859,25.266,25.309
860,25.247,25.287
861,25.251,25.295
862,25.232,25.268
863,24.908,24.947
864,24.914,24.948
865,24.922,24.957
866,24.922,24.946
867,24.936,24.968
868,24.943,24.976
869,24.939,24.972
870,24.932,24.965
871,24.943,24.979
872,24.935,24.965
873,24.941,24.967
874,24.942,24.974
875,24.940,24.968
876,24.945,24.974
877,24.958,24.997
878,25.265,25.282
879,25.272,25.284
880,25.280,25.301
881,25.261,25.282
882,25.251,25.275
883,25.258,25.281
884,25.253,25.274
885,25.269,25.283
886,25.274,25.293
887,25.280,25.301
888,25.302,25.323
889,25.289,25.305
890,25.311,25.329
891,25.299,25.310
892,25.269,25.286
893,25.271,25.295
894,25.271,25.293
895,25.283,25.302
896,25.298,25.324
897,25.316,25.345
898,25.315,25.338
899,25.336,25.364
900,25.322,25.342
901,25.333,25.355
902,25.303,25.325
903,25.314,25.339
904,25.302,25.324
905,25.294,25.308
906,25.300,25.324
907,25.313,25.336
908,25.324,25.356
909,25.334,25.348
910,25.319,25.338
911,25.314,25.337
912,25.296,25.309
913,25.297,25.322
914,25.283,25.301
915,25.308,25.334
916,25.312,25.333
917,25.335,25.361
918,25.337,25.358
919,25.353,25.383
920,25.343,25.363
921,25.337,25.371
922,25.321,25.347
923,25.312,25.351
924,25.322,25.355
925,25.315,25.341
926,25.336,25.362
927,25.046,25.090
928,25.065,25.105
929,25.072,25.115
930,25.058,25.101
931,25.031,25.070
932,25.025,25.068
933,25.039,25.079
934,25.009,25.050
935,25.019,25.054
936,25.053,25.092
937,25.080,25.118
938,25.097,25.141
939,25.129,25.179
940,25.123,25.172
941,25.120,25.164
942,25.102,25.149
943,25.090,25.131
944,25.095,25.137
945,25.092,25.137
946,25.096,25.138
947,25.103,25.146
948,25.446,25.505
949,25.450,25.507
950,25.453,25.509
951,25.463,25.520
952,25.426,25.492
953,25.430,25.487
954,25.433,25.492
955,25.405,25.451
956,25.431,25.477
957,25.451,25.503
958,25.467,25.522
959,25.476,25.533
960,25.471,25.525
961,25.439,25.495
962,25.399,25.462
963,25.418,25.476
964,25.407,25.466
965,25.413,25.474
966,25.426,25.488
967,25.467,25.521
968,25.484,25.535
969,25.490,25.542
970,25.494,25.547
971,25.499,25.554
972,25.480,25.534
973,25.471,25.524
974,25.505,25.561
975,25.488,25.536
976,25.495,25.546
977,25.565,25.627
978,25.600,25.668
979,25.654,25.725
980,25.637,25.710
981,25.654,25.722
982,25.648,25.713
983,25.312,25.371
984,25.296,25.361
985,25.254,25.313
986,25.189,25.242
987,25.150,25.194
988,25.156,25.210
989,25.183,25.237
990,25.523,25.567
991,25.549,25.609
992,25.516,25.563
993,25.530,25.584
994,25.516,25.560
995,25.535,25.580
996,25.530,25.571
997,25.519,25.559
998,25.540,25.596
999,25.545,25.597
1000,25.570,25.627
1001,25.562,25.620
1002,25.539,25.591
1003,25.524,25.579
1004,25.538,25.591
1005,25.566,25.620
1006,25.570,25.619
1007,25.554,25.593
1008,25.573,25.617
1009,25.566,25.608
1010,25.555,25.602
1011,25.573,25.620
1012,25.557,25.604
1013,25.565,25.613
1014,25.542,25.588
1015,25.512,25.574
1016,25.497,25.564
1017,25.511,25.569
1018,25.515,25.575
1019,25.529,25.589
1020,25.522,25.576
1021,25.535,25.596
1022,25.527,25.593
1023,25.493,25.545
1024,25.518,25.567
1025,25.495,25.547
1026,25.518,25.568
1027,25.518,25.564
1028,25.550,25.609
1029,25.530,25.578
1030,25.521,25.574
1031,25.535,25.596
1032,25.514,25.572
1033,25.491,25.549
1034,25.478,25.537
1035,25.506,25.561
1036,25.477,25.529
1037,25.518,25.568
1038,25.469,25.520
1039,25.511,25.571
1040,25.495,25.558
1041,25.520,25.580
1042,25.497,25.555
1043,25.459,25.519
1044,25.450,25.505
1045,25.439,25.496
1046,25.424,25.479
1047,25.411,25.467
1048,25.415,25.471
1049,25.441,25.494
1050,25.408,25.455
1051,25.409,25.454
1052,25.367,25.411
1053,25.331,25.385
1054,25.321,25.369
1055,25.331,25.376
1056,25.305,25.352
1057,25.312,25.359
1058,25.312,25.369
1059,25.320,25.373
1060,25.293,25.346
1061,25.282,25.318
1062,25.296,25.335
1063,25.277,25.321
1064,25.299,25.347
1065,25.291,25.339
1066,25.307,25.350
1067,25.297,25.341
1068,25.302,25.340
1069,25.293,25.346
1070,25.282,25.337
1071,25.285,25.335
1072,25.293,25.331
1073,25.287,25.325
1074,25.264,25.309
1075,25.271,25.313
1076,25.267,25.308
1077,25.287,25.340
1078,25.274,25.324
1079,25.285,25.336
1080,25.279,25.331
1081,25.293,25.350
1082,25.295,25.348
1083,25.384,25.436
1084,25.411,25.466
1085,25.414,25.467
1086,25.381,25.433
1087,25.365,25.418
1088,25.375,25.433
1089,25.386,25.435
1090,25.379,25.431
1091,25.369,25.421
1092,25.352,25.401
1093,25.332,25.382
1094,25.323,25.366
1095,25.310,25.353
1096,25.328,25.376
1097,25.358,25.406
1098,25.359,25.404
1099,25.372,25.416
1100,25.361,25.404
1101,25.356,25.402
1102,25.352,25.396
1103,25.321,25.360
1104,25.320,25.360
1105,25.306,25.341
1106,25.304,25.346
1107,25.297,25.326
1108,25.324,25.357
1109,25.327,25.363
1110,25.312,25.345
1111,25.317,25.355
1112,25.307,25.340
1113,25.312,25.350
1114,25.289,25.320
1115,25.295,25.326
1116,25.295,25.331
1117,25.299,25.333
1118,25.312,25.339
1119,25.324,25.359
1120,25.317,25.351
1121,25.314,25.347
1122,25.325,25.356
1123,25.316,25.339
1124,25.311,25.342
1125,25.296,25.319
1126,25.296,25.310
1127,25.336,25.355
1128,25.358,25.385
1129,25.365,25.387
1130,25.382,25.403
1131,25.384,25.404
1132,25.375,25.389
1133,25.370,25.393
1134,25.353,25.374
1135,25.355,25.369
1136,25.354,25.367
1137,25.356,25.374
1138,25.369,25.384
1139,25.375,25.400
1140,25.403,25.424
1141,25.391,25.413
1142,25.375,25.399
1143,25.382,25.406
1144,25.360,25.369
1145,25.353,25.366
1146,25.366,25.387
1147,25.362,25.378
1148,25.379,25.384
1149,25.385,25.410
1150,25.384,25.402
1151,25.390,25.405
1152,25.390,25.410
1153,25.401,25.405
1154,25.385,25.398
1155,25.396,25.416
1156,25.402,25.418
1157,25.420,25.435
1158,25.390,25.420
1159,25.407,25.445
1160,25.419,25.453
1161,25.461,25.495
1162,25.471,25.509
1163,25.478,25.513
1164,25.485,25.529
1165,25.475,25.513
1166,25.478,25.517
1167,25.478,25.519
1168,25.512,25.545
1169,25.533,25.568
1170,25.555,25.587
1171,25.564,25.606
1172,25.588,25.635
1173,25.590,25.632
1174,25.597,25.632
1175,25.599,25.647
1176,25.600,25.650
1177,25.613,25.651
1178,25.572,25.617
1179,25.580,25.623
1180,25.592,25.635
1181,25.619,25.656
1182,25.625,25.666
1183,25.629,25.671
1184,25.637,25.680
1185,25.626,25.678
1186,25.616,25.663
1187,25.552,25.596
1188,25.547,25.590
1189,25.536,25.571
1190,25.551,25.589
1191,25.569,25.620
1192,25.564,25.601
1193,25.569,25.609
1194,25.571,25.610
1195,25.550,25.598
1196,25.544,25.586
1197,25.533,25.574
1198,25.516,25.561
1199,25.534,25.583
1200,25.531,25.577
1201,25.541,25.585
1202,25.543,25.593
1203,25.535,25.583
1204,25.545,25.592
1205,25.522,25.571
1206,25.514,25.561
1207,25.511,25.559
1208,25.518,25.560
1209,25.529,25.572
1210,25.523,25.559
1211,25.606,25.637
1212,25.598,25.630
1213,25.548,25.589
1214,25.549,25.591
1215,25.606,25.639
1216,25.591,25.622
1217,25.588,25.615
1218,25.580,25.618
1219,25.587,25.631
1220,25.571,25.603
1221,25.591,25.625
1222,25.590,25.620
1223,25.598,25.628
1224,25.580,25.619
1225,25.563,25.601
1226,25.551,25.578
1227,25.517,25.548
1228,25.528,25.563
1229,25.510,25.536
1230,25.481,25.509
1231,25.475,25.512
1232,25.471,25.506
1233,25.457,25.481
1234,25.426,25.452
1235,25.422,25.454
1236,25.387,25.406
1237,25.383,25.414
1238,25.351,25.372
1239,25.336,25.355
1240,25.331,25.365
1241,25.360,25.381
1242,25.370,25.401
1243,25.385,25.418
1244,25.350,25.379
1245,25.350,25.379
1246,25.320,25.338
1247,25.299,25.320
1248,25.282,25.303
1249,25.283,25.307
1250,25.312,25.341
1251,25.334,25.360
1252,25.341,25.357
1253,25.364,25.386
1254,25.366,25.395
1255,25.362,25.383
1256,25.348,25.368
1257,25.332,25.349
1258,25.317,25.346
1259,25.314,25.334
1260,25.319,25.343
1261,25.335,25.375
1262,25.343,25.370
1263,25.300,25.340
1264,25.319,25.347
1265,25.315,25.351
1266,25.299,25.332
1267,25.283,25.313
1268,25.286,25.327
1269,25.274,25.309
1270,25.274,25.310
1271,25.336,25.373
1272,25.408,25.457
1273,25.407,25.474
1274,25.394,25.454
1275,25.390,25.454
1276,25.386,25.443
1277,25.385,25.440
1278,25.329,25.383
1279,25.339,25.398
1280,25.343,25.405
1281,25.358,25.414
1282,25.381,25.426
1283,25.383,25.427
1284,25.387,25.429
1285,25.388,25.427
1286,25.369,25.413
1287,25.389,25.440
1288,25.361,25.412
1289,25.361,25.412
1290,25.349,25.400
1291,25.356,25.408
1292,25.363,25.405
1293,25.372,25.427
1294,25.389,25.437
1295,25.407,25.450
1296,25.401,25.446
1297,25.389,25.434
1298,25.379,25.424
1299,25.360,25.402
1300,25.361,25.405
1301,25.353,25.397
1302,25.366,25.412
1303,25.366,25.412
1304,25.386,25.428
1305,25.397,25.440
1306,25.360,25.419
1307,25.394,25.452
1308,25.392,25.449
1309,25.390,25.449
1310,25.372,25.433
1311,25.393,25.446
1312,25.411,25.462
1313,25.439,25.491
1314,25.513,25.552
1315,25.532,25.572
1316,25.524,25.569
1317,25.531,25.573
1318,25.561,25.602
1319,25.546,25.595
1320,25.554,25.599
1321,25.581,25.628
1322,25.590,25.637
1323,25.620,25.664
1324,25.309,25.350
1325,25.325,25.372
1326,25.351,25.402
1327,25.372,25.424
1328,25.403,25.455
1329,25.437,25.482
1330,25.448,25.502
1331,25.449,25.498
1332,25.490,25.541
1333,25.501,25.543
1334,25.517,25.564
1335,25.559,25.609
1336,25.589,25.635
1337,25.619,25.668
1338,26.001,26.048
1339,25.997,26.048
1340,25.970,26.016
1341,25.959,26.023
1342,25.968,26.031
1343,25.946,26.019
1344,25.996,26.065
1345,26.006,26.074
1346,26.054,26.126
1347,26.086,26.158
1348,26.109,26.171
1349,26.113,26.178
1350,26.095,26.147
1351,26.051,26.111
1352,25.712,25.768
1353,25.722,25.770
1354,26.103,26.140
1355,26.135,26.181
1356,26.156,26.199
1357,26.174,26.223
1358,26.148,26.194
1359,26.097,26.154
1360,26.096,26.154
1361,26.096,26.162
1362,26.121,26.171
1363,26.085,26.136
1364,26.135,26.198
1365,26.123,26.184
1366,26.146,26.208
1367,26.125,26.191
1368,26.162,26.231
1369,26.189,26.258
1370,26.228,26.295
1371,26.203,26.278
1372,26.217,26.292
1373,26.280,26.322
1374,26.287,26.346
1375,26.317,26.382
1376,26.278,26.326
1377,26.319,26.376
1378,26.340,26.406
1379,26.338,26.415
1380,26.417,26.462
1381,26.389,26.439
1382,26.400,26.453
1383,26.337,26.386
1384,26.343,26.397
1385,26.398,26.438
1386,26.401,26.458
1387,26.468,26.531
1388,26.433,26.495
1389,26.416,26.479
1390,26.397,26.450
1391,26.516,26.593
1392,26.492,26.554
1393,26.468,26.521
1394,26.451,26.511
1395,26.487,26.537
1396,26.441,26.492
1397,26.514,26.567
1398,26.574,26.631
1399,26.541,26.591
1400,26.619,26.686
1401,26.573,26.649
1402,26.579,26.631
1403,26.570,26.623
1404,26.526,26.577
1405,26.556,26.614
1406,26.578,26.633
1407,26.512,26.559
1408,26.516,26.569
1409,26.532,26.573
1410,26.550,26.606
1411,26.586,26.636
1412,26.557,26.581
1413,26.599,26.657
1414,26.649,26.704
1415,26.574,26.607
1416,26.759,26.794
1417,26.674,26.718
1418,26.776,26.814
1419,26.771,26.813
1420,26.752,26.799
1421,26.720,26.775
1422,26.790,26.832
1423,26.781,26.809
1424,26.724,26.748
1425,26.871,26.916
1426,26.852,26.889
1427,26.956,27.006
1428,26.928,26.970
1429,26.944,26.981
1430,26.594,26.635
1431,26.973,27.007
1432,27.124,27.177
1433,26.884,26.934
1434,26.881,26.938
1435,26.975,27.028
1436,26.959,27.011
1437,26.486,26.513
1438,26.988,27.033
1439,26.832,26.884
1440,26.804,26.838
1441,26.868,26.935
1442,26.828,26.891
1443,26.964,27.007
1444,26.934,26.983
1445,26.849,26.874
1446,26.912,26.968
1447,26.883,26.941
1448,26.822,26.854
1449,26.820,26.852
1450,26.835,26.863
1451,26.878,26.923
1452,26.874,26.916
1453,27.243,27.334
1454,26.901,26.956
1455,26.908,26.980
1456,26.890,26.956
1457,26.799,26.878
1458,26.850,26.918
1459,26.831,26.901
1460,26.854,26.931
1461,26.859,26.935
1462,26.920,26.993
1463,26.772,26.840
1464,26.735,26.799
1465,26.737,26.798
1466,26.605,26.652
1467,26.723,26.799
1468,26.809,26.891
1469,26.624,26.681
1470,26.654,26.699
1471,26.575,26.626
1472,26.700,26.772
1473,26.725,26.794
1474,26.719,26.784
1475,26.619,26.676
1476,26.593,26.651
1477,26.474,26.519
1478,26.778,26.866
1479,26.400,26.464
1480,26.456,26.516
1481,26.400,26.461
1482,26.372,26.422
1483,26.281,26.333
1484,26.306,26.361
1485,26.270,26.313
1486,26.263,26.310
1487,26.314,26.365
1488,26.266,26.314
1489,26.221,26.273
1490,26.176,26.236
1491,26.195,26.240
1492,26.171,26.229
1493,26.249,26.294
1494,26.127,26.179
1495,26.104,26.158
1496,26.112,26.156
1497,26.026,26.069
1498,25.979,26.031
1499,26.117,26.166
1500,26.074,26.130
1501,26.310,26.352
1502,26.141,26.193
1503,26.143,26.178
1504,26.095,26.135
1505,26.181,26.230
1506,26.246,26.310
1507,26.253,26.322
1508,26.125,26.188
1509,25.920,25.965
1510,26.003,26.047
1511,26.010,26.058
1512,25.773,25.818
1513,25.859,25.911
1514,25.835,25.907
1515,25.861,25.916
1516,25.527,25.580
1517,26.072,26.152
1518,25.941,26.012
1519,25.902,25.982
1520,25.463,25.524
1521,25.751,25.813
1522,25.746,25.811
1523,25.763,25.841
1524,25.712,25.778
1525,25.624,25.687
1526,25.596,25.664
1527,25.588,25.663
1528,25.625,25.688
1529,25.444,25.503
1530,25.455,25.525
1531,25.440,25.515
1532,25.186,25.250
1533,25.398,25.463
1534,25.444,25.530
1535,25.592,25.678
1536,25.577,25.651
1537,25.529,25.616
1538,25.491,25.577
1539,25.513,25.594
1540,25.543,25.627
1541,25.509,25.594
1542,25.492,25.571
1543,25.468,25.555
1544,25.546,25.630
1545,25.644,25.735
1546,25.561,25.662
1547,25.578,25.682
1548,25.549,25.647
1549,25.619,25.727
1550,25.594,25.696
1551,25.624,25.730
1552,25.653,25.765
1553,25.725,25.857
1554,25.713,25.847
1555,25.619,25.747
1556,25.836,25.977
1557,25.780,25.921
1558,25.671,25.794
1559,26.005,26.122
1560,26.182,26.319
1561,25.970,26.094
1562,26.069,26.206
1563,26.075,26.206
1564,26.119,26.239
1565,26.233,26.393
1566,26.175,26.334
1567,26.321,26.498
1568,26.469,26.645
1569,26.589,26.762
1570,26.597,26.774
1571,26.606,26.785
1572,26.824,27.014
1573,27.002,27.166
1574,27.193,27.391
1575,27.204,27.387
1576,27.260,27.459
1577,27.312,27.525
1578,27.379,27.568
1579,27.352,27.548
1580,27.500,27.693
1581,27.417,27.627
1582,27.324,27.522
1583,27.389,27.581
1584,27.426,27.630
1585,27.384,27.572
1586,27.434,27.631
1587,27.414,27.615
1588,27.505,27.711
1589,27.124,27.300
1590,27.346,27.541
1591,27.386,27.575
1592,27.263,27.443
1593,27.267,27.445
1594,27.354,27.537
1595,26.790,26.943
1596,27.270,27.452
1597,27.284,27.491
1598,27.267,27.448
1599,27.281,27.478
1600,27.289,27.491
1601,27.230,27.407
1602,27.264,27.462
1603,27.247,27.431
1604,27.350,27.539
1605,27.416,27.615
1606,27.285,27.457
1607,27.337,27.532
1608,27.308,27.505
1609,27.289,27.478
1610,27.702,27.918
1611,27.426,27.630
1612,27.556,27.760
1613,27.393,27.584
1614,27.425,27.617
1615,27.135,27.292
1616,27.318,27.490
1617,27.205,27.382
1618,27.320,27.500
1619,27.509,27.709
1620,27.237,27.431
1621,27.129,27.296
1622,27.152,27.326
1623,27.042,27.206
1624,27.177,27.358
1625,27.131,27.321
1626,26.970,27.141
1627,26.926,27.090
1628,26.851,27.009
1629,26.700,26.865
1630,26.769,26.917
1631,27.098,27.257
1632,26.604,26.732
1633,26.619,26.750
1634,26.477,26.608
1635,26.426,26.563
1636,26.409,26.521
1637,26.822,26.948
1638,26.569,26.698
1639,26.404,26.532
1640,26.679,26.819
1641,26.466,26.592
1642,26.517,26.634
1643,26.578,26.713
1644,26.514,26.637
1645,26.453,26.566
1646,26.524,26.630
1647,26.540,26.639
1648,26.671,26.781
1649,26.568,26.679
1650,27.538,27.672
1651,26.768,26.880
1652,26.483,26.582
1653,26.788,26.898
1654,26.412,26.487
1655,26.484,26.592
1656,26.257,26.364
1657,26.307,26.394
1658,26.239,26.328
1659,26.303,26.385
1660,26.321,26.416
1661,26.478,26.557
1662,26.557,26.646
1663,26.256,26.325
1664,26.628,26.726
1665,26.663,26.763
1666,26.484,26.574
1667,26.513,26.608
1668,26.530,26.623
1669,26.530,26.621
1670,26.526,26.613
1671,26.502,26.587
1672,26.799,26.889
1673,26.515,26.613
1674,26.483,26.586
1675,26.451,26.544
1676,26.427,26.518
1677,26.537,26.618
1678,26.536,26.634
1679,26.580,26.676
1680,26.432,26.514
1681,26.479,26.576
1682,26.518,26.614
1683,26.426,26.514
1684,26.319,26.396
1685,26.432,26.533
1686,26.491,26.591
1687,26.343,26.418
1688,26.310,26.385
1689,26.468,26.574
1690,26.448,26.539
1691,26.279,26.353
1692,26.355,26.435
1693,26.314,26.404
1694,26.431,26.509
1695,26.290,26.369
1696,26.209,26.278
1697,26.148,26.222
1698,26.122,26.205
1699,26.291,26.356
1700,26.149,26.210
1701,26.288,26.348
1702,26.499,26.571
1703,25.739,25.778
1704,25.778,25.833
1705,25.790,25.838
1706,25.770,25.812
1707,25.866,25.903
1708,25.871,25.910
1709,25.820,25.869
1710,26.186,26.247
1711,25.802,25.851
1712,25.942,25.999
1713,25.951,26.006
1714,26.422,26.502
1715,26.329,26.400
1716,26.276,26.357
1717,26.342,26.426
1718,26.395,26.476
1719,26.396,26.468
1720,26.590,26.677
1721,26.468,26.524
1722,26.435,26.513
1723,26.440,26.513
1724,26.485,26.545
1725,26.204,26.266
1726,26.461,26.539
1727,26.451,26.541
1728,26.456,26.548
1729,26.495,26.585
1730,26.454,26.533
1731,26.486,26.564
1732,26.540,26.613
1733,26.448,26.533
1734,26.648,26.741
1735,26.686,26.778
1736,26.760,26.857
1737,26.871,26.973
1738,26.795,26.896
1739,26.860,26.951
1740,27.201,27.286
1741,27.190,27.290
1742,27.302,27.417
1743,27.511,27.612
1744,27.477,27.553
1745,27.100,27.210
1746,27.078,27.174
1747,27.021,27.128
1748,27.014,27.098
1749,26.983,27.082
1750,27.085,27.176
1751,27.011,27.123
1752,27.270,27.364
1753,27.047,27.155
1754,27.201,27.318
1755,27.124,27.261
1756,27.198,27.310
1757,27.114,27.221
1758,27.566,27.679
1759,27.611,27.749
1760,27.565,27.689
1761,27.658,27.797
1762,27.623,27.734
1763,27.529,27.644
1764,27.304,27.410
1765,27.257,27.371
1766,27.407,27.525
1767,27.321,27.441
1768,27.692,27.816
1769,27.591,27.727
1770,27.822,27.952
1771,27.755,27.887
1772,27.470,27.588
1773,27.964,28.117
1774,27.967,28.126
1775,27.964,28.117
1776,27.876,28.019
1777,27.453,27.584
1778,27.796,27.944
1779,27.790,27.933
1780,27.766,27.908
1781,27.346,27.474
1782,27.794,27.942
1783,27.822,27.971
1784,27.804,27.970
1785,27.919,28.081
1786,27.927,28.093
1787,27.484,27.619
1788,27.410,27.546
1789,27.413,27.547
1790,27.915,28.078
1791,27.876,28.040
1792,27.809,27.975
1793,27.715,27.883
1794,27.769,27.923
1795,27.266,27.411
1796,27.698,27.862
1797,27.503,27.645
1798,27.501,27.655
1799,27.457,27.604
1800,27.406,27.546
1801,27.482,27.635
1802,27.039,27.165
1803,27.578,27.722
1804,27.525,27.693
1805,27.356,27.493
1806,27.490,27.618
1807,27.482,27.616
1808,27.464,27.587
1809,27.669,27.816
1810,27.471,27.598
1811,27.508,27.644
1812,27.566,27.697
1813,27.621,27.760
1814,27.645,27.793
1815,27.040,27.154
1816,27.491,27.599
1817,27.447,27.564
1818,26.954,27.065
1819,27.482,27.628
1820,27.362,27.497
1821,27.299,27.444
1822,27.230,27.361
1823,27.260,27.383
1824,27.278,27.403
1825,27.313,27.446
1826,27.269,27.403
1827,27.223,27.343
1828,27.209,27.335
1829,27.213,27.345
1830,27.182,27.304
1831,27.185,27.310
1832,27.217,27.326
1833,27.235,27.348
1834,27.236,27.334
1835,26.712,26.797
1836,26.734,26.818
1837,27.208,27.305
1838,27.226,27.318
1839,27.055,27.151
1840,27.074,27.177
