0,14.022,16.707
1,14.027,16.730
2,14.027,16.728
3,14.043,16.755
4,14.031,16.743
5,14.037,16.751
6,14.052,16.771
7,14.041,16.759
8,14.036,16.739
9,14.070,16.786
10,14.064,16.778
11,14.052,16.763
12,14.066,16.779
13,14.062,16.769
14,14.068,16.790
15,14.072,16.800
16,14.078,16.806
17,14.083,16.818
18,14.073,16.809
19,14.076,16.819
20,14.081,16.804
21,14.072,16.807
22,14.081,16.815
23,14.080,16.825
24,14.101,16.848
25,14.082,16.797
26,14.070,16.802
27,14.071,16.805
28,14.086,16.820
29,14.114,16.846
30,14.081,16.814
31,14.089,16.841
32,14.106,16.861
33,14.093,16.830
34,14.104,16.853
35,14.098,16.839
36,14.124,16.879
37,14.089,16.830
38,14.121,16.873
39,14.115,16.866
40,14.128,16.894
41,14.115,16.863
42,14.100,16.846
43,14.128,16.890
44,14.107,16.850
45,14.123,16.873
46,14.131,16.889
47,14.120,16.858
48,14.128,16.884
49,14.119,16.862
50,14.136,16.890
51,14.108,16.844
52,14.105,16.852
53,14.116,16.842
54,14.129,16.887
55,14.129,16.872
56,14.116,16.858
57,14.132,16.887
58,14.137,16.898
59,14.136,16.878
60,14.121,16.866
61,14.116,16.854
62,14.124,16.868
63,14.116,16.858
64,14.127,16.872
65,14.101,16.844
66,14.135,16.873
67,14.139,16.903
68,14.126,16.871
69,14.123,16.860
70,14.126,16.881
71,14.116,16.864
72,14.129,16.879
73,14.124,16.872
74,14.145,16.895
75,14.127,16.862
76,14.153,16.907
77,14.151,16.904
78,14.129,16.864
79,14.129,16.886
80,14.118,16.848
81,14.114,16.857
82,14.117,16.852
83,14.129,16.866
84,14.127,16.871
85,14.116,16.850
86,14.124,16.849
87,14.143,16.891
88,14.111,16.838
89,14.132,16.876
90,14.134,16.881
91,14.128,16.869
92,14.120,16.876
93,14.107,16.841
94,14.141,16.901
95,14.125,16.882
96,14.127,16.886
97,14.125,16.866
98,14.109,16.838
99,14.124,16.871
100,14.108,16.847
101,14.139,16.901
102,14.121,16.865
103,14.127,16.874
104,14.120,16.861
105,14.120,16.868
106,14.119,16.857
107,14.112,16.842
108,14.108,16.840
109,14.115,16.849
110,14.113,16.870
111,14.137,16.872
112,14.125,16.880
113,14.115,16.864
114,14.099,16.830
115,14.104,16.839
116,14.126,16.882
117,14.130,16.866
118,14.107,16.844
119,14.099,16.839
120,14.130,16.877
121,14.112,16.855
122,14.114,16.857
123,14.109,16.837
124,14.121,16.859
125,14.129,16.886
126,14.096,16.837
127,14.109,16.841
128,14.110,16.835
129,14.105,16.839
130,14.088,16.820
131,14.119,16.870
132,14.135,16.889
133,14.118,16.842
134,14.117,16.854
135,14.103,16.843
136,14.122,16.858
137,14.116,16.854
138,14.120,16.872
139,14.116,16.854
140,14.124,16.859
141,14.118,16.867
142,14.126,16.871
143,14.152,16.917
144,14.115,16.847
145,14.117,16.854
146,14.115,16.842
147,14.119,16.848
148,14.101,16.846
149,14.109,16.851
150,14.116,16.851
151,14.124,16.867
152,14.103,16.831
153,14.103,16.832
154,14.115,16.873
155,14.120,16.872
156,14.123,16.859
157,14.126,16.879
158,14.106,16.859
159,14.113,16.850
160,14.113,16.866
161,14.123,16.860
162,14.074,16.802
163,14.118,16.861
164,14.126,16.870
165,14.130,16.873
166,14.110,16.842
167,14.111,16.852
168,14.135,16.883
169,14.092,16.821
170,14.105,16.849
171,14.118,16.851
172,14.104,16.853
173,14.122,16.856
174,14.101,16.841
175,14.108,16.847
176,14.121,16.867
177,14.129,16.869
178,14.135,16.896
179,14.121,16.853
180,14.102,16.841
181,14.108,16.849
182,14.124,16.879
183,14.108,16.840
184,14.124,16.858
185,14.140,16.899
186,14.106,16.841
187,14.101,16.836
188,14.122,16.863
189,14.125,16.863
190,14.123,16.876
191,14.146,16.903
192,14.137,16.891
193,14.117,16.860
194,14.117,16.871
195,14.127,16.906
196,14.102,16.835
197,14.127,16.904
198,14.119,16.865
199,14.121,16.868
200,14.117,16.870
201,14.113,16.856
202,14.115,16.864
203,14.113,16.853
204,14.097,16.840
205,14.117,16.853
206,14.098,16.831
207,14.109,16.840
208,14.148,16.907
209,14.105,16.843
210,14.102,16.840
211,14.087,16.822
212,14.100,16.824
213,14.085,16.814
214,14.115,16.857
215,14.101,16.838
216,14.107,16.853
217,14.103,16.847
218,14.092,16.835
219,14.115,16.866
220,14.090,16.810
221,14.115,16.852
222,14.093,16.841
223,14.105,16.843
224,14.101,16.825
225,14.084,16.816
226,14.098,16.831
227,14.104,16.836
228,14.099,16.832
229,14.088,16.830
230,14.105,16.847
231,14.103,16.831
232,14.081,16.826
233,14.087,16.839
234,14.087,16.810
235,14.087,16.816
236,14.097,16.845
237,14.089,16.813
238,14.092,16.826
239,14.094,16.820
240,14.110,16.845
241,14.116,16.865
242,14.079,16.794
243,14.098,16.846
244,14.072,16.806
245,14.102,16.838
246,14.073,16.803
247,14.098,16.816
248,14.084,16.806
249,14.085,16.799
250,14.086,16.810
251,14.083,16.818
252,14.084,16.799
253,14.091,16.830
254,14.076,16.794
255,14.077,16.783
256,14.081,16.805
257,14.088,16.814
258,14.080,16.800
259,14.064,16.796
260,14.064,16.786
261,14.062,16.793
262,14.072,16.798
263,14.081,16.806
264,14.082,16.815
265,14.079,16.813
266,14.053,16.771
267,14.071,16.804
268,14.056,16.781
269,14.080,16.818
270,14.076,16.798
271,14.055,16.774
272,14.069,16.783
273,14.065,16.779
274,14.081,16.786
275,14.084,16.819
276,14.072,16.799
277,14.066,16.794
278,14.063,16.789
279,14.055,16.761
280,14.058,16.776
281,14.056,16.776
282,14.079,16.803
283,14.077,16.795
284,14.082,16.824
285,14.076,16.802
286,14.063,16.774
287,14.056,16.772
288,14.052,16.757
289,14.047,16.737
290,14.038,16.736
291,14.038,16.736
292,14.059,16.757
293,14.059,16.791
294,14.084,16.803
295,14.061,16.784
296,14.085,16.804
297,14.051,16.767
298,14.065,16.787
299,14.060,16.770
300,14.084,16.808
301,14.058,16.761
302,14.068,16.797
303,14.058,16.759
304,14.056,16.761
305,14.047,16.748
306,14.073,16.796
307,14.048,16.754
308,14.052,16.764
309,14.033,16.758
310,14.042,16.748
311,14.047,16.731
312,14.033,16.738
313,14.058,16.777
314,14.066,16.794
315,14.050,16.760
316,14.033,16.723
317,14.041,16.740
318,14.029,16.713
319,14.034,16.733
320,14.016,16.708
321,14.028,16.725
322,14.055,16.781
323,14.042,16.744
324,14.033,16.730
325,14.024,16.718
326,14.028,16.731
327,14.036,16.738
328,14.025,16.720
329,14.028,16.726
330,14.050,16.744
331,14.012,16.705
332,14.030,16.723
333,14.021,16.710
334,14.017,16.703
335,14.018,16.700
336,14.016,16.711
337,14.014,16.708
338,14.028,16.721
339,14.047,16.777
340,14.040,16.774
341,14.046,16.785
342,14.029,16.748
343,14.049,16.797
344,14.050,16.785
345,14.012,16.736
346,14.033,16.756
347,14.007,16.714
348,14.003,16.716
349,14.013,16.728
350,14.013,16.717
351,13.986,16.699
352,13.975,16.664
353,13.986,16.682
354,13.983,16.680
355,13.953,16.635
356,13.956,16.637
357,13.987,16.670
358,13.979,16.650
359,13.965,16.633
360,13.983,16.665
361,13.981,16.677
362,14.022,16.750
363,13.998,16.706
364,14.014,16.739
365,13.986,16.690
366,14.008,16.736
367,14.008,16.726
368,14.033,16.776
369,14.010,16.745
370,14.021,16.755
371,14.039,16.808
372,14.024,16.793
373,14.038,16.793
374,14.045,16.821
375,14.015,16.771
376,14.047,16.824
377,14.023,16.807
378,14.034,16.800
379,14.043,16.849
380,14.030,16.826
381,14.033,16.847
382,14.022,16.811
383,14.009,16.793
384,14.055,16.886
385,14.026,16.834
386,14.058,16.910
387,14.041,16.867
388,14.048,16.894
389,14.059,16.912
390,14.045,16.899
391,14.051,16.891
392,14.078,16.938
393,14.044,16.904
394,14.057,16.906
395,14.048,16.914
396,14.057,16.940
397,14.067,16.943
398,14.074,16.957
399,14.064,16.907
400,14.021,16.851
401,14.030,16.845
402,14.033,16.867
403,14.035,16.875
404,14.047,16.886
405,14.065,16.924
406,14.058,16.903
407,14.038,16.882
408,14.041,16.891
409,14.034,16.869
410,14.016,16.854
411,14.018,16.847
412,14.013,16.859
413,13.995,16.808
414,14.020,16.855
415,14.002,16.819
416,13.995,16.813
417,13.995,16.815
418,13.984,16.797
419,13.992,16.807
420,13.992,16.805
421,14.010,16.846
422,13.979,16.810
423,13.979,16.767
424,13.957,16.728
425,13.983,16.758
426,14.007,16.789
427,13.991,16.784
428,13.981,16.759
429,13.999,16.784
430,14.029,16.854
431,14.030,16.847
432,14.027,16.849
433,14.044,16.867
434,14.039,16.865
435,14.052,16.875
436,14.037,16.859
437,14.039,16.870
438,14.032,16.844
439,14.031,16.864
440,14.048,16.872
441,14.045,16.833
442,14.005,16.755
443,13.990,16.731
444,14.013,16.778
445,14.006,16.757
446,14.034,16.806
447,14.033,16.807
448,14.022,16.796
449,14.010,16.763
450,14.004,16.741
451,14.002,16.725
452,13.994,16.707
453,13.942,16.631
454,13.958,16.634
455,13.942,16.595
456,13.910,16.540
457,13.928,16.554
458,13.889,16.489
459,13.879,16.466
460,13.885,16.473
461,13.853,16.416
462,13.876,16.462
463,13.864,16.446
464,13.883,16.464
465,13.879,16.458
466,13.880,16.458
467,13.860,16.437
468,13.880,16.475
469,13.883,16.472
470,13.889,16.495
471,13.860,16.437
472,13.860,16.439
473,13.866,16.444
474,13.894,16.520
475,13.873,16.480
476,13.914,16.541
477,13.899,16.513
478,13.884,16.508
479,13.871,16.480
480,13.916,16.548
481,13.875,16.495
482,13.882,16.497
483,13.896,16.523
484,13.879,16.500
485,13.862,16.489
486,13.869,16.490
487,13.849,16.464
488,13.870,16.495
489,13.829,16.419
490,13.847,16.472
491,13.832,16.456
492,13.806,16.399
493,13.817,16.412
494,13.785,16.354
495,13.778,16.351
496,13.736,16.295
497,13.765,16.321
498,13.739,16.294
499,13.753,16.307
500,13.732,16.266
501,13.737,16.285
502,13.737,16.303
503,13.754,16.318
504,13.755,16.332
505,13.741,16.293
506,13.730,16.289
507,13.727,16.282
508,13.732,16.284
509,13.758,16.327
510,13.749,16.298
511,13.770,16.340
512,13.762,16.347
513,13.753,16.339
514,13.775,16.373
515,13.793,16.412
516,13.800,16.411
517,13.811,16.448
518,13.824,16.450
519,13.850,16.516
520,13.825,16.498
521,13.849,16.521
522,13.874,16.566
523,13.867,16.563
524,13.853,16.537
525,13.852,16.545
526,13.887,16.613
527,13.889,16.621
528,13.888,16.607
529,13.884,16.606
530,13.896,16.634
531,13.881,16.634
532,13.866,16.591
533,13.882,16.626
534,13.844,16.569
535,13.820,16.531
536,13.828,16.547
537,13.825,16.545
538,13.787,16.491
539,13.770,16.482
540,13.770,16.491
541,13.738,16.446
542,13.723,16.426
543,13.724,16.420
544,13.703,16.389
545,13.646,16.316
546,13.623,16.279
547,13.616,16.269
548,13.597,16.248
549,13.619,16.281
550,13.620,16.305
551,13.607,16.277
552,13.575,16.235
553,13.597,16.267
554,13.600,16.295
555,13.586,16.265
556,13.602,16.287
557,13.590,16.289
558,13.592,16.285
559,13.594,16.295
560,13.610,16.327
561,13.618,16.339
562,13.609,16.332
563,13.635,16.372
564,13.594,16.293
565,13.573,16.263
566,13.563,16.227
567,13.588,16.284
568,13.606,16.306
569,13.574,16.261
570,13.573,16.249
571,13.559,16.229
572,13.574,16.240
573,13.591,16.275
574,13.593,16.291
575,13.606,16.309
576,13.620,16.326
577,13.629,16.335
578,13.655,16.382
579,13.623,16.324
580,13.617,16.329
581,13.635,16.340
582,13.649,16.362
583,13.652,16.362
584,13.645,16.362
585,13.631,16.321
586,13.626,16.326
587,13.613,16.307
588,13.665,16.391
589,13.651,16.366
590,13.637,16.355
591,13.623,16.313
592,13.634,16.339
593,13.608,16.314
594,13.614,16.300
595,13.613,16.312
596,13.593,16.269
597,13.604,16.277
598,13.593,16.272
599,13.568,16.223
600,13.577,16.242
601,13.566,16.235
602,13.572,16.252
603,13.576,16.237
604,13.552,16.230
605,13.540,16.193
606,13.543,16.198
607,13.532,16.188
608,13.538,16.207
609,13.528,16.179
610,13.534,16.187
611,13.535,16.174
612,13.571,16.246
613,13.558,16.228
614,13.538,16.196
615,13.560,16.223
616,13.558,16.213
617,13.569,16.234
618,13.566,16.228
619,13.569,16.217
620,13.576,16.238
621,13.578,16.237
622,13.570,16.222
623,13.579,16.245
624,13.575,16.215
625,13.602,16.265
626,13.646,16.343
627,13.655,16.344
628,13.702,16.420
629,13.711,16.438
630,13.717,16.439
631,13.728,16.462
632,13.731,16.453
633,13.726,16.444
634,13.696,16.390
635,13.702,16.395
636,13.664,16.369
637,13.659,16.359
638,13.656,16.350
639,13.766,16.517
640,13.767,16.522
641,13.756,16.494
642,13.757,16.550
643,13.757,16.528
644,13.731,16.496
645,13.719,16.482
646,13.734,16.497
647,13.733,16.502
648,13.742,16.510
649,13.715,16.461
650,13.717,16.462
651,13.718,16.467
652,13.691,16.431
653,13.670,16.388
654,13.659,16.384
655,13.649,16.355
656,13.696,16.432
657,13.683,16.420
658,13.702,16.446
659,13.723,16.485
660,13.709,16.458
661,13.721,16.466
662,13.688,16.416
663,13.694,16.406
664,13.670,16.385
665,13.669,16.391
666,13.679,16.400
667,13.670,16.394
668,13.664,16.370
669,13.664,16.375
670,13.645,16.333
671,13.652,16.340
672,13.609,16.279
673,13.629,16.308
674,13.619,16.314
675,13.620,16.316
676,13.582,16.237
677,13.569,16.226
678,13.554,16.219
679,13.557,16.225
680,13.536,16.190
681,13.541,16.221
682,13.525,16.196
683,13.512,16.189
684,13.488,16.152
685,13.522,16.224
686,13.560,16.285
687,13.570,16.305
688,13.559,16.310
689,13.538,16.275
690,13.536,16.287
691,13.549,16.295
692,13.551,16.306
693,13.522,16.258
694,13.528,16.264
695,13.499,16.238
696,13.485,16.221
697,13.561,16.338
698,13.545,16.323
699,13.559,16.356
700,13.560,16.353
701,13.542,16.336
702,13.530,16.311
703,13.550,16.339
704,13.544,16.338
705,13.538,16.335
706,13.539,16.335
707,13.562,16.387
708,13.588,16.408
709,13.571,16.400
710,13.565,16.389
711,13.560,16.375
712,13.583,16.415
713,13.560,16.371
714,13.573,16.397
715,13.567,16.404
716,13.548,16.363
717,13.557,16.386
718,13.545,16.352
719,13.547,16.357
720,13.554,16.374
721,13.558,16.390
722,13.577,16.422
723,13.548,16.346
724,13.548,16.366
725,13.563,16.383
726,13.594,16.422
727,13.553,16.367
728,13.568,16.390
729,13.550,16.364
730,13.563,16.379
731,13.543,16.341
732,13.523,16.315
733,13.505,16.286
734,13.515,16.297
735,13.493,16.270
736,13.507,16.291
737,13.505,16.289
738,13.499,16.276
739,13.498,16.270
740,13.489,16.283
741,13.471,16.228
742,13.514,16.303
743,13.488,16.250
744,13.504,16.282
745,13.516,16.310
746,13.486,16.259
747,13.481,16.232
748,13.478,16.224
749,13.487,16.266
750,13.492,16.262
751,13.497,16.256
752,13.508,16.288
753,13.514,16.264
754,13.483,16.235
755,13.482,16.223
756,13.494,16.243
757,13.484,16.232
758,13.480,16.216
759,13.511,16.267
760,13.503,16.250
761,13.493,16.232
762,13.491,16.234
763,13.507,16.226
764,13.504,16.228
765,13.485,16.190
766,13.476,16.159
767,13.464,16.142
768,13.444,16.086
769,13.440,16.051
770,13.430,16.040
771,13.440,16.040
772,13.410,15.986
773,13.437,16.007
774,13.428,16.020
775,13.424,16.005
776,13.423,16.001
777,13.438,16.048
778,13.468,16.091
779,13.469,16.102
780,13.466,16.106
781,13.433,16.049
782,13.429,16.048
783,13.440,16.066
784,13.418,16.020
785,13.428,16.044
786,13.414,16.016
787,13.429,16.049
788,13.439,16.053
789,13.434,16.052
790,13.444,16.065
791,13.440,16.058
792,13.433,16.053
793,13.439,16.061
794,13.452,16.063
795,13.439,16.067
796,13.444,16.051
797,13.457,16.096
798,13.441,16.070
799,13.453,16.077
800,13.476,16.113
801,13.453,16.071
802,13.457,16.082
803,13.432,16.065
804,13.452,16.079
805,13.451,16.077
806,13.451,16.086
807,13.444,16.069
808,13.457,16.090
809,13.448,16.088
810,13.452,16.075
811,13.454,16.105
812,13.470,16.120
813,13.464,16.096
814,13.462,16.103
815,13.456,16.099
816,13.476,16.130
817,13.449,16.082
818,13.473,16.118
819,13.458,16.097
820,13.465,16.115
821,13.469,16.119
822,13.469,16.103
823,13.469,16.125
824,13.485,16.143
825,13.461,16.093
826,13.495,16.153
827,13.484,16.140
828,13.506,16.170
829,13.506,16.176
830,13.529,16.225
831,13.517,16.188
832,13.523,16.212
833,13.537,16.228
834,13.549,16.247
835,13.528,16.226
836,13.564,16.289
837,13.575,16.304
838,13.563,16.295
839,13.559,16.281
840,13.592,16.357
841,13.567,16.330
842,13.549,16.299
843,13.576,16.321
844,13.595,16.375
845,13.580,16.344
846,13.585,16.363
847,13.528,16.277
848,13.544,16.294
849,13.543,16.282
850,13.542,16.270
851,13.539,16.275
852,13.554,16.296
853,13.576,16.343
854,13.570,16.336
855,13.563,16.295
856,13.589,16.344
857,13.588,16.326
858,13.578,16.321
859,13.615,16.382
860,13.634,16.408
861,13.631,16.371
862,13.604,16.320
863,13.628,16.364
864,13.641,16.390
865,13.663,16.436
866,13.633,16.385
867,13.655,16.415
868,13.649,16.405
869,13.626,16.361
870,13.652,16.415
871,13.655,16.421
872,13.657,16.426
873,13.670,16.437
874,13.661,16.428
875,13.665,16.444
876,13.674,16.456
877,13.700,16.490
878,13.672,16.441
879,13.669,16.432
880,13.687,16.471
881,13.699,16.482
882,13.692,16.473
883,13.694,16.455
884,13.670,16.411
885,13.674,16.391
886,13.675,16.380
887,13.653,16.332
888,13.655,16.335
889,13.654,16.305
890,13.648,16.290
891,13.644,16.253
892,13.638,16.251
893,13.619,16.202
894,13.598,16.173
895,13.598,16.173
896,13.586,16.121
897,13.597,16.153
898,13.590,16.160
899,13.588,16.137
900,13.584,16.150
901,13.603,16.173
902,13.575,16.133
903,13.578,16.130
904,13.557,16.088
905,13.561,16.088
906,13.591,16.158
907,13.614,16.201
908,13.613,16.173
909,13.629,16.201
910,13.611,16.194
911,13.605,16.185
912,13.615,16.178
913,13.620,16.188
914,13.637,16.227
915,13.625,16.197
916,13.612,16.177
917,13.637,16.221
918,13.607,16.172
919,13.617,16.191
920,13.601,16.157
921,13.610,16.185
922,13.617,16.191
923,13.602,16.172
924,13.599,16.180
925,13.604,16.186
926,13.624,16.203
927,13.611,16.187
928,13.628,16.215
929,13.663,16.264
930,13.655,16.250
931,13.665,16.273
932,13.675,16.274
933,13.675,16.289
934,13.648,16.245
935,13.671,16.280
936,13.674,16.288
937,13.674,16.308
938,13.697,16.322
939,13.681,16.294
940,13.709,16.343
941,13.703,16.351
942,13.698,16.333
943,13.695,16.334
944,13.729,16.386
945,13.761,16.438
946,13.748,16.407
947,13.750,16.425
948,13.753,16.430
949,13.764,16.433
950,13.768,16.454
951,13.763,16.452
952,13.774,16.473
953,13.770,16.468
954,13.766,16.456
955,13.801,16.519
956,13.812,16.539
957,13.852,16.612
958,13.865,16.636
959,13.864,16.646
960,13.874,16.656
961,13.893,16.702
962,13.903,16.701
963,13.906,16.741
964,13.931,16.762
965,13.923,16.750
966,13.893,16.691
967,13.905,16.696
968,13.875,16.635
969,13.921,16.755
970,13.919,16.726
971,13.920,16.737
972,13.929,16.770
973,13.935,16.788
974,13.918,16.756
975,13.914,16.737
976,13.916,16.744
977,13.922,16.758
978,13.943,16.775
979,13.923,16.772
980,13.922,16.763
981,13.961,16.831
982,13.971,16.826
983,13.949,16.808
984,13.972,16.834
985,13.971,16.839
986,13.982,16.855
987,13.986,16.859
988,13.968,16.837
989,13.978,16.856
990,13.993,16.871
991,13.953,16.802
992,13.950,16.812
993,13.957,16.827
994,13.948,16.794
995,13.935,16.773
996,13.929,16.779
997,13.923,16.763
998,13.926,16.770
999,13.896,16.717
1000,13.906,16.734
1001,13.898,16.702
1002,13.899,16.712
1003,13.894,16.705
1004,13.890,16.697
1005,13.887,16.694
1006,13.887,16.693
1007,13.865,16.657
1008,13.860,16.638
1009,13.854,16.626
1010,13.848,16.626
1011,13.855,16.631
1012,13.849,16.626
1013,13.858,16.634
1014,13.854,16.622
1015,13.838,16.595
1016,13.846,16.612
1017,13.831,16.589
1018,13.838,16.606
1019,13.857,16.617
1020,13.831,16.602
1021,13.841,16.603
1022,13.819,16.579
1023,13.827,16.599
1024,13.824,16.602
1025,13.853,16.649
1026,13.840,16.660
1027,13.858,16.692
1028,13.862,16.705
1029,13.820,16.651
1030,13.835,16.669
1031,13.828,16.647
1032,13.835,16.661
1033,13.838,16.674
1034,13.831,16.663
1035,13.836,16.690
1036,13.871,16.739
1037,13.865,16.735
1038,13.881,16.786
1039,13.887,16.791
1040,13.900,16.804
1041,13.884,16.784
1042,13.896,16.819
1043,13.909,16.837
1044,13.884,16.815
1045,13.869,16.791
1046,13.914,16.876
1047,13.903,16.844
1048,13.897,16.833
1049,13.889,16.835
1050,13.870,16.790
1051,13.847,16.751
1052,13.839,16.708
1053,13.834,16.724
1054,13.829,16.727
1055,13.828,16.732
1056,13.812,16.702
1057,13.810,16.706
1058,13.769,16.628
1059,13.763,16.635
1060,13.742,16.606
1061,13.699,16.539
1062,13.720,16.571
1063,13.692,16.531
1064,13.667,16.494
1065,13.668,16.489
1066,13.665,16.487
1067,13.638,16.446
1068,13.659,16.482
1069,13.639,16.446
1070,13.627,16.425
1071,13.614,16.412
1072,13.605,16.392
1073,13.582,16.354
1074,13.581,16.344
1075,13.562,16.320
1076,13.565,16.313
1077,13.588,16.358
1078,13.586,16.348
1079,13.573,16.328
1080,13.535,16.273
1081,13.542,16.284
1082,13.539,16.278
1083,13.525,16.245
1084,13.514,16.246
1085,13.511,16.224
1086,13.513,16.227
1087,13.525,16.266
1088,13.514,16.240
1089,13.496,16.211
1090,13.503,16.204
1091,13.516,16.238
1092,13.504,16.222
1093,13.512,16.234
1094,13.523,16.244
1095,13.516,16.231
1096,13.527,16.244
1097,13.488,16.199
1098,13.504,16.226
1099,13.499,16.213
1100,13.494,16.202
1101,13.483,16.174
1102,13.492,16.194
1103,13.497,16.208
1104,13.500,16.221
1105,13.491,16.191
1106,13.528,16.264
1107,13.477,16.186
1108,13.505,16.216
1109,13.489,16.203
1110,13.473,16.149
1111,13.455,16.143
1112,13.462,16.158
1113,13.470,16.165
1114,13.475,16.171
1115,13.490,16.198
1116,13.500,16.204
1117,13.498,16.204
1118,13.487,16.186
1119,13.471,16.169
1120,13.456,16.152
1121,13.430,16.106
1122,13.437,16.115
1123,13.409,16.079
1124,13.409,16.062
1125,13.383,16.036
1126,13.424,16.101
1127,13.399,16.055
1128,13.392,16.032
1129,13.383,16.020
1130,13.391,16.020
1131,13.396,16.011
1132,13.413,16.048
1133,13.406,16.026
1134,13.380,16.007
1135,13.389,16.024
1136,13.365,15.995
1137,13.343,15.966
1138,13.339,15.974
1139,13.317,15.931
1140,13.295,15.899
1141,13.304,15.917
1142,13.281,15.875
1143,13.302,15.919
1144,13.310,15.939
1145,13.301,15.922
1146,13.306,15.931
1147,13.320,15.964
1148,13.317,15.954
1149,13.337,15.970
1150,13.337,15.969
1151,13.322,15.952
1152,13.324,15.959
1153,13.340,15.984
1154,13.340,15.994
1155,13.353,16.003
1156,13.367,16.028
1157,13.393,16.065
1158,13.364,15.999
1159,13.384,16.032
1160,13.387,16.028
1161,13.373,15.996
1162,13.375,15.995
1163,13.360,15.976
1164,13.408,16.045
1165,13.383,16.006
1166,13.401,16.035
1167,13.386,15.997
1168,13.392,16.010
1169,13.406,16.027
1170,13.393,16.005
1171,13.392,16.007
1172,13.388,15.999
1173,13.399,16.030
1174,13.377,15.991
1175,13.390,16.015
1176,13.405,16.033
1177,13.397,16.018
1178,13.390,15.988
1179,13.397,15.981
1180,13.386,15.954
1181,13.391,15.947
1182,13.379,15.938
1183,13.376,15.920
1184,13.368,15.897
1185,13.397,15.951
1186,13.393,15.940
1187,13.394,15.951
1188,13.369,15.918
1189,13.364,15.916
1190,13.360,15.900
1191,13.355,15.883
1192,13.357,15.885
1193,13.328,15.844
1194,13.347,15.863
1195,13.323,15.839
1196,13.340,15.856
1197,13.341,15.852
1198,13.349,15.870
1199,13.353,15.881
1200,13.359,15.882
1201,13.342,15.854
1202,13.328,15.827
1203,13.321,15.835
1204,13.319,15.819
1205,13.322,15.834
1206,13.345,15.859
1207,13.316,15.810
1208,13.344,15.853
1209,13.345,15.848
1210,13.322,15.822
1211,13.328,15.829
1212,13.325,15.836
1213,13.325,15.831
1214,13.324,15.828
1215,13.330,15.839
1216,13.341,15.855
1217,13.335,15.842
1218,13.315,15.826
1219,13.330,15.847
1220,13.365,15.899
1221,13.341,15.868
1222,13.347,15.875
1223,13.356,15.882
1224,13.349,15.884
1225,13.394,15.952
1226,13.381,15.945
1227,13.376,15.938
1228,13.374,15.927
1229,13.384,15.962
1230,13.374,15.936
1231,13.379,15.958
1232,13.395,15.988
1233,13.357,15.914
1234,13.385,15.972
1235,13.366,15.949
1236,13.411,16.009
1237,13.419,16.043
1238,13.401,16.015
1239,13.418,16.029
1240,13.414,16.054
1241,13.409,16.047
1242,13.408,16.056
1243,13.375,15.995
1244,13.372,15.980
1245,13.389,16.004
1246,13.372,15.985
1247,13.390,16.007
1248,13.372,15.985
1249,13.370,15.990
1250,13.367,15.977
1251,13.352,15.967
1252,13.387,16.038
1253,13.382,16.015
1254,13.372,16.012
1255,13.389,16.056
1256,13.398,16.060
1257,13.409,16.068
1258,13.395,16.060
1259,13.402,16.069
1260,13.394,16.065
1261,13.408,16.068
1262,13.398,16.060
1263,13.402,16.054
1264,13.392,16.043
1265,13.387,16.049
1266,13.420,16.087
1267,13.427,16.108
1268,13.404,16.070
1269,13.415,16.070
1270,13.414,16.075
1271,13.403,16.058
1272,13.393,16.050
1273,13.420,16.099
1274,13.444,16.138
1275,13.420,16.105
1276,13.450,16.144
1277,13.412,16.085
1278,13.438,16.128
1279,13.445,16.125
1280,13.455,16.155
1281,13.481,16.197
1282,13.450,16.140
1283,13.486,16.204
1284,13.502,16.221
1285,13.488,16.195
1286,13.501,16.206
1287,13.516,16.233
1288,13.505,16.221
1289,13.475,16.180
1290,13.503,16.216
1291,13.519,16.253
1292,13.522,16.240
1293,13.520,16.245
1294,13.524,16.262
1295,13.524,16.271
1296,13.564,16.323
1297,13.563,16.318
1298,13.571,16.330
1299,13.572,16.320
1300,13.522,16.224
1301,13.560,16.292
1302,13.568,16.324
1303,13.648,16.445
1304,13.647,16.459
1305,13.663,16.493
1306,13.650,16.468
1307,13.648,16.464
1308,13.661,16.466
1309,13.645,16.438
1310,13.654,16.441
1311,13.674,16.454
1312,13.655,16.395
1313,13.634,16.363
1314,13.627,16.317
1315,13.616,16.279
1316,13.571,16.229
1317,13.555,16.170
1318,13.518,16.104
1319,13.509,16.103
1320,13.538,16.085
1321,13.557,16.126
1322,13.558,16.125
1323,13.594,16.221
1324,13.619,16.259
1325,13.657,16.321
1326,13.668,16.369
1327,13.675,16.367
1328,13.699,16.399
1329,13.690,16.382
1330,13.676,16.340
1331,13.675,16.345
1332,13.676,16.359
1333,13.635,16.302
1334,13.644,16.307
1335,13.630,16.289
1336,13.649,16.315
1337,13.648,16.315
1338,13.627,16.300
1339,13.622,16.290
1340,13.644,16.316
1341,13.656,16.329
1342,13.669,16.356
1343,13.683,16.402
1344,13.695,16.402
1345,13.721,16.441
1346,13.734,16.464
1347,13.747,16.489
1348,13.765,16.498
1349,13.752,16.490
1350,13.789,16.541
1351,13.777,16.538
1352,13.779,16.532
1353,13.782,16.548
1354,13.776,16.532
1355,13.794,16.557
1356,13.780,16.528
1357,13.752,16.499
1358,13.775,16.519
1359,13.760,16.503
1360,13.754,16.483
1361,13.769,16.518
1362,13.779,16.538
1363,13.807,16.577
1364,13.791,16.565
1365,13.830,16.630
1366,13.807,16.594
1367,13.831,16.635
1368,13.824,16.632
1369,13.823,16.644
1370,13.840,16.668
1371,13.861,16.708
1372,13.859,16.702
1373,13.847,16.702
1374,13.865,16.734
1375,13.864,16.731
1376,13.864,16.739
1377,13.846,16.719
1378,13.875,16.755
1379,13.881,16.785
1380,13.865,16.769
1381,13.860,16.757
1382,13.853,16.763
1383,13.852,16.746
1384,13.855,16.764
1385,13.850,16.747
1386,13.839,16.738
1387,13.885,16.820
1388,13.865,16.783
1389,13.872,16.818
1390,13.874,16.810
1391,13.904,16.886
1392,13.920,16.891
1393,13.904,16.872
1394,13.920,16.908
1395,13.909,16.882
1396,13.919,16.917
1397,13.906,16.892
1398,13.911,16.912
1399,13.896,16.898
1400,13.905,16.908
1401,13.938,16.966
1402,13.912,16.911
1403,13.897,16.906
1404,13.913,16.916
1405,13.881,16.852
1406,13.904,16.895
1407,13.901,16.882
1408,13.905,16.907
1409,13.901,16.898
1410,13.916,16.916
1411,13.898,16.893
1412,13.916,16.932
1413,13.912,16.919
1414,13.921,16.920
1415,13.899,16.901
1416,13.896,16.891
1417,13.888,16.885
1418,13.895,16.886
1419,13.912,16.899
1420,13.879,16.840
1421,13.863,16.811
1422,13.888,16.878
1423,13.848,16.794
1424,13.847,16.810
1425,13.862,16.838
1426,13.857,16.815
1427,13.844,16.800
1428,13.850,16.801
1429,13.876,16.857
1430,13.877,16.861
1431,13.870,16.837
1432,13.873,16.839
1433,13.833,16.770
1434,13.822,16.752
1435,13.787,16.676
1436,13.796,16.704
1437,13.783,16.687
1438,13.817,16.739
1439,13.809,16.748
1440,13.807,16.752
1441,13.832,16.780
1442,13.853,16.823
1443,13.882,16.858
1444,13.882,16.869
1445,13.910,16.909
1446,13.900,16.914
1447,13.892,16.890
1448,13.878,16.856
1449,13.902,16.901
1450,13.885,16.876
1451,13.861,16.835
1452,13.851,16.822
1453,13.837,16.798
1454,13.815,16.776
1455,13.805,16.743
1456,13.751,16.657
1457,13.728,16.604
1458,13.721,16.592
1459,13.726,16.618
1460,13.758,16.661
1461,13.742,16.648
1462,13.751,16.656
1463,13.743,16.651
1464,13.743,16.651
1465,13.787,16.727
1466,13.800,16.766
1467,13.812,16.775
1468,13.801,16.749
1469,13.787,16.731
1470,13.783,16.708
1471,13.776,16.690
1472,13.771,16.682
1473,13.744,16.652
1474,13.789,16.700
1475,13.834,16.792
1476,13.844,16.819
1477,13.847,16.811
1478,13.853,16.804
1479,13.828,16.775
1480,13.839,16.791
1481,13.825,16.774
1482,13.840,16.774
1483,13.844,16.786
1484,13.836,16.770
1485,13.833,16.757
1486,13.834,16.725
1487,13.825,16.718
1488,13.845,16.746
1489,13.812,16.684
1490,13.804,16.668
1491,13.838,16.764
1492,13.820,16.720
1493,13.801,16.699
1494,13.826,16.756
1495,13.810,16.729
1496,13.808,16.717
1497,13.826,16.749
1498,13.805,16.707
1499,13.808,16.705
1500,13.799,16.686
1501,13.819,16.737
1502,13.803,16.709
1503,13.795,16.676
1504,13.821,16.734
1505,13.791,16.686
1506,13.771,16.644
1507,13.781,16.660
1508,13.782,16.659
1509,13.766,16.640
1510,13.769,16.645
1511,13.739,16.599
1512,13.731,16.602
1513,13.738,16.594
1514,13.719,16.565
1515,13.710,16.539
1516,13.689,16.502
1517,13.695,16.517
1518,13.679,16.475
1519,13.688,16.495
1520,13.669,16.474
1521,13.673,16.465
1522,13.684,16.485
1523,13.670,16.467
1524,13.669,16.460
1525,13.684,16.487
1526,13.671,16.474
1527,13.672,16.463
1528,13.676,16.479
1529,13.679,16.485
1530,13.674,16.467
1531,13.677,16.455
1532,13.649,16.427
1533,13.645,16.417
1534,13.673,16.471
1535,13.646,16.437
1536,13.667,16.472
1537,13.677,16.480
1538,13.666,16.455
1539,13.670,16.473
1540,13.686,16.499
1541,13.667,16.474
1542,13.689,16.509
1543,13.686,16.520
1544,13.694,16.532
1545,13.687,16.510
1546,13.685,16.504
1547,13.667,16.479
1548,13.673,16.468
1549,13.696,16.544
1550,13.690,16.513
1551,13.672,16.490
1552,13.672,16.496
1553,13.645,16.461
1554,13.650,16.472
1555,13.657,16.485
1556,13.656,16.473
1557,13.635,16.455
1558,13.647,16.462
1559,13.645,16.459
1560,13.645,16.450
1561,13.637,16.461
1562,13.641,16.458
1563,13.650,16.465
1564,13.617,16.428
1565,13.642,16.465
1566,13.618,16.396
1567,13.602,16.357
1568,13.576,16.302
1569,13.600,16.361
1570,13.594,16.368
1571,13.611,16.374
1572,13.593,16.353
1573,13.575,16.331
1574,13.570,16.310
1575,13.559,16.280
1576,13.563,16.298
1577,13.603,16.363
1578,13.585,16.339
1579,13.575,16.317
1580,13.588,16.346
1581,13.575,16.305
1582,13.573,16.307
1583,13.579,16.323
1584,13.574,16.317
1585,13.572,16.308
1586,13.561,16.288
1587,13.544,16.265
1588,13.547,16.276
1589,13.531,16.250
1590,13.526,16.235
1591,13.517,16.229
1592,13.515,16.221
1593,13.499,16.200
1594,13.496,16.179
1595,13.482,16.159
1596,13.501,16.207
1597,13.496,16.204
1598,13.496,16.190
1599,13.512,16.234
1600,13.475,16.163
1601,13.509,16.207
1602,13.503,16.200
1603,13.511,16.199
1604,13.490,16.169
1605,13.491,16.169
1606,13.482,16.148
1607,13.485,16.156
1608,13.474,16.122
1609,13.492,16.139
1610,13.483,16.129
1611,13.513,16.174
1612,13.486,16.125
1613,13.477,16.111
1614,13.487,16.130
1615,13.487,16.119
1616,13.482,16.101
1617,13.457,16.048
1618,13.467,16.073
1619,13.430,16.008
1620,13.435,16.003
1621,13.452,16.025
1622,13.448,16.008
1623,13.451,16.029
1624,13.475,16.082
1625,13.450,16.035
1626,13.402,15.981
1627,13.442,16.027
1628,13.424,15.985
1629,13.444,16.012
1630,13.440,16.003
1631,13.447,16.019
1632,13.417,15.970
1633,13.427,15.984
1634,13.402,15.952
1635,13.436,16.000
1636,13.452,16.031
1637,13.448,16.016
1638,13.460,16.037
1639,13.467,16.044
1640,13.482,16.074
1641,13.496,16.099
1642,13.506,16.117
1643,13.514,16.135
1644,13.516,16.139
1645,13.518,16.146
1646,13.566,16.208
1647,13.551,16.204
1648,13.572,16.220
1649,13.585,16.232
1650,13.581,16.238
1651,13.604,16.275
1652,13.595,16.257
1653,13.632,16.299
1654,13.618,16.299
1655,13.654,16.361
1656,13.682,16.401
1657,13.632,16.313
1658,13.635,16.317
1659,13.619,16.292
1660,13.594,16.251
1661,13.560,16.187
1662,13.561,16.217
1663,13.561,16.211
1664,13.554,16.186
1665,13.547,16.179
1666,13.524,16.158
1667,13.549,16.197
1668,13.521,16.148
1669,13.516,16.135
1670,13.486,16.089
1671,13.487,16.097
1672,13.426,15.993
1673,13.413,15.975
1674,13.376,15.924
1675,13.386,15.940
1676,13.398,15.956
1677,13.395,15.958
1678,13.412,15.979
1679,13.416,16.003
1680,13.456,16.061
1681,13.437,16.024
1682,13.450,16.051
1683,13.474,16.111
1684,13.461,16.089
1685,13.454,16.097
1686,13.445,16.078
1687,13.455,16.086
1688,13.461,16.091
1689,13.425,16.035
1690,13.455,16.084
1691,13.432,16.055
1692,13.431,16.047
1693,13.426,16.054
1694,13.450,16.090
1695,13.436,16.084
1696,13.435,16.065
1697,13.436,16.071
1698,13.409,16.021
1699,13.390,15.990
1700,13.384,15.986
1701,13.371,15.964
1702,13.392,15.993
1703,13.386,15.978
1704,13.361,15.952
1705,13.361,15.941
1706,13.352,15.925
1707,13.367,15.964
1708,13.362,15.959
1709,13.356,15.946
1710,13.358,15.967
1711,13.346,15.932
1712,13.344,15.923
1713,13.337,15.928
1714,13.346,15.931
1715,13.346,15.938
1716,13.373,15.990
1717,13.345,15.946
1718,13.364,15.978
1719,13.380,16.006
1720,13.394,16.028
1721,13.397,16.028
1722,13.425,16.073
1723,13.412,16.047
1724,13.421,16.062
1725,13.440,16.099
1726,13.407,16.043
1727,13.442,16.097
1728,13.444,16.094
1729,13.450,16.108
1730,13.456,16.124
1731,13.447,16.133
1732,13.468,16.161
1733,13.478,16.186
1734,13.453,16.162
1735,13.463,16.177
1736,13.479,16.193
1737,13.497,16.240
1738,13.459,16.174
1739,13.494,16.233
1740,13.483,16.221
1741,13.473,16.210
1742,13.498,16.245
1743,13.458,16.193
1744,13.437,16.163
1745,13.432,16.170
1746,13.432,16.153
1747,13.427,16.163
1748,13.431,16.150
1749,13.449,16.185
1750,13.432,16.153
1751,13.425,16.141
1752,13.419,16.143
1753,13.426,16.158
1754,13.402,16.137
1755,13.404,16.139
1756,13.417,16.151
1757,13.441,16.185
1758,13.429,16.171
1759,13.429,16.173
1760,13.418,16.168
1761,13.423,16.170
1762,13.400,16.157
1763,13.390,16.125
1764,13.373,16.098
1765,13.407,16.151
1766,13.395,16.116
1767,13.392,16.102
1768,13.363,16.075
1769,13.403,16.133
1770,13.403,16.119
1771,13.393,16.095
1772,13.410,16.118
1773,13.407,16.127
1774,13.412,16.128
1775,13.422,16.171
1776,13.431,16.185
1777,13.414,16.144
1778,13.410,16.130
1779,13.418,16.138
1780,13.403,16.103
1781,13.437,16.169
1782,13.391,16.085
1783,13.397,16.103
1784,13.394,16.116
1785,13.394,16.118
1786,13.404,16.139
1787,13.388,16.110
1788,13.375,16.081
1789,13.356,16.048
1790,13.362,16.048
1791,13.348,16.035
1792,13.356,16.056
1793,13.327,15.993
1794,13.324,15.988
1795,13.325,15.980
1796,13.339,16.006
1797,13.346,16.020
1798,13.339,15.985
1799,13.350,16.002
1800,13.332,15.977
1801,13.328,15.960
1802,13.343,15.978
1803,13.323,15.934
1804,13.329,15.935
1805,13.338,15.934
1806,13.325,15.900
1807,13.327,15.913
1808,13.307,15.857
1809,13.310,15.877
1810,13.326,15.901
1811,13.332,15.905
1812,13.326,15.881
1813,13.344,15.895
1814,13.332,15.883
1815,13.330,15.889
1816,13.343,15.904
1817,13.365,15.941
1818,13.360,15.958
1819,13.371,15.981
1820,13.373,15.979
1821,13.395,16.007
1822,13.397,16.013
1823,13.421,16.045
1824,13.397,16.007
1825,13.411,16.033
1826,13.403,16.030
1827,13.418,16.046
1828,13.419,16.035
1829,13.414,16.053
1830,13.387,16.014
1831,13.417,16.064
1832,13.392,16.011
1833,13.403,16.042
1834,13.415,16.046
1835,13.418,16.053
1836,13.406,16.033
1837,13.428,16.060
1838,13.440,16.093
1839,13.406,16.034
1840,13.462,16.105
