0,23.859,24.412
1,23.862,24.414
2,23.864,24.416
3,23.842,24.402
4,23.819,24.375
5,23.827,24.382
6,23.798,24.348
7,23.754,24.317
8,23.788,24.337
9,23.792,24.339
10,23.788,24.328
11,23.804,24.347
12,23.825,24.373
13,23.828,24.376
14,23.841,24.389
15,23.875,24.422
16,23.841,24.380
17,23.884,24.433
18,23.898,24.440
19,23.889,24.436
20,23.893,24.438
21,23.895,24.441
22,23.905,24.447
23,23.895,24.436
24,23.944,24.494
25,23.906,24.436
26,23.906,24.434
27,23.888,24.421
28,23.867,24.406
29,23.909,24.437
30,23.894,24.418
31,23.982,24.543
32,23.937,24.473
33,23.941,24.492
34,23.927,24.465
35,23.886,24.414
36,23.900,24.430
37,23.900,24.442
38,23.883,24.426
39,23.893,24.426
40,23.881,24.404
41,23.920,24.456
42,23.957,24.500
43,23.973,24.512
44,24.001,24.552
45,24.036,24.597
46,24.020,24.554
47,24.009,24.554
48,24.102,24.654
49,24.017,24.543
50,24.054,24.589
51,24.013,24.558
52,24.017,24.554
53,24.036,24.584
54,23.990,24.534
55,24.023,24.555
56,24.034,24.570
57,24.002,24.536
58,23.993,24.521
59,24.005,24.543
60,23.975,24.490
61,23.951,24.471
62,24.014,24.566
63,23.952,24.480
64,23.982,24.522
65,23.953,24.478
66,23.967,24.508
67,23.926,24.451
68,23.983,24.527
69,23.955,24.493
70,23.927,24.458
71,23.957,24.492
72,23.935,24.471
73,23.901,24.433
74,23.920,24.448
75,23.969,24.516
76,23.948,24.493
77,24.001,24.545
78,23.976,24.514
79,23.932,24.474
80,23.982,24.533
81,23.956,24.496
82,23.967,24.513
83,23.955,24.494
84,23.952,24.503
85,23.958,24.497
86,24.016,24.585
87,23.993,24.555
88,24.067,24.653
89,24.020,24.583
90,24.096,24.676
91,24.059,24.625
92,24.113,24.689
93,24.012,24.580
94,24.000,24.565
95,24.079,24.647
96,24.009,24.579
97,24.051,24.631
98,24.028,24.600
99,23.989,24.565
100,23.950,24.504
101,23.955,24.513
102,23.913,24.462
103,23.925,24.485
104,23.897,24.467
105,23.812,24.353
106,23.828,24.381
107,23.842,24.402
108,23.822,24.380
109,23.779,24.330
110,23.771,24.314
111,23.743,24.272
112,23.727,24.245
113,23.725,24.273
114,23.731,24.269
115,23.788,24.346
116,23.775,24.326
117,23.720,24.268
118,23.695,24.236
119,23.685,24.231
120,23.662,24.203
121,23.704,24.250
122,23.774,24.315
123,23.862,24.418
124,23.817,24.369
125,23.847,24.394
126,23.825,24.360
127,23.809,24.346
128,23.784,24.319
129,23.739,24.259
130,23.765,24.291
131,23.692,24.205
132,23.680,24.182
133,23.632,24.141
134,23.655,24.158
135,23.608,24.110
136,23.633,24.117
137,23.620,24.111
138,23.580,24.064
139,23.604,24.084
140,23.674,24.163
141,23.712,24.203
142,23.688,24.155
143,23.766,24.230
144,23.782,24.246
145,23.753,24.231
146,23.751,24.238
147,23.758,24.235
148,23.767,24.241
149,23.743,24.202
150,23.755,24.232
151,23.763,24.246
152,23.785,24.263
153,23.752,24.216
154,23.706,24.177
155,23.663,24.160
156,23.684,24.180
157,23.721,24.214
158,23.732,24.241
159,23.694,24.202
160,23.661,24.158
161,23.652,24.158
162,23.634,24.127
163,23.652,24.149
164,23.595,24.091
165,23.630,24.131
166,23.613,24.105
167,23.646,24.144
168,23.615,24.120
169,23.637,24.141
170,23.638,24.144
171,23.650,24.169
172,23.621,24.137
173,23.643,24.158
174,23.636,24.162
175,23.643,24.169
176,23.599,24.111
177,23.660,24.186
178,23.608,24.134
179,23.617,24.154
180,23.596,24.113
181,23.577,24.099
182,23.552,24.071
183,23.587,24.115
184,23.613,24.153
185,23.618,24.151
186,23.630,24.172
187,23.591,24.126
188,23.598,24.123
189,23.623,24.145
190,23.679,24.205
191,23.685,24.222
192,23.685,24.217
193,23.703,24.239
194,23.736,24.278
195,23.735,24.275
196,23.765,24.309
197,23.725,24.256
198,23.756,24.291
199,23.784,24.334
200,23.808,24.354
201,23.843,24.396
202,23.839,24.390
203,23.825,24.367
204,23.887,24.444
205,23.881,24.439
206,23.875,24.435
207,23.908,24.476
208,23.901,24.457
209,23.858,24.420
210,23.917,24.481
211,23.910,24.463
212,23.894,24.442
213,23.896,24.451
214,23.915,24.471
215,23.885,24.428
216,23.887,24.433
217,23.929,24.489
218,23.899,24.448
219,23.907,24.453
220,23.872,24.410
221,23.901,24.444
222,23.921,24.462
223,23.867,24.408
224,23.957,24.525
225,23.904,24.455
226,23.831,24.362
227,23.941,24.494
228,23.931,24.491
229,23.880,24.425
230,23.879,24.427
231,23.911,24.479
232,23.907,24.468
233,23.862,24.393
234,23.878,24.432
235,23.927,24.485
236,23.850,24.385
237,23.873,24.419
238,23.834,24.357
239,23.881,24.415
240,23.851,24.377
241,23.878,24.413
242,23.842,24.356
243,23.832,24.353
244,23.839,24.358
245,23.814,24.333
246,23.828,24.360
247,23.832,24.364
248,23.826,24.347
249,23.840,24.363
250,23.830,24.351
251,23.830,24.363
252,23.868,24.403
253,23.837,24.360
254,23.832,24.357
255,23.838,24.356
256,23.856,24.382
257,23.852,24.382
258,23.872,24.405
259,23.845,24.366
260,23.848,24.372
261,23.860,24.390
262,23.848,24.373
263,23.847,24.378
264,23.874,24.409
265,23.869,24.406
266,23.866,24.389
267,23.868,24.397
268,23.855,24.388
269,23.890,24.420
270,23.852,24.375
271,23.864,24.388
272,23.863,24.381
273,23.866,24.382
274,23.860,24.389
275,23.859,24.378
276,23.865,24.394
277,23.851,24.370
278,23.862,24.398
279,23.878,24.416
280,23.856,24.384
281,23.848,24.384
282,23.867,24.402
283,23.866,24.402
284,23.854,24.387
285,23.845,24.378
286,23.855,24.389
287,23.882,24.417
288,23.845,24.372
289,23.850,24.379
290,23.873,24.404
291,23.854,24.375
292,23.861,24.380
293,23.848,24.361
294,23.852,24.368
295,23.829,24.346
296,23.844,24.355
297,23.843,24.355
298,23.842,24.360
299,23.845,24.372
300,23.845,24.361
301,23.854,24.364
302,23.877,24.394
303,23.911,24.434
304,23.915,24.440
305,23.937,24.464
306,23.955,24.475
307,23.940,24.461
308,23.942,24.472
309,23.949,24.477
310,23.954,24.471
311,23.974,24.494
312,23.973,24.508
313,23.975,24.509
314,23.970,24.504
315,23.948,24.492
316,23.938,24.469
317,23.947,24.481
318,23.911,24.441
319,23.917,24.446
320,23.907,24.440
321,23.925,24.451
322,23.931,24.450
323,23.898,24.422
324,23.895,24.413
325,23.876,24.386
326,23.873,24.397
327,23.867,24.380
328,23.863,24.382
329,23.878,24.406
330,23.879,24.396
331,23.889,24.408
332,23.880,24.403
333,23.889,24.401
334,23.880,24.395
335,23.913,24.432
336,23.909,24.424
337,23.903,24.426
338,23.895,24.420
339,23.915,24.443
340,23.911,24.440
341,23.907,24.438
342,23.873,24.387
343,23.904,24.420
344,23.893,24.407
345,23.893,24.395
346,23.902,24.403
347,23.872,24.378
348,23.869,24.380
349,23.885,24.403
350,23.867,24.387
351,23.869,24.387
352,23.860,24.374
353,23.867,24.375
354,23.862,24.375
355,23.874,24.386
356,23.852,24.364
357,23.837,24.350
358,23.850,24.362
359,23.862,24.373
360,23.879,24.386
361,23.888,24.400
362,23.887,24.385
363,23.882,24.383
364,23.886,24.399
365,23.872,24.382
366,23.891,24.400
367,23.882,24.396
368,23.874,24.389
369,23.874,24.376
370,23.888,24.395
371,23.897,24.415
372,23.918,24.427
373,23.907,24.423
374,23.917,24.428
375,23.907,24.416
376,23.912,24.422
377,23.911,24.432
378,23.887,24.401
379,23.892,24.415
380,23.887,24.399
381,23.898,24.402
382,23.891,24.401
383,23.877,24.388
384,23.841,24.346
385,23.830,24.333
386,23.821,24.320
387,23.820,24.328
388,23.800,24.297
389,23.788,24.278
390,23.795,24.284
391,23.787,24.283
392,23.771,24.260
393,23.781,24.271
394,23.779,24.271
395,23.828,24.343
396,23.824,24.338
397,23.831,24.346
398,23.822,24.339
399,23.813,24.319
400,23.805,24.320
401,23.829,24.339
402,23.797,24.315
403,23.800,24.306
404,23.804,24.312
405,23.796,24.302
406,23.793,24.290
407,23.791,24.280
408,23.768,24.264
409,23.769,24.263
410,23.781,24.282
411,23.786,24.283
412,23.775,24.270
413,23.763,24.243
414,23.752,24.244
415,23.761,24.256
416,23.798,24.284
417,23.821,24.319
418,23.836,24.342
419,23.841,24.335
420,23.856,24.362
421,23.882,24.387
422,23.889,24.396
423,23.870,24.380
424,23.878,24.387
425,23.877,24.381
426,23.865,24.376
427,23.891,24.401
428,23.890,24.410
429,23.884,24.384
430,23.884,24.393
431,23.873,24.396
432,23.898,24.420
433,23.914,24.439
434,23.891,24.420
435,23.893,24.419
436,23.891,24.414
437,23.928,24.462
438,23.923,24.450
439,23.923,24.449
440,23.943,24.472
441,23.979,24.523
442,23.968,24.517
443,23.944,24.480
444,23.940,24.475
445,23.939,24.469
446,23.952,24.495
447,23.967,24.510
448,23.914,24.435
449,23.948,24.483
450,23.911,24.446
451,23.966,24.509
452,23.951,24.487
453,23.954,24.494
454,23.942,24.477
455,23.907,24.429
456,23.941,24.470
457,23.954,24.473
458,23.958,24.481
459,24.001,24.542
460,24.033,24.567
461,24.041,24.571
462,24.079,24.620
463,24.065,24.594
464,24.085,24.627
465,24.085,24.620
466,24.091,24.624
467,24.124,24.669
468,24.129,24.674
469,24.167,24.718
470,24.146,24.702
471,24.234,24.797
472,24.181,24.738
473,24.183,24.742
474,24.133,24.679
475,24.138,24.685
476,24.144,24.698
477,24.156,24.708
478,24.142,24.701
479,24.119,24.668
480,24.132,24.689
481,24.143,24.706
482,24.131,24.687
483,24.155,24.717
484,24.113,24.678
485,24.132,24.688
486,24.138,24.694
487,24.094,24.652
488,24.116,24.678
489,24.134,24.694
490,24.124,24.688
491,24.132,24.700
492,24.150,24.730
493,24.198,24.767
494,24.193,24.777
495,24.226,24.801
496,24.218,24.803
497,24.271,24.869
498,24.249,24.852
499,24.206,24.794
500,24.258,24.856
501,24.220,24.814
502,24.300,24.911
503,24.407,25.030
504,24.435,25.054
505,24.444,25.070
506,24.541,25.177
507,24.466,25.090
508,24.532,25.169
509,24.490,25.116
510,24.481,25.122
511,24.505,25.145
512,24.511,25.163
513,24.538,25.199
514,24.505,25.149
515,24.527,25.175
516,24.541,25.198
517,24.547,25.195
518,24.524,25.189
519,24.501,25.169
520,24.546,25.223
521,24.506,25.190
522,24.551,25.231
523,24.590,25.265
524,24.531,25.208
525,24.521,25.194
526,24.521,25.198
527,24.521,25.198
528,24.564,25.236
529,24.571,25.245
530,24.580,25.253
531,24.591,25.265
532,24.635,25.325
533,24.629,25.337
534,24.612,25.326
535,24.579,25.299
536,24.497,25.200
537,24.491,25.193
538,24.452,25.143
539,24.419,25.102
540,24.398,25.077
541,24.378,25.048
542,24.305,24.971
543,24.347,24.993
544,24.295,24.945
545,24.255,24.902
546,24.260,24.900
547,24.229,24.878
548,24.232,24.870
549,24.187,24.819
550,24.191,24.820
551,24.205,24.836
552,24.232,24.883
553,24.240,24.868
554,24.132,24.731
555,24.192,24.802
556,24.219,24.821
557,24.169,24.757
558,24.279,24.883
559,24.279,24.884
560,24.197,24.788
561,24.205,24.803
562,24.231,24.831
563,24.216,24.798
564,24.218,24.796
565,24.231,24.831
566,24.151,24.738
567,24.244,24.842
568,24.329,24.942
569,24.369,24.963
570,24.350,24.946
571,24.312,24.909
572,24.305,24.893
573,24.422,25.027
574,24.392,24.983
575,24.439,25.035
576,24.488,25.094
577,24.552,25.164
578,24.538,25.143
579,24.575,25.192
580,24.636,25.253
581,24.657,25.287
582,24.643,25.274
583,24.708,25.346
584,24.702,25.357
585,24.737,25.398
586,24.701,25.347
587,24.756,25.402
588,24.783,25.450
589,24.728,25.395
590,24.770,25.430
591,24.829,25.498
592,24.851,25.533
593,24.912,25.609
594,24.957,25.657
595,25.006,25.711
596,24.984,25.689
597,24.970,25.666
598,24.980,25.677
599,25.000,25.682
600,24.977,25.658
601,25.030,25.721
602,24.996,25.682
603,25.011,25.702
604,25.031,25.736
605,25.028,25.720
606,25.040,25.745
607,24.994,25.691
608,24.979,25.674
609,24.999,25.700
610,25.068,25.777
611,25.053,25.786
612,25.038,25.758
613,24.980,25.683
614,24.935,25.623
615,24.955,25.645
616,24.909,25.597
617,24.928,25.630
618,24.877,25.568
619,24.837,25.512
620,24.790,25.447
621,24.796,25.461
622,24.807,25.487
623,24.797,25.461
624,24.788,25.452
625,24.838,25.507
626,24.888,25.570
627,24.924,25.623
628,24.646,25.260
629,24.722,25.367
630,24.647,25.263
631,24.627,25.236
632,24.925,25.626
633,24.860,25.530
634,24.865,25.539
635,24.827,25.504
636,24.887,25.607
637,24.884,25.582
638,24.938,25.644
639,24.857,25.553
640,24.946,25.657
641,24.932,25.647
642,24.858,25.552
643,24.840,25.536
644,24.856,25.552
645,24.833,25.518
646,24.857,25.554
647,24.827,25.521
648,24.906,25.603
649,24.694,25.350
650,24.656,25.311
651,24.723,25.362
652,24.676,25.311
653,24.674,25.306
654,24.735,25.383
655,25.014,25.745
656,24.995,25.717
657,24.926,25.630
658,24.947,25.651
659,24.980,25.694
660,24.969,25.676
661,25.001,25.712
662,25.005,25.708
663,25.022,25.744
664,25.062,25.783
665,25.057,25.776
666,25.024,25.753
667,25.065,25.799
668,25.069,25.787
669,24.882,25.552
670,25.111,25.824
671,25.128,25.847
672,25.102,25.807
673,24.910,25.588
674,24.908,25.588
675,24.941,25.623
676,25.198,25.948
677,25.173,25.914
678,25.240,25.996
679,25.171,25.926
680,25.163,25.898
681,25.117,25.837
682,25.109,25.833
683,25.151,25.885
684,25.122,25.849
685,25.122,25.843
686,25.121,25.847
687,25.105,25.824
688,25.112,25.831
689,25.108,25.835
690,25.101,25.824
691,25.080,25.806
692,25.056,25.784
693,25.086,25.811
694,25.181,25.920
695,25.202,25.956
696,25.205,25.957
697,25.204,25.947
698,25.202,25.945
699,24.954,25.629
700,25.128,25.855
701,25.121,25.834
702,25.108,25.814
703,25.155,25.872
704,25.159,25.883
705,25.260,26.009
706,25.247,25.988
707,25.232,25.973
708,25.586,26.375
709,25.285,26.002
710,25.268,26.000
711,25.166,25.883
712,25.068,25.759
713,25.069,25.747
714,25.137,25.833
715,25.064,25.742
716,25.023,25.698
717,24.969,25.645
718,24.984,25.650
719,24.975,25.653
720,24.945,25.615
721,24.903,25.572
722,24.873,25.549
723,24.864,25.543
724,24.870,25.545
725,24.873,25.546
726,24.879,25.554
727,24.910,25.582
728,24.914,25.587
729,24.915,25.585
730,24.942,25.615
731,24.935,25.618
732,24.947,25.623
733,25.009,25.713
734,24.935,25.610
735,24.944,25.613
736,24.920,25.578
737,24.878,25.528
738,24.930,25.602
739,24.853,25.514
740,24.924,25.602
741,24.827,25.474
742,24.867,25.515
743,24.929,25.596
744,24.885,25.534
745,24.895,25.540
746,24.889,25.552
747,24.839,25.479
748,24.899,25.552
749,24.846,25.482
750,24.863,25.526
751,24.787,25.424
752,24.795,25.440
753,24.864,25.533
754,24.748,25.397
755,24.785,25.435
756,24.837,25.509
757,24.760,25.390
758,24.771,25.410
759,24.590,25.203
760,24.684,25.324
761,24.697,25.322
762,24.665,25.291
763,24.686,25.302
764,24.780,25.440
765,24.707,25.333
766,24.732,25.349
767,24.780,25.435
768,24.740,25.371
769,24.557,25.160
770,24.676,25.319
771,24.712,25.359
772,24.644,25.266
773,24.724,25.372
774,24.695,25.337
775,24.761,25.408
776,24.727,25.354
777,24.614,25.240
778,24.670,25.314
779,24.598,25.211
780,24.618,25.241
781,24.707,25.351
782,24.546,25.157
783,24.507,25.107
784,24.699,25.338
785,24.584,25.208
786,24.606,25.223
787,24.640,25.261
788,24.561,25.173
789,24.593,25.219
790,24.646,25.277
791,24.425,25.010
792,24.587,25.200
793,24.613,25.236
794,24.601,25.208
795,24.663,25.281
796,24.664,25.281
797,24.642,25.252
798,24.557,25.145
799,24.639,25.261
800,24.664,25.280
801,24.666,25.273
802,24.643,25.249
803,24.562,25.171
804,24.625,25.249
805,24.646,25.268
806,24.407,24.997
807,24.320,24.891
808,24.341,24.913
809,24.349,24.922
810,24.282,24.840
811,24.353,24.941
812,24.348,24.925
813,24.529,25.127
814,24.564,25.183
815,24.476,25.066
816,24.281,24.841
817,24.279,24.839
818,24.616,25.228
819,24.574,25.184
820,24.484,25.071
821,24.521,25.126
822,24.525,25.118
823,24.520,25.109
824,24.486,25.064
825,24.529,25.125
826,24.502,25.096
827,24.482,25.081
828,24.453,25.035
829,24.262,24.803
830,24.463,25.042
831,24.422,25.001
832,24.479,25.073
833,24.456,25.051
834,24.377,24.948
835,24.419,25.006
836,24.498,25.105
837,24.456,25.045
838,24.346,24.909
839,24.379,24.946
840,24.608,25.224
841,24.531,25.120
842,24.582,25.189
843,24.324,24.878
844,24.527,25.115
845,24.392,24.966
846,24.496,25.069
847,24.537,25.113
848,24.466,25.039
849,24.552,25.141
850,24.576,25.157
851,24.437,24.995
852,24.623,25.243
853,24.535,25.141
854,24.630,25.249
855,24.631,25.247
856,24.644,25.257
857,24.641,25.258
858,24.604,25.221
859,24.730,25.360
860,24.715,25.340
861,24.675,25.289
862,24.682,25.286
863,24.669,25.278
864,24.631,25.225
865,24.797,25.443
866,24.648,25.250
867,24.729,25.363
868,24.718,25.350
869,24.667,25.264
870,24.698,25.307
871,24.715,25.336
872,24.624,25.221
873,24.659,25.287
874,24.672,25.284
875,24.664,25.283
876,24.888,25.564
877,24.726,25.344
878,24.780,25.414
879,24.745,25.382
880,24.727,25.358
881,24.696,25.328
882,24.670,25.297
883,24.610,25.218
884,24.675,25.295
885,24.660,25.282
886,24.638,25.268
887,24.638,25.260
888,24.661,25.292
889,24.683,25.313
890,24.680,25.291
891,24.628,25.230
892,24.667,25.307
893,24.728,25.365
894,24.704,25.329
895,24.727,25.353
896,24.725,25.353
897,24.647,25.266
898,24.677,25.300
899,24.658,25.291
900,24.611,25.227
901,24.711,25.366
902,24.614,25.232
903,24.931,25.627
904,24.611,25.228
905,24.680,25.322
906,24.694,25.327
907,24.691,25.338
908,24.625,25.270
909,24.884,25.589
910,24.627,25.268
911,24.757,25.432
912,24.552,25.191
913,24.632,25.271
914,24.557,25.202
915,24.494,25.113
916,24.420,25.023
917,24.353,24.940
918,24.823,25.522
919,24.652,25.309
920,24.713,25.382
921,24.661,25.313
922,24.634,25.274
923,24.643,25.300
924,24.577,25.214
925,24.722,25.392
926,24.624,25.244
927,24.620,25.256
928,24.528,25.135
929,24.545,25.182
930,24.526,25.133
931,24.545,25.166
932,24.500,25.110
933,24.559,25.199
934,24.518,25.153
935,24.352,24.939
936,24.275,24.851
937,24.347,24.954
938,24.343,24.937
939,24.506,25.126
940,24.557,25.200
941,24.463,25.090
942,24.514,25.143
943,24.525,25.160
944,24.551,25.200
945,24.500,25.124
946,24.560,25.192
947,24.537,25.152
948,24.558,25.180
949,24.502,25.119
950,24.611,25.242
951,24.519,25.149
952,24.607,25.249
953,24.531,25.153
954,24.575,25.210
955,24.510,25.126
956,24.528,25.147
957,24.511,25.135
958,24.591,25.224
959,24.508,25.123
960,24.544,25.177
961,24.485,25.094
962,24.562,25.195
963,24.475,25.079
964,24.569,25.202
965,24.492,25.098
966,24.529,25.145
967,24.298,24.881
968,24.336,24.936
969,24.562,25.188
970,24.571,25.215
971,24.480,25.106
972,24.516,25.152
973,24.478,25.091
974,24.505,25.119
975,24.454,25.045
976,24.505,25.113
977,24.467,25.055
978,24.550,25.165
979,24.472,25.081
980,24.555,25.181
981,24.467,25.073
982,24.586,25.220
983,24.214,24.786
984,24.253,24.836
985,24.583,25.233
986,24.519,25.158
987,24.423,25.040
988,24.477,25.104
989,24.509,25.134
990,24.463,25.087
991,24.499,25.139
992,24.540,25.177
993,24.503,25.111
994,24.571,25.194
995,24.539,25.148
996,24.576,25.216
997,24.620,25.274
998,24.595,25.231
999,24.539,25.184
1000,24.658,25.299
1001,24.641,25.283
1002,24.558,25.191
1003,24.594,25.226
1004,24.577,25.192
1005,24.651,25.300
1006,24.585,25.202
1007,24.668,25.310
1008,24.677,25.312
1009,24.659,25.286
1010,24.767,25.420
1011,24.671,25.304
1012,24.792,25.454
1013,24.735,25.392
1014,24.622,25.242
1015,24.647,25.286
1016,24.671,25.327
1017,24.674,25.315
1018,24.612,25.244
1019,24.670,25.299
1020,24.679,25.321
1021,24.601,25.220
1022,24.683,25.327
1023,24.649,25.278
1024,24.674,25.325
1025,24.753,25.412
1026,24.685,25.314
1027,24.755,25.395
1028,24.732,25.392
1029,24.716,25.365
1030,24.751,25.402
1031,24.689,25.325
1032,24.710,25.351
1033,24.732,25.377
1034,24.728,25.371
1035,24.786,25.441
1036,24.766,25.420
1037,24.822,25.490
1038,24.785,25.445
1039,24.816,25.497
1040,24.521,25.123
1041,24.758,25.400
1042,24.756,25.421
1043,24.641,25.273
1044,24.683,25.337
1045,24.647,25.276
1046,24.683,25.339
1047,24.644,25.287
1048,24.743,25.398
1049,24.689,25.338
1050,24.769,25.428
1051,24.673,25.332
1052,24.751,25.415
1053,24.706,25.363
1054,24.720,25.380
1055,24.687,25.325
1056,24.689,25.355
1057,24.644,25.291
1058,24.644,25.288
1059,24.505,25.135
1060,24.707,25.371
1061,24.686,25.338
1062,24.637,25.298
1063,24.649,25.309
1064,24.607,25.252
1065,24.585,25.240
1066,24.641,25.307
1067,24.679,25.350
1068,24.612,25.255
1069,24.661,25.321
1070,24.659,25.319
1071,24.640,25.313
1072,24.559,25.209
1073,24.594,25.253
1074,24.529,25.167
1075,24.602,25.261
1076,24.617,25.282
1077,24.574,25.223
1078,24.583,25.256
1079,24.619,25.286
1080,24.576,25.240
1081,24.623,25.274
1082,24.620,25.274
1083,24.701,25.385
1084,24.606,25.264
1085,24.625,25.293
1086,24.601,25.253
1087,24.656,25.334
1088,24.620,25.286
1089,24.705,25.378
1090,24.660,25.323
1091,24.696,25.362
1092,24.657,25.311
1093,24.605,25.262
1094,24.706,25.381
1095,24.647,25.306
1096,24.659,25.334
1097,24.676,25.336
1098,24.663,25.334
1099,24.732,25.415
1100,24.672,25.326
1101,24.646,25.291
1102,24.748,25.430
1103,24.690,25.345
1104,24.760,25.434
1105,24.731,25.401
1106,24.796,25.494
1107,24.780,25.450
1108,24.835,25.523
1109,24.837,25.523
1110,24.904,25.597
1111,24.837,25.508
1112,24.951,25.642
1113,24.922,25.595
1114,24.996,25.696
1115,24.892,25.579
1116,24.941,25.645
1117,25.032,25.754
1118,25.087,25.794
1119,25.151,25.888
1120,25.139,25.858
1121,25.139,25.857
1122,25.182,25.898
1123,25.194,25.902
1124,25.186,25.892
1125,25.295,26.019
1126,25.289,26.019
1127,25.347,26.094
1128,25.223,25.936
1129,25.259,25.995
1130,25.393,26.160
1131,25.223,25.954
1132,25.304,26.064
1133,25.332,26.108
1134,25.196,25.938
1135,25.248,26.003
1136,25.324,26.099
1137,25.254,25.995
1138,25.290,26.070
1139,25.235,25.986
1140,25.169,25.900
1141,25.264,26.024
1142,25.251,26.004
1143,25.224,25.974
1144,25.578,26.393
1145,25.241,25.995
1146,25.148,25.869
1147,25.228,25.989
1148,25.124,25.870
1149,25.040,25.759
1150,25.022,25.735
1151,25.174,25.900
1152,25.198,25.937
1153,25.233,25.964
1154,25.361,26.130
1155,25.205,25.917
1156,25.333,26.106
1157,24.951,25.632
1158,25.102,25.815
1159,25.910,26.824
1160,25.419,26.222
1161,25.414,26.217
1162,24.898,25.573
1163,24.887,25.567
1164,24.916,25.599
1165,24.617,25.240
1166,24.583,25.184
1167,24.747,25.396
1168,24.739,25.389
1169,24.823,25.481
1170,25.001,25.682
1171,24.945,25.616
1172,24.842,25.474
1173,24.862,25.486
1174,24.846,25.462
1175,24.932,25.572
1176,24.889,25.502
1177,24.939,25.566
1178,24.920,25.546
1179,24.909,25.540
1180,24.988,25.629
1181,24.959,25.599
1182,24.939,25.572
1183,24.897,25.516
1184,24.936,25.562
1185,24.907,25.533
1186,24.765,25.389
1187,24.769,25.387
1188,24.794,25.421
1189,24.789,25.403
1190,24.794,25.406
1191,24.730,25.340
1192,24.790,25.420
1193,24.711,25.314
1194,24.753,25.376
1195,24.694,25.297
1196,24.856,25.494
1197,24.737,25.348
1198,24.782,25.407
1199,24.796,25.431
1200,24.746,25.368
1201,24.762,25.394
1202,24.769,25.393
1203,24.762,25.381
1204,24.765,25.401
1205,24.822,25.465
1206,24.721,25.338
1207,24.806,25.448
1208,24.841,25.496
1209,24.790,25.421
1210,24.889,25.553
1211,24.818,25.454
1212,24.811,25.452
1213,24.854,25.498
1214,24.845,25.488
1215,24.811,25.426
1216,24.873,25.523
1217,24.904,25.576
1218,24.846,25.496
1219,24.904,25.556
1220,25.000,25.671
1221,24.906,25.560
1222,24.858,25.513
1223,24.853,25.490
1224,24.774,25.386
1225,24.877,25.511
1226,24.866,25.516
1227,24.989,25.631
1228,24.928,25.585
1229,25.018,25.704
1230,25.071,25.731
1231,24.943,25.602
1232,24.919,25.588
1233,24.954,25.620
1234,24.954,25.624
1235,24.977,25.663
1236,24.833,25.463
1237,24.871,25.513
1238,24.872,25.527
1239,24.866,25.516
1240,24.783,25.416
1241,24.811,25.453
1242,24.894,25.559
1243,24.799,25.442
1244,24.799,25.441
1245,24.805,25.453
1246,24.816,25.479
1247,24.809,25.455
1248,24.711,25.344
1249,24.774,25.423
1250,24.800,25.455
1251,24.811,25.463
1252,24.836,25.484
1253,24.754,25.380
1254,24.799,25.449
1255,24.781,25.411
1256,24.804,25.457
1257,24.838,25.500
1258,24.731,25.367
1259,24.741,25.378
1260,24.763,25.414
1261,24.761,25.417
1262,24.726,25.357
1263,24.729,25.357
1264,24.758,25.408
1265,24.811,25.479
1266,24.843,25.501
1267,24.785,25.416
1268,24.813,25.463
1269,24.821,25.476
1270,24.798,25.418
1271,24.845,25.503
1272,24.825,25.486
1273,24.821,25.469
1274,24.718,25.334
1275,24.774,25.425
1276,24.751,25.390
1277,24.756,25.397
1278,24.734,25.365
1279,24.748,25.377
1280,24.717,25.363
1281,24.702,25.320
1282,24.741,25.376
1283,24.759,25.397
1284,24.745,25.390
1285,24.672,25.283
1286,24.727,25.358
1287,24.740,25.366
1288,24.764,25.389
1289,24.781,25.427
1290,24.718,25.340
1291,24.755,25.395
1292,24.779,25.435
1293,24.795,25.453
1294,24.723,25.374
1295,24.797,25.471
1296,24.874,25.553
1297,24.781,25.425
1298,24.826,25.483
1299,24.815,25.475
1300,24.766,25.419
1301,24.823,25.483
1302,24.834,25.515
1303,24.775,25.440
1304,24.799,25.471
1305,24.798,25.469
1306,24.754,25.409
1307,24.862,25.547
1308,24.591,25.201
1309,24.561,25.180
1310,24.671,25.311
1311,24.698,25.356
1312,24.653,25.299
1313,24.754,25.402
1314,24.753,25.392
1315,24.750,25.402
1316,24.741,25.378
1317,24.790,25.448
1318,24.726,25.370
1319,24.762,25.429
1320,24.647,25.277
1321,24.700,25.347
1322,24.753,25.417
1323,24.748,25.403
1324,24.804,25.480
1325,24.740,25.404
1326,24.719,25.366
1327,24.780,25.435
1328,24.727,25.383
1329,24.784,25.452
1330,24.781,25.439
1331,24.793,25.468
1332,24.766,25.411
1333,24.745,25.380
1334,24.830,25.503
1335,24.795,25.443
1336,24.831,25.489
1337,24.889,25.559
1338,24.790,25.452
1339,24.820,25.474
1340,24.926,25.607
1341,24.913,25.596
1342,24.947,25.607
1343,24.718,25.331
1344,24.933,25.588
1345,24.975,25.624
1346,25.032,25.706
1347,24.979,25.652
1348,24.962,25.621
1349,24.796,25.431
1350,24.821,25.470
1351,25.182,25.912
1352,25.058,25.759
1353,25.089,25.770
1354,25.053,25.737
1355,25.077,25.774
1356,25.131,25.849
1357,25.093,25.784
1358,25.031,25.717
1359,25.067,25.778
1360,25.115,25.824
1361,24.787,25.424
1362,24.838,25.485
1363,24.789,25.424
1364,25.055,25.759
1365,25.014,25.687
1366,24.979,25.664
1367,25.006,25.684
1368,24.993,25.674
1369,25.023,25.688
1370,25.026,25.695
1371,24.980,25.627
1372,25.065,25.753
1373,25.006,25.684
1374,25.044,25.740
1375,24.931,25.597
1376,24.957,25.643
1377,24.948,25.632
1378,25.047,25.764
1379,25.009,25.693
1380,25.085,25.797
1381,25.058,25.767
1382,25.099,25.803
1383,25.150,25.862
1384,25.082,25.790
1385,25.109,25.828
1386,25.075,25.771
1387,25.059,25.765
1388,25.086,25.783
1389,25.031,25.717
1390,24.961,25.640
1391,25.001,25.685
1392,24.750,25.373
1393,24.793,25.438
1394,24.735,25.366
1395,24.759,25.375
1396,24.773,25.408
1397,24.733,25.354
1398,24.957,25.662
1399,24.792,25.440
1400,24.736,25.361
1401,24.697,25.330
1402,24.920,25.580
1403,24.911,25.597
1404,24.883,25.543
1405,24.868,25.543
1406,24.906,25.595
1407,24.826,25.497
1408,24.897,25.562
1409,24.626,25.242
1410,24.662,25.296
1411,24.684,25.291
1412,24.944,25.625
1413,24.989,25.690
1414,25.027,25.718
1415,24.976,25.679
1416,24.982,25.681
1417,24.981,25.681
1418,25.022,25.743
1419,24.852,25.516
1420,24.817,25.482
1421,25.051,25.765
1422,25.023,25.723
1423,25.049,25.768
1424,24.765,25.421
1425,24.764,25.416
1426,25.002,25.696
1427,24.979,25.684
1428,25.010,25.721
1429,24.994,25.693
1430,25.042,25.761
1431,25.034,25.742
1432,25.023,25.726
1433,25.072,25.782
1434,25.090,25.797
1435,25.141,25.850
1436,25.133,25.855
1437,25.144,25.860
1438,25.186,25.916
1439,25.115,25.842
1440,25.060,25.770
1441,25.050,25.751
1442,25.066,25.758
1443,25.094,25.802
1444,24.841,25.490
1445,25.181,25.940
1446,25.075,25.799
1447,25.127,25.855
1448,25.135,25.851
1449,25.138,25.856
1450,25.137,25.860
1451,25.144,25.867
1452,25.104,25.830
1453,25.185,25.914
1454,24.896,25.555
1455,25.131,25.838
1456,25.128,25.839
1457,25.120,25.817
1458,25.080,25.790
1459,25.093,25.790
1460,25.057,25.764
1461,24.808,25.443
1462,24.808,25.456
1463,24.783,25.424
1464,25.065,25.752
1465,25.038,25.736
1466,25.008,25.714
1467,25.074,25.776
1468,25.054,25.748
1469,25.093,25.806
1470,24.775,25.411
1471,24.753,25.387
1472,24.744,25.368
1473,24.730,25.343
1474,24.735,25.342
1475,24.708,25.308
1476,24.720,25.325
1477,25.008,25.677
1478,24.999,25.671
1479,24.982,25.651
1480,24.952,25.608
1481,24.996,25.655
1482,24.973,25.641
1483,25.016,25.678
1484,25.046,25.718
1485,25.030,25.698
1486,25.010,25.665
1487,24.999,25.635
1488,24.913,25.553
1489,24.948,25.590
1490,24.981,25.619
1491,24.936,25.582
1492,24.915,25.537
1493,24.890,25.510
1494,24.908,25.538
1495,24.870,25.512
1496,24.860,25.488
1497,24.840,25.452
1498,24.824,25.438
1499,24.822,25.446
1500,24.842,25.473
1501,24.803,25.432
1502,24.788,25.391
1503,24.762,25.367
1504,24.824,25.448
1505,24.754,25.357
1506,24.784,25.421
1507,24.740,25.348
1508,24.750,25.367
1509,24.735,25.345
1510,24.733,25.335
1511,24.741,25.339
1512,24.803,25.423
1513,24.699,25.304
1514,24.749,25.359
1515,24.691,25.306
1516,24.670,25.275
1517,24.650,25.243
1518,24.726,25.339
1519,24.658,25.253
1520,24.707,25.322
1521,24.649,25.240
1522,24.612,25.204
1523,24.660,25.260
1524,24.607,25.200
1525,24.615,25.198
1526,24.589,25.182
1527,24.665,25.269
1528,24.671,25.276
1529,24.591,25.170
1530,24.656,25.258
1531,24.587,25.170
1532,24.649,25.247
1533,24.589,25.167
1534,24.616,25.207
1535,24.577,25.168
1536,24.605,25.195
1537,24.565,25.145
1538,24.541,25.123
1539,24.526,25.111
1540,24.551,25.154
1541,24.514,25.082
1542,24.497,25.069
1543,24.553,25.141
1544,24.527,25.105
1545,24.513,25.088
1546,24.510,25.086
1547,24.586,25.184
1548,24.525,25.104
1549,24.484,25.057
1550,24.600,25.203
1551,24.501,25.093
1552,24.571,25.180
1553,24.494,25.074
1554,24.504,25.085
1555,24.541,25.148
1556,24.484,25.070
1557,24.469,25.039
1558,24.476,25.066
1559,24.418,24.990
1560,24.491,25.071
1561,24.460,25.039
1562,24.480,25.056
1563,24.534,25.128
1564,24.481,25.066
1565,24.517,25.119
1566,24.505,25.097
1567,24.499,25.090
1568,24.559,25.174
1569,24.521,25.116
1570,24.532,25.127
1571,24.556,25.163
1572,24.561,25.182
1573,24.546,25.152
1574,24.514,25.111
1575,24.491,25.078
1576,24.476,25.054
1577,24.469,25.034
1578,24.497,25.066
1579,24.496,25.071
1580,24.556,25.148
1581,24.483,25.060
1582,24.463,25.043
1583,24.549,25.165
1584,24.448,25.034
1585,24.499,25.103
1586,24.435,25.006
1587,24.387,24.965
1588,24.380,24.948
1589,24.384,24.945
1590,24.410,24.983
1591,24.408,24.970
1592,24.390,24.946
1593,24.392,24.955
1594,24.409,24.972
1595,24.392,24.956
1596,24.394,24.957
1597,24.451,25.037
1598,24.479,25.071
1599,24.502,25.103
1600,24.499,25.107
1601,24.535,25.130
1602,24.468,25.040
1603,24.567,25.162
1604,24.496,25.076
1605,24.552,25.152
1606,24.450,25.033
1607,24.494,25.089
1608,24.456,25.034
1609,24.420,24.985
1610,24.428,24.988
1611,24.453,25.025
1612,24.445,25.010
1613,24.436,25.002
1614,24.446,25.021
1615,24.403,24.957
1616,24.404,24.947
1617,24.412,24.962
1618,24.457,25.010
1619,24.405,24.947
1620,24.478,25.033
1621,24.413,24.951
1622,24.455,24.994
1623,24.463,25.014
1624,24.453,25.000
1625,24.427,24.971
1626,24.451,24.995
1627,24.442,24.975
1628,24.449,24.989
1629,24.477,25.023
1630,24.452,24.987
1631,24.464,25.013
1632,24.451,24.987
1633,24.459,24.997
1634,24.465,25.016
1635,24.482,25.036
1636,24.442,24.975
1637,24.479,25.016
1638,24.513,25.062
1639,24.491,25.041
1640,24.490,25.037
1641,24.484,25.038
1642,24.515,25.078
1643,24.523,25.088
1644,24.489,25.042
1645,24.506,25.068
1646,24.523,25.088
1647,24.514,25.070
1648,24.493,25.036
1649,24.483,25.023
1650,24.500,25.047
1651,24.496,25.044
1652,24.472,25.020
1653,24.472,25.017
1654,24.524,25.089
1655,24.473,25.020
1656,24.487,25.035
1657,24.517,25.066
1658,24.520,25.087
1659,24.593,25.171
1660,24.516,25.076
1661,24.555,25.127
1662,24.513,25.074
1663,24.578,25.162
1664,24.482,25.016
1665,24.472,25.018
1666,24.503,25.058
1667,24.492,25.045
1668,24.472,25.015
1669,24.470,25.013
1670,24.446,24.986
1671,24.489,25.036
1672,24.535,25.107
1673,24.515,25.084
1674,24.538,25.114
1675,24.544,25.090
1676,24.489,25.042
1677,24.477,25.021
1678,24.547,25.114
1679,24.476,25.032
1680,24.468,25.015
1681,24.496,25.047
1682,24.513,25.086
1683,24.463,25.018
1684,24.566,25.149
1685,24.489,25.051
1686,24.550,25.125
1687,24.486,25.056
1688,24.518,25.095
1689,24.587,25.186
1690,24.586,25.185
1691,24.542,25.127
1692,24.588,25.185
1693,24.630,25.242
1694,24.538,25.120
1695,24.628,25.235
1696,24.613,25.216
1697,24.524,25.108
1698,24.594,25.187
1699,24.538,25.123
1700,24.590,25.186
1701,24.570,25.145
1702,24.603,25.192
1703,24.568,25.152
1704,24.614,25.220
1705,24.630,25.229
1706,24.565,25.157
1707,24.583,25.179
1708,24.549,25.129
1709,24.595,25.189
1710,24.594,25.171
1711,24.540,25.106
1712,24.553,25.147
1713,24.538,25.117
1714,24.565,25.159
1715,24.494,25.068
1716,24.493,25.076
1717,24.491,25.070
1718,24.463,25.029
1719,24.497,25.087
1720,24.503,25.096
1721,24.444,24.997
1722,24.527,25.107
1723,24.511,25.094
1724,24.529,25.118
1725,24.459,25.029
1726,24.514,25.100
1727,24.508,25.096
1728,24.516,25.102
1729,24.505,25.086
1730,24.477,25.040
1731,24.495,25.069
1732,24.540,25.113
1733,24.533,25.109
1734,24.550,25.123
1735,24.575,25.143
1736,24.595,25.163
1737,24.569,25.122
1738,24.595,25.148
1739,24.596,25.152
1740,24.627,25.186
1741,24.616,25.185
1742,24.620,25.181
1743,24.621,25.182
1744,24.670,25.248
1745,24.602,25.154
1746,24.620,25.180
1747,24.637,25.197
1748,24.611,25.182
1749,24.608,25.179
1750,24.582,25.148
1751,24.513,25.070
1752,24.569,25.137
1753,24.576,25.153
1754,24.547,25.116
1755,24.544,25.123
1756,24.545,25.125
1757,24.539,25.121
1758,24.547,25.133
1759,24.526,25.110
1760,24.544,25.130
1761,24.530,25.114
1762,24.499,25.067
1763,24.506,25.090
1764,24.440,25.000
1765,24.433,25.003
1766,24.388,24.947
1767,24.391,24.967
1768,24.446,25.023
1769,24.440,25.025
1770,24.453,25.040
1771,24.451,25.057
1772,24.508,25.105
1773,24.571,25.194
1774,24.624,25.255
1775,24.623,25.252
1776,24.669,25.284
1777,24.688,25.327
1778,24.756,25.398
1779,24.757,25.391
1780,24.753,25.396
1781,24.768,25.404
1782,24.849,25.505
1783,24.801,25.434
1784,24.853,25.513
1785,24.829,25.471
1786,24.875,25.535
1787,24.890,25.550
1788,24.817,25.466
1789,24.849,25.515
1790,24.886,25.554
1791,24.921,25.575
1792,24.978,25.649
1793,24.938,25.598
1794,24.950,25.616
1795,24.917,25.581
1796,24.904,25.555
1797,24.924,25.582
1798,24.977,25.643
1799,24.927,25.571
1800,25.000,25.670
1801,24.951,25.601
1802,25.018,25.699
1803,24.981,25.636
1804,25.055,25.724
1805,25.022,25.686
1806,25.046,25.723
1807,25.033,25.707
1808,25.060,25.736
1809,24.981,25.633
1810,25.033,25.706
1811,25.027,25.688
1812,25.003,25.657
1813,25.065,25.738
1814,25.007,25.667
1815,25.093,25.755
1816,25.047,25.710
1817,25.118,25.780
1818,25.031,25.668
1819,25.087,25.747
1820,25.061,25.713
1821,25.059,25.698
1822,25.121,25.779
1823,25.078,25.719
1824,25.140,25.790
1825,25.109,25.752
1826,25.119,25.783
1827,25.076,25.707
1828,25.111,25.747
1829,25.136,25.784
1830,25.180,25.831
1831,25.187,25.824
1832,25.245,25.893
1833,25.208,25.861
1834,25.146,25.765
1835,25.141,25.772
1836,25.255,25.913
1837,25.279,25.920
1838,25.289,25.920
1839,25.320,25.973
1840,25.288,25.933
1841,25.304,25.930
