0 458 187 22 61 0.40
0 454 185 18 60 0.34
3 460 201 18 44 0.58
5 452 185 16 53 0.62
5 454 185 12 31 0.51
5 451 185 12 26 0.36
6 459 199 30 49 0.33
10 173 191 18 69 0.65
12 452 178 18 63 0.30
13 530 77 56 138 0.69
13 277 161 11 30 0.33
14 452 186 20 60 0.83
15 461 45 55 196 0.64
18 528 75 56 145 0.58
22 448 187 20 67 0.43
23 610 154 29 100 0.52
23 523 75 87 134 0.34
24 600 151 38 109 0.94
24 322 205 9 49 0.49
25 596 143 42 107 0.91
25 453 66 53 187 0.32
26 593 147 44 114 0.98
27 582 152 55 104 0.96
27 585 147 54 253 0.66
27 438 204 31 48 0.32
28 580 154 59 247 0.97
28 580 153 53 112 0.38
29 574 151 65 268 0.76
29 571 152 63 122 0.64
30 574 136 63 274 0.93
31 565 157 71 231 0.97
31 418 190 28 62 0.67
31 561 155 69 97 0.41
32 556 148 80 267 0.97
32 435 217 21 44 0.66
33 553 149 82 263 0.91
33 430 186 18 67 0.89
34 551 157 77 239 0.91
35 540 157 94 234 0.89
35 508 72 65 149 0.50
35 561 190 58 198 0.33
36 537 157 89 243 0.72
36 535 159 80 101 0.72
37 526 150 104 230 0.69
38 526 154 99 256 0.88
38 149 194 19 60 0.35
39 517 149 98 239 0.78
40 512 157 99 224 0.94
41 506 158 95 227 0.97
41 399 188 27 51 0.38
42 501 150 96 241 0.97
43 421 172 17 63 0.57
43 503 151 74 197 0.55
44 496 156 82 217 0.92
44 404 198 34 62 0.60
44 402 191 18 65 0.37
45 486 155 86 222 0.87
46 479 146 92 244 0.78
47 472 119 96 266 0.85
48 465 145 81 242 0.80
48 403 175 19 66 0.43
49 450 157 93 232 0.79
50 454 160 87 228 0.58
50 394 69 50 189 0.37
50 473 71 71 138 0.33
51 443 169 79 207 0.85
52 444 126 78 250 0.91
52 446 67 84 175 0.38
53 431 162 73 200 0.98
54 427 166 72 201 0.93
54 372 194 18 70 0.48
54 351 195 26 42 0.42
55 432 180 61 197 0.39
55 426 112 82 259 0.33
56 420 173 64 192 0.69
56 350 186 26 71 0.31
57 412 181 63 189 0.95
58 399 171 68 194 0.98
59 392 182 64 186 0.64
59 440 77 78 154 0.38
60 387 177 67 190 0.95
60 305 204 14 34 0.40
61 379 175 63 179 0.90
62 364 177 69 180 0.90
63 363 183 60 168 0.92
64 360 174 59 193 0.66
64 427 75 79 142 0.38
65 349 177 61 187 0.86
65 424 75 73 148 0.73
66 341 189 63 184 0.97
67 334 182 58 176 0.61
68 329 179 61 180 0.77
69 320 193 59 172 0.79
69 505 213 13 58 0.60
69 312 97 71 269 0.31
70 309 190 59 169 0.92
70 391 74 83 158 0.32
71 300 178 57 191 0.86
71 44 206 17 38 0.35
71 314 269 41 95 0.35
72 287 183 64 164 0.81
73 283 184 61 169 0.92
74 277 192 55 161 0.59
74 296 268 31 89 0.35
76 257 195 51 161 0.77
77 247 201 53 157 0.64
77 272 58 61 211 0.38
77 348 76 83 152 0.30
78 235 186 54 167 0.93
78 341 69 92 164 0.34
79 230 195 45 154 0.85
79 333 70 89 169 0.50
80 212 189 50 132 0.93
80 248 47 57 217 0.56
81 205 191 65 156 0.95
82 191 190 52 154 0.97
82 197 82 81 260 0.53
83 189 195 69 142 0.98
83 189 193 36 133 0.77
83 225 198 30 77 0.33
83 309 67 76 160 0.32
84 303 68 77 160 0.43
84 180 195 45 145 0.32
85 296 66 81 160 0.60
85 167 191 29 115 0.54
85 167 190 48 124 0.47
86 151 174 49 158 0.90
87 145 195 45 149 0.78
87 160 276 30 69 0.61
87 282 72 90 161 0.47
87 147 193 34 111 0.41
88 134 195 45 143 0.95
88 181 200 37 79 0.41
88 142 267 37 73 0.33
89 123 190 47 150 0.87
89 598 211 23 62 0.32
90 111 190 47 138 0.88
90 235 67 92 158 0.55
91 97 183 51 152 0.74
91 581 213 36 60 0.68
92 572 200 41 73 0.92
92 86 189 50 146 0.89
92 121 187 34 88 0.31
93 565 219 40 53 0.89
93 83 191 41 137 0.71
94 559 205 38 71 1.00
94 64 179 49 156 0.95
94 107 196 55 83 0.63
94 217 59 71 166 0.50
94 100 187 25 86 0.37
95 553 200 38 71 0.95
95 49 188 49 148 0.94
95 111 197 37 81 0.72
95 617 215 20 70 0.59
95 87 188 30 90 0.47
95 199 66 82 169 0.35
95 48 193 32 106 0.33
96 544 194 41 81 0.89
96 39 188 47 141 0.79
97 590 200 48 150 0.93
97 26 192 48 147 0.87
97 595 201 32 98 0.41
98 580 196 56 154 0.99
98 172 64 72 171 0.34
98 11 186 46 159 0.33
98 54 205 65 83 0.32
99 570 194 62 160 0.96
99 530 211 27 61 0.58
100 556 198 71 158 0.98
100 59 208 34 71 0.44
100 45 201 51 79 0.37
101 539 196 84 170 0.95
101 122 63 88 179 0.38
102 531 195 80 160 0.90
103 514 190 82 168 0.96
104 500 199 75 161 0.97
104 494 202 28 78 0.71
104 497 195 48 92 0.33
105 490 196 69 168 0.97
106 470 208 73 154 0.90
106 464 219 32 60 0.35
107 453 197 73 162 0.98
107 63 64 91 175 0.62
107 495 196 31 70 0.44
108 445 195 69 170 0.98
108 49 72 69 126 0.39
109 422 196 78 169 0.99
110 411 198 82 165 0.93
111 394 196 89 172 0.96
112 377 222 73 147 0.97
113 359 220 80 150 0.97
113 376 196 66 112 0.69
113 357 228 22 86 0.61
113 382 194 59 72 0.54
114 352 207 70 166 0.98
115 324 205 86 167 0.95
115 340 198 77 126 0.46
115 319 223 29 82 0.42
116 309 203 79 175 0.91
118 268 204 88 170 0.62
119 253 211 74 158 0.71
119 474 115 51 103 0.53
120 239 200 72 180 0.59
121 216 190 79 189 0.55
122 201 188 71 184 0.83
123 174 193 79 184 0.90
123 286 201 33 83 0.89
124 157 187 76 191 0.95
124 151 208 30 70 0.41
125 126 192 88 184 0.88
126 108 196 85 181 0.96
127 85 191 91 187 0.98
128 66 197 92 184 0.98
129 46 194 90 184 0.80
130 18 194 92 182 0.83
131 6 182 88 202 0.79
132 2 188 70 198 0.72
133 2 194 33 188 0.77
168 479 147 24 79 0.53
178 461 173 20 71 0.46
207 190 148 36 61 0.33
211 175 130 32 96 0.33
218 261 170 19 46 0.51
228 230 171 18 45 0.66
238 87 137 29 81 0.31
241 84 152 34 69 0.40
244 512 59 70 181 0.39
244 71 131 23 81 0.31
247 513 69 50 172 0.43
247 66 138 30 79 0.41
248 523 67 66 164 0.30
256 116 113 13 52 0.31
262 47 130 31 87 0.47
266 42 126 33 98 0.54
266 626 249 12 53 0.45
281 98 166 12 58 0.41
281 101 166 13 60 0.35
294 5 117 53 131 0.47
311 204 189 12 26 0.39
325 175 185 14 29 0.30
335 107 146 46 70 0.67
357 545 165 55 83 0.51
367 504 74 51 140 0.43
379 557 68 38 150 0.43
387 131 184 16 45 0.38
398 586 35 44 191 0.30
409 66 198 13 44 0.41
411 57 201 12 35 0.57
415 32 201 17 45 0.42
416 27 204 14 45 0.43
419 4 203 20 51 0.36
473 169 132 10 33 0.31
481 167 129 11 34 0.64
489 5 90 17 59 0.37
489 12 90 9 59 0.32
522 560 132 20 60 0.43
526 25 83 17 78 0.32
527 107 145 23 29 0.36
532 258 140 9 30 0.33
542 123 132 18 54 0.52
545 88 152 10 33 0.37
552 492 34 23 43 0.31
556 53 160 19 59 0.34
560 26 157 22 36 0.32
565 257 155 11 34 0.34
574 150 163 26 42 0.37
575 535 149 23 82 0.56
576 538 152 27 78 0.57
580 458 184 10 24 0.30
587 87 135 24 56 0.48
588 80 129 31 67 0.48
590 74 122 33 76 0.48
594 523 162 11 68 0.32
601 246 167 12 31 0.37
614 424 166 12 40 0.32
616 422 165 12 41 0.50
617 471 169 17 51 0.48
620 531 45 81 208 0.39
641 108 184 11 31 0.45
647 104 159 16 58 0.33
662 82 187 15 37 0.36
672 502 159 16 57 0.38
675 463 182 13 35 0.36
675 503 162 15 56 0.31
678 506 170 14 57 0.38
679 507 198 11 32 0.38
681 37 188 13 43 0.46
681 504 166 18 56 0.30
682 37 188 13 42 0.63
682 41 185 13 44 0.49
686 32 187 16 46 0.48
690 20 195 16 37 0.61
694 13 189 14 44 0.38
694 9 189 15 44 0.38
694 13 188 8 47 0.38
694 3 189 17 44 0.30
696 516 141 30 84 0.55
696 479 182 17 39 0.30
697 515 154 30 58 0.49
705 103 163 33 55 0.62
708 126 137 28 71 0.31
714 503 154 18 71 0.40
715 124 138 26 82 0.46
715 220 155 15 35 0.38
721 520 188 14 41 0.75
727 220 158 13 30 0.44
727 224 158 12 31 0.37
729 549 153 34 72 0.45
734 555 158 39 61 0.65
740 553 144 38 87 0.81
741 556 142 32 88 0.63
742 248 159 9 33 0.31
748 501 120 58 92 0.54
748 227 157 11 36 0.35
748 223 158 12 37 0.34
749 572 140 32 95 0.64
750 574 134 32 105 0.84
751 576 140 31 91 0.53
752 219 155 11 32 0.32
754 586 141 29 101 0.75
755 585 135 30 97 0.81
756 587 139 26 95 0.56
757 589 139 23 87 0.53
758 590 152 23 85 0.44
759 590 144 24 91 0.39
762 248 211 15 29 0.31
763 597 136 23 89 0.39
764 596 142 33 78 0.42
768 600 126 30 98 0.35
772 213 151 21 40 0.51
773 213 149 14 44 0.51
773 187 212 14 31 0.33
775 211 154 14 42 0.38
777 209 152 15 39 0.44
780 212 150 16 40 0.36
783 210 151 19 44 0.48
784 107 218 20 35 0.31
786 228 151 17 40 0.42
786 234 153 14 38 0.31
789 59 216 22 49 0.69
790 51 220 22 45 0.51
790 206 151 13 42 0.38
791 205 152 18 44 0.61
797 130 131 18 51 0.57
798 204 149 15 44 0.44
800 203 146 17 48 0.68
802 205 146 19 46 0.37
802 217 146 15 42 0.30
804 441 120 42 79 0.36
805 203 144 18 49 0.68
805 205 143 29 48 0.43
805 224 143 14 47 0.31
807 201 143 17 48 0.56
807 210 144 26 46 0.38
807 204 143 21 46 0.37
807 214 143 17 44 0.36
807 221 144 16 45 0.32
810 458 112 23 82 0.65
810 201 142 16 50 0.58
811 198 142 21 51 0.82
811 201 141 28 52 0.32
812 201 144 15 40 0.36
813 201 142 15 44 0.52
816 200 141 14 49 0.52
817 201 143 16 44 0.34
821 203 141 14 48 0.34
821 198 144 13 48 0.32
823 460 97 41 117 0.31
827 462 98 34 109 0.65
827 203 139 19 41 0.49
828 199 138 18 48 0.44
828 227 139 10 47 0.39
828 218 138 16 47 0.30
829 199 138 15 49 0.50
832 199 139 14 48 0.48
834 198 138 15 50 0.89
834 466 97 34 109 0.55
834 127 129 11 51 0.35
835 198 138 16 48 0.66
835 216 140 17 42 0.32
835 227 141 11 42 0.30
837 466 101 28 97 0.45
842 145 168 14 21 0.43
843 198 142 16 49 0.43
844 197 137 17 51 0.67
844 202 137 16 45 0.30
848 196 136 21 53 0.45
849 198 140 16 53 0.78
850 199 137 18 50 0.48
850 472 99 31 98 0.35
851 196 138 20 50 0.68
851 212 138 22 48 0.56
851 201 137 24 51 0.38
855 198 137 15 49 0.71
855 473 104 32 88 0.40
855 202 136 15 49 0.30
857 469 79 38 120 0.67
857 195 135 20 57 0.58
857 212 137 21 46 0.30
859 198 138 15 49 0.44
861 472 76 36 114 0.41
865 474 94 36 103 0.44
866 472 89 37 106 0.61
869 473 90 40 109 0.49
869 196 138 18 47 0.43
871 475 95 37 98 0.33
872 501 113 33 94 0.62
873 476 98 35 102 0.88
879 196 134 14 51 0.41
879 476 98 34 95 0.35
882 231 142 12 44 0.49
882 235 142 10 43 0.39
883 237 143 10 45 0.37
884 197 132 14 50 0.49
890 198 138 16 51 0.78
890 434 158 11 38 0.44
890 203 138 14 49 0.36
890 221 141 12 43 0.34
892 200 138 18 49 0.38
894 198 139 16 48 0.49
896 198 140 16 47 0.44
898 235 146 13 45 0.54
898 197 141 14 52 0.52
898 200 142 16 49 0.44
898 142 134 19 53 0.33
898 231 145 14 45 0.31
900 198 138 13 53 0.34
900 200 139 16 50 0.33
903 198 138 16 50 0.62
903 218 142 14 43 0.35
903 473 81 40 126 0.32
905 234 142 19 52 0.54
911 208 147 15 35 0.39
913 237 151 12 43 0.43
914 237 151 11 38 0.32
917 195 146 19 50 0.53
917 434 155 14 42 0.40
921 440 158 12 40 0.40
923 476 94 52 116 0.62
928 196 147 13 52 0.38
931 435 162 14 43 0.30
932 194 142 19 57 0.54
932 215 149 17 46 0.35
942 190 148 15 52 0.50
943 435 156 13 47 0.38
945 192 146 16 54 0.69
945 189 147 14 54 0.38
949 439 155 16 53 0.36
951 192 146 17 54 0.44
953 522 160 14 58 0.43
954 444 174 11 35 0.46
954 104 177 14 26 0.36
956 442 166 10 40 0.48
956 443 163 13 44 0.33
958 443 173 12 40 0.43
958 439 175 12 38 0.30
959 442 160 17 48 0.45
959 204 170 21 28 0.33
960 445 165 13 48 0.44
962 491 92 54 127 0.36
964 193 150 21 55 0.49
964 446 181 12 26 0.30
966 203 161 23 40 0.51
968 490 88 63 137 0.43
971 100 136 22 72 0.47
971 131 142 23 66 0.31
972 80 184 22 61 0.55
975 131 141 23 65 0.31
976 191 151 24 53 0.64
979 449 183 10 32 0.31
981 129 142 23 52 0.49
981 611 174 24 46 0.45
982 45 178 35 75 0.38
983 451 174 15 40 0.49
989 11 113 49 144 0.61
994 465 155 38 62 0.45
996 187 144 23 58 0.36
1006 62 121 32 77 0.71
1008 74 126 19 71 0.48
1011 75 121 26 84 0.46
1015 225 175 13 22 0.37
1017 465 157 20 58 0.79
1022 185 145 15 35 0.38
1039 195 170 11 27 0.44
1039 199 169 8 28 0.36
1048 188 175 10 26 0.31
1051 389 182 23 37 0.31
1062 86 190 14 39 0.30
1073 454 151 20 51 0.43
1076 461 156 18 54 0.50
1077 457 149 23 59 0.37
1078 461 168 17 60 0.33
1079 461 177 17 61 0.33
1081 123 122 23 61 0.52
1107 132 181 24 44 0.82
1124 16 168 51 89 0.40
1125 235 164 18 35 0.52
1125 10 173 44 86 0.41
1129 604 107 31 132 0.45
1134 498 176 30 45 0.60
1138 515 175 31 40 0.40
1143 540 163 27 47 0.49
1148 235 156 16 38 0.49
1154 115 187 11 27 0.35
1155 237 163 12 28 0.34
1158 109 181 10 35 0.40
1159 564 158 15 55 0.67
1159 537 185 9 28 0.34
1159 536 185 7 27 0.30
1161 566 183 12 31 0.50
1161 570 185 11 29 0.45
1162 34 201 12 29 0.37
1162 63 179 14 44 0.36
1163 568 161 20 51 0.47
1171 233 167 15 31 0.41
1176 88 186 9 36 0.47
1177 85 185 11 38 0.36
1177 81 183 12 41 0.31
1180 415 80 17 48 0.43
1180 82 187 8 33 0.31
1183 77 185 12 38 0.55
1187 70 179 12 42 0.71
1190 64 187 11 39 0.46
1193 57 180 12 46 0.35
1199 47 193 11 32 0.33
1202 40 182 13 45 0.51
1204 37 187 18 44 0.62
1205 36 182 12 44 0.47
1208 93 95 16 61 0.30
1212 17 185 14 46 0.73
1216 7 190 13 46 0.33
1357 445 152 12 24 0.34
1357 442 150 13 54 0.32
1362 447 147 14 26 0.36
1363 410 163 13 21 0.31
1372 412 151 25 57 0.75
1375 412 164 15 25 0.51
1376 412 160 18 34 0.50
1385 416 158 28 48 0.41
1393 466 171 23 61 0.43
1395 472 175 23 41 0.31
1396 478 169 24 47 0.31
1407 99 125 28 78 0.80
1408 563 221 20 55 0.40
1409 571 217 18 61 0.60
1414 599 221 29 68 0.82
1422 85 123 15 77 0.38
1423 606 207 29 94 0.58
1445 408 183 21 44 0.74
1447 125 190 12 24 0.35
1492 418 126 26 69 0.74
1498 45 191 17 29 0.49
1499 423 115 31 88 0.48
1499 44 186 17 33 0.44
1504 76 197 14 32 0.35
1515 609 109 26 91 0.35
1517 89 120 30 95 0.34
1519 426 119 33 93 0.43
1549 402 117 24 72 0.45
1549 432 106 55 97 0.39
1562 137 155 10 27 0.34
1566 110 147 20 45 0.36
1583 36 181 13 48 0.33
1586 50 180 10 39 0.33
1597 21 77 14 30 0.33
1602 8 73 15 34 0.32
1604 256 143 13 18 0.34
1604 453 147 13 31 0.33
1613 461 147 11 33 0.38
1677 457 173 16 51 0.39
1691 254 163 12 16 0.31
1693 98 181 11 26 0.32
1697 493 210 21 51 0.80
1707 535 209 28 70 0.64
1708 609 212 27 74 0.39
1711 554 212 34 73 0.37
1714 571 151 64 146 0.56
1715 577 158 60 140 0.54
1716 583 183 54 218 0.42
1718 595 183 42 123 0.33
1719 601 194 36 141 0.50
1723 25 163 28 69 0.31
1724 1 146 12 55 0.30
1726 324 150 18 53 0.41
1726 324 150 28 55 0.33
1726 244 169 15 57 0.30
1752 351 138 17 76 0.44
1767 244 171 15 40 0.37
1773 247 169 11 21 0.36
1776 470 187 10 26 0.54
1776 243 173 19 41 0.33
1778 8 93 17 26 0.30
1780 56 180 12 32 0.32
1790 267 169 11 43 0.56
1811 427 153 30 79 0.51
1814 461 168 26 66 0.67
1814 433 170 31 62 0.63
1815 435 156 33 78 0.53
1820 158 146 12 54 0.36
1826 493 148 34 95 0.40
1829 494 155 32 90 0.37
1832 332 164 15 38 0.38
1832 139 135 20 67 0.34
1833 499 160 14 47 0.36
1840 519 141 22 99 0.62
1847 22 190 9 29 0.41
1851 214 136 16 54 0.39
1856 221 132 18 59 0.38
1858 215 132 19 62 0.41
1858 221 132 18 59 0.40
1878 407 178 16 51 0.60
1884 234 113 20 62 0.52
1900 455 157 22 69 0.50
1911 609 152 20 72 0.39
1912 615 157 17 71 0.54
1912 368 126 16 42 0.34
1928 240 89 40 77 0.38
1934 233 85 33 95 0.77
1937 551 186 35 67 0.40
1939 185 87 27 84 0.44
1953 189 83 34 95 0.55
1955 607 195 30 113 0.33
1959 317 140 12 40 0.41
1962 497 166 24 54 0.48
1971 313 144 22 39 0.45
1972 461 156 17 37 0.45
