0,25.770,25.843
1,25.761,25.833
2,25.767,25.841
3,25.756,25.826
4,25.769,25.838
5,25.727,25.777
6,25.723,25.772
7,25.744,25.805
8,25.741,25.801
9,25.721,25.779
10,25.677,25.737
11,25.716,25.776
12,25.676,25.741
13,25.696,25.763
14,25.752,25.820
15,25.703,25.759
16,25.758,25.817
17,25.744,25.802
18,25.752,25.818
19,25.685,25.745
20,25.691,25.748
21,25.679,25.729
22,25.665,25.731
23,25.659,25.713
24,25.725,25.787
25,25.735,25.787
26,25.770,25.826
27,25.761,25.825
28,25.740,25.794
29,25.737,25.797
30,25.723,25.788
31,25.727,25.791
32,25.748,25.816
33,25.773,25.842
34,25.776,25.847
35,25.774,25.854
36,25.780,25.849
37,25.843,25.914
38,25.875,25.941
39,25.855,25.929
40,25.847,25.909
41,25.790,25.862
42,25.783,25.851
43,25.765,25.821
44,25.787,25.852
45,25.783,25.841
46,25.793,25.853
47,25.755,25.803
48,25.751,25.804
49,25.739,25.793
50,25.759,25.810
51,25.765,25.824
52,25.736,25.802
53,25.705,25.768
54,25.732,25.794
55,25.728,25.781
56,25.772,25.828
57,25.759,25.819
58,25.785,25.846
59,25.716,25.783
60,25.719,25.780
61,25.782,25.837
62,25.849,25.910
63,25.891,25.957
64,25.878,25.943
65,25.873,25.943
66,25.903,25.971
67,25.928,26.003
68,26.033,26.109
69,25.971,26.045
70,25.994,26.071
71,25.999,26.082
72,26.003,26.098
73,26.049,26.114
74,26.022,26.102
75,26.002,26.084
76,25.966,26.058
77,25.933,26.019
78,25.934,26.011
79,25.957,26.041
80,25.953,26.031
81,25.980,26.067
82,25.959,26.028
83,25.999,26.079
84,26.003,26.081
85,26.052,26.130
86,26.036,26.106
87,26.070,26.135
88,26.073,26.140
89,26.098,26.178
90,26.105,26.180
91,26.123,26.208
92,26.128,26.199
93,26.142,26.216
94,26.238,26.316
95,26.251,26.324
96,26.322,26.403
97,26.339,26.411
98,26.326,26.406
99,26.358,26.436
100,26.346,26.425
101,26.369,26.437
102,26.346,26.423
103,26.387,26.457
104,26.409,26.472
105,26.469,26.525
106,26.532,26.604
107,26.610,26.688
108,26.528,26.597
109,26.528,26.600
110,26.547,26.632
111,26.658,26.744
112,26.639,26.729
113,26.692,26.798
114,26.637,26.740
115,26.598,26.696
116,26.594,26.697
117,26.687,26.788
118,26.699,26.813
119,26.731,26.838
120,26.646,26.748
121,26.714,26.827
122,26.696,26.807
123,26.727,26.820
124,26.683,26.784
125,26.638,26.739
126,26.632,26.739
127,26.685,26.791
128,26.800,26.902
129,26.744,26.855
130,26.699,26.804
131,26.702,26.802
132,26.702,26.798
133,26.722,26.811
134,26.722,26.814
135,26.725,26.827
136,26.712,26.799
137,26.669,26.748
138,26.726,26.802
139,26.617,26.692
140,26.662,26.743
141,26.685,26.759
142,26.692,26.771
143,26.655,26.722
144,26.636,26.710
145,26.603,26.671
146,26.450,26.508
147,26.471,26.518
148,26.418,26.477
149,26.378,26.438
150,26.479,26.546
151,26.418,26.492
152,26.438,26.513
153,26.362,26.430
154,26.396,26.466
155,26.343,26.430
156,26.376,26.463
157,26.389,26.479
158,26.390,26.476
159,26.490,26.562
160,26.512,26.590
161,26.498,26.576
162,26.507,26.586
163,26.481,26.550
164,26.478,26.560
165,26.429,26.514
166,26.381,26.451
167,26.480,26.547
168,26.486,26.553
169,26.460,26.524
170,26.406,26.464
171,26.429,26.499
172,26.419,26.491
173,26.329,26.393
174,26.386,26.452
175,26.197,26.248
176,26.154,26.199
177,26.116,26.167
178,26.141,26.189
179,26.300,26.369
180,26.244,26.310
181,26.221,26.283
182,26.185,26.250
183,26.159,26.214
184,26.136,26.203
185,26.157,26.221
186,26.156,26.211
187,26.135,26.194
188,26.112,26.182
189,26.104,26.170
190,26.124,26.184
191,26.106,26.181
192,26.085,26.145
193,26.022,26.083
194,26.035,26.103
195,25.975,26.043
196,26.002,26.065
197,26.017,26.083
198,26.036,26.114
199,26.057,26.120
200,26.055,26.129
201,26.122,26.192
202,26.093,26.171
203,26.099,26.164
204,26.172,26.242
205,26.152,26.224
206,26.164,26.232
207,26.187,26.259
208,26.132,26.197
209,26.130,26.201
210,26.228,26.288
211,26.214,26.276
212,26.226,26.306
213,26.191,26.252
214,26.226,26.299
215,26.285,26.362
216,26.310,26.387
217,26.337,26.419
218,26.360,26.431
219,26.370,26.437
220,26.383,26.458
221,26.360,26.420
222,26.358,26.423
223,26.469,26.537
224,26.363,26.443
225,26.410,26.488
226,26.376,26.442
227,26.465,26.540
228,26.378,26.447
229,26.374,26.439
230,26.329,26.383
231,26.363,26.411
232,26.346,26.393
233,26.333,26.387
234,26.309,26.360
235,26.314,26.355
236,26.299,26.342
237,26.339,26.401
238,26.362,26.409
239,26.336,26.382
240,26.242,26.297
241,26.174,26.229
242,26.168,26.222
243,26.176,26.219
244,26.166,26.211
245,26.159,26.197
246,26.146,26.184
247,26.140,26.177
248,26.105,26.139
249,26.055,26.091
250,26.026,26.048
251,26.021,26.030
252,26.044,26.057
253,25.999,26.011
254,26.011,26.042
255,26.037,26.058
256,26.027,26.044
257,26.107,26.126
258,26.087,26.087
259,26.111,26.112
260,26.126,26.127
261,26.202,26.208
262,26.216,26.203
263,26.253,26.252
264,26.272,26.267
265,26.316,26.323
266,26.322,26.317
267,26.332,26.333
268,26.336,26.335
269,26.359,26.356
270,26.399,26.397
271,26.463,26.462
272,26.461,26.458
273,26.476,26.481
274,26.466,26.474
275,26.517,26.524
276,26.466,26.468
277,26.484,26.488
278,26.488,26.480
279,26.498,26.482
280,26.442,26.430
281,26.347,26.335
282,26.264,26.239
283,26.183,26.162
284,26.212,26.202
285,26.111,26.093
286,26.153,26.139
287,26.026,26.006
288,26.087,26.085
289,25.994,25.993
290,25.924,25.919
291,25.813,25.787
292,25.858,25.838
293,25.861,25.853
294,25.866,25.867
295,25.868,25.867
296,25.819,25.798
297,25.929,25.921
298,25.938,25.926
299,25.908,25.908
300,25.995,26.002
301,26.006,26.021
302,25.895,25.892
303,25.931,25.934
304,25.962,25.966
305,25.936,25.946
306,25.902,25.909
307,25.808,25.808
308,25.917,25.921
309,25.890,25.877
310,25.994,25.993
311,25.959,25.952
312,25.853,25.838
313,26.025,26.024
314,25.964,25.961
315,25.952,25.950
316,25.732,25.723
317,25.726,25.719
318,25.685,25.670
319,25.736,25.737
320,25.746,25.748
321,25.684,25.700
322,25.627,25.636
323,25.621,25.630
324,25.685,25.706
325,25.625,25.647
326,25.525,25.537
327,25.542,25.554
328,25.520,25.535
329,25.536,25.559
330,25.529,25.552
331,25.499,25.522
332,25.516,25.550
333,25.497,25.521
334,25.495,25.525
335,25.447,25.469
336,25.359,25.372
337,25.357,25.383
338,25.400,25.424
339,25.393,25.421
340,25.306,25.335
341,25.283,25.314
342,25.258,25.296
343,25.324,25.358
344,25.336,25.365
345,25.271,25.300
346,25.273,25.298
347,25.296,25.328
348,25.291,25.325
349,25.196,25.234
350,25.185,25.206
351,25.173,25.212
352,25.147,25.169
353,25.122,25.150
354,25.175,25.213
355,25.127,25.163
356,25.107,25.137
357,25.112,25.155
358,25.085,25.128
359,25.072,25.128
360,25.013,25.059
361,24.964,25.012
362,25.069,25.123
363,25.006,25.051
364,25.032,25.091
365,24.977,25.043
366,25.036,25.114
367,25.084,25.167
368,25.067,25.139
369,24.991,25.071
370,25.033,25.096
371,25.139,25.214
372,25.073,25.137
373,25.001,25.063
374,25.009,25.071
375,25.057,25.123
376,24.990,25.051
377,25.032,25.088
378,25.105,25.175
379,25.101,25.167
380,25.077,25.134
381,25.119,25.183
382,25.193,25.252
383,25.152,25.212
384,25.155,25.207
385,25.194,25.238
386,25.182,25.231
387,25.181,25.240
388,25.273,25.340
389,25.218,25.284
390,25.286,25.351
391,25.267,25.343
392,25.339,25.405
393,25.379,25.449
394,25.382,25.445
395,25.330,25.401
396,25.360,25.442
397,25.318,25.401
398,25.308,25.382
399,25.355,25.424
400,25.359,25.426
401,25.359,25.430
402,25.369,25.432
403,25.407,25.486
404,25.413,25.488
405,25.428,25.489
406,25.498,25.570
407,25.541,25.610
408,25.618,25.690
409,25.623,25.686
410,25.727,25.799
411,25.637,25.708
412,25.596,25.666
413,25.657,25.730
414,25.736,25.815
415,25.749,25.830
416,25.712,25.785
417,25.674,25.751
418,25.646,25.725
419,25.614,25.690
420,25.687,25.772
421,25.679,25.757
422,25.689,25.766
423,25.679,25.758
424,25.588,25.669
425,25.659,25.733
426,25.684,25.766
427,25.669,25.756
428,25.580,25.657
429,25.586,25.657
430,25.596,25.677
431,25.582,25.661
432,25.625,25.698
433,25.591,25.673
434,25.551,25.639
435,25.548,25.621
436,25.577,25.666
437,25.560,25.636
438,25.596,25.668
439,25.609,25.686
440,25.632,25.715
441,25.563,25.643
442,25.528,25.599
443,25.620,25.700
444,25.572,25.663
445,25.610,25.697
446,25.656,25.738
447,25.500,25.591
448,25.477,25.561
449,25.436,25.528
450,25.416,25.505
451,25.419,25.501
452,25.415,25.498
453,25.438,25.526
454,25.346,25.426
455,25.260,25.340
456,25.315,25.394
457,25.266,25.331
458,25.158,25.231
459,25.145,25.215
460,25.159,25.232
461,24.947,24.998
462,25.120,25.175
463,25.090,25.159
464,25.066,25.126
465,25.041,25.103
466,25.056,25.120
467,25.048,25.112
468,25.080,25.139
469,24.973,25.027
470,24.923,24.982
471,24.939,25.006
472,24.911,24.972
473,24.878,24.953
474,25.028,25.112
475,25.071,25.156
476,25.031,25.096
477,25.002,25.084
478,24.942,25.025
479,24.981,25.067
480,25.013,25.099
481,25.041,25.134
482,25.143,25.233
483,25.093,25.190
484,25.131,25.226
485,25.128,25.227
486,25.106,25.190
487,25.119,25.213
488,25.130,25.227
489,25.187,25.294
490,25.300,25.410
491,25.294,25.407
492,25.376,25.493
493,25.576,25.698
494,25.627,25.746
495,25.421,25.540
496,25.384,25.495
497,25.441,25.550
498,25.499,25.619
499,25.516,25.631
500,25.534,25.658
501,25.476,25.588
502,25.571,25.694
503,25.608,25.733
504,25.731,25.872
505,25.553,25.686
506,25.566,25.715
507,25.540,25.687
508,25.548,25.687
509,25.645,25.782
510,25.797,25.940
511,25.802,25.953
512,25.742,25.897
513,25.687,25.825
514,25.698,25.841
515,25.736,25.878
516,25.790,25.934
517,25.838,25.972
518,25.965,26.122
519,26.048,26.188
520,26.225,26.388
521,26.376,26.533
522,26.277,26.429
523,26.271,26.429
524,26.324,26.486
525,26.344,26.502
526,26.392,26.545
527,26.367,26.508
528,26.434,26.584
529,26.426,26.588
530,26.398,26.555
531,26.443,26.607
532,26.504,26.663
533,26.508,26.683
534,26.512,26.675
535,26.597,26.762
536,26.586,26.753
537,26.602,26.774
538,26.634,26.811
539,26.638,26.814
540,26.686,26.855
541,26.679,26.843
542,26.714,26.881
543,26.692,26.854
544,26.676,26.833
545,26.782,26.943
546,26.816,26.983
547,26.757,26.930
548,26.673,26.834
549,26.684,26.836
550,26.735,26.902
551,26.663,26.810
552,26.662,26.819
553,26.725,26.880
554,26.692,26.841
555,26.767,26.928
556,26.816,26.982
557,26.839,26.998
558,26.824,26.993
559,26.932,27.110
560,26.888,27.056
561,26.912,27.065
562,26.944,27.102
563,26.957,27.116
564,27.022,27.188
565,27.071,27.244
566,26.995,27.143
567,27.087,27.252
568,27.051,27.217
569,27.035,27.210
570,27.069,27.241
571,26.947,27.108
572,27.073,27.244
573,26.992,27.161
574,27.110,27.269
575,26.783,26.921
576,27.005,27.153
577,27.017,27.164
578,26.959,27.103
579,26.908,27.051
580,26.955,27.096
581,26.774,26.921
582,26.887,27.050
583,26.681,26.836
584,26.695,26.856
585,26.623,26.784
586,26.726,26.874
587,26.637,26.781
588,26.724,26.866
589,26.763,26.904
590,26.810,26.965
591,26.800,26.957
592,26.817,26.972
593,26.852,27.001
594,26.766,26.918
595,26.651,26.796
596,26.675,26.822
597,26.662,26.791
598,26.541,26.670
599,26.538,26.666
600,26.548,26.686
601,26.562,26.691
602,26.621,26.755
603,26.644,26.780
604,26.661,26.802
605,26.578,26.701
606,26.494,26.621
607,26.465,26.590
608,26.423,26.546
609,26.377,26.491
610,26.383,26.504
611,26.344,26.466
612,26.312,26.419
613,26.372,26.491
614,26.448,26.558
615,26.394,26.504
616,26.420,26.520
617,26.479,26.591
618,26.256,26.370
619,26.140,26.256
620,26.124,26.228
621,26.092,26.197
622,26.114,26.212
623,26.189,26.294
624,26.126,26.225
625,26.108,26.216
626,26.083,26.197
627,26.147,26.243
628,26.057,26.156
629,25.979,26.074
630,25.938,26.028
631,25.861,25.946
632,25.776,25.869
633,25.661,25.739
634,25.592,25.678
635,25.539,25.613
636,25.457,25.525
637,25.505,25.576
638,25.500,25.568
639,25.555,25.632
640,25.528,25.610
641,25.493,25.562
642,25.398,25.468
643,25.376,25.445
644,25.328,25.399
645,25.369,25.435
646,25.417,25.481
647,25.417,25.490
648,25.447,25.525
649,25.434,25.508
650,25.457,25.534
651,25.464,25.533
652,25.407,25.499
653,25.358,25.447
654,25.360,25.442
655,25.320,25.407
656,25.277,25.362
657,25.287,25.377
658,25.276,25.351
659,25.303,25.382
660,25.159,25.232
661,25.276,25.356
662,25.246,25.328
663,25.243,25.321
664,25.148,25.218
665,25.192,25.267
666,25.131,25.205
667,25.155,25.230
668,25.214,25.288
669,25.369,25.443
670,25.290,25.364
671,25.377,25.456
672,25.370,25.449
673,25.462,25.541
674,25.456,25.548
675,25.384,25.460
676,25.468,25.548
677,25.460,25.541
678,25.456,25.540
679,25.394,25.461
680,25.535,25.610
681,25.590,25.668
682,25.578,25.647
683,25.656,25.739
684,25.670,25.749
685,25.752,25.843
686,25.623,25.702
687,25.716,25.802
688,25.638,25.702
689,25.700,25.758
690,25.623,25.677
691,25.717,25.788
692,25.727,25.812
693,25.672,25.743
694,25.737,25.813
695,25.753,25.824
696,25.690,25.761
697,25.790,25.866
698,25.781,25.853
699,25.775,25.852
700,25.864,25.942
701,25.809,25.884
702,25.893,25.971
703,25.812,25.883
704,25.838,25.927
705,25.689,25.766
706,25.724,25.804
707,25.674,25.740
708,25.638,25.720
709,25.610,25.685
710,25.648,25.728
711,25.702,25.799
712,25.667,25.756
713,25.713,25.809
714,25.748,25.832
715,25.762,25.850
716,25.844,25.930
717,25.862,25.952
718,25.922,26.011
719,26.007,26.108
720,26.077,26.177
721,26.046,26.163
722,26.121,26.238
723,26.090,26.202
724,26.155,26.267
725,26.171,26.279
726,26.062,26.134
727,26.024,26.100
728,26.067,26.145
729,26.112,26.183
730,26.226,26.322
731,26.228,26.327
732,26.206,26.302
733,26.277,26.369
734,26.301,26.408
735,26.325,26.435
736,26.480,26.586
737,26.569,26.684
738,26.605,26.718
739,26.622,26.732
740,26.659,26.767
741,26.684,26.787
742,26.731,26.849
743,26.703,26.814
744,26.771,26.895
745,26.848,26.976
746,26.857,26.982
747,26.851,26.987
748,26.901,27.032
749,26.911,27.039
750,26.896,27.028
751,26.930,27.063
752,26.979,27.114
753,27.026,27.171
754,27.041,27.185
755,26.991,27.119
756,26.716,26.812
757,26.874,27.017
758,26.848,27.007
759,26.902,27.056
760,26.857,26.987
761,26.816,26.945
762,26.840,26.975
763,26.861,27.025
764,26.823,26.990
765,27.026,27.180
766,27.024,27.172
767,26.967,27.111
768,26.956,27.100
769,26.957,27.105
770,26.943,27.088
771,26.916,27.072
772,26.896,27.042
773,26.764,26.912
774,26.754,26.887
775,26.746,26.896
776,26.760,26.902
777,26.815,26.957
778,26.752,26.895
779,26.725,26.874
780,26.724,26.870
781,26.735,26.886
782,26.764,26.919
783,26.688,26.839
784,26.636,26.774
785,26.626,26.768
786,26.614,26.748
787,26.610,26.749
788,26.611,26.752
789,26.573,26.709
790,26.580,26.730
791,26.590,26.743
792,26.713,26.865
793,26.780,26.930
794,26.696,26.842
795,26.652,26.783
796,26.643,26.786
797,26.601,26.732
798,26.698,26.833
799,26.697,26.824
800,26.722,26.850
801,26.735,26.870
802,26.719,26.848
803,26.789,26.911
804,26.821,26.972
805,26.867,27.019
806,26.942,27.078
807,26.825,26.916
808,27.002,27.113
809,26.941,27.059
810,26.916,27.042
811,26.901,27.026
812,26.823,26.942
813,26.761,26.885
814,26.726,26.818
815,26.580,26.630
816,26.724,26.858
817,26.744,26.864
818,26.721,26.851
819,26.747,26.877
820,26.743,26.878
821,26.731,26.860
822,26.732,26.839
823,26.688,26.796
824,26.570,26.677
825,26.604,26.725
826,26.567,26.687
827,26.624,26.749
828,26.621,26.740
829,26.597,26.718
830,26.576,26.684
831,26.592,26.705
832,26.537,26.639
833,26.540,26.638
834,26.442,26.549
835,26.472,26.592
836,26.459,26.570
837,26.405,26.511
838,26.359,26.468
839,26.317,26.423
840,26.229,26.325
841,26.177,26.264
842,26.102,26.190
843,26.117,26.207
844,26.111,26.191
845,26.029,26.120
846,25.994,26.077
847,25.918,26.005
848,25.963,26.040
849,26.018,26.096
850,25.983,26.059
851,25.958,26.031
852,26.012,26.085
853,25.965,26.040
854,25.853,25.917
855,25.872,25.940
856,25.900,25.971
857,25.920,25.984
858,25.819,25.884
859,25.898,25.977
860,25.874,25.942
861,25.813,25.878
862,25.834,25.907
863,25.803,25.869
864,25.822,25.881
865,25.840,25.903
866,25.869,25.922
867,25.945,26.017
868,25.860,25.922
869,25.921,25.987
870,25.826,25.889
871,25.942,26.010
872,25.803,25.875
873,25.930,26.013
874,25.796,25.855
875,25.787,25.859
876,25.888,25.969
877,25.888,25.967
878,25.939,26.031
879,25.931,26.018
880,25.928,26.030
881,26.019,26.106
882,26.109,26.197
883,25.904,25.957
884,25.951,26.003
885,25.917,25.955
886,26.085,26.154
887,26.016,26.091
888,26.106,26.188
889,26.012,26.090
890,25.949,26.023
891,25.996,26.075
892,26.082,26.157
893,26.034,26.109
894,26.035,26.118
895,25.975,26.053
896,26.073,26.159
897,26.086,26.174
898,26.075,26.154
899,26.104,26.188
900,25.986,26.059
901,25.934,26.010
902,25.890,25.961
903,26.082,26.158
904,26.018,26.063
905,26.047,26.117
906,26.137,26.211
907,26.019,26.098
908,25.978,26.038
909,25.980,26.038
910,26.126,26.195
911,26.070,26.135
912,25.867,25.931
913,26.258,26.350
914,26.024,26.109
915,26.070,26.166
916,26.002,26.108
917,26.140,26.232
918,26.092,26.183
919,26.043,26.126
920,26.109,26.196
921,26.077,26.158
922,26.052,26.145
923,26.019,26.092
924,25.984,26.057
925,25.943,26.020
926,26.094,26.174
927,25.995,26.076
928,26.046,26.107
929,25.891,25.922
930,26.070,26.103
931,26.115,26.167
932,26.161,26.209
933,26.179,26.244
934,26.021,26.083
935,26.025,26.078
936,25.984,26.043
937,25.908,25.965
938,25.885,25.939
939,25.865,25.931
940,25.780,25.836
941,25.739,25.795
942,25.764,25.824
943,25.698,25.752
944,25.662,25.721
945,25.726,25.796
946,25.674,25.737
947,25.655,25.702
948,25.707,25.759
949,25.722,25.764
950,25.658,25.713
951,25.559,25.617
952,25.517,25.571
953,25.747,25.824
954,25.736,25.803
955,25.803,25.884
956,25.683,25.751
957,25.694,25.766
958,25.624,25.699
959,25.655,25.724
960,25.584,25.634
961,25.622,25.689
962,25.600,25.673
963,25.669,25.737
964,25.760,25.842
965,25.666,25.743
966,25.774,25.845
967,25.823,25.899
968,25.750,25.811
969,25.778,25.837
970,25.912,25.982
971,25.866,25.936
972,25.938,26.017
973,25.929,25.999
974,26.012,26.072
975,26.105,26.170
976,26.184,26.259
977,26.214,26.287
978,26.301,26.381
979,26.260,26.328
980,26.249,26.315
981,26.200,26.263
982,26.135,26.207
983,26.154,26.224
984,26.090,26.160
985,26.089,26.158
986,26.085,26.159
987,26.121,26.208
988,26.135,26.214
989,26.158,26.243
990,26.123,26.205
991,26.036,26.126
992,25.925,26.007
993,25.916,25.988
994,25.866,25.950
995,25.848,25.941
996,25.755,25.853
997,25.740,25.836
998,25.838,25.921
999,25.831,25.911
1000,25.795,25.874
1001,25.716,25.785
1002,25.715,25.775
1003,25.757,25.819
1004,25.618,25.692
1005,25.662,25.744
1006,25.571,25.651
1007,25.529,25.607
1008,25.550,25.626
1009,25.655,25.730
1010,25.558,25.634
1011,25.520,25.592
1012,25.520,25.588
1013,25.480,25.541
1014,25.558,25.625
1015,25.483,25.550
1016,25.636,25.709
1017,25.445,25.509
1018,25.460,25.528
1019,25.494,25.576
1020,25.457,25.527
1021,25.421,25.488
1022,25.414,25.485
1023,25.375,25.449
1024,25.379,25.448
1025,25.427,25.499
1026,25.413,25.483
1027,25.488,25.554
1028,25.431,25.488
1029,25.437,25.503
1030,25.444,25.519
1031,25.390,25.467
1032,25.364,25.446
1033,25.383,25.470
1034,25.405,25.482
1035,25.438,25.526
1036,25.417,25.500
1037,25.435,25.522
1038,25.366,25.443
1039,25.330,25.409
1040,25.343,25.421
1041,25.351,25.444
1042,25.335,25.406
1043,25.331,25.406
1044,25.337,25.417
1045,25.419,25.511
1046,25.312,25.400
1047,25.302,25.398
1048,25.399,25.488
1049,25.255,25.343
1050,25.258,25.352
1051,25.207,25.292
1052,25.252,25.330
1053,25.300,25.378
1054,25.324,25.398
1055,25.385,25.465
1056,25.378,25.454
1057,25.540,25.637
1058,25.543,25.645
1059,25.504,25.592
1060,25.468,25.566
1061,25.437,25.524
1062,25.468,25.562
1063,25.473,25.567
1064,25.517,25.615
1065,25.412,25.503
1066,25.441,25.532
1067,25.475,25.567
1068,25.429,25.519
1069,25.466,25.549
1070,25.407,25.500
1071,25.383,25.471
1072,25.498,25.582
1073,25.504,25.591
1074,25.422,25.511
1075,25.446,25.533
1076,25.306,25.382
1077,25.415,25.496
1078,25.347,25.420
1079,25.333,25.390
1080,25.418,25.500
1081,25.580,25.660
1082,25.384,25.472
1083,25.407,25.489
1084,25.391,25.470
1085,25.384,25.461
1086,25.413,25.487
1087,25.372,25.444
1088,25.370,25.440
1089,25.443,25.526
1090,25.368,25.435
1091,25.379,25.447
1092,25.393,25.459
1093,25.519,25.593
1094,25.415,25.491
1095,25.456,25.534
1096,25.459,25.539
1097,25.447,25.522
1098,25.467,25.548
1099,25.483,25.557
1100,25.516,25.595
1101,25.476,25.542
1102,25.442,25.521
1103,25.500,25.584
1104,25.480,25.553
1105,25.426,25.505
1106,25.442,25.525
1107,25.443,25.523
1108,25.389,25.467
1109,25.415,25.490
1110,25.387,25.468
1111,25.422,25.497
1112,25.398,25.484
1113,25.370,25.443
1114,25.363,25.435
1115,25.394,25.472
1116,25.417,25.501
1117,25.411,25.493
1118,25.391,25.464
1119,25.390,25.470
1120,25.346,25.428
1121,25.327,25.399
1122,25.331,25.405
1123,25.342,25.404
1124,25.313,25.380
1125,25.283,25.355
1126,25.317,25.395
1127,25.293,25.363
1128,25.298,25.363
1129,25.376,25.432
1130,25.388,25.445
1131,25.416,25.469
1132,25.468,25.534
1133,25.400,25.464
1134,25.494,25.564
1135,25.447,25.514
1136,25.479,25.549
1137,25.487,25.556
1138,25.442,25.512
1139,25.503,25.571
1140,25.554,25.629
1141,25.502,25.568
1142,25.541,25.609
1143,25.500,25.563
1144,25.634,25.702
1145,25.642,25.716
1146,25.668,25.739
1147,25.704,25.770
1148,25.725,25.787
1149,25.761,25.822
1150,25.797,25.871
1151,25.808,25.880
1152,25.932,26.008
1153,25.817,25.886
1154,25.937,26.007
1155,25.964,26.032
1156,26.045,26.127
1157,25.974,26.050
1158,26.005,26.085
1159,25.991,26.060
1160,25.968,26.030
1161,26.047,26.122
1162,26.039,26.110
1163,26.064,26.142
1164,26.097,26.165
1165,26.033,26.103
1166,26.008,26.077
1167,25.996,26.070
1168,26.079,26.161
1169,25.942,26.020
1170,25.929,26.003
1171,25.896,25.960
1172,25.886,25.948
1173,25.853,25.907
1174,25.875,25.936
1175,25.856,25.916
1176,25.836,25.893
1177,25.853,25.913
1178,25.831,25.904
1179,25.817,25.878
1180,25.845,25.908
1181,25.876,25.944
1182,25.857,25.916
1183,25.900,25.971
1184,25.925,25.993
1185,25.930,26.003
1186,25.951,26.025
1187,25.905,25.967
1188,25.952,26.023
1189,25.892,25.957
1190,25.933,25.993
1191,25.887,25.954
1192,25.926,25.998
1193,25.962,26.018
1194,25.894,25.957
1195,25.906,25.966
1196,25.887,25.952
1197,25.934,25.997
1198,25.976,26.045
1199,26.009,26.072
1200,26.032,26.100
1201,26.059,26.131
1202,26.092,26.165
1203,26.020,26.083
1204,26.092,26.164
1205,26.040,26.112
1206,26.110,26.180
1207,26.121,26.195
1208,26.107,26.167
1209,26.114,26.173
1210,26.096,26.158
1211,26.066,26.133
1212,25.998,26.058
1213,25.959,26.029
1214,25.942,26.006
1215,25.967,26.036
1216,26.055,26.125
1217,26.025,26.095
1218,25.971,26.049
1219,25.946,26.014
1220,25.950,26.023
1221,25.910,25.980
1222,25.840,25.914
1223,25.845,25.908
1224,25.859,25.933
1225,25.853,25.915
1226,25.827,25.891
1227,25.811,25.868
1228,25.823,25.878
1229,25.826,25.868
1230,25.814,25.865
1231,25.829,25.870
1232,25.809,25.845
1233,25.843,25.883
1234,25.803,25.834
1235,25.798,25.836
1236,25.803,25.824
1237,25.807,25.837
1238,25.770,25.801
1239,25.798,25.838
1240,25.799,25.838
1241,25.805,25.842
1242,25.810,25.844
1243,25.821,25.854
1244,25.789,25.830
1245,25.771,25.814
1246,25.791,25.836
1247,25.744,25.784
1248,25.760,25.803
1249,25.736,25.776
1250,25.836,25.875
1251,25.823,25.863
1252,25.840,25.887
1253,25.847,25.892
1254,25.919,25.968
1255,25.952,26.004
1256,25.939,25.982
1257,25.812,25.859
1258,25.867,25.915
1259,25.875,25.928
1260,25.934,25.989
1261,26.084,26.123
1262,26.070,26.127
1263,26.116,26.186
1264,26.170,26.247
1265,26.094,26.164
1266,26.068,26.132
1267,26.061,26.117
1268,26.018,26.072
1269,26.022,26.085
1270,26.007,26.059
1271,25.998,26.060
1272,25.962,26.015
1273,25.985,26.039
1274,25.984,26.049
1275,25.996,26.046
1276,25.934,25.985
1277,25.969,26.019
1278,25.857,25.907
1279,25.839,25.881
1280,25.832,25.877
1281,25.856,25.890
1282,25.771,25.815
1283,25.859,25.905
1284,25.904,25.941
1285,25.771,25.797
1286,25.739,25.767
1287,25.931,25.987
1288,25.882,25.939
1289,25.812,25.861
1290,25.728,25.773
1291,25.791,25.827
1292,25.782,25.835
1293,25.882,25.931
1294,25.908,25.958
1295,25.912,25.961
1296,25.923,25.985
1297,25.946,26.006
1298,25.888,25.945
1299,25.886,25.952
1300,25.903,25.972
1301,25.970,26.029
1302,25.867,25.935
1303,25.880,25.947
1304,25.820,25.907
1305,25.781,25.860
1306,25.742,25.820
1307,25.709,25.784
1308,25.767,25.826
1309,25.688,25.752
1310,25.662,25.726
1311,25.827,25.892
1312,25.751,25.814
1313,25.799,25.863
1314,25.823,25.890
1315,25.743,25.810
1316,25.856,25.922
1317,25.794,25.853
1318,25.791,25.857
1319,25.876,25.955
1320,25.795,25.875
1321,25.789,25.846
1322,25.748,25.817
1323,25.762,25.839
1324,25.778,25.855
1325,25.774,25.833
1326,25.829,25.906
1327,25.731,25.802
1328,25.675,25.741
1329,25.515,25.586
1330,25.476,25.544
1331,25.470,25.529
1332,25.416,25.481
1333,25.391,25.449
1334,25.352,25.429
1335,25.388,25.458
1336,25.340,25.420
1337,25.343,25.414
1338,25.336,25.417
1339,25.279,25.361
1340,25.234,25.309
1341,25.250,25.331
1342,25.378,25.458
1343,25.366,25.449
1344,25.438,25.521
1345,25.417,25.510
1346,25.420,25.510
1347,25.372,25.463
1348,25.366,25.452
1349,25.404,25.494
1350,25.321,25.401
1351,25.309,25.390
1352,25.354,25.439
1353,25.323,25.416
1354,25.362,25.451
1355,25.247,25.359
1356,25.313,25.420
1357,25.358,25.472
1358,25.342,25.447
1359,25.445,25.558
1360,25.460,25.569
1361,25.623,25.725
1362,25.694,25.796
1363,25.707,25.811
1364,25.766,25.874
1365,25.789,25.895
1366,25.814,25.919
1367,25.847,25.945
1368,25.880,25.974
1369,25.936,26.038
1370,25.942,26.039
1371,25.891,25.982
1372,25.904,25.988
1373,25.934,26.019
1374,25.972,26.058
1375,25.984,26.074
1376,25.940,26.027
1377,25.972,26.059
1378,25.986,26.069
1379,25.980,26.066
1380,25.983,26.078
1381,26.000,26.090
1382,25.996,26.077
1383,26.018,26.113
1384,26.077,26.177
1385,26.089,26.181
1386,26.041,26.131
1387,25.990,26.079
1388,25.956,26.049
1389,26.010,26.102
1390,26.008,26.105
1391,26.027,26.136
1392,26.067,26.167
1393,26.001,26.092
1394,25.955,26.050
1395,25.944,26.033
1396,25.957,26.043
1397,25.883,25.960
1398,25.827,25.893
1399,25.797,25.863
1400,25.729,25.792
1401,25.725,25.795
1402,25.674,25.745
1403,25.633,25.698
1404,25.673,25.735
1405,25.648,25.715
1406,25.665,25.722
1407,25.682,25.745
1408,25.686,25.750
1409,25.691,25.752
1410,25.701,25.767
1411,25.676,25.736
1412,25.679,25.738
1413,25.665,25.723
1414,25.639,25.704
1415,25.615,25.677
1416,25.616,25.679
1417,25.614,25.675
1418,25.627,25.692
1419,25.628,25.682
1420,25.646,25.710
1421,25.621,25.686
1422,25.625,25.691
1423,25.668,25.733
1424,25.629,25.697
1425,25.586,25.644
1426,25.579,25.636
1427,25.574,25.629
1428,25.627,25.690
1429,25.652,25.698
1430,25.621,25.685
1431,25.627,25.687
1432,25.626,25.689
1433,25.762,25.830
1434,25.739,25.801
1435,25.702,25.769
1436,25.646,25.704
1437,25.643,25.703
1438,25.647,25.711
1439,25.641,25.708
1440,25.600,25.667
1441,25.615,25.681
1442,25.610,25.672
1443,25.662,25.729
1444,25.619,25.688
1445,25.654,25.718
1446,25.683,25.759
1447,25.632,25.696
1448,25.664,25.727
1449,25.674,25.739
1450,25.666,25.734
1451,25.681,25.749
1452,25.678,25.740
1453,25.644,25.698
1454,25.657,25.718
1455,25.699,25.761
1456,25.790,25.865
1457,25.756,25.823
1458,25.739,25.810
1459,25.713,25.779
1460,25.732,25.799
1461,25.783,25.856
1462,25.793,25.863
1463,25.771,25.832
1464,25.630,25.704
1465,25.737,25.812
1466,25.738,25.805
1467,25.765,25.829
1468,25.801,25.873
1469,25.818,25.889
1470,25.827,25.893
1471,25.880,25.950
1472,25.838,25.907
1473,25.916,25.991
1474,25.938,26.024
1475,25.982,26.066
1476,25.964,26.051
1477,26.009,26.109
1478,26.089,26.183
1479,26.106,26.196
1480,26.079,26.174
1481,25.998,26.088
1482,26.040,26.131
1483,26.020,26.108
1484,26.019,26.113
1485,25.980,26.065
1486,26.045,26.145
1487,26.100,26.199
1488,26.066,26.172
1489,26.172,26.281
1490,26.119,26.217
1491,26.204,26.315
1492,26.112,26.212
1493,26.096,26.208
1494,26.155,26.278
1495,26.042,26.155
1496,26.003,26.110
1497,26.095,26.203
1498,26.042,26.150
1499,26.027,26.132
1500,25.916,26.027
1501,25.967,26.076
1502,25.991,26.104
1503,25.960,26.063
1504,26.025,26.140
1505,25.988,26.090
1506,26.038,26.141
1507,25.924,26.032
1508,26.058,26.166
1509,25.938,26.047
1510,25.913,26.016
1511,25.985,26.093
1512,25.984,26.090
1513,26.002,26.099
1514,25.909,26.023
1515,25.995,26.105
1516,25.935,26.036
1517,25.972,26.076
1518,25.882,25.983
1519,25.993,26.107
1520,26.005,26.116
1521,25.967,26.068
1522,25.949,26.065
1523,25.901,26.012
1524,25.927,26.046
1525,25.890,25.998
1526,25.864,25.991
1527,25.869,25.983
1528,25.866,25.988
1529,25.807,25.924
1530,25.884,25.998
1531,25.933,26.047
1532,25.966,26.084
1533,25.926,26.044
1534,25.915,26.029
1535,25.878,25.990
1536,25.888,26.001
1537,25.828,25.939
1538,25.821,25.918
1539,25.790,25.893
1540,25.813,25.912
1541,25.812,25.916
1542,25.982,26.075
1543,26.011,26.104
1544,26.021,26.117
1545,26.061,26.153
1546,26.025,26.123
1547,26.070,26.165
1548,26.152,26.249
1549,26.174,26.270
1550,26.280,26.380
1551,26.292,26.386
1552,26.049,26.133
1553,26.066,26.138
1554,26.064,26.135
1555,26.099,26.170
1556,26.074,26.158
1557,26.065,26.139
1558,26.059,26.125
1559,26.063,26.121
1560,26.025,26.086
1561,25.960,26.024
1562,25.883,25.946
1563,25.841,25.901
1564,25.857,25.898
1565,25.788,25.825
1566,25.821,25.854
1567,25.749,25.794
1568,25.646,25.691
1569,25.558,25.597
1570,25.581,25.619
1571,25.581,25.611
1572,25.628,25.681
1573,25.549,25.582
1574,25.581,25.619
1575,25.505,25.549
1576,25.543,25.587
1577,25.476,25.512
1578,25.547,25.584
1579,25.463,25.490
1580,25.503,25.538
1581,25.475,25.503
1582,25.596,25.609
1583,25.604,25.632
1584,25.507,25.527
1585,25.537,25.577
1586,25.539,25.575
1587,25.491,25.508
1588,25.437,25.459
1589,25.464,25.474
1590,25.326,25.336
1591,25.400,25.409
1592,25.271,25.278
1593,25.339,25.350
1594,25.237,25.245
1595,25.133,25.139
1596,25.121,25.131
1597,25.097,25.109
1598,25.149,25.172
1599,25.112,25.132
1600,25.058,25.073
1601,24.976,24.980
1602,24.871,24.876
1603,24.859,24.849
1604,24.844,24.826
1605,24.887,24.880
1606,24.918,24.892
1607,24.853,24.832
1608,24.856,24.823
1609,24.805,24.765
1610,24.714,24.686
1611,24.628,24.591
1612,24.661,24.628
1613,24.596,24.575
1614,24.615,24.583
1615,24.736,24.707
1616,24.828,24.780
1617,24.674,24.622
1618,24.776,24.721
1619,24.642,24.580
1620,24.772,24.709
1621,24.585,24.492
1622,24.626,24.528
1623,24.753,24.661
1624,24.753,24.658
1625,24.994,24.917
1626,24.967,24.887
1627,24.945,24.880
1628,24.982,24.916
1629,24.941,24.871
1630,24.887,24.810
1631,25.012,24.933
1632,24.992,24.912
1633,24.924,24.843
1634,25.002,24.917
1635,24.876,24.789
1636,24.930,24.851
1637,24.934,24.847
1638,24.923,24.837
1639,24.851,24.761
1640,24.869,24.778
1641,25.048,24.959
1642,24.941,24.840
1643,25.119,25.030
1644,25.320,25.204
1645,25.132,25.018
1646,24.957,24.848
1647,24.994,24.891
1648,24.937,24.847
1649,24.975,24.881
1650,24.982,24.892
1651,24.874,24.785
1652,24.915,24.834
1653,24.848,24.759
1654,25.067,24.971
1655,24.870,24.762
1656,24.878,24.777
1657,24.960,24.867
1658,24.829,24.734
1659,24.962,24.863
1660,24.947,24.852
1661,25.018,24.928
1662,24.851,24.770
1663,24.820,24.744
1664,24.849,24.765
1665,24.780,24.679
1666,24.932,24.838
1667,24.838,24.745
1668,24.795,24.687
1669,24.862,24.754
1670,24.956,24.879
1671,25.025,24.932
1672,25.155,25.072
1673,25.124,25.038
1674,25.020,24.936
1675,25.065,24.993
1676,25.000,24.901
1677,24.790,24.684
1678,24.944,24.850
1679,24.981,24.885
1680,24.988,24.895
1681,24.958,24.857
1682,25.066,24.975
1683,25.020,24.930
1684,24.973,24.880
1685,25.006,24.919
1686,24.862,24.755
1687,24.851,24.740
1688,24.850,24.769
1689,24.804,24.728
1690,24.856,24.801
1691,24.777,24.702
1692,24.767,24.688
1693,24.775,24.717
1694,24.685,24.617
1695,24.674,24.610
1696,24.725,24.666
1697,24.655,24.587
1698,24.717,24.660
1699,24.673,24.599
1700,24.640,24.572
1701,24.704,24.642
1702,24.632,24.555
1703,24.628,24.561
1704,24.653,24.587
1705,24.590,24.521
1706,24.587,24.524
1707,24.472,24.405
1708,24.583,24.510
1709,24.553,24.483
1710,24.512,24.440
1711,24.434,24.356
1712,24.352,24.270
1713,24.476,24.405
1714,24.517,24.441
1715,24.550,24.470
1716,24.437,24.356
1717,24.456,24.381
1718,24.437,24.363
1719,24.424,24.355
1720,24.396,24.334
1721,24.424,24.344
1722,24.335,24.250
1723,24.358,24.283
1724,24.366,24.297
1725,24.434,24.354
1726,24.432,24.362
1727,24.401,24.327
1728,24.522,24.462
1729,24.431,24.356
1730,24.497,24.423
1731,24.561,24.500
1732,24.429,24.361
1733,24.480,24.419
1734,24.407,24.352
1735,24.471,24.421
1736,24.369,24.311
1737,24.390,24.344
1738,24.392,24.339
1739,24.416,24.361
1740,24.333,24.291
1741,24.407,24.359
1742,24.430,24.356
1743,24.379,24.323
1744,24.454,24.394
1745,24.292,24.233
1746,24.254,24.198
1747,24.336,24.277
1748,24.265,24.195
1749,24.312,24.253
1750,24.193,24.118
1751,24.251,24.186
1752,24.226,24.164
1753,24.168,24.100
1754,24.249,24.194
1755,24.158,24.097
1756,24.192,24.145
1757,24.237,24.167
1758,24.177,24.091
1759,24.114,24.032
1760,24.331,24.237
1761,24.306,24.221
1762,24.337,24.259
1763,24.371,24.286
1764,24.280,24.193
1765,24.290,24.196
1766,24.404,24.318
1767,24.447,24.355
1768,24.377,24.273
1769,24.425,24.337
1770,24.396,24.311
1771,24.415,24.321
1772,24.368,24.274
1773,24.365,24.283
1774,24.336,24.245
1775,24.362,24.281
1776,24.342,24.259
1777,24.340,24.259
1778,24.341,24.257
1779,24.285,24.193
1780,24.287,24.200
1781,24.329,24.250
1782,24.237,24.162
1783,24.194,24.106
1784,24.177,24.095
1785,24.235,24.151
1786,24.244,24.164
1787,24.229,24.140
1788,24.350,24.263
1789,24.333,24.248
1790,24.376,24.305
1791,24.514,24.432
1792,24.541,24.459
1793,24.452,24.381
1794,24.464,24.381
1795,24.471,24.386
1796,24.464,24.396
1797,24.452,24.387
1798,24.424,24.352
1799,24.468,24.401
1800,24.512,24.433
1801,24.505,24.422
1802,24.550,24.459
1803,24.486,24.403
1804,24.471,24.395
1805,24.601,24.514
1806,24.573,24.482
1807,24.322,24.239
1808,24.255,24.166
1809,24.277,24.190
1810,24.204,24.115
1811,24.254,24.161
1812,24.440,24.337
1813,24.476,24.376
1814,24.505,24.408
1815,24.508,24.414
1816,24.518,24.412
1817,24.476,24.368
1818,24.462,24.358
1819,24.445,24.341
1820,24.438,24.325
1821,24.409,24.316
1822,24.441,24.342
1823,24.469,24.371
1824,24.437,24.332
1825,24.413,24.312
1826,24.386,24.293
1827,24.372,24.277
1828,24.356,24.264
1829,24.324,24.233
1830,24.409,24.316
1831,24.371,24.272
1832,24.355,24.256
1833,24.374,24.284
1834,24.370,24.280
1835,24.214,24.114
1836,24.360,24.269
1837,24.478,24.393
1838,24.572,24.486
1839,24.580,24.474
1840,24.627,24.521
