0,9.904,13.684
1,9.916,13.715
2,9.892,13.662
3,10.000,13.777
4,10.143,14.001
5,10.317,14.201
6,10.363,14.277
7,10.375,14.251
8,10.438,14.361
9,10.422,14.322
10,10.429,14.356
11,10.407,14.301
12,10.437,14.336
13,10.307,14.168
14,10.139,14.087
15,9.889,13.798
16,9.604,13.526
17,9.222,13.150
18,8.706,12.608
19,8.157,12.031
20,7.549,11.323
21,6.856,10.563
22,6.577,10.302
23,7.963,11.329
24,8.171,11.507
25,8.386,11.639
26,8.799,11.957
27,9.478,12.554
28,10.376,13.393
29,10.852,13.871
30,11.152,14.121
31,11.324,14.260
32,11.183,14.440
33,11.417,14.646
34,11.613,14.881
35,11.324,14.772
36,11.305,14.760
37,11.173,14.719
38,10.904,14.485
39,11.035,14.661
40,11.161,14.832
41,11.384,15.104
42,11.454,15.223
43,11.543,15.376
44,11.619,15.520
45,11.723,15.699
46,11.722,15.691
47,11.741,15.726
48,11.755,15.731
49,11.725,15.684
50,11.729,15.679
51,11.662,15.638
52,11.498,15.446
53,11.167,15.063
54,10.935,14.801
55,10.734,14.582
56,10.483,14.218
57,10.180,13.828
58,9.918,13.494
59,9.749,13.343
60,9.565,13.114
61,9.399,12.905
62,9.264,12.770
63,9.270,12.802
64,9.393,12.947
65,9.451,12.967
66,9.527,13.044
67,9.659,13.249
68,9.764,13.378
69,9.904,13.602
70,10.009,13.750
71,10.100,13.882
72,10.126,13.954
73,10.080,13.873
74,10.072,13.868
75,10.001,13.786
76,9.974,13.716
77,9.897,13.639
78,9.895,13.650
79,9.865,13.610
80,9.843,13.608
81,9.769,13.480
82,9.745,13.451
83,9.637,13.298
84,9.658,13.346
85,9.634,13.291
86,9.571,13.219
87,9.515,13.137
88,9.410,13.049
89,9.198,12.954
90,8.848,12.685
91,8.428,12.352
92,7.904,11.974
93,7.163,11.353
94,5.996,10.242
95,5.290,9.309
96,4.266,8.289
97,4.289,8.205
98,6.096,8.761
99,6.809,9.368
100,7.554,10.007
101,8.203,10.588
102,8.672,11.026
103,9.153,11.487
104,9.550,12.010
105,10.090,12.589
106,10.423,12.956
107,10.490,13.313
108,10.732,13.595
109,10.959,13.846
110,11.191,14.308
111,11.411,14.553
112,11.530,14.753
113,11.576,15.100
114,11.748,15.303
115,11.778,15.416
116,11.643,15.547
117,11.750,15.714
118,11.516,15.532
119,11.071,15.081
120,11.115,15.113
121,11.171,15.170
122,11.373,15.414
123,11.519,15.589
124,11.663,15.679
125,11.773,15.778
126,11.794,15.814
127,11.807,15.796
128,11.804,15.818
129,11.810,15.788
130,11.838,15.847
131,11.785,15.764
132,11.806,15.801
133,11.838,15.840
134,11.712,15.681
135,11.634,15.634
136,11.488,15.506
137,11.329,15.329
138,11.218,15.257
139,11.121,15.148
140,10.960,14.949
141,10.859,14.824
142,10.623,14.555
143,10.493,14.394
144,10.426,14.311
145,10.329,14.203
146,10.213,14.045
147,10.124,13.927
148,10.032,13.801
149,9.903,13.669
150,9.851,13.576
151,9.839,13.586
152,9.780,13.502
153,9.703,13.403
154,9.616,13.298
155,9.473,13.170
156,9.289,12.949
157,9.104,12.758
158,8.915,12.565
159,8.724,12.351
160,8.486,12.048
161,8.305,11.885
162,8.025,11.613
163,7.709,11.282
164,8.048,11.694
165,8.215,11.921
166,8.546,12.255
167,9.499,13.301
168,9.830,13.636
169,10.151,13.951
170,10.134,13.971
171,10.338,14.228
172,10.589,14.538
173,10.232,14.104
174,10.366,14.266
175,10.305,14.189
176,9.656,13.353
177,9.573,13.272
178,9.456,13.089
179,9.541,13.197
180,9.578,13.245
181,9.613,13.273
182,9.635,13.321
183,9.605,13.262
184,9.628,13.329
185,9.633,13.306
186,9.583,13.241
187,9.611,13.285
188,9.613,13.265
189,9.599,13.253
190,9.628,13.326
191,9.541,13.232
192,9.315,13.073
193,8.918,12.692
194,8.436,12.387
195,7.784,11.971
196,6.778,11.200
197,5.327,9.805
198,3.045,7.623
199,2.468,7.215
200,4.293,7.370
201,4.554,7.468
202,5.231,7.956
203,7.107,9.512
204,8.417,10.799
205,9.608,11.997
206,10.540,12.879
207,11.355,13.664
208,12.032,14.302
209,12.266,14.515
210,12.296,14.512
211,12.268,14.461
212,12.386,14.836
213,12.431,14.915
214,12.471,15.039
215,12.533,15.349
216,12.513,15.403
217,12.488,15.555
218,12.415,15.823
219,12.342,15.838
220,12.277,15.970
221,11.986,15.855
222,12.034,15.945
223,12.175,16.039
224,12.199,15.982
225,12.159,15.869
226,12.108,15.730
227,12.006,15.564
228,11.841,15.348
229,11.656,15.134
230,11.442,14.917
231,11.228,14.706
232,10.991,14.447
233,10.780,14.257
234,10.588,14.152
235,10.293,13.900
236,10.096,13.768
237,9.885,13.594
238,9.718,13.447
239,9.661,13.494
240,9.834,13.699
241,10.047,13.951
242,10.196,14.071
243,10.411,14.285
244,10.584,14.426
245,10.811,14.700
246,10.896,14.760
247,11.046,14.926
248,11.253,15.179
249,11.359,15.297
250,11.505,15.508
251,11.596,15.622
252,11.509,15.573
253,11.413,15.483
254,11.298,15.346
255,11.169,15.227
256,11.021,15.050
257,10.901,14.905
258,10.793,14.789
259,10.696,14.683
260,10.513,14.404
261,10.480,14.416
262,10.361,14.245
263,10.235,14.112
264,10.141,13.958
265,10.096,13.909
266,9.967,13.758
267,9.928,13.689
268,9.868,13.613
269,9.816,13.543
270,9.746,13.451
271,9.652,13.325
272,9.647,13.340
273,9.580,13.252
274,9.542,13.199
275,9.484,13.105
276,9.464,13.091
277,9.432,13.049
278,9.368,12.963
279,9.343,12.929
280,9.289,12.861
281,9.311,12.889
282,9.279,12.832
283,9.277,12.860
284,9.287,12.883
285,9.210,12.781
286,9.143,12.677
287,9.101,12.615
288,9.101,12.644
289,9.036,12.526
290,9.038,12.536
291,9.020,12.533
292,8.984,12.462
293,8.915,12.377
294,8.886,12.331
295,8.899,12.362
296,8.857,12.299
297,8.833,12.262
298,8.846,12.296
299,8.794,12.200
300,8.747,12.147
301,8.742,12.150
302,8.755,12.191
303,8.691,12.077
304,8.669,12.060
305,8.657,12.030
306,8.632,11.984
307,8.618,11.973
308,8.630,12.025
309,8.558,11.888
310,8.560,11.909
311,8.547,11.891
312,8.496,11.825
313,8.470,11.782
314,8.483,11.809
315,8.411,11.699
316,8.385,11.687
317,8.353,11.661
318,8.337,11.624
319,8.324,11.613
320,8.316,11.630
321,8.241,11.501
322,8.228,11.509
323,8.213,11.481
324,8.192,11.478
325,8.153,11.402
326,8.137,11.382
327,8.120,11.377
328,8.092,11.356
329,8.033,11.257
330,8.023,11.251
331,8.010,11.241
332,8.167,11.434
333,8.211,11.483
334,8.314,11.629
335,8.257,11.541
336,8.226,11.504
337,8.209,11.481
338,8.214,11.477
339,8.216,11.488
340,8.200,11.456
341,8.213,11.474
342,8.205,11.471
343,8.233,11.523
344,8.235,11.514
345,8.224,11.492
346,8.210,11.468
347,8.211,11.486
348,8.223,11.484
349,8.249,11.541
350,8.238,11.527
351,8.237,11.517
352,8.232,11.517
353,8.249,11.549
354,8.252,11.557
355,8.242,11.528
356,8.222,11.495
357,8.246,11.550
358,8.249,11.539
359,8.249,11.529
360,8.280,11.599
361,8.226,11.487
362,8.252,11.531
363,8.242,11.525
364,8.244,11.524
365,8.250,11.532
366,8.226,11.488
367,8.225,11.496
368,8.251,11.540
369,8.235,11.499
370,8.256,11.547
371,8.260,11.568
372,8.225,11.486
373,8.274,11.587
374,8.253,11.547
375,8.260,11.541
376,8.219,11.469
377,8.249,11.542
378,8.220,11.489
379,8.261,11.548
380,8.247,11.523
381,8.263,11.565
382,8.229,11.502
383,8.251,11.533
384,8.244,11.531
385,8.221,11.491
386,8.229,11.495
387,8.256,11.552
388,8.255,11.543
389,8.230,11.496
390,8.258,11.522
391,8.256,11.540
392,8.244,11.543
393,8.252,11.542
394,8.234,11.520
395,8.253,11.535
396,8.231,11.515
397,8.237,11.512
398,8.216,11.485
399,8.219,11.494
400,8.234,11.524
401,8.231,11.539
402,8.200,11.505
403,8.188,11.472
404,8.201,11.517
405,8.191,11.498
406,8.173,11.461
407,8.197,11.518
408,8.146,11.421
409,8.152,11.428
410,8.126,11.395
411,8.157,11.466
412,8.133,11.429
413,8.134,11.438
414,8.125,11.427
415,8.112,11.408
416,8.284,11.660
417,8.284,11.758
418,8.181,11.665
419,8.076,11.640
420,7.897,11.490
421,7.708,11.379
422,8.077,11.900
423,7.883,11.723
424,7.680,11.550
425,8.232,12.188
426,8.314,12.329
427,8.713,12.822
428,9.760,13.766
429,10.227,14.087
430,10.703,14.462
431,10.848,14.667
432,11.133,14.976
433,11.508,15.358
434,11.403,15.473
435,11.556,15.706
436,11.523,15.654
437,10.930,15.084
438,10.823,14.941
439,10.674,14.779
440,10.567,14.598
441,10.485,14.525
442,10.354,14.388
443,10.077,14.021
444,10.103,14.068
445,10.125,14.105
446,10.143,14.114
447,10.190,14.171
448,10.251,14.277
449,10.293,14.321
450,10.324,14.347
451,10.328,14.365
452,10.330,14.338
453,10.339,14.343
454,10.384,14.397
455,10.405,14.429
456,10.388,14.394
457,10.383,14.375
458,10.398,14.432
459,10.372,14.367
460,10.307,14.239
461,10.309,14.261
462,10.303,14.286
463,10.234,14.185
464,10.258,14.197
465,10.222,14.139
466,10.241,14.179
467,10.257,14.209
468,10.240,14.177
469,10.264,14.186
470,10.277,14.213
471,10.253,14.196
472,10.177,14.086
473,10.185,14.118
474,10.119,14.007
475,10.089,14.010
476,9.954,13.815
477,9.937,13.800
478,9.825,13.676
479,9.694,13.493
480,9.609,13.365
481,9.545,13.301
482,9.434,13.158
483,9.378,13.101
484,9.299,13.052
485,9.178,12.911
486,9.035,12.728
487,8.934,12.584
488,8.913,12.615
489,8.789,12.432
490,8.723,12.372
491,8.633,12.253
492,8.544,12.133
493,8.429,12.000
494,8.354,11.920
495,8.275,11.822
496,8.154,11.648
497,8.532,12.160
498,8.544,12.207
499,8.482,12.118
500,8.572,12.232
501,8.554,12.224
502,8.534,12.179
503,8.591,12.255
504,8.586,12.250
505,8.650,12.339
506,8.817,12.534
507,8.838,12.558
508,8.923,12.663
509,8.886,12.642
510,8.952,12.726
511,9.001,12.804
512,9.046,12.847
513,9.115,12.946
514,9.218,13.055
515,9.365,13.181
516,9.615,13.502
517,9.742,13.663
518,9.829,13.739
519,9.958,13.878
520,10.094,14.002
521,9.950,13.827
522,10.012,13.907
523,10.059,13.936
524,10.043,13.925
525,9.999,13.881
526,10.037,13.903
527,9.978,13.836
528,9.978,13.836
529,9.979,13.788
530,10.016,13.832
531,10.054,13.855
532,10.084,13.923
533,10.148,13.988
534,10.244,14.138
535,10.257,14.092
536,10.305,14.159
537,10.316,14.192
538,10.357,14.202
539,10.301,14.113
540,10.300,14.134
541,10.258,14.071
542,10.213,14.020
543,10.160,13.928
544,10.122,13.866
545,10.003,13.709
546,9.970,13.677
547,9.888,13.561
548,9.852,13.488
549,9.807,13.420
550,9.786,13.406
551,9.688,13.267
552,9.656,13.244
553,9.585,13.144
554,9.505,13.043
555,9.376,12.836
556,9.312,12.774
557,9.215,12.645
558,9.185,12.599
559,9.132,12.543
560,9.079,12.450
561,9.022,12.379
562,8.979,12.361
563,8.944,12.322
564,8.884,12.270
565,8.760,12.111
566,8.614,11.940
567,8.440,11.721
568,8.287,11.573
569,8.032,11.266
570,7.823,11.035
571,7.601,10.768
572,7.689,10.881
573,7.462,10.595
574,7.125,10.240
575,7.150,10.220
576,6.804,9.801
577,6.441,9.355
578,6.600,9.474
579,6.572,9.436
580,6.630,9.554
581,6.820,9.778
582,6.803,9.742
583,6.795,9.698
584,6.958,9.850
585,7.001,9.912
586,7.001,9.872
587,7.277,10.141
588,7.329,10.167
589,7.441,10.260
590,7.517,10.318
591,7.606,10.424
592,7.672,10.457
593,7.664,10.420
594,7.713,10.459
595,7.707,10.439
596,7.768,10.483
597,7.963,10.662
598,7.860,10.498
599,7.665,10.333
600,7.560,10.248
601,7.485,10.133
602,7.436,10.107
603,7.320,9.908
604,7.251,9.809
605,7.208,9.723
606,7.267,9.780
607,7.244,9.814
608,7.213,9.918
609,7.425,10.214
610,7.486,10.228
611,7.332,10.129
612,7.421,10.252
613,7.454,10.298
614,7.595,10.450
615,7.663,10.382
616,7.847,10.602
617,7.802,10.542
618,7.913,10.661
619,8.216,10.907
620,8.240,10.856
621,8.194,10.851
622,8.309,11.019
623,8.062,10.757
624,8.202,10.898
625,8.441,11.149
626,8.314,11.065
627,8.340,11.116
628,8.384,11.168
629,8.255,11.061
630,8.233,11.057
631,8.193,10.995
632,8.290,11.075
633,8.358,11.145
634,8.373,11.111
635,8.404,11.148
636,8.458,11.202
637,8.470,11.183
638,8.530,11.222
639,8.503,11.202
640,8.522,11.167
641,8.832,11.340
642,9.039,11.491
643,9.081,11.518
644,9.049,11.478
645,8.913,11.357
646,8.883,11.286
647,8.811,11.228
648,8.704,11.073
649,8.702,11.069
650,8.719,11.086
651,8.734,11.092
652,8.719,11.070
653,8.744,11.135
654,8.844,11.244
655,8.906,11.339
656,8.922,11.430
657,8.952,11.639
658,9.156,11.829
659,9.097,11.682
660,8.978,11.570
661,8.834,11.433
662,8.589,11.180
663,8.361,10.946
664,8.020,10.864
665,7.909,10.919
666,7.868,10.964
667,7.844,10.938
668,7.828,10.818
669,7.893,10.996
670,7.888,10.835
671,7.931,10.931
672,7.882,10.821
673,7.922,10.789
674,7.936,10.827
675,7.950,10.822
676,7.871,10.554
677,7.839,10.477
678,7.943,10.722
679,7.964,11.063
680,7.996,11.034
681,7.991,10.740
682,8.256,11.401
683,8.388,11.552
684,8.474,11.653
685,8.622,11.810
686,8.738,11.884
687,8.836,11.959
688,8.896,11.918
689,9.051,12.192
690,9.088,11.951
691,9.275,12.044
692,9.412,12.472
693,9.608,12.647
694,9.674,12.810
695,9.756,12.928
696,9.772,12.955
697,9.720,12.907
698,9.667,12.858
699,9.579,12.768
700,9.575,12.797
701,9.517,12.747
702,9.367,12.614
703,9.262,12.491
704,9.186,12.414
705,9.079,12.279
706,8.997,12.204
707,8.958,12.160
708,8.763,11.954
709,8.606,11.734
710,8.528,11.630
711,8.364,11.445
712,8.594,11.743
713,8.691,11.791
714,8.686,11.808
715,8.539,11.614
716,8.390,11.433
717,8.257,11.293
718,8.198,11.241
719,8.218,11.267
720,8.244,11.300
721,8.274,11.370
722,8.112,11.176
723,8.016,11.057
724,7.844,10.840
725,7.701,10.671
726,7.560,10.518
727,7.444,10.370
728,7.324,10.237
729,7.185,10.088
730,7.051,9.958
731,7.077,9.944
732,6.818,9.660
733,6.778,9.597
734,6.689,9.542
735,6.380,9.227
736,6.458,9.179
737,6.588,9.185
738,6.367,8.929
739,6.207,8.719
740,6.133,8.650
741,6.130,8.639
742,6.187,8.708
743,6.149,8.689
744,6.189,8.722
745,6.229,8.737
746,6.322,8.847
747,6.474,8.994
748,6.627,9.122
749,6.766,9.246
750,6.883,9.343
751,7.006,9.436
752,7.036,9.516
753,7.035,9.722
754,7.067,9.799
755,6.973,9.712
756,6.925,9.642
757,6.928,9.701
758,6.878,9.612
759,6.872,9.640
760,6.925,9.687
761,6.959,9.680
762,6.999,9.722
763,6.903,9.603
764,6.890,9.576
765,6.927,9.584
766,7.090,9.709
767,7.130,9.525
768,7.342,9.833
769,7.435,9.971
770,7.331,9.857
771,7.398,9.913
772,7.438,9.840
773,7.409,9.874
774,7.431,9.942
775,7.537,9.984
776,7.618,10.025
777,7.723,10.121
778,7.784,10.211
779,7.798,10.174
780,7.806,10.219
781,7.911,10.349
782,7.771,10.366
783,7.788,10.413
784,7.824,10.462
785,7.830,10.432
786,7.931,10.564
787,7.944,10.564
788,7.947,10.564
789,7.935,10.465
790,7.920,10.385
791,8.088,10.691
792,8.064,10.601
793,8.144,10.719
794,8.185,10.683
795,8.123,10.541
796,8.329,10.803
797,8.320,10.850
798,8.289,10.799
799,8.336,10.898
800,8.334,10.905
801,8.267,10.794
802,8.409,10.702
803,8.446,10.749
804,8.468,10.929
805,8.388,10.932
806,8.359,10.932
807,8.331,10.865
808,8.364,10.914
809,8.399,10.947
810,8.427,10.951
811,8.507,11.043
812,8.498,11.074
813,8.535,11.132
814,8.571,11.159
815,8.597,11.185
816,8.619,11.189
817,8.663,11.215
818,8.842,11.337
819,8.714,11.305
820,8.669,11.257
821,8.636,11.252
822,8.527,11.151
823,8.506,11.171
824,8.377,11.001
825,8.153,10.773
826,8.088,10.742
827,7.901,10.557
828,7.760,10.409
829,7.576,10.225
830,7.429,10.086
831,7.357,10.079
832,7.239,10.016
833,7.133,9.931
834,6.975,9.740
835,6.912,9.706
836,6.915,9.550
837,6.976,9.642
838,6.972,9.692
839,6.884,9.654
840,7.041,9.632
841,7.199,9.696
842,7.329,9.817
843,7.351,9.814
844,7.394,9.837
845,7.414,9.879
846,7.495,9.937
847,7.491,9.947
848,7.497,9.933
849,7.478,9.921
850,7.447,9.861
851,7.535,10.095
852,7.468,10.242
853,7.571,10.502
854,7.400,10.439
855,7.105,9.986
856,6.969,9.989
857,6.676,9.808
858,6.526,9.752
859,6.398,9.660
860,6.420,9.563
861,6.290,9.260
862,6.282,9.214
863,6.446,9.174
864,6.702,9.202
865,6.909,9.489
866,7.039,9.623
867,7.223,9.726
868,7.395,9.886
869,7.426,10.005
870,7.570,10.335
871,7.669,10.572
872,7.737,10.685
873,7.746,10.585
874,7.777,10.611
875,7.751,10.469
876,7.794,10.534
877,7.821,10.511
878,7.818,10.564
879,7.885,10.699
880,7.915,10.730
881,7.904,10.673
882,7.900,10.678
883,7.837,10.557
884,7.812,10.509
885,7.826,10.530
886,7.859,10.574
887,7.905,10.626
888,7.963,10.585
889,8.113,10.789
890,8.120,10.835
891,8.148,10.902
892,8.141,10.874
893,8.162,10.893
894,8.156,10.884
895,8.168,10.864
896,8.211,10.895
897,8.256,10.951
898,8.313,11.038
899,8.373,11.057
900,8.388,11.018
901,8.428,11.097
902,8.405,11.051
903,8.461,11.104
904,8.483,11.048
905,8.495,11.005
906,8.548,11.133
907,8.587,11.245
908,8.607,11.316
909,8.620,11.339
910,8.613,11.273
911,8.618,11.233
912,8.662,11.288
913,8.640,11.349
914,8.665,11.371
915,8.643,11.205
916,8.731,11.287
917,8.675,11.322
918,8.733,11.406
919,8.740,11.449
920,8.757,11.498
921,8.716,11.411
922,8.778,11.453
923,8.861,11.537
924,8.914,11.578
925,8.927,11.595
926,8.886,11.535
927,8.688,11.341
928,8.640,11.271
929,8.599,11.212
930,8.538,11.132
931,8.478,11.055
932,8.442,11.006
933,8.369,10.922
934,8.424,10.955
935,8.327,10.856
936,8.275,10.794
937,8.269,10.796
938,8.122,10.623
939,8.114,10.636
940,7.973,10.460
941,7.989,10.469
942,8.033,10.513
943,8.052,10.543
944,7.899,10.367
945,7.850,10.323
946,7.775,10.249
947,7.713,10.171
948,7.671,10.128
949,7.545,9.976
950,7.527,9.978
951,7.550,9.978
952,7.547,9.973
953,7.776,10.254
954,7.768,10.227
955,7.727,10.173
956,7.564,10.023
957,7.399,9.830
958,7.617,10.061
959,7.633,10.086
960,7.618,10.062
961,7.586,10.010
962,7.494,9.918
963,7.518,9.952
964,7.485,9.924
965,7.486,9.932
966,7.428,9.865
967,7.421,9.872
968,7.390,9.838
969,7.371,9.826
970,7.330,9.775
971,7.293,9.746
972,7.289,9.753
973,7.256,9.718
974,7.265,9.725
975,7.260,9.722
976,7.231,9.683
977,7.221,9.675
978,7.214,9.671
979,7.236,9.720
980,7.192,9.650
981,7.189,9.654
982,7.183,9.656
983,7.175,9.649
984,7.153,9.641
985,7.126,9.598
986,7.069,9.550
987,7.030,9.505
988,7.004,9.494
989,6.984,9.485
990,6.951,9.456
991,6.953,9.474
992,7.014,9.513
993,7.065,9.581
994,7.086,9.606
995,7.026,9.532
996,7.015,9.538
997,7.013,9.543
998,7.010,9.545
999,6.998,9.529
1000,6.996,9.534
1001,7.102,9.640
1002,7.126,9.655
1003,7.169,9.704
1004,7.153,9.684
1005,7.127,9.663
1006,7.116,9.667
1007,7.098,9.622
1008,7.108,9.646
1009,7.085,9.628
1010,7.079,9.627
1011,7.103,9.661
1012,7.070,9.606
1013,7.094,9.632
1014,7.097,9.641
1015,7.099,9.647
1016,7.210,9.754
1017,7.242,9.790
1018,7.305,9.867
1019,7.273,9.828
1020,7.288,9.851
1021,7.309,9.863
1022,7.319,9.874
1023,7.327,9.894
1024,7.280,9.811
1025,7.310,9.832
1026,7.457,9.971
1027,7.514,10.016
1028,7.562,10.083
1029,7.575,10.085
1030,7.640,10.157
1031,7.688,10.191
1032,7.759,10.260
1033,7.830,10.343
1034,7.754,10.262
1035,7.775,10.290
1036,7.779,10.287
1037,7.575,10.078
1038,7.673,10.182
1039,7.615,10.146
1040,7.682,10.201
1041,7.635,10.148
1042,7.817,10.354
1043,7.839,10.346
1044,7.867,10.387
1045,7.901,10.415
1046,7.759,10.283
1047,7.703,10.216
1048,7.653,10.164
1049,7.684,10.203
1050,7.675,10.200
1051,7.705,10.230
1052,7.723,10.269
1053,7.694,10.237
1054,7.693,10.236
1055,7.691,10.247
1056,7.655,10.190
1057,7.655,10.197
1058,7.621,10.159
1059,7.636,10.192
1060,7.632,10.169
1061,7.635,10.178
1062,7.627,10.177
1063,7.611,10.165
1064,7.617,10.183
1065,7.606,10.158
1066,7.631,10.195
1067,7.631,10.187
1068,7.632,10.189
1069,7.632,10.206
1070,7.615,10.171
1071,7.628,10.202
1072,7.631,10.189
1073,7.655,10.235
1074,7.643,10.198
1075,7.642,10.210
1076,7.656,10.226
1077,7.685,10.265
1078,7.692,10.272
1079,7.741,10.344
1080,7.739,10.320
1081,7.798,10.402
1082,7.719,10.316
1083,7.745,10.353
1084,7.744,10.329
1085,7.772,10.381
1086,7.786,10.392
1087,7.830,10.448
1088,7.835,10.428
1089,7.862,10.495
1090,7.860,10.477
1091,7.897,10.532
1092,7.920,10.558
1093,7.937,10.582
1094,7.974,10.623
1095,7.980,10.640
1096,8.001,10.675
1097,8.038,10.713
1098,8.048,10.738
1099,8.033,10.726
1100,8.051,10.721
1101,8.083,10.773
1102,8.128,10.837
1103,8.136,10.846
1104,8.141,10.843
1105,8.175,10.882
1106,8.180,10.886
1107,8.185,10.911
1108,8.187,10.922
1109,8.214,10.962
1110,8.197,10.949
1111,8.221,10.978
1112,8.147,10.883
1113,8.111,10.848
1114,8.079,10.824
1115,8.079,10.852
1116,8.052,10.820
1117,8.015,10.793
1118,7.983,10.764
1119,7.941,10.703
1120,7.903,10.672
1121,7.886,10.678
1122,7.864,10.648
1123,7.805,10.591
1124,7.772,10.564
1125,7.702,10.492
1126,7.669,10.457
1127,7.642,10.443
1128,7.599,10.399
1129,7.524,10.297
1130,7.474,10.260
1131,7.439,10.210
1132,7.405,10.179
1133,7.387,10.187
1134,7.367,10.161
1135,7.335,10.137
1136,7.291,10.079
1137,7.264,10.063
1138,7.270,10.072
1139,7.283,10.094
1140,7.264,10.050
1141,7.257,10.051
1142,7.219,10.007
1143,7.259,10.068
1144,7.251,10.062
1145,7.279,10.090
1146,7.330,10.172
1147,7.346,10.179
1148,7.385,10.217
1149,7.426,10.260
1150,7.480,10.319
1151,7.540,10.383
1152,7.564,10.404
1153,7.548,10.356
1154,7.589,10.412
1155,7.310,10.097
1156,7.455,10.256
1157,7.526,10.362
1158,7.533,10.373
1159,7.509,10.365
1160,7.528,10.417
1161,7.442,10.315
1162,7.334,10.191
1163,7.275,10.162
1164,7.115,9.980
1165,7.020,9.880
1166,7.270,10.140
1167,7.286,10.179
1168,7.302,10.168
1169,7.492,10.373
1170,7.537,10.429
1171,7.600,10.514
1172,7.677,10.587
1173,7.744,10.654
1174,7.802,10.723
1175,7.731,10.608
1176,7.723,10.618
1177,7.686,10.553
1178,7.688,10.590
1179,7.656,10.576
1180,7.597,10.501
1181,7.600,10.524
1182,7.587,10.500
1183,7.652,10.558
1184,7.776,10.701
1185,7.881,10.840
1186,8.025,10.966
1187,8.116,11.087
1188,8.284,11.263
1189,8.423,11.450
1190,8.407,11.433
1191,8.471,11.502
1192,8.562,11.604
1193,8.497,11.531
1194,8.501,11.516
1195,8.549,11.572
1196,8.355,11.314
1197,8.372,11.351
1198,8.351,11.318
1199,8.327,11.309
1200,8.275,11.227
1201,8.243,11.201
1202,8.160,11.061
1203,8.143,11.048
1204,8.176,11.097
1205,8.199,11.127
1206,8.179,11.096
1207,8.164,11.061
1208,8.196,11.100
1209,8.206,11.110
1210,8.219,11.128
1211,8.232,11.143
1212,8.215,11.133
1213,8.257,11.174
1214,8.259,11.168
1215,8.279,11.194
1216,8.310,11.227
1217,8.300,11.198
1218,8.315,11.229
1219,8.283,11.190
1220,8.286,11.187
1221,8.259,11.150
1222,8.281,11.173
1223,8.296,11.203
1224,8.323,11.226
1225,8.346,11.276
1226,8.365,11.298
1227,8.376,11.319
1228,8.356,11.283
1229,8.414,11.379
1230,8.428,11.401
1231,8.427,11.390
1232,8.414,11.363
1233,8.386,11.343
1234,8.405,11.387
1235,8.382,11.346
1236,8.405,11.390
1237,8.386,11.362
1238,8.382,11.342
1239,8.390,11.393
1240,8.350,11.341
1241,8.319,11.291
1242,8.305,11.292
1243,8.296,11.291
1244,8.264,11.244
1245,8.223,11.217
1246,8.207,11.212
1247,8.165,11.161
1248,8.122,11.135
1249,8.083,11.098
1250,8.006,10.994
1251,7.975,10.999
1252,7.903,10.921
1253,7.870,10.878
1254,7.883,10.912
1255,7.857,10.883
1256,7.962,11.006
1257,8.025,11.080
1258,8.042,11.098
1259,7.914,10.950
1260,7.852,10.905
1261,7.817,10.859
1262,7.954,11.019
1263,7.961,11.053
1264,7.956,11.028
1265,7.998,11.079
1266,7.954,11.041
1267,7.918,10.997
1268,7.964,11.053
1269,7.994,11.081
1270,8.033,11.115
1271,7.920,11.038
1272,7.874,11.008
1273,7.799,10.962
1274,7.716,10.904
1275,7.668,10.853
1276,7.630,10.838
1277,7.793,10.967
1278,7.791,10.923
1279,7.974,11.030
1280,8.109,11.176
1281,8.199,11.261
1282,8.306,11.326
1283,8.480,11.517
1284,8.621,11.624
1285,8.759,11.778
1286,8.956,11.973
1287,9.233,12.215
1288,9.349,12.325
1289,9.368,12.384
1290,9.528,12.593
1291,9.687,12.759
1292,9.671,12.768
1293,9.846,12.951
1294,10.129,13.157
1295,10.188,13.241
1296,10.264,13.259
1297,10.341,13.294
1298,10.406,13.339
1299,10.435,13.340
1300,10.493,13.412
1301,10.473,13.400
1302,10.479,13.440
1303,10.436,13.430
1304,10.421,13.449
1305,10.430,13.469
1306,10.449,13.526
1307,10.407,13.478
1308,10.205,13.318
1309,10.118,13.277
1310,9.967,13.130
1311,9.782,12.939
1312,9.571,12.705
1313,9.357,12.510
1314,9.243,12.432
1315,8.931,12.065
1316,8.840,12.013
1317,8.667,11.766
1318,8.618,11.733
1319,8.458,11.527
1320,8.401,11.465
1321,8.344,11.409
1322,8.347,11.396
1323,8.312,11.372
1324,8.298,11.349
1325,8.269,11.314
1326,8.229,11.275
1327,8.169,11.233
1328,7.958,10.992
1329,8.088,11.127
1330,8.082,11.117
1331,8.101,11.157
1332,8.058,11.080
1333,8.021,11.022
1334,8.023,11.043
1335,8.009,11.019
1336,8.008,11.035
1337,7.963,10.967
1338,7.946,10.948
1339,7.900,10.909
1340,7.871,10.859
1341,7.774,10.734
1342,7.773,10.738
1343,7.679,10.639
1344,7.597,10.532
1345,7.548,10.465
1346,7.614,10.520
1347,7.621,10.534
1348,7.625,10.565
1349,7.637,10.557
1350,7.646,10.580
1351,7.621,10.557
1352,7.605,10.528
1353,7.375,10.256
1354,7.482,10.413
1355,7.526,10.438
1356,7.513,10.423
1357,7.484,10.391
1358,7.554,10.462
1359,7.504,10.387
1360,7.442,10.315
1361,7.473,10.335
1362,7.386,10.239
1363,7.280,10.091
1364,7.293,10.100
1365,7.251,10.078
1366,7.280,10.071
1367,7.360,10.078
1368,7.317,9.998
1369,7.238,9.875
1370,7.212,9.797
1371,7.134,9.688
1372,7.055,9.540
1373,6.945,9.429
1374,6.951,9.422
1375,7.097,9.527
1376,7.202,9.607
1377,7.383,9.794
1378,7.519,9.922
1379,7.441,9.833
1380,7.515,9.904
1381,7.613,10.005
1382,7.549,9.922
1383,7.655,10.059
1384,7.695,10.085
1385,7.680,10.079
1386,7.670,10.078
1387,7.701,10.120
1388,7.688,10.125
1389,7.688,10.146
1390,7.462,10.124
1391,7.331,10.075
1392,7.349,10.118
1393,7.337,10.067
1394,7.435,10.169
1395,7.482,10.207
1396,7.574,10.270
1397,7.690,10.396
1398,7.635,10.330
1399,7.627,10.339
1400,7.717,10.352
1401,7.758,10.352
1402,7.827,10.439
1403,7.806,10.456
1404,7.775,10.456
1405,7.698,10.361
1406,7.723,10.326
1407,7.712,10.387
1408,7.746,10.412
1409,7.758,10.427
1410,7.879,10.493
1411,7.904,10.490
1412,7.946,10.513
1413,8.053,10.607
1414,7.912,10.446
1415,7.851,10.463
1416,7.758,10.426
1417,7.707,10.260
1418,7.792,10.330
1419,7.938,10.525
1420,7.792,10.401
1421,7.786,10.342
1422,7.873,10.374
1423,8.101,10.612
1424,7.863,10.430
1425,7.882,10.454
1426,7.973,10.483
1427,8.388,10.832
1428,8.038,10.418
1429,8.067,10.552
1430,7.962,10.452
1431,8.342,10.740
1432,8.115,10.506
1433,7.831,10.340
1434,7.770,10.294
1435,7.749,10.292
1436,7.848,10.361
1437,7.800,10.353
1438,7.909,10.404
1439,7.816,10.373
1440,7.829,10.437
1441,7.828,10.434
1442,7.732,10.304
1443,7.796,10.406
1444,7.839,10.451
1445,7.920,10.535
1446,7.925,10.531
1447,8.309,10.791
1448,8.316,10.760
1449,8.374,10.824
1450,8.370,10.806
1451,8.348,10.764
1452,8.095,10.675
1453,8.177,10.761
1454,8.103,10.727
1455,8.062,10.778
1456,8.060,10.813
1457,8.070,10.837
1458,8.124,10.842
1459,8.200,10.922
1460,8.228,10.982
1461,8.190,11.079
1462,8.268,11.173
1463,8.337,11.172
1464,8.555,11.259
1465,8.397,11.207
1466,8.426,11.298
1467,8.548,11.360
1468,8.406,11.287
1469,8.469,11.353
1470,8.458,11.315
1471,8.441,11.285
1472,8.408,11.257
1473,8.419,11.290
1474,8.368,11.229
1475,8.313,11.152
1476,8.243,11.109
1477,8.237,11.126
1478,8.177,11.037
1479,8.224,11.118
1480,8.132,10.995
1481,8.119,10.964
1482,8.256,11.124
1483,8.136,10.958
1484,8.294,11.133
1485,8.340,11.122
1486,8.292,11.060
1487,8.456,11.218
1488,8.610,11.373
1489,8.634,11.387
1490,8.616,11.343
1491,8.635,11.377
1492,8.571,11.287
1493,8.530,11.230
1494,8.497,11.190
1495,8.450,11.134
1496,8.429,11.084
1497,8.386,11.052
1498,8.329,10.978
1499,8.259,10.873
1500,8.257,10.890
1501,8.202,10.826
1502,8.116,10.739
1503,8.063,10.664
1504,8.014,10.613
1505,7.961,10.557
1506,7.959,10.569
1507,7.913,10.531
1508,7.878,10.485
1509,7.777,10.348
1510,7.763,10.337
1511,7.720,10.303
1512,7.723,10.299
1513,7.663,10.234
1514,7.624,10.209
1515,7.606,10.178
1516,7.549,10.113
1517,7.534,10.101
1518,7.443,9.993
1519,7.453,10.006
1520,7.449,10.013
1521,7.398,9.955
1522,7.383,9.951
1523,7.339,9.899
1524,7.349,9.942
1525,7.285,9.855
1526,7.247,9.809
1527,7.209,9.767
1528,7.192,9.756
1529,7.147,9.715
1530,7.116,9.676
1531,7.023,9.591
1532,6.975,9.541
1533,6.906,9.475
1534,6.864,9.458
1535,6.973,9.553
1536,6.999,9.574
1537,6.978,9.555
1538,6.979,9.540
1539,6.968,9.532
1540,6.999,9.575
1541,7.019,9.582
1542,7.051,9.649
1543,7.055,9.637
1544,7.106,9.676
1545,7.126,9.719
1546,7.106,9.701
1547,7.023,9.604
1548,6.993,9.602
1549,6.904,9.481
1550,7.052,9.662
1551,7.073,9.668
1552,7.098,9.699
1553,7.073,9.682
1554,7.182,9.797
1555,7.291,9.913
1556,7.424,10.028
1557,7.554,10.139
1558,7.844,10.470
1559,7.802,10.424
1560,7.852,10.461
1561,7.990,10.619
1562,7.885,10.495
1563,8.010,10.645
1564,8.095,10.700
1565,8.196,10.819
1566,8.153,10.763
1567,8.091,10.700
1568,7.903,10.496
1569,7.886,10.487
1570,7.826,10.457
1571,7.631,10.315
1572,7.650,10.304
1573,7.933,10.618
1574,7.918,10.554
1575,7.944,10.613
1576,7.978,10.645
1577,7.966,10.629
1578,7.960,10.658
1579,7.990,10.698
1580,8.037,10.764
1581,8.069,10.776
1582,8.071,10.779
1583,8.139,10.868
1584,8.190,10.925
1585,8.263,10.983
1586,8.324,11.032
1587,8.424,11.165
1588,8.541,11.298
1589,8.662,11.416
1590,8.732,11.489
1591,8.844,11.612
1592,8.955,11.735
1593,8.996,11.763
1594,9.042,11.812
1595,9.098,11.877
1596,9.204,12.064
1597,9.102,12.027
1598,9.172,12.112
1599,8.823,11.795
1600,8.848,11.799
1601,8.909,11.866
1602,8.755,11.678
1603,8.772,11.654
1604,8.608,11.458
1605,8.663,11.521
1606,8.875,11.751
1607,9.058,11.946
1608,9.080,11.992
1609,9.140,12.066
1610,9.042,11.961
1611,8.570,11.427
1612,8.943,11.866
1613,9.156,12.126
1614,8.734,11.590
1615,8.908,11.864
1616,8.996,11.957
1617,8.905,11.861
1618,8.837,11.814
1619,8.781,11.723
1620,8.766,11.738
1621,8.689,11.640
1622,8.626,11.576
1623,8.533,11.475
1624,8.450,11.377
1625,8.340,11.238
1626,8.275,11.189
1627,8.192,11.067
1628,8.154,11.025
1629,8.147,11.026
1630,8.137,11.033
1631,8.123,11.020
1632,8.064,10.934
1633,8.016,10.860
1634,7.990,10.853
1635,7.960,10.810
1636,7.903,10.742
1637,7.862,10.695
1638,7.829,10.640
1639,7.797,10.606
1640,7.736,10.531
1641,7.654,10.412
1642,7.639,10.398
1643,7.606,10.361
1644,7.530,10.261
1645,7.514,10.253
1646,7.475,10.229
1647,7.433,10.164
1648,7.400,10.146
1649,7.341,10.079
1650,7.326,10.069
1651,7.279,10.011
1652,7.241,9.977
1653,7.212,9.944
1654,7.170,9.883
1655,7.121,9.829
1656,7.103,9.819
1657,7.049,9.745
1658,7.034,9.724
1659,7.001,9.685
1660,6.979,9.665
1661,6.929,9.595
1662,6.904,9.562
1663,6.871,9.520
1664,6.813,9.458
1665,6.758,9.393
1666,6.726,9.364
1667,6.843,9.474
1668,6.882,9.520
1669,6.903,9.559
1670,6.785,9.421
1671,6.782,9.458
1672,6.728,9.397
1673,6.785,9.444
1674,6.791,9.447
1675,6.798,9.470
1676,6.897,9.583
1677,6.911,9.602
1678,6.955,9.665
1679,6.939,9.636
1680,6.945,9.654
1681,6.949,9.654
1682,6.874,9.556
1683,6.898,9.589
1684,6.896,9.620
1685,6.892,9.621
1686,6.907,9.676
1687,6.876,9.637
1688,6.857,9.615
1689,6.812,9.580
1690,6.807,9.589
1691,6.913,9.713
1692,6.965,9.767
1693,7.098,9.916
1694,7.180,10.017
1695,7.220,10.066
1696,7.128,10.118
1697,7.246,10.170
1698,7.465,10.367
1699,7.572,10.464
1700,7.719,10.609
1701,7.877,10.734
1702,8.058,10.919
1703,8.010,10.848
1704,8.232,11.089
1705,8.403,11.307
1706,8.202,11.051
1707,8.264,11.124
1708,8.368,11.214
1709,8.556,11.354
1710,8.591,11.354
1711,8.609,11.394
1712,8.394,11.147
1713,8.208,10.970
1714,8.331,11.196
1715,8.338,11.186
1716,8.400,11.278
1717,8.462,11.338
1718,8.627,11.496
1719,8.867,11.749
1720,8.928,11.774
1721,9.063,11.903
1722,9.094,11.861
1723,9.082,11.825
1724,9.104,11.904
1725,9.019,11.858
1726,8.851,11.726
1727,8.685,11.624
1728,8.426,11.360
1729,8.181,11.115
1730,8.226,11.205
1731,7.775,10.699
1732,7.757,10.673
1733,7.750,10.591
1734,7.848,10.638
1735,7.892,10.694
1736,8.188,11.047
1737,8.295,11.180
1738,8.340,11.192
1739,8.347,11.237
1740,8.316,11.162
1741,8.326,11.139
1742,8.072,10.803
1743,7.997,10.702
1744,7.900,10.574
1745,7.865,10.574
1746,7.760,10.462
1747,7.675,10.387
1748,7.523,10.234
1749,7.408,10.102
1750,7.320,10.023
1751,7.191,9.899
1752,7.099,9.808
1753,6.988,9.665
1754,7.060,9.719
1755,7.068,9.750
1756,7.059,9.753
1757,7.114,9.798
1758,7.120,9.778
1759,7.128,9.812
1760,7.087,9.758
1761,7.065,9.745
1762,7.046,9.724
1763,7.140,9.822
1764,7.173,9.867
1765,7.216,9.902
1766,7.218,9.906
1767,7.247,9.931
1768,7.284,9.977
1769,7.325,10.008
1770,7.354,10.037
1771,7.445,10.149
1772,7.530,10.236
1773,7.574,10.252
1774,7.656,10.351
1775,7.559,10.253
1776,7.589,10.307
1777,7.623,10.352
1778,7.530,10.257
1779,7.531,10.270
1780,7.073,9.784
1781,7.045,9.789
1782,7.025,9.726
1783,6.936,9.638
1784,6.979,9.692
1785,7.027,9.718
1786,6.994,9.674
1787,6.975,9.624
1788,6.970,9.632
1789,6.934,9.577
1790,7.110,9.756
1791,7.145,9.788
1792,7.770,10.484
1793,7.767,10.447
1794,7.509,10.118
1795,7.553,10.182
1796,7.463,10.101
1797,7.391,10.010
1798,7.375,10.024
1799,7.323,9.971
1800,7.014,9.628
1801,7.175,9.863
1802,7.207,9.838
1803,7.148,9.754
1804,7.112,9.736
1805,7.118,9.752
1806,7.092,9.721
1807,7.104,9.764
1808,7.099,9.752
1809,7.105,9.758
1810,7.139,9.812
1811,7.177,9.840
1812,7.183,9.846
1813,7.191,9.872
1814,7.214,9.903
1815,7.271,9.974
1816,7.244,9.946
1817,7.267,10.037
1818,7.267,10.040
1819,7.257,10.110
1820,7.187,10.000
1821,7.208,10.093
1822,7.170,10.082
1823,7.509,10.383
1824,7.474,10.313
1825,7.572,10.397
1826,7.776,10.576
1827,7.438,10.143
1828,7.479,10.153
1829,7.350,10.020
1830,7.265,9.901
1831,7.181,9.816
1832,7.222,9.869
1833,7.215,9.860
1834,7.214,9.854
1835,7.214,9.861
1836,7.169,9.809
1837,7.199,9.845
1838,7.297,9.955
1839,7.137,9.760
1840,7.383,10.022
1841,7.638,10.277
