0,25.189,25.908
1,25.196,25.919
2,25.195,25.919
3,25.143,25.845
4,25.216,25.957
5,25.149,25.841
6,25.213,25.930
7,25.194,25.919
8,25.239,25.971
9,25.169,25.862
10,25.237,25.957
11,25.213,25.932
12,25.137,25.825
13,25.161,25.856
14,25.119,25.801
15,25.158,25.859
16,25.112,25.785
17,25.127,25.826
18,25.103,25.789
19,25.112,25.811
20,25.123,25.810
21,25.121,25.830
22,25.092,25.777
23,25.072,25.775
24,25.066,25.758
25,25.092,25.791
26,25.079,25.779
27,25.047,25.730
28,25.046,25.736
29,25.002,25.675
30,25.020,25.707
31,25.001,25.703
32,24.936,25.597
33,24.916,25.584
34,24.904,25.581
35,24.841,25.499
36,24.837,25.504
37,24.791,25.433
38,24.794,25.444
39,24.789,25.447
40,24.741,25.373
41,24.744,25.391
42,24.760,25.404
43,24.756,25.412
44,24.766,25.429
45,24.743,25.388
46,24.793,25.440
47,24.831,25.492
48,24.857,25.521
49,24.880,25.550
50,24.883,25.531
51,24.893,25.560
52,24.927,25.579
53,24.979,25.650
54,25.011,25.701
55,25.007,25.684
56,25.063,25.764
57,25.065,25.753
58,25.089,25.789
59,25.097,25.798
60,25.136,25.843
61,25.170,25.872
62,25.139,25.839
63,25.125,25.812
64,25.100,25.777
65,25.080,25.760
66,25.077,25.770
67,25.042,25.710
68,25.019,25.689
69,25.004,25.663
70,24.991,25.655
71,24.952,25.607
72,24.900,25.557
73,24.885,25.539
74,24.893,25.549
75,24.866,25.511
76,24.847,25.490
77,24.861,25.504
78,24.888,25.551
79,24.885,25.544
80,24.869,25.512
81,24.848,25.498
82,24.855,25.499
83,24.835,25.477
84,24.856,25.506
85,24.867,25.499
86,24.859,25.487
87,24.831,25.465
88,24.854,25.503
89,24.837,25.484
90,24.849,25.478
91,24.837,25.481
92,24.858,25.500
93,24.857,25.503
94,24.870,25.510
95,24.866,25.510
96,24.854,25.479
97,24.845,25.475
98,24.855,25.483
99,24.859,25.495
100,24.855,25.493
101,24.850,25.477
102,24.873,25.510
103,24.862,25.488
104,24.869,25.503
105,24.864,25.484
106,24.868,25.494
107,24.855,25.480
108,24.864,25.486
109,24.863,25.489
110,24.861,25.490
111,24.888,25.519
112,24.879,25.508
113,24.874,25.492
114,24.853,25.476
115,24.882,25.508
116,24.886,25.517
117,24.868,25.486
118,24.886,25.500
119,24.857,25.481
120,24.871,25.501
121,24.868,25.492
122,24.881,25.501
123,24.862,25.493
124,24.876,25.503
125,24.875,25.511
126,24.888,25.518
127,24.871,25.501
128,24.877,25.512
129,24.868,25.500
130,24.890,25.518
131,24.873,25.496
132,24.880,25.507
133,24.867,25.489
134,24.885,25.523
135,24.876,25.516
136,24.882,25.517
137,24.869,25.503
138,24.873,25.495
139,24.861,25.491
140,24.887,25.518
141,24.879,25.519
142,24.880,25.523
143,24.892,25.531
144,24.874,25.514
145,24.888,25.524
146,24.866,25.493
147,24.875,25.504
148,24.882,25.515
149,24.871,25.499
150,24.879,25.513
151,24.872,25.498
152,24.896,25.534
153,24.886,25.524
154,24.879,25.512
155,24.893,25.522
156,24.884,25.516
157,24.888,25.524
158,24.863,25.491
159,24.886,25.519
160,24.927,25.558
161,24.918,25.551
162,24.915,25.548
163,24.877,25.510
164,24.874,25.520
165,24.942,25.574
166,24.946,25.580
167,24.930,25.555
168,24.926,25.561
169,24.937,25.569
170,24.919,25.554
171,24.927,25.566
172,24.933,25.555
173,24.927,25.552
174,24.920,25.547
175,24.931,25.565
176,24.934,25.568
177,24.926,25.545
178,24.921,25.552
179,24.911,25.535
180,24.911,25.547
181,24.925,25.569
182,24.912,25.550
183,24.914,25.540
184,24.912,25.551
185,24.903,25.534
186,24.897,25.528
187,24.899,25.523
188,24.910,25.532
189,24.886,25.528
190,24.900,25.543
191,24.899,25.537
192,24.890,25.531
193,24.871,25.510
194,24.901,25.541
195,24.894,25.537
196,24.890,25.527
197,24.887,25.534
198,24.898,25.541
199,24.879,25.515
200,24.860,25.492
201,24.872,25.505
202,24.852,25.490
203,24.872,25.518
204,24.872,25.521
205,24.883,25.524
206,24.888,25.535
207,24.880,25.525
208,24.877,25.530
209,24.862,25.503
210,24.874,25.513
211,24.875,25.525
212,24.874,25.506
213,24.854,25.500
214,24.857,25.501
215,24.864,25.499
216,24.871,25.500
217,24.881,25.537
218,24.877,25.514
219,24.854,25.490
220,24.857,25.493
221,24.870,25.502
222,24.865,25.507
223,24.854,25.500
224,24.864,25.518
225,24.853,25.494
226,24.864,25.506
227,24.871,25.516
228,24.901,25.544
229,24.879,25.537
230,24.889,25.537
231,24.903,25.555
232,24.929,25.593
233,24.916,25.579
234,24.917,25.576
235,24.907,25.562
236,24.899,25.555
237,24.895,25.557
238,24.868,25.533
239,24.854,25.499
240,24.832,25.470
241,24.806,25.435
242,24.789,25.418
243,24.767,25.398
244,24.771,25.400
245,24.766,25.397
246,24.766,25.391
247,24.805,25.445
248,24.804,25.446
249,24.808,25.443
250,24.788,25.422
251,24.778,25.410
252,24.771,25.397
253,24.603,25.196
254,24.592,25.190
255,24.608,25.190
256,24.791,25.430
257,24.791,25.421
258,24.612,25.210
259,24.786,25.427
260,24.791,25.438
261,24.781,25.413
262,24.790,25.419
263,24.794,25.413
264,24.801,25.426
265,24.771,25.392
266,24.593,25.173
267,24.571,25.145
268,24.541,25.117
269,24.516,25.078
270,24.525,25.094
271,24.522,25.092
272,24.509,25.077
273,24.507,25.079
274,24.517,25.090
275,24.525,25.099
276,24.690,25.305
277,24.715,25.320
278,24.732,25.335
279,24.747,25.355
280,24.752,25.347
281,24.735,25.337
282,24.746,25.347
283,24.753,25.353
284,24.751,25.348
285,24.764,25.361
286,24.777,25.377
287,24.794,25.404
288,24.838,25.458
289,24.851,25.470
290,24.883,25.493
291,24.912,25.524
292,24.951,25.581
293,24.935,25.556
294,24.939,25.566
295,24.940,25.561
296,24.944,25.571
297,24.932,25.559
298,24.950,25.584
299,24.942,25.567
300,24.962,25.606
301,24.912,25.539
302,24.924,25.566
303,24.888,25.523
304,24.905,25.534
305,24.908,25.537
306,24.878,25.513
307,24.893,25.520
308,24.872,25.499
309,24.864,25.493
310,24.869,25.486
311,24.883,25.516
312,24.871,25.487
313,24.882,25.509
314,24.859,25.478
315,24.874,25.498
316,24.853,25.461
317,24.860,25.479
318,24.887,25.505
319,24.864,25.484
320,24.850,25.465
321,24.848,25.453
322,24.843,25.459
323,24.880,25.492
324,24.874,25.499
325,24.872,25.479
326,24.893,25.508
327,24.864,25.462
328,24.677,25.253
329,24.653,25.220
330,24.685,25.262
331,24.680,25.252
332,24.666,25.245
333,24.671,25.247
334,24.858,25.466
335,24.856,25.476
336,24.825,25.432
337,24.826,25.438
338,24.817,25.421
339,24.805,25.409
340,24.790,25.396
341,24.836,25.443
342,24.829,25.441
343,24.842,25.456
344,24.824,25.422
345,24.811,25.423
346,24.798,25.398
347,24.803,25.404
348,24.785,25.374
349,24.744,25.345
350,24.746,25.358
351,24.742,25.344
352,24.772,25.381
353,24.760,25.354
354,24.757,25.369
355,24.787,25.383
356,24.811,25.429
357,24.886,25.518
358,24.856,25.497
359,24.873,25.527
360,24.903,25.562
361,24.863,25.511
362,24.834,25.475
363,24.819,25.449
364,24.831,25.463
365,24.841,25.472
366,24.830,25.453
367,24.848,25.482
368,24.836,25.468
369,24.842,25.484
370,24.830,25.463
371,24.838,25.468
372,24.813,25.433
373,24.815,25.438
374,24.858,25.477
375,24.850,25.477
376,24.845,25.471
377,24.888,25.521
378,24.925,25.567
379,24.921,25.568
380,24.949,25.592
381,24.947,25.592
382,24.956,25.597
383,24.977,25.634
384,24.979,25.624
385,24.968,25.621
386,24.961,25.619
387,25.004,25.673
388,25.045,25.720
389,25.096,25.779
390,25.082,25.770
391,25.081,25.765
392,25.087,25.773
393,25.059,25.737
394,25.086,25.773
395,25.120,25.811
396,25.093,25.781
397,25.107,25.798
398,25.091,25.767
399,25.071,25.753
400,25.047,25.725
401,25.070,25.749
402,25.027,25.695
403,25.026,25.685
404,25.050,25.714
405,25.029,25.694
406,25.036,25.703
407,25.042,25.718
408,25.034,25.697
409,25.018,25.699
410,24.969,25.644
411,24.996,25.667
412,24.987,25.661
413,24.947,25.622
414,24.936,25.598
415,24.965,25.620
416,24.934,25.598
417,24.892,25.546
418,24.881,25.536
419,24.853,25.501
420,24.821,25.479
421,24.821,25.475
422,24.831,25.491
423,24.826,25.485
424,24.839,25.505
425,24.828,25.495
426,24.757,25.417
427,24.823,25.498
428,24.864,25.541
429,24.811,25.480
430,24.780,25.454
431,24.779,25.454
432,24.796,25.469
433,24.773,25.466
434,24.772,25.452
435,24.743,25.413
436,24.743,25.421
437,24.741,25.411
438,24.775,25.441
439,24.746,25.418
440,24.726,25.396
441,24.750,25.423
442,24.765,25.445
443,24.744,25.416
444,24.722,25.389
445,24.712,25.370
446,24.691,25.354
447,24.687,25.369
448,24.742,25.432
449,24.703,25.383
450,24.744,25.423
451,24.711,25.388
452,24.755,25.438
453,24.730,25.414
454,24.753,25.454
455,24.788,25.480
456,24.832,25.528
457,24.843,25.538
458,24.868,25.577
459,24.881,25.583
460,24.882,25.581
461,24.902,25.605
462,24.925,25.636
463,24.917,25.636
464,24.939,25.666
465,24.986,25.705
466,25.013,25.739
467,25.005,25.737
468,25.000,25.727
469,24.989,25.716
470,24.978,25.711
471,25.016,25.756
472,25.009,25.755
473,25.025,25.765
474,25.049,25.785
475,25.092,25.832
476,25.089,25.826
477,25.094,25.830
478,25.119,25.853
479,25.126,25.867
480,25.114,25.867
481,25.107,25.853
482,25.148,25.913
483,25.171,25.947
484,25.211,25.979
485,25.297,26.065
486,25.084,25.802
487,25.121,25.847
488,25.157,25.898
489,25.145,25.866
490,25.310,26.090
491,25.303,26.087
492,25.356,26.129
493,25.362,26.139
494,25.395,26.165
495,25.469,26.277
496,25.501,26.295
497,25.550,26.341
498,25.589,26.391
499,25.576,26.368
500,25.655,26.483
501,25.590,26.385
502,25.598,26.404
503,25.596,26.413
504,25.642,26.469
505,25.688,26.527
506,25.722,26.571
507,25.684,26.522
508,25.644,26.465
509,25.624,26.435
510,25.641,26.444
511,25.661,26.494
512,25.626,26.421
513,25.623,26.430
514,25.625,26.410
515,25.623,26.408
516,25.619,26.398
517,25.620,26.398
518,25.624,26.394
519,25.631,26.424
520,25.595,26.364
521,25.516,26.274
522,25.538,26.308
523,25.521,26.301
524,25.494,26.263
525,25.429,26.195
526,25.425,26.184
527,25.419,26.182
528,25.359,26.114
529,25.335,26.097
530,25.360,26.117
531,25.294,26.043
532,25.254,26.000
533,25.231,25.976
534,25.219,25.959
535,25.274,26.025
536,25.237,25.981
537,25.204,25.956
538,25.286,26.053
539,25.213,25.974
540,25.265,26.030
541,25.201,25.953
542,25.179,25.926
543,25.159,25.906
544,25.195,25.947
545,25.157,25.894
546,25.369,26.157
547,24.972,25.667
548,25.169,25.910
549,25.169,25.905
550,25.168,25.897
551,25.134,25.874
552,25.141,25.890
553,25.199,25.944
554,25.196,25.934
555,25.170,25.914
556,25.163,25.897
557,25.202,25.940
558,24.866,25.546
559,25.193,25.948
560,25.161,25.910
561,25.107,25.836
562,25.188,25.929
563,25.173,25.907
564,25.117,25.842
565,25.115,25.840
566,25.113,25.833
567,25.087,25.810
568,25.052,25.762
569,25.019,25.719
570,25.012,25.725
571,25.014,25.726
572,24.975,25.670
573,24.945,25.640
574,24.963,25.659
575,24.966,25.655
576,24.957,25.644
577,24.969,25.652
578,24.960,25.646
579,24.948,25.627
580,24.982,25.667
581,24.960,25.652
582,24.908,25.590
583,25.006,25.687
584,24.720,25.369
585,24.982,25.680
586,24.990,25.690
587,25.014,25.724
588,24.974,25.678
589,24.960,25.648
590,24.965,25.645
591,24.970,25.657
592,24.968,25.656
593,24.970,25.655
594,24.968,25.650
595,24.954,25.651
596,24.898,25.588
597,24.919,25.610
598,24.925,25.598
599,24.869,25.550
600,24.856,25.541
601,24.893,25.579
602,24.882,25.551
603,24.851,25.519
604,24.875,25.558
605,24.886,25.576
606,24.894,25.581
607,24.899,25.579
608,24.884,25.558
609,24.869,25.547
610,24.874,25.552
611,24.963,25.654
612,24.633,25.276
613,24.623,25.262
614,24.646,25.289
615,24.665,25.322
616,24.889,25.575
617,24.882,25.563
618,24.803,25.480
619,24.807,25.490
620,24.756,25.427
621,24.816,25.495
622,24.516,25.134
623,24.496,25.109
624,24.500,25.127
625,24.500,25.121
626,24.487,25.099
627,24.521,25.149
628,24.521,25.146
629,24.804,25.475
630,24.810,25.470
631,24.788,25.446
632,24.575,25.208
633,24.593,25.218
634,24.608,25.233
635,24.896,25.579
636,24.894,25.584
637,24.858,25.533
638,24.897,25.583
639,24.898,25.577
640,24.691,25.338
641,24.903,25.581
642,24.921,25.616
643,24.953,25.645
644,24.922,25.621
645,24.938,25.647
646,25.017,25.742
647,24.915,25.613
648,24.900,25.586
649,24.878,25.572
650,24.876,25.572
651,24.824,25.511
652,24.795,25.470
653,24.760,25.427
654,24.713,25.372
655,24.701,25.351
656,24.652,25.308
657,24.623,25.265
658,24.573,25.208
659,24.598,25.237
660,24.524,25.154
661,24.516,25.152
662,24.450,25.068
663,24.453,25.082
664,24.416,25.030
665,24.483,25.110
666,24.272,24.853
667,24.339,24.940
668,24.335,24.940
669,24.412,25.020
670,24.548,25.178
671,24.609,25.251
672,24.616,25.256
673,24.706,25.379
674,24.675,25.339
675,24.700,25.371
676,24.739,25.411
677,24.749,25.428
678,24.799,25.474
679,24.826,25.529
680,24.911,25.622
681,24.878,25.580
682,24.842,25.549
683,24.938,25.634
684,24.928,25.625
685,24.928,25.622
686,24.961,25.661
687,25.007,25.734
688,24.960,25.670
689,24.955,25.653
690,25.037,25.771
691,24.942,25.638
692,24.991,25.699
693,25.032,25.755
694,25.026,25.733
695,25.090,25.805
696,25.099,25.817
697,25.175,25.897
698,25.153,25.865
699,25.165,25.868
700,25.223,25.943
701,25.198,25.901
702,25.259,25.967
703,25.261,25.971
704,25.267,25.981
705,25.274,25.990
706,25.260,25.979
707,25.267,25.988
708,25.281,26.003
709,25.262,25.969
710,25.280,26.013
711,25.262,25.970
712,25.243,25.953
713,25.308,26.028
714,25.306,26.033
715,25.252,25.941
716,25.244,25.938
717,25.216,25.907
718,25.324,26.042
719,25.309,26.019
720,25.313,26.025
721,25.308,26.034
722,25.215,25.934
723,25.215,25.938
724,25.268,26.001
725,25.226,25.964
726,25.201,25.906
727,25.227,25.949
728,25.219,25.926
729,25.190,25.881
730,25.128,25.812
731,25.156,25.850
732,25.254,25.989
733,25.200,25.905
734,25.142,25.848
735,25.150,25.862
736,25.127,25.842
737,25.111,25.819
738,25.118,25.830
739,24.917,25.585
740,25.117,25.842
741,25.149,25.868
742,25.167,25.908
743,25.144,25.867
744,25.163,25.882
745,25.204,25.953
746,25.141,25.876
747,25.199,25.941
748,25.205,25.951
749,24.874,25.542
750,24.863,25.538
751,24.882,25.550
752,24.869,25.538
753,25.124,25.850
754,25.062,25.776
755,25.091,25.800
756,25.145,25.867
757,25.088,25.802
758,25.061,25.792
759,25.093,25.817
760,25.067,25.783
761,25.074,25.787
762,25.112,25.843
763,24.878,25.548
764,25.132,25.859
765,25.122,25.841
766,25.084,25.800
767,25.097,25.814
768,25.125,25.841
769,25.160,25.892
770,25.120,25.827
771,25.124,25.839
772,25.187,25.903
773,25.252,25.988
774,25.220,25.944
775,25.235,25.976
776,25.295,26.048
777,25.295,26.049
778,25.287,26.040
779,25.285,26.034
780,25.290,26.055
781,25.251,26.006
782,25.268,26.029
783,25.266,26.023
784,25.299,26.073
785,25.029,25.740
786,25.027,25.754
787,25.331,26.117
788,25.263,26.031
789,25.253,26.029
790,25.312,26.091
791,25.321,26.099
792,25.273,26.035
793,24.965,25.662
794,24.964,25.684
795,25.225,25.976
796,25.178,25.915
797,25.239,25.990
798,25.196,25.944
799,25.293,26.073
800,25.254,26.012
801,25.236,25.993
802,25.175,25.937
803,25.135,25.883
804,25.154,25.914
805,25.170,25.943
806,25.212,25.984
807,25.228,25.999
808,25.201,25.963
809,25.124,25.861
810,25.166,25.911
811,25.289,26.083
812,25.161,25.917
813,25.163,25.922
814,25.161,25.917
815,25.211,25.981
816,25.220,25.992
817,25.273,26.042
818,25.288,26.071
819,25.350,26.140
820,25.284,26.076
821,25.268,26.054
822,25.224,26.004
823,25.241,26.031
824,25.014,25.739
825,24.983,25.694
826,25.205,25.957
827,25.247,26.016
828,25.221,25.968
829,25.224,25.967
830,25.202,25.948
831,25.209,25.951
832,25.161,25.903
833,25.131,25.864
834,25.269,26.022
835,25.113,25.844
836,25.066,25.782
837,25.115,25.833
838,24.824,25.508
839,25.106,25.840
840,25.011,25.726
841,25.024,25.747
842,25.013,25.745
843,24.988,25.710
844,24.986,25.708
845,25.043,25.787
846,25.004,25.733
847,24.960,25.684
848,24.988,25.710
849,24.975,25.695
850,24.963,25.684
851,25.027,25.771
852,24.942,25.670
853,24.986,25.716
854,24.953,25.678
855,24.949,25.667
856,24.950,25.658
857,25.028,25.759
858,25.001,25.728
859,24.984,25.707
860,24.974,25.704
861,24.964,25.689
862,24.992,25.729
863,25.115,25.872
864,25.035,25.793
865,25.096,25.858
866,25.084,25.845
867,25.110,25.871
868,24.795,25.498
869,25.150,25.925
870,25.146,25.918
871,25.074,25.811
872,25.098,25.868
873,25.055,25.808
874,25.015,25.768
875,24.996,25.750
876,25.057,25.805
877,25.038,25.779
878,25.055,25.795
879,25.068,25.798
880,25.159,25.919
881,25.130,25.870
882,25.139,25.886
883,25.145,25.887
884,25.136,25.888
885,25.119,25.875
886,25.107,25.855
887,25.209,25.987
888,25.088,25.846
889,25.021,25.757
890,25.041,25.788
891,25.087,25.833
892,25.126,25.871
893,25.218,26.011
894,25.244,26.004
895,25.217,25.976
896,25.251,26.029
897,25.253,26.006
898,24.977,25.675
899,25.019,25.723
900,25.439,26.234
901,25.098,25.813
902,25.299,26.050
903,25.358,26.123
904,25.476,26.266
905,25.349,26.132
906,25.424,26.209
907,25.347,26.106
908,25.347,26.104
909,25.322,26.082
910,25.351,26.100
911,25.363,26.122
912,25.330,26.079
913,25.295,26.041
914,25.390,26.169
915,25.348,26.109
916,25.126,25.836
917,25.403,26.176
918,25.374,26.147
919,25.341,26.100
920,25.303,26.044
921,25.290,26.036
922,25.314,26.055
923,25.208,25.929
924,25.234,25.940
925,25.201,25.908
926,25.217,25.914
927,25.261,25.978
928,25.278,26.007
929,25.232,25.950
930,25.266,25.998
931,25.284,26.016
932,25.378,26.128
933,25.331,26.062
934,25.424,26.179
935,25.409,26.157
936,25.180,25.879
937,25.501,26.271
938,25.502,26.262
939,25.489,26.253
940,25.472,26.222
941,25.516,26.291
942,25.492,26.260
943,25.487,26.244
944,25.492,26.254
945,25.583,26.385
946,25.556,26.353
947,25.520,26.303
948,25.358,26.113
949,25.308,26.060
950,25.554,26.359
951,25.446,26.219
952,25.517,26.313
953,25.231,25.965
954,25.541,26.344
955,25.480,26.258
956,25.333,26.089
957,25.372,26.122
958,25.361,26.120
959,25.388,26.148
960,25.374,26.125
961,25.361,26.115
962,25.394,26.145
963,25.419,26.201
964,25.383,26.158
965,25.411,26.183
966,25.400,26.167
967,25.355,26.111
968,25.363,26.102
969,25.370,26.114
970,25.349,26.101
971,25.443,26.213
972,25.381,26.122
973,25.376,26.136
974,25.337,26.090
975,25.313,26.043
976,25.309,26.046
977,25.351,26.073
978,25.366,26.115
979,25.422,26.177
980,25.397,26.144
981,25.385,26.128
982,25.142,25.842
983,25.128,25.829
984,25.110,25.801
985,25.334,26.060
986,25.333,26.054
987,25.361,26.098
988,25.325,26.058
989,25.323,26.053
990,25.372,26.112
991,25.370,26.109
992,25.370,26.093
993,25.421,26.172
994,25.394,26.131
995,25.373,26.109
996,25.405,26.151
997,25.422,26.160
998,25.218,25.929
999,25.188,25.899
1000,25.268,25.986
1001,25.476,26.235
1002,25.529,26.294
1003,25.451,26.219
1004,25.454,26.222
1005,25.457,26.221
1006,25.491,26.265
1007,25.436,26.200
1008,25.424,26.192
1009,25.416,26.190
1010,25.428,26.206
1011,25.437,26.215
1012,25.433,26.224
1013,25.408,26.169
1014,25.414,26.170
1015,25.395,26.149
1016,25.367,26.113
1017,25.357,26.106
1018,25.365,26.110
1019,25.327,26.074
1020,25.313,26.051
1021,25.300,26.033
1022,25.283,26.012
1023,25.303,26.026
1024,25.300,26.037
1025,25.303,26.055
1026,25.260,26.006
1027,25.259,25.985
1028,25.259,25.991
1029,25.241,25.983
1030,25.251,25.985
1031,25.221,25.966
1032,25.227,25.955
1033,25.218,25.943
1034,25.218,25.935
1035,25.216,25.926
1036,25.154,25.862
1037,25.155,25.870
1038,25.137,25.844
1039,25.133,25.842
1040,25.103,25.793
1041,25.153,25.862
1042,25.138,25.845
1043,25.107,25.811
1044,25.088,25.787
1045,25.118,25.817
1046,25.101,25.808
1047,25.066,25.765
1048,25.090,25.788
1049,25.090,25.791
1050,25.067,25.771
1051,25.085,25.794
1052,25.023,25.734
1053,24.985,25.706
1054,24.992,25.708
1055,24.978,25.686
1056,24.968,25.671
1057,25.000,25.699
1058,25.000,25.699
1059,25.088,25.799
1060,25.103,25.819
1061,25.090,25.804
1062,25.117,25.830
1063,25.140,25.861
1064,25.136,25.863
1065,25.153,25.881
1066,25.207,25.945
1067,25.155,25.876
1068,25.149,25.871
1069,25.130,25.843
1070,25.095,25.813
1071,25.134,25.855
1072,25.158,25.862
1073,25.123,25.847
1074,25.109,25.820
1075,25.127,25.839
1076,25.147,25.863
1077,25.201,25.916
1078,25.161,25.872
1079,25.173,25.890
1080,25.204,25.921
1081,25.180,25.897
1082,25.238,25.976
1083,25.236,25.983
1084,25.231,25.979
1085,25.196,25.931
1086,25.247,25.982
1087,25.251,25.989
1088,25.229,25.960
1089,25.272,26.007
1090,25.234,25.957
1091,25.257,25.982
1092,25.235,25.968
1093,25.229,25.955
1094,25.203,25.924
1095,25.190,25.912
1096,25.235,25.959
1097,25.240,25.982
1098,25.253,25.987
1099,25.213,25.944
1100,25.218,25.947
1101,25.229,25.966
1102,25.230,25.953
1103,25.248,25.973
1104,25.222,25.951
1105,25.225,25.961
1106,25.231,25.968
1107,25.245,25.987
1108,25.201,25.927
1109,25.244,25.981
1110,25.247,25.975
1111,25.273,26.000
1112,25.254,25.992
1113,25.251,25.985
1114,25.290,26.029
1115,25.246,25.973
1116,25.255,25.982
1117,25.229,25.960
1118,25.244,25.976
1119,25.224,25.954
1120,25.267,26.011
1121,25.240,25.968
1122,25.215,25.942
1123,25.217,25.950
1124,25.197,25.916
1125,25.193,25.919
1126,25.179,25.908
1127,25.182,25.903
1128,25.146,25.859
1129,25.156,25.872
1130,25.127,25.847
1131,25.158,25.860
1132,25.156,25.877
1133,25.111,25.816
1134,25.158,25.887
1135,25.145,25.845
1136,25.120,25.844
1137,25.104,25.823
1138,25.124,25.840
1139,25.095,25.797
1140,25.082,25.782
1141,25.085,25.790
1142,25.047,25.753
1143,25.032,25.741
1144,25.028,25.729
1145,25.038,25.739
1146,25.013,25.703
1147,25.004,25.703
1148,25.022,25.705
1149,25.024,25.720
1150,25.001,25.675
1151,25.061,25.757
1152,25.057,25.737
1153,25.039,25.729
1154,25.017,25.696
1155,25.062,25.743
1156,25.057,25.732
1157,25.044,25.728
1158,25.061,25.750
1159,25.083,25.768
1160,25.025,25.683
1161,25.020,25.689
1162,25.060,25.716
1163,25.001,25.676
1164,24.984,25.653
1165,25.023,25.702
1166,24.997,25.679
1167,24.989,25.675
1168,25.015,25.703
1169,25.001,25.683
1170,24.987,25.662
1171,24.964,25.650
1172,24.987,25.664
1173,24.961,25.640
1174,24.931,25.614
1175,24.984,25.663
1176,25.067,25.759
1177,25.097,25.790
1178,25.116,25.810
1179,25.134,25.834
1180,25.131,25.823
1181,25.133,25.815
1182,25.149,25.846
1183,25.162,25.857
1184,25.135,25.841
1185,25.151,25.848
1186,25.150,25.829
1187,25.147,25.846
1188,25.133,25.821
1189,25.148,25.839
1190,25.145,25.831
1191,25.162,25.850
1192,25.123,25.802
1193,25.164,25.855
1194,25.179,25.854
1195,25.136,25.826
1196,25.177,25.867
1197,25.176,25.867
1198,25.138,25.816
1199,25.181,25.883
1200,25.184,25.879
1201,25.187,25.881
1202,25.248,25.982
1203,25.224,25.969
1204,25.185,25.894
1205,25.203,25.928
1206,25.191,25.896
1207,25.191,25.902
1208,25.180,25.878
1209,25.194,25.897
1210,25.193,25.906
1211,25.174,25.880
1212,25.188,25.883
1213,25.193,25.897
1214,25.196,25.896
1215,25.190,25.883
1216,25.166,25.863
1217,25.168,25.859
1218,25.172,25.864
1219,25.169,25.858
1220,25.155,25.844
1221,25.176,25.866
1222,25.159,25.853
1223,25.165,25.848
1224,25.152,25.841
1225,25.168,25.852
1226,25.163,25.843
1227,25.169,25.847
1228,25.160,25.843
1229,25.158,25.842
1230,25.166,25.860
1231,25.156,25.858
1232,25.147,25.838
1233,25.153,25.847
1234,25.169,25.859
1235,25.146,25.840
1236,25.144,25.834
1237,25.158,25.849
1238,25.144,25.843
1239,25.152,25.854
1240,25.155,25.847
1241,25.160,25.854
1242,25.163,25.863
1243,25.155,25.837
1244,25.156,25.853
1245,25.165,25.860
1246,25.127,25.810
1247,25.146,25.839
1248,25.162,25.856
1249,25.137,25.834
1250,25.097,25.768
1251,25.129,25.807
1252,25.110,25.790
1253,25.130,25.802
1254,25.123,25.796
1255,25.135,25.817
1256,25.125,25.790
1257,25.125,25.803
1258,25.146,25.824
1259,25.113,25.792
1260,25.127,25.799
1261,25.119,25.795
1262,25.148,25.831
1263,25.125,25.806
1264,25.127,25.808
1265,25.147,25.825
1266,25.141,25.817
1267,25.120,25.794
1268,25.143,25.823
1269,25.128,25.812
1270,25.131,25.816
1271,25.132,25.815
1272,25.140,25.818
1273,25.129,25.798
1274,25.115,25.799
1275,25.133,25.814
1276,25.113,25.793
1277,25.089,25.753
1278,25.108,25.787
1279,25.116,25.788
1280,25.106,25.789
1281,25.119,25.802
1282,25.120,25.798
1283,25.110,25.782
1284,25.100,25.770
1285,25.117,25.797
1286,25.120,25.801
1287,25.106,25.777
1288,25.116,25.786
1289,25.122,25.795
1290,25.128,25.806
1291,25.105,25.777
1292,25.106,25.774
1293,25.108,25.784
1294,25.111,25.783
1295,25.120,25.789
1296,25.124,25.792
1297,25.112,25.789
1298,25.127,25.807
1299,25.116,25.800
1300,25.118,25.797
1301,25.120,25.802
1302,25.106,25.779
1303,25.107,25.782
1304,25.100,25.767
1305,25.099,25.759
1306,25.120,25.807
1307,25.113,25.786
1308,25.107,25.780
1309,25.116,25.794
1310,25.136,25.808
1311,25.113,25.788
1312,25.092,25.770
1313,25.127,25.810
1314,25.109,25.794
1315,25.096,25.773
1316,25.111,25.779
1317,25.108,25.787
1318,25.098,25.765
1319,25.102,25.781
1320,25.106,25.779
1321,25.118,25.789
1322,25.085,25.761
1323,25.095,25.763
1324,25.102,25.777
1325,25.090,25.771
1326,25.093,25.762
1327,25.104,25.788
1328,25.080,25.741
1329,25.092,25.772
1330,25.109,25.786
1331,25.129,25.801
1332,25.125,25.787
1333,25.110,25.779
1334,25.103,25.783
1335,25.109,25.792
1336,25.119,25.798
1337,25.139,25.817
1338,25.139,25.805
1339,25.109,25.774
1340,25.124,25.795
1341,25.116,25.795
1342,25.098,25.777
1343,25.122,25.794
1344,25.139,25.816
1345,25.135,25.812
1346,25.102,25.775
1347,25.120,25.786
1348,25.132,25.810
1349,25.120,25.799
1350,25.117,25.793
1351,25.119,25.800
1352,25.115,25.789
1353,25.120,25.798
1354,25.132,25.804
1355,25.131,25.799
1356,25.106,25.780
1357,25.115,25.786
1358,25.123,25.796
1359,25.119,25.791
1360,25.135,25.806
1361,25.106,25.780
1362,25.106,25.774
1363,25.111,25.783
1364,25.115,25.788
1365,25.134,25.800
1366,25.121,25.789
1367,25.102,25.778
1368,25.103,25.772
1369,25.121,25.793
1370,25.114,25.778
1371,25.112,25.787
1372,25.130,25.799
1373,25.135,25.804
1374,25.098,25.765
1375,25.121,25.797
1376,25.125,25.794
1377,25.120,25.801
1378,25.097,25.763
1379,25.120,25.791
1380,25.115,25.779
1381,25.114,25.776
1382,25.126,25.801
1383,25.125,25.788
1384,25.093,25.761
1385,25.116,25.789
1386,25.130,25.800
1387,25.129,25.792
1388,25.110,25.777
1389,25.114,25.790
1390,25.111,25.783
1391,25.111,25.776
1392,25.118,25.784
1393,25.131,25.798
1394,25.123,25.791
1395,25.110,25.768
1396,25.121,25.785
1397,25.111,25.783
1398,25.103,25.770
1399,25.128,25.792
1400,25.132,25.793
1401,25.127,25.792
1402,25.119,25.783
1403,25.122,25.803
1404,25.127,25.796
1405,25.123,25.799
1406,25.117,25.779
1407,25.115,25.793
1408,25.122,25.785
1409,25.106,25.778
1410,25.129,25.799
1411,25.117,25.790
1412,25.100,25.768
1413,25.095,25.768
1414,25.120,25.790
1415,25.104,25.773
1416,25.094,25.771
1417,25.110,25.785
1418,25.114,25.786
1419,25.115,25.785
1420,25.116,25.789
1421,25.124,25.798
1422,25.110,25.782
1423,25.115,25.776
1424,25.111,25.791
1425,25.125,25.798
1426,25.099,25.767
1427,25.113,25.786
1428,25.117,25.784
1429,25.103,25.767
1430,25.114,25.784
1431,25.131,25.802
1432,25.118,25.791
1433,25.134,25.799
1434,25.109,25.776
1435,25.114,25.787
1436,25.112,25.786
1437,25.109,25.781
1438,25.127,25.803
1439,25.125,25.797
1440,25.115,25.779
1441,25.103,25.763
1442,25.139,25.807
1443,25.112,25.786
1444,25.133,25.820
1445,25.136,25.812
1446,25.140,25.812
1447,25.125,25.805
1448,25.112,25.789
1449,25.120,25.793
1450,25.108,25.789
1451,25.115,25.795
1452,25.120,25.798
1453,25.095,25.777
1454,25.095,25.763
1455,25.109,25.781
1456,25.126,25.796
1457,25.114,25.794
1458,25.118,25.791
1459,25.129,25.800
1460,25.109,25.780
1461,25.115,25.787
1462,25.136,25.806
1463,25.136,25.798
1464,25.111,25.781
1465,25.121,25.794
1466,25.118,25.801
1467,25.112,25.787
1468,25.116,25.792
1469,25.112,25.785
1470,25.115,25.791
1471,25.119,25.801
1472,25.118,25.788
1473,25.121,25.785
1474,25.125,25.790
1475,25.118,25.785
1476,25.108,25.781
1477,25.113,25.792
1478,25.101,25.766
1479,25.100,25.767
1480,25.104,25.772
1481,25.126,25.800
1482,25.108,25.776
1483,25.114,25.794
1484,25.105,25.772
1485,25.102,25.771
1486,25.095,25.769
1487,25.103,25.776
1488,25.105,25.781
1489,25.100,25.771
1490,25.112,25.777
1491,25.123,25.785
1492,25.079,25.748
1493,25.104,25.775
1494,25.117,25.784
1495,25.097,25.766
1496,25.094,25.763
1497,25.106,25.770
1498,25.119,25.798
1499,25.093,25.769
1500,25.088,25.744
1501,25.128,25.797
1502,25.098,25.765
1503,25.106,25.775
1504,25.096,25.763
1505,25.106,25.766
1506,25.116,25.784
1507,25.101,25.769
1508,25.112,25.785
1509,25.116,25.783
1510,25.090,25.758
1511,25.107,25.767
1512,25.114,25.781
1513,25.104,25.770
1514,25.109,25.775
1515,25.121,25.787
1516,25.106,25.766
1517,25.103,25.773
1518,25.110,25.772
1519,25.119,25.781
1520,25.106,25.771
1521,25.102,25.760
1522,25.106,25.777
1523,25.118,25.795
1524,25.099,25.758
1525,25.103,25.777
1526,25.108,25.770
1527,25.098,25.767
1528,25.093,25.757
1529,25.110,25.778
1530,25.126,25.798
1531,25.112,25.776
1532,25.105,25.777
1533,25.108,25.766
1534,25.100,25.758
1535,25.105,25.770
1536,25.109,25.774
1537,25.106,25.774
1538,25.101,25.771
1539,25.100,25.772
1540,25.101,25.769
1541,25.108,25.771
1542,25.092,25.758
1543,25.123,25.797
1544,25.111,25.780
1545,25.099,25.771
1546,25.109,25.772
1547,25.103,25.770
1548,25.085,25.742
1549,25.108,25.762
1550,25.110,25.784
1551,25.101,25.772
1552,25.092,25.759
1553,25.135,25.793
1554,25.110,25.772
1555,25.107,25.760
1556,25.078,25.748
1557,25.107,25.771
1558,25.099,25.765
1559,25.105,25.769
1560,25.100,25.760
1561,25.103,25.767
1562,25.107,25.772
1563,25.099,25.764
1564,25.110,25.779
1565,25.118,25.785
1566,25.101,25.768
1567,25.103,25.784
1568,25.117,25.778
1569,25.102,25.758
1570,25.103,25.775
1571,25.103,25.770
1572,25.083,25.754
1573,25.102,25.766
1574,25.123,25.782
1575,25.130,25.790
1576,25.087,25.754
1577,25.099,25.755
1578,25.121,25.784
1579,25.082,25.757
1580,25.096,25.763
1581,25.107,25.781
1582,25.122,25.782
1583,25.086,25.746
1584,25.104,25.772
1585,25.107,25.769
1586,25.104,25.765
1587,25.077,25.735
1588,25.099,25.761
1589,25.108,25.773
1590,25.097,25.745
1591,25.090,25.755
1592,25.085,25.744
1593,25.097,25.765
1594,25.092,25.753
1595,25.101,25.776
1596,25.124,25.796
1597,25.208,25.917
1598,25.160,25.868
1599,25.105,25.799
1600,25.105,25.808
1601,25.104,25.804
1602,25.091,25.788
1603,25.093,25.785
1604,25.077,25.750
1605,25.078,25.764
1606,25.116,25.796
1607,25.085,25.762
1608,25.075,25.747
1609,25.065,25.732
1610,25.091,25.788
1611,25.076,25.748
1612,25.073,25.769
1613,25.086,25.761
1614,25.084,25.762
1615,25.078,25.770
1616,25.063,25.736
1617,25.088,25.788
1618,25.117,25.795
1619,25.120,25.809
1620,25.146,25.845
1621,25.171,25.881
1622,25.174,25.892
1623,25.218,25.948
1624,25.206,25.934
1625,25.193,25.899
1626,25.187,25.915
1627,25.184,25.895
1628,25.193,25.908
1629,25.172,25.886
1630,25.217,25.936
1631,25.238,25.951
1632,25.191,25.907
1633,25.269,26.006
1634,25.299,26.040
1635,25.233,25.962
1636,25.234,25.944
1637,25.260,25.989
1638,25.264,25.987
1639,25.241,25.969
1640,25.263,25.985
1641,25.292,26.039
1642,25.227,25.927
1643,25.222,25.946
1644,25.244,25.968
1645,25.227,25.960
1646,25.207,25.926
1647,25.215,25.947
1648,25.209,25.947
1649,25.198,25.929
1650,25.181,25.913
1651,25.221,25.946
1652,25.206,25.927
1653,25.176,25.901
1654,25.215,25.952
1655,25.212,25.944
1656,25.200,25.932
1657,25.191,25.928
1658,25.202,25.939
1659,25.225,25.965
1660,25.238,25.963
1661,25.225,25.955
1662,25.222,25.954
1663,25.185,25.916
1664,25.201,25.944
1665,25.183,25.917
1666,25.170,25.906
1667,25.162,25.895
1668,25.142,25.867
1669,25.151,25.894
1670,25.114,25.836
1671,25.070,25.793
1672,25.071,25.784
1673,25.033,25.749
1674,24.984,25.691
1675,25.005,25.729
1676,24.983,25.705
1677,24.926,25.651
1678,24.926,25.658
1679,24.957,25.683
1680,24.933,25.651
1681,24.933,25.650
1682,24.923,25.648
1683,24.957,25.673
1684,24.903,25.623
1685,24.926,25.647
1686,25.016,25.746
1687,25.006,25.743
1688,24.980,25.712
1689,25.008,25.757
1690,25.014,25.754
1691,24.988,25.736
1692,25.050,25.793
1693,25.075,25.827
1694,25.058,25.811
1695,25.090,25.854
1696,25.147,25.904
1697,25.102,25.887
1698,25.070,25.833
1699,25.071,25.843
1700,25.081,25.845
1701,25.016,25.772
1702,25.034,25.794
1703,24.822,25.526
1704,25.029,25.781
1705,25.027,25.784
1706,25.043,25.810
1707,25.021,25.778
1708,25.046,25.806
1709,25.064,25.816
1710,25.162,25.935
1711,25.222,25.997
1712,25.198,25.989
1713,25.014,25.740
1714,25.278,26.086
1715,25.249,26.059
1716,25.304,26.099
1717,25.306,26.117
1718,25.297,26.127
1719,25.224,26.024
1720,25.274,26.089
1721,24.968,25.701
1722,25.211,25.998
1723,25.143,25.913
1724,25.241,26.040
1725,25.304,26.109
1726,25.299,26.090
1727,24.997,25.748
1728,25.259,26.056
1729,25.220,26.003
1730,25.261,26.047
1731,25.279,26.075
1732,25.272,26.070
1733,25.230,26.014
1734,25.254,26.041
1735,25.248,26.034
1736,25.272,26.065
1737,25.274,26.076
1738,25.304,26.120
1739,25.248,26.050
1740,25.228,26.025
1741,25.265,26.080
1742,25.244,26.048
1743,25.290,26.109
1744,25.264,26.068
1745,25.256,26.059
1746,25.247,26.069
1747,25.201,26.020
1748,25.262,26.074
1749,25.248,26.075
1750,25.272,26.108
1751,25.233,26.053
1752,25.256,26.101
1753,25.252,26.089
1754,25.226,26.061
1755,25.250,26.090
1756,25.266,26.117
1757,25.277,26.118
1758,25.257,26.097
1759,25.303,26.148
1760,25.297,26.148
1761,25.276,26.130
1762,25.260,26.097
1763,25.297,26.147
1764,25.257,26.105
1765,25.265,26.121
1766,25.283,26.152
1767,24.973,25.760
1768,24.998,25.796
1769,24.985,25.766
1770,25.283,26.124
1771,25.276,26.131
1772,25.288,26.130
1773,25.277,26.121
1774,25.299,26.146
1775,25.252,26.095
1776,25.302,26.140
1777,25.297,26.124
1778,25.237,26.067
1779,25.239,26.065
1780,25.167,25.984
1781,25.164,25.968
1782,25.119,25.902
1783,25.066,25.832
1784,25.072,25.856
1785,25.060,25.838
1786,25.019,25.786
1787,25.070,25.834
1788,25.076,25.849
1789,25.036,25.828
1790,25.114,25.903
1791,24.853,25.597
1792,25.156,25.973
1793,25.126,25.924
1794,25.184,25.996
1795,25.150,25.958
1796,25.219,26.032
1797,24.924,25.654
1798,25.190,25.990
1799,25.146,25.920
1800,25.138,25.901
1801,25.119,25.869
1802,25.158,25.924
1803,25.097,25.840
1804,25.075,25.809
1805,25.084,25.819
1806,25.052,25.768
1807,25.031,25.760
1808,25.055,25.790
1809,25.017,25.735
1810,25.000,25.711
1811,24.923,25.624
1812,24.923,25.611
1813,24.886,25.571
1814,24.863,25.537
1815,24.843,25.518
1816,24.841,25.509
1817,24.784,25.461
1818,24.700,25.361
1819,24.702,25.357
1820,24.687,25.322
1821,24.595,25.237
1822,24.592,25.222
1823,24.633,25.275
1824,24.642,25.295
1825,24.609,25.244
1826,24.578,25.213
1827,24.564,25.198
1828,24.538,25.181
1829,24.579,25.192
1830,24.569,25.202
1831,24.618,25.266
1832,24.650,25.302
1833,24.682,25.327
1834,24.660,25.304
1835,24.699,25.352
1836,24.674,25.339
1837,24.797,25.486
1838,24.660,25.322
1839,24.639,25.303
1840,24.712,25.367
1841,24.736,25.415
