0,26.887,26.894
1,26.889,26.899
2,26.878,26.889
3,26.829,26.846
4,26.855,26.868
5,26.776,26.777
6,26.838,26.852
7,26.715,26.727
8,26.778,26.781
9,26.605,26.585
10,26.813,26.822
11,26.904,26.918
12,26.811,26.806
13,26.788,26.784
14,26.770,26.782
15,26.631,26.627
16,26.640,26.647
17,26.628,26.635
18,26.603,26.610
19,26.596,26.606
20,26.609,26.621
21,26.671,26.688
22,26.558,26.575
23,26.570,26.599
24,26.573,26.601
25,26.614,26.635
26,26.685,26.711
27,26.466,26.483
28,26.597,26.636
29,26.562,26.596
30,26.367,26.379
31,26.431,26.448
32,26.406,26.426
33,26.627,26.651
34,26.624,26.667
35,26.571,26.598
36,26.425,26.470
37,26.500,26.542
38,26.431,26.476
39,26.380,26.419
40,26.444,26.501
41,26.313,26.349
42,26.406,26.446
43,26.327,26.382
44,26.290,26.335
45,26.298,26.337
46,26.381,26.433
47,26.352,26.393
48,26.381,26.433
49,26.410,26.470
50,26.376,26.423
51,26.357,26.404
52,26.514,26.566
53,26.442,26.487
54,26.570,26.629
55,26.595,26.638
56,26.658,26.714
57,26.600,26.657
58,26.529,26.587
59,26.553,26.622
60,26.445,26.505
61,26.391,26.465
62,26.352,26.422
63,26.430,26.485
64,26.420,26.478
65,26.443,26.505
66,26.355,26.403
67,26.352,26.407
68,26.332,26.380
69,26.291,26.347
70,26.238,26.292
71,26.493,26.552
72,26.249,26.291
73,26.440,26.481
74,26.251,26.287
75,26.281,26.330
76,26.171,26.216
77,26.260,26.301
78,26.143,26.191
79,26.177,26.233
80,26.034,26.116
81,26.238,26.321
82,26.053,26.112
83,26.094,26.168
84,25.976,26.046
85,25.892,25.950
86,25.932,25.997
87,25.854,25.908
88,25.915,25.975
89,26.047,26.112
90,25.899,25.970
91,26.044,26.119
92,26.074,26.155
93,26.015,26.087
94,26.063,26.118
95,26.399,26.472
96,26.172,26.227
97,26.253,26.315
98,26.218,26.275
99,26.343,26.391
100,26.264,26.327
101,26.179,26.227
102,26.208,26.261
103,26.121,26.157
104,26.159,26.194
105,26.195,26.233
106,26.101,26.144
107,26.085,26.107
108,26.120,26.171
109,26.070,26.113
110,26.077,26.116
111,25.869,25.893
112,25.814,25.833
113,25.785,25.791
114,25.819,25.829
115,25.915,25.936
116,25.963,25.973
117,25.819,25.823
118,25.681,25.685
119,25.612,25.615
120,25.423,25.415
121,25.606,25.604
122,25.488,25.492
123,25.501,25.488
124,25.782,25.764
125,25.552,25.531
126,25.703,25.694
127,25.531,25.514
128,25.357,25.337
129,25.519,25.500
130,25.605,25.573
131,25.483,25.452
132,25.347,25.304
133,25.482,25.432
134,25.443,25.406
135,26.229,26.198
136,25.873,25.835
137,25.585,25.546
138,25.737,25.692
139,25.535,25.487
140,25.557,25.515
141,26.133,26.117
142,25.544,25.523
143,25.465,25.436
144,25.538,25.511
145,25.840,25.829
146,25.630,25.605
147,25.682,25.646
148,25.518,25.485
149,25.480,25.458
150,25.552,25.522
151,25.445,25.425
152,25.475,25.463
153,25.421,25.404
154,25.422,25.415
155,25.470,25.467
156,25.548,25.542
157,25.844,25.849
158,25.698,25.707
159,25.372,25.385
160,25.367,25.370
161,25.265,25.260
162,25.264,25.269
163,25.235,25.246
164,25.204,25.217
165,25.171,25.180
166,25.262,25.274
167,25.341,25.356
168,25.340,25.369
169,25.280,25.314
170,25.207,25.231
171,25.220,25.252
172,25.259,25.289
173,25.275,25.312
174,25.387,25.433
175,25.265,25.312
176,25.335,25.379
177,25.324,25.375
178,25.365,25.410
179,25.352,25.407
180,25.426,25.481
181,25.491,25.542
182,25.570,25.620
183,25.529,25.579
184,25.543,25.599
185,25.524,25.569
186,25.561,25.610
187,25.543,25.589
188,25.715,25.764
189,25.552,25.585
190,25.565,25.610
191,25.621,25.665
192,25.639,25.670
193,25.684,25.715
194,25.712,25.745
195,25.729,25.773
196,25.743,25.765
197,25.695,25.722
198,25.689,25.726
199,25.602,25.634
200,25.623,25.659
201,25.621,25.658
202,25.564,25.604
203,25.534,25.577
204,25.589,25.642
205,25.541,25.588
206,25.520,25.555
207,25.763,25.819
208,25.589,25.634
209,25.695,25.742
210,25.554,25.584
211,25.643,25.681
212,25.599,25.620
213,25.746,25.783
214,25.655,25.694
215,25.654,25.707
216,25.601,25.635
217,25.718,25.764
218,25.723,25.771
219,25.730,25.764
220,25.832,25.869
221,25.686,25.720
222,25.788,25.842
223,25.715,25.763
224,25.696,25.745
225,25.693,25.745
226,25.649,25.693
227,25.668,25.713
228,25.606,25.661
229,25.535,25.586
230,25.463,25.502
231,25.561,25.612
232,25.502,25.556
233,25.428,25.473
234,25.377,25.429
235,25.371,25.425
236,25.259,25.296
237,25.301,25.345
238,25.220,25.265
239,25.192,25.244
240,25.253,25.307
241,25.244,25.293
242,25.234,25.288
243,25.189,25.233
244,25.231,25.285
245,25.202,25.256
246,25.085,25.124
247,25.156,25.190
248,25.129,25.166
249,25.110,25.142
250,25.142,25.174
251,25.137,25.169
252,25.135,25.169
253,25.095,25.129
254,25.076,25.103
255,25.108,25.135
256,25.080,25.102
257,25.170,25.193
258,25.107,25.138
259,25.130,25.155
260,25.154,25.182
261,25.128,25.149
262,25.133,25.162
263,25.136,25.168
264,25.081,25.113
265,25.093,25.130
266,25.049,25.075
267,25.087,25.112
268,25.006,25.036
269,24.987,25.014
270,25.038,25.062
271,25.050,25.072
272,25.099,25.126
273,25.107,25.126
274,25.147,25.178
275,25.169,25.182
276,25.214,25.237
277,25.230,25.253
278,25.235,25.261
279,25.287,25.310
280,25.440,25.463
281,25.481,25.508
282,25.461,25.482
283,25.427,25.454
284,25.318,25.338
285,25.279,25.295
286,25.348,25.374
287,25.402,25.415
288,25.420,25.444
289,25.590,25.604
290,25.554,25.577
291,25.548,25.567
292,25.500,25.522
293,25.539,25.556
294,25.554,25.578
295,25.537,25.554
296,25.478,25.496
297,25.469,25.485
298,25.468,25.474
299,25.505,25.516
300,25.524,25.540
301,25.511,25.526
302,25.497,25.519
303,25.506,25.529
304,25.565,25.590
305,25.492,25.510
306,25.548,25.573
307,25.597,25.624
308,25.649,25.665
309,25.619,25.638
310,25.629,25.643
311,25.664,25.682
312,25.654,25.668
313,25.672,25.693
314,25.649,25.663
315,25.561,25.572
316,25.590,25.598
317,25.515,25.512
318,25.635,25.645
319,25.599,25.607
320,25.578,25.595
321,25.431,25.432
322,25.559,25.572
323,25.646,25.662
324,25.657,25.672
325,25.664,25.685
326,25.638,25.655
327,25.641,25.631
328,25.712,25.715
329,25.749,25.748
330,25.822,25.834
331,25.796,25.808
332,25.714,25.718
333,25.787,25.806
334,25.779,25.792
335,25.805,25.821
336,25.868,25.880
337,25.786,25.799
338,25.853,25.881
339,25.946,25.981
340,25.822,25.851
341,25.780,25.810
342,25.814,25.841
343,25.843,25.876
344,25.864,25.886
345,25.822,25.850
346,25.883,25.912
347,25.810,25.825
348,25.699,25.719
349,25.768,25.788
350,25.780,25.811
351,25.838,25.867
352,25.907,25.936
353,25.870,25.904
354,25.887,25.907
355,25.825,25.845
356,25.939,25.981
357,25.829,25.863
358,26.021,26.067
359,25.827,25.853
360,25.885,25.925
361,25.870,25.907
362,25.924,25.970
363,25.965,25.996
364,26.003,26.049
365,25.974,26.004
366,26.029,26.071
367,26.058,26.098
368,26.123,26.170
369,26.064,26.103
370,26.041,26.086
371,25.922,25.953
372,25.892,25.951
373,25.864,25.909
374,25.794,25.843
375,25.880,25.934
376,25.799,25.840
377,25.715,25.766
378,25.644,25.695
379,25.689,25.724
380,25.804,25.861
381,25.855,25.901
382,25.764,25.813
383,25.771,25.823
384,26.176,26.241
385,26.022,26.082
386,26.020,26.078
387,25.794,25.838
388,26.026,26.091
389,25.949,26.004
390,26.016,26.072
391,25.821,25.852
392,25.801,25.824
393,25.783,25.813
394,25.784,25.805
395,26.287,26.302
396,26.037,26.044
397,26.014,26.025
398,25.902,25.899
399,26.012,26.016
400,25.920,25.928
401,25.915,25.917
402,25.814,25.807
403,25.927,25.919
404,25.951,25.953
405,25.837,25.837
406,25.769,25.782
407,25.735,25.743
408,25.709,25.715
409,25.693,25.713
410,25.774,25.800
411,25.708,25.714
412,25.758,25.760
413,25.861,25.883
414,25.821,25.841
415,25.826,25.843
416,25.789,25.798
417,25.903,25.915
418,25.836,25.845
419,26.015,26.018
420,25.792,25.802
421,25.855,25.860
422,25.835,25.834
423,25.874,25.884
424,25.898,25.906
425,25.987,25.984
426,25.949,25.958
427,25.841,25.836
428,25.868,25.869
429,25.948,25.952
430,25.980,25.987
431,25.879,25.887
432,25.949,25.964
433,26.095,26.102
434,25.871,25.879
435,25.964,25.967
436,25.950,25.959
437,25.842,25.847
438,25.935,25.940
439,25.819,25.834
440,25.879,25.905
441,25.720,25.723
442,25.751,25.758
443,25.860,25.870
444,25.753,25.763
445,25.869,25.869
446,25.729,25.745
447,25.817,25.822
448,25.655,25.661
449,25.623,25.633
450,25.633,25.647
451,25.589,25.594
452,25.677,25.686
453,25.674,25.686
454,25.650,25.668
455,25.732,25.761
456,25.680,25.698
457,25.688,25.699
458,25.734,25.751
459,25.686,25.694
460,25.699,25.713
461,25.735,25.749
462,25.729,25.731
463,25.690,25.702
464,25.740,25.755
465,25.668,25.666
466,25.683,25.671
467,25.681,25.671
468,25.653,25.635
469,25.665,25.648
470,25.671,25.652
471,25.626,25.611
472,25.578,25.569
473,25.604,25.584
474,25.705,25.694
475,25.657,25.653
476,25.740,25.741
477,25.682,25.688
478,25.517,25.510
479,25.707,25.724
480,25.718,25.730
481,25.684,25.688
482,25.679,25.674
483,25.679,25.682
484,25.759,25.765
485,25.773,25.781
486,25.843,25.850
487,25.683,25.696
488,25.720,25.747
489,25.872,25.892
490,25.592,25.584
491,25.707,25.706
492,25.694,25.697
493,25.657,25.656
494,25.659,25.664
495,25.734,25.744
496,25.796,25.812
497,25.754,25.752
498,25.868,25.879
499,25.982,26.003
500,25.973,25.993
501,25.992,26.004
502,26.004,26.032
503,26.137,26.166
504,26.083,26.103
505,26.145,26.168
506,26.047,26.073
507,26.125,26.156
508,26.100,26.118
509,26.197,26.224
510,26.250,26.272
511,26.179,26.215
512,26.196,26.232
513,26.313,26.353
514,26.165,26.203
515,26.227,26.284
516,26.271,26.311
517,26.285,26.325
518,26.345,26.391
519,26.335,26.397
520,26.349,26.402
521,26.292,26.351
522,26.288,26.363
523,26.195,26.257
524,26.217,26.283
525,26.293,26.350
526,26.345,26.409
527,26.468,26.548
528,26.675,26.761
529,26.552,26.625
530,26.555,26.639
531,26.590,26.681
532,26.576,26.656
533,26.607,26.699
534,26.671,26.765
535,26.664,26.752
536,26.727,26.825
537,26.693,26.799
538,26.657,26.768
539,26.707,26.818
540,26.600,26.689
541,26.563,26.656
542,26.820,26.898
543,26.701,26.795
544,26.998,27.132
545,26.953,27.099
546,26.918,27.048
547,26.934,27.069
548,26.896,27.022
549,26.759,26.895
550,27.040,27.178
551,27.135,27.292
552,27.133,27.284
553,27.088,27.234
554,27.018,27.157
555,27.159,27.306
556,27.151,27.295
557,27.119,27.271
558,27.310,27.468
559,27.031,27.162
560,27.227,27.354
561,27.213,27.348
562,27.210,27.351
563,27.147,27.297
564,27.070,27.214
565,27.152,27.291
566,27.244,27.392
567,27.266,27.396
568,27.000,27.145
569,27.114,27.266
570,27.114,27.268
571,27.088,27.252
572,27.342,27.508
573,27.195,27.351
574,27.467,27.614
575,27.666,27.852
576,27.606,27.776
577,27.705,27.885
578,27.507,27.672
579,27.488,27.664
580,27.491,27.665
581,27.484,27.644
582,27.656,27.820
583,27.568,27.726
584,27.500,27.649
585,27.579,27.731
586,27.509,27.653
587,27.621,27.770
588,27.673,27.834
589,27.614,27.769
590,27.656,27.808
591,27.641,27.796
592,27.616,27.762
593,27.678,27.831
594,27.616,27.775
595,27.533,27.679
596,27.596,27.754
597,27.658,27.817
598,27.590,27.734
599,27.624,27.775
600,27.635,27.784
601,27.636,27.788
602,27.650,27.792
603,27.723,27.877
604,27.737,27.903
605,27.773,27.948
606,27.878,28.058
607,27.643,27.792
608,28.012,28.164
609,27.902,28.037
610,27.960,28.130
611,27.977,28.148
612,27.914,28.052
613,27.918,28.083
614,27.816,27.958
615,27.936,28.104
616,27.884,28.058
617,27.864,28.033
618,27.657,27.797
619,27.613,27.761
620,27.901,28.079
621,27.856,28.032
622,27.836,27.991
623,27.890,28.073
624,27.875,28.062
625,27.785,27.964
626,27.789,27.978
627,27.741,27.911
628,27.826,28.004
629,27.728,27.893
630,27.793,27.955
631,27.800,27.967
632,27.763,27.925
633,27.786,27.943
634,27.728,27.891
635,27.879,28.053
636,27.967,28.156
637,27.479,27.629
638,27.340,27.477
639,27.537,27.668
640,27.502,27.624
641,27.371,27.499
642,27.370,27.485
643,27.411,27.526
644,27.484,27.628
645,27.415,27.555
646,27.363,27.488
647,27.328,27.457
648,27.339,27.465
649,27.096,27.225
650,27.307,27.459
651,27.187,27.344
652,27.113,27.251
653,27.435,27.587
654,27.248,27.395
655,27.330,27.467
656,27.242,27.386
657,27.493,27.640
658,27.345,27.493
659,27.307,27.443
660,27.305,27.450
661,27.386,27.514
662,27.379,27.507
663,27.365,27.479
664,27.380,27.506
665,27.360,27.485
666,27.251,27.358
667,27.197,27.286
668,27.138,27.219
669,27.116,27.192
670,27.119,27.207
671,27.115,27.212
672,27.139,27.211
673,27.210,27.303
674,27.173,27.281
675,27.050,27.133
676,27.046,27.141
677,27.050,27.136
678,27.005,27.103
679,26.973,27.052
680,26.961,27.039
681,26.861,26.923
682,26.884,26.956
683,26.818,26.886
684,26.783,26.841
685,26.866,26.940
686,26.928,27.005
687,26.777,26.847
688,26.757,26.820
689,26.753,26.816
690,26.715,26.772
691,26.668,26.733
692,26.727,26.773
693,26.641,26.682
694,26.634,26.665
695,26.536,26.575
696,26.492,26.531
697,26.460,26.489
698,26.539,26.564
699,26.561,26.601
700,26.580,26.616
701,26.535,26.581
702,26.520,26.569
703,26.483,26.524
704,26.519,26.568
705,26.568,26.615
706,26.518,26.557
707,26.460,26.507
708,26.419,26.464
709,26.432,26.465
710,26.436,26.475
711,26.457,26.489
712,26.371,26.420
713,26.319,26.375
714,26.462,26.504
715,26.339,26.410
716,26.360,26.424
717,26.445,26.501
718,26.352,26.423
719,26.372,26.435
720,26.258,26.320
721,26.241,26.298
722,26.187,26.250
723,26.208,26.260
724,26.058,26.100
725,26.124,26.174
726,26.023,26.068
727,26.034,26.086
728,25.909,25.941
729,25.960,25.992
730,25.929,25.969
731,25.819,25.838
732,25.897,25.934
733,26.086,26.100
734,26.074,26.105
735,25.985,26.008
736,26.074,26.090
737,26.027,26.039
738,26.006,26.014
739,26.118,26.121
740,26.010,26.035
741,25.954,25.968
742,26.456,26.464
743,26.247,26.244
744,26.302,26.319
745,26.465,26.489
746,26.220,26.219
747,26.290,26.292
748,26.336,26.335
749,26.239,26.231
750,26.379,26.382
751,26.265,26.256
752,26.290,26.283
753,26.304,26.295
754,26.285,26.258
755,26.323,26.310
756,26.329,26.312
757,26.048,26.022
758,26.113,26.111
759,26.082,26.077
760,26.087,26.097
761,26.137,26.144
762,26.151,26.158
763,26.048,26.076
764,26.041,26.069
765,25.963,25.981
766,25.956,25.978
767,25.936,25.964
768,25.937,25.960
769,25.836,25.855
770,25.903,25.923
771,25.829,25.838
772,25.903,25.923
773,25.863,25.879
774,25.862,25.906
775,25.925,25.984
776,25.934,25.987
777,25.835,25.895
778,25.818,25.894
779,25.841,25.905
780,25.704,25.767
781,25.744,25.817
782,25.807,25.875
783,25.767,25.836
784,25.728,25.803
785,25.705,25.786
786,25.878,25.965
787,25.885,25.977
788,25.811,25.893
789,25.852,25.954
790,25.856,25.955
791,25.869,25.971
792,25.870,25.976
793,25.757,25.844
794,25.903,25.996
795,25.826,25.917
796,25.887,25.983
797,25.856,25.960
798,25.889,25.997
799,25.836,25.940
800,25.918,26.018
801,25.900,25.991
802,25.784,25.878
803,25.801,25.886
804,25.859,25.953
805,25.679,25.765
806,25.679,25.764
807,25.592,25.667
808,25.654,25.751
809,25.567,25.647
810,25.649,25.735
811,25.623,25.700
812,25.621,25.704
813,25.612,25.684
814,25.497,25.565
815,25.504,25.565
816,25.548,25.626
817,25.501,25.566
818,25.491,25.557
819,25.543,25.612
820,25.511,25.583
821,25.495,25.573
822,25.504,25.580
823,25.489,25.569
824,25.472,25.557
825,25.422,25.511
826,25.421,25.504
827,25.462,25.551
828,25.454,25.542
829,25.492,25.591
830,25.509,25.597
831,25.623,25.718
832,25.551,25.650
833,25.662,25.763
834,25.703,25.795
835,25.638,25.732
836,25.729,25.828
837,25.692,25.795
838,25.610,25.705
839,25.663,25.771
840,25.658,25.759
841,25.692,25.807
842,25.719,25.830
843,25.762,25.870
844,25.735,25.835
845,25.707,25.824
846,25.755,25.869
847,25.640,25.744
848,25.681,25.788
849,25.689,25.810
850,25.703,25.819
851,25.723,25.833
852,25.829,25.943
853,25.842,25.948
854,25.870,25.970
855,25.922,26.025
856,26.029,26.128
857,25.959,26.042
858,26.018,26.105
859,26.008,26.107
860,26.050,26.148
861,25.994,26.091
862,25.949,26.047
863,25.911,26.004
864,25.888,25.983
865,25.888,25.987
866,25.899,25.999
867,25.903,26.005
868,25.906,26.000
869,25.876,25.970
870,25.939,26.036
871,25.854,25.958
872,25.885,25.979
873,25.828,25.921
874,25.805,25.893
875,25.806,25.883
876,25.793,25.887
877,25.838,25.926
878,25.768,25.856
879,25.749,25.836
880,25.709,25.808
881,25.739,25.840
882,25.740,25.847
883,25.737,25.831
884,25.729,25.833
885,25.734,25.840
886,25.777,25.889
887,25.759,25.862
888,25.798,25.912
889,25.837,25.943
890,25.772,25.876
891,25.883,25.988
892,25.823,25.923
893,25.943,26.048
894,26.116,26.233
895,25.978,26.089
896,25.895,26.003
897,25.901,26.014
898,25.916,26.022
899,25.988,26.092
900,25.955,26.056
901,26.021,26.127
902,26.082,26.188
903,26.102,26.209
904,26.101,26.203
905,26.105,26.206
906,26.099,26.195
907,26.120,26.216
908,26.044,26.138
909,26.055,26.150
910,26.058,26.161
911,26.098,26.196
912,26.089,26.192
913,26.100,26.197
914,26.083,26.169
915,26.115,26.202
916,26.103,26.196
917,26.191,26.267
918,26.236,26.326
919,26.202,26.282
920,26.225,26.311
921,26.220,26.307
922,26.236,26.318
923,26.238,26.311
924,26.288,26.361
925,26.233,26.303
926,26.232,26.303
927,26.288,26.368
928,26.309,26.385
929,26.324,26.395
930,26.333,26.405
931,26.411,26.478
932,26.360,26.428
933,26.403,26.478
934,26.445,26.523
935,26.445,26.508
936,26.309,26.374
937,26.432,26.499
938,26.664,26.734
939,26.487,26.543
940,26.557,26.622
941,26.653,26.710
942,26.633,26.677
943,26.720,26.790
944,26.786,26.846
945,26.769,26.830
946,26.625,26.676
947,26.875,26.941
948,26.693,26.746
949,26.685,26.725
950,26.603,26.651
951,26.605,26.651
952,26.550,26.601
953,26.516,26.562
954,26.490,26.536
955,26.515,26.566
956,26.408,26.436
957,26.540,26.589
958,26.413,26.463
959,26.304,26.360
960,26.474,26.541
961,26.558,26.621
962,26.490,26.535
963,26.514,26.568
964,26.492,26.554
965,26.453,26.520
966,26.420,26.488
967,26.359,26.417
968,26.421,26.489
969,26.407,26.472
970,26.366,26.428
971,26.334,26.401
972,26.217,26.288
973,26.367,26.446
974,26.371,26.467
975,26.385,26.479
976,26.459,26.537
977,26.515,26.606
978,26.447,26.535
979,26.490,26.587
980,26.414,26.499
981,26.342,26.425
982,26.352,26.434
983,26.471,26.544
984,26.489,26.579
985,26.408,26.486
986,26.424,26.507
987,26.487,26.575
988,26.516,26.602
989,26.453,26.534
990,26.521,26.591
991,26.505,26.577
992,26.578,26.667
993,26.494,26.587
994,26.551,26.630
995,26.365,26.426
996,26.484,26.581
997,26.313,26.390
998,26.412,26.486
999,26.487,26.568
1000,26.725,26.795
1001,26.205,26.268
1002,26.412,26.505
1003,26.201,26.306
1004,26.311,26.423
1005,26.308,26.392
1006,26.314,26.409
1007,26.288,26.382
1008,26.426,26.520
1009,26.403,26.486
1010,26.457,26.536
1011,26.735,26.814
1012,26.643,26.748
1013,26.557,26.643
1014,26.526,26.618
1015,26.416,26.498
1016,26.398,26.473
1017,26.462,26.537
1018,26.487,26.558
1019,26.529,26.605
1020,26.315,26.391
1021,26.422,26.511
1022,26.462,26.553
1023,26.570,26.687
1024,26.468,26.586
1025,26.446,26.551
1026,26.527,26.606
1027,26.536,26.616
1028,26.506,26.593
1029,26.414,26.509
1030,26.428,26.522
1031,26.521,26.619
1032,26.453,26.534
1033,26.397,26.486
1034,26.395,26.482
1035,26.296,26.373
1036,26.292,26.370
1037,26.212,26.298
1038,26.136,26.231
1039,25.917,26.025
1040,26.027,26.136
1041,25.972,26.075
1042,25.903,26.009
1043,25.922,26.024
1044,25.901,26.012
1045,25.991,26.110
1046,26.102,26.209
1047,26.120,26.228
1048,26.282,26.388
1049,26.386,26.488
1050,26.236,26.329
1051,26.593,26.702
1052,26.252,26.354
1053,26.603,26.717
1054,26.536,26.633
1055,26.400,26.503
1056,26.467,26.557
1057,26.359,26.452
1058,26.747,26.847
1059,26.606,26.692
1060,26.495,26.575
1061,26.621,26.708
1062,26.482,26.558
1063,26.524,26.597
1064,26.519,26.607
1065,26.516,26.597
1066,26.624,26.716
1067,26.893,26.987
1068,26.575,26.665
1069,26.774,26.864
1070,26.980,27.087
1071,26.655,26.753
1072,26.703,26.793
1073,26.770,26.862
1074,27.151,27.280
1075,27.399,27.519
1076,26.861,26.961
1077,26.679,26.783
1078,26.574,26.677
1079,26.873,26.975
1080,27.102,27.220
1081,26.675,26.769
1082,26.532,26.612
1083,26.611,26.710
1084,26.603,26.689
1085,26.666,26.746
1086,26.644,26.720
1087,26.765,26.845
1088,26.711,26.794
1089,26.627,26.705
1090,26.840,26.937
1091,27.234,27.338
1092,26.567,26.632
1093,26.467,26.521
1094,26.322,26.353
1095,26.224,26.250
1096,26.217,26.241
1097,26.487,26.508
1098,26.653,26.679
1099,26.696,26.732
1100,26.703,26.749
1101,26.799,26.838
1102,26.581,26.617
1103,26.234,26.230
1104,26.214,26.209
1105,27.088,27.134
1106,26.258,26.286
1107,25.892,25.900
1108,26.260,26.267
1109,25.991,25.986
1110,26.219,26.225
1111,26.793,26.811
1112,26.068,26.074
1113,25.903,25.913
1114,25.935,25.948
1115,26.095,26.076
1116,26.343,26.334
1117,26.565,26.576
1118,26.953,26.973
1119,26.515,26.530
1120,26.326,26.328
1121,26.126,26.128
1122,26.023,26.040
1123,26.012,26.020
1124,26.164,26.178
1125,26.160,26.167
1126,26.641,26.637
1127,26.332,26.355
1128,26.466,26.477
1129,26.358,26.370
1130,26.114,26.123
1131,25.762,25.772
1132,25.634,25.648
1133,25.735,25.748
1134,25.753,25.772
1135,25.613,25.628
1136,25.918,25.924
1137,26.011,26.028
1138,25.774,25.792
1139,25.704,25.708
1140,25.606,25.644
1141,25.747,25.762
1142,25.620,25.661
1143,25.620,25.640
1144,25.617,25.638
1145,25.712,25.721
1146,25.870,25.907
1147,26.133,26.168
1148,25.739,25.777
1149,25.725,25.763
1150,25.759,25.807
1151,26.080,26.128
1152,26.056,26.109
1153,25.824,25.878
1154,25.773,25.823
1155,26.023,26.061
1156,25.815,25.863
1157,25.834,25.878
1158,25.728,25.753
1159,25.792,25.828
1160,25.865,25.907
1161,25.816,25.862
1162,25.786,25.823
1163,25.753,25.795
1164,25.881,25.919
1165,25.826,25.860
1166,25.843,25.870
1167,26.007,26.046
1168,25.978,26.022
1169,25.937,25.965
1170,26.046,26.086
1171,26.418,26.451
1172,26.355,26.392
1173,26.207,26.242
1174,26.196,26.224
1175,26.163,26.189
1176,26.167,26.205
1177,26.415,26.451
1178,26.240,26.266
1179,26.463,26.489
1180,26.193,26.224
1181,26.310,26.329
1182,26.186,26.207
1183,26.183,26.222
1184,26.205,26.235
1185,26.155,26.182
1186,26.094,26.131
1187,26.164,26.210
1188,26.138,26.192
1189,26.735,26.787
1190,26.662,26.726
1191,26.577,26.637
1192,26.355,26.438
1193,26.310,26.370
1194,26.435,26.497
1195,26.331,26.395
1196,26.284,26.357
1197,26.459,26.546
1198,26.181,26.261
1199,26.272,26.356
1200,26.357,26.455
1201,26.343,26.436
1202,26.535,26.635
1203,26.565,26.655
1204,26.409,26.501
1205,26.361,26.433
1206,26.495,26.579
1207,26.284,26.366
1208,26.166,26.248
1209,26.316,26.402
1210,26.358,26.451
1211,26.112,26.185
1212,26.354,26.417
1213,26.262,26.329
1214,26.525,26.605
1215,26.213,26.274
1216,26.160,26.225
1217,26.333,26.409
1218,26.223,26.309
1219,26.246,26.317
1220,26.263,26.346
1221,26.384,26.459
1222,26.332,26.407
1223,26.184,26.248
1224,26.188,26.257
1225,26.510,26.600
1226,26.424,26.496
1227,26.533,26.606
1228,26.646,26.723
1229,26.667,26.744
1230,26.926,27.005
1231,26.768,26.835
1232,26.783,26.848
1233,26.786,26.842
1234,26.822,26.896
1235,26.760,26.824
1236,26.879,26.942
1237,26.897,26.967
1238,26.884,26.937
1239,26.851,26.910
1240,26.830,26.897
1241,26.859,26.936
1242,26.742,26.824
1243,26.865,26.955
1244,26.704,26.770
1245,26.713,26.790
1246,26.750,26.810
1247,26.726,26.804
1248,26.680,26.753
1249,26.831,26.880
1250,26.691,26.740
1251,26.599,26.664
1252,26.638,26.684
1253,26.588,26.629
1254,26.652,26.696
1255,26.549,26.601
1256,26.532,26.577
1257,26.493,26.521
1258,26.500,26.549
1259,26.413,26.464
1260,26.370,26.419
1261,26.270,26.312
1262,26.204,26.242
1263,26.166,26.210
1264,26.077,26.113
1265,26.090,26.142
1266,26.066,26.120
1267,26.158,26.210
1268,26.528,26.580
1269,26.221,26.279
1270,26.138,26.192
1271,26.346,26.400
1272,26.310,26.356
1273,26.393,26.454
1274,26.467,26.509
1275,26.620,26.663
1276,26.355,26.411
1277,26.340,26.411
1278,26.275,26.341
1279,26.316,26.377
1280,26.295,26.351
1281,26.285,26.343
1282,26.247,26.303
1283,26.243,26.301
1284,26.160,26.216
1285,26.261,26.320
1286,26.099,26.140
1287,26.028,26.069
1288,26.123,26.170
1289,26.021,26.056
1290,25.991,26.057
1291,25.954,26.015
1292,26.027,26.093
1293,25.936,25.987
1294,26.119,26.181
1295,25.986,26.053
1296,26.092,26.157
1297,25.856,25.909
1298,26.027,26.098
1299,26.044,26.102
1300,25.994,26.039
1301,25.937,25.988
1302,26.046,26.107
1303,25.859,25.908
1304,25.942,26.015
1305,25.898,25.961
1306,25.917,25.989
1307,25.995,26.057
1308,26.050,26.120
1309,26.019,26.089
1310,25.840,25.917
1311,25.862,25.942
1312,25.915,25.987
1313,25.884,25.969
1314,25.889,25.957
1315,26.127,26.209
1316,25.963,26.041
1317,25.809,25.881
1318,25.853,25.927
1319,25.856,25.926
1320,25.922,25.997
1321,25.824,25.894
1322,25.853,25.936
1323,25.865,25.945
1324,25.900,25.990
1325,25.929,26.019
1326,26.036,26.122
1327,25.968,26.041
1328,25.969,26.050
1329,25.948,26.030
1330,26.067,26.143
1331,26.010,26.089
1332,26.029,26.108
1333,26.163,26.240
1334,26.107,26.189
1335,26.387,26.473
1336,26.192,26.272
1337,26.187,26.271
1338,26.182,26.273
1339,26.098,26.196
1340,26.193,26.279
1341,26.213,26.297
1342,26.203,26.284
1343,26.275,26.365
1344,26.240,26.332
1345,26.225,26.308
1346,26.190,26.269
1347,26.165,26.241
1348,26.196,26.261
1349,26.227,26.311
1350,26.317,26.400
1351,26.289,26.385
1352,26.226,26.306
1353,26.340,26.421
1354,26.249,26.325
1355,26.294,26.365
1356,26.333,26.398
1357,26.361,26.419
1358,26.359,26.434
1359,26.414,26.489
1360,26.492,26.573
1361,26.414,26.505
1362,26.366,26.439
1363,26.470,26.538
1364,26.672,26.754
1365,26.706,26.780
1366,26.702,26.780
1367,26.794,26.870
1368,26.786,26.859
1369,26.805,26.878
1370,26.749,26.828
1371,26.790,26.856
1372,26.918,26.991
1373,26.639,26.717
1374,26.611,26.689
1375,26.779,26.867
1376,26.654,26.726
1377,26.714,26.795
1378,26.703,26.779
1379,26.833,26.923
1380,26.938,27.024
1381,26.666,26.766
1382,26.602,26.696
1383,26.618,26.713
1384,26.612,26.710
1385,26.528,26.608
1386,26.534,26.614
1387,26.472,26.547
1388,26.628,26.679
1389,26.659,26.725
1390,26.592,26.650
1391,26.551,26.609
1392,26.629,26.699
1393,26.600,26.658
1394,26.670,26.733
1395,26.598,26.658
1396,26.502,26.560
1397,26.516,26.595
1398,26.609,26.690
1399,26.555,26.641
1400,26.663,26.751
1401,26.647,26.740
1402,26.720,26.814
1403,26.646,26.751
1404,26.590,26.690
1405,26.600,26.711
1406,26.587,26.671
1407,26.728,26.830
1408,26.654,26.759
1409,26.784,26.879
1410,26.699,26.801
1411,26.648,26.742
1412,26.584,26.661
1413,26.766,26.879
1414,26.707,26.802
1415,26.698,26.798
1416,26.636,26.728
1417,26.603,26.689
1418,26.606,26.700
1419,26.561,26.649
1420,26.592,26.672
1421,26.599,26.684
1422,26.556,26.654
1423,26.524,26.606
1424,26.544,26.618
1425,26.520,26.595
1426,26.556,26.637
1427,26.613,26.691
1428,26.574,26.648
1429,26.637,26.732
1430,26.730,26.805
1431,26.734,26.803
1432,26.743,26.832
1433,26.808,26.896
1434,26.839,26.916
1435,26.795,26.861
1436,26.691,26.751
1437,26.679,26.738
1438,26.574,26.643
1439,26.677,26.755
1440,26.666,26.746
1441,26.734,26.803
1442,26.603,26.677
1443,26.553,26.624
1444,26.619,26.697
1445,26.581,26.653
1446,26.650,26.727
1447,26.504,26.573
1448,26.700,26.767
1449,26.817,26.893
1450,26.746,26.817
1451,26.799,26.872
1452,26.884,26.967
1453,27.029,27.123
1454,27.013,27.102
1455,26.880,26.971
1456,26.898,26.992
1457,26.798,26.899
1458,26.770,26.870
1459,26.873,26.982
1460,26.705,26.808
1461,26.765,26.863
1462,26.714,26.812
1463,26.745,26.842
1464,26.719,26.830
1465,26.952,27.064
1466,27.126,27.259
1467,26.881,26.992
1468,26.720,26.831
1469,26.730,26.848
1470,26.699,26.811
1471,26.761,26.867
1472,26.671,26.781
1473,26.624,26.721
1474,26.625,26.731
1475,26.541,26.633
1476,26.468,26.566
1477,26.631,26.716
1478,26.660,26.746
1479,26.375,26.454
1480,26.294,26.370
1481,26.280,26.357
1482,26.244,26.305
1483,26.182,26.242
1484,26.159,26.224
1485,26.099,26.155
1486,26.038,26.107
1487,25.964,26.021
1488,25.964,26.018
1489,25.985,26.026
1490,25.990,26.035
1491,26.043,26.091
1492,26.026,26.070
1493,25.999,26.043
1494,26.002,26.023
1495,26.002,26.031
1496,26.027,26.055
1497,26.081,26.102
1498,26.049,26.067
1499,26.097,26.116
1500,26.142,26.164
1501,26.220,26.249
1502,26.330,26.372
1503,26.355,26.375
1504,26.408,26.452
1505,26.477,26.513
1506,26.464,26.509
1507,26.500,26.532
1508,26.500,26.533
1509,26.627,26.676
1510,26.587,26.653
1511,26.636,26.682
1512,26.630,26.678
1513,26.607,26.652
1514,26.557,26.600
1515,26.588,26.639
1516,26.566,26.610
1517,26.589,26.637
1518,26.677,26.720
1519,26.672,26.728
1520,26.615,26.661
1521,26.586,26.647
1522,26.569,26.624
1523,26.606,26.673
1524,26.553,26.617
1525,26.517,26.566
1526,26.510,26.569
1527,26.460,26.513
1528,26.381,26.435
1529,26.346,26.395
1530,26.368,26.421
1531,26.379,26.434
1532,26.411,26.468
1533,26.384,26.434
1534,26.365,26.426
1535,26.472,26.540
1536,26.554,26.614
1537,26.629,26.707
1538,26.724,26.815
1539,26.778,26.856
1540,26.925,27.022
1541,27.040,27.133
1542,26.903,26.998
1543,26.840,26.940
1544,26.826,26.910
1545,26.953,27.050
1546,26.850,26.940
1547,26.872,26.964
1548,27.080,27.181
1549,26.896,26.998
1550,27.545,27.673
1551,26.889,26.997
1552,26.864,26.934
1553,26.919,27.013
1554,27.051,27.127
1555,27.328,27.444
1556,27.244,27.371
1557,27.081,27.187
1558,27.432,27.550
1559,27.120,27.223
1560,27.042,27.144
1561,26.990,27.065
1562,26.943,27.049
1563,26.949,27.050
1564,27.010,27.117
1565,26.953,27.052
1566,26.995,27.099
1567,26.974,27.067
1568,26.971,27.077
1569,26.989,27.090
1570,27.007,27.109
1571,26.943,27.036
1572,26.928,27.026
1573,26.974,27.073
1574,26.761,26.841
1575,26.902,26.990
1576,27.175,27.295
1577,26.942,27.042
1578,26.948,27.059
1579,26.904,26.997
1580,26.955,27.059
1581,27.056,27.152
1582,26.870,26.944
1583,26.948,27.046
1584,26.970,27.057
1585,27.040,27.097
1586,27.135,27.200
1587,26.999,27.069
1588,27.016,27.071
1589,27.036,27.105
1590,26.994,27.050
1591,27.131,27.201
1592,27.123,27.191
1593,27.189,27.256
1594,27.146,27.213
1595,27.094,27.140
1596,27.093,27.143
1597,27.079,27.127
1598,27.014,27.067
1599,26.975,27.022
1600,27.040,27.100
1601,27.052,27.113
1602,27.127,27.192
1603,26.989,27.049
1604,26.882,26.924
1605,26.800,26.853
1606,26.800,26.851
1607,26.700,26.757
1608,26.687,26.732
1609,26.542,26.591
1610,26.514,26.553
1611,26.429,26.471
1612,26.414,26.444
1613,26.366,26.390
1614,26.400,26.429
1615,26.396,26.436
1616,26.351,26.387
1617,26.342,26.366
1618,26.397,26.429
1619,26.489,26.526
1620,26.388,26.416
1621,26.434,26.482
1622,26.553,26.598
1623,26.504,26.553
1624,26.542,26.587
1625,26.487,26.517
1626,26.606,26.659
1627,26.651,26.714
1628,26.583,26.631
1629,26.570,26.624
1630,26.639,26.701
1631,26.631,26.684
1632,26.658,26.720
1633,26.554,26.602
1634,26.517,26.585
1635,26.532,26.590
1636,26.415,26.469
1637,26.418,26.472
1638,26.354,26.404
1639,26.315,26.359
1640,26.256,26.316
1641,26.164,26.211
1642,26.180,26.241
1643,26.087,26.147
1644,26.225,26.289
1645,26.186,26.252
1646,26.203,26.251
1647,26.210,26.256
1648,26.217,26.277
1649,26.235,26.280
1650,26.273,26.325
1651,26.293,26.345
1652,26.362,26.422
1653,26.340,26.397
1654,26.290,26.350
1655,26.207,26.267
1656,26.185,26.248
1657,26.217,26.278
1658,26.247,26.308
1659,26.241,26.290
1660,26.292,26.349
1661,26.311,26.382
1662,26.336,26.401
1663,26.411,26.466
1664,26.439,26.508
1665,26.453,26.516
1666,26.487,26.557
1667,26.530,26.599
1668,26.563,26.636
1669,26.560,26.639
1670,26.614,26.699
1671,26.773,26.858
1672,26.741,26.815
1673,26.731,26.822
1674,26.718,26.796
1675,26.714,26.802
1676,26.700,26.809
1677,26.685,26.775
1678,26.673,26.777
1679,26.808,26.909
1680,26.756,26.881
1681,27.191,27.302
1682,27.195,27.319
1683,27.178,27.292
1684,27.226,27.344
1685,27.306,27.436
1686,27.424,27.553
1687,27.512,27.649
1688,27.490,27.611
1689,27.527,27.649
1690,27.576,27.729
1691,27.544,27.688
1692,27.578,27.731
1693,27.595,27.738
1694,27.674,27.820
1695,27.696,27.852
1696,27.650,27.787
1697,27.626,27.772
1698,27.642,27.790
1699,27.644,27.785
1700,27.572,27.704
1701,27.535,27.680
1702,27.507,27.649
1703,27.540,27.684
1704,27.584,27.721
1705,27.547,27.686
1706,27.568,27.696
1707,27.588,27.712
1708,27.483,27.595
1709,27.421,27.535
1710,27.352,27.464
1711,27.278,27.373
1712,27.214,27.320
1713,27.185,27.281
1714,27.077,27.159
1715,27.021,27.099
1716,26.911,26.981
1717,26.944,27.015
1718,27.013,27.082
1719,27.015,27.078
1720,27.049,27.115
1721,26.983,27.035
1722,26.881,26.934
1723,26.938,26.988
1724,26.822,26.865
1725,26.799,26.819
1726,26.892,26.936
1727,26.957,27.012
1728,26.910,26.950
1729,26.844,26.880
1730,26.882,26.914
1731,26.864,26.900
1732,26.922,26.943
1733,26.750,26.776
1734,26.756,26.781
1735,26.725,26.741
1736,26.642,26.652
1737,26.637,26.671
1738,26.622,26.645
1739,26.575,26.598
1740,26.486,26.514
1741,26.452,26.476
1742,26.481,26.525
1743,26.450,26.492
1744,26.517,26.577
1745,26.401,26.457
1746,26.422,26.481
1747,26.470,26.524
1748,26.390,26.434
1749,26.365,26.410
1750,26.373,26.432
1751,26.481,26.534
1752,26.594,26.639
1753,26.574,26.614
1754,26.638,26.674
1755,26.707,26.730
1756,26.667,26.706
1757,26.736,26.776
1758,26.687,26.721
1759,26.754,26.795
1760,26.655,26.688
1761,26.553,26.595
1762,26.504,26.540
1763,26.435,26.467
1764,26.506,26.534
1765,26.447,26.463
1766,26.453,26.471
1767,26.531,26.560
1768,26.479,26.484
1769,26.611,26.625
1770,26.490,26.487
1771,26.529,26.533
1772,26.422,26.425
1773,26.484,26.495
1774,26.482,26.476
1775,26.418,26.399
1776,26.530,26.525
1777,26.633,26.618
1778,26.507,26.479
1779,26.431,26.411
1780,26.452,26.432
1781,26.444,26.430
1782,26.495,26.485
1783,26.582,26.570
1784,26.516,26.501
1785,26.931,26.939
1786,26.542,26.505
1787,26.651,26.635
1788,26.592,26.583
1789,26.530,26.502
1790,26.613,26.602
1791,26.644,26.627
1792,26.555,26.537
1793,26.680,26.665
1794,26.727,26.718
1795,26.685,26.680
1796,26.720,26.710
1797,26.597,26.585
1798,26.741,26.745
1799,26.770,26.781
1800,26.693,26.698
1801,26.820,26.844
1802,26.695,26.711
1803,26.742,26.760
1804,26.691,26.703
1805,26.777,26.804
1806,26.695,26.714
1807,26.708,26.727
1808,26.860,26.887
1809,26.814,26.837
1810,26.848,26.866
1811,26.727,26.757
1812,26.752,26.774
1813,26.739,26.768
1814,26.634,26.660
1815,26.682,26.727
1816,26.590,26.627
1817,26.750,26.792
1818,26.891,26.933
1819,26.694,26.729
1820,26.806,26.844
1821,26.781,26.819
1822,26.676,26.700
1823,26.908,26.947
1824,26.836,26.859
1825,26.877,26.914
1826,26.748,26.776
1827,26.743,26.776
1828,26.699,26.711
1829,26.765,26.808
1830,26.729,26.758
1831,26.782,26.836
1832,26.679,26.729
1833,26.719,26.764
1834,26.735,26.776
1835,26.842,26.889
1836,26.971,27.025
1837,26.750,26.778
1838,26.806,26.850
1839,26.695,26.732
1840,26.659,26.697
