0,16.658,20.572
1,16.652,20.560
2,16.659,20.583
3,16.651,20.546
4,16.624,20.482
5,16.596,20.419
6,16.607,20.450
7,16.599,20.444
8,16.613,20.450
9,16.594,20.425
10,16.617,20.469
11,16.604,20.453
12,16.586,20.418
13,16.597,20.439
14,16.635,20.546
15,16.660,20.584
16,16.633,20.540
17,16.641,20.553
18,16.615,20.495
19,16.641,20.550
20,16.635,20.550
21,16.597,20.421
22,16.628,20.522
23,16.643,20.540
24,16.627,20.520
25,16.593,20.467
26,16.608,20.483
27,16.588,20.439
28,16.570,20.406
29,16.596,20.456
30,16.606,20.474
31,16.590,20.415
32,16.628,20.535
33,16.640,20.568
34,16.617,20.499
35,16.607,20.479
36,16.606,20.448
37,16.628,20.511
38,16.596,20.452
39,16.602,20.444
40,16.590,20.454
41,16.583,20.419
42,16.567,20.412
43,16.579,20.412
44,16.561,20.404
45,16.568,20.395
46,16.553,20.402
47,16.553,20.395
48,16.571,20.421
49,16.551,20.366
50,16.570,20.431
51,16.563,20.399
52,16.596,20.443
53,16.581,20.431
54,16.580,20.430
55,16.573,20.418
56,16.588,20.437
57,16.554,20.376
58,16.555,20.401
59,16.570,20.433
60,16.574,20.464
61,16.552,20.414
62,16.574,20.452
63,16.556,20.392
64,16.593,20.475
65,16.591,20.489
66,16.571,20.466
67,16.594,20.495
68,16.572,20.478
69,16.586,20.498
70,16.587,20.498
71,16.586,20.518
72,16.573,20.459
73,16.566,20.476
74,16.586,20.497
75,16.581,20.512
76,16.585,20.530
77,16.591,20.515
78,16.575,20.506
79,16.595,20.544
80,16.576,20.505
81,16.560,20.482
82,16.590,20.528
83,16.569,20.497
84,16.556,20.478
85,16.545,20.477
86,16.554,20.505
87,16.571,20.509
88,16.569,20.542
89,16.546,20.504
90,16.543,20.481
91,16.515,20.452
92,16.512,20.445
93,16.541,20.511
94,16.575,20.544
95,16.559,20.546
96,16.547,20.523
97,16.514,20.443
98,16.488,20.408
99,16.500,20.447
100,16.497,20.430
101,16.485,20.411
102,16.496,20.428
103,16.484,20.408
104,16.495,20.427
105,16.519,20.464
106,16.491,20.392
107,16.532,20.472
108,16.501,20.422
109,16.502,20.445
110,16.521,20.461
111,16.510,20.443
112,16.526,20.483
113,16.550,20.488
114,16.544,20.482
115,16.603,20.584
116,16.616,20.600
117,16.663,20.690
118,16.680,20.702
119,16.686,20.734
120,16.692,20.727
121,16.700,20.748
122,16.714,20.746
123,16.730,20.773
124,16.733,20.775
125,16.722,20.773
126,16.736,20.786
127,16.749,20.808
128,16.738,20.780
129,16.756,20.834
130,16.745,20.825
131,16.757,20.822
132,16.764,20.832
133,16.739,20.796
134,16.749,20.822
135,16.762,20.858
136,16.769,20.850
137,16.774,20.875
138,16.774,20.883
139,16.772,20.857
140,16.781,20.905
141,16.782,20.862
142,16.755,20.851
143,16.767,20.848
144,16.780,20.878
145,16.789,20.918
146,16.790,20.946
147,16.757,20.844
148,16.743,20.824
149,16.798,20.952
150,16.782,20.909
151,16.770,20.893
152,16.766,20.888
153,16.737,20.828
154,16.708,20.763
155,16.709,20.803
156,16.673,20.762
157,16.713,20.806
158,16.728,20.851
159,16.713,20.833
160,16.717,20.795
161,16.700,20.775
162,16.707,20.796
163,16.718,20.791
164,16.743,20.824
165,16.745,20.865
166,16.779,20.894
167,16.792,20.942
168,16.795,20.930
169,16.850,20.997
170,16.826,20.949
171,16.815,20.895
172,16.859,20.989
173,16.820,20.913
174,16.860,20.973
175,16.861,20.997
176,16.856,20.977
177,16.865,20.980
178,16.852,20.955
179,16.857,20.963
180,16.861,20.985
181,16.883,21.023
182,16.880,21.020
183,16.853,20.964
184,16.888,21.001
185,16.875,20.989
186,16.867,20.964
187,16.876,21.011
188,16.867,20.989
189,16.818,20.855
190,16.833,20.882
191,16.818,20.843
192,16.835,20.883
193,16.862,20.943
194,16.836,20.878
195,16.837,20.886
196,16.825,20.859
197,16.835,20.895
198,16.854,20.904
199,16.819,20.851
200,16.857,20.916
201,16.852,20.901
202,16.823,20.830
203,16.845,20.885
204,16.836,20.889
205,16.829,20.859
206,16.834,20.881
207,16.831,20.867
208,16.846,20.894
209,16.832,20.873
210,16.828,20.879
211,16.799,20.797
212,16.778,20.760
213,16.787,20.797
214,16.780,20.786
215,16.760,20.737
216,16.734,20.729
217,16.712,20.673
218,16.710,20.685
219,16.717,20.690
220,16.701,20.686
221,16.690,20.629
222,16.670,20.589
223,16.687,20.621
224,16.719,20.700
225,16.721,20.690
226,16.743,20.751
227,16.719,20.713
228,16.702,20.687
229,16.704,20.688
230,16.699,20.692
231,16.677,20.623
232,16.676,20.629
233,16.705,20.662
234,16.768,20.784
235,16.764,20.751
236,16.760,20.778
237,16.738,20.699
238,16.730,20.699
239,16.764,20.752
240,16.728,20.676
241,16.767,20.758
242,16.749,20.746
243,16.759,20.750
244,16.749,20.706
245,16.760,20.750
246,16.742,20.714
247,16.731,20.670
248,16.769,20.779
249,16.773,20.805
250,16.770,20.796
251,16.692,20.609
252,16.682,20.585
253,16.737,20.707
254,16.725,20.685
255,16.686,20.602
256,16.687,20.609
257,16.705,20.643
258,16.768,20.800
259,16.761,20.812
260,16.765,20.794
261,16.742,20.720
262,16.751,20.739
263,16.758,20.775
264,16.748,20.742
265,16.728,20.725
266,16.748,20.730
267,16.755,20.753
268,16.759,20.808
269,16.750,20.766
270,16.730,20.769
271,16.733,20.718
272,16.690,20.622
273,16.671,20.566
274,16.674,20.588
275,16.673,20.586
276,16.681,20.623
277,16.676,20.588
278,16.696,20.631
279,16.668,20.563
280,16.668,20.604
281,16.654,20.545
282,16.749,20.796
283,16.735,20.743
284,16.767,20.840
285,16.761,20.772
286,16.777,20.836
287,16.764,20.776
288,16.787,20.840
289,16.768,20.777
290,16.784,20.816
291,16.813,20.885
292,16.808,20.886
293,16.755,20.734
294,16.785,20.792
295,16.851,20.950
296,16.856,20.939
297,16.866,20.959
298,16.878,20.998
299,16.891,21.020
300,16.870,20.966
301,16.901,21.028
302,16.805,20.864
303,16.833,20.927
304,16.752,20.728
305,16.842,20.948
306,16.837,20.918
307,16.845,20.941
308,16.774,20.797
309,16.775,20.804
310,16.762,20.777
311,16.778,20.823
312,16.740,20.681
313,16.762,20.733
314,16.820,20.910
315,16.799,20.828
316,16.821,20.860
317,16.820,20.879
318,16.838,20.912
319,16.829,20.890
320,16.774,20.737
321,16.776,20.748
322,16.782,20.770
323,16.769,20.748
324,16.799,20.776
325,16.789,20.785
326,16.787,20.783
327,16.783,20.771
328,16.769,20.754
329,16.804,20.825
330,16.788,20.785
331,16.818,20.817
332,16.807,20.829
333,16.826,20.847
334,16.846,20.927
335,16.866,20.949
336,16.855,20.913
337,16.845,20.918
338,16.860,20.941
339,16.869,20.962
340,16.858,20.922
341,16.849,20.913
342,16.850,20.946
343,16.856,20.926
344,16.831,20.872
345,16.846,20.913
346,16.840,20.907
347,16.828,20.875
348,16.826,20.863
349,16.779,20.776
350,16.777,20.782
351,16.775,20.774
352,16.773,20.783
353,16.746,20.726
354,16.740,20.698
355,16.720,20.676
356,16.700,20.649
357,16.677,20.629
358,16.613,20.477
359,16.624,20.522
360,16.604,20.484
361,16.585,20.467
362,16.571,20.437
363,16.573,20.463
364,16.557,20.429
365,16.581,20.452
366,16.586,20.490
367,16.590,20.491
368,16.586,20.482
369,16.602,20.490
370,16.571,20.408
371,16.633,20.537
372,16.652,20.569
373,16.652,20.565
374,16.659,20.588
375,16.649,20.596
376,16.651,20.606
377,16.621,20.509
378,16.659,20.623
379,16.653,20.601
380,16.641,20.587
381,16.634,20.570
382,16.656,20.606
383,16.638,20.598
384,16.614,20.496
385,16.659,20.622
386,16.675,20.656
387,16.651,20.607
388,16.667,20.619
389,16.677,20.611
390,16.670,20.622
391,16.662,20.616
392,16.677,20.611
393,16.649,20.574
394,16.649,20.595
395,16.660,20.608
396,16.599,20.484
397,16.645,20.591
398,16.637,20.580
399,16.635,20.562
400,16.631,20.566
401,16.632,20.549
402,16.623,20.542
403,16.618,20.527
404,16.613,20.519
405,16.619,20.538
406,16.609,20.499
407,16.611,20.514
408,16.608,20.512
409,16.634,20.593
410,16.613,20.532
411,16.612,20.522
412,16.617,20.535
413,16.621,20.535
414,16.622,20.548
415,16.612,20.504
416,16.599,20.511
417,16.623,20.555
418,16.573,20.436
419,16.619,20.547
420,16.631,20.553
421,16.640,20.590
422,16.634,20.579
423,16.638,20.562
424,16.650,20.558
425,16.656,20.594
426,16.655,20.610
427,16.649,20.600
428,16.650,20.593
429,16.654,20.612
430,16.670,20.676
431,16.624,20.560
432,16.649,20.645
433,16.660,20.632
434,16.585,20.543
435,16.587,20.538
436,16.578,20.538
437,16.537,20.438
438,16.541,20.492
439,16.529,20.445
440,16.562,20.498
441,16.504,20.369
442,16.572,20.523
443,16.499,20.392
444,16.506,20.414
445,16.501,20.417
446,16.511,20.429
447,16.524,20.484
448,16.509,20.435
449,16.512,20.452
450,16.457,20.306
451,16.462,20.326
452,16.488,20.353
453,16.447,20.262
454,16.455,20.325
455,16.397,20.181
456,16.448,20.338
457,16.408,20.264
458,16.408,20.265
459,16.432,20.311
460,16.397,20.231
461,16.341,20.140
462,16.323,20.122
463,16.306,20.075
464,16.290,20.072
465,16.262,20.017
466,16.212,19.952
467,16.198,19.926
468,16.155,19.817
469,16.183,19.918
470,16.179,19.893
471,16.186,19.904
472,16.167,19.857
473,16.173,19.876
474,16.180,19.900
475,16.163,19.851
476,16.183,19.887
477,16.176,19.849
478,16.200,19.902
479,16.198,19.898
480,16.230,19.979
481,16.220,19.930
482,16.196,19.891
483,16.210,19.934
484,16.225,19.962
485,16.231,19.973
486,16.227,19.994
487,16.232,20.012
488,16.224,19.992
489,16.232,19.998
490,16.195,19.919
491,16.234,20.013
492,16.221,20.000
493,16.210,19.953
494,16.225,19.979
495,16.225,19.994
496,16.236,20.010
497,16.240,20.048
498,16.233,20.047
499,16.243,20.058
500,16.249,20.057
501,16.199,19.953
502,16.217,19.973
503,16.201,19.964
504,16.211,19.956
505,16.207,19.944
506,16.210,19.940
507,16.216,19.950
508,16.212,19.977
509,16.203,19.950
510,16.207,19.939
511,16.253,20.057
512,16.266,20.082
513,16.259,20.080
514,16.250,20.055
515,16.240,20.036
516,16.247,20.044
517,16.258,20.042
518,16.253,20.033
519,16.257,20.043
520,16.276,20.093
521,16.292,20.131
522,16.264,20.096
523,16.279,20.116
524,16.286,20.132
525,16.283,20.121
526,16.290,20.128
527,16.269,20.087
528,16.284,20.110
529,16.277,20.115
530,16.291,20.136
531,16.263,20.046
532,16.265,20.071
533,16.278,20.086
534,16.320,20.194
535,16.337,20.225
536,16.303,20.122
537,16.342,20.204
538,16.352,20.231
539,16.338,20.190
540,16.356,20.195
541,16.346,20.191
542,16.372,20.223
543,16.389,20.262
544,16.391,20.293
545,16.398,20.311
546,16.387,20.267
547,16.412,20.317
548,16.430,20.340
549,16.422,20.330
550,16.438,20.345
551,16.422,20.344
552,16.436,20.351
553,16.432,20.346
554,16.442,20.368
555,16.452,20.372
556,16.468,20.416
557,16.425,20.333
558,16.418,20.329
559,16.420,20.329
560,16.435,20.341
561,16.441,20.357
562,16.469,20.408
563,16.449,20.384
564,16.474,20.422
565,16.466,20.401
566,16.470,20.410
567,16.470,20.405
568,16.469,20.418
569,16.417,20.306
570,16.402,20.290
571,16.394,20.295
572,16.401,20.297
573,16.409,20.329
574,16.414,20.317
575,16.432,20.353
576,16.425,20.358
577,16.414,20.322
578,16.432,20.334
579,16.441,20.375
580,16.438,20.343
581,16.448,20.392
582,16.463,20.396
583,16.484,20.435
584,16.488,20.441
585,16.461,20.391
586,16.478,20.421
587,16.481,20.419
588,16.488,20.418
589,16.493,20.423
590,16.485,20.422
591,16.490,20.438
592,16.517,20.471
593,16.506,20.465
594,16.519,20.451
595,16.522,20.465
596,16.532,20.502
597,16.523,20.465
598,16.538,20.493
599,16.557,20.533
600,16.532,20.489
601,16.537,20.485
602,16.500,20.433
603,16.483,20.415
604,16.478,20.375
605,16.483,20.389
606,16.503,20.433
607,16.485,20.425
608,16.478,20.381
609,16.464,20.373
610,16.460,20.368
611,16.424,20.269
612,16.446,20.331
613,16.409,20.255
614,16.406,20.279
615,16.416,20.284
616,16.404,20.264
617,16.391,20.208
618,16.400,20.238
619,16.394,20.233
620,16.372,20.191
621,16.335,20.126
622,16.355,20.163
623,16.338,20.158
624,16.329,20.131
625,16.346,20.154
626,16.351,20.161
627,16.349,20.172
628,16.339,20.144
629,16.320,20.114
630,16.345,20.158
631,16.304,20.080
632,16.313,20.087
633,16.317,20.110
634,16.300,20.085
635,16.330,20.128
636,16.352,20.165
637,16.360,20.154
638,16.356,20.173
639,16.348,20.139
640,16.342,20.123
641,16.363,20.182
642,16.364,20.162
643,16.344,20.103
644,16.361,20.171
645,16.376,20.189
646,16.380,20.195
647,16.394,20.231
648,16.374,20.179
649,16.395,20.212
650,16.409,20.233
651,16.410,20.242
652,16.398,20.202
653,16.420,20.241
654,16.429,20.246
655,16.430,20.281
656,16.437,20.297
657,16.444,20.301
658,16.441,20.308
659,16.443,20.293
660,16.430,20.260
661,16.474,20.327
662,16.444,20.273
663,16.460,20.297
664,16.482,20.344
665,16.491,20.373
666,16.468,20.326
667,16.493,20.357
668,16.501,20.372
669,16.509,20.393
670,16.517,20.403
671,16.521,20.384
672,16.508,20.354
673,16.496,20.344
674,16.519,20.389
675,16.521,20.400
676,16.545,20.422
677,16.516,20.392
678,16.532,20.423
679,16.523,20.393
680,16.552,20.444
681,16.533,20.410
682,16.545,20.440
683,16.534,20.399
684,16.568,20.482
685,16.563,20.463
686,16.574,20.500
687,16.578,20.482
688,16.554,20.466
689,16.589,20.518
690,16.591,20.511
691,16.592,20.491
692,16.557,20.456
693,16.589,20.496
694,16.587,20.509
695,16.593,20.480
696,16.566,20.448
697,16.591,20.499
698,16.607,20.535
699,16.584,20.472
700,16.599,20.510
701,16.598,20.496
702,16.584,20.494
703,16.610,20.519
704,16.608,20.511
705,16.627,20.534
706,16.618,20.535
707,16.636,20.576
708,16.631,20.558
709,16.637,20.573
710,16.622,20.543
711,16.634,20.547
712,16.630,20.549
713,16.647,20.585
714,16.641,20.588
715,16.659,20.616
716,16.651,20.580
717,16.653,20.574
718,16.652,20.580
719,16.626,20.549
720,16.635,20.554
721,16.659,20.596
722,16.664,20.608
723,16.691,20.649
724,16.663,20.589
725,16.651,20.582
726,16.659,20.586
727,16.669,20.614
728,16.663,20.585
729,16.669,20.618
730,16.680,20.622
731,16.675,20.625
732,16.690,20.653
733,16.689,20.651
734,16.647,20.560
735,16.674,20.623
736,16.689,20.660
737,16.670,20.631
738,16.678,20.631
739,16.679,20.620
740,16.682,20.611
741,16.663,20.582
742,16.714,20.700
743,16.694,20.635
744,16.700,20.693
745,16.679,20.642
746,16.671,20.610
747,16.698,20.658
748,16.684,20.642
749,16.695,20.654
750,16.690,20.647
751,16.674,20.626
752,16.684,20.625
753,16.681,20.647
754,16.698,20.659
755,16.691,20.645
756,16.692,20.650
757,16.688,20.657
758,16.687,20.628
759,16.701,20.666
760,16.660,20.599
761,16.688,20.657
762,16.681,20.659
763,16.671,20.593
764,16.677,20.635
765,16.670,20.591
766,16.661,20.587
767,16.684,20.643
768,16.684,20.610
769,16.668,20.613
770,16.684,20.640
771,16.681,20.625
772,16.668,20.614
773,16.655,20.564
774,16.655,20.581
775,16.645,20.542
776,16.660,20.590
777,16.660,20.596
778,16.646,20.570
779,16.658,20.582
780,16.643,20.531
781,16.635,20.550
782,16.637,20.549
783,16.649,20.577
784,16.632,20.529
785,16.613,20.492
786,16.600,20.464
787,16.607,20.482
788,16.597,20.494
789,16.592,20.475
790,16.583,20.466
791,16.574,20.453
792,16.581,20.461
793,16.549,20.393
794,16.544,20.389
795,16.577,20.459
796,16.553,20.416
797,16.530,20.381
798,16.523,20.383
799,16.530,20.361
800,16.522,20.356
801,16.514,20.365
802,16.482,20.300
803,16.496,20.319
804,16.481,20.320
805,16.494,20.327
806,16.443,20.240
807,16.461,20.306
808,16.442,20.244
809,16.413,20.191
810,16.420,20.218
811,16.405,20.179
812,16.407,20.213
813,16.391,20.194
814,16.411,20.232
815,16.382,20.191
816,16.392,20.189
817,16.375,20.155
818,16.358,20.115
819,16.355,20.140
820,16.356,20.139
821,16.371,20.148
822,16.375,20.147
823,16.393,20.194
824,16.371,20.160
825,16.366,20.144
826,16.381,20.187
827,16.369,20.145
828,16.336,20.103
829,16.354,20.138
830,16.327,20.042
831,16.330,20.072
832,16.333,20.068
833,16.334,20.097
834,16.346,20.140
835,16.345,20.082
836,16.332,20.118
837,16.328,20.082
838,16.320,20.066
839,16.305,20.036
840,16.306,20.050
841,16.292,20.007
842,16.320,20.047
843,16.306,20.052
844,16.311,20.054
845,16.287,20.021
846,16.290,20.017
847,16.276,19.994
848,16.278,19.981
849,16.303,20.038
850,16.263,19.965
851,16.294,20.026
852,16.314,20.053
853,16.280,19.991
854,16.274,20.009
855,16.302,20.047
856,16.269,19.986
857,16.283,20.007
858,16.265,19.977
859,16.271,19.977
860,16.273,19.975
861,16.271,19.977
862,16.245,19.917
863,16.281,20.008
864,16.265,19.961
865,16.288,19.999
866,16.278,19.976
867,16.302,20.018
868,16.277,19.953
869,16.304,20.003
870,16.292,20.004
871,16.328,20.055
872,16.321,20.017
873,16.296,20.006
874,16.314,20.017
875,16.305,20.003
876,16.321,20.026
877,16.310,20.032
878,16.315,20.037
879,16.337,20.053
880,16.321,20.053
881,16.339,20.087
882,16.314,20.020
883,16.342,20.079
884,16.337,20.084
885,16.312,20.021
886,16.338,20.060
887,16.340,20.059
888,16.380,20.168
889,16.374,20.157
890,16.366,20.120
891,16.381,20.145
892,16.387,20.159
893,16.390,20.170
894,16.389,20.165
895,16.395,20.179
896,16.395,20.189
897,16.399,20.180
898,16.418,20.211
899,16.410,20.190
900,16.431,20.221
901,16.435,20.243
902,16.437,20.253
903,16.420,20.184
904,16.467,20.265
905,16.458,20.277
906,16.450,20.261
907,16.439,20.267
908,16.440,20.256
909,16.480,20.333
910,16.452,20.276
911,16.484,20.319
912,16.481,20.329
913,16.491,20.346
914,16.460,20.284
915,16.450,20.261
916,16.457,20.272
917,16.521,20.401
918,16.520,20.396
919,16.534,20.411
920,16.476,20.321
921,16.469,20.303
922,16.442,20.274
923,16.436,20.237
924,16.431,20.224
925,16.453,20.253
926,16.438,20.233
927,16.455,20.265
928,16.474,20.294
929,16.468,20.283
930,16.466,20.271
931,16.507,20.382
932,16.502,20.355
933,16.506,20.390
934,16.494,20.336
935,16.477,20.315
936,16.488,20.354
937,16.497,20.363
938,16.483,20.327
939,16.485,20.340
940,16.502,20.387
941,16.491,20.370
942,16.513,20.398
943,16.479,20.339
944,16.503,20.357
945,16.496,20.357
946,16.512,20.372
947,16.520,20.420
948,16.535,20.453
949,16.498,20.352
950,16.503,20.366
951,16.497,20.346
952,16.499,20.345
953,16.527,20.436
954,16.528,20.409
955,16.547,20.453
956,16.498,20.346
957,16.488,20.360
958,16.470,20.301
959,16.479,20.308
960,16.485,20.318
961,16.491,20.319
962,16.482,20.310
963,16.485,20.329
964,16.466,20.275
965,16.470,20.289
966,16.477,20.315
967,16.510,20.382
968,16.508,20.377
969,16.523,20.410
970,16.527,20.390
971,16.543,20.433
972,16.540,20.421
973,16.526,20.393
974,16.547,20.430
975,16.532,20.375
976,16.546,20.410
977,16.536,20.374
978,16.535,20.373
979,16.545,20.388
980,16.550,20.401
981,16.542,20.389
982,16.543,20.409
983,16.521,20.347
984,16.513,20.345
985,16.536,20.393
986,16.539,20.358
987,16.546,20.379
988,16.555,20.397
989,16.562,20.437
990,16.552,20.415
991,16.521,20.306
992,16.519,20.315
993,16.510,20.288
994,16.515,20.289
995,16.441,20.157
996,16.446,20.173
997,16.419,20.117
998,16.408,20.106
999,16.414,20.121
1000,16.399,20.092
1001,16.393,20.090
1002,16.407,20.111
1003,16.394,20.098
1004,16.396,20.097
1005,16.433,20.207
1006,16.399,20.132
1007,16.359,20.067
1008,16.335,20.034
1009,16.334,20.036
1010,16.328,20.026
1011,16.314,19.997
1012,16.321,20.028
1013,16.264,19.914
1014,16.251,19.897
1015,16.207,19.844
1016,16.239,19.911
1017,16.256,19.955
1018,16.205,19.833
1019,16.239,19.934
1020,16.205,19.871
1021,16.164,19.809
1022,16.148,19.782
1023,16.106,19.713
1024,16.074,19.639
1025,16.040,19.588
1026,16.032,19.594
1027,16.007,19.578
1028,15.985,19.504
1029,15.986,19.534
1030,15.969,19.530
1031,15.965,19.513
1032,15.957,19.525
1033,15.941,19.495
1034,15.873,19.353
1035,15.898,19.427
1036,15.862,19.362
1037,15.883,19.406
1038,15.881,19.390
1039,15.868,19.364
1040,15.862,19.378
1041,15.849,19.361
1042,15.859,19.370
1043,15.896,19.467
1044,15.891,19.489
1045,15.913,19.537
1046,15.903,19.523
1047,15.907,19.487
1048,15.922,19.546
1049,15.910,19.505
1050,15.925,19.565
1051,15.908,19.522
1052,15.867,19.445
1053,15.892,19.514
1054,15.900,19.516
1055,15.871,19.465
1056,15.871,19.483
1057,15.869,19.466
1058,15.860,19.457
1059,15.886,19.509
1060,15.860,19.463
1061,15.826,19.398
1062,15.856,19.439
1063,15.845,19.423
1064,15.856,19.466
1065,15.867,19.471
1066,15.866,19.472
1067,15.858,19.457
1068,15.879,19.496
1069,15.836,19.408
1070,15.848,19.437
1071,15.854,19.430
1072,15.845,19.407
1073,15.903,19.552
1074,15.896,19.528
1075,15.877,19.494
1076,15.884,19.515
1077,15.880,19.507
1078,15.898,19.530
1079,15.880,19.512
1080,15.902,19.581
1081,15.876,19.510
1082,15.870,19.497
1083,15.862,19.473
1084,15.863,19.469
1085,15.877,19.498
1086,15.868,19.478
1087,15.876,19.523
1088,15.854,19.478
1089,15.848,19.459
1090,15.860,19.495
1091,15.878,19.531
1092,15.856,19.532
1093,15.872,19.527
1094,15.818,19.417
1095,15.816,19.404
1096,15.812,19.419
1097,15.870,19.539
1098,15.872,19.533
1099,15.891,19.596
1100,15.871,19.544
1101,15.868,19.516
1102,15.866,19.541
1103,15.871,19.557
1104,15.884,19.548
1105,15.868,19.538
1106,15.850,19.514
1107,15.884,19.603
1108,15.883,19.576
1109,15.854,19.551
1110,15.853,19.571
1111,15.812,19.443
1112,15.836,19.537
1113,15.838,19.530
1114,15.826,19.524
1115,15.839,19.553
1116,15.831,19.531
1117,15.834,19.550
1118,15.840,19.543
1119,15.831,19.523
1120,15.849,19.558
1121,15.847,19.563
1122,15.846,19.560
1123,15.859,19.589
1124,15.865,19.571
1125,15.854,19.574
1126,15.838,19.554
1127,15.835,19.558
1128,15.842,19.563
1129,15.842,19.581
1130,15.846,19.580
1131,15.843,19.567
1132,15.842,19.574
1133,15.842,19.594
1134,15.850,19.608
1135,15.841,19.597
1136,15.836,19.579
1137,15.860,19.637
1138,15.870,19.635
1139,15.841,19.609
1140,15.881,19.682
1141,15.899,19.727
1142,15.826,19.608
1143,15.855,19.658
1144,15.876,19.711
1145,15.881,19.719
1146,15.878,19.695
1147,15.905,19.773
1148,15.882,19.714
1149,15.851,19.641
1150,15.914,19.799
1151,15.874,19.673
1152,15.886,19.736
1153,15.886,19.725
1154,15.904,19.764
1155,15.886,19.737
1156,15.897,19.757
1157,15.888,19.729
1158,15.867,19.716
1159,15.879,19.745
1160,15.869,19.730
1161,15.886,19.775
1162,15.872,19.750
1163,15.873,19.756
1164,15.877,19.757
1165,15.875,19.758
1166,15.860,19.721
1167,15.867,19.733
1168,15.890,19.774
1169,15.920,19.841
1170,15.902,19.815
1171,15.906,19.794
1172,15.921,19.830
1173,15.918,19.822
1174,15.913,19.807
1175,15.931,19.837
1176,15.946,19.846
1177,15.976,19.903
1178,15.992,19.927
1179,15.989,19.919
1180,16.001,19.933
1181,15.996,19.926
1182,16.019,19.923
1183,16.057,19.989
1184,16.024,19.923
1185,16.098,20.049
1186,16.101,20.035
1187,16.121,20.059
1188,16.168,20.181
1189,16.183,20.158
1190,16.190,20.159
1191,16.190,20.159
1192,16.193,20.171
1193,16.209,20.152
1194,16.239,20.238
1195,16.250,20.240
1196,16.262,20.290
1197,16.282,20.316
1198,16.267,20.285
1199,16.255,20.272
1200,16.286,20.327
1201,16.280,20.323
1202,16.299,20.351
1203,16.340,20.418
1204,16.317,20.428
1205,16.303,20.390
1206,16.264,20.322
1207,16.245,20.299
1208,16.220,20.259
1209,16.212,20.284
1210,16.193,20.212
1211,16.211,20.262
1212,16.173,20.230
1213,16.154,20.197
1214,16.159,20.197
1215,16.103,20.109
1216,16.126,20.159
1217,16.101,20.114
1218,16.083,20.097
1219,16.068,20.088
1220,16.082,20.118
1221,16.077,20.081
1222,16.084,20.072
1223,16.074,20.068
1224,16.089,20.085
1225,16.104,20.094
1226,16.111,20.105
1227,16.146,20.148
1228,16.147,20.139
1229,16.147,20.108
1230,16.153,20.109
1231,16.148,20.086
1232,16.159,20.104
1233,16.191,20.171
1234,16.169,20.122
1235,16.180,20.133
1236,16.171,20.119
1237,16.216,20.200
1238,16.187,20.134
1239,16.179,20.103
1240,16.200,20.131
1241,16.212,20.178
1242,16.245,20.219
1243,16.256,20.218
1244,16.257,20.229
1245,16.289,20.269
1246,16.283,20.232
1247,16.313,20.263
1248,16.326,20.295
1249,16.354,20.327
1250,16.367,20.326
1251,16.403,20.383
1252,16.444,20.443
1253,16.430,20.429
1254,16.471,20.500
1255,16.458,20.494
1256,16.453,20.495
1257,16.433,20.449
1258,16.380,20.399
1259,16.359,20.358
1260,16.360,20.429
1261,16.311,20.352
1262,16.265,20.291
1263,16.279,20.322
1264,16.256,20.306
1265,16.202,20.237
1266,16.187,20.228
1267,16.144,20.157
1268,16.086,20.076
1269,16.032,20.036
1270,16.013,20.003
1271,16.055,20.090
1272,16.033,20.051
1273,16.031,20.037
1274,16.012,20.054
1275,15.986,19.993
1276,16.022,20.082
1277,16.008,20.040
1278,15.981,19.992
1279,15.999,20.054
1280,16.032,20.122
1281,16.009,20.067
1282,16.004,20.091
1283,16.018,20.124
1284,16.027,20.142
1285,16.040,20.169
1286,16.043,20.176
1287,16.030,20.155
1288,16.061,20.191
1289,16.052,20.182
1290,16.060,20.179
1291,16.074,20.206
1292,16.104,20.267
1293,16.085,20.240
1294,16.075,20.185
1295,16.065,20.167
1296,16.075,20.190
1297,16.067,20.183
1298,16.062,20.183
1299,16.056,20.175
1300,16.044,20.149
1301,16.048,20.145
1302,16.051,20.164
1303,16.019,20.104
1304,16.010,20.077
1305,16.027,20.106
1306,16.051,20.137
1307,16.054,20.143
1308,16.045,20.112
1309,16.051,20.128
1310,16.057,20.130
1311,16.069,20.159
1312,16.042,20.066
1313,16.030,20.069
1314,16.030,20.048
1315,16.041,20.080
1316,16.049,20.097
1317,16.034,20.097
1318,16.051,20.118
1319,16.031,20.088
1320,16.035,20.079
1321,16.025,20.089
1322,16.018,20.047
1323,16.029,20.097
1324,16.002,20.064
1325,15.997,20.048
1326,15.985,20.036
1327,16.016,20.103
1328,15.989,20.030
1329,16.008,20.074
1330,15.992,20.031
1331,15.961,19.946
1332,15.978,19.966
1333,15.983,20.005
1334,15.960,19.947
1335,15.971,19.946
1336,15.962,19.920
1337,15.955,19.917
1338,15.947,19.912
1339,15.959,19.929
1340,15.946,19.916
1341,15.942,19.881
1342,15.971,19.963
1343,15.976,19.960
1344,15.958,19.943
1345,15.972,19.981
1346,15.943,19.917
1347,15.965,19.941
1348,15.948,19.909
1349,15.931,19.916
1350,15.942,19.908
1351,15.945,19.918
1352,15.937,19.877
1353,15.966,19.952
1354,15.936,19.894
1355,15.959,19.953
1356,15.961,19.941
1357,15.946,19.908
1358,15.938,19.917
1359,15.956,19.931
1360,15.942,19.921
1361,15.975,19.984
1362,15.948,19.929
1363,15.958,19.947
1364,15.963,19.974
1365,15.961,19.951
1366,15.933,19.904
1367,15.927,19.901
1368,15.930,19.903
1369,15.935,19.913
1370,15.928,19.918
1371,15.928,19.937
1372,15.905,19.881
1373,15.881,19.830
1374,15.931,19.944
1375,15.929,19.926
1376,15.945,19.951
1377,15.943,19.951
1378,15.937,19.930
1379,15.960,19.972
1380,15.969,19.989
1381,15.964,19.954
1382,15.979,20.003
1383,15.947,19.933
1384,15.957,19.934
1385,15.956,19.912
1386,15.971,19.961
1387,15.968,19.964
1388,15.964,19.943
1389,15.972,19.966
1390,15.979,19.976
1391,15.952,19.919
1392,15.948,19.919
1393,15.928,19.884
1394,15.942,19.886
1395,15.931,19.881
1396,15.927,19.846
1397,15.922,19.857
1398,15.919,19.871
1399,15.879,19.779
1400,15.899,19.817
1401,15.913,19.869
1402,15.894,19.804
1403,15.887,19.769
1404,15.913,19.834
1405,15.893,19.797
1406,15.902,19.822
1407,15.898,19.821
1408,15.888,19.761
1409,15.897,19.814
1410,15.894,19.799
1411,15.901,19.814
1412,15.881,19.779
1413,15.876,19.758
1414,15.878,19.765
1415,15.926,19.852
1416,15.894,19.797
1417,15.926,19.841
1418,15.903,19.802
1419,15.933,19.859
1420,15.932,19.849
1421,15.916,19.796
1422,15.934,19.836
1423,15.929,19.847
1424,15.933,19.847
1425,15.939,19.861
1426,15.907,19.791
1427,15.928,19.837
1428,15.926,19.816
1429,15.904,19.782
1430,15.937,19.857
1431,15.911,19.797
1432,15.891,19.752
1433,15.906,19.775
1434,15.907,19.788
1435,15.912,19.768
1436,15.912,19.762
1437,15.925,19.811
1438,15.927,19.796
1439,15.913,19.785
1440,15.932,19.794
1441,15.918,19.777
1442,15.913,19.784
1443,15.934,19.800
1444,15.910,19.771
1445,15.906,19.780
1446,15.919,19.804
1447,15.916,19.794
1448,15.889,19.735
1449,15.883,19.739
1450,15.876,19.714
1451,15.872,19.712
1452,15.885,19.757
1453,15.893,19.741
1454,15.872,19.698
1455,15.874,19.733
1456,15.887,19.744
1457,15.864,19.716
1458,15.876,19.701
1459,15.880,19.720
1460,15.927,19.805
1461,15.904,19.760
1462,15.919,19.797
1463,15.917,19.772
1464,15.914,19.780
1465,15.948,19.856
1466,15.909,19.771
1467,15.927,19.817
1468,15.905,19.762
1469,15.921,19.799
1470,15.910,19.766
1471,15.893,19.749
1472,15.919,19.798
1473,15.911,19.792
1474,15.900,19.751
1475,15.890,19.740
1476,15.919,19.795
1477,15.886,19.729
1478,15.886,19.737
1479,15.893,19.760
1480,15.893,19.730
1481,15.891,19.746
1482,15.866,19.692
1483,15.876,19.713
1484,15.885,19.724
1485,15.878,19.733
1486,15.891,19.775
1487,15.887,19.747
1488,15.918,19.796
1489,15.906,19.790
1490,15.885,19.729
1491,15.884,19.720
1492,15.878,19.739
1493,15.882,19.730
1494,15.883,19.727
1495,15.894,19.740
1496,15.902,19.760
1497,15.877,19.703
1498,15.895,19.742
1499,15.888,19.723
1500,15.880,19.738
1501,15.872,19.690
1502,15.872,19.722
1503,15.864,19.685
1504,15.850,19.674
1505,15.871,19.728
1506,15.857,19.670
1507,15.854,19.673
1508,15.858,19.708
1509,15.852,19.691
1510,15.874,19.726
1511,15.827,19.661
1512,15.841,19.662
1513,15.851,19.710
1514,15.852,19.696
1515,15.847,19.706
1516,15.841,19.689
1517,15.845,19.704
1518,15.838,19.686
1519,15.822,19.664
1520,15.833,19.681
1521,15.842,19.705
1522,15.816,19.680
1523,15.830,19.683
1524,15.856,19.742
1525,15.864,19.747
1526,15.855,19.722
1527,15.895,19.800
1528,15.868,19.738
1529,15.884,19.767
1530,15.860,19.713
1531,15.869,19.728
1532,15.875,19.769
1533,15.884,19.788
1534,15.874,19.755
1535,15.863,19.770
1536,15.847,19.715
1537,15.847,19.726
1538,15.848,19.735
1539,15.842,19.721
1540,15.876,19.809
1541,15.852,19.744
1542,15.845,19.723
1543,15.848,19.749
1544,15.849,19.728
1545,15.827,19.700
1546,15.874,19.767
1547,15.858,19.745
1548,15.856,19.736
1549,15.851,19.720
1550,15.861,19.736
1551,15.865,19.749
1552,15.887,19.772
1553,15.871,19.787
1554,15.882,19.780
1555,15.879,19.764
1556,15.890,19.804
1557,15.876,19.781
1558,15.887,19.774
1559,15.875,19.778
1560,15.878,19.781
1561,15.887,19.791
1562,15.886,19.759
1563,15.867,19.750
1564,15.878,19.755
1565,15.889,19.786
1566,15.897,19.802
1567,15.888,19.803
1568,15.886,19.788
1569,15.890,19.788
1570,15.879,19.762
1571,15.885,19.778
1572,15.899,19.817
1573,15.915,19.844
1574,15.881,19.759
1575,15.910,19.818
1576,15.907,19.843
1577,15.909,19.820
1578,15.931,19.878
1579,15.894,19.799
1580,15.911,19.845
1581,15.907,19.844
1582,15.905,19.826
1583,15.902,19.841
1584,15.907,19.826
1585,15.894,19.812
1586,15.938,19.902
1587,15.926,19.879
1588,15.899,19.804
1589,15.932,19.881
1590,15.917,19.861
1591,15.920,19.846
1592,15.918,19.859
1593,15.917,19.862
1594,15.915,19.835
1595,15.936,19.882
1596,15.921,19.855
1597,15.922,19.858
1598,15.927,19.874
1599,15.914,19.841
1600,15.917,19.830
1601,15.936,19.898
1602,15.946,19.918
1603,15.941,19.883
1604,15.920,19.857
1605,15.927,19.870
1606,15.934,19.859
1607,15.917,19.853
1608,15.944,19.884
1609,15.923,19.868
1610,15.914,19.845
1611,15.915,19.846
1612,15.922,19.862
1613,15.934,19.883
1614,15.941,19.878
1615,15.931,19.861
1616,15.931,19.870
1617,15.925,19.859
1618,15.923,19.851
1619,15.945,19.902
1620,15.935,19.858
1621,15.939,19.873
1622,15.940,19.889
1623,15.919,19.828
1624,15.956,19.916
1625,15.916,19.830
1626,15.943,19.865
1627,15.937,19.868
1628,15.935,19.863
1629,15.937,19.862
1630,15.908,19.822
1631,15.923,19.847
1632,15.927,19.841
1633,15.934,19.865
1634,15.932,19.866
1635,15.926,19.839
1636,15.912,19.828
1637,15.910,19.804
1638,15.913,19.838
1639,15.936,19.874
1640,15.906,19.813
1641,15.917,19.854
1642,15.937,19.884
1643,15.906,19.821
1644,15.903,19.826
1645,15.912,19.852
1646,15.898,19.806
1647,15.896,19.773
1648,15.908,19.832
1649,15.902,19.816
1650,15.917,19.831
1651,15.893,19.769
1652,15.890,19.753
1653,15.890,19.798
1654,15.889,19.782
1655,15.900,19.799
1656,15.897,19.804
1657,15.904,19.802
1658,15.905,19.811
1659,15.899,19.789
1660,15.896,19.792
1661,15.891,19.798
1662,15.900,19.825
1663,15.878,19.765
1664,15.902,19.792
1665,15.891,19.775
1666,15.878,19.730
1667,15.893,19.771
1668,15.898,19.790
1669,15.899,19.791
1670,15.891,19.780
1671,15.899,19.813
1672,15.873,19.734
1673,15.892,19.786
1674,15.871,19.727
1675,15.873,19.742
1676,15.874,19.745
1677,15.908,19.795
1678,15.890,19.782
1679,15.879,19.744
1680,15.896,19.768
1681,15.888,19.763
1682,15.874,19.750
1683,15.901,19.797
1684,15.886,19.759
1685,15.868,19.728
1686,15.916,19.829
1687,15.884,19.767
1688,15.874,19.740
1689,15.870,19.746
1690,15.864,19.734
1691,15.879,19.744
1692,15.888,19.762
1693,15.892,19.768
1694,15.883,19.720
1695,15.888,19.766
1696,15.883,19.748
1697,15.884,19.752
1698,15.887,19.762
1699,15.879,19.730
1700,15.873,19.718
1701,15.898,19.781
1702,15.891,19.746
1703,15.897,19.753
1704,15.915,19.790
1705,15.901,19.778
1706,15.901,19.755
1707,15.892,19.746
1708,15.906,19.763
1709,15.912,19.785
1710,15.931,19.810
1711,15.901,19.758
1712,15.924,19.804
1713,15.907,19.776
1714,15.916,19.782
1715,15.945,19.852
1716,15.946,19.812
1717,15.920,19.782
1718,15.943,19.825
1719,15.963,19.855
1720,15.933,19.801
1721,15.935,19.810
1722,15.934,19.780
1723,15.939,19.792
1724,15.953,19.823
1725,15.961,19.824
1726,15.967,19.828
1727,15.960,19.835
1728,15.956,19.817
1729,15.983,19.849
1730,15.980,19.829
1731,15.992,19.859
1732,15.984,19.852
1733,15.980,19.873
1734,15.981,19.846
1735,15.990,19.855
1736,15.991,19.877
1737,16.006,19.912
1738,16.005,19.912
1739,15.978,19.850
1740,16.025,19.959
1741,16.014,19.909
1742,15.975,19.832
1743,16.026,19.932
1744,16.015,19.925
1745,15.990,19.856
1746,16.036,19.947
1747,16.023,19.917
1748,16.013,19.874
1749,16.015,19.873
1750,16.019,19.901
1751,16.001,19.865
1752,16.019,19.895
1753,16.013,19.888
1754,15.993,19.845
1755,16.012,19.893
1756,15.988,19.827
1757,15.990,19.819
1758,16.008,19.870
1759,15.991,19.838
1760,15.998,19.847
1761,16.021,19.873
1762,16.023,19.869
1763,16.031,19.891
1764,16.020,19.898
1765,16.006,19.839
1766,16.032,19.907
1767,16.020,19.884
1768,16.011,19.851
1769,16.022,19.878
1770,16.023,19.892
1771,16.017,19.891
1772,16.011,19.858
1773,16.024,19.879
1774,16.026,19.885
1775,16.022,19.879
1776,16.041,19.902
1777,16.029,19.900
1778,16.025,19.869
1779,16.038,19.902
1780,16.021,19.870
1781,16.044,19.899
1782,16.037,19.909
1783,16.043,19.920
1784,16.033,19.892
1785,16.040,19.901
1786,16.029,19.862
1787,16.037,19.885
1788,16.068,19.952
1789,16.032,19.868
1790,16.038,19.898
1791,16.035,19.875
1792,16.025,19.858
1793,16.039,19.914
1794,16.036,19.881
1795,16.028,19.850
1796,16.031,19.883
1797,16.018,19.844
1798,16.020,19.852
1799,16.043,19.923
1800,16.042,19.933
1801,16.030,19.903
1802,16.016,19.857
1803,16.026,19.880
1804,16.031,19.894
1805,16.002,19.831
1806,16.009,19.856
1807,15.993,19.808
1808,16.021,19.858
1809,15.996,19.816
1810,16.005,19.853
1811,16.014,19.859
1812,15.997,19.816
1813,16.008,19.855
1814,16.013,19.867
1815,15.993,19.824
1816,16.010,19.848
1817,16.022,19.904
1818,16.001,19.831
1819,16.011,19.864
1820,16.003,19.846
1821,15.998,19.828
1822,16.009,19.834
1823,16.037,19.910
1824,15.996,19.825
1825,15.996,19.811
1826,16.030,19.901
1827,15.988,19.826
1828,16.000,19.816
1829,16.005,19.839
1830,16.018,19.874
1831,16.020,19.868
1832,16.027,19.863
1833,16.009,19.854
1834,16.020,19.855
1835,16.025,19.866
1836,16.017,19.857
1837,16.015,19.849
1838,16.046,19.916
1839,16.033,19.886
1840,16.017,19.846
1841,16.028,19.893
1842,16.037,19.902
1843,16.002,19.824
1844,16.046,19.887
1845,16.016,19.849
1846,16.009,19.858
1847,16.012,19.843
1848,16.034,19.880
1849,16.028,19.875
1850,16.020,19.886
1851,16.034,19.888
1852,16.032,19.879
1853,16.022,19.867
1854,16.015,19.871
1855,16.021,19.857
1856,16.026,19.863
1857,16.005,19.843
1858,16.025,19.878
1859,16.026,19.880
1860,16.017,19.846
1861,16.046,19.922
1862,16.025,19.890
1863,16.023,19.867
1864,16.015,19.824
1865,15.999,19.811
1866,16.032,19.872
1867,16.044,19.893
1868,16.025,19.871
1869,16.029,19.872
1870,16.037,19.897
1871,16.009,19.840
1872,16.042,19.914
1873,16.017,19.849
1874,16.043,19.928
1875,16.037,19.876
1876,16.027,19.887
1877,16.045,19.888
1878,16.025,19.876
1879,16.046,19.902
1880,16.040,19.891
1881,16.032,19.873
1882,16.037,19.899
1883,16.042,19.904
1884,16.025,19.857
1885,16.018,19.840
1886,16.030,19.873
1887,16.039,19.908
1888,16.048,19.904
1889,16.033,19.878
1890,16.034,19.873
1891,16.058,19.914
1892,16.039,19.882
1893,16.056,19.906
1894,16.057,19.908
1895,16.059,19.910
1896,16.055,19.923
1897,16.055,19.901
1898,16.062,19.922
1899,16.072,19.934
1900,16.060,19.919
1901,16.075,19.948
1902,16.082,19.943
1903,16.089,19.977
1904,16.110,20.005
1905,16.105,20.005
1906,16.094,19.977
1907,16.115,20.014
1908,16.116,20.009
1909,16.112,20.029
1910,16.115,20.009
1911,16.139,20.054
1912,16.126,20.029
1913,16.141,20.048
1914,16.127,20.027
1915,16.149,20.047
1916,16.133,20.035
1917,16.120,20.009
1918,16.154,20.076
1919,16.160,20.099
1920,16.172,20.114
1921,16.141,20.062
1922,16.167,20.082
1923,16.147,20.040
1924,16.147,20.062
1925,16.131,20.026
1926,16.131,20.018
1927,16.115,20.011
1928,16.132,20.039
1929,16.149,20.082
1930,16.151,20.057
1931,16.154,20.079
1932,16.137,20.038
1933,16.149,20.073
1934,16.155,20.071
1935,16.142,20.036
1936,16.128,20.028
1937,16.134,20.038
1938,16.135,20.040
1939,16.130,20.045
1940,16.147,20.064
1941,16.160,20.093
1942,16.146,20.076
1943,16.141,20.033
1944,16.143,20.051
1945,16.138,20.050
1946,16.160,20.109
1947,16.146,20.056
1948,16.135,20.042
1949,16.152,20.065
1950,16.141,20.054
1951,16.139,20.038
1952,16.153,20.086
1953,16.161,20.082
1954,16.142,20.056
1955,16.161,20.103
1956,16.119,19.991
1957,16.170,20.101
1958,16.141,20.049
1959,16.143,20.054
1960,16.126,20.020
1961,16.156,20.083
1962,16.156,20.070
1963,16.120,19.997
1964,16.129,20.018
1965,16.150,20.079
1966,16.155,20.085
1967,16.139,20.023
1968,16.118,20.014
1969,16.144,20.063
1970,16.129,20.022
1971,16.154,20.051
1972,16.146,20.049
1973,16.125,20.017
1974,16.131,20.027
1975,16.142,20.038
1976,16.144,20.042
1977,16.124,20.010
1978,16.139,20.043
1979,16.132,20.048
1980,16.142,20.050
1981,16.127,20.018
1982,16.149,20.070
1983,16.128,20.006
1984,16.140,20.019
1985,16.150,20.089
1986,16.141,20.056
1987,16.137,20.041
1988,16.138,20.066
1989,16.138,20.042
1990,16.148,20.053
1991,16.144,20.038
1992,16.138,20.057
1993,16.138,20.052
1994,16.139,20.048
1995,16.128,20.017
1996,16.133,20.021
1997,16.136,20.014
1998,16.138,20.049
1999,16.146,20.051
2000,16.115,20.009
2001,16.130,20.015
2002,16.146,20.037
2003,16.138,20.031
2004,16.136,20.044
2005,16.132,20.023
2006,16.142,20.057
2007,16.138,20.045
2008,16.134,20.038
2009,16.124,20.001
2010,16.138,20.051
2011,16.145,20.058
2012,16.135,20.051
2013,16.122,19.992
2014,16.148,20.054
2015,16.142,20.041
2016,16.154,20.051
2017,16.128,20.024
2018,16.142,20.064
2019,16.145,20.041
2020,16.150,20.060
2021,16.149,20.051
2022,16.150,20.066
2023,16.136,20.045
2024,16.139,20.051
2025,16.132,20.015
2026,16.129,20.024
2027,16.153,20.074
2028,16.143,20.039
2029,16.136,20.023
2030,16.137,20.020
2031,16.151,20.079
2032,16.129,20.023
2033,16.142,20.029
2034,16.115,19.991
2035,16.150,20.056
2036,16.142,20.044
2037,16.136,20.028
2038,16.137,20.049
2039,16.142,20.047
2040,16.136,20.046
2041,16.139,20.037
2042,16.124,20.012
2043,16.140,20.036
2044,16.131,19.999
2045,16.119,20.008
2046,16.128,20.008
2047,16.109,19.974
2048,16.110,20.001
2049,16.113,19.991
2050,16.135,20.031
2051,16.131,20.026
2052,16.092,19.933
2053,16.109,19.983
2054,16.110,19.988
2055,16.106,19.990
2056,16.107,19.975
2057,16.102,19.955
2058,16.084,19.909
2059,16.094,19.929
2060,16.117,20.007
2061,16.102,19.942
2062,16.097,19.965
2063,16.106,19.985
2064,16.084,19.929
2065,16.103,19.979
2066,16.101,19.957
2067,16.092,19.944
2068,16.098,19.978
2069,16.087,19.965
2070,16.074,19.922
2071,16.099,19.979
2072,16.082,19.952
2073,16.081,19.951
2074,16.091,19.948
2075,16.097,19.968
2076,16.061,19.913
2077,16.099,19.989
2078,16.092,19.961
2079,16.077,19.915
2080,16.100,19.994
2081,16.096,19.960
2082,16.108,20.013
2083,16.080,19.948
2084,16.100,19.982
2085,16.079,19.969
2086,16.102,20.004
2087,16.102,20.009
2088,16.083,19.945
2089,16.101,19.997
2090,16.084,19.945
2091,16.089,19.995
2092,16.082,19.953
2093,16.090,19.981
2094,16.093,19.966
2095,16.105,20.012
2096,16.086,19.953
2097,16.103,20.006
2098,16.096,19.987
2099,16.083,19.958
2100,16.094,19.971
2101,16.091,19.974
2102,16.088,19.957
2103,16.095,19.981
2104,16.115,20.033
2105,16.110,20.017
2106,16.083,19.953
2107,16.097,19.976
2108,16.122,20.034
2109,16.106,19.980
2110,16.082,19.948
2111,16.107,19.993
2112,16.079,19.944
2113,16.093,19.976
2114,16.089,19.975
2115,16.072,19.937
2116,16.104,19.995
2117,16.085,19.964
2118,16.108,20.020
2119,16.106,20.002
2120,16.095,19.987
2121,16.104,20.007
2122,16.099,19.998
2123,16.083,19.955
2124,16.089,19.973
2125,16.104,20.003
2126,16.094,19.960
2127,16.114,20.003
2128,16.111,20.024
2129,16.082,19.941
2130,16.107,20.012
2131,16.113,20.019
2132,16.086,19.956
2133,16.097,19.978
2134,16.123,20.022
2135,16.098,19.964
2136,16.105,20.006
2137,16.115,20.003
2138,16.092,19.970
2139,16.088,19.953
2140,16.118,20.033
2141,16.101,19.978
2142,16.106,20.017
2143,16.109,19.996
2144,16.111,20.020
2145,16.116,20.024
2146,16.103,20.000
2147,16.102,19.987
2148,16.107,19.999
2149,16.100,19.964
2150,16.102,19.967
2151,16.093,19.972
2152,16.088,19.942
2153,16.102,19.993
2154,16.096,19.964
2155,16.113,20.026
2156,16.089,19.965
2157,16.094,19.982
2158,16.104,19.972
2159,16.100,19.974
2160,16.107,19.990
2161,16.089,19.967
2162,16.061,19.909
2163,16.088,19.967
2164,16.082,19.955
2165,16.110,20.001
2166,16.085,19.958
2167,16.105,19.999
2168,16.085,19.950
2169,16.091,19.968
2170,16.089,19.961
2171,16.097,19.988
2172,16.107,19.995
2173,16.095,19.981
2174,16.081,19.935
