0,15.835,17.743
1,15.859,17.748
2,15.874,17.775
3,15.843,17.732
4,15.865,17.745
5,15.842,17.728
6,15.825,17.692
7,15.818,17.680
8,15.763,17.619
9,15.758,17.607
10,15.726,17.571
11,15.746,17.601
12,15.746,17.599
13,15.716,17.566
14,15.720,17.557
15,15.716,17.563
16,15.721,17.558
17,15.701,17.551
18,15.672,17.521
19,15.684,17.521
20,15.702,17.535
21,15.676,17.527
22,15.660,17.493
23,15.636,17.477
24,15.616,17.440
25,15.614,17.450
26,15.557,17.393
27,15.562,17.403
28,15.544,17.377
29,15.530,17.367
30,15.498,17.324
31,15.451,17.283
32,15.417,17.242
33,15.411,17.236
34,15.352,17.175
35,15.332,17.149
36,15.323,17.142
37,15.316,17.126
38,15.277,17.087
39,15.285,17.094
40,15.204,17.023
41,15.216,17.039
42,15.182,16.981
43,15.204,17.019
44,15.194,17.009
45,15.412,17.250
46,15.437,17.279
47,15.436,17.262
48,15.402,17.250
49,15.381,17.223
50,15.377,17.214
51,15.365,17.198
52,15.366,17.207
53,15.368,17.205
54,15.361,17.188
55,15.359,17.196
56,15.356,17.184
57,15.358,17.174
58,15.346,17.178
59,15.364,17.177
60,15.295,17.105
61,15.278,17.093
62,15.266,17.077
63,15.282,17.079
64,15.264,17.065
65,15.269,17.077
66,15.280,17.091
67,15.255,17.061
68,15.260,17.071
69,15.311,17.144
70,15.333,17.163
71,15.336,17.164
72,15.248,17.063
73,15.292,17.106
74,15.292,17.103
75,15.279,17.078
76,15.278,17.082
77,15.320,17.148
78,15.309,17.123
79,15.293,17.111
80,15.307,17.129
81,15.275,17.088
82,15.283,17.107
83,15.269,17.090
84,15.287,17.105
85,15.294,17.101
86,15.114,16.849
87,15.116,16.840
88,15.122,16.837
89,15.143,16.869
90,15.133,16.847
91,15.164,16.893
92,15.185,16.921
93,15.194,16.932
94,15.199,16.936
95,15.201,16.951
96,15.205,16.945
97,15.358,17.169
98,15.362,17.164
99,15.365,17.201
100,15.353,17.188
101,15.376,17.196
102,15.362,17.197
103,15.378,17.209
104,15.376,17.226
105,15.399,17.242
106,15.413,17.243
107,15.386,17.224
108,15.402,17.254
109,15.400,17.232
110,15.396,17.232
111,15.430,17.281
112,15.408,17.241
113,15.413,17.250
114,15.420,17.266
115,15.437,17.300
116,15.435,17.277
117,15.446,17.288
118,15.437,17.285
119,15.445,17.283
120,15.440,17.284
121,15.450,17.304
122,15.432,17.260
123,15.459,17.308
124,15.438,17.270
125,15.459,17.294
126,15.462,17.300
127,15.458,17.307
128,15.464,17.312
129,15.473,17.315
130,15.443,17.283
131,15.429,17.273
132,15.450,17.295
133,15.443,17.296
134,15.450,17.294
135,15.439,17.280
136,15.422,17.272
137,15.437,17.276
138,15.429,17.262
139,15.438,17.278
140,15.439,17.276
141,15.430,17.264
142,15.440,17.277
143,15.422,17.255
144,15.416,17.258
145,15.422,17.250
146,15.402,17.234
147,15.398,17.233
148,15.416,17.263
149,15.402,17.230
150,15.399,17.227
151,15.431,17.263
152,15.407,17.260
153,15.413,17.257
154,15.398,17.238
155,15.409,17.239
156,15.404,17.262
157,15.422,17.257
158,15.405,17.231
159,15.429,17.269
160,15.428,17.254
161,15.408,17.256
162,15.413,17.257
163,15.368,17.205
164,15.378,17.216
165,15.358,17.186
166,15.367,17.187
167,15.353,17.170
168,15.350,17.170
169,15.330,17.140
170,15.373,17.187
171,15.337,17.147
172,15.339,17.156
173,15.348,17.172
174,15.351,17.176
175,15.337,17.158
176,15.341,17.151
177,15.355,17.173
178,15.354,17.162
179,15.355,17.158
180,15.331,17.141
181,15.353,17.162
182,15.325,17.137
183,15.352,17.169
184,15.335,17.141
185,15.337,17.152
186,15.306,17.113
187,15.296,17.102
188,15.339,17.139
189,15.306,17.131
190,15.295,17.096
191,15.309,17.111
192,15.316,17.124
193,15.317,17.135
194,15.320,17.129
195,15.317,17.135
196,15.327,17.156
197,15.293,17.103
198,15.323,17.126
199,15.313,17.140
200,15.298,17.118
201,15.288,17.098
202,15.294,17.108
203,15.286,17.097
204,15.279,17.097
205,15.254,17.073
206,15.250,17.082
207,15.236,17.047
208,15.212,17.033
209,15.226,17.038
210,15.242,17.056
211,15.222,17.029
212,15.215,17.020
213,15.209,17.016
214,15.225,17.039
215,15.218,17.036
216,15.201,17.005
217,15.219,17.029
218,15.208,17.028
219,15.186,16.999
220,15.219,17.042
221,15.194,17.001
222,15.197,17.006
223,15.213,17.026
224,15.189,16.982
225,15.206,17.009
226,15.192,17.000
227,15.186,17.010
228,15.189,16.995
229,15.170,16.966
230,15.173,16.977
231,15.180,16.990
232,15.166,16.970
233,15.170,16.969
234,15.191,16.989
235,15.197,16.998
236,15.182,16.983
237,15.200,17.023
238,15.205,17.000
239,15.187,16.986
240,15.184,16.975
241,15.198,17.010
242,15.187,16.988
243,15.218,17.036
244,15.228,17.045
245,15.244,17.063
246,15.250,17.077
247,15.246,17.068
248,15.276,17.099
249,15.266,17.084
250,15.266,17.079
251,15.251,17.064
252,15.257,17.073
253,15.267,17.085
254,15.282,17.097
255,15.295,17.118
256,15.305,17.120
257,15.329,17.153
258,15.318,17.133
259,15.343,17.163
260,15.347,17.156
261,15.344,17.171
262,15.386,17.223
263,15.398,17.236
264,15.407,17.254
265,15.414,17.246
266,15.264,17.011
267,15.294,17.054
268,15.314,17.095
269,15.297,17.070
270,15.313,17.072
271,15.526,17.381
272,15.514,17.371
273,15.546,17.398
274,15.488,17.319
275,15.508,17.340
276,15.527,17.363
277,15.524,17.363
278,15.519,17.341
279,15.520,17.327
280,15.514,17.320
281,15.516,17.325
282,15.530,17.338
283,15.585,17.420
284,15.554,17.375
285,15.396,17.132
286,15.512,17.309
287,15.477,17.270
288,15.457,17.256
289,15.435,17.208
290,15.429,17.196
291,15.398,17.165
292,15.422,17.195
293,15.411,17.175
294,15.405,17.189
295,15.422,17.192
296,15.381,17.157
297,15.394,17.166
298,15.378,17.170
299,15.404,17.184
300,15.374,17.136
301,15.391,17.151
302,15.411,17.190
303,15.410,17.190
304,15.417,17.191
305,15.443,17.206
306,15.434,17.211
307,15.457,17.245
308,15.453,17.231
309,15.456,17.238
310,15.448,17.242
311,15.492,17.313
312,15.485,17.286
313,15.468,17.302
314,15.460,17.270
315,15.488,17.305
316,15.475,17.282
317,15.435,17.233
318,15.466,17.280
319,15.442,17.244
320,15.441,17.223
321,15.464,17.268
322,15.448,17.234
323,15.447,17.235
324,15.453,17.259
325,15.449,17.240
326,15.435,17.233
327,15.491,17.309
328,15.458,17.255
329,15.444,17.233
330,15.496,17.311
331,15.437,17.241
332,15.457,17.263
333,15.480,17.270
334,15.482,17.272
335,15.495,17.307
336,15.505,17.307
337,15.453,17.223
338,15.418,17.174
339,15.291,17.046
340,15.363,17.181
341,15.366,17.191
342,15.370,17.172
343,15.369,17.187
344,15.388,17.202
345,15.304,17.094
346,15.340,17.143
347,15.332,17.133
348,15.391,17.184
349,15.397,17.188
350,15.429,17.241
351,15.319,17.059
352,15.295,17.012
353,15.342,17.087
354,15.340,17.083
355,15.327,17.053
356,15.305,17.018
357,15.273,16.990
358,15.168,16.842
359,15.278,17.022
360,15.244,16.984
361,15.210,16.958
362,15.202,16.950
363,15.217,16.978
364,15.203,16.966
365,15.172,16.941
366,15.080,16.861
367,14.996,16.765
368,14.942,16.694
369,14.935,16.713
370,14.897,16.659
371,14.874,16.631
372,14.886,16.650
373,14.891,16.659
374,14.922,16.687
375,14.957,16.726
376,14.968,16.747
377,15.049,16.848
378,15.088,16.903
379,15.135,16.938
380,15.180,17.015
381,14.932,16.724
382,14.849,16.689
383,14.874,16.727
384,14.933,16.799
385,14.943,16.801
386,15.007,16.913
387,15.066,16.947
388,14.882,16.704
389,14.712,16.578
390,14.813,16.724
391,14.837,16.747
392,14.846,16.747
393,14.896,16.818
394,14.901,16.816
395,14.959,16.877
396,14.988,16.901
397,15.031,16.960
398,15.147,17.117
399,15.148,17.081
400,15.223,17.175
401,15.330,17.331
402,15.149,17.087
403,14.969,16.967
404,14.829,16.789
405,14.886,16.896
406,14.743,16.712
407,14.638,16.635
408,14.655,16.607
409,14.521,16.486
410,14.514,16.494
411,14.613,16.619
412,14.658,16.695
413,14.723,16.749
414,14.703,16.709
415,14.672,16.691
416,14.679,16.673
417,14.704,16.714
418,14.716,16.734
419,14.735,16.802
420,14.786,16.878
421,14.800,16.894
422,14.723,16.763
423,14.729,16.767
424,14.751,16.818
425,14.811,16.854
426,14.907,16.977
427,15.020,17.096
428,15.125,17.216
429,15.317,17.468
430,15.581,17.854
431,15.712,17.996
432,15.882,18.163
433,16.055,18.339
434,16.163,18.426
435,15.984,18.085
436,16.090,18.159
437,16.210,18.311
438,15.923,17.832
439,15.816,17.641
440,15.824,17.668
441,15.798,17.615
442,15.812,17.644
443,15.896,17.830
444,15.960,17.966
445,15.958,18.028
446,15.895,17.965
447,15.846,17.898
448,15.786,17.804
449,15.753,17.750
450,15.736,17.700
451,15.747,17.697
452,15.773,17.724
453,15.785,17.740
454,15.795,17.734
455,15.801,17.741
456,15.843,17.773
457,15.893,17.847
458,15.876,17.784
459,15.898,17.826
460,15.937,17.875
461,15.933,17.863
462,15.993,17.942
463,16.013,17.945
464,16.079,18.027
465,16.099,18.047
466,16.126,18.063
467,16.169,18.113
468,16.163,18.087
469,16.266,18.225
470,16.242,18.208
471,16.271,18.193
472,16.314,18.255
473,16.348,18.281
474,16.379,18.332
475,16.419,18.389
476,16.399,18.343
477,16.432,18.359
478,16.465,18.421
479,16.383,18.329
480,16.310,18.236
481,16.220,18.125
482,16.098,17.970
483,16.012,17.869
484,15.921,17.790
485,15.807,17.679
486,15.695,17.577
487,15.586,17.446
488,15.540,17.421
489,15.504,17.388
490,15.410,17.306
491,15.370,17.280
492,15.296,17.219
493,15.244,17.173
494,15.218,17.161
495,15.202,17.177
496,15.212,17.199
497,15.176,17.182
498,15.315,17.356
499,15.338,17.376
500,15.378,17.460
501,15.314,17.386
502,15.271,17.332
503,15.235,17.289
504,15.202,17.236
505,15.201,17.256
506,15.199,17.233
507,15.161,17.194
508,15.225,17.296
509,15.231,17.257
510,15.483,17.565
511,15.614,17.710
512,15.809,18.042
513,15.767,17.969
514,15.548,17.767
515,15.501,17.688
516,15.546,17.729
517,15.559,17.743
518,15.312,17.271
519,15.422,17.414
520,15.189,16.966
521,15.392,17.268
522,15.372,17.228
523,15.328,17.121
524,15.171,16.858
525,15.071,16.758
526,15.090,16.821
527,15.159,16.956
528,15.110,16.943
529,14.929,16.674
530,14.842,16.604
531,14.962,16.851
532,14.955,16.871
533,14.967,16.902
534,14.792,16.606
535,14.715,16.491
536,14.657,16.410
537,14.818,16.614
538,14.892,16.703
539,14.933,16.738
540,15.050,16.853
541,15.146,16.955
542,15.319,17.202
543,15.129,16.916
544,15.136,16.950
545,15.105,16.878
546,15.123,16.897
547,15.105,16.867
548,15.140,16.914
549,15.157,16.945
550,15.133,16.930
551,15.094,16.870
552,15.028,16.771
553,15.101,16.879
554,15.036,16.794
555,15.009,16.741
556,15.000,16.741
557,14.997,16.783
558,14.970,16.728
559,15.002,16.769
560,15.035,16.817
561,15.012,16.766
562,15.052,16.804
563,15.064,16.818
564,15.116,16.874
565,15.140,16.895
566,15.224,17.003
567,15.261,17.053
568,15.284,17.045
569,15.349,17.145
570,15.394,17.201
571,15.411,17.203
572,15.456,17.254
573,15.499,17.332
574,15.550,17.341
575,15.594,17.417
576,15.595,17.388
577,15.644,17.476
578,15.655,17.503
579,15.554,17.364
580,15.582,17.396
581,15.572,17.413
582,15.468,17.247
583,15.469,17.293
584,15.357,17.161
585,15.401,17.216
586,15.427,17.240
587,15.453,17.272
588,15.413,17.214
589,15.454,17.273
590,15.412,17.206
591,15.410,17.224
592,15.435,17.263
593,15.395,17.208
594,15.413,17.230
595,15.372,17.149
596,15.414,17.223
597,15.378,17.167
598,15.366,17.134
599,15.422,17.224
600,15.354,17.141
601,15.387,17.201
602,15.369,17.158
603,15.363,17.160
604,15.368,17.143
605,15.391,17.196
606,15.385,17.160
607,15.394,17.176
608,15.361,17.135
609,15.387,17.195
610,15.392,17.165
611,15.396,17.203
612,15.368,17.144
613,15.391,17.200
614,15.396,17.180
615,15.414,17.231
616,15.372,17.180
617,15.434,17.260
618,15.421,17.222
619,15.460,17.288
620,15.441,17.249
621,15.483,17.326
622,15.516,17.361
623,15.538,17.371
624,15.392,17.212
625,15.402,17.250
626,15.414,17.256
627,15.493,17.342
628,15.500,17.364
629,15.557,17.404
630,15.562,17.419
631,15.580,17.432
632,15.656,17.538
633,15.577,17.422
634,15.602,17.459
635,15.603,17.443
636,15.623,17.464
637,15.615,17.476
638,15.676,17.561
639,15.674,17.533
640,15.692,17.548
641,15.736,17.623
642,15.743,17.629
643,15.780,17.662
644,15.796,17.668
645,15.857,17.771
646,15.872,17.770
647,15.902,17.793
648,15.949,17.854
649,15.952,17.865
650,15.990,17.887
651,16.068,17.987
652,16.051,17.955
653,16.038,17.931
654,16.039,17.975
655,16.028,17.938
656,15.997,17.920
657,16.034,17.975
658,16.036,17.957
659,16.076,18.030
660,16.034,17.959
661,15.959,17.834
662,16.055,18.002
663,15.940,17.888
664,15.877,17.826
665,15.822,17.750
666,15.794,17.741
667,15.766,17.681
668,15.785,17.752
669,15.741,17.698
670,15.757,17.715
671,15.757,17.715
672,15.774,17.746
673,15.731,17.692
674,15.708,17.677
675,15.718,17.687
676,15.744,17.702
677,15.728,17.697
678,15.771,17.734
679,15.794,17.775
680,15.751,17.710
681,15.711,17.694
682,15.647,17.590
683,15.706,17.681
684,15.677,17.658
685,15.602,17.547
686,15.609,17.573
687,15.607,17.560
688,15.578,17.557
689,15.577,17.520
690,15.448,17.371
691,15.513,17.465
692,15.462,17.401
693,15.379,17.319
694,15.326,17.260
695,15.313,17.242
696,15.277,17.211
697,15.224,17.164
698,15.239,17.172
699,15.228,17.166
700,15.195,17.100
701,15.172,17.079
702,15.189,17.094
703,15.201,17.103
704,15.274,17.234
705,15.259,17.222
706,15.261,17.195
707,15.251,17.202
708,15.238,17.184
709,15.246,17.193
710,15.228,17.174
711,15.251,17.218
712,15.238,17.183
713,15.220,17.163
714,15.217,17.160
715,15.223,17.176
716,15.255,17.208
717,15.137,17.058
718,15.228,17.200
719,15.206,17.175
720,15.224,17.197
721,15.193,17.146
722,15.229,17.181
723,15.257,17.253
724,15.209,17.157
725,15.183,17.141
726,15.182,17.145
727,15.208,17.230
728,15.156,17.139
729,15.159,17.115
730,15.191,17.168
731,15.237,17.239
732,15.340,17.307
733,15.504,17.528
734,15.487,17.517
735,15.433,17.449
736,15.400,17.422
737,15.373,17.349
738,15.338,17.310
739,15.328,17.338
740,15.291,17.281
741,15.287,17.254
742,15.299,17.293
743,15.193,17.130
744,15.344,17.316
745,15.403,17.407
746,15.372,17.352
747,15.444,17.430
748,15.460,17.432
749,15.404,17.363
750,15.333,17.262
751,15.264,17.182
752,15.236,17.159
753,15.330,17.244
754,15.363,17.296
755,15.365,17.289
756,15.355,17.249
757,15.411,17.334
758,15.395,17.275
759,15.436,17.304
760,15.455,17.336
761,15.362,17.177
762,15.342,17.171
763,15.368,17.213
764,15.457,17.309
765,15.458,17.269
766,15.580,17.440
767,15.672,17.571
768,15.694,17.550
769,15.754,17.615
770,15.824,17.686
771,15.781,17.581
772,15.980,17.857
773,15.973,17.845
774,15.941,17.797
775,15.970,17.855
776,16.009,17.892
777,15.919,17.786
778,15.939,17.791
779,15.986,17.851
780,15.886,17.712
781,15.894,17.743
782,15.864,17.725
783,15.709,17.551
784,15.709,17.536
785,15.750,17.643
786,15.679,17.536
787,15.662,17.513
788,15.625,17.480
789,15.656,17.512
790,15.598,17.457
791,15.572,17.433
792,15.564,17.423
793,15.602,17.474
794,15.683,17.582
795,15.635,17.508
796,15.550,17.358
797,15.665,17.531
798,15.608,17.459
799,15.666,17.562
800,15.593,17.455
801,15.580,17.430
802,15.598,17.453
803,15.593,17.464
804,15.622,17.488
805,15.635,17.486
806,15.682,17.556
807,15.672,17.525
808,15.821,17.784
809,15.747,17.631
810,15.917,17.858
811,15.968,17.897
812,15.923,17.836
813,15.840,17.701
814,15.957,17.848
815,15.930,17.806
816,15.934,17.850
817,15.964,17.855
818,15.945,17.845
819,15.944,17.858
820,15.894,17.767
821,15.908,17.824
822,15.884,17.788
823,15.818,17.728
824,15.793,17.697
825,15.751,17.653
826,15.716,17.633
827,15.700,17.640
828,15.633,17.550
829,15.623,17.539
830,15.569,17.491
831,15.560,17.485
832,15.557,17.495
833,15.529,17.460
834,15.531,17.470
835,15.501,17.440
836,15.413,17.337
837,15.430,17.329
838,15.459,17.358
839,15.476,17.377
840,15.530,17.482
841,15.504,17.435
842,15.491,17.433
843,15.511,17.462
844,15.501,17.432
845,15.542,17.510
846,15.503,17.434
847,15.507,17.444
848,15.499,17.447
849,15.466,17.408
850,15.478,17.422
851,15.493,17.415
852,15.494,17.434
853,15.509,17.446
854,15.546,17.504
855,15.524,17.443
856,15.582,17.534
857,15.612,17.575
858,15.654,17.611
859,15.722,17.710
860,15.731,17.700
861,15.729,17.689
862,15.784,17.773
863,15.800,17.758
864,15.853,17.840
865,15.872,17.860
866,15.825,17.784
867,15.911,17.910
868,15.876,17.879
869,15.887,17.856
870,15.890,17.884
871,15.913,17.918
872,15.920,17.922
873,16.054,18.119
874,15.932,17.942
875,15.989,18.043
876,15.985,18.014
877,15.993,18.053
878,15.972,18.016
879,15.946,17.991
880,15.915,17.923
881,15.899,17.924
882,15.852,17.842
883,15.870,17.878
884,15.839,17.883
885,15.749,17.729
886,15.818,17.850
887,15.693,17.682
888,15.595,17.546
889,15.628,17.657
890,15.498,17.459
891,15.540,17.529
892,15.475,17.450
893,15.489,17.506
894,15.421,17.401
895,15.403,17.404
896,15.337,17.315
897,15.372,17.358
898,15.284,17.275
899,15.279,17.272
900,15.289,17.337
901,15.279,17.348
902,15.184,17.182
903,15.190,17.220
904,15.090,17.092
905,15.060,17.067
906,15.024,17.039
907,14.964,16.972
908,14.958,16.998
909,14.923,16.952
910,14.972,17.012
911,14.954,16.979
912,14.950,16.963
913,14.931,16.971
914,14.890,16.905
915,15.094,17.114
916,15.111,17.146
917,15.156,17.220
918,15.068,17.109
919,15.008,17.033
920,14.970,17.010
921,15.100,17.157
922,15.071,17.088
923,15.068,17.097
924,15.131,17.161
925,15.118,17.148
926,15.115,17.131
927,15.014,17.014
928,14.988,16.996
929,14.922,16.931
930,15.025,17.023
931,15.004,17.007
932,15.030,17.023
933,14.961,16.944
934,14.897,16.872
935,14.877,16.835
936,14.981,16.941
937,14.991,16.946
938,15.017,16.971
939,14.911,16.851
940,14.934,16.880
941,14.976,16.919
942,14.995,16.915
943,15.143,17.083
944,15.240,17.158
945,15.329,17.265
946,15.466,17.406
947,15.591,17.526
948,15.756,17.718
949,15.913,17.907
950,15.915,17.856
951,15.878,17.839
952,15.917,17.875
953,15.913,17.834
954,15.844,17.768
955,15.862,17.799
956,15.809,17.719
957,15.629,17.524
958,15.761,17.698
959,15.829,17.766
960,15.909,17.860
961,15.978,17.937
962,16.017,17.981
963,16.048,18.015
964,16.074,18.034
965,16.088,18.044
966,16.110,18.078
967,16.201,18.174
968,16.174,18.141
969,16.230,18.191
970,16.254,18.227
971,16.296,18.265
972,16.312,18.282
973,16.332,18.306
974,16.377,18.379
975,16.392,18.381
976,16.443,18.420
977,16.420,18.409
978,16.476,18.465
979,16.486,18.473
980,16.480,18.463
981,16.515,18.518
982,16.453,18.443
983,16.415,18.422
984,16.354,18.342
985,16.222,18.202
986,16.157,18.126
987,16.092,18.092
988,15.965,17.915
989,15.891,17.822
990,15.780,17.703
991,15.687,17.579
992,15.601,17.509
993,15.566,17.474
994,15.458,17.335
995,15.442,17.318
996,15.379,17.252
997,15.319,17.192
998,15.313,17.182
999,15.251,17.107
1000,15.225,17.081
1001,15.198,17.028
1002,15.214,17.055
1003,15.133,16.934
1004,15.185,17.031
1005,15.125,16.964
1006,15.099,16.924
1007,15.107,16.926
1008,15.034,16.831
1009,15.012,16.798
1010,15.022,16.829
1011,14.951,16.756
1012,14.876,16.681
1013,14.801,16.553
1014,14.807,16.578
1015,14.751,16.543
1016,14.708,16.497
1017,14.679,16.477
1018,14.598,16.376
1019,14.574,16.353
1020,14.555,16.356
1021,14.467,16.231
1022,14.470,16.255
1023,14.428,16.205
1024,14.349,16.100
1025,14.313,16.076
1026,14.281,16.055
1027,14.202,15.937
1028,14.206,15.962
1029,14.175,15.930
1030,14.117,15.848
1031,14.136,15.879
1032,14.118,15.868
1033,14.035,15.756
1034,14.072,15.814
1035,14.043,15.757
1036,14.021,15.730
1037,14.031,15.744
1038,14.030,15.764
1039,13.989,15.716
1040,14.012,15.745
1041,13.995,15.739
1042,14.024,15.767
1043,14.013,15.721
1044,14.057,15.813
1045,14.036,15.779
1046,14.073,15.798
1047,14.107,15.857
1048,14.117,15.840
1049,14.136,15.859
1050,14.169,15.891
1051,14.258,16.010
1052,14.260,15.993
1053,14.229,15.948
1054,14.258,15.989
1055,14.241,15.944
1056,14.282,16.005
1057,14.226,15.952
1058,14.270,15.984
1059,14.242,15.939
1060,14.277,15.991
1061,14.246,15.940
1062,14.241,15.928
1063,14.229,15.952
1064,14.192,15.891
1065,14.204,15.903
1066,14.150,15.829
1067,14.174,15.852
1068,14.290,15.990
1069,14.283,15.966
1070,14.355,16.062
1071,14.246,15.939
1072,14.271,15.969
1073,14.200,15.884
1074,14.315,15.997
1075,14.347,16.043
1076,14.326,15.995
1077,14.333,16.022
1078,14.304,15.984
1079,14.325,15.989
1080,14.310,15.996
1081,14.313,16.013
1082,14.306,16.002
1083,14.338,16.029
1084,14.377,16.092
1085,14.315,15.999
1086,14.321,16.000
1087,14.359,16.071
1088,14.346,16.021
1089,14.474,16.157
1090,14.567,16.268
1091,14.580,16.293
1092,14.505,16.194
1093,14.561,16.271
1094,14.559,16.257
1095,14.553,16.243
1096,14.563,16.261
1097,14.540,16.224
1098,14.564,16.255
1099,14.583,16.280
1100,14.593,16.284
1101,14.622,16.322
1102,14.658,16.372
1103,14.724,16.397
1104,14.801,16.491
1105,14.847,16.555
1106,14.915,16.632
1107,14.991,16.696
1108,15.036,16.741
1109,15.067,16.784
1110,15.126,16.833
1111,15.208,16.931
1112,15.255,16.981
1113,15.313,17.056
1114,15.377,17.106
1115,15.446,17.187
1116,15.320,17.054
1117,15.361,17.114
1118,15.374,17.119
1119,15.406,17.151
1120,15.423,17.163
1121,15.435,17.175
1122,15.387,17.131
1123,15.425,17.166
1124,15.410,17.152
1125,15.405,17.132
1126,15.420,17.181
1127,15.408,17.142
1128,15.403,17.143
1129,15.436,17.199
1130,15.413,17.151
1131,15.431,17.207
1132,15.412,17.161
1133,15.420,17.158
1134,15.427,17.164
1135,15.466,17.227
1136,15.465,17.226
1137,15.462,17.227
1138,15.486,17.277
1139,15.449,17.228
1140,15.510,17.324
1141,15.549,17.378
1142,15.495,17.294
1143,15.571,17.411
1144,15.566,17.403
1145,15.594,17.438
1146,15.649,17.518
1147,15.607,17.440
1148,15.692,17.559
1149,15.709,17.563
1150,15.717,17.563
1151,15.745,17.617
1152,15.760,17.641
1153,15.758,17.601
1154,15.788,17.651
1155,15.783,17.635
1156,15.843,17.705
1157,15.801,17.651
1158,15.800,17.637
1159,15.803,17.653
1160,15.740,17.570
1161,15.650,17.444
1162,15.650,17.456
1163,15.554,17.338
1164,15.512,17.286
1165,15.441,17.222
1166,15.438,17.219
1167,15.363,17.129
1168,15.372,17.158
1169,15.349,17.126
1170,15.314,17.091
1171,15.305,17.069
1172,15.281,17.011
1173,15.280,17.043
1174,15.260,17.015
1175,15.206,16.961
1176,15.149,16.888
1177,15.163,16.903
1178,15.099,16.832
1179,15.033,16.766
1180,15.047,16.783
1181,14.959,16.681
1182,14.906,16.621
1183,14.842,16.540
1184,14.854,16.568
1185,14.817,16.523
1186,14.748,16.432
1187,14.748,16.456
1188,14.708,16.387
1189,14.726,16.431
1190,14.729,16.424
1191,14.690,16.392
1192,14.722,16.436
1193,14.695,16.421
1194,14.657,16.341
1195,14.700,16.405
1196,14.650,16.349
1197,14.615,16.292
1198,14.656,16.367
1199,14.683,16.414
1200,14.692,16.429
1201,14.718,16.473
1202,14.698,16.462
1203,14.667,16.419
1204,14.666,16.437
1205,14.664,16.427
1206,14.677,16.432
1207,14.649,16.394
1208,14.716,16.491
1209,14.704,16.500
1210,14.687,16.470
1211,14.708,16.507
1212,14.858,16.647
1213,14.916,16.721
1214,14.958,16.762
1215,15.092,16.905
1216,15.155,16.985
1217,15.207,17.038
1218,15.282,17.103
1219,15.377,17.230
1220,15.417,17.274
1221,15.490,17.346
1222,15.536,17.369
1223,15.588,17.437
1224,15.686,17.547
1225,15.721,17.578
1226,15.718,17.540
1227,15.673,17.537
1228,15.655,17.504
1229,15.634,17.508
1230,15.583,17.432
1231,15.581,17.445
1232,15.630,17.489
1233,15.697,17.553
1234,15.850,17.742
1235,15.980,17.872
1236,16.157,18.087
1237,16.321,18.291
1238,16.492,18.471
1239,16.480,18.458
1240,16.561,18.561
1241,16.653,18.630
1242,16.671,18.678
1243,16.655,18.628
1244,16.703,18.702
1245,16.640,18.663
1246,16.632,18.654
1247,16.723,18.767
1248,16.751,18.819
1249,16.773,18.839
1250,16.805,18.871
1251,16.842,18.933
1252,16.834,18.922
1253,16.862,18.955
1254,16.913,19.022
1255,16.888,18.994
1256,16.922,19.021
1257,16.952,19.074
1258,16.911,19.000
1259,16.985,19.121
1260,16.997,19.138
1261,16.946,19.056
1262,16.951,19.087
1263,16.931,19.035
1264,16.929,19.043
1265,16.893,19.007
1266,16.929,19.062
1267,16.876,18.975
1268,16.898,19.029
1269,16.872,18.980
1270,16.861,18.981
1271,16.719,18.767
1272,16.667,18.689
1273,16.727,18.811
1274,16.691,18.758
1275,16.721,18.795
1276,16.674,18.753
1277,16.613,18.685
1278,16.615,18.699
1279,16.421,18.438
1280,16.376,18.396
1281,16.294,18.312
1282,16.272,18.296
1283,16.332,18.424
1284,16.333,18.455
1285,16.206,18.303
1286,16.129,18.188
1287,16.036,18.074
1288,15.951,17.980
1289,15.953,18.010
1290,15.819,17.850
1291,15.772,17.791
1292,15.789,17.835
1293,15.708,17.746
1294,15.642,17.640
1295,15.688,17.740
1296,15.642,17.676
1297,15.586,17.615
1298,15.583,17.628
1299,15.526,17.557
1300,15.555,17.621
1301,15.528,17.587
1302,15.416,17.462
1303,15.398,17.444
1304,15.406,17.459
1305,15.339,17.373
1306,15.298,17.328
1307,15.262,17.283
1308,15.228,17.247
1309,15.213,17.240
1310,15.206,17.236
1311,15.338,17.363
1312,15.410,17.445
1313,15.423,17.458
1314,15.372,17.415
1315,15.330,17.383
1316,15.309,17.331
1317,15.487,17.511
1318,15.597,17.659
1319,15.631,17.686
1320,15.579,17.628
1321,15.580,17.629
1322,15.625,17.662
1323,15.686,17.736
1324,15.695,17.752
1325,15.722,17.784
1326,15.754,17.808
1327,15.710,17.728
1328,15.857,17.943
1329,15.817,17.892
1330,15.844,17.920
1331,15.842,17.903
1332,15.886,17.956
1333,15.875,17.948
1334,15.902,17.975
1335,15.925,17.981
1336,15.936,17.979
1337,15.940,17.988
1338,15.913,17.939
1339,15.959,18.000
1340,15.927,17.952
1341,15.945,17.972
1342,15.963,17.975
1343,15.975,17.983
1344,15.735,17.737
1345,15.715,17.688
1346,15.674,17.651
1347,15.595,17.563
1348,15.581,17.549
1349,15.592,17.563
1350,15.581,17.520
1351,15.609,17.584
1352,15.458,17.335
1353,15.427,17.284
1354,15.436,17.302
1355,15.441,17.286
1356,15.442,17.296
1357,15.566,17.476
1358,15.546,17.454
1359,15.504,17.376
1360,15.520,17.414
1361,15.506,17.371
1362,15.500,17.366
1363,15.509,17.376
1364,15.471,17.316
1365,15.492,17.345
1366,15.481,17.328
1367,15.515,17.366
1368,15.484,17.333
1369,15.496,17.335
1370,15.517,17.360
1371,15.542,17.368
1372,15.525,17.363
1373,15.547,17.367
1374,15.547,17.383
1375,15.586,17.443
1376,15.561,17.388
1377,15.609,17.453
1378,15.602,17.434
1379,15.608,17.439
1380,15.664,17.504
1381,15.594,17.418
1382,15.615,17.432
1383,15.542,17.365
1384,15.513,17.327
1385,15.434,17.230
1386,15.464,17.279
1387,15.408,17.225
1388,15.349,17.144
1389,15.307,17.119
1390,15.284,17.073
1391,15.236,16.999
1392,15.217,16.983
1393,15.228,16.994
1394,15.175,16.938
1395,15.147,16.893
1396,15.136,16.882
1397,15.056,16.749
1398,15.056,16.779
1399,15.059,16.792
1400,15.076,16.819
1401,15.054,16.794
1402,15.044,16.775
1403,15.031,16.753
1404,15.024,16.752
1405,14.986,16.688
1406,14.985,16.698
1407,15.005,16.713
1408,14.999,16.717
1409,14.986,16.699
1410,14.935,16.623
1411,14.985,16.684
1412,14.888,16.553
1413,14.866,16.525
1414,14.855,16.523
1415,14.865,16.547
1416,14.815,16.497
1417,14.786,16.462
1418,14.732,16.401
1419,14.643,16.272
1420,14.601,16.224
1421,14.598,16.235
1422,14.580,16.237
1423,14.558,16.206
1424,14.529,16.183
1425,14.499,16.165
1426,14.405,16.034
1427,14.406,16.044
1428,14.383,16.029
1429,14.362,16.001
1430,14.304,15.933
1431,14.328,15.958
1432,14.295,15.927
1433,14.302,15.950
1434,14.306,15.939
1435,14.297,15.910
1436,14.303,15.926
1437,14.436,16.022
1438,14.497,16.115
1439,14.557,16.174
1440,14.508,16.128
1441,14.494,16.120
1442,14.515,16.145
1443,14.505,16.148
1444,14.497,16.142
1445,14.465,16.104
1446,14.511,16.189
1447,14.520,16.191
1448,14.531,16.207
1449,14.525,16.210
1450,14.538,16.233
1451,14.539,16.247
1452,14.523,16.207
1453,14.538,16.226
1454,14.546,16.247
1455,14.556,16.248
1456,14.561,16.266
1457,14.552,16.239
1458,14.602,16.311
1459,14.641,16.362
1460,14.641,16.339
1461,14.687,16.390
1462,14.702,16.400
1463,14.735,16.441
1464,14.759,16.463
1465,14.826,16.534
1466,14.827,16.543
1467,14.872,16.613
1468,14.852,16.583
1469,14.922,16.646
1470,14.929,16.669
1471,14.970,16.699
1472,14.942,16.658
1473,15.006,16.751
1474,14.991,16.711
1475,14.963,16.671
1476,15.046,16.770
1477,15.041,16.760
1478,15.007,16.720
1479,15.054,16.783
1480,15.065,16.788
1481,15.090,16.829
1482,15.089,16.804
1483,15.103,16.835
1484,15.136,16.866
1485,15.111,16.835
1486,15.156,16.903
1487,15.158,16.908
1488,15.192,16.946
1489,15.198,16.960
1490,15.248,17.024
1491,15.243,17.025
1492,15.288,17.089
1493,15.308,17.116
1494,15.299,17.095
1495,15.366,17.172
1496,15.387,17.189
1497,15.398,17.187
1498,15.421,17.219
1499,15.417,17.199
1500,15.343,17.135
1501,15.274,17.038
1502,15.298,17.079
1503,15.290,17.060
1504,15.288,17.065
1505,15.304,17.085
1506,15.294,17.075
1507,15.293,17.058
1508,15.305,17.085
1509,15.230,16.986
1510,15.191,16.939
1511,15.209,16.976
1512,15.143,16.895
1513,15.152,16.919
1514,15.142,16.938
1515,15.078,16.842
1516,15.128,16.911
1517,15.107,16.891
1518,15.066,16.830
1519,15.068,16.851
1520,15.079,16.864
1521,15.046,16.806
1522,15.034,16.803
1523,14.996,16.767
1524,14.992,16.737
1525,14.968,16.731
1526,14.929,16.683
1527,14.916,16.664
1528,14.868,16.604
1529,14.914,16.680
1530,14.915,16.682
1531,14.849,16.608
1532,14.862,16.641
1533,14.959,16.729
1534,14.991,16.768
1535,14.930,16.705
1536,14.865,16.642
1537,14.826,16.624
1538,14.777,16.551
1539,14.913,16.740
1540,14.902,16.712
1541,14.888,16.722
1542,14.817,16.644
1543,14.734,16.545
1544,14.777,16.631
1545,14.771,16.636
1546,14.757,16.610
1547,14.772,16.626
1548,14.764,16.607
1549,14.811,16.667
1550,14.861,16.764
1551,14.876,16.760
1552,14.897,16.782
1553,14.902,16.796
1554,14.945,16.846
1555,14.933,16.826
1556,14.969,16.866
1557,14.960,16.862
1558,15.011,16.937
1559,15.005,16.945
1560,15.006,16.939
1561,15.048,17.008
1562,15.048,17.031
1563,15.064,17.045
1564,15.096,17.100
1565,15.138,17.161
1566,15.161,17.185
1567,15.159,17.188
1568,15.194,17.245
1569,15.179,17.212
1570,15.185,17.239
1571,15.208,17.282
1572,15.189,17.269
1573,15.241,17.340
1574,15.208,17.307
1575,15.158,17.250
1576,15.191,17.270
1577,15.251,17.334
1578,15.283,17.388
1579,15.328,17.443
1580,15.355,17.464
1581,15.394,17.521
1582,15.412,17.552
1583,15.439,17.586
1584,15.498,17.695
1585,15.498,17.700
1586,15.520,17.743
1587,15.638,17.875
1588,15.661,17.920
1589,15.719,17.970
1590,15.931,18.268
1591,15.925,18.272
1592,15.978,18.340
1593,16.163,18.578
1594,16.255,18.702
1595,16.262,18.718
1596,16.321,18.814
1597,16.383,18.906
1598,16.512,19.080
1599,16.463,19.020
1600,16.617,19.224
1601,16.732,19.385
1602,16.648,19.301
1603,16.662,19.311
1604,16.802,19.498
1605,16.823,19.511
1606,16.947,19.683
1607,17.024,19.772
1608,17.011,19.794
1609,17.272,20.090
1610,17.313,20.129
1611,17.180,19.975
1612,17.172,20.003
1613,17.182,20.047
1614,17.026,19.871
1615,17.061,19.936
1616,16.988,19.827
1617,17.004,19.865
1618,16.922,19.746
1619,16.912,19.749
1620,16.811,19.586
1621,16.782,19.578
1622,16.750,19.505
1623,16.998,19.776
1624,17.004,19.797
1625,16.927,19.696
1626,16.871,19.661
1627,16.865,19.631
1628,16.770,19.514
1629,16.739,19.494
1630,16.693,19.412
1631,16.634,19.376
1632,16.543,19.273
1633,16.480,19.174
1634,16.456,19.168
1635,16.390,19.093
1636,16.376,19.094
1637,16.250,18.940
1638,16.052,18.721
1639,15.826,18.460
1640,15.586,18.190
1641,15.734,18.323
1642,15.537,18.108
1643,15.334,17.889
1644,15.547,18.159
1645,15.593,18.216
1646,15.681,18.295
1647,15.838,18.437
1648,15.924,18.520
1649,15.944,18.516
1650,15.922,18.503
1651,15.969,18.573
1652,15.956,18.561
1653,15.942,18.508
1654,15.931,18.490
1655,15.988,18.556
1656,15.986,18.515
1657,16.046,18.582
1658,16.188,18.705
1659,16.690,19.214
1660,16.890,19.401
1661,17.084,19.615
1662,17.039,19.542
1663,17.200,19.667
1664,17.522,19.970
1665,17.432,19.817
1666,17.568,19.984
1667,17.670,20.046
1668,17.744,20.103
1669,17.807,20.131
1670,17.944,20.256
1671,18.078,20.396
1672,18.259,20.575
1673,18.480,20.849
1674,18.688,21.061
1675,18.885,21.265
1676,18.992,21.344
1677,19.184,21.556
1678,19.356,21.733
1679,19.523,21.890
1680,19.627,21.990
1681,19.826,22.211
1682,19.970,22.392
1683,20.146,22.654
1684,20.157,22.659
1685,20.132,22.647
1686,20.020,22.531
1687,19.912,22.449
1688,19.785,22.331
1689,19.655,22.202
1690,19.509,22.035
1691,19.390,21.943
1692,19.209,21.717
1693,19.115,21.653
1694,18.914,21.432
1695,18.659,21.094
1696,18.399,20.775
1697,18.202,20.539
1698,18.065,20.393
1699,17.900,20.164
1700,17.806,20.054
1701,17.625,19.804
1702,17.506,19.664
1703,17.329,19.459
1704,17.220,19.322
1705,17.102,19.202
1706,16.980,19.019
1707,16.955,19.014
1708,16.794,18.799
1709,16.762,18.799
1710,16.642,18.628
1711,16.624,18.609
1712,16.503,18.456
1713,16.456,18.392
1714,16.443,18.404
1715,16.324,18.237
1716,16.277,18.208
1717,16.270,18.215
1718,16.245,18.173
1719,16.190,18.114
1720,16.158,18.079
1721,16.093,18.013
1722,16.109,18.058
1723,16.031,17.925
1724,16.027,17.948
1725,16.029,17.948
1726,15.965,17.887
1727,16.003,17.977
1728,15.929,17.869
1729,15.871,17.783
1730,15.913,17.885
1731,15.869,17.835
1732,15.826,17.767
1733,15.859,17.832
1734,15.816,17.776
1735,15.799,17.779
1736,15.809,17.790
1737,15.813,17.797
1738,15.760,17.744
1739,15.771,17.773
1740,15.700,17.700
1741,15.716,17.753
1742,15.669,17.677
1743,15.670,17.684
1744,15.660,17.687
1745,15.703,17.761
1746,15.652,17.672
1747,15.677,17.708
1748,15.655,17.686
1749,15.631,17.636
1750,15.605,17.626
1751,15.643,17.685
1752,15.593,17.631
1753,15.607,17.645
1754,15.528,17.526
1755,15.459,17.483
1756,15.311,17.312
1757,15.277,17.318
1758,15.168,17.150
1759,15.109,17.093
1760,15.126,17.118
1761,15.207,17.170
1762,15.290,17.263
1763,15.311,17.280
1764,15.386,17.343
1765,15.390,17.360
1766,15.388,17.336
1767,15.344,17.292
1768,15.341,17.291
1769,15.321,17.289
1770,15.236,17.171
1771,15.233,17.180
1772,15.221,17.158
1773,15.250,17.172
1774,15.248,17.187
1775,15.254,17.196
1776,15.270,17.214
1777,15.319,17.272
1778,15.287,17.231
1779,15.304,17.272
1780,15.266,17.240
1781,15.302,17.295
1782,15.237,17.235
1783,15.242,17.263
1784,15.142,17.111
1785,15.095,17.089
1786,15.130,17.129
1787,15.133,17.148
1788,15.250,17.276
1789,15.294,17.306
1790,15.351,17.369
1791,15.293,17.304
1792,15.308,17.322
1793,15.282,17.293
1794,15.305,17.312
1795,15.294,17.315
1796,15.277,17.291
1797,15.307,17.316
1798,15.328,17.355
1799,15.372,17.396
1800,15.412,17.437
1801,15.463,17.491
1802,15.502,17.538
1803,15.517,17.554
1804,15.571,17.604
1805,15.654,17.693
1806,15.763,17.804
1807,15.840,17.909
1808,15.842,17.901
1809,15.793,17.839
1810,15.744,17.757
1811,15.763,17.804
1812,15.677,17.693
1813,15.728,17.740
1814,15.646,17.655
1815,15.567,17.550
1816,15.580,17.554
1817,15.581,17.567
1818,15.616,17.597
1819,15.627,17.621
1820,15.615,17.590
1821,15.589,17.562
1822,15.637,17.615
1823,15.657,17.624
1824,15.717,17.750
1825,15.754,17.785
1826,15.716,17.731
1827,15.760,17.800
1828,15.655,17.659
1829,15.718,17.808
1830,15.611,17.639
1831,15.554,17.591
1832,15.510,17.515
1833,15.487,17.509
1834,15.464,17.467
1835,15.474,17.477
1836,15.443,17.448
1837,15.450,17.458
1838,15.474,17.496
1839,15.530,17.569
1840,15.535,17.562
