0 314 167 9 26 0.46
2 314 162 11 31 0.42
61 71 134 22 77 0.38
216 73 143 19 71 0.33
223 0 269 39 100 0.63
224 2 267 52 108 0.44
225 1 253 59 122 0.47
226 1 243 51 142 0.38
227 3 161 50 215 0.40
228 0 128 36 255 0.67
229 1 131 44 242 0.82
230 1 128 54 235 0.92
231 2 123 51 242 0.92
232 2 121 63 273 0.95
232 3 120 53 186 0.41
233 3 119 70 261 0.99
234 3 120 71 261 0.99
235 6 121 76 253 1.00
236 12 121 87 257 1.00
237 17 119 100 259 1.00
238 14 125 113 246 1.00
239 15 129 114 247 1.00
240 17 125 120 252 1.00
241 21 129 128 244 1.00
241 5 264 52 105 0.32
242 19 134 127 239 0.99
243 34 128 115 252 1.00
244 38 127 113 254 1.00
245 45 127 102 247 1.00
246 58 123 92 260 1.00
247 72 119 81 263 0.99
248 93 118 69 264 0.99
249 100 125 74 263 0.99
250 105 119 78 255 0.99
251 110 124 87 251 0.99
252 113 121 102 261 1.00
253 113 123 118 258 1.00
254 110 127 134 254 1.00
255 113 124 147 254 0.99
256 119 121 136 256 1.00
257 114 133 155 245 1.00
258 127 129 134 248 1.00
259 143 136 116 236 1.00
260 129 130 138 244 1.00
261 133 133 133 244 1.00
262 159 126 109 252 0.99
263 180 126 93 253 0.99
264 202 118 74 260 0.99
265 197 120 85 258 0.99
266 182 123 107 249 0.99
267 227 119 74 263 1.00
268 229 126 78 250 1.00
269 230 120 100 259 1.00
270 228 117 128 265 0.99
271 238 116 124 258 0.99
272 237 123 143 254 1.00
273 233 121 151 262 1.00
274 229 124 157 254 0.99
275 241 122 144 254 0.99
276 227 110 163 269 0.99
277 226 142 163 235 0.99
278 225 121 160 259 0.97
279 246 137 143 236 0.96
279 312 124 58 172 0.63
280 312 130 74 253 0.97
280 249 175 133 199 0.61
281 322 148 62 233 0.94
281 281 153 101 220 0.91
281 323 151 54 152 0.53
281 348 106 31 61 0.45
282 328 144 64 241 0.96
282 276 153 110 218 0.41
283 336 122 64 263 0.99
283 281 123 115 259 0.64
284 341 131 66 249 0.99
284 304 149 99 226 0.36
284 365 117 32 55 0.33
285 344 142 78 234 1.00
285 1 241 45 109 0.74
286 348 141 90 236 1.00
286 166 176 9 35 0.36
287 348 125 106 252 1.00
287 6 230 51 119 0.78
288 350 133 114 242 1.00
288 289 154 158 221 0.59
289 342 132 133 239 1.00
289 4 211 61 138 0.63
290 356 128 121 244 1.00
290 2 217 69 131 0.32
291 351 125 131 248 1.00
291 1 210 70 138 0.49
292 366 128 119 248 1.00
292 4 193 75 156 0.56
293 371 131 110 237 1.00
293 0 211 82 135 0.71
294 392 128 97 246 1.00
294 3 185 86 166 0.90
295 402 128 86 242 1.00
295 7 173 73 176 0.93
296 408 124 85 246 1.00
296 10 167 69 178 0.77
296 8 168 44 64 0.36
296 7 162 51 165 0.35
297 417 121 77 246 0.98
297 16 159 77 187 0.97
298 424 129 87 238 1.00
298 18 170 82 180 0.98
299 428 123 85 241 1.00
299 22 179 85 170 0.97
300 430 119 88 240 0.99
300 20 181 87 164 0.32
300 361 125 149 230 0.32
301 440 117 84 246 1.00
301 32 157 53 179 0.75
301 37 155 41 69 0.51
301 19 157 90 189 0.41
302 441 120 100 242 1.00
302 40 179 73 167 0.96
303 440 117 120 241 1.00
303 39 148 76 202 0.99
303 25 209 98 134 0.34
304 447 116 119 240 1.00
304 42 159 73 184 0.94
304 27 207 100 138 0.63
305 450 123 125 235 1.00
305 42 167 72 161 0.85
306 454 123 119 234 1.00
306 34 162 97 184 0.98
306 24 222 116 128 0.63
307 454 125 119 235 1.00
307 54 165 69 170 0.96
307 34 179 107 166 0.37
308 456 123 117 237 1.00
308 61 170 68 169 0.97
308 32 180 111 166 0.71
309 457 123 116 236 1.00
309 65 164 71 174 0.97
309 37 174 110 171 0.47
310 459 120 113 241 1.00
310 68 154 71 179 0.96
310 32 182 124 160 0.47
311 474 116 99 244 1.00
311 75 158 75 179 0.98
311 38 176 122 165 0.39
312 481 115 93 236 1.00
312 72 163 70 175 0.93
312 46 177 113 161 0.56
313 493 114 79 240 1.00
313 83 156 62 175 0.97
314 498 114 78 235 1.00
314 90 156 52 179 0.87
314 69 175 83 161 0.73
315 498 110 82 239 1.00
315 104 164 44 109 0.81
315 100 178 57 158 0.61
315 73 212 95 129 0.54
316 502 109 89 238 1.00
316 107 164 49 177 0.98
317 506 110 81 235 1.00
317 107 146 53 196 0.97
317 103 174 81 173 0.37
318 504 111 89 227 1.00
318 112 156 55 187 0.96
318 97 180 98 160 0.31
319 506 112 91 226 1.00
319 121 162 45 186 0.82
319 106 173 86 169 0.69
319 125 162 37 96 0.33
320 505 116 95 230 1.00
320 130 170 42 99 0.87
320 102 226 101 115 0.85
320 125 167 50 140 0.48
320 121 185 68 151 0.40
321 507 115 102 228 1.00
321 129 157 55 183 0.96
321 120 191 85 152 0.51
321 91 226 116 119 0.31
322 512 116 99 225 1.00
322 131 161 75 179 0.98
323 512 120 98 218 1.00
323 134 158 63 182 0.90
323 102 186 102 158 0.72
323 142 162 50 103 0.45
324 514 118 97 222 1.00
324 109 191 105 155 0.98
324 146 164 49 160 0.60
325 515 119 101 223 1.00
325 128 174 87 171 0.96
325 150 164 52 173 0.65
326 516 121 102 222 1.00
326 129 192 87 152 0.91
326 158 176 49 92 0.84
326 154 169 56 153 0.79
327 519 115 98 223 1.00
327 163 166 45 99 0.90
327 127 232 108 108 0.78
328 518 122 87 219 0.99
328 167 161 48 108 0.93
328 160 172 57 155 0.34
329 521 117 86 221 1.00
329 171 163 51 102 0.92
329 164 190 62 148 0.81
329 145 213 98 132 0.56
330 524 116 91 213 1.00
330 177 159 57 108 0.89
330 140 184 94 155 0.47
331 526 111 84 218 1.00
331 177 161 62 172 0.99
332 531 113 83 213 1.00
332 175 174 77 163 0.96
332 133 177 113 165 0.87
333 527 112 88 215 1.00
333 179 162 85 185 0.99
333 484 132 102 210 0.63
334 534 111 90 217 1.00
334 156 165 111 181 0.99
335 530 113 99 215 1.00
335 166 165 106 181 0.99
336 535 112 89 213 1.00
336 181 164 96 183 0.99
337 537 113 87 214 1.00
337 180 165 102 182 0.99
338 537 114 87 210 1.00
338 178 181 101 163 0.99
339 543 110 83 217 1.00
339 199 165 88 179 0.97
340 543 115 84 210 1.00
340 207 158 82 188 0.99
341 540 117 88 211 1.00
341 211 146 78 199 0.99
341 503 206 66 136 0.51
342 546 117 85 210 1.00
342 201 159 93 182 0.95
343 545 117 87 210 1.00
343 233 160 68 180 0.98
343 192 173 106 170 0.75
344 548 121 81 204 1.00
344 236 167 75 169 0.92
344 197 170 107 171 0.91
345 552 122 76 201 1.00
345 247 160 49 158 0.94
345 248 165 48 97 0.76
345 247 215 69 122 0.35
346 554 124 75 199 1.00
346 250 149 54 159 0.94
346 235 166 73 176 0.34
347 555 120 73 205 1.00
347 251 152 66 192 0.93
347 255 149 49 144 0.80
348 560 116 68 208 1.00
348 250 150 75 193 0.97
348 234 227 105 116 0.31
349 562 115 67 205 1.00
349 267 151 49 125 0.93
349 250 164 85 173 0.91
349 241 230 98 111 0.88
350 561 114 68 207 1.00
350 268 152 53 190 0.97
350 237 186 103 156 0.58
350 240 238 107 101 0.36
351 563 111 68 208 1.00
351 272 151 62 182 0.95
351 242 229 107 112 0.64
351 276 153 49 135 0.37
352 565 112 68 206 1.00
352 261 152 68 188 0.96
353 569 112 62 204 1.00
353 280 151 60 187 0.96
353 287 152 47 126 0.87
353 268 194 84 145 0.66
354 571 113 61 205 1.00
354 291 152 46 121 0.92
354 254 181 96 158 0.58
354 278 169 61 159 0.44
355 573 117 60 203 1.00
355 290 149 60 182 0.96
355 282 214 74 125 0.62
355 248 192 106 147 0.37
356 574 112 60 208 1.00
356 293 150 58 165 0.94
356 291 209 69 129 0.88
357 573 116 61 203 1.00
357 299 147 63 186 0.92
357 258 154 105 185 0.63
358 575 117 60 201 1.00
358 270 155 98 185 0.98
358 307 145 62 173 0.57
359 575 118 59 201 1.00
359 309 147 65 180 0.93
359 278 165 94 177 0.79
360 579 119 56 199 1.00
360 286 161 95 183 0.96
361 581 120 54 195 1.00
361 302 149 86 197 0.97
362 583 117 52 200 1.00
362 319 148 69 189 0.97
363 584 118 52 199 1.00
363 323 147 73 196 0.99
364 321 146 84 196 1.00
364 585 118 52 198 1.00
365 589 113 46 204 0.99
365 324 146 86 195 0.98
365 587 119 38 159 0.32
366 588 116 48 201 0.99
366 322 151 90 189 0.99
367 329 151 88 189 0.98
367 590 117 46 199 0.97
367 545 241 30 76 0.57
368 328 146 90 198 0.99
368 592 121 44 190 0.99
368 548 243 28 72 0.52
369 337 154 85 183 0.98
369 593 117 41 203 0.97
370 348 145 79 193 0.99
370 593 120 42 196 0.98
370 315 168 105 170 0.61
371 344 148 84 189 0.98
371 599 121 37 196 0.96
372 600 132 37 182 0.95
372 338 172 93 170 0.90
372 364 150 67 170 0.84
372 369 146 62 111 0.71
373 334 164 99 173 0.98
373 601 126 35 192 0.94
373 373 146 58 100 0.82
373 369 144 65 152 0.55
374 342 155 95 185 0.98
374 602 130 34 183 0.93
374 376 148 59 164 0.64
375 344 152 97 185 0.99
375 609 130 29 180 0.86
375 381 144 63 192 0.60
376 386 149 63 184 0.97
376 607 135 30 176 0.77
376 345 146 103 191 0.76
377 387 145 77 195 0.98
377 612 153 25 163 0.86
378 363 150 110 186 0.99
379 385 148 91 189 0.99
380 366 150 113 186 1.00
381 372 154 110 179 0.99
382 372 154 119 184 1.00
383 379 152 107 187 1.00
384 384 155 105 182 0.99
384 423 147 68 187 0.88
385 389 151 102 188 1.00
385 429 146 64 197 0.95
386 394 150 99 188 0.99
386 431 146 63 189 0.97
386 590 242 31 73 0.38
387 396 156 98 182 0.97
387 437 144 63 190 0.94
387 596 245 28 69 0.82
388 440 142 60 198 1.00
388 598 243 32 71 0.95
388 399 160 93 180 0.68
389 445 142 66 196 0.99
389 397 154 106 182 0.93
390 450 144 59 194 1.00
390 403 146 96 191 0.74
391 456 141 66 194 1.00
392 459 144 76 196 0.99
392 403 158 116 182 0.46
393 464 143 78 197 1.00
393 433 153 94 184 0.81
393 615 240 21 72 0.36
394 467 143 80 197 1.00
394 617 243 18 71 0.34
395 461 147 92 185 0.99
395 620 251 17 63 0.86
396 476 143 83 195 1.00
397 481 144 78 197 1.00
398 482 143 82 201 1.00
399 491 147 70 198 0.99
400 496 142 76 204 1.00
400 461 150 103 190 0.96
401 457 139 112 203 0.99
401 504 135 69 210 0.71
402 449 139 120 205 0.99
402 508 136 63 186 0.65
403 466 134 106 210 0.99
403 505 135 72 190 0.38
404 471 136 108 204 1.00
404 511 134 71 183 0.68
405 487 135 98 203 0.98
405 525 134 61 149 0.45
406 477 138 112 205 0.98
407 478 140 112 202 0.99
407 527 134 68 171 0.91
408 493 133 102 216 0.99
408 531 133 67 202 0.94
409 485 134 119 218 1.00
409 524 127 79 201 0.41
410 502 132 107 216 0.99
411 505 134 115 220 0.99
412 517 132 113 209 0.99
413 518 133 116 214 1.00
414 531 137 103 210 0.99
415 541 132 92 219 0.99
416 565 135 71 213 0.99
416 538 250 49 114 0.47
417 550 134 86 221 0.99
417 586 139 52 212 0.34
418 550 129 85 233 1.00
418 585 129 51 229 0.87
419 555 129 82 230 0.99
419 588 136 48 211 0.32
420 564 136 72 214 0.84
420 605 133 30 115 0.52
420 604 133 33 195 0.49
421 571 143 66 214 0.94
421 611 122 25 115 0.61
422 583 167 56 189 0.92
423 355 104 19 58 0.31
425 604 255 32 113 0.90
426 608 232 30 136 0.95
427 615 242 24 129 0.88
445 0 230 21 168 0.55
446 0 231 29 182 0.60
447 1 212 32 205 0.35
448 1 202 40 211 0.55
452 1 193 58 201 0.69
454 3 172 66 228 0.67
455 1 184 75 210 0.60
612 498 78 24 68 0.53
613 502 79 23 60 0.46
629 172 192 13 35 0.59
629 168 194 15 34 0.36
630 167 194 13 33 0.52
630 170 194 13 32 0.38
631 164 195 14 32 0.67
633 161 194 11 34 0.41
633 164 193 11 35 0.34
634 156 192 17 39 0.53
636 155 195 12 34 0.33
637 150 196 12 34 0.49
637 153 196 13 33 0.41
641 144 197 13 33 0.45
642 138 196 13 36 0.62
642 142 195 13 36 0.42
673 10 195 19 59 0.39
676 8 219 10 35 0.32
709 0 204 13 53 0.52
848 5 201 13 45 0.35
882 357 168 11 34 0.32
952 399 185 8 31 0.33
971 407 179 11 37 0.32
985 405 171 12 44 0.62
985 474 139 13 42 0.46
987 393 126 20 87 0.33
995 488 133 20 45 0.39
997 406 131 17 84 0.35
999 464 108 13 54 0.35
1000 401 113 26 101 0.39
1004 510 124 18 47 0.33
1012 457 158 16 46 0.39
1012 500 119 30 56 0.35
1016 464 150 14 54 0.53
1017 464 149 16 62 0.59
1017 268 176 12 21 0.34
1019 465 151 15 59 0.63
1020 466 153 16 60 0.38
1021 464 154 18 64 0.65
1022 468 147 16 66 0.79
1023 469 148 16 66 0.74
1024 469 151 16 64 0.73
1025 469 153 18 67 0.71
1026 467 151 19 67 0.69
1027 469 149 20 71 0.85
1028 469 149 17 69 0.69
1029 471 147 19 78 0.80
1030 469 149 23 73 0.75
1031 472 148 20 74 0.72
1032 474 149 20 74 0.85
1032 125 71 15 34 0.61
1033 475 148 21 76 0.93
1034 478 152 17 72 0.88
1035 477 149 19 77 0.87
1035 443 169 15 53 0.32
1035 448 172 21 52 0.32
1036 478 144 19 84 0.88
1037 479 149 23 79 0.84
1038 480 145 20 81 0.79
1039 481 143 20 84 0.76
1040 485 146 19 82 0.78
1041 485 146 21 82 0.82
1042 485 144 22 87 0.89
1042 447 169 17 43 0.32
1043 487 146 20 87 0.87
1043 448 168 19 53 0.48
1043 461 169 21 60 0.35
1044 490 151 20 80 0.61
1045 487 145 24 89 0.81
1046 488 145 25 90 0.89
1046 539 117 27 98 0.33
1047 489 146 26 88 0.85
1048 488 146 27 88 0.88
1049 492 146 26 88 0.90
1050 493 149 26 84 0.63
1050 566 99 19 68 0.36
1051 497 145 24 87 0.76
1051 565 99 26 74 0.39
1052 498 148 22 82 0.48
1053 496 144 25 87 0.83
1054 497 145 25 86 0.68
1054 506 155 22 80 0.53
1055 499 147 27 91 0.85
1056 499 147 27 91 0.81
1057 502 150 26 89 0.86
1058 502 146 30 94 0.92
1059 500 149 33 90 0.36
1060 505 151 29 90 0.72
1061 505 145 31 99 0.90
1062 513 151 24 90 0.42
1063 509 156 32 85 0.59
1064 510 153 32 86 0.35
1065 509 150 33 94 0.64
1065 481 135 55 107 0.43
1066 511 154 35 92 0.72
1067 513 145 32 100 0.75
1068 508 146 37 97 0.67
1069 511 151 36 89 0.84
1070 508 148 40 98 0.88
1071 508 149 40 90 0.78
1072 509 151 39 89 0.83
1072 450 108 14 26 0.36
1073 510 153 36 80 0.68
1074 506 147 40 85 0.41
1075 502 150 43 81 0.61
1076 448 161 51 80 0.43
1076 502 146 46 90 0.38
1080 500 145 38 98 0.49
1081 498 145 40 103 0.51
1081 592 92 39 166 0.41
1082 595 89 38 176 0.39
1082 502 136 32 109 0.33
1083 499 137 36 117 0.86
1084 492 137 41 111 0.86
1084 600 87 36 183 0.33
1085 493 139 43 118 0.86
1085 603 85 34 191 0.69
1086 489 142 52 113 0.97
1086 603 86 33 185 0.52
1086 487 137 29 111 0.34
1087 489 145 53 110 0.88
1088 491 150 51 110 0.98
1089 490 148 55 109 0.96
1090 490 145 57 112 0.95
1090 489 137 19 58 0.35
1090 471 148 18 62 0.35
1090 487 138 22 84 0.33
1091 485 132 62 126 0.98
1092 485 142 47 119 0.87
1092 485 137 26 124 0.40
1093 484 139 29 125 0.84
1093 529 236 6 19 0.47
1094 477 132 36 137 0.99
1095 474 133 42 137 0.99
1095 520 233 8 20 0.44
1096 476 138 39 131 0.98
1096 471 134 28 106 0.43
1096 514 233 10 21 0.39
1097 471 132 47 138 0.98
1098 468 131 45 139 0.99
1099 468 133 43 137 0.98
1100 464 133 47 140 0.98
1101 461 135 53 139 0.98
1102 456 133 57 138 0.99
1102 455 136 37 133 0.50
1103 451 133 65 141 0.99
1104 447 136 72 140 0.99
1105 443 136 76 139 1.00
1106 444 142 78 134 0.99
1106 616 201 14 65 0.49
1107 437 141 83 135 0.99
1108 438 140 80 139 0.99
1109 438 138 71 140 0.96
1110 434 134 73 144 0.97
1111 432 140 67 142 0.99
1112 427 134 61 143 0.99
1112 513 154 22 97 0.42
1113 430 140 45 141 0.98
1114 420 130 49 158 0.98
1115 419 133 50 150 0.99
1116 415 135 51 152 0.99
1117 408 132 68 156 0.99
1118 400 131 76 156 1.00
1119 397 152 84 137 0.97
1119 415 140 22 51 0.61
1120 392 136 84 151 1.00
1121 388 160 90 127 0.99
1121 398 135 28 55 0.32
1122 384 151 94 138 0.99
1123 380 151 85 139 1.00
1124 380 145 89 146 0.97
1125 373 170 72 119 0.95
1125 385 135 23 58 0.69
1126 364 165 83 123 0.99
1126 436 256 12 31 0.60
1126 379 137 26 57 0.56
1127 366 149 70 145 0.99
1127 428 256 12 31 0.52
1127 375 136 23 56 0.40
1128 367 142 56 150 0.99
1129 360 137 45 159 0.99
1130 360 128 46 165 0.99
1131 349 130 49 167 0.99
1132 345 131 50 166 0.99
1133 345 129 49 165 0.99
1134 337 129 59 168 0.99
1135 331 132 65 166 0.99
1136 323 127 74 173 1.00
1137 314 126 84 174 1.00
1138 311 124 84 175 1.00
1139 305 125 90 178 0.99
1140 297 127 87 174 0.98
1141 296 126 83 173 0.99
1142 291 127 85 178 1.00
1143 289 127 80 174 0.99
1144 283 126 80 182 0.99
1145 281 126 69 179 0.99
1146 280 122 63 183 1.00
1147 274 121 55 185 0.99
1148 273 116 48 193 0.99
1149 265 123 50 188 1.00
1150 259 122 56 188 0.99
1151 249 122 68 187 1.00
1152 244 124 66 186 0.99
1153 223 130 93 184 1.00
1154 223 132 92 179 1.00
1155 216 127 101 189 1.00
1156 212 139 104 173 1.00
1157 211 129 98 187 1.00
1158 205 132 104 183 0.99
1159 197 124 99 190 1.00
1160 195 132 89 186 1.00
1161 195 125 72 190 0.99
1162 183 124 75 199 1.00
1163 170 120 81 195 1.00
1164 173 120 63 198 1.00
1165 165 122 64 204 1.00
1166 167 121 60 203 1.00
1167 163 120 65 201 0.98
1168 151 125 71 196 0.99
1169 143 127 80 196 0.99
1170 118 124 105 205 1.00
1171 134 128 90 192 0.97
1172 113 128 110 200 0.99
1173 115 128 97 196 0.98
1174 114 136 101 190 0.99
1175 107 134 98 194 1.00
1176 104 132 98 191 1.00
1177 101 130 90 198 1.00
1177 350 157 8 30 0.33
1178 92 129 87 203 1.00
1179 90 127 80 206 1.00
1180 85 125 71 203 1.00
1181 81 128 58 192 0.99
1182 72 123 62 206 1.00
1183 64 125 64 201 0.99
1184 57 127 73 198 0.99
1185 50 127 82 199 1.00
1186 45 137 88 192 1.00
1187 39 132 92 195 1.00
1188 30 133 103 199 1.00
1189 18 132 112 203 1.00
1190 17 131 112 204 1.00
1191 7 132 118 206 1.00
1192 5 135 114 199 1.00
1193 5 131 104 204 1.00
1194 2 134 96 197 1.00
1195 3 137 82 200 1.00
1196 0 133 71 206 1.00
1197 1 133 58 205 1.00
1197 352 161 7 27 0.36
1198 0 131 46 205 0.99
1199 2 137 40 193 0.97
1200 1 141 36 194 0.95
1201 2 150 43 192 0.95
1202 0 162 41 179 0.95
1203 1 198 40 140 0.96
1204 0 208 41 134 0.98
1205 0 217 41 124 0.93
1206 0 234 37 109 0.71
1213 350 157 8 31 0.47
1298 44 176 22 46 0.37
1302 46 179 16 44 0.34
1318 45 176 17 48 0.53
1391 351 163 7 32 0.38
1407 350 165 8 32 0.31
1435 350 166 8 28 0.34
1453 349 162 9 32 0.37
1455 349 165 9 29 0.38
1479 349 164 8 28 0.32
1511 349 168 9 24 0.32
1521 349 163 9 29 0.52
1521 353 162 9 32 0.47
1555 47 177 17 50 0.50
1625 350 165 8 32 0.40
1632 349 166 9 31 0.40
1655 594 89 42 227 0.34
1656 594 103 39 206 0.68
1658 597 134 35 142 0.60
1662 341 170 8 32 0.31
1679 553 167 26 85 0.53
1681 556 167 27 89 0.73
1687 339 171 9 35 0.32
1690 490 142 16 37 0.55
1691 341 170 12 38 0.65
1694 341 169 9 35 0.34
1694 347 171 9 35 0.33
1703 521 94 19 65 0.39
1704 347 169 11 39 0.38
1704 345 168 10 38 0.34
1706 345 169 10 38 0.42
1706 349 170 9 38 0.41
1719 554 157 62 155 0.44
1726 0 247 23 164 0.32
1728 351 167 9 38 0.38
1754 354 167 15 46 0.34
1754 349 166 15 44 0.33
1758 354 167 15 46 0.39
1770 347 162 16 48 0.47
1770 352 162 15 51 0.35
1836 411 127 24 62 0.69
