0,15.832,18.068
1,15.831,18.069
2,15.837,18.089
3,15.861,18.111
4,15.858,18.118
5,15.842,18.068
6,15.876,18.115
7,15.845,18.071
8,15.898,18.086
9,15.943,18.149
10,16.005,18.198
11,16.050,18.284
12,16.128,18.335
13,16.181,18.387
14,16.190,18.357
15,16.233,18.410
16,16.256,18.423
17,16.305,18.482
18,16.296,18.470
19,16.289,18.470
20,16.359,18.551
21,16.299,18.470
22,16.273,18.426
23,16.232,18.365
24,16.219,18.375
25,16.192,18.316
26,16.157,18.273
27,16.182,18.310
28,16.165,18.290
29,16.017,18.116
30,16.007,18.112
31,15.914,18.014
32,15.952,18.089
33,15.853,17.975
34,15.811,17.950
35,15.701,17.837
36,15.595,17.739
37,15.445,17.585
38,15.301,17.413
39,15.190,17.341
40,15.031,17.180
41,14.912,17.060
42,14.697,16.853
43,14.502,16.657
44,14.524,16.729
45,14.282,16.479
46,14.033,16.239
47,14.275,16.545
48,14.389,16.679
49,14.556,16.878
50,14.529,16.820
51,14.601,16.901
52,14.679,16.977
53,14.755,17.083
54,14.840,17.170
55,14.964,17.307
56,14.864,17.217
57,14.861,17.199
58,12.697,14.340
59,13.591,15.234
60,13.774,15.405
61,13.994,15.599
62,14.217,15.832
63,14.339,15.951
64,14.546,16.133
65,14.701,16.306
66,14.893,16.483
67,15.072,16.663
68,15.306,16.916
69,15.438,17.045
70,15.592,17.208
71,15.732,17.365
72,15.832,17.460
73,15.935,17.576
74,16.076,17.721
75,16.148,17.790
76,16.282,17.947
77,16.331,17.988
78,16.403,18.104
79,16.461,18.154
80,16.504,18.177
81,16.564,18.268
82,16.582,18.295
83,16.617,18.323
84,16.642,18.356
85,16.663,18.366
86,16.726,18.442
87,16.774,18.491
88,16.817,18.549
89,16.905,18.659
90,16.973,18.731
91,17.014,18.769
92,17.067,18.837
93,17.110,18.876
94,17.162,18.942
95,17.202,18.984
96,17.247,19.059
97,17.289,19.081
98,17.316,19.110
99,17.337,19.148
100,17.364,19.163
101,17.367,19.166
102,17.402,19.209
103,17.378,19.181
104,17.420,19.215
105,17.418,19.215
106,17.422,19.205
107,17.389,19.165
108,17.420,19.218
109,17.339,19.110
110,17.330,19.107
111,17.337,19.101
112,17.313,19.055
113,17.309,19.058
114,17.293,19.051
115,17.316,19.085
116,17.255,18.987
117,17.280,19.031
118,17.266,19.011
119,17.199,18.929
120,17.166,18.884
121,17.187,18.917
122,17.164,18.881
123,17.141,18.836
124,17.117,18.814
125,17.052,18.747
126,17.041,18.724
127,16.982,18.678
128,16.946,18.616
129,16.955,18.640
130,16.930,18.612
131,16.912,18.595
132,16.897,18.564
133,16.892,18.571
134,16.856,18.512
135,16.807,18.457
136,16.812,18.446
137,16.772,18.399
138,16.768,18.410
139,16.772,18.411
140,16.739,18.352
141,16.743,18.384
142,16.726,18.339
143,16.702,18.291
144,16.751,18.343
145,16.682,18.248
146,16.755,18.352
147,16.746,18.307
148,16.762,18.333
149,16.738,18.291
150,16.735,18.257
151,16.758,18.266
152,16.692,18.192
153,16.635,18.107
154,16.623,18.117
155,16.610,18.109
156,16.573,18.071
157,16.500,18.001
158,16.408,17.874
159,16.383,17.830
160,16.424,17.932
161,16.344,17.846
162,16.290,17.777
163,16.233,17.722
164,16.185,17.690
165,16.174,17.664
166,16.111,17.594
167,16.076,17.557
168,16.004,17.482
169,16.023,17.523
170,15.984,17.478
171,15.957,17.465
172,15.915,17.388
173,15.872,17.361
174,15.831,17.310
175,15.782,17.270
176,15.777,17.260
177,15.758,17.240
178,15.751,17.237
179,15.694,17.176
180,15.720,17.206
181,15.686,17.180
182,15.692,17.206
183,15.675,17.189
184,15.661,17.186
185,15.623,17.139
186,15.649,17.176
187,15.652,17.169
188,15.612,17.143
189,15.567,17.104
190,15.544,17.058
191,15.528,17.050
192,15.490,17.000
193,15.465,16.980
194,15.407,16.910
195,15.416,16.925
196,15.395,16.903
197,15.402,16.915
198,15.380,16.892
199,15.370,16.884
200,15.379,16.891
201,15.348,16.865
202,15.350,16.853
203,15.379,16.904
204,15.358,16.880
205,15.311,16.805
206,15.325,16.847
207,15.388,16.921
208,15.321,16.838
209,15.343,16.877
210,15.303,16.813
211,15.331,16.877
212,15.323,16.856
213,15.241,16.752
214,15.315,16.855
215,15.258,16.767
216,15.276,16.810
217,15.200,16.717
218,15.245,16.772
219,15.181,16.696
220,15.195,16.728
221,15.212,16.748
222,15.208,16.756
223,15.145,16.656
224,15.172,16.714
225,15.169,16.715
226,15.180,16.727
227,15.138,16.658
228,15.142,16.657
229,15.137,16.670
230,15.133,16.667
231,15.183,16.732
232,15.180,16.719
233,15.148,16.692
234,15.197,16.749
235,15.191,16.734
236,15.216,16.779
237,15.227,16.776
238,15.255,16.811
239,15.287,16.842
240,15.305,16.869
241,15.334,16.890
242,15.366,16.921
243,15.400,16.967
244,15.443,17.015
245,15.427,16.996
246,15.497,17.089
247,15.476,17.056
248,15.499,17.070
249,15.499,17.081
250,15.589,17.177
251,15.593,17.201
252,15.656,17.268
253,15.616,17.242
254,15.658,17.302
255,15.714,17.361
256,15.734,17.391
257,15.675,17.352
258,15.704,17.379
259,15.767,17.460
260,15.777,17.470
261,15.735,17.403
262,15.710,17.400
263,15.705,17.385
264,15.677,17.343
265,15.690,17.362
266,15.655,17.325
267,15.671,17.348
268,15.596,17.257
269,15.655,17.325
270,15.635,17.297
271,15.622,17.297
272,15.599,17.270
273,15.599,17.284
274,15.552,17.224
275,15.523,17.194
276,15.527,17.198
277,15.526,17.185
278,15.470,17.126
279,15.453,17.106
280,15.450,17.117
281,15.406,17.074
282,15.426,17.091
283,15.413,17.063
284,15.435,17.093
285,15.415,17.061
286,15.443,17.119
287,15.417,17.069
288,15.393,17.056
289,15.396,17.036
290,15.400,17.045
291,15.391,17.051
292,15.372,17.020
293,15.370,17.030
294,15.373,17.038
295,15.394,17.068
296,15.374,17.042
297,15.353,17.011
298,15.354,17.006
299,15.391,17.065
300,15.375,17.040
301,15.407,17.091
302,15.359,17.039
303,15.328,16.996
304,15.334,17.017
305,15.329,16.996
306,15.339,17.008
307,15.312,16.978
308,15.319,16.979
309,15.312,16.973
310,15.321,16.997
311,15.350,17.013
312,15.445,17.122
313,15.494,17.178
314,15.504,17.221
315,15.493,17.220
316,15.494,17.231
317,15.516,17.244
318,15.504,17.247
319,15.459,17.181
320,15.471,17.183
321,15.489,17.224
322,15.459,17.203
323,15.450,17.193
324,15.491,17.233
325,15.455,17.187
326,15.476,17.226
327,15.452,17.220
328,15.463,17.217
329,15.437,17.188
330,15.407,17.150
331,15.426,17.187
332,15.399,17.149
333,15.370,17.135
334,15.361,17.130
335,15.324,17.088
336,15.333,17.107
337,15.284,17.070
338,15.264,17.042
339,15.211,17.009
340,15.219,17.019
341,15.189,16.983
342,15.154,16.954
343,15.162,16.968
344,15.279,17.076
345,15.336,17.140
346,15.327,17.141
347,15.259,17.071
348,15.271,17.084
349,15.255,17.066
350,15.233,17.050
351,15.233,17.054
352,15.215,17.040
353,15.217,17.036
354,15.229,17.045
355,15.233,17.039
356,15.221,17.035
357,15.222,17.035
358,15.241,17.063
359,15.231,17.046
360,15.245,17.067
361,15.249,17.072
362,15.242,17.080
363,15.261,17.077
364,15.284,17.098
365,15.280,17.087
366,15.261,17.060
367,15.261,17.037
368,15.311,17.116
369,15.257,17.042
370,15.275,17.064
371,15.258,17.051
372,15.275,17.071
373,15.269,17.059
374,15.297,17.087
375,15.278,17.066
376,15.304,17.088
377,15.318,17.093
378,15.314,17.112
379,15.342,17.122
380,15.396,17.200
381,15.392,17.198
382,15.415,17.235
383,15.429,17.262
384,15.453,17.275
385,15.448,17.277
386,15.416,17.222
387,15.424,17.228
388,15.452,17.267
389,15.452,17.256
390,15.461,17.257
391,15.443,17.213
392,15.487,17.265
393,15.478,17.268
394,15.517,17.307
395,15.537,17.316
396,15.519,17.325
397,15.351,17.089
398,15.361,17.108
399,15.394,17.186
400,15.387,17.184
401,15.420,17.230
402,15.353,17.164
403,15.368,17.215
404,15.353,17.207
405,15.369,17.234
406,15.373,17.252
407,15.452,17.329
408,15.437,17.319
409,15.550,17.449
410,15.483,17.364
411,15.500,17.382
412,15.486,17.373
413,15.513,17.405
414,15.566,17.447
415,15.635,17.534
416,15.696,17.617
417,15.720,17.622
418,15.725,17.618
419,15.765,17.648
420,15.845,17.733
421,15.857,17.752
422,15.889,17.813
423,15.805,17.721
424,15.779,17.689
425,15.749,17.655
426,15.763,17.692
427,15.676,17.590
428,15.683,17.607
429,15.665,17.600
430,15.641,17.570
431,15.666,17.616
432,15.572,17.527
433,15.508,17.457
434,15.491,17.447
435,15.501,17.459
436,15.495,17.450
437,15.460,17.407
438,15.507,17.466
439,15.502,17.463
440,15.504,17.451
441,15.491,17.441
442,15.478,17.430
443,15.473,17.432
444,15.463,17.410
445,15.442,17.399
446,15.456,17.404
447,15.449,17.378
448,15.459,17.394
449,15.473,17.417
450,15.510,17.444
451,15.567,17.495
452,15.587,17.520
453,15.627,17.572
454,15.652,17.592
455,15.640,17.570
456,15.633,17.572
457,15.667,17.593
458,15.751,17.696
459,15.798,17.745
460,15.824,17.786
461,15.888,17.854
462,15.923,17.892
463,15.919,17.885
464,15.969,17.945
465,15.987,17.959
466,16.008,17.987
467,16.033,18.001
468,16.031,17.987
469,16.028,17.988
470,16.070,18.039
471,16.066,18.034
472,16.052,18.007
473,16.082,18.045
474,16.092,18.032
475,16.117,18.074
476,15.996,17.947
477,15.974,17.916
478,15.954,17.903
479,16.006,17.957
480,16.011,17.953
481,16.039,17.994
482,16.014,17.970
483,16.027,17.969
484,16.002,17.952
485,16.024,17.971
486,15.979,17.939
487,15.980,17.922
488,15.935,17.870
489,15.944,17.886
490,15.962,17.922
491,15.918,17.859
492,15.943,17.904
493,15.930,17.906
494,15.906,17.867
495,15.895,17.858
496,15.908,17.843
497,15.886,17.825
498,15.878,17.815
499,15.893,17.842
500,15.863,17.819
501,15.861,17.810
502,15.873,17.823
503,15.887,17.843
504,15.864,17.810
505,15.885,17.839
506,15.899,17.843
507,15.872,17.802
508,15.856,17.792
509,15.843,17.785
510,15.832,17.758
511,15.791,17.728
512,15.771,17.697
513,15.730,17.641
514,15.713,17.620
515,15.699,17.613
516,15.705,17.640
517,15.678,17.588
518,15.657,17.558
519,15.647,17.556
520,15.629,17.531
521,15.609,17.505
522,15.625,17.527
523,15.590,17.492
524,15.596,17.484
525,15.596,17.492
526,15.615,17.503
527,15.613,17.510
528,15.576,17.475
529,15.553,17.456
530,15.584,17.471
531,15.548,17.449
532,15.547,17.434
533,15.540,17.422
534,15.531,17.402
535,15.509,17.403
536,15.496,17.378
537,15.505,17.396
538,15.509,17.411
539,15.515,17.410
540,15.519,17.418
541,15.531,17.418
542,15.529,17.416
543,15.602,17.530
544,15.589,17.489
545,15.563,17.433
546,15.568,17.431
547,15.560,17.431
548,15.559,17.451
549,15.549,17.451
550,15.547,17.433
551,15.534,17.435
552,15.504,17.407
553,15.468,17.385
554,15.475,17.363
555,15.451,17.343
556,15.487,17.368
557,15.475,17.346
558,15.466,17.340
559,15.361,17.190
560,15.362,17.179
561,15.364,17.199
562,15.469,17.351
563,15.475,17.355
564,15.460,17.351
565,15.438,17.306
566,15.440,17.311
567,15.441,17.316
568,15.343,17.167
569,15.370,17.181
570,15.343,17.172
571,15.449,17.334
572,15.462,17.335
573,15.479,17.350
574,15.443,17.307
575,15.417,17.271
576,15.427,17.274
577,15.429,17.280
578,15.429,17.292
579,15.420,17.268
580,15.440,17.303
581,15.431,17.266
582,15.473,17.343
583,15.464,17.313
584,15.499,17.351
585,15.517,17.376
586,15.499,17.373
587,15.420,17.297
588,15.470,17.357
589,15.469,17.340
590,15.432,17.310
591,15.397,17.258
592,15.398,17.251
593,15.399,17.263
594,15.414,17.287
595,15.452,17.332
596,15.461,17.324
597,15.525,17.393
598,15.485,17.320
599,15.594,17.476
600,15.457,17.296
601,15.355,17.229
602,15.338,17.207
603,15.299,17.161
604,15.305,17.159
605,15.325,17.197
606,15.321,17.194
607,15.351,17.225
608,15.349,17.211
609,15.339,17.189
610,15.365,17.246
611,15.401,17.289
612,15.422,17.318
613,15.456,17.378
614,15.503,17.444
615,15.512,17.439
616,15.576,17.532
617,15.583,17.545
618,15.604,17.549
619,15.614,17.581
620,15.639,17.612
621,15.638,17.607
622,15.646,17.636
623,15.641,17.616
624,15.669,17.654
625,15.668,17.638
626,15.687,17.702
627,15.695,17.711
628,15.693,17.699
629,15.697,17.690
630,15.672,17.653
631,15.665,17.639
632,15.640,17.603
633,15.663,17.644
634,15.710,17.729
635,15.598,17.542
636,15.732,17.775
637,15.626,17.603
638,15.518,17.452
639,15.529,17.497
640,15.432,17.387
641,15.609,17.599
642,15.656,17.614
643,15.711,17.663
644,15.884,17.850
645,15.960,17.952
646,16.027,18.019
647,15.983,17.970
648,15.972,17.948
649,15.995,17.961
650,16.011,17.983
651,16.060,18.031
652,16.023,17.938
653,16.224,18.216
654,16.344,18.354
655,16.390,18.386
656,16.463,18.474
657,16.451,18.454
658,16.476,18.447
659,16.351,18.312
660,16.349,18.275
661,16.395,18.331
662,16.346,18.297
663,16.320,18.252
664,16.320,18.276
665,16.288,18.267
666,16.155,18.110
667,16.080,18.070
668,16.064,18.040
669,16.021,17.982
670,16.091,18.051
671,16.113,18.101
672,16.115,18.086
673,16.123,18.101
674,16.023,17.994
675,15.991,17.938
676,16.052,18.056
677,16.103,18.125
678,16.026,18.009
679,15.978,18.004
680,15.962,17.978
681,15.992,18.004
682,16.020,18.047
683,15.965,17.977
684,15.968,17.969
685,16.004,18.010
686,15.997,17.996
687,16.024,18.028
688,16.089,18.107
689,16.085,18.101
690,16.095,18.106
691,16.077,18.073
692,16.060,18.053
693,16.124,18.093
694,16.103,18.091
695,16.101,18.110
696,16.122,18.139
697,16.120,18.138
698,16.097,18.102
699,16.129,18.122
700,16.130,18.120
701,16.163,18.160
702,16.216,18.225
703,16.294,18.333
704,16.219,18.169
705,16.371,18.390
706,16.387,18.449
707,16.348,18.378
708,16.313,18.312
709,16.288,18.299
710,16.302,18.327
711,16.290,18.311
712,16.252,18.259
713,16.272,18.293
714,16.248,18.273
715,16.252,18.269
716,16.274,18.284
717,16.266,18.263
718,16.308,18.340
719,16.306,18.321
720,16.148,18.096
721,16.133,18.085
722,16.160,18.100
723,16.342,18.399
724,16.343,18.379
725,16.319,18.350
726,16.344,18.368
727,16.322,18.339
728,16.301,18.337
729,16.290,18.306
730,16.241,18.260
731,16.237,18.232
732,16.190,18.187
733,16.171,18.164
734,16.150,18.103
735,16.089,18.057
736,16.049,18.001
737,16.019,17.993
738,16.023,17.977
739,15.991,17.947
740,15.964,17.899
741,15.982,17.949
742,15.949,17.890
743,16.086,18.067
744,16.148,18.135
745,16.079,18.051
746,16.005,17.981
747,15.975,17.944
748,15.947,17.920
749,16.106,18.088
750,16.134,18.126
751,16.179,18.191
752,16.133,18.122
753,16.071,18.009
754,16.253,18.281
755,16.169,18.175
756,16.173,18.162
757,16.175,18.164
758,16.180,18.180
759,16.171,18.165
760,16.183,18.186
761,16.193,18.194
762,16.201,18.206
763,16.226,18.249
764,16.057,18.014
765,16.061,18.012
766,16.210,18.256
767,16.324,18.375
768,16.318,18.354
769,16.312,18.350
770,16.239,18.263
771,16.251,18.293
772,16.235,18.284
773,16.194,18.238
774,16.162,18.204
775,16.146,18.200
776,16.130,18.163
777,16.158,18.206
778,16.223,18.287
779,16.235,18.299
780,16.254,18.316
781,16.302,18.356
782,16.330,18.408
783,16.398,18.482
784,16.437,18.512
785,16.339,18.408
786,16.303,18.351
787,16.349,18.394
788,16.278,18.331
789,16.294,18.341
790,16.345,18.399
791,16.339,18.385
792,16.360,18.402
793,16.379,18.437
794,16.373,18.401
795,16.360,18.379
796,16.383,18.410
797,16.380,18.416
798,16.369,18.401
799,16.378,18.408
800,16.352,18.379
801,16.309,18.311
802,16.328,18.344
803,16.258,18.282
804,16.211,18.205
805,16.187,18.165
806,16.206,18.207
807,16.226,18.230
808,16.244,18.243
809,16.270,18.277
810,16.255,18.252
811,16.257,18.258
812,16.287,18.290
813,16.301,18.295
814,16.299,18.315
815,16.300,18.306
816,16.327,18.350
817,16.329,18.377
818,16.303,18.352
819,16.323,18.367
820,16.301,18.352
821,16.289,18.353
822,16.234,18.298
823,16.261,18.336
824,16.269,18.347
825,16.295,18.383
826,16.329,18.419
827,16.344,18.435
828,16.408,18.532
829,16.396,18.502
830,16.431,18.547
831,16.478,18.615
832,16.421,18.529
833,16.449,18.565
834,16.410,18.505
835,16.462,18.584
836,16.475,18.579
837,16.457,18.550
838,16.448,18.552
839,16.504,18.658
840,16.452,18.585
841,16.416,18.537
842,16.424,18.554
843,16.417,18.553
844,16.421,18.586
845,16.407,18.569
846,16.393,18.548
847,16.424,18.634
848,16.410,18.604
849,16.396,18.577
850,16.386,18.554
851,16.375,18.578
852,16.360,18.567
853,16.331,18.529
854,16.327,18.550
855,16.299,18.485
856,16.277,18.478
857,16.269,18.458
858,16.239,18.448
859,16.216,18.424
860,16.189,18.388
861,16.176,18.370
862,16.154,18.328
863,16.186,18.403
864,16.146,18.361
865,16.122,18.310
866,16.097,18.309
867,16.072,18.264
868,16.052,18.231
869,16.025,18.223
870,16.004,18.197
871,15.956,18.151
872,15.945,18.133
873,15.935,18.141
874,15.896,18.099
875,16.012,18.225
876,16.053,18.283
877,16.016,18.241
878,15.985,18.234
879,15.890,18.082
880,15.881,18.114
881,15.991,18.219
882,15.984,18.186
883,15.986,18.176
884,16.150,18.372
885,16.154,18.349
886,16.183,18.370
887,16.156,18.355
888,16.173,18.393
889,16.158,18.349
890,16.151,18.354
891,16.136,18.322
892,16.171,18.373
893,16.192,18.427
894,16.186,18.417
895,16.216,18.465
896,16.217,18.459
897,16.267,18.530
898,16.151,18.369
899,16.066,18.213
900,16.012,18.148
901,16.039,18.187
902,16.041,18.182
903,16.084,18.242
904,16.143,18.318
905,16.176,18.320
906,16.210,18.386
907,16.237,18.396
908,16.274,18.448
909,16.315,18.489
910,16.378,18.548
911,16.399,18.563
912,16.453,18.622
913,16.475,18.631
914,16.507,18.682
915,16.533,18.694
916,16.571,18.733
917,16.597,18.765
918,16.638,18.796
919,16.653,18.808
920,16.713,18.872
921,16.746,18.926
922,16.797,18.970
923,16.665,18.837
924,16.680,18.874
925,16.695,18.878
926,16.644,18.832
927,16.712,18.894
928,16.721,18.906
929,16.721,18.954
930,16.678,18.862
931,16.667,18.875
932,16.670,18.869
933,16.710,18.916
934,16.733,18.968
935,16.712,18.945
936,16.713,18.947
937,16.697,18.917
938,16.697,18.910
939,16.713,18.921
940,16.710,18.928
941,16.719,18.919
942,16.724,18.929
943,16.681,18.880
944,16.705,18.902
945,16.690,18.865
946,16.723,18.926
947,16.704,18.869
948,16.725,18.871
949,16.758,18.911
950,16.793,18.950
951,16.808,18.971
952,16.795,18.949
953,16.840,18.995
954,16.853,18.991
955,16.840,18.948
956,16.857,18.956
957,16.896,19.027
958,16.906,19.018
959,16.873,18.968
960,16.855,18.956
961,16.884,18.973
962,16.851,18.914
963,16.856,18.911
964,16.865,18.937
965,16.912,18.966
966,16.911,18.959
967,16.868,18.904
968,16.935,18.983
969,16.903,18.941
970,16.876,18.907
971,16.881,18.899
972,16.855,18.870
973,16.834,18.844
974,16.841,18.860
975,16.787,18.783
976,16.796,18.795
977,16.789,18.802
978,16.758,18.750
979,16.797,18.825
980,16.809,18.838
981,16.780,18.789
982,16.798,18.819
983,16.824,18.865
984,16.754,18.779
985,16.811,18.852
986,16.760,18.801
987,16.789,18.854
988,16.667,18.690
989,16.662,18.713
990,16.601,18.611
991,16.644,18.676
992,16.644,18.712
993,16.595,18.624
994,16.644,18.716
995,16.523,18.563
996,16.539,18.595
997,16.500,18.543
998,16.511,18.564
999,16.461,18.488
1000,16.508,18.548
1001,16.436,18.468
1002,16.490,18.575
1003,16.437,18.478
1004,16.358,18.398
1005,16.407,18.493
1006,16.295,18.362
1007,16.260,18.330
1008,16.249,18.346
1009,16.158,18.229
1010,16.137,18.181
1011,16.099,18.162
1012,16.113,18.214
1013,16.080,18.141
1014,16.190,18.396
1015,16.006,18.088
1016,15.961,18.041
1017,16.101,18.301
1018,15.909,17.981
1019,15.860,17.927
1020,15.876,17.975
1021,15.908,18.046
1022,15.777,17.849
1023,15.825,17.912
1024,15.784,17.871
1025,15.942,18.143
1026,15.875,18.030
1027,15.716,17.834
1028,15.901,18.001
1029,15.923,18.036
1030,15.961,18.082
1031,15.830,17.923
1032,15.841,17.935
1033,15.848,17.941
1034,15.850,17.947
1035,15.839,17.957
1036,15.867,17.963
1037,15.866,18.008
1038,15.854,17.981
1039,15.863,18.002
1040,16.062,18.204
1041,16.065,18.204
1042,16.159,18.310
1043,16.101,18.223
1044,16.091,18.233
1045,16.064,18.207
1046,16.029,18.161
1047,15.903,18.036
1048,15.932,18.062
1049,16.050,18.171
1050,16.067,18.163
1051,16.174,18.332
1052,16.081,18.216
1053,16.074,18.214
1054,16.019,18.145
1055,15.978,18.106
1056,16.000,18.110
1057,15.954,18.060
1058,15.948,18.050
1059,15.897,17.981
1060,15.916,18.005
1061,15.934,18.015
1062,15.950,18.011
1063,15.889,17.960
1064,15.875,17.926
1065,15.938,18.006
1066,15.931,18.002
1067,15.998,18.096
1068,16.085,18.193
1069,16.183,18.293
1070,16.306,18.432
1071,16.381,18.496
1072,16.429,18.541
1073,16.530,18.657
1074,16.609,18.738
1075,16.658,18.777
1076,16.461,18.552
1077,16.516,18.623
1078,16.449,18.558
1079,16.477,18.573
1080,16.458,18.554
1081,16.437,18.530
1082,16.310,18.387
1083,16.281,18.336
1084,16.345,18.425
1085,16.331,18.419
1086,16.340,18.428
1087,16.297,18.387
1088,16.293,18.392
1089,16.262,18.334
1090,16.313,18.432
1091,16.265,18.369
1092,16.308,18.442
1093,16.287,18.410
1094,16.353,18.506
1095,16.352,18.501
1096,16.339,18.473
1097,16.339,18.483
1098,16.333,18.496
1099,16.319,18.442
1100,16.291,18.398
1101,16.278,18.383
1102,16.322,18.456
1103,16.389,18.513
1104,16.375,18.504
1105,16.371,18.523
1106,16.297,18.396
1107,16.271,18.390
1108,16.389,18.604
1109,16.159,18.219
1110,16.099,18.156
1111,16.090,18.126
1112,16.189,18.296
1113,16.209,18.330
1114,16.125,18.210
1115,16.124,18.227
1116,16.095,18.173
1117,16.101,18.177
1118,16.060,18.151
1119,16.027,18.102
1120,16.081,18.184
1121,16.064,18.164
1122,16.066,18.157
1123,16.050,18.171
1124,16.050,18.160
1125,16.029,18.152
1126,15.963,18.091
1127,15.922,18.073
1128,15.832,17.931
1129,15.819,17.959
1130,15.774,17.898
1131,15.750,17.870
1132,15.705,17.819
1133,15.646,17.731
1134,15.603,17.711
1135,15.552,17.633
1136,15.557,17.668
1137,15.513,17.608
1138,15.516,17.612
1139,15.506,17.633
1140,15.481,17.576
1141,15.375,17.450
1142,15.366,17.474
1143,15.311,17.418
1144,15.254,17.334
1145,15.198,17.300
1146,15.172,17.279
1147,15.141,17.213
1148,15.131,17.214
1149,15.157,17.250
1150,15.168,17.276
1151,15.340,17.446
1152,15.379,17.488
1153,15.384,17.477
1154,15.338,17.419
1155,15.353,17.468
1156,15.317,17.422
1157,15.361,17.487
1158,15.323,17.433
1159,15.304,17.402
1160,15.288,17.397
1161,15.272,17.368
1162,15.290,17.407
1163,15.456,17.578
1164,15.525,17.631
1165,15.543,17.666
1166,15.486,17.570
1167,15.526,17.642
1168,15.600,17.742
1169,15.542,17.643
1170,15.578,17.681
1171,15.454,17.486
1172,15.433,17.455
1173,15.459,17.521
1174,15.471,17.580
1175,15.453,17.550
1176,15.471,17.598
1177,15.402,17.511
1178,15.431,17.571
1179,15.357,17.475
1180,15.320,17.435
1181,15.343,17.447
1182,15.336,17.445
1183,15.310,17.402
1184,15.316,17.442
1185,15.341,17.455
1186,15.337,17.442
1187,15.351,17.475
1188,15.335,17.451
1189,15.311,17.421
1190,15.279,17.369
1191,15.259,17.365
1192,15.248,17.361
1193,15.233,17.363
1194,15.185,17.281
1195,15.185,17.291
1196,15.167,17.271
1197,15.141,17.222
1198,15.111,17.209
1199,15.124,17.211
1200,15.108,17.206
1201,15.064,17.142
1202,15.214,17.288
1203,15.248,17.339
1204,15.277,17.348
1205,15.230,17.299
1206,15.264,17.309
1207,15.300,17.345
1208,15.312,17.348
1209,15.325,17.356
1210,15.350,17.360
1211,15.397,17.399
1212,15.435,17.464
1213,15.442,17.445
1214,15.512,17.535
1215,15.550,17.569
1216,15.647,17.676
1217,15.686,17.713
1218,15.734,17.781
1219,15.789,17.863
1220,15.577,17.613
1221,15.608,17.645
1222,15.623,17.691
1223,15.622,17.708
1224,15.597,17.637
1225,15.576,17.638
1226,15.466,17.504
1227,15.470,17.530
1228,15.503,17.570
1229,15.491,17.532
1230,15.540,17.589
1231,15.506,17.539
1232,15.524,17.570
1233,15.452,17.473
1234,15.503,17.547
1235,15.460,17.479
1236,15.488,17.539
1237,15.467,17.499
1238,15.484,17.521
1239,15.440,17.454
1240,15.469,17.503
1241,15.443,17.461
1242,15.445,17.475
1243,15.451,17.486
1244,15.415,17.435
1245,15.391,17.404
1246,15.470,17.530
1247,15.444,17.497
1248,15.477,17.542
1249,15.440,17.476
1250,15.450,17.494
1251,15.432,17.488
1252,15.414,17.479
1253,15.456,17.545
1254,15.421,17.493
1255,15.377,17.434
1256,15.367,17.441
1257,15.318,17.381
1258,15.287,17.346
1259,15.282,17.328
1260,15.291,17.351
1261,15.252,17.308
1262,15.280,17.336
1263,15.234,17.285
1264,15.219,17.271
1265,15.214,17.283
1266,15.165,17.209
1267,15.161,17.208
1268,15.136,17.149
1269,15.117,17.133
1270,15.055,17.066
1271,15.067,17.093
1272,15.049,17.067
1273,15.041,17.047
1274,14.992,16.991
1275,14.984,16.983
1276,14.938,16.931
1277,15.043,17.048
1278,15.077,17.093
1279,15.052,17.059
1280,15.119,17.102
1281,15.113,17.097
1282,15.096,17.079
1283,15.015,16.993
1284,15.014,17.006
1285,14.966,16.941
1286,15.104,17.085
1287,15.121,17.095
1288,15.137,17.146
1289,15.087,17.049
1290,15.087,17.063
1291,15.074,17.051
1292,14.997,16.959
1293,14.953,16.920
1294,14.961,16.923
1295,15.089,17.068
1296,15.123,17.102
1297,15.151,17.112
1298,15.271,17.234
1299,15.324,17.319
1300,15.374,17.375
1301,15.298,17.300
1302,15.272,17.276
1303,15.306,17.301
1304,15.395,17.359
1305,15.499,17.483
1306,15.611,17.586
1307,15.666,17.644
1308,15.795,17.757
1309,15.896,17.851
1310,15.996,17.935
1311,16.109,18.036
1312,16.218,18.140
1313,16.146,18.079
1314,16.172,18.110
1315,16.167,18.097
1316,16.155,18.095
1317,16.161,18.085
1318,16.140,18.044
1319,16.131,18.054
1320,16.125,18.052
1321,16.007,17.908
1322,16.016,17.918
1323,15.966,17.846
1324,15.967,17.836
1325,15.967,17.834
1326,15.951,17.821
1327,15.940,17.799
1328,15.918,17.749
1329,15.919,17.745
1330,15.909,17.739
1331,15.902,17.734
1332,15.864,17.695
1333,15.866,17.682
1334,15.864,17.676
1335,15.867,17.684
1336,15.851,17.669
1337,15.817,17.639
1338,15.824,17.634
1339,15.808,17.622
1340,15.779,17.587
1341,15.764,17.552
1342,15.776,17.561
1343,15.752,17.536
1344,15.741,17.540
1345,15.725,17.511
1346,15.689,17.462
1347,15.722,17.513
1348,15.715,17.508
1349,15.727,17.503
1350,15.738,17.527
1351,15.741,17.538
1352,15.753,17.552
1353,15.742,17.561
1354,15.765,17.591
1355,15.760,17.596
1356,15.734,17.571
1357,15.715,17.556
1358,15.689,17.528
1359,15.655,17.522
1360,15.661,17.525
1361,15.640,17.498
1362,15.602,17.468
1363,15.606,17.457
1364,15.589,17.446
1365,15.570,17.413
1366,15.575,17.402
1367,15.562,17.394
1368,15.565,17.403
1369,15.515,17.341
1370,15.502,17.329
1371,15.488,17.317
1372,15.490,17.310
1373,15.483,17.314
1374,15.457,17.272
1375,15.442,17.275
1376,15.404,17.227
1377,15.406,17.236
1378,15.380,17.200
1379,15.337,17.167
1380,15.328,17.164
1381,15.302,17.129
1382,15.314,17.138
1383,15.302,17.124
1384,15.261,17.091
1385,15.228,17.060
1386,15.219,17.055
1387,15.165,16.992
1388,15.156,16.973
1389,15.168,16.993
1390,15.131,16.944
1391,15.118,16.947
1392,15.113,16.946
1393,15.047,16.869
1394,15.053,16.885
1395,15.014,16.828
1396,15.027,16.851
1397,14.982,16.804
1398,14.956,16.774
1399,14.920,16.740
1400,14.915,16.739
1401,14.869,16.694
1402,14.863,16.685
1403,15.013,16.824
1404,15.023,16.842
1405,15.038,16.860
1406,15.013,16.829
1407,14.988,16.809
1408,14.922,16.739
1409,14.966,16.778
1410,14.931,16.743
1411,14.897,16.722
1412,15.031,16.839
1413,15.093,16.922
1414,15.147,16.968
1415,15.121,16.943
1416,15.096,16.911
1417,15.112,16.935
1418,15.108,16.918
1419,15.085,16.902
1420,15.082,16.905
1421,15.058,16.866
1422,15.101,16.923
1423,15.080,16.891
1424,15.071,16.883
1425,15.073,16.872
1426,15.055,16.863
1427,15.068,16.878
1428,15.080,16.891
1429,15.078,16.879
1430,15.081,16.889
1431,15.070,16.901
1432,15.075,16.912
1433,15.083,16.912
1434,15.072,16.896
1435,15.096,16.919
1436,15.069,16.904
1437,15.065,16.888
1438,15.080,16.909
1439,15.068,16.891
1440,15.091,16.899
1441,15.090,16.922
1442,15.097,16.914
1443,15.089,16.922
1444,15.098,16.914
1445,15.090,16.910
1446,15.115,16.941
1447,15.128,16.966
1448,15.113,16.922
1449,15.103,16.921
1450,15.139,16.960
1451,15.130,16.962
1452,15.155,16.994
1453,15.190,17.007
1454,15.224,17.052
1455,15.248,17.079
1456,15.283,17.131
1457,15.287,17.121
1458,15.345,17.168
1459,15.349,17.174
1460,15.375,17.192
1461,15.399,17.243
1462,15.404,17.241
1463,15.429,17.273
1464,15.454,17.283
1465,15.475,17.295
1466,15.515,17.338
1467,15.531,17.378
1468,15.535,17.369
1469,15.586,17.430
1470,15.588,17.416
1471,15.610,17.465
1472,15.632,17.477
1473,15.652,17.479
1474,15.669,17.492
1475,15.682,17.502
1476,15.689,17.519
1477,15.696,17.518
1478,15.611,17.441
1479,15.536,17.361
1480,15.529,17.359
1481,15.588,17.406
1482,15.613,17.433
1483,15.608,17.430
1484,15.633,17.463
1485,15.631,17.456
1486,15.624,17.457
1487,15.505,17.327
1488,15.457,17.285
1489,15.437,17.265
1490,15.455,17.294
1491,15.475,17.288
1492,15.447,17.282
1493,15.452,17.274
1494,15.463,17.300
1495,15.442,17.274
1496,15.443,17.278
1497,15.435,17.269
1498,15.447,17.277
1499,15.436,17.270
1500,15.427,17.250
1501,15.432,17.258
1502,15.394,17.218
1503,15.425,17.253
1504,15.417,17.240
1505,15.412,17.237
1506,15.432,17.259
1507,15.420,17.252
1508,15.402,17.230
1509,15.420,17.244
1510,15.386,17.217
1511,15.417,17.246
1512,15.385,17.212
1513,15.393,17.221
1514,15.415,17.226
1515,15.411,17.249
1516,15.419,17.259
1517,15.398,17.230
1518,15.395,17.216
1519,15.426,17.257
1520,15.381,17.225
1521,15.418,17.253
1522,15.424,17.258
1523,15.413,17.238
1524,15.411,17.227
1525,15.425,17.269
1526,15.420,17.257
1527,15.401,17.226
1528,15.421,17.256
1529,15.422,17.260
1530,15.431,17.272
1531,15.419,17.264
1532,15.425,17.252
1533,15.426,17.260
1534,15.423,17.278
1535,15.398,17.240
1536,15.381,17.232
1537,15.347,17.185
1538,15.337,17.181
1539,15.333,17.170
1540,15.322,17.178
1541,15.290,17.128
1542,15.237,17.063
1543,15.222,17.054
1544,15.238,17.067
1545,15.203,17.021
1546,15.183,17.004
1547,15.151,16.966
1548,15.134,16.957
1549,15.118,16.950
1550,15.107,16.929
1551,15.089,16.907
1552,15.044,16.855
1553,15.000,16.811
1554,15.025,16.847
1555,15.025,16.848
1556,15.113,16.939
1557,15.123,16.953
1558,15.181,17.019
1559,15.138,16.974
1560,15.151,16.982
1561,15.146,16.982
1562,15.170,17.009
1563,15.146,16.977
1564,15.148,16.980
1565,15.160,16.993
1566,15.176,17.014
1567,15.182,17.014
1568,15.206,17.055
1569,15.205,17.058
1570,15.230,17.085
1571,15.229,17.075
1572,15.211,17.044
1573,15.256,17.097
1574,15.281,17.106
1575,15.292,17.125
1576,15.331,17.179
1577,15.339,17.185
1578,15.348,17.196
1579,15.374,17.224
1580,15.385,17.237
1581,15.413,17.265
1582,15.425,17.280
1583,15.420,17.288
1584,15.448,17.296
1585,15.453,17.319
1586,15.491,17.346
1587,15.501,17.343
1588,15.507,17.350
1589,15.563,17.406
1590,15.554,17.407
1591,15.607,17.453
1592,15.599,17.450
1593,15.612,17.464
1594,15.652,17.495
1595,15.519,17.367
1596,15.502,17.343
1597,15.453,17.271
1598,15.525,17.373
1599,15.565,17.434
1600,15.596,17.471
1601,15.567,17.429
1602,15.595,17.455
1603,15.603,17.445
1604,15.581,17.441
1605,15.609,17.472
1606,15.618,17.484
1607,15.606,17.458
1608,15.642,17.505
1609,15.649,17.523
1610,15.651,17.531
1611,15.648,17.516
1612,15.643,17.503
1613,15.637,17.517
1614,15.640,17.497
1615,15.623,17.493
1616,15.624,17.479
1617,15.605,17.472
1618,15.557,17.424
1619,15.572,17.449
1620,15.579,17.475
1621,15.555,17.450
1622,15.543,17.438
1623,15.510,17.404
1624,15.486,17.379
1625,15.476,17.387
1626,15.469,17.389
1627,15.443,17.364
1628,15.448,17.372
1629,15.436,17.370
1630,15.416,17.335
1631,15.409,17.344
1632,15.451,17.392
1633,15.420,17.360
1634,15.426,17.370
1635,15.416,17.353
1636,15.408,17.362
1637,15.366,17.306
1638,15.370,17.306
1639,15.380,17.331
1640,15.333,17.283
1641,15.313,17.244
1642,15.287,17.238
1643,15.249,17.178
1644,15.214,17.121
1645,15.167,17.070
1646,15.210,17.167
1647,15.171,17.109
1648,15.153,17.096
1649,15.161,17.106
1650,15.109,17.043
1651,15.078,17.012
1652,15.048,16.963
1653,15.029,16.951
1654,15.021,16.949
1655,14.986,16.889
1656,15.005,16.937
1657,14.922,16.824
1658,14.906,16.805
1659,14.888,16.795
1660,14.875,16.770
1661,15.024,16.932
1662,15.072,16.993
1663,15.067,17.007
1664,15.024,16.954
1665,14.984,16.912
1666,14.956,16.877
1667,14.939,16.855
1668,14.898,16.812
1669,14.942,16.884
1670,14.913,16.857
1671,14.889,16.820
1672,14.874,16.808
1673,15.062,17.026
1674,15.165,17.179
1675,15.192,17.192
1676,15.096,17.086
1677,15.083,17.082
1678,15.129,17.152
1679,15.125,17.147
1680,15.103,17.104
1681,15.169,17.214
1682,15.187,17.233
1683,15.215,17.269
1684,15.212,17.265
1685,15.250,17.307
1686,15.253,17.319
1687,15.281,17.351
1688,15.265,17.336
1689,15.261,17.344
1690,15.258,17.318
1691,15.270,17.354
1692,15.257,17.326
1693,15.269,17.334
1694,15.231,17.297
1695,15.269,17.356
1696,15.252,17.323
1697,15.244,17.330
1698,15.267,17.353
1699,15.272,17.348
1700,15.246,17.330
1701,15.262,17.323
1702,15.235,17.314
1703,15.249,17.310
1704,15.246,17.301
1705,15.233,17.296
1706,15.209,17.267
1707,15.229,17.302
1708,15.231,17.282
1709,15.227,17.298
1710,15.200,17.253
1711,15.225,17.286
1712,15.215,17.265
1713,15.224,17.304
1714,15.286,17.363
1715,15.294,17.347
1716,15.284,17.319
1717,15.280,17.328
1718,15.285,17.316
1719,15.285,17.327
1720,15.321,17.343
1721,15.346,17.359
1722,15.399,17.441
1723,15.437,17.475
1724,15.475,17.511
1725,15.503,17.550
1726,15.511,17.537
1727,15.510,17.534
1728,15.534,17.556
1729,15.531,17.541
1730,15.573,17.611
1731,15.600,17.660
1732,15.635,17.684
1733,15.639,17.706
1734,15.658,17.714
1735,15.659,17.703
1736,15.671,17.719
1737,15.674,17.707
1738,15.694,17.735
1739,15.698,17.752
1740,15.690,17.732
1741,15.703,17.745
1742,15.724,17.778
1743,15.729,17.786
1744,15.723,17.761
1745,15.770,17.831
1746,15.754,17.809
1747,15.782,17.850
1748,15.806,17.882
1749,15.816,17.873
1750,15.781,17.846
1751,15.588,17.603
1752,15.560,17.560
1753,15.564,17.593
1754,15.586,17.603
1755,15.583,17.596
1756,15.606,17.615
1757,15.636,17.630
1758,15.612,17.603
1759,15.616,17.604
1760,15.625,17.619
1761,15.611,17.606
1762,15.602,17.609
1763,15.578,17.569
1764,15.540,17.515
1765,15.525,17.514
1766,15.533,17.508
1767,15.554,17.573
1768,15.531,17.537
1769,15.506,17.516
1770,15.494,17.513
1771,15.461,17.462
1772,15.447,17.462
1773,15.417,17.412
1774,15.403,17.400
1775,15.417,17.434
1776,15.402,17.411
1777,15.383,17.393
1778,15.370,17.376
1779,15.352,17.356
1780,15.330,17.324
1781,15.294,17.282
1782,15.271,17.259
1783,15.275,17.272
1784,15.240,17.236
1785,15.220,17.216
1786,15.215,17.204
1787,15.227,17.213
1788,15.197,17.186
1789,15.189,17.177
1790,15.127,17.076
1791,15.142,17.111
1792,15.092,17.037
1793,15.082,17.048
1794,15.099,17.072
1795,15.062,17.039
1796,15.214,17.210
1797,15.240,17.233
1798,15.239,17.217
1799,15.210,17.192
1800,15.168,17.130
1801,15.164,17.128
1802,15.145,17.111
1803,15.168,17.112
1804,15.170,17.117
1805,15.185,17.140
1806,15.207,17.152
1807,15.214,17.173
1808,15.200,17.134
1809,15.213,17.155
1810,15.220,17.147
1811,15.187,17.119
1812,15.225,17.144
1813,15.201,17.113
1814,15.210,17.135
1815,15.230,17.138
1816,15.229,17.153
1817,15.264,17.182
1818,15.257,17.168
1819,15.257,17.161
1820,15.271,17.168
1821,15.270,17.165
1822,15.337,17.261
1823,15.299,17.194
1824,15.305,17.214
1825,15.306,17.214
1826,15.308,17.222
1827,15.325,17.227
1828,15.317,17.225
1829,15.375,17.266
1830,15.378,17.290
1831,15.358,17.252
1832,15.389,17.278
1833,15.415,17.303
1834,15.446,17.354
1835,15.464,17.351
1836,15.506,17.393
1837,15.507,17.414
1838,15.520,17.425
1839,15.579,17.501
1840,15.586,17.503
1841,15.605,17.530
