0,15.615,17.487
1,15.629,17.495
2,15.600,17.466
3,15.630,17.501
4,15.624,17.476
5,15.618,17.471
6,15.756,17.711
7,15.666,17.601
8,15.500,17.459
9,15.379,17.313
10,15.356,17.288
11,15.422,17.395
12,15.341,17.267
13,15.354,17.288
14,15.314,17.237
15,15.297,17.221
16,15.333,17.281
17,15.391,17.384
18,15.339,17.306
19,15.345,17.290
20,15.337,17.269
21,15.362,17.333
22,15.365,17.348
23,15.356,17.341
24,15.345,17.330
25,15.160,17.106
26,15.341,17.306
27,15.324,17.325
28,15.241,17.252
29,15.150,17.115
30,15.179,17.184
31,15.149,17.152
32,15.078,17.073
33,15.098,17.121
34,15.053,17.029
35,15.080,17.096
36,14.988,16.981
37,14.964,16.973
38,14.877,16.860
39,14.828,16.838
40,14.761,16.767
41,14.840,16.837
42,14.834,16.796
43,14.973,17.019
44,14.958,16.989
45,15.072,17.139
46,15.212,17.300
47,15.239,17.272
48,15.349,17.413
49,15.357,17.427
50,15.412,17.501
51,15.386,17.433
52,15.442,17.526
53,15.437,17.510
54,15.414,17.489
55,15.457,17.543
56,15.293,17.337
57,15.187,17.234
58,15.131,17.175
59,15.139,17.226
60,15.040,17.081
61,15.085,17.181
62,15.271,17.372
63,15.312,17.403
64,15.366,17.418
65,15.519,17.609
66,15.619,17.733
67,15.658,17.765
68,15.545,17.617
69,15.560,17.653
70,15.506,17.581
71,15.481,17.544
72,15.463,17.566
73,15.436,17.507
74,15.416,17.488
75,15.469,17.573
76,15.474,17.570
77,15.463,17.534
78,15.549,17.658
79,15.532,17.592
80,15.466,17.531
81,15.466,17.487
82,15.688,17.750
83,15.722,17.800
84,15.773,17.859
85,15.801,17.894
86,15.914,18.099
87,15.835,17.959
88,15.963,18.181
89,15.784,17.898
90,15.782,17.920
91,15.658,17.731
92,15.521,17.612
93,15.566,17.716
94,15.414,17.486
95,15.488,17.573
96,15.503,17.595
97,15.594,17.717
98,15.548,17.681
99,15.555,17.695
100,15.592,17.760
101,15.517,17.646
102,15.495,17.622
103,15.492,17.629
104,15.550,17.717
105,15.580,17.754
106,15.565,17.718
107,15.523,17.684
108,15.485,17.655
109,15.401,17.562
110,15.318,17.488
111,15.251,17.416
112,15.232,17.381
113,15.220,17.345
114,15.217,17.359
115,15.292,17.462
116,15.295,17.461
117,15.253,17.408
118,15.177,17.337
119,15.129,17.307
120,14.980,17.106
121,14.832,16.909
122,14.753,16.827
123,14.569,16.617
124,14.323,16.339
125,14.161,16.136
126,14.047,16.010
127,13.940,15.899
128,14.158,16.158
129,14.130,16.088
130,14.236,16.225
131,14.352,16.331
132,14.328,16.329
133,14.312,16.309
134,14.157,16.145
135,14.089,16.065
136,14.121,16.089
137,14.391,16.363
138,14.554,16.529
139,14.702,16.689
140,14.743,16.723
141,14.846,16.817
142,15.023,17.025
143,15.031,17.029
144,15.191,17.208
145,15.328,17.362
146,15.242,17.241
147,15.283,17.321
148,15.373,17.422
149,15.186,17.204
150,14.980,16.976
151,14.964,16.934
152,15.085,17.073
153,15.118,17.082
154,15.203,17.183
155,15.291,17.284
156,15.355,17.344
157,15.407,17.398
158,15.511,17.537
159,15.558,17.583
160,15.646,17.674
161,15.724,17.742
162,15.813,17.885
163,15.862,17.855
164,15.951,18.004
165,16.109,18.183
166,16.146,18.182
167,16.259,18.302
168,16.355,18.400
169,16.510,18.606
170,16.640,18.737
171,16.609,18.612
172,16.699,18.749
173,16.742,18.789
174,16.844,18.948
175,16.818,18.905
176,16.721,18.749
177,16.662,18.698
178,16.703,18.805
179,16.436,18.416
180,16.276,18.224
181,16.170,18.127
182,16.033,17.967
183,16.108,18.134
184,15.934,17.880
185,15.756,17.659
186,15.649,17.569
187,15.571,17.475
188,15.549,17.463
189,15.512,17.400
190,15.555,17.459
191,15.560,17.469
192,15.479,17.364
193,15.428,17.303
194,15.416,17.302
195,15.430,17.298
196,15.389,17.246
197,15.331,17.181
198,15.324,17.169
199,15.324,17.195
200,15.335,17.190
201,15.318,17.187
202,15.357,17.222
203,15.194,17.029
204,15.027,16.822
205,15.030,16.798
206,15.033,16.805
207,15.053,16.816
208,15.110,16.898
209,15.131,16.909
210,15.177,16.983
211,15.221,17.022
212,15.244,17.064
213,15.332,17.143
214,15.363,17.178
215,15.420,17.256
216,15.422,17.256
217,15.430,17.289
218,15.392,17.220
219,15.381,17.243
220,15.422,17.288
221,15.361,17.237
222,15.304,17.168
223,15.351,17.231
224,15.202,17.052
225,15.178,17.018
226,15.183,17.050
227,15.174,17.041
228,15.156,17.044
229,15.094,16.952
230,15.043,16.873
231,15.180,17.054
232,15.240,17.160
233,15.221,17.135
234,15.152,17.025
235,15.083,16.945
236,15.005,16.834
237,14.974,16.828
238,14.946,16.802
239,14.891,16.747
240,14.901,16.774
241,14.816,16.678
242,14.809,16.658
243,14.796,16.641
244,14.819,16.686
245,14.836,16.703
246,14.896,16.760
247,14.931,16.819
248,14.961,16.827
249,15.051,16.931
250,15.116,17.027
251,15.173,17.092
252,15.154,17.070
253,15.213,17.115
254,15.183,17.057
255,15.170,17.064
256,15.119,17.008
257,15.112,17.013
258,14.970,16.826
259,14.905,16.739
260,14.902,16.730
261,14.903,16.732
262,14.950,16.809
263,14.930,16.815
264,14.938,16.822
265,15.083,16.973
266,15.087,17.005
267,15.054,16.972
268,15.054,16.948
269,14.976,16.860
270,14.911,16.810
271,14.886,16.774
272,14.858,16.739
273,14.802,16.682
274,14.797,16.674
275,14.708,16.587
276,14.680,16.529
277,14.617,16.457
278,14.640,16.512
279,14.518,16.330
280,14.517,16.331
281,14.470,16.257
282,14.429,16.201
283,14.402,16.157
284,14.345,16.091
285,14.336,16.088
286,14.388,16.153
287,14.394,16.174
288,14.425,16.192
289,14.394,16.151
290,14.440,16.238
291,14.425,16.219
292,14.399,16.179
293,14.325,16.102
294,14.292,16.038
295,14.286,16.042
296,14.246,15.993
297,14.200,15.935
298,14.146,15.884
299,14.060,15.765
300,14.039,15.737
301,14.033,15.710
302,13.966,15.644
303,13.939,15.608
304,13.948,15.614
305,13.924,15.587
306,13.883,15.530
307,13.871,15.506
308,13.847,15.498
309,13.721,15.359
310,13.635,15.233
311,13.651,15.252
312,13.686,15.300
313,13.693,15.327
314,13.729,15.355
315,13.742,15.393
316,13.751,15.371
317,13.749,15.378
318,13.710,15.333
319,13.710,15.328
320,13.682,15.290
321,13.670,15.272
322,13.684,15.294
323,13.703,15.315
324,13.692,15.297
325,13.698,15.307
326,13.725,15.349
327,13.765,15.402
328,13.740,15.381
329,13.764,15.389
330,13.712,15.310
331,13.754,15.376
332,13.804,15.409
333,13.847,15.447
334,13.870,15.482
335,13.873,15.464
336,13.854,15.464
337,13.808,15.409
338,13.904,15.508
339,13.967,15.582
340,13.973,15.583
341,13.947,15.547
342,13.956,15.567
343,13.977,15.596
344,14.049,15.671
345,14.129,15.760
346,14.158,15.797
347,14.222,15.861
348,14.244,15.868
349,14.228,15.857
350,14.208,15.829
351,14.274,15.896
352,14.393,16.023
353,14.642,16.283
354,14.752,16.394
355,14.910,16.553
356,14.992,16.650
357,15.117,16.833
358,15.175,16.854
359,15.280,16.995
360,15.365,17.061
361,15.479,17.185
362,15.429,17.112
363,15.425,17.090
364,15.452,17.101
365,15.486,17.139
366,15.514,17.152
367,15.606,17.260
368,15.690,17.370
369,15.667,17.333
370,15.765,17.443
371,15.705,17.369
372,15.787,17.468
373,15.781,17.438
374,15.764,17.427
375,15.826,17.502
376,15.785,17.446
377,15.795,17.449
378,15.799,17.478
379,15.797,17.444
380,15.798,17.445
381,15.824,17.470
382,15.848,17.488
383,15.827,17.473
384,15.800,17.410
385,15.781,17.401
386,15.794,17.399
387,15.751,17.361
388,15.745,17.364
389,15.764,17.384
390,15.802,17.442
391,15.831,17.486
392,15.840,17.490
393,15.833,17.492
394,15.861,17.527
395,15.882,17.546
396,15.867,17.513
397,15.857,17.509
398,15.894,17.533
399,15.905,17.548
400,15.897,17.537
401,15.911,17.563
402,15.905,17.563
403,15.941,17.584
404,15.955,17.601
405,15.953,17.590
406,16.031,17.676
407,16.011,17.657
408,16.035,17.694
409,16.047,17.708
410,16.024,17.679
411,16.028,17.683
412,16.026,17.680
413,16.014,17.676
414,15.984,17.643
415,15.967,17.616
416,15.955,17.602
417,15.975,17.619
418,15.984,17.642
419,15.911,17.564
420,15.885,17.522
421,15.888,17.525
422,15.828,17.478
423,15.828,17.457
424,15.835,17.465
425,15.824,17.468
426,15.808,17.449
427,15.764,17.405
428,15.730,17.369
429,15.728,17.362
430,15.755,17.390
431,15.758,17.395
432,15.736,17.381
433,15.734,17.380
434,15.690,17.334
435,15.685,17.321
436,15.649,17.275
437,15.658,17.298
438,15.645,17.267
439,15.621,17.242
440,15.620,17.255
441,15.587,17.209
442,15.570,17.193
443,15.593,17.216
444,15.568,17.192
445,15.543,17.161
446,15.547,17.167
447,15.522,17.126
448,15.532,17.151
449,15.494,17.104
450,15.476,17.096
451,15.434,17.049
452,15.446,17.070
453,15.401,17.014
454,15.435,17.059
455,15.420,17.032
456,15.373,16.993
457,15.358,16.948
458,15.342,16.940
459,15.368,17.000
460,15.329,16.958
461,15.301,16.931
462,15.292,16.894
463,15.302,16.906
464,15.245,16.857
465,15.295,16.922
466,15.262,16.877
467,15.264,16.892
468,15.303,16.927
469,15.278,16.909
470,15.290,16.931
471,15.244,16.864
472,15.217,16.841
473,15.224,16.854
474,15.253,16.873
475,15.262,16.885
476,15.235,16.848
477,15.212,16.808
478,15.184,16.804
479,15.224,16.847
480,15.204,16.845
481,15.156,16.785
482,15.158,16.776
483,15.183,16.816
484,15.183,16.822
485,15.209,16.856
486,15.185,16.826
487,15.148,16.778
488,14.986,16.550
489,14.966,16.529
490,14.946,16.498
491,14.965,16.526
492,14.932,16.485
493,14.989,16.582
494,15.120,16.743
495,15.124,16.756
496,15.117,16.742
497,15.100,16.703
498,15.058,16.669
499,15.107,16.735
500,15.097,16.718
501,15.092,16.711
502,15.125,16.748
503,15.106,16.732
504,15.096,16.733
505,15.123,16.742
506,15.084,16.699
507,15.072,16.674
508,15.109,16.728
509,15.061,16.666
510,15.013,16.619
511,15.059,16.669
512,15.053,16.662
513,15.056,16.667
514,15.032,16.645
515,15.071,16.690
516,15.088,16.735
517,15.049,16.667
518,15.088,16.705
519,15.032,16.647
520,14.848,16.400
521,14.803,16.355
522,14.883,16.477
523,14.890,16.491
524,14.822,16.410
525,14.795,16.377
526,14.770,16.352
527,14.801,16.378
528,14.801,16.390
529,14.804,16.391
530,14.810,16.398
531,14.807,16.415
532,14.807,16.396
533,14.783,16.382
534,14.725,16.308
535,14.688,16.279
536,14.726,16.324
537,14.691,16.273
538,14.723,16.319
539,14.602,16.129
540,14.602,16.142
541,14.629,16.152
542,14.612,16.141
543,14.740,16.324
544,14.696,16.273
545,14.666,16.252
546,14.614,16.177
547,14.590,16.142
548,14.683,16.274
549,14.734,16.350
550,14.761,16.367
551,14.797,16.402
552,14.848,16.471
553,14.845,16.460
554,14.862,16.487
555,14.834,16.452
556,14.891,16.529
557,14.818,16.453
558,14.850,16.497
559,14.843,16.491
560,14.868,16.504
561,14.913,16.580
562,14.925,16.590
563,14.813,16.443
564,14.869,16.520
565,14.809,16.434
566,14.919,16.565
567,14.915,16.551
568,14.963,16.602
569,14.865,16.492
570,14.902,16.556
571,14.898,16.544
572,14.841,16.462
573,14.875,16.520
574,14.950,16.582
575,15.037,16.697
576,15.051,16.689
577,15.388,17.134
578,15.440,17.142
579,15.552,17.273
580,15.689,17.407
581,15.800,17.556
582,15.801,17.530
583,15.967,17.721
584,15.920,17.690
585,15.976,17.760
586,15.967,17.767
587,16.016,17.828
588,16.119,17.926
589,16.179,18.014
590,16.225,18.033
591,16.304,18.120
592,16.333,18.147
593,16.347,18.165
594,16.414,18.234
595,16.423,18.240
596,16.518,18.340
597,16.528,18.346
598,16.548,18.365
599,16.615,18.464
600,16.641,18.487
601,16.650,18.512
602,16.702,18.559
603,16.726,18.608
604,16.771,18.644
605,16.776,18.654
606,16.733,18.607
607,16.742,18.623
608,16.645,18.516
609,16.610,18.482
610,16.534,18.386
611,16.505,18.372
612,16.453,18.338
613,16.384,18.214
614,16.409,18.296
615,16.295,18.149
616,16.331,18.194
617,16.214,18.043
618,16.190,18.020
619,16.162,17.989
620,16.164,18.011
621,16.064,17.882
622,16.091,17.918
623,16.008,17.818
624,15.935,17.740
625,15.905,17.699
626,15.875,17.674
627,15.851,17.643
628,15.823,17.627
629,15.786,17.574
630,15.784,17.562
631,15.752,17.523
632,15.769,17.546
633,15.769,17.549
634,15.724,17.506
635,15.738,17.516
636,15.767,17.549
637,15.754,17.513
638,15.729,17.494
639,15.745,17.502
640,15.797,17.579
641,15.749,17.510
642,15.755,17.507
643,15.826,17.596
644,15.776,17.519
645,15.831,17.600
646,15.761,17.521
647,15.745,17.473
648,15.738,17.464
649,15.729,17.477
650,15.690,17.417
651,15.686,17.404
652,15.691,17.399
653,15.716,17.432
654,15.753,17.482
655,15.706,17.436
656,15.673,17.395
657,15.695,17.387
658,15.683,17.377
659,15.681,17.384
660,15.675,17.377
661,15.646,17.336
662,15.651,17.344
663,15.631,17.336
664,15.622,17.308
665,15.612,17.292
666,15.708,17.433
667,15.586,17.290
668,15.606,17.284
669,15.625,17.316
670,15.620,17.307
671,15.597,17.290
672,15.613,17.315
673,15.615,17.324
674,15.565,17.283
675,15.524,17.219
676,15.495,17.191
677,15.538,17.246
678,15.535,17.234
679,15.484,17.188
680,15.466,17.150
681,15.497,17.193
682,15.462,17.144
683,15.415,17.094
684,15.428,17.136
685,15.455,17.170
686,15.392,17.074
687,15.354,17.032
688,15.409,17.129
689,15.361,17.048
690,15.357,17.055
691,15.381,17.075
692,15.396,17.097
693,15.456,17.168
694,15.359,17.034
695,15.378,17.046
696,15.358,17.038
697,15.392,17.091
698,15.356,17.030
699,15.345,17.026
700,15.355,17.037
701,15.323,16.999
702,15.350,17.024
703,15.367,17.056
704,15.351,17.014
705,15.361,17.030
706,15.402,17.104
707,15.361,17.055
708,15.389,17.061
709,15.374,17.033
710,15.380,17.034
711,15.375,17.026
712,15.361,17.026
713,15.354,17.005
714,15.421,17.122
715,15.404,17.081
716,15.405,17.115
717,15.344,17.018
718,15.344,17.025
719,15.344,17.030
720,15.350,17.022
721,15.334,16.998
722,15.349,17.049
723,15.366,17.046
724,15.335,16.997
725,15.302,16.967
726,15.309,16.968
727,15.306,16.964
728,15.313,16.984
729,15.283,16.950
730,15.278,16.958
731,15.283,16.949
732,15.268,16.918
733,15.217,16.871
734,15.251,16.920
735,15.224,16.878
736,15.223,16.890
737,15.196,16.838
738,15.223,16.871
739,15.173,16.815
740,15.137,16.791
741,15.125,16.772
742,15.114,16.763
743,15.112,16.763
744,15.085,16.728
745,15.070,16.713
746,15.071,16.725
747,15.092,16.738
748,15.108,16.771
749,15.054,16.700
750,15.127,16.803
751,15.114,16.783
752,15.082,16.767
753,15.071,16.736
754,15.073,16.752
755,15.045,16.698
756,15.031,16.672
757,15.048,16.701
758,15.092,16.724
759,15.103,16.717
760,15.046,16.629
761,14.993,16.569
762,14.917,16.453
763,14.831,16.344
764,14.842,16.350
765,14.950,16.474
766,14.992,16.507
767,15.122,16.637
768,15.115,16.621
769,15.135,16.678
770,15.148,16.709
771,15.137,16.697
772,15.179,16.789
773,15.173,16.814
774,15.155,16.812
775,15.076,16.732
776,15.087,16.746
777,15.106,16.793
778,15.068,16.753
779,15.020,16.713
780,14.922,16.602
781,14.907,16.587
782,14.910,16.603
783,14.886,16.564
784,14.921,16.620
785,14.907,16.586
786,14.917,16.603
787,14.937,16.640
788,14.915,16.610
789,14.927,16.617
790,14.877,16.564
791,14.923,16.596
792,14.922,16.606
793,14.925,16.592
794,14.956,16.651
795,14.899,16.572
796,14.888,16.572
797,14.852,16.516
798,14.782,16.437
799,14.787,16.445
800,14.833,16.507
801,14.820,16.496
802,14.801,16.479
803,14.802,16.479
804,14.767,16.454
805,14.725,16.415
806,14.713,16.416
807,14.704,16.389
808,14.686,16.383
809,14.647,16.328
810,14.600,16.302
811,14.542,16.240
812,14.439,16.132
813,14.415,16.108
814,14.367,16.053
815,14.297,15.981
816,14.264,15.987
817,14.268,15.963
818,14.285,15.978
819,14.327,16.038
820,14.399,16.107
821,14.415,16.111
822,14.501,16.255
823,14.458,16.164
824,14.370,16.028
825,14.272,15.898
826,14.288,15.918
827,14.259,15.895
828,14.290,15.905
829,14.341,15.960
830,14.382,15.993
831,14.414,16.043
832,14.448,16.077
833,14.424,16.022
834,14.429,16.022
835,14.480,16.064
836,14.528,16.102
837,14.545,16.112
838,14.651,16.229
839,14.642,16.206
840,14.656,16.211
841,14.603,16.146
842,14.641,16.194
843,14.691,16.268
844,14.689,16.262
845,14.788,16.370
846,14.800,16.390
847,14.789,16.378
848,14.884,16.503
849,14.864,16.492
850,14.850,16.470
851,14.858,16.496
852,14.811,16.453
853,14.865,16.536
854,14.890,16.579
855,14.929,16.637
856,14.943,16.657
857,15.048,16.811
858,15.076,16.853
859,15.104,16.880
860,15.179,16.972
861,15.326,17.150
862,15.411,17.264
863,15.542,17.408
864,15.662,17.561
865,15.772,17.703
866,15.925,17.871
867,16.054,18.031
868,16.173,18.166
869,16.034,18.015
870,16.164,18.166
871,16.390,18.448
872,16.233,18.278
873,16.353,18.462
874,16.444,18.557
875,16.243,18.273
876,16.228,18.227
877,16.275,18.276
878,16.455,18.509
879,16.433,18.457
880,16.453,18.482
881,16.750,18.930
882,16.778,19.031
883,16.488,18.566
884,16.669,18.756
885,16.809,18.964
886,16.621,18.735
887,16.950,19.121
888,17.053,19.271
889,16.839,18.927
890,16.877,18.985
891,16.801,18.900
892,16.957,19.157
893,16.869,19.066
894,16.804,18.997
895,16.750,18.916
896,16.790,18.988
897,16.761,18.935
898,16.723,18.889
899,16.714,18.874
900,16.720,18.876
901,16.785,18.981
902,16.740,18.922
903,16.706,18.897
904,16.697,18.894
905,16.657,18.847
906,16.610,18.794
907,16.522,18.711
908,16.490,18.663
909,16.404,18.561
910,16.381,18.564
911,16.378,18.560
912,16.371,18.539
913,16.353,18.531
914,16.322,18.518
915,16.343,18.535
916,16.287,18.479
917,16.218,18.368
918,16.239,18.439
919,16.196,18.376
920,16.133,18.310
921,16.066,18.251
922,15.957,18.124
923,15.812,17.962
924,15.555,17.630
925,15.632,17.728
926,15.739,17.887
927,15.744,17.881
928,15.716,17.857
929,15.707,17.862
930,15.666,17.809
931,15.587,17.702
932,15.581,17.715
933,15.466,17.539
934,15.454,17.558
935,15.418,17.525
936,15.313,17.399
937,15.287,17.390
938,15.269,17.369
939,15.197,17.274
940,15.184,17.257
941,15.087,17.113
942,15.078,17.120
943,15.063,17.126
944,15.067,17.105
945,15.031,17.047
946,15.036,17.050
947,15.005,17.019
948,15.012,16.999
949,15.052,17.043
950,15.045,17.016
951,15.032,17.023
952,14.950,16.921
953,14.914,16.877
954,14.844,16.790
955,14.789,16.741
956,14.724,16.664
957,14.682,16.619
958,14.592,16.514
959,14.647,16.559
960,14.600,16.509
961,14.524,16.413
962,14.513,16.407
963,14.532,16.411
964,14.460,16.333
965,14.539,16.432
966,14.559,16.452
967,14.549,16.454
968,14.602,16.503
969,14.591,16.485
970,14.705,16.641
971,14.624,16.539
972,14.595,16.488
973,14.601,16.487
974,14.595,16.473
975,14.538,16.416
976,14.261,16.080
977,14.127,15.896
978,14.076,15.820
979,14.258,16.010
980,14.422,16.178
981,14.619,16.382
982,14.813,16.586
983,15.010,16.779
984,15.212,17.002
985,15.375,17.166
986,15.334,17.124
987,15.490,17.277
988,15.618,17.417
989,15.527,17.337
990,15.678,17.471
991,15.828,17.642
992,16.023,17.827
993,16.174,17.993
994,16.150,17.965
995,16.264,18.101
996,16.272,18.095
997,16.431,18.278
998,16.630,18.517
999,16.815,18.760
1000,16.997,19.014
1001,17.018,19.032
1002,17.048,19.101
1003,17.037,19.072
1004,17.001,19.001
1005,17.043,19.064
1006,17.021,19.026
1007,17.104,19.118
1008,17.066,19.064
1009,17.063,19.047
1010,16.970,18.966
1011,16.841,18.833
1012,16.776,18.791
1013,16.659,18.657
1014,16.572,18.609
1015,16.385,18.370
1016,16.352,18.387
1017,16.215,18.203
1018,16.123,18.092
1019,15.960,17.894
1020,15.999,17.992
1021,15.782,17.729
1022,15.677,17.621
1023,15.618,17.564
1024,15.506,17.435
1025,15.533,17.488
1026,15.356,17.260
1027,15.306,17.244
1028,15.147,17.039
1029,15.102,17.014
1030,14.947,16.823
1031,14.872,16.746
1032,14.830,16.699
1033,14.636,16.491
1034,14.461,16.267
1035,14.321,16.134
1036,14.167,15.981
1037,13.980,15.755
1038,13.889,15.669
1039,13.822,15.595
1040,13.774,15.565
1041,13.659,15.422
1042,13.619,15.382
1043,13.747,15.523
1044,13.780,15.555
1045,13.820,15.590
1046,13.714,15.489
1047,13.771,15.555
1048,13.560,15.313
1049,13.376,15.077
1050,13.442,15.169
1051,13.423,15.130
1052,13.742,15.474
1053,13.766,15.512
1054,13.733,15.435
1055,13.805,15.519
1056,13.755,15.450
1057,13.756,15.422
1058,13.798,15.467
1059,13.897,15.559
1060,13.957,15.614
1061,14.063,15.712
1062,14.124,15.785
1063,14.233,15.897
1064,14.377,16.086
1065,14.528,16.240
1066,14.588,16.314
1067,14.676,16.409
1068,14.820,16.581
1069,14.903,16.666
1070,15.019,16.806
1071,15.082,16.851
1072,15.141,16.917
1073,15.218,16.995
1074,15.281,17.085
1075,15.350,17.147
1076,15.269,17.057
1077,15.308,17.084
1078,15.395,17.210
1079,15.400,17.209
1080,15.493,17.317
1081,15.619,17.461
1082,15.812,17.682
1083,16.011,17.927
1084,16.108,18.031
1085,16.147,18.114
1086,16.179,18.159
1087,16.204,18.209
1088,16.265,18.276
1089,16.285,18.312
1090,16.279,18.296
1091,16.300,18.340
1092,16.313,18.350
1093,16.334,18.350
1094,16.351,18.380
1095,16.331,18.341
1096,16.322,18.324
1097,16.322,18.329
1098,16.281,18.287
1099,16.306,18.324
1100,16.264,18.264
1101,16.208,18.190
1102,16.189,18.147
1103,16.160,18.121
1104,16.122,18.069
1105,16.105,18.057
1106,16.137,18.114
1107,16.137,18.132
1108,16.175,18.172
1109,16.122,18.095
1110,16.162,18.143
1111,16.132,18.127
1112,16.159,18.145
1113,16.114,18.105
1114,16.144,18.136
1115,16.176,18.163
1116,16.214,18.230
1117,16.257,18.266
1118,16.272,18.319
1119,16.326,18.379
1120,16.339,18.390
1121,16.394,18.481
1122,16.369,18.442
1123,16.289,18.388
1124,16.174,18.258
1125,16.132,18.257
1126,16.082,18.195
1127,15.955,18.046
1128,15.897,17.997
1129,15.854,17.937
1130,15.737,17.809
1131,15.693,17.754
1132,15.655,17.712
1133,15.627,17.665
1134,15.548,17.555
1135,15.527,17.523
1136,15.488,17.487
1137,15.447,17.416
1138,15.424,17.382
1139,15.455,17.416
1140,15.494,17.442
1141,15.561,17.529
1142,15.573,17.529
1143,15.629,17.579
1144,15.691,17.658
1145,15.780,17.770
1146,15.769,17.756
1147,15.745,17.745
1148,15.688,17.687
1149,15.675,17.715
1150,15.595,17.643
1151,15.595,17.639
1152,15.596,17.645
1153,15.618,17.678
1154,15.525,17.558
1155,15.558,17.598
1156,15.542,17.607
1157,15.468,17.484
1158,15.527,17.568
1159,15.466,17.465
1160,15.467,17.458
1161,15.484,17.483
1162,15.437,17.408
1163,15.394,17.361
1164,15.429,17.391
1165,15.406,17.351
1166,15.401,17.348
1167,15.385,17.296
1168,15.406,17.329
1169,15.401,17.330
1170,15.431,17.337
1171,15.440,17.340
1172,15.393,17.265
1173,15.402,17.277
1174,15.369,17.251
1175,15.351,17.244
1176,15.303,17.190
1177,15.191,17.067
1178,15.322,17.230
1179,15.292,17.195
1180,15.216,17.113
1181,15.211,17.113
1182,15.218,17.120
1183,15.299,17.221
1184,15.412,17.328
1185,15.458,17.364
1186,15.563,17.500
1187,15.588,17.580
1188,15.583,17.596
1189,15.638,17.662
1190,15.648,17.686
1191,15.707,17.782
1192,15.740,17.805
1193,15.758,17.817
1194,15.762,17.853
1195,15.745,17.794
1196,15.753,17.795
1197,15.866,17.901
1198,15.953,18.018
1199,16.072,18.128
1200,16.190,18.260
1201,16.320,18.412
1202,16.280,18.388
1203,16.337,18.440
1204,16.352,18.441
1205,16.306,18.372
1206,16.361,18.439
1207,16.376,18.454
1208,16.341,18.394
1209,16.342,18.393
1210,16.332,18.398
1211,16.290,18.335
1212,16.327,18.373
1213,16.313,18.326
1214,16.306,18.315
1215,16.336,18.335
1216,16.327,18.306
1217,16.349,18.360
1218,16.328,18.336
1219,16.364,18.375
1220,16.367,18.368
1221,16.328,18.289
1222,16.409,18.395
1223,16.437,18.409
1224,16.502,18.483
1225,16.551,18.527
1226,16.630,18.623
1227,16.643,18.627
1228,16.749,18.755
1229,16.753,18.745
1230,16.761,18.771
1231,16.702,18.694
1232,16.675,18.658
1233,16.652,18.662
1234,16.597,18.606
1235,16.576,18.605
1236,16.595,18.606
1237,16.617,18.647
1238,16.576,18.549
1239,16.629,18.617
1240,16.595,18.565
1241,16.592,18.534
1242,16.606,18.562
1243,16.559,18.472
1244,16.540,18.484
1245,16.483,18.409
1246,16.486,18.422
1247,16.441,18.346
1248,16.399,18.315
1249,16.377,18.305
1250,16.418,18.362
1251,16.342,18.280
1252,16.332,18.255
1253,16.323,18.253
1254,16.283,18.206
1255,16.283,18.217
1256,16.252,18.195
1257,16.249,18.176
1258,16.222,18.161
1259,16.221,18.166
1260,16.154,18.057
1261,16.197,18.116
1262,16.169,18.082
1263,16.165,18.099
1264,16.141,18.061
1265,16.122,18.017
1266,16.090,18.002
1267,16.101,18.037
1268,16.015,17.936
1269,15.961,17.869
1270,15.939,17.867
1271,15.920,17.852
1272,15.891,17.810
1273,15.900,17.832
1274,15.844,17.758
1275,15.865,17.795
1276,15.837,17.801
1277,15.815,17.740
1278,15.796,17.716
1279,15.766,17.669
1280,15.773,17.694
1281,15.793,17.722
1282,15.742,17.660
1283,15.776,17.665
1284,15.748,17.657
1285,15.768,17.679
1286,15.764,17.670
1287,15.735,17.624
1288,15.768,17.673
1289,15.724,17.613
1290,15.751,17.655
1291,15.703,17.600
1292,15.716,17.627
1293,15.685,17.583
1294,15.715,17.613
1295,15.654,17.543
1296,15.637,17.506
1297,15.636,17.514
1298,15.613,17.507
1299,15.625,17.520
1300,15.593,17.448
1301,15.607,17.477
1302,15.574,17.446
1303,15.583,17.473
1304,15.599,17.474
1305,15.593,17.475
1306,15.571,17.443
1307,15.564,17.455
1308,15.545,17.422
1309,15.520,17.389
1310,15.575,17.466
1311,15.556,17.449
1312,15.544,17.437
1313,15.533,17.421
1314,15.560,17.456
1315,15.499,17.375
1316,15.474,17.338
1317,15.475,17.340
1318,15.438,17.290
1319,15.447,17.303
1320,15.423,17.268
1321,15.389,17.215
1322,15.390,17.234
1323,15.376,17.203
1324,15.383,17.219
1325,15.344,17.153
1326,15.326,17.145
1327,15.332,17.154
1328,15.322,17.149
1329,15.286,17.084
1330,15.253,17.037
1331,15.278,17.090
1332,15.246,17.054
1333,15.275,17.066
1334,15.237,17.042
1335,15.231,17.048
1336,15.210,17.018
1337,15.193,16.998
1338,15.188,16.994
1339,15.163,16.966
1340,15.123,16.917
1341,15.095,16.877
1342,15.099,16.893
1343,15.103,16.906
1344,15.075,16.876
1345,15.095,16.892
1346,15.070,16.856
1347,15.069,16.854
1348,15.014,16.807
1349,15.009,16.801
1350,14.997,16.796
1351,14.975,16.765
1352,14.942,16.724
1353,14.954,16.733
1354,14.941,16.707
1355,14.915,16.693
1356,14.889,16.665
1357,14.903,16.672
1358,15.015,16.807
1359,15.033,16.819
1360,15.067,16.853
1361,15.029,16.799
1362,15.010,16.780
1363,15.004,16.783
1364,14.933,16.703
1365,14.937,16.702
1366,14.930,16.700
1367,14.961,16.728
1368,14.961,16.731
1369,14.930,16.708
1370,14.962,16.728
1371,14.926,16.707
1372,14.924,16.696
1373,15.059,16.841
1374,15.066,16.840
1375,15.105,16.894
1376,15.100,16.891
1377,15.084,16.854
1378,15.079,16.841
1379,15.065,16.819
1380,15.060,16.820
1381,15.062,16.831
1382,15.058,16.835
1383,15.047,16.826
1384,15.040,16.820
1385,15.042,16.830
1386,15.045,16.824
1387,15.035,16.800
1388,15.018,16.786
1389,15.009,16.773
1390,14.980,16.729
1391,14.968,16.722
1392,14.925,16.670
1393,14.920,16.651
1394,14.869,16.583
1395,14.853,16.576
1396,14.822,16.517
1397,14.786,16.479
1398,14.749,16.440
1399,14.771,16.456
1400,14.799,16.477
1401,14.788,16.462
1402,14.768,16.428
1403,14.764,16.417
1404,14.721,16.378
1405,14.692,16.346
1406,14.660,16.324
1407,14.670,16.324
1408,14.633,16.281
1409,14.620,16.263
1410,14.601,16.239
1411,14.586,16.242
1412,14.615,16.272
1413,14.567,16.212
1414,14.548,16.211
1415,14.550,16.222
1416,14.514,16.185
1417,14.528,16.197
1418,14.649,16.325
1419,14.703,16.382
1420,14.761,16.465
1421,14.740,16.423
1422,14.779,16.480
1423,14.813,16.536
1424,14.855,16.571
1425,14.955,16.668
1426,15.040,16.783
1427,15.095,16.807
1428,15.187,16.913
1429,15.335,17.083
1430,15.485,17.249
1431,15.651,17.434
1432,15.823,17.602
1433,15.738,17.524
1434,15.783,17.562
1435,15.808,17.563
1436,15.732,17.504
1437,15.759,17.519
1438,15.808,17.574
1439,15.854,17.606
1440,15.892,17.655
1441,15.959,17.728
1442,16.030,17.800
1443,16.056,17.821
1444,16.092,17.858
1445,16.140,17.908
1446,16.151,17.937
1447,16.150,17.936
1448,16.156,17.935
1449,16.133,17.915
1450,16.148,17.943
1451,16.122,17.932
1452,16.127,17.940
1453,16.137,17.966
1454,16.124,17.950
1455,16.146,17.989
1456,16.141,17.966
1457,16.158,17.987
1458,16.150,17.977
1459,16.136,17.967
1460,16.131,17.957
1461,16.140,17.965
1462,16.134,17.963
1463,16.136,17.960
1464,16.132,17.960
1465,16.119,17.946
1466,16.081,17.903
1467,16.057,17.889
1468,16.003,17.825
1469,15.985,17.822
1470,15.964,17.799
1471,15.922,17.739
1472,15.888,17.696
1473,15.863,17.674
1474,15.811,17.617
1475,15.809,17.618
1476,15.762,17.561
1477,15.766,17.556
1478,15.719,17.519
1479,15.704,17.500
1480,15.684,17.469
1481,15.643,17.454
1482,15.612,17.403
1483,15.600,17.403
1484,15.563,17.345
1485,15.548,17.345
1486,15.530,17.331
1487,15.510,17.304
1488,15.501,17.289
1489,15.498,17.295
1490,15.467,17.254
1491,15.458,17.251
1492,15.433,17.229
1493,15.415,17.209
1494,15.375,17.152
1495,15.391,17.174
1496,15.382,17.165
1497,15.333,17.117
1498,15.342,17.133
1499,15.304,17.087
1500,15.275,17.065
1501,15.258,17.030
1502,15.267,17.057
1503,15.221,16.999
1504,15.222,17.009
1505,15.197,16.975
1506,15.187,16.972
1507,15.166,16.953
1508,15.163,16.928
1509,15.113,16.885
1510,15.105,16.872
1511,15.083,16.849
1512,15.104,16.881
1513,15.075,16.849
1514,15.060,16.858
1515,15.035,16.797
1516,15.009,16.776
1517,15.032,16.801
1518,14.975,16.751
1519,14.990,16.765
1520,14.976,16.748
1521,14.957,16.721
1522,14.939,16.701
1523,14.909,16.659
1524,14.913,16.686
1525,14.882,16.642
1526,14.865,16.644
1527,14.842,16.609
1528,14.848,16.620
1529,15.016,16.774
1530,15.021,16.786
1531,15.049,16.833
1532,15.033,16.818
1533,15.023,16.799
1534,14.987,16.767
1535,14.971,16.746
1536,14.961,16.725
1537,14.975,16.745
1538,14.962,16.727
1539,14.975,16.735
1540,14.973,16.745
1541,14.954,16.725
1542,14.925,16.690
1543,14.965,16.781
1544,14.977,16.802
1545,14.971,16.783
1546,14.941,16.740
1547,14.959,16.760
1548,14.956,16.754
1549,14.950,16.743
1550,14.937,16.714
1551,14.927,16.695
1552,14.945,16.736
1553,14.962,16.729
1554,14.961,16.739
1555,14.947,16.732
1556,14.943,16.725
1557,14.933,16.713
1558,14.927,16.693
1559,14.930,16.708
1560,14.916,16.682
1561,14.936,16.705
1562,14.935,16.712
1563,14.922,16.696
1564,14.941,16.697
1565,14.946,16.734
1566,14.945,16.725
1567,14.916,16.706
1568,14.924,16.685
1569,14.914,16.687
1570,14.916,16.702
1571,14.926,16.709
1572,14.925,16.706
1573,14.912,16.692
1574,14.918,16.695
1575,14.932,16.707
1576,14.929,16.705
1577,14.896,16.679
1578,14.899,16.676
1579,14.903,16.688
1580,14.906,16.698
1581,14.909,16.689
1582,14.896,16.667
1583,14.910,16.688
1584,14.891,16.668
1585,14.918,16.687
1586,14.887,16.667
1587,14.915,16.683
1588,14.901,16.664
1589,14.891,16.666
1590,14.898,16.677
1591,14.895,16.671
1592,14.912,16.686
1593,14.895,16.677
1594,14.902,16.667
1595,14.884,16.648
1596,14.897,16.671
1597,14.886,16.659
1598,14.889,16.652
1599,14.889,16.648
1600,14.875,16.644
1601,14.881,16.652
1602,14.891,16.658
1603,14.857,16.610
1604,14.864,16.624
1605,14.866,16.622
1606,14.882,16.637
1607,14.860,16.619
1608,14.867,16.634
1609,14.887,16.654
1610,14.885,16.649
1611,14.867,16.638
1612,14.877,16.635
1613,14.858,16.640
1614,14.848,16.620
1615,14.869,16.645
1616,14.843,16.607
1617,14.839,16.609
1618,14.831,16.607
1619,15.039,16.826
1620,15.021,16.794
1621,15.033,16.818
1622,15.034,16.805
1623,15.037,16.802
1624,15.006,16.768
1625,15.000,16.767
1626,14.987,16.746
1627,15.014,16.778
1628,14.994,16.764
1629,14.983,16.757
1630,14.991,16.754
1631,15.018,16.803
1632,15.046,16.816
1633,15.082,16.867
1634,15.122,16.888
1635,15.168,16.947
1636,15.207,16.981
1637,15.225,17.006
1638,15.256,17.042
1639,15.295,17.087
1640,15.328,17.119
1641,15.342,17.133
1642,15.374,17.169
1643,15.387,17.189
1644,15.406,17.189
1645,15.424,17.217
1646,15.432,17.228
1647,15.470,17.255
1648,15.490,17.298
1649,15.517,17.332
1650,15.567,17.381
1651,15.585,17.384
1652,15.518,17.319
1653,15.487,17.288
1654,15.475,17.269
1655,15.494,17.323
1656,15.534,17.341
1657,15.584,17.398
1658,15.459,17.272
1659,15.473,17.279
1660,15.421,17.232
1661,15.448,17.266
1662,15.434,17.252
1663,15.469,17.290
1664,15.435,17.243
1665,15.455,17.264
1666,15.446,17.238
1667,15.474,17.275
1668,15.455,17.266
1669,15.456,17.254
1670,15.449,17.251
1671,15.451,17.237
1672,15.435,17.248
1673,15.459,17.276
1674,15.449,17.257
1675,15.430,17.229
1676,15.447,17.256
1677,15.434,17.240
1678,15.452,17.249
1679,15.442,17.248
1680,15.410,17.218
1681,15.419,17.232
1682,15.419,17.206
1683,15.422,17.229
1684,15.432,17.250
1685,15.420,17.235
1686,15.435,17.245
1687,15.396,17.190
1688,15.419,17.221
1689,15.421,17.238
1690,15.408,17.207
1691,15.409,17.216
1692,15.398,17.203
1693,15.396,17.199
1694,15.370,17.163
1695,15.370,17.180
1696,15.365,17.172
1697,15.383,17.183
1698,15.369,17.162
1699,15.357,17.160
1700,15.360,17.169
1701,15.344,17.120
1702,15.343,17.148
1703,15.328,17.128
1704,15.344,17.158
1705,15.323,17.113
1706,15.321,17.122
1707,15.339,17.139
1708,15.331,17.135
1709,15.317,17.115
1710,15.326,17.130
1711,15.297,17.091
1712,15.292,17.099
1713,15.291,17.095
1714,15.287,17.100
1715,15.292,17.084
1716,15.269,17.067
1717,15.283,17.071
1718,15.275,17.064
1719,15.275,17.087
1720,15.267,17.078
1721,15.255,17.065
1722,15.261,17.075
1723,15.231,17.026
1724,15.213,17.015
1725,15.232,17.046
1726,15.207,17.009
1727,15.195,16.992
1728,15.170,16.965
1729,15.151,16.944
1730,15.135,16.936
1731,15.099,16.886
1732,15.111,16.922
1733,15.074,16.863
1734,15.069,16.855
1735,15.053,16.840
1736,15.010,16.798
1737,14.993,16.777
1738,14.979,16.772
1739,14.965,16.755
1740,14.950,16.725
1741,14.932,16.720
1742,14.900,16.695
1743,14.895,16.688
1744,14.875,16.668
1745,14.901,16.680
1746,14.878,16.643
1747,14.887,16.656
1748,14.854,16.622
1749,14.858,16.639
1750,14.854,16.630
1751,14.866,16.660
1752,14.829,16.621
1753,14.827,16.593
1754,14.804,16.576
1755,14.800,16.573
1756,14.800,16.590
1757,14.930,16.697
1758,14.946,16.734
1759,14.984,16.768
1760,14.931,16.727
1761,14.905,16.676
1762,14.878,16.663
1763,14.860,16.642
1764,14.861,16.634
1765,14.866,16.647
1766,14.864,16.635
1767,14.860,16.629
1768,14.841,16.617
1769,14.858,16.641
1770,14.876,16.661
1771,14.845,16.620
1772,14.847,16.619
1773,14.858,16.632
1774,14.841,16.614
1775,14.842,16.616
1776,14.802,16.558
1777,14.812,16.593
1778,14.831,16.596
1779,14.810,16.584
1780,14.792,16.556
1781,14.797,16.574
1782,14.784,16.564
1783,14.813,16.586
1784,14.784,16.556
1785,14.804,16.595
1786,14.782,16.570
1787,14.787,16.560
1788,14.775,16.553
1789,14.808,16.601
1790,14.779,16.560
1791,14.766,16.533
1792,14.776,16.538
1793,14.974,16.790
1794,14.985,16.792
1795,14.994,16.816
1796,14.920,16.720
1797,14.929,16.740
1798,14.928,16.708
1799,14.885,16.673
1800,14.890,16.670
1801,14.885,16.668
1802,14.877,16.655
1803,14.880,16.669
1804,14.906,16.700
1805,14.935,16.741
1806,14.976,16.770
1807,15.019,16.824
1808,15.058,16.865
1809,15.071,16.892
1810,15.104,16.905
1811,15.147,16.959
1812,15.210,17.031
1813,15.224,17.038
1814,15.266,17.080
1815,15.318,17.134
1816,15.369,17.177
1817,15.396,17.232
1818,15.434,17.264
1819,15.461,17.291
1820,15.489,17.323
1821,15.536,17.383
1822,15.578,17.435
1823,15.500,17.350
1824,15.487,17.330
1825,15.501,17.360
1826,15.555,17.409
1827,15.577,17.431
1828,15.613,17.480
1829,15.468,17.319
1830,15.435,17.279
1831,15.410,17.264
1832,15.441,17.306
1833,15.447,17.284
1834,15.463,17.321
1835,15.462,17.309
1836,15.452,17.292
1837,15.436,17.281
1838,15.437,17.271
1839,15.449,17.271
1840,15.426,17.273
1841,15.425,17.260
1842,15.447,17.287
1843,15.430,17.271
1844,15.440,17.280
1845,15.420,17.247
1846,15.416,17.242
1847,15.399,17.210
1848,15.392,17.216
1849,15.429,17.258
1850,15.414,17.238
1851,15.403,17.240
1852,15.431,17.267
1853,15.419,17.249
1854,15.407,17.226
1855,15.414,17.240
1856,15.415,17.236
1857,15.396,17.231
1858,15.384,17.203
1859,15.403,17.214
1860,15.390,17.187
1861,15.398,17.203
1862,15.373,17.185
1863,15.409,17.226
1864,15.419,17.229
1865,15.409,17.225
1866,15.420,17.249
1867,15.399,17.211
1868,15.406,17.206
