0,9.651,13.570
1,9.657,13.571
2,9.653,13.542
3,9.750,13.659
4,9.658,13.538
5,9.710,13.601
6,9.722,13.592
7,9.743,13.619
8,9.847,13.794
9,9.913,13.808
10,9.916,13.776
11,9.979,13.863
12,10.014,13.888
13,10.152,14.033
14,10.127,13.964
15,10.219,14.079
16,10.334,14.181
17,10.376,14.205
18,10.464,14.269
19,10.540,14.403
20,10.445,14.293
21,10.384,14.249
22,10.340,14.213
23,10.371,14.262
24,10.262,14.149
25,10.287,14.162
26,10.406,14.336
27,10.353,14.275
28,10.387,14.342
29,10.459,14.418
30,10.542,14.558
31,10.527,14.506
32,10.527,14.556
33,10.633,14.708
34,10.686,14.750
35,10.752,14.840
36,10.818,14.945
37,10.685,14.772
38,10.667,14.769
39,10.678,14.753
40,10.585,14.652
41,10.564,14.657
42,10.374,14.425
43,10.256,14.318
44,10.236,14.280
45,10.341,14.392
46,10.511,14.614
47,10.425,14.528
48,10.300,14.327
49,10.195,14.179
50,10.194,14.253
51,10.127,14.133
52,10.186,14.254
53,10.216,14.261
54,10.245,14.269
55,10.251,14.356
56,10.161,14.187
57,10.184,14.189
58,10.153,14.134
59,10.070,14.053
60,10.003,14.013
61,10.064,14.101
62,10.056,14.119
63,9.918,14.003
64,9.932,14.049
65,9.910,14.007
66,9.837,13.914
67,9.720,13.801
68,9.715,13.836
69,9.816,13.954
70,9.741,13.885
71,9.690,13.863
72,9.668,13.832
73,9.705,13.932
74,9.605,13.812
75,9.638,13.861
76,9.703,13.961
77,9.533,13.760
78,9.391,13.602
79,9.429,13.692
80,9.363,13.568
81,9.306,13.554
82,9.217,13.466
83,9.108,13.303
84,9.129,13.309
85,9.121,13.295
86,9.200,13.294
87,9.180,13.321
88,9.094,13.192
89,8.971,13.015
90,8.921,12.972
91,8.890,12.935
92,8.855,12.898
93,8.897,12.997
94,8.903,12.982
95,9.081,13.144
96,9.145,13.202
97,9.183,13.221
98,9.165,13.221
99,9.147,13.212
100,9.109,13.159
101,9.116,13.190
102,9.139,13.205
103,9.132,13.198
104,9.290,13.404
105,9.286,13.385
106,9.259,13.415
107,9.214,13.328
108,9.071,13.157
109,8.947,12.969
110,9.041,13.044
111,8.975,13.010
112,8.902,12.849
113,8.844,12.787
114,8.845,12.756
115,9.066,13.003
116,9.268,13.170
117,9.369,13.266
118,9.486,13.380
119,9.440,13.344
120,9.460,13.333
121,9.538,13.427
122,9.650,13.528
123,9.838,13.713
124,9.996,13.864
125,9.755,13.570
126,9.860,13.689
127,9.968,13.798
128,9.917,13.745
129,10.070,13.936
130,10.096,13.918
131,10.109,13.947
132,10.279,14.124
133,10.451,14.334
134,10.639,14.557
135,10.704,14.656
136,10.841,14.799
137,10.970,15.007
138,10.989,15.007
139,11.118,15.152
140,11.187,15.237
141,11.209,15.240
142,11.210,15.242
143,11.203,15.261
144,11.108,15.189
145,11.066,15.160
146,11.088,15.168
147,10.984,15.028
148,11.131,15.209
149,11.160,15.257
150,11.150,15.192
151,11.133,15.198
152,11.136,15.206
153,11.188,15.258
154,11.243,15.342
155,11.199,15.241
156,11.151,15.198
157,11.091,15.171
158,10.986,15.056
159,10.853,14.923
160,10.583,14.644
161,10.548,14.635
162,10.544,14.617
163,10.510,14.627
164,10.482,14.569
165,10.465,14.596
166,10.371,14.488
167,10.316,14.479
168,10.305,14.518
169,10.392,14.651
170,10.347,14.600
171,10.113,14.370
172,10.115,14.385
173,10.039,14.295
174,9.972,14.248
175,9.935,14.212
176,9.801,14.053
177,9.576,13.819
178,9.449,13.673
179,9.480,13.744
180,9.469,13.716
181,9.379,13.583
182,9.268,13.472
183,9.160,13.345
184,9.069,13.238
185,9.038,13.211
186,9.022,13.192
187,8.941,13.064
188,8.954,13.103
189,8.890,13.006
190,8.907,13.048
191,9.129,13.294
192,9.171,13.334
193,9.159,13.288
194,9.091,13.200
195,9.157,13.336
196,9.162,13.333
197,9.181,13.383
198,9.085,13.310
199,8.928,13.129
200,8.996,13.192
201,9.097,13.373
202,9.321,13.565
203,9.484,13.754
204,9.390,13.623
205,9.455,13.721
206,9.398,13.664
207,9.552,13.820
208,9.542,13.819
209,9.617,13.906
210,9.655,13.947
211,9.598,13.889
212,9.510,13.830
213,9.500,13.806
214,9.399,13.654
215,9.393,13.716
216,9.403,13.718
217,9.399,13.707
218,9.369,13.674
219,9.335,13.601
220,9.334,13.654
221,9.347,13.613
222,9.399,13.654
223,9.483,13.734
224,9.569,13.812
225,9.629,13.856
226,9.680,13.925
227,9.729,13.933
228,9.824,14.072
229,9.900,14.119
230,9.989,14.200
231,10.058,14.304
232,9.974,14.151
233,9.895,14.115
234,10.005,14.220
235,9.961,14.157
236,10.078,14.275
237,10.124,14.318
238,10.087,14.267
239,9.937,14.101
240,9.940,14.127
241,9.987,14.203
242,10.102,14.301
243,10.200,14.447
244,10.228,14.495
245,9.926,14.192
246,9.905,14.179
247,9.792,14.059
248,9.740,13.999
249,9.637,13.886
250,9.463,13.654
251,9.393,13.590
252,9.309,13.490
253,9.298,13.480
254,9.255,13.440
255,9.269,13.427
256,9.241,13.367
257,9.172,13.291
258,9.148,13.272
259,9.131,13.233
260,9.143,13.256
261,9.140,13.240
262,9.120,13.209
263,9.070,13.142
264,9.008,13.067
265,8.858,12.899
266,8.902,12.943
267,9.038,13.138
268,9.063,13.161
269,8.958,13.038
270,9.098,13.241
271,9.100,13.248
272,9.119,13.266
273,9.190,13.366
274,9.102,13.218
275,9.096,13.248
276,9.076,13.233
277,9.208,13.408
278,9.209,13.383
279,9.362,13.607
280,9.261,13.468
281,9.165,13.388
282,9.154,13.367
283,9.139,13.362
284,8.915,13.049
285,8.790,12.910
286,8.702,12.781
287,8.672,12.748
288,8.549,12.587
289,8.571,12.607
290,8.674,12.722
291,8.747,12.848
292,8.713,12.729
293,8.706,12.704
294,8.738,12.743
295,8.753,12.779
296,8.730,12.692
297,8.738,12.735
298,8.652,12.613
299,8.511,12.477
300,8.444,12.378
301,8.464,12.404
302,8.459,12.381
303,8.451,12.386
304,8.478,12.426
305,8.481,12.393
306,8.539,12.514
307,8.558,12.535
308,8.645,12.628
309,8.746,12.749
310,8.875,12.893
311,8.917,12.931
312,8.989,13.040
313,9.107,13.164
314,9.199,13.290
315,9.254,13.321
316,9.294,13.382
317,9.465,13.617
318,9.504,13.626
319,9.452,13.539
320,9.473,13.569
321,9.450,13.569
322,9.476,13.617
323,9.511,13.685
324,9.406,13.525
325,9.375,13.493
326,9.247,13.374
327,9.171,13.270
328,9.103,13.177
329,9.050,13.118
330,8.987,13.039
331,9.064,13.113
332,9.059,13.093
333,9.049,13.068
334,9.083,13.107
335,9.153,13.172
336,9.175,13.179
337,9.205,13.245
338,9.213,13.238
339,9.214,13.237
340,9.209,13.225
341,9.198,13.200
342,9.144,13.156
343,8.990,12.963
344,9.030,13.039
345,9.001,12.989
346,8.980,12.978
347,9.019,13.019
348,9.020,12.993
349,9.049,13.033
350,9.054,13.048
351,9.048,13.005
352,9.007,12.960
353,8.991,12.952
354,9.059,13.032
355,9.146,13.142
356,9.080,13.069
357,9.118,13.111
358,9.196,13.209
359,9.237,13.236
360,9.227,13.225
361,9.201,13.189
362,9.221,13.226
363,9.178,13.174
364,9.139,13.126
365,9.159,13.157
366,9.084,13.045
367,9.040,13.024
368,9.002,12.982
369,8.994,12.980
370,9.016,12.979
371,8.967,12.910
372,9.188,13.161
373,9.255,13.189
374,9.204,13.131
375,9.121,13.024
376,9.129,13.009
377,9.178,13.096
378,9.153,13.057
379,9.162,13.047
380,9.147,12.990
381,9.200,13.061
382,9.214,13.037
383,9.256,13.095
384,9.294,13.132
385,9.330,13.142
386,9.420,13.259
387,9.448,13.302
388,9.448,13.303
389,9.448,13.310
390,9.459,13.358
391,9.422,13.331
392,9.407,13.349
393,9.349,13.283
394,9.315,13.264
395,9.234,13.177
396,9.077,13.009
397,8.994,12.947
398,8.966,12.895
399,8.904,12.819
400,8.922,12.826
401,8.949,12.865
402,8.957,12.882
403,8.940,12.867
404,8.970,12.912
405,8.966,12.909
406,9.003,12.962
407,9.036,12.985
408,9.163,13.095
409,9.032,12.976
410,8.987,12.989
411,8.949,12.960
412,8.973,12.978
413,9.012,13.027
414,9.008,13.006
415,9.052,13.090
416,9.052,13.072
417,9.006,13.005
418,8.971,12.953
419,8.988,12.988
420,9.009,13.006
421,9.057,13.073
422,9.075,13.073
423,9.124,13.154
424,9.127,13.124
425,9.149,13.131
426,9.187,13.208
427,9.132,13.105
428,9.186,13.157
429,9.222,13.217
430,9.289,13.292
431,9.326,13.343
432,9.291,13.264
433,9.293,13.272
434,9.296,13.284
435,9.293,13.271
436,9.292,13.258
437,9.275,13.222
438,9.313,13.267
439,9.332,13.287
440,9.345,13.292
441,9.414,13.339
442,9.449,13.395
443,9.441,13.328
444,9.519,13.448
445,9.571,13.523
446,9.633,13.587
447,9.679,13.619
448,9.710,13.639
449,9.804,13.748
450,9.825,13.771
451,9.881,13.843
452,9.884,13.815
453,9.800,13.727
454,9.767,13.661
455,9.724,13.625
456,9.733,13.601
457,9.749,13.614
458,9.784,13.668
459,9.668,13.572
460,9.628,13.491
461,9.598,13.524
462,9.507,13.424
463,9.482,13.392
464,9.453,13.340
465,9.447,13.339
466,9.494,13.418
467,9.456,13.332
468,9.490,13.409
469,9.464,13.329
470,9.469,13.345
471,9.510,13.411
472,9.490,13.354
473,9.517,13.418
474,9.503,13.372
475,9.490,13.358
476,9.476,13.332
477,9.492,13.358
478,9.504,13.400
479,9.450,13.302
480,9.457,13.325
481,9.441,13.289
482,9.417,13.208
483,9.419,13.268
484,9.386,13.186
485,9.373,13.185
486,9.361,13.173
487,9.369,13.197
488,9.359,13.184
489,9.347,13.177
490,9.343,13.170
491,9.303,13.109
492,9.295,13.124
493,9.231,13.054
494,9.204,13.009
495,9.178,12.995
496,9.173,12.972
497,9.158,12.943
498,9.160,12.980
499,9.148,12.967
500,9.111,12.911
501,9.294,13.120
502,9.299,13.125
503,9.308,13.124
504,9.240,13.045
505,9.197,13.005
506,9.155,12.983
507,9.126,12.944
508,9.103,12.917
509,9.091,12.904
510,9.095,12.902
511,9.090,12.896
512,9.092,12.893
513,9.072,12.854
514,9.065,12.875
515,9.028,12.812
516,8.992,12.763
517,8.950,12.728
518,8.858,12.614
519,8.846,12.610
520,8.820,12.593
521,8.814,12.579
522,8.836,12.639
523,8.821,12.596
524,8.853,12.675
525,8.843,12.646
526,8.859,12.679
527,8.908,12.769
528,8.880,12.738
529,8.909,12.807
530,8.937,12.835
531,8.979,12.906
532,9.036,13.022
533,9.027,12.980
534,9.076,13.060
535,9.084,13.079
536,9.097,13.116
537,9.094,13.158
538,9.054,13.149
539,9.033,13.120
540,9.022,13.162
541,9.008,13.169
542,9.021,13.227
543,9.200,13.487
544,9.203,13.531
545,9.193,13.516
546,9.267,13.632
547,9.277,13.707
548,9.226,13.676
549,9.328,13.805
550,9.226,13.704
551,9.179,13.698
552,9.392,13.949
553,9.356,13.897
554,9.387,13.957
555,9.540,14.086
556,9.605,14.157
557,9.676,14.249
558,9.774,14.307
559,9.867,14.402
560,10.094,14.633
561,10.306,14.788
562,10.496,14.961
563,10.616,15.048
564,10.667,15.140
565,10.745,15.203
566,10.764,15.190
567,10.649,15.087
568,10.625,15.003
569,10.685,15.072
570,10.613,15.020
571,10.675,15.051
572,10.718,15.056
573,10.537,14.813
574,10.551,14.790
575,10.541,14.741
576,10.337,14.483
577,10.338,14.461
578,10.353,14.463
579,10.161,14.242
580,10.111,14.150
581,10.092,14.135
582,10.055,14.037
583,9.999,14.041
584,9.778,13.780
585,9.660,13.703
586,9.547,13.574
587,9.435,13.445
588,9.315,13.354
589,9.119,13.116
590,8.970,13.000
591,8.691,12.711
592,8.471,12.466
593,8.461,12.450
594,8.806,12.849
595,8.826,12.844
596,8.975,13.001
597,9.062,12.994
598,9.169,13.101
599,9.129,13.057
600,9.006,12.858
601,8.991,12.841
602,9.004,12.846
603,8.971,12.729
604,8.999,12.805
605,8.952,12.695
606,8.928,12.687
607,8.908,12.636
608,8.658,12.379
609,8.528,12.233
610,8.728,12.458
611,8.620,12.364
612,8.580,12.312
613,8.698,12.410
614,8.939,12.671
615,9.020,12.732
616,9.207,12.945
617,9.540,13.314
618,9.621,13.357
619,9.724,13.459
620,9.808,13.542
621,9.783,13.526
622,10.000,13.745
623,10.108,13.845
624,10.241,13.988
625,10.318,14.043
626,10.396,14.105
627,10.291,14.009
628,10.398,14.088
629,10.419,14.094
630,10.524,14.204
631,10.603,14.258
632,10.707,14.384
633,10.933,14.611
634,10.998,14.658
635,11.024,14.709
636,10.797,14.402
637,10.744,14.342
638,10.925,14.564
639,10.978,14.596
640,10.979,14.580
641,10.946,14.537
642,11.010,14.605
643,11.056,14.613
644,11.090,14.646
645,11.371,14.976
646,11.452,15.062
647,11.453,15.091
648,11.397,15.024
649,11.372,15.036
650,11.299,14.972
651,11.244,14.902
652,11.106,14.749
653,11.062,14.721
654,11.008,14.678
655,11.014,14.716
656,10.960,14.640
657,10.939,14.668
658,10.912,14.624
659,10.855,14.565
660,10.826,14.560
661,10.757,14.498
662,10.715,14.454
663,10.672,14.435
664,10.581,14.317
665,10.257,13.938
666,10.380,14.129
667,10.404,14.153
668,10.261,13.992
669,10.005,13.675
670,9.970,13.640
671,9.971,13.643
672,9.889,13.555
673,10.040,13.787
674,9.982,13.677
675,9.968,13.703
676,9.979,13.742
677,10.021,13.784
678,10.096,13.894
679,10.076,13.879
680,9.937,13.707
681,9.851,13.622
682,9.966,13.786
683,10.007,13.821
684,9.891,13.698
685,9.995,13.819
686,10.019,13.845
687,10.080,13.894
688,10.138,13.991
689,10.166,14.016
690,10.160,13.996
691,10.216,14.086
692,10.206,14.072
693,10.230,14.074
694,10.253,14.114
695,10.261,14.124
696,10.258,14.122
697,10.207,14.059
698,10.211,14.059
699,10.189,14.033
700,10.182,14.006
701,10.157,13.994
702,10.114,13.938
703,10.065,13.886
704,10.035,13.846
705,10.041,13.868
706,10.024,13.828
707,10.001,13.813
708,10.009,13.815
709,9.963,13.765
710,9.913,13.685
711,9.862,13.663
712,9.811,13.577
713,9.764,13.528
714,9.735,13.529
715,9.687,13.464
716,9.663,13.427
717,9.611,13.352
718,9.639,13.387
719,9.658,13.379
720,9.670,13.394
721,9.669,13.344
722,9.696,13.422
723,9.647,13.341
724,9.598,13.301
725,9.524,13.230
726,9.449,13.157
727,9.427,13.119
728,9.363,13.005
729,9.357,13.061
730,9.308,12.983
731,9.277,12.960
732,9.252,12.933
733,9.239,12.921
734,9.179,12.864
735,9.145,12.811
736,9.134,12.815
737,9.145,12.815
738,9.153,12.863
739,9.096,12.776
740,9.069,12.757
741,9.069,12.745
742,9.091,12.782
743,9.088,12.770
744,9.193,12.885
745,9.217,12.891
746,9.225,12.900
747,9.172,12.871
748,9.167,12.860
749,9.168,12.854
750,9.155,12.817
751,9.165,12.854
752,9.160,12.849
753,9.162,12.859
754,9.123,12.821
755,9.124,12.823
756,9.112,12.828
757,9.124,12.860
758,9.098,12.815
759,9.012,12.752
760,8.892,12.607
761,8.882,12.595
762,8.802,12.506
763,8.785,12.457
764,8.769,12.434
765,9.010,12.715
766,9.003,12.684
767,9.033,12.722
768,8.926,12.600
769,8.900,12.603
770,8.838,12.496
771,8.937,12.642
772,8.923,12.613
773,8.815,12.454
774,8.846,12.525
775,8.912,12.573
776,9.081,12.793
777,9.124,12.835
778,9.021,12.687
779,9.049,12.752
780,9.035,12.734
781,9.215,12.967
782,9.248,13.004
783,9.297,13.031
784,9.353,13.139
785,9.404,13.208
786,9.417,13.194
787,9.439,13.253
788,9.394,13.154
789,9.383,13.151
790,9.402,13.173
791,9.396,13.154
792,9.416,13.157
793,9.423,13.140
794,9.450,13.211
795,9.475,13.245
796,9.463,13.219
797,9.477,13.227
798,9.366,13.088
799,9.355,13.079
800,9.344,13.065
801,9.372,13.116
802,9.357,13.082
803,9.373,13.119
804,9.463,13.182
805,9.533,13.277
806,9.600,13.330
807,9.521,13.216
808,9.512,13.212
809,9.488,13.160
810,9.473,13.131
811,9.510,13.211
812,9.517,13.237
813,9.498,13.190
814,9.521,13.228
815,9.519,13.217
816,9.493,13.164
817,9.542,13.252
818,9.534,13.228
819,9.525,13.207
820,9.542,13.247
821,9.561,13.307
822,9.579,13.332
823,9.582,13.305
824,9.591,13.329
825,9.615,13.396
826,9.594,13.363
827,9.590,13.366
828,9.579,13.340
829,9.568,13.326
830,9.555,13.289
831,9.548,13.298
832,9.551,13.306
833,9.589,13.356
834,9.587,13.352
835,9.623,13.393
836,9.644,13.412
837,9.706,13.480
838,9.779,13.554
839,9.831,13.608
840,9.903,13.672
841,10.005,13.802
842,10.000,13.759
843,9.946,13.728
844,9.859,13.629
845,9.883,13.668
846,9.844,13.634
847,9.782,13.594
848,9.737,13.564
849,9.690,13.505
850,9.691,13.570
851,9.603,13.436
852,9.416,13.282
853,9.224,13.113
854,9.217,13.136
855,9.198,13.101
856,9.228,13.145
857,9.190,13.064
858,9.228,13.134
859,9.242,13.144
860,9.269,13.201
861,9.272,13.145
862,9.319,13.235
863,9.347,13.316
864,9.515,13.476
865,9.597,13.587
866,9.517,13.461
867,9.348,13.322
868,9.201,13.225
869,9.234,13.298
870,9.218,13.251
871,9.231,13.292
872,9.216,13.254
873,9.397,13.451
874,9.436,13.516
875,9.388,13.465
876,9.262,13.324
877,9.189,13.244
878,9.178,13.251
879,9.195,13.311
880,9.215,13.331
881,9.184,13.253
882,9.212,13.323
883,9.205,13.293
884,9.191,13.260
885,9.192,13.247
886,9.201,13.262
887,9.223,13.296
888,9.227,13.286
889,9.239,13.342
890,9.223,13.284
891,9.231,13.312
892,9.271,13.364
893,9.340,13.437
894,9.409,13.528
895,9.497,13.595
896,9.569,13.709
897,9.661,13.766
898,9.712,13.833
899,9.805,13.930
900,9.874,13.983
901,9.992,14.112
902,10.081,14.263
903,10.008,14.122
904,10.024,14.161
905,10.052,14.189
906,9.976,14.098
907,9.968,14.069
908,9.971,14.081
909,9.958,14.061
910,9.968,14.084
911,9.944,14.065
912,9.964,14.108
913,9.954,14.060
914,9.944,14.076
915,9.925,14.031
916,9.953,14.098
917,9.942,14.074
918,9.952,14.048
919,9.951,14.078
920,9.948,14.033
921,9.950,14.035
922,9.964,14.083
923,9.969,14.072
924,9.969,14.075
925,10.010,14.146
926,10.003,14.118
927,10.031,14.153
928,10.021,14.104
929,10.036,14.131
930,10.049,14.154
931,10.061,14.172
932,10.043,14.120
933,10.052,14.197
934,10.055,14.171
935,10.051,14.184
936,10.063,14.215
937,10.048,14.194
938,10.040,14.157
939,9.978,14.090
940,9.916,14.027
941,9.837,13.958
942,9.790,13.926
943,9.762,13.893
944,9.757,13.866
945,9.755,13.870
946,9.765,13.882
947,9.749,13.872
948,9.761,13.883
949,9.759,13.845
950,9.762,13.878
951,9.757,13.866
952,9.740,13.829
953,9.764,13.894
954,9.779,13.876
955,9.789,13.893
956,9.817,13.920
957,9.807,13.929
958,9.838,13.944
959,9.860,13.990
960,9.831,13.912
961,9.856,13.965
962,9.844,13.952
963,9.816,13.919
964,9.823,13.945
965,9.777,13.843
966,9.750,13.836
967,9.742,13.863
968,9.661,13.764
969,9.649,13.770
970,9.632,13.727
971,9.603,13.712
972,9.565,13.641
973,9.543,13.621
974,9.513,13.600
975,9.495,13.559
976,9.470,13.537
977,9.424,13.492
978,9.413,13.480
979,9.367,13.437
980,9.342,13.391
981,9.317,13.391
982,9.253,13.293
983,9.203,13.215
984,9.177,13.163
985,9.126,13.148
986,9.125,13.182
987,9.110,13.148
988,9.072,13.105
989,9.066,13.092
990,9.042,13.081
991,9.030,13.051
992,9.004,12.997
993,8.970,12.997
994,8.960,12.970
995,8.909,12.910
996,8.876,12.859
997,8.860,12.869
998,8.813,12.793
999,8.917,12.902
1000,8.917,12.888
1001,8.918,12.871
1002,8.876,12.825
1003,8.815,12.741
1004,8.793,12.757
1005,8.770,12.724
1006,8.751,12.699
1007,8.736,12.660
1008,8.905,12.860
1009,8.958,12.921
1010,8.971,12.888
1011,8.952,12.861
1012,8.948,12.840
1013,8.980,12.909
1014,9.006,12.935
1015,8.983,12.866
1016,8.986,12.892
1017,9.008,12.887
1018,9.013,12.876
1019,9.041,12.930
1020,9.014,12.878
1021,9.027,12.861
1022,9.049,12.901
1023,9.082,12.930
1024,9.098,12.964
1025,9.117,12.968
1026,9.132,12.994
1027,9.126,12.968
1028,9.133,12.948
1029,9.128,12.950
1030,9.145,12.972
1031,9.172,13.002
1032,9.316,13.128
1033,9.357,13.211
1034,9.195,13.005
1035,9.109,12.934
1036,9.127,12.966
1037,9.110,12.922
1038,9.239,13.062
1039,9.269,13.071
1040,9.380,13.193
1041,9.367,13.193
1042,9.412,13.236
1043,9.484,13.314
1044,9.607,13.485
1045,9.680,13.537
1046,9.765,13.622
1047,9.887,13.750
1048,9.982,13.836
1049,10.085,13.936
1050,10.009,13.868
1051,9.893,13.719
1052,9.924,13.798
1053,9.903,13.779
1054,9.904,13.761
1055,9.904,13.803
1056,9.853,13.740
1057,9.818,13.709
1058,9.830,13.716
1059,9.807,13.688
1060,9.829,13.739
1061,9.830,13.756
1062,9.843,13.756
1063,9.858,13.795
1064,9.880,13.814
1065,9.877,13.814
1066,9.914,13.902
1067,9.920,13.894
1068,9.846,13.786
1069,9.898,13.880
1070,9.875,13.854
1071,9.867,13.833
1072,9.856,13.821
1073,9.866,13.846
1074,9.855,13.825
1075,9.873,13.879
1076,9.833,13.794
1077,9.853,13.835
1078,9.852,13.834
1079,9.859,13.871
1080,9.848,13.843
1081,9.856,13.842
1082,9.867,13.867
1083,9.883,13.894
1084,9.863,13.837
1085,9.883,13.882
1086,9.899,13.893
1087,9.933,13.980
1088,9.957,13.997
1089,9.951,13.982
1090,9.966,14.009
1091,9.954,14.001
1092,9.948,13.967
1093,9.945,13.973
1094,9.959,13.983
1095,9.936,13.960
1096,9.927,13.955
1097,9.909,13.939
1098,9.908,13.956
1099,9.856,13.874
1100,9.818,13.837
1101,9.828,13.874
1102,9.763,13.797
1103,9.713,13.739
1104,9.661,13.695
1105,9.630,13.668
1106,9.601,13.661
1107,9.550,13.565
1108,9.540,13.584
1109,9.490,13.515
1110,9.496,13.553
1111,9.447,13.479
1112,9.443,13.496
1113,9.410,13.448
1114,9.395,13.431
1115,9.377,13.401
1116,9.358,13.381
1117,9.374,13.447
1118,9.351,13.427
1119,9.351,13.444
1120,9.338,13.441
1121,9.371,13.497
1122,9.371,13.506
1123,9.327,13.435
1124,9.320,13.425
1125,9.293,13.405
1126,9.243,13.366
1127,9.230,13.344
1128,9.227,13.351
1129,9.201,13.311
1130,9.180,13.317
1131,9.163,13.286
1132,9.153,13.298
1133,9.145,13.311
1134,9.112,13.249
1135,9.068,13.198
1136,9.046,13.172
1137,8.999,13.106
1138,8.948,13.044
1139,8.942,13.067
1140,8.888,12.982
1141,8.840,12.929
1142,8.806,12.888
1143,8.740,12.833
1144,8.707,12.779
1145,8.681,12.743
1146,8.807,12.862
1147,8.832,12.862
1148,8.865,12.940
1149,8.844,12.937
1150,8.817,12.891
1151,8.793,12.849
1152,8.793,12.850
1153,8.763,12.779
1154,8.766,12.778
1155,8.905,12.941
1156,8.941,12.930
1157,8.954,12.990
1158,8.888,12.897
1159,8.848,12.834
1160,8.826,12.822
1161,8.755,12.703
1162,8.717,12.631
1163,8.692,12.611
1164,8.795,12.754
1165,8.823,12.769
1166,8.801,12.714
1167,8.712,12.578
1168,8.677,12.504
1169,8.689,12.556
1170,8.682,12.546
1171,8.682,12.550
1172,8.655,12.515
1173,8.667,12.503
1174,8.674,12.533
1175,8.697,12.532
1176,8.717,12.544
1177,8.712,12.544
1178,8.700,12.509
1179,8.729,12.543
1180,8.737,12.504
1181,8.804,12.601
1182,8.869,12.652
1183,8.929,12.735
1184,9.009,12.772
1185,9.078,12.853
1186,9.171,12.996
1187,9.266,13.110
1188,9.205,13.036
1189,9.271,13.082
1190,9.334,13.176
1191,9.337,13.185
1192,9.386,13.252
1193,9.383,13.248
1194,9.360,13.209
1195,9.320,13.152
1196,9.310,13.163
1197,9.352,13.210
1198,9.404,13.281
1199,9.449,13.325
1200,9.595,13.514
1201,9.627,13.515
1202,9.567,13.467
1203,9.385,13.252
1204,9.521,13.414
1205,9.529,13.393
1206,9.524,13.361
1207,9.651,13.547
1208,9.634,13.506
1209,9.683,13.548
1210,9.844,13.743
1211,9.987,13.909
1212,10.069,13.961
1213,10.110,13.991
1214,10.163,14.034
1215,10.209,14.090
1216,10.245,14.133
1217,10.299,14.174
1218,10.344,14.237
1219,10.363,14.239
1220,10.353,14.195
1221,10.422,14.298
1222,10.430,14.298
1223,10.450,14.329
1224,10.446,14.325
1225,10.450,14.323
1226,10.502,14.395
1227,10.427,14.305
1228,10.401,14.307
1229,10.347,14.268
1230,10.256,14.151
1231,10.210,14.097
1232,10.171,14.064
1233,10.102,14.020
1234,10.046,13.935
1235,9.993,13.882
1236,9.954,13.857
1237,9.885,13.754
1238,9.866,13.730
1239,9.826,13.682
1240,9.795,13.674
1241,9.807,13.692
1242,9.737,13.574
1243,9.727,13.550
1244,9.778,13.656
1245,9.757,13.629
1246,9.771,13.632
1247,9.767,13.636
1248,9.777,13.632
1249,9.834,13.713
1250,9.873,13.743
1251,9.917,13.800
1252,9.946,13.796
1253,10.027,13.904
1254,9.961,13.819
1255,9.840,13.704
1256,9.801,13.684
1257,9.765,13.664
1258,9.705,13.619
1259,9.575,13.463
1260,9.512,13.422
1261,9.444,13.355
1262,9.388,13.301
1263,9.287,13.208
1264,9.131,13.076
1265,8.966,12.895
1266,8.967,12.914
1267,8.944,12.846
1268,8.968,12.950
1269,8.886,12.839
1270,8.841,12.763
1271,8.823,12.732
1272,8.818,12.708
1273,8.946,12.877
1274,9.044,12.984
1275,9.062,13.007
1276,9.093,13.033
1277,9.116,13.050
1278,9.308,13.299
1279,9.254,13.174
1280,8.917,12.794
1281,8.726,12.707
1282,8.710,12.703
1283,8.756,12.768
1284,8.732,12.745
1285,8.701,12.694
1286,8.720,12.752
1287,8.726,12.738
1288,8.727,12.725
1289,8.750,12.772
1290,8.748,12.753
1291,8.734,12.749
1292,8.753,12.757
1293,8.753,12.736
1294,8.736,12.714
1295,8.757,12.783
1296,8.742,12.757
1297,8.749,12.748
1298,8.750,12.758
1299,8.755,12.780
1300,8.788,12.812
1301,8.781,12.795
1302,8.806,12.836
1303,8.810,12.812
1304,8.800,12.811
1305,8.795,12.796
1306,8.806,12.816
1307,8.817,12.857
1308,8.783,12.772
1309,8.809,12.866
1310,8.814,12.870
1311,8.776,12.777
1312,8.791,12.802
1313,8.808,12.817
1314,8.804,12.816
1315,8.789,12.783
1316,8.831,12.841
1317,8.816,12.847
1318,8.836,12.883
1319,8.840,12.857
1320,8.872,12.908
1321,8.906,12.938
1322,8.969,13.024
1323,8.995,13.044
1324,9.005,13.029
1325,9.056,13.108
1326,9.085,13.119
1327,9.108,13.135
1328,9.144,13.176
1329,9.194,13.244
1330,9.214,13.257
1331,9.233,13.270
1332,9.265,13.325
1333,9.271,13.314
1334,9.335,13.414
1335,9.226,13.290
1336,9.222,13.275
1337,9.196,13.254
1338,9.253,13.301
1339,9.297,13.370
1340,9.322,13.379
1341,9.224,13.257
1342,9.188,13.214
1343,9.166,13.192
1344,9.216,13.254
1345,9.220,13.265
1346,9.228,13.292
1347,9.242,13.312
1348,9.226,13.278
1349,9.234,13.317
1350,9.222,13.267
1351,9.248,13.346
1352,9.234,13.288
1353,9.228,13.273
1354,9.242,13.300
1355,9.259,13.317
1356,9.182,13.202
1357,9.185,13.219
1358,9.205,13.269
1359,9.188,13.222
1360,9.222,13.267
1361,9.220,13.275
1362,9.214,13.218
1363,9.229,13.255
1364,9.268,13.333
1365,9.239,13.298
1366,9.264,13.286
1367,9.266,13.313
1368,9.255,13.265
1369,9.304,13.342
1370,9.291,13.310
1371,9.308,13.366
1372,9.274,13.294
1373,9.279,13.310
1374,9.274,13.305
1375,9.274,13.302
1376,9.258,13.287
1377,9.272,13.284
1378,9.259,13.289
1379,9.233,13.228
1380,9.221,13.226
1381,9.222,13.214
1382,9.236,13.256
1383,9.208,13.187
1384,9.242,13.291
1385,9.247,13.264
1386,9.202,13.196
1387,9.167,13.168
1388,9.210,13.203
1389,9.187,13.177
1390,9.190,13.183
1391,9.215,13.228
1392,9.202,13.202
1393,9.171,13.152
1394,9.182,13.161
1395,9.134,13.096
1396,9.101,13.064
1397,9.097,13.051
1398,9.107,13.085
1399,9.089,13.050
1400,9.009,12.910
1401,8.992,12.906
1402,8.967,12.884
1403,8.960,12.895
1404,8.964,12.907
1405,8.906,12.801
1406,8.935,12.878
1407,8.895,12.824
1408,8.894,12.831
1409,8.862,12.805
1410,8.824,12.705
1411,8.792,12.678
1412,8.785,12.670
1413,8.777,12.683
1414,8.734,12.607
1415,8.722,12.593
1416,8.698,12.560
1417,8.664,12.512
1418,8.656,12.507
1419,8.630,12.475
1420,8.591,12.410
1421,8.566,12.358
1422,8.568,12.413
1423,8.564,12.387
1424,8.532,12.335
1425,8.591,12.396
1426,8.653,12.435
1427,8.630,12.395
1428,8.595,12.341
1429,8.592,12.344
1430,8.597,12.377
1431,8.678,12.430
1432,8.719,12.468
1433,8.701,12.452
1434,8.760,12.520
1435,8.753,12.523
1436,8.739,12.502
1437,8.670,12.459
1438,8.607,12.384
1439,8.591,12.373
1440,8.655,12.446
1441,8.663,12.437
1442,8.701,12.483
1443,8.782,12.564
1444,8.831,12.629
1445,8.898,12.705
1446,8.865,12.676
1447,8.855,12.638
1448,8.889,12.675
1449,8.938,12.755
1450,9.024,12.838
1451,9.109,12.922
1452,9.297,13.148
1453,9.390,13.237
1454,9.477,13.327
1455,9.635,13.567
1456,9.727,13.674
1457,9.912,13.923
1458,9.826,13.794
1459,9.891,13.876
1460,9.941,13.920
1461,9.942,13.949
1462,9.979,14.001
1463,9.972,13.978
1464,9.850,13.820
1465,9.876,13.858
1466,9.891,13.884
1467,9.953,13.937
1468,10.003,13.983
1469,10.012,13.994
1470,10.020,14.015
1471,10.034,14.013
1472,10.050,14.046
1473,10.052,14.026
1474,10.053,14.019
1475,10.050,14.000
1476,10.055,14.013
1477,10.039,13.987
1478,10.025,13.935
1479,10.015,13.930
1480,10.020,13.936
1481,10.001,13.880
1482,10.028,13.922
1483,10.009,13.877
1484,10.047,13.935
1485,10.045,13.918
1486,10.065,13.927
1487,10.062,13.911
1488,10.067,13.895
1489,10.104,13.962
1490,10.098,13.964
1491,10.075,13.911
1492,10.076,13.927
1493,10.108,13.953
1494,10.116,13.945
1495,10.149,13.952
1496,10.212,14.053
1497,10.186,13.993
1498,10.186,14.012
1499,10.158,13.951
1500,10.131,13.933
1501,10.090,13.855
1502,10.066,13.851
1503,9.993,13.762
1504,9.947,13.726
1505,9.853,13.606
1506,9.850,13.599
1507,9.802,13.538
1508,9.753,13.462
1509,9.719,13.457
1510,9.651,13.377
1511,9.597,13.333
1512,9.475,13.193
1513,9.410,13.119
1514,9.420,13.116
1515,9.444,13.139
1516,9.457,13.134
1517,9.493,13.195
1518,9.468,13.192
1519,9.418,13.105
1520,9.380,13.038
1521,9.373,13.061
1522,9.370,13.067
1523,9.354,13.089
1524,9.338,13.069
1525,9.314,13.036
1526,9.309,13.045
1527,9.257,12.993
1528,9.225,12.970
1529,9.190,12.948
1530,9.167,12.924
1531,9.138,12.910
1532,9.110,12.858
1533,9.062,12.830
1534,9.037,12.811
1535,8.977,12.719
1536,8.976,12.770
1537,8.908,12.679
1538,8.882,12.661
1539,8.856,12.629
1540,8.830,12.602
1541,8.811,12.630
1542,8.785,12.591
1543,8.723,12.506
1544,8.691,12.515
1545,8.836,12.653
1546,8.844,12.687
1547,8.871,12.727
1548,8.780,12.608
1549,8.762,12.591
1550,8.749,12.620
1551,8.882,12.737
1552,8.918,12.780
1553,8.954,12.816
1554,8.924,12.780
1555,8.932,12.820
1556,8.918,12.780
1557,8.904,12.753
1558,8.910,12.785
1559,8.924,12.809
1560,8.892,12.752
1561,8.861,12.704
1562,8.864,12.731
1563,8.870,12.747
1564,8.849,12.705
1565,8.846,12.740
1566,8.804,12.646
1567,8.810,12.681
1568,8.811,12.678
1569,8.799,12.655
1570,8.801,12.659
1571,8.791,12.649
1572,8.773,12.605
1573,8.778,12.635
1574,8.785,12.631
1575,8.781,12.613
1576,8.774,12.620
1577,8.770,12.597
1578,8.787,12.624
1579,8.768,12.569
1580,8.768,12.577
1581,8.765,12.575
1582,8.780,12.598
1583,8.759,12.577
1584,8.768,12.564
1585,8.762,12.544
1586,8.785,12.587
1587,8.772,12.537
1588,8.774,12.568
1589,8.780,12.539
1590,8.782,12.544
1591,8.825,12.591
1592,8.833,12.588
1593,8.863,12.605
1594,8.913,12.697
1595,8.930,12.687
1596,8.966,12.738
1597,8.993,12.740
1598,9.006,12.745
1599,9.069,12.824
1600,9.107,12.879
1601,9.122,12.884
1602,9.194,12.970
1603,9.217,12.952
1604,9.250,12.999
1605,9.289,13.022
1606,9.320,13.086
1607,9.326,13.071
1608,9.212,12.948
1609,9.209,12.958
1610,9.217,12.979
1611,9.128,12.866
1612,9.088,12.813
1613,9.075,12.817
1614,9.035,12.731
1615,9.083,12.818
1616,9.102,12.831
1617,9.136,12.814
1618,9.215,12.907
1619,9.250,12.955
1620,9.279,12.973
1621,9.330,13.022
1622,9.322,12.981
1623,9.382,13.083
1624,9.423,13.125
1625,9.471,13.186
1626,9.509,13.215
1627,9.554,13.259
1628,9.566,13.265
1629,9.584,13.289
1630,9.603,13.318
1631,9.632,13.322
1632,9.640,13.348
1633,9.632,13.324
1634,9.671,13.383
1635,9.669,13.350
1636,9.696,13.399
1637,9.706,13.377
1638,9.719,13.410
1639,9.736,13.453
1640,9.750,13.461
1641,9.743,13.414
1642,9.795,13.525
1643,9.779,13.468
1644,9.798,13.522
1645,9.820,13.536
1646,9.819,13.518
1647,9.867,13.610
1648,9.871,13.573
1649,9.891,13.597
1650,9.931,13.699
1651,9.947,13.694
1652,9.925,13.650
1653,9.967,13.696
1654,9.921,13.639
1655,9.944,13.703
1656,9.892,13.626
1657,9.903,13.657
1658,9.905,13.644
1659,9.912,13.640
1660,9.921,13.670
1661,9.961,13.719
1662,9.960,13.694
1663,9.982,13.724
1664,10.022,13.758
1665,10.123,13.921
1666,10.140,13.904
1667,10.221,14.029
1668,10.152,13.906
1669,10.037,13.789
1670,9.974,13.773
1671,9.940,13.735
1672,9.935,13.748
1673,9.886,13.700
1674,9.809,13.598
1675,9.775,13.621
1676,9.690,13.478
1677,9.656,13.467
1678,9.641,13.508
1679,9.484,13.303
1680,9.259,13.063
1681,9.204,13.090
1682,9.179,13.058
1683,9.161,13.030
1684,9.171,13.054
1685,9.180,13.037
1686,9.185,13.060
1687,9.192,13.065
1688,9.187,13.041
1689,9.238,13.129
1690,9.218,13.077
1691,9.233,13.083
1692,9.248,13.084
1693,9.295,13.156
1694,9.294,13.144
1695,9.318,13.154
1696,9.336,13.174
1697,9.153,12.944
1698,9.076,12.899
1699,8.839,12.631
1700,8.837,12.769
1701,8.782,12.670
1702,8.789,12.717
1703,8.768,12.655
1704,8.919,12.826
1705,8.993,12.929
1706,9.004,12.909
1707,8.992,12.913
1708,8.976,12.894
1709,8.963,12.855
1710,8.977,12.895
1711,8.973,12.890
1712,9.016,12.944
1713,9.006,12.957
1714,8.986,12.904
1715,9.000,12.935
1716,9.000,12.895
1717,9.021,12.944
1718,8.997,12.916
1719,9.005,12.890
1720,9.003,12.894
1721,9.008,12.920
1722,8.991,12.891
1723,9.001,12.926
1724,8.991,12.883
1725,8.998,12.905
1726,8.999,12.902
1727,9.005,12.914
1728,8.998,12.904
1729,9.001,12.905
1730,9.011,12.916
1731,9.005,12.916
1732,9.008,12.909
1733,8.998,12.882
1734,8.979,12.857
1735,8.968,12.843
1736,8.979,12.881
1737,8.993,12.896
1738,8.993,12.904
1739,8.986,12.899
1740,8.990,12.906
1741,9.025,12.946
1742,9.056,13.001
1743,9.075,12.986
1744,9.131,13.041
1745,9.154,13.046
1746,9.204,13.143
1747,9.233,13.162
1748,9.286,13.223
1749,9.301,13.238
1750,9.340,13.281
1751,9.407,13.394
1752,9.429,13.452
1753,9.434,13.439
1754,9.489,13.507
1755,9.535,13.533
1756,9.539,13.552
1757,9.553,13.563
1758,9.605,13.644
1759,9.569,13.549
1760,9.668,13.657
1761,9.551,13.528
1762,9.508,13.463
1763,9.505,13.477
1764,9.556,13.521
1765,9.597,13.552
1766,9.617,13.586
1767,9.619,13.586
1768,9.659,13.647
1769,9.671,13.647
1770,9.501,13.451
1771,9.501,13.461
1772,9.457,13.415
1773,9.505,13.478
1774,9.505,13.475
1775,9.503,13.460
1776,9.514,13.499
1777,9.523,13.492
1778,9.518,13.492
1779,9.530,13.508
1780,9.522,13.489
1781,9.543,13.524
1782,9.519,13.490
1783,9.521,13.480
1784,9.546,13.513
1785,9.556,13.534
1786,9.537,13.512
1787,9.553,13.543
1788,9.556,13.547
1789,9.553,13.513
1790,9.564,13.550
1791,9.548,13.515
1792,9.568,13.555
1793,9.561,13.538
1794,9.573,13.576
1795,9.572,13.571
1796,9.565,13.573
1797,9.589,13.600
1798,9.551,13.542
1799,9.558,13.534
1800,9.588,13.583
1801,9.601,13.617
1802,9.606,13.611
1803,9.575,13.530
1804,9.577,13.541
1805,9.603,13.587
1806,9.553,13.526
1807,9.555,13.538
1808,9.533,13.539
1809,9.551,13.560
1810,9.543,13.539
1811,9.555,13.541
1812,9.573,13.562
1813,9.545,13.519
1814,9.536,13.500
1815,9.578,13.573
1816,9.541,13.493
1817,9.569,13.564
1818,9.531,13.515
1819,9.549,13.554
1820,9.516,13.480
1821,9.538,13.539
1822,9.547,13.555
1823,9.504,13.477
1824,9.485,13.451
1825,9.467,13.442
1826,9.446,13.406
1827,9.424,13.363
1828,9.373,13.301
1829,9.402,13.358
1830,9.387,13.346
1831,9.359,13.307
1832,9.360,13.304
1833,9.339,13.281
1834,9.301,13.215
1835,9.291,13.236
1836,9.271,13.181
1837,9.236,13.144
1838,9.219,13.145
1839,9.170,13.075
1840,9.159,13.065
