0,7.939,10.440
1,7.936,10.438
2,7.948,10.440
3,7.947,10.437
4,7.946,10.450
5,7.954,10.445
6,7.954,10.448
7,7.932,10.424
8,7.920,10.391
9,7.918,10.386
10,7.949,10.439
11,7.953,10.438
12,7.928,10.396
13,7.932,10.401
14,7.929,10.391
15,7.935,10.404
16,7.935,10.413
17,7.934,10.393
18,7.888,10.352
19,7.874,10.334
20,7.875,10.358
21,7.828,10.295
22,7.814,10.279
23,7.780,10.245
24,7.756,10.240
25,7.730,10.201
26,7.740,10.215
27,7.704,10.188
28,7.661,10.127
29,7.658,10.143
30,7.622,10.113
31,7.591,10.068
32,7.614,10.111
33,7.589,10.090
34,7.586,10.100
35,7.572,10.088
36,7.547,10.074
37,7.553,10.091
38,7.534,10.075
39,7.530,10.076
40,7.530,10.083
41,7.508,10.080
42,7.476,10.012
43,7.451,9.999
44,7.408,9.980
45,7.373,9.931
46,7.329,9.888
47,7.337,9.908
48,7.301,9.858
49,7.281,9.840
50,7.389,9.918
51,7.392,9.931
52,7.397,9.917
53,7.479,9.990
54,7.496,10.015
55,7.501,10.004
56,7.476,9.997
57,7.471,9.985
58,7.473,9.987
59,7.578,10.072
60,7.583,10.063
61,7.579,10.053
62,7.542,10.031
63,7.540,10.030
64,7.483,9.963
65,7.481,9.974
66,7.420,9.902
67,7.392,9.898
68,7.478,9.964
69,7.463,9.950
70,7.465,9.950
71,7.413,9.891
72,7.350,9.850
73,7.322,9.811
74,7.306,9.822
75,7.267,9.765
76,7.258,9.765
77,7.489,9.972
78,7.553,10.027
79,7.627,10.106
80,7.598,10.077
81,7.609,10.097
82,7.590,10.077
83,7.637,10.139
84,7.644,10.134
85,7.660,10.154
86,7.716,10.216
87,7.790,10.302
88,7.808,10.320
89,7.866,10.384
90,7.879,10.414
91,7.913,10.452
92,7.922,10.491
93,7.949,10.519
94,7.993,10.574
95,8.063,10.660
96,8.143,10.755
97,8.177,10.816
98,8.244,10.892
99,8.280,10.931
100,8.360,11.040
101,8.449,11.122
102,8.559,11.242
103,8.631,11.325
104,8.577,11.269
105,8.629,11.310
106,8.727,11.416
107,8.657,11.338
108,8.660,11.319
109,8.645,11.291
110,8.549,11.195
111,8.490,11.126
112,8.488,11.130
113,8.506,11.149
114,8.500,11.142
115,8.477,11.118
116,8.459,11.105
117,8.428,11.067
118,8.420,11.083
119,8.391,11.049
120,8.387,11.060
121,8.391,11.062
122,8.460,11.156
123,8.495,11.200
124,8.471,11.158
125,8.465,11.180
126,8.442,11.140
127,8.582,11.296
128,8.660,11.386
129,8.739,11.466
130,8.780,11.481
131,8.839,11.579
132,8.966,11.707
133,9.019,11.740
134,9.163,11.914
135,9.233,11.978
136,9.278,12.014
137,9.331,12.057
138,9.387,12.120
139,9.465,12.212
140,9.528,12.283
141,9.567,12.296
142,9.637,12.364
143,9.607,12.317
144,9.596,12.305
145,9.582,12.266
146,9.568,12.227
147,9.559,12.200
148,9.562,12.187
149,9.519,12.132
150,9.508,12.125
151,9.473,12.050
152,9.414,11.963
153,9.381,11.928
154,9.326,11.847
155,9.266,11.778
156,9.207,11.698
157,9.164,11.654
158,9.173,11.643
159,9.150,11.595
160,9.114,11.537
161,9.059,11.448
162,9.006,11.378
163,8.992,11.343
164,8.940,11.287
165,8.945,11.307
166,8.943,11.277
167,8.957,11.279
168,8.958,11.275
169,8.957,11.275
170,8.928,11.244
171,8.909,11.225
172,8.948,11.261
173,8.996,11.330
174,9.000,11.334
175,9.000,11.332
176,9.027,11.365
177,9.051,11.406
178,9.050,11.392
179,9.095,11.466
180,9.077,11.432
181,9.111,11.481
182,9.157,11.556
183,9.181,11.566
184,9.146,11.557
185,9.120,11.540
186,9.120,11.567
187,9.091,11.550
188,9.054,11.540
189,9.040,11.555
190,9.001,11.549
191,8.952,11.527
192,8.912,11.511
193,8.881,11.540
194,8.845,11.521
195,8.817,11.529
196,8.787,11.545
197,8.767,11.550
198,8.806,11.645
199,8.772,11.625
200,8.754,11.649
201,8.783,11.718
202,8.748,11.731
203,8.749,11.769
204,8.741,11.781
205,8.753,11.863
206,8.779,11.928
207,8.788,12.027
208,8.735,11.968
209,8.739,12.063
210,8.775,12.177
211,8.797,12.233
212,8.807,12.193
213,8.794,12.205
214,8.758,12.148
215,8.713,12.096
216,8.728,12.149
217,8.741,12.176
218,8.780,12.134
219,8.780,12.107
220,8.795,12.108
221,8.816,12.161
222,8.804,12.154
223,8.836,12.207
224,8.779,12.157
225,8.785,12.153
226,8.797,12.163
227,8.812,12.170
228,8.805,12.191
229,8.817,12.181
230,8.787,12.150
231,8.763,12.101
232,8.766,12.107
233,8.740,12.066
234,8.763,12.109
235,8.791,12.169
236,8.826,12.204
237,8.829,12.214
238,8.826,12.209
239,8.781,12.115
240,8.813,12.185
241,8.833,12.216
242,8.816,12.195
243,8.809,12.183
244,8.776,12.139
245,8.793,12.155
246,8.772,12.113
247,8.757,12.118
248,8.741,12.096
249,8.700,12.079
250,8.691,12.033
251,8.668,12.021
252,8.652,11.983
253,8.645,11.996
254,8.662,11.944
255,8.623,11.859
256,8.632,11.849
257,8.636,11.866
258,8.631,11.843
259,8.639,11.827
260,8.639,11.784
261,8.671,11.826
262,8.670,11.778
263,8.660,11.763
264,8.668,11.729
265,8.733,11.790
266,8.764,11.808
267,8.801,11.828
268,8.808,11.798
269,8.832,11.846
270,8.880,11.920
271,8.876,11.911
272,8.880,11.979
273,8.886,11.979
274,8.881,11.995
275,8.870,11.999
276,8.853,11.990
277,8.812,11.962
278,8.788,11.921
279,8.766,11.919
280,8.733,11.883
281,8.717,11.861
282,8.717,11.867
283,8.750,11.897
284,8.749,11.901
285,8.727,11.890
286,8.800,11.957
287,8.838,11.981
288,8.862,12.014
289,8.895,12.050
290,8.899,12.056
291,8.942,12.094
292,8.952,12.100
293,8.956,12.091
294,8.947,12.085
295,8.928,12.062
296,8.918,12.061
297,8.919,12.051
298,8.892,12.040
299,8.924,12.092
300,8.899,12.031
301,8.916,12.061
302,8.942,12.083
303,8.979,12.128
304,8.975,12.120
305,9.026,12.185
306,9.062,12.227
307,9.076,12.238
308,9.133,12.327
309,9.176,12.389
310,9.207,12.427
311,9.197,12.392
312,9.190,12.385
313,9.184,12.385
314,9.197,12.396
315,9.195,12.407
316,9.219,12.412
317,9.260,12.468
318,9.268,12.488
319,9.271,12.496
320,9.309,12.549
321,9.333,12.579
322,9.312,12.546
323,9.381,12.656
324,9.363,12.636
325,9.401,12.700
326,9.391,12.688
327,9.354,12.619
328,9.338,12.606
329,9.343,12.632
330,9.341,12.650
331,9.340,12.663
332,9.346,12.655
333,9.338,12.633
334,9.342,12.686
335,9.338,12.663
336,9.326,12.658
337,9.298,12.615
338,9.295,12.632
339,9.252,12.582
340,9.257,12.595
341,9.233,12.563
342,9.207,12.515
343,9.168,12.477
344,9.176,12.517
345,9.154,12.489
346,9.153,12.503
347,9.126,12.452
348,9.150,12.503
349,9.161,12.520
350,9.150,12.490
351,9.116,12.456
352,9.096,12.440
353,9.099,12.415
354,9.072,12.419
355,9.050,12.384
356,9.023,12.370
357,9.031,12.350
358,9.042,12.398
359,9.008,12.342
360,9.011,12.368
361,8.992,12.330
362,8.948,12.281
363,8.946,12.277
364,8.935,12.263
365,8.905,12.268
366,8.909,12.288
367,8.910,12.294
368,8.884,12.267
369,8.873,12.240
370,8.885,12.281
371,8.865,12.230
372,8.872,12.251
373,8.833,12.191
374,8.788,12.141
375,8.753,12.088
376,8.759,12.120
377,8.795,12.095
378,8.797,12.049
379,8.745,11.961
380,8.756,11.973
381,8.755,11.976
382,8.750,12.006
383,8.819,12.016
384,8.833,12.007
385,8.834,12.008
386,8.811,11.935
387,8.804,11.949
388,8.768,11.905
389,8.798,11.900
390,8.794,11.910
391,8.787,11.880
392,8.782,11.890
393,8.734,11.829
394,8.741,11.838
395,8.730,11.811
396,8.746,11.852
397,8.724,11.805
398,8.692,11.776
399,8.686,11.769
400,8.681,11.750
401,8.681,11.729
402,8.709,11.779
403,8.682,11.724
404,8.659,11.712
405,8.635,11.659
406,8.671,11.710
407,8.648,11.680
408,8.648,11.702
409,8.627,11.665
410,8.610,11.650
411,8.620,11.675
412,8.615,11.662
413,8.647,11.690
414,8.645,11.671
415,8.625,11.659
416,8.653,11.700
417,8.621,11.651
418,8.637,11.665
419,8.677,11.730
420,8.630,11.672
421,8.652,11.685
422,8.618,11.630
423,8.629,11.664
424,8.587,11.622
425,8.583,11.613
426,8.578,11.605
427,8.600,11.622
428,8.601,11.615
429,8.620,11.640
430,8.598,11.575
431,8.593,11.561
432,8.586,11.568
433,8.569,11.513
434,8.521,11.487
435,8.540,11.485
436,8.525,11.486
437,8.543,11.470
438,8.541,11.486
439,8.505,11.423
440,8.507,11.428
441,8.492,11.406
442,8.498,11.428
443,8.469,11.407
444,8.463,11.408
445,8.467,11.428
446,8.415,11.416
447,8.377,11.397
448,8.369,11.397
449,8.371,11.366
450,8.374,11.360
451,8.406,11.397
452,8.351,11.362
453,8.334,11.326
454,8.346,11.335
455,8.287,11.252
456,8.211,11.251
457,8.206,11.256
458,8.202,11.230
459,8.184,11.219
460,8.231,11.290
461,8.192,11.196
462,8.216,11.223
463,8.231,11.207
464,8.215,11.152
465,8.219,11.093
466,8.200,11.069
467,8.195,11.070
468,8.113,10.967
469,8.072,10.950
470,8.032,10.908
471,7.960,10.851
472,7.928,10.821
473,7.874,10.776
474,7.810,10.715
475,7.787,10.726
476,7.724,10.680
477,7.645,10.654
478,7.583,10.630
479,7.540,10.634
480,7.500,10.619
481,7.533,10.654
482,7.478,10.601
483,7.480,10.590
484,7.493,10.606
485,7.505,10.604
486,7.496,10.602
487,7.490,10.587
488,7.510,10.625
489,7.480,10.580
490,7.483,10.555
491,7.476,10.551
492,7.496,10.570
493,7.488,10.551
494,7.519,10.574
495,7.490,10.532
496,7.483,10.514
497,7.499,10.498
498,7.473,10.460
499,7.525,10.505
500,7.538,10.505
501,7.572,10.534
502,7.562,10.487
503,7.566,10.459
504,7.584,10.459
505,7.555,10.375
506,7.552,10.364
507,7.513,10.302
508,7.508,10.266
509,7.479,10.238
510,7.477,10.242
511,7.478,10.285
512,7.485,10.347
513,7.484,10.374
514,7.558,10.484
515,7.637,10.620
516,7.687,10.712
517,7.775,10.817
518,7.706,10.781
519,7.702,10.795
520,7.651,10.761
521,7.556,10.678
522,7.526,10.653
523,7.472,10.605
524,7.561,10.659
525,7.539,10.686
526,7.416,10.528
527,7.435,10.525
528,7.328,10.398
529,7.202,10.290
530,7.121,10.149
531,6.993,10.073
532,6.993,10.060
533,7.109,10.121
534,7.123,10.107
535,7.145,10.064
536,7.166,10.134
537,7.196,10.156
538,7.243,10.183
539,7.267,10.198
540,7.290,10.209
541,7.327,10.227
542,7.357,10.254
543,7.378,10.232
544,7.439,10.258
545,7.479,10.233
546,7.521,10.230
547,7.563,10.251
548,7.578,10.207
549,7.635,10.248
550,7.660,10.237
551,7.630,10.227
552,7.649,10.234
553,7.691,10.268
554,7.688,10.280
555,7.695,10.274
556,7.713,10.286
557,7.704,10.295
558,7.712,10.308
559,7.735,10.348
560,7.735,10.357
561,7.747,10.372
562,7.752,10.372
563,7.794,10.400
564,7.787,10.386
565,7.783,10.377
566,7.811,10.431
567,7.816,10.412
568,7.836,10.463
569,7.848,10.457
570,7.866,10.498
571,7.864,10.484
572,7.885,10.506
573,7.875,10.509
574,7.911,10.531
575,7.937,10.578
576,7.926,10.557
577,7.963,10.610
578,7.991,10.659
579,8.000,10.662
580,8.003,10.653
581,8.013,10.687
582,8.017,10.686
583,7.994,10.661
584,7.999,10.665
585,8.013,10.702
586,8.014,10.695
587,8.058,10.750
588,8.078,10.788
589,8.037,10.725
590,8.076,10.761
591,8.093,10.786
592,8.093,10.788
593,8.074,10.760
594,8.089,10.782
595,8.080,10.778
596,8.095,10.792
597,8.104,10.828
598,8.126,10.856
599,8.126,10.854
600,8.127,10.872
601,8.122,10.881
602,8.118,10.893
603,8.131,10.909
604,8.143,10.935
605,8.146,10.929
606,8.141,10.940
607,8.117,10.912
608,8.140,10.948
609,8.163,10.972
610,8.154,10.971
611,8.173,11.009
612,8.152,10.977
613,8.132,10.964
614,8.149,10.967
615,8.125,10.966
616,8.158,11.006
617,8.134,11.003
618,8.148,11.007
619,8.136,11.020
620,8.139,11.027
621,8.112,10.992
622,8.164,11.070
623,8.141,11.076
624,8.147,11.093
625,8.146,11.110
626,8.190,11.161
627,8.166,11.136
628,8.155,11.142
629,8.157,11.143
630,8.162,11.151
631,8.196,11.200
632,8.183,11.190
633,8.186,11.202
634,8.191,11.203
635,8.244,11.223
636,8.213,11.170
637,8.231,11.187
638,8.243,11.164
639,8.257,11.177
640,8.257,11.176
641,8.266,11.203
642,8.246,11.176
643,8.279,11.218
644,8.246,11.182
645,8.263,11.201
646,8.288,11.224
647,8.286,11.223
648,8.305,11.214
649,8.294,11.217
650,8.291,11.187
651,8.288,11.192
652,8.310,11.237
653,8.345,11.208
654,8.355,11.221
655,8.357,11.223
656,8.375,11.245
657,8.339,11.197
658,8.344,11.206
659,8.346,11.209
660,8.353,11.208
661,8.346,11.187
662,8.360,11.206
663,8.343,11.197
664,8.382,11.237
665,8.367,11.232
666,8.393,11.276
667,8.386,11.232
668,8.375,11.222
669,8.413,11.247
670,8.369,11.181
671,8.377,11.184
672,8.371,11.163
673,8.366,11.155
674,8.393,11.175
675,8.330,11.085
676,8.362,11.105
677,8.380,11.126
678,8.342,11.057
679,8.356,11.068
680,8.330,11.027
681,8.345,11.030
682,8.368,11.044
683,8.368,11.036
684,8.307,10.925
685,8.294,10.920
686,8.276,10.884
687,8.293,10.911
688,8.296,10.896
689,8.244,10.821
690,8.241,10.799
691,8.295,10.861
692,8.337,10.886
693,8.334,10.875
694,8.318,10.854
695,8.302,10.846
696,8.275,10.830
697,8.266,10.810
698,8.243,10.818
699,8.282,10.865
700,8.249,10.807
701,8.246,10.816
702,8.235,10.808
703,8.205,10.775
704,8.207,10.768
705,8.202,10.770
706,8.175,10.750
707,8.193,10.772
708,8.182,10.764
709,8.139,10.707
710,8.146,10.749
711,8.119,10.700
712,8.125,10.719
713,8.134,10.742
714,8.121,10.717
715,8.089,10.682
716,8.076,10.689
717,8.055,10.667
718,8.038,10.652
719,8.048,10.668
720,8.040,10.662
721,8.043,10.654
722,7.966,10.597
723,7.943,10.596
724,7.917,10.556
725,7.911,10.563
726,7.889,10.535
727,7.899,10.546
728,7.936,10.557
729,7.932,10.511
730,7.966,10.551
731,7.978,10.586
732,7.977,10.589
733,7.958,10.561
734,7.953,10.553
735,7.934,10.531
736,7.923,10.529
737,7.882,10.467
738,7.852,10.438
739,7.838,10.439
740,7.836,10.375
741,7.881,10.437
742,7.869,10.401
743,7.857,10.406
744,7.865,10.430
745,7.873,10.446
746,7.829,10.386
747,7.810,10.374
748,7.820,10.401
749,7.812,10.371
750,7.767,10.338
751,7.744,10.313
752,7.716,10.280
753,7.728,10.302
754,7.713,10.293
755,7.679,10.246
756,7.688,10.281
757,7.639,10.213
758,7.679,10.263
759,7.651,10.207
760,7.642,10.214
761,7.641,10.220
762,7.641,10.221
763,7.616,10.190
764,7.573,10.156
765,7.560,10.130
766,7.568,10.144
767,7.564,10.123
768,7.530,10.090
769,7.548,10.122
770,7.520,10.074
771,7.519,10.090
772,7.515,10.057
773,7.527,10.075
774,7.511,10.045
775,7.478,10.029
776,7.494,10.042
777,7.495,10.033
778,7.501,10.027
779,7.469,10.004
780,7.485,10.031
781,7.468,10.007
782,7.458,9.989
783,7.480,10.026
784,7.449,9.994
785,7.415,9.936
786,7.391,9.918
787,7.398,9.931
788,7.387,9.912
789,7.336,9.855
790,7.312,9.835
791,7.275,9.787
792,7.260,9.778
793,7.276,9.795
794,7.245,9.773
795,7.230,9.735
796,7.244,9.779
797,7.188,9.731
798,7.170,9.724
799,7.173,9.731
800,7.166,9.699
801,7.201,9.742
802,7.236,9.784
803,7.169,9.731
804,7.176,9.746
805,7.139,9.714
806,7.167,9.755
807,7.176,9.771
808,7.174,9.770
809,7.182,9.769
810,7.204,9.804
811,7.210,9.804
812,7.178,9.770
813,7.208,9.805
814,7.203,9.795
815,7.197,9.806
816,7.213,9.807
817,7.205,9.800
818,7.231,9.829
819,7.232,9.833
820,7.246,9.850
821,7.237,9.827
822,7.259,9.878
823,7.286,9.886
824,7.310,9.929
825,7.336,9.966
826,7.316,9.928
827,7.340,9.951
828,7.382,10.012
829,7.402,10.039
830,7.433,10.063
831,7.472,10.089
832,7.491,10.127
833,7.480,10.103
834,7.509,10.136
835,7.549,10.182
836,7.568,10.199
837,7.636,10.287
838,7.633,10.262
839,7.662,10.299
840,7.706,10.356
841,7.705,10.348
842,7.741,10.389
843,7.771,10.427
844,7.777,10.439
845,7.797,10.465
846,7.817,10.504
847,7.836,10.533
848,7.811,10.503
849,7.829,10.536
850,7.810,10.530
851,7.855,10.603
852,7.855,10.614
853,7.876,10.649
854,7.883,10.654
855,7.887,10.664
856,7.898,10.671
857,7.903,10.698
858,7.929,10.725
859,7.964,10.779
860,7.995,10.838
861,7.977,10.811
862,8.005,10.851
863,8.014,10.875
864,8.064,10.938
865,8.068,10.932
866,8.065,10.945
867,8.050,10.933
868,7.978,10.855
869,7.950,10.866
870,7.882,10.789
871,7.883,10.840
872,7.905,10.892
873,7.918,10.907
874,7.931,10.935
875,7.943,10.940
876,7.952,10.980
877,7.978,11.022
878,7.978,11.033
879,8.009,11.075
880,8.016,11.077
881,8.034,11.106
882,8.038,11.130
883,8.061,11.161
884,8.062,11.161
885,8.080,11.182
886,8.097,11.228
887,8.060,11.181
888,8.095,11.227
889,8.087,11.235
890,8.101,11.249
891,8.086,11.236
892,8.117,11.285
893,8.116,11.264
894,8.123,11.284
895,8.106,11.285
896,8.131,11.294
897,8.125,11.290
898,8.099,11.284
899,8.114,11.325
900,8.070,11.265
901,8.049,11.238
902,8.117,11.288
903,8.097,11.252
904,8.097,11.262
905,8.064,11.246
906,8.023,11.195
907,7.992,11.153
908,8.080,11.221
909,8.097,11.231
910,8.081,11.194
911,8.080,11.195
912,8.073,11.197
913,8.076,11.202
914,8.089,11.229
915,8.051,11.171
916,8.061,11.179
917,8.051,11.187
918,8.026,11.142
919,7.996,11.104
920,8.016,11.134
921,7.985,11.094
922,7.983,11.112
923,8.035,11.101
924,8.068,11.135
925,8.062,11.128
926,8.007,11.050
927,8.034,11.105
928,8.012,11.081
929,7.967,11.024
930,7.953,11.022
931,7.933,11.009
932,7.881,10.923
933,7.880,10.939
934,7.834,10.907
935,7.860,10.875
936,7.834,10.827
937,7.858,10.839
938,7.806,10.779
939,7.804,10.781
940,7.761,10.718
941,7.758,10.714
942,7.756,10.673
943,7.720,10.587
944,7.724,10.575
945,7.683,10.513
946,7.709,10.507
947,7.709,10.483
948,7.678,10.430
949,7.679,10.409
950,7.679,10.395
951,7.645,10.326
952,7.620,10.271
953,7.568,10.197
954,7.553,10.168
955,7.515,10.108
956,7.465,10.061
957,7.379,9.947
958,7.296,9.821
959,7.208,9.721
960,7.126,9.645
961,7.013,9.517
962,6.835,9.343
963,6.785,9.292
964,6.830,9.355
965,6.801,9.320
966,6.835,9.360
967,6.818,9.333
968,6.804,9.331
969,6.829,9.363
970,6.817,9.345
971,6.818,9.352
972,6.807,9.344
973,6.840,9.371
974,6.855,9.396
975,6.860,9.408
976,6.862,9.409
977,6.867,9.404
978,6.894,9.425
979,6.863,9.387
980,6.896,9.445
981,6.895,9.436
982,6.901,9.439
983,6.928,9.468
984,6.915,9.451
985,6.921,9.462
986,6.940,9.476
987,6.932,9.474
988,6.962,9.503
989,6.961,9.508
990,6.964,9.505
991,6.971,9.513
992,6.987,9.534
993,6.992,9.545
994,7.007,9.573
995,7.010,9.560
996,7.042,9.581
997,7.043,9.592
998,7.055,9.583
999,7.074,9.605
1000,7.088,9.625
1001,7.110,9.644
1002,7.111,9.636
1003,7.132,9.664
1004,7.105,9.625
1005,7.144,9.680
1006,7.131,9.662
1007,7.162,9.698
1008,7.159,9.718
1009,7.161,9.715
1010,7.175,9.736
1011,7.204,9.772
1012,7.200,9.780
1013,7.222,9.808
1014,7.253,9.849
1015,7.257,9.837
1016,7.292,9.900
1017,7.314,9.924
1018,7.338,9.963
1019,7.377,10.011
1020,7.433,10.089
1021,7.458,10.116
1022,7.531,10.219
1023,7.553,10.241
1024,7.606,10.300
1025,7.689,10.421
1026,7.752,10.501
1027,7.807,10.558
1028,7.867,10.617
1029,7.919,10.681
1030,7.990,10.774
1031,8.067,10.867
1032,8.118,10.936
1033,8.250,11.098
1034,8.349,11.195
1035,8.440,11.298
1036,8.547,11.414
1037,8.609,11.495
1038,8.520,11.425
1039,8.406,11.297
1040,8.307,11.241
1041,8.176,11.111
1042,8.066,10.993
1043,7.930,10.856
1044,7.850,10.805
1045,7.695,10.651
1046,7.597,10.561
1047,7.429,10.383
1048,7.302,10.271
1049,7.215,10.132
1050,6.987,9.872
1051,6.764,9.639
1052,6.693,9.567
1053,6.685,9.552
1054,6.713,9.577
1055,6.723,9.550
1056,6.695,9.509
1057,6.736,9.546
1058,6.770,9.569
1059,6.761,9.549
1060,6.752,9.546
1061,6.755,9.543
1062,6.766,9.540
1063,6.744,9.544
1064,6.787,9.549
1065,6.813,9.580
1066,6.816,9.541
1067,6.887,9.551
1068,6.934,9.565
1069,6.981,9.592
1070,6.996,9.586
1071,7.022,9.602
1072,7.119,9.681
1073,7.083,9.638
1074,7.142,9.699
1075,7.200,9.740
1076,7.206,9.767
1077,7.208,9.737
1078,7.279,9.806
1079,7.243,9.771
1080,7.312,9.822
1081,7.325,9.819
1082,7.331,9.846
1083,7.346,9.845
1084,7.403,9.899
1085,7.382,9.887
1086,7.388,9.885
1087,7.382,9.892
1088,7.368,9.861
1089,7.353,9.843
1090,7.354,9.844
1091,7.366,9.854
1092,7.376,9.876
1093,7.381,9.880
1094,7.384,9.865
1095,7.368,9.853
1096,7.395,9.872
1097,7.405,9.878
1098,7.406,9.891
1099,7.413,9.884
1100,7.422,9.894
1101,7.429,9.912
1102,7.433,9.906
1103,7.433,9.907
1104,7.454,9.939
1105,7.469,9.954
1106,7.461,9.941
1107,7.463,9.942
1108,7.458,9.923
1109,7.473,9.928
1110,7.478,9.945
1111,7.471,9.927
1112,7.500,9.970
1113,7.463,9.924
1114,7.424,9.893
1115,7.426,9.908
1116,7.396,9.858
1117,7.385,9.864
1118,7.396,9.893
1119,7.387,9.881
1120,7.347,9.841
1121,7.381,9.893
1122,7.365,9.905
1123,7.353,9.889
1124,7.331,9.871
1125,7.347,9.897
1126,7.361,9.922
1127,7.342,9.902
1128,7.309,9.882
1129,7.332,9.920
1130,7.331,9.929
1131,7.345,9.972
1132,7.357,9.989
1133,7.334,9.976
1134,7.354,10.012
1135,7.369,10.016
1136,7.393,10.061
1137,7.400,10.076
1138,7.402,10.077
1139,7.433,10.120
1140,7.464,10.169
1141,7.465,10.176
1142,7.462,10.182
1143,7.472,10.206
1144,7.493,10.251
1145,7.482,10.230
1146,7.504,10.284
1147,7.517,10.308
1148,7.521,10.331
1149,7.526,10.367
1150,7.523,10.355
1151,7.530,10.380
1152,7.533,10.405
1153,7.533,10.419
1154,7.526,10.427
1155,7.532,10.456
1156,7.553,10.514
1157,7.554,10.494
1158,7.538,10.501
1159,7.566,10.563
1160,7.589,10.622
1161,7.606,10.665
1162,7.628,10.707
1163,7.639,10.721
1164,7.641,10.758
1165,7.660,10.790
1166,7.697,10.866
1167,7.710,10.892
1168,7.711,10.910
1169,7.757,10.977
1170,7.805,11.042
1171,7.795,11.021
1172,7.837,11.096
1173,7.830,11.090
1174,7.833,11.098
1175,7.856,11.173
1176,7.862,11.167
1177,7.914,11.240
1178,7.964,11.312
1179,7.984,11.347
1180,8.014,11.365
1181,8.053,11.434
1182,8.057,11.406
1183,8.076,11.454
1184,8.076,11.453
1185,8.124,11.521
1186,8.103,11.478
1187,8.135,11.520
1188,8.181,11.566
1189,8.205,11.616
1190,8.222,11.624
1191,8.241,11.656
1192,8.251,11.661
1193,8.241,11.622
1194,8.265,11.644
1195,8.305,11.693
1196,8.327,11.713
1197,8.347,11.736
1198,8.378,11.776
1199,8.383,11.762
1200,8.447,11.846
1201,8.525,11.937
1202,8.508,11.904
1203,8.592,12.020
1204,8.604,12.023
1205,8.601,11.999
1206,8.644,12.040
1207,8.696,12.099
1208,8.726,12.124
1209,8.764,12.158
1210,8.799,12.196
1211,8.850,12.238
1212,8.881,12.248
1213,8.889,12.248
1214,8.912,12.267
1215,8.934,12.276
1216,8.941,12.284
1217,8.966,12.291
1218,9.002,12.311
1219,9.053,12.365
1220,9.093,12.387
1221,9.130,12.468
1222,9.130,12.417
1223,9.148,12.431
1224,9.181,12.450
1225,9.248,12.562
1226,9.267,12.575
1227,9.256,12.507
1228,9.266,12.531
1229,9.287,12.552
1230,9.255,12.520
1231,9.222,12.490
1232,9.247,12.500
1233,9.248,12.517
1234,9.248,12.513
1235,9.234,12.495
1236,9.230,12.484
1237,9.208,12.460
1238,9.221,12.493
1239,9.195,12.468
1240,9.215,12.497
1241,9.130,12.379
1242,9.078,12.325
1243,9.078,12.328
1244,9.016,12.275
1245,9.014,12.264
1246,9.039,12.297
1247,9.035,12.251
1248,9.086,12.349
1249,9.059,12.349
1250,9.035,12.302
1251,9.025,12.329
1252,9.036,12.331
1253,9.023,12.331
1254,8.968,12.267
1255,8.962,12.252
1256,8.995,12.304
1257,8.932,12.228
1258,8.933,12.232
1259,8.907,12.229
1260,8.893,12.202
1261,8.862,12.150
1262,8.886,12.175
1263,8.851,12.146
1264,8.835,12.159
1265,8.816,12.127
1266,8.798,12.100
1267,8.776,12.098
1268,8.707,12.036
1269,8.696,12.017
1270,8.712,12.057
1271,8.665,12.009
1272,8.636,11.968
1273,8.581,11.888
1274,8.584,11.906
1275,8.570,11.894
1276,8.527,11.865
1277,8.499,11.797
1278,8.432,11.706
1279,8.455,11.737
1280,8.444,11.723
1281,8.443,11.702
1282,8.419,11.664
1283,8.386,11.596
1284,8.368,11.578
1285,8.435,11.759
1286,8.398,11.715
1287,8.415,11.713
1288,8.360,11.621
1289,8.317,11.536
1290,8.299,11.508
1291,8.251,11.404
1292,8.217,11.316
1293,8.231,11.306
1294,8.215,11.272
1295,8.191,11.264
1296,8.181,11.287
1297,8.165,11.325
1298,8.164,11.349
1299,8.099,11.302
1300,8.077,11.334
1301,8.084,11.410
1302,8.032,11.402
1303,8.030,11.457
1304,8.092,11.518
1305,8.111,11.607
1306,8.134,11.726
1307,8.222,11.775
1308,8.195,11.719
1309,8.197,11.712
1310,8.208,11.738
1311,8.222,11.736
1312,8.227,11.773
1313,8.225,11.744
1314,8.237,11.785
1315,8.237,11.764
1316,8.267,11.802
1317,8.247,11.752
1318,8.281,11.791
1319,8.255,11.767
1320,8.314,11.824
1321,8.272,11.748
1322,8.308,11.811
1323,8.323,11.807
1324,8.383,11.874
1325,8.377,11.870
1326,8.445,11.915
1327,8.473,11.958
1328,8.488,11.961
1329,8.538,12.012
1330,8.541,11.996
1331,8.579,12.064
1332,8.563,11.999
1333,8.588,12.026
1334,8.585,11.985
1335,8.601,11.979
1336,8.577,11.925
1337,8.546,11.855
1338,8.570,11.813
1339,8.560,11.726
1340,8.489,11.716
1341,8.419,11.642
1342,8.374,11.624
1343,8.373,11.632
1344,8.335,11.616
1345,8.294,11.546
1346,8.280,11.575
1347,8.250,11.588
1348,8.206,11.587
1349,8.286,11.621
1350,8.261,11.632
1351,8.266,11.677
1352,8.294,11.716
1353,8.321,11.715
1354,8.350,11.726
1355,8.339,11.739
1356,8.350,11.760
1357,8.366,11.751
1358,8.386,11.758
1359,8.401,11.706
1360,8.431,11.735
1361,8.415,11.684
1362,8.453,11.676
1363,8.454,11.647
1364,8.478,11.632
1365,8.462,11.575
1366,8.477,11.581
1367,8.524,11.605
1368,8.525,11.560
1369,8.528,11.539
1370,8.522,11.555
1371,8.574,11.617
1372,8.561,11.583
1373,8.543,11.565
1374,8.552,11.600
1375,8.597,11.638
1376,8.617,11.716
1377,8.603,11.729
1378,8.620,11.738
1379,8.636,11.777
1380,8.662,11.784
1381,8.663,11.779
1382,8.672,11.814
1383,8.684,11.819
1384,8.703,11.864
1385,8.705,11.848
1386,8.743,11.919
1387,8.726,11.868
1388,8.744,11.891
1389,8.767,11.923
1390,8.792,11.942
1391,8.761,11.892
1392,8.779,11.894
1393,8.773,11.896
1394,8.795,11.925
1395,8.828,11.947
1396,8.786,11.923
1397,8.846,11.979
1398,8.837,11.959
1399,8.816,11.941
1400,8.856,11.986
1401,8.842,11.959
1402,8.893,12.029
1403,8.899,12.014
1404,8.884,12.005
1405,8.897,12.019
1406,8.911,12.028
1407,8.897,12.029
1408,8.904,12.037
1409,8.902,12.038
1410,8.908,12.041
1411,8.918,12.054
1412,8.885,11.998
1413,8.898,12.017
1414,8.870,12.003
1415,8.886,12.008
1416,8.883,11.998
1417,8.867,11.987
1418,8.873,12.006
1419,8.874,11.986
1420,8.887,12.001
1421,8.880,12.001
1422,8.882,11.996
1423,8.857,11.978
1424,8.871,12.012
1425,8.842,11.968
1426,8.864,11.977
1427,8.889,12.026
1428,8.857,11.986
1429,8.899,12.048
1430,8.899,12.039
1431,8.922,12.066
1432,8.960,12.135
1433,8.942,12.122
1434,8.967,12.153
1435,8.982,12.191
1436,8.970,12.179
1437,8.986,12.225
1438,9.044,12.297
1439,9.037,12.308
1440,9.039,12.286
1441,9.052,12.318
1442,9.053,12.344
1443,9.065,12.364
1444,9.041,12.300
1445,9.096,12.410
1446,9.113,12.437
1447,9.076,12.399
1448,9.111,12.453
1449,9.141,12.504
1450,9.136,12.502
1451,9.143,12.502
1452,9.183,12.542
1453,9.187,12.556
1454,9.222,12.606
1455,9.214,12.560
1456,9.244,12.608
1457,9.227,12.590
1458,9.284,12.672
1459,9.287,12.666
1460,9.315,12.682
1461,9.335,12.700
1462,9.373,12.746
1463,9.340,12.695
1464,9.364,12.715
1465,9.358,12.720
1466,9.322,12.659
1467,9.362,12.719
1468,9.374,12.745
1469,9.366,12.730
1470,9.381,12.751
1471,9.375,12.759
1472,9.392,12.789
1473,9.374,12.783
1474,9.375,12.766
1475,9.397,12.814
1476,9.341,12.721
1477,9.362,12.768
1478,9.368,12.769
1479,9.357,12.758
1480,9.392,12.783
1481,9.358,12.741
1482,9.348,12.767
1483,9.339,12.778
1484,9.349,12.793
1485,9.327,12.757
1486,9.366,12.828
1487,9.404,12.864
1488,9.363,12.831
1489,9.372,12.842
1490,9.370,12.861
1491,9.364,12.847
1492,9.365,12.893
1493,9.322,12.795
1494,9.260,12.750
1495,9.268,12.787
1496,9.297,12.712
1497,9.304,12.704
1498,9.279,12.668
1499,9.258,12.593
1500,9.277,12.602
1501,9.310,12.644
1502,9.319,12.672
1503,9.284,12.628
1504,9.299,12.645
1505,9.275,12.622
1506,9.268,12.613
1507,9.249,12.613
1508,9.238,12.621
1509,9.241,12.617
1510,9.196,12.567
1511,9.154,12.507
1512,9.198,12.573
1513,9.182,12.559
1514,9.162,12.503
1515,9.134,12.473
1516,9.130,12.500
1517,9.127,12.475
1518,9.095,12.419
1519,9.113,12.470
1520,9.126,12.452
1521,9.149,12.492
1522,9.131,12.469
1523,9.141,12.475
1524,9.113,12.430
1525,9.139,12.439
1526,9.133,12.438
1527,9.145,12.452
1528,9.200,12.521
1529,9.188,12.446
1530,9.209,12.464
1531,9.268,12.516
1532,9.266,12.477
1533,9.299,12.494
1534,9.342,12.538
1535,9.357,12.592
1536,9.364,12.611
1537,9.378,12.629
1538,9.426,12.650
1539,9.439,12.657
1540,9.425,12.597
1541,9.452,12.663
1542,9.457,12.670
1543,9.479,12.718
1544,9.431,12.686
1545,9.445,12.702
1546,9.441,12.695
1547,9.444,12.689
1548,9.438,12.688
1549,9.438,12.713
1550,9.423,12.663
1551,9.458,12.694
1552,9.486,12.756
1553,9.494,12.755
1554,9.503,12.744
1555,9.531,12.770
1556,9.542,12.796
1557,9.469,12.722
1558,9.525,12.773
1559,9.498,12.738
1560,9.492,12.744
1561,9.470,12.690
1562,9.471,12.729
1563,9.473,12.739
1564,9.450,12.716
1565,9.440,12.701
1566,9.430,12.678
1567,9.442,12.677
1568,9.434,12.702
1569,9.448,12.703
1570,9.374,12.604
1571,9.363,12.591
1572,9.338,12.583
1573,9.356,12.582
1574,9.360,12.590
1575,9.332,12.560
1576,9.326,12.595
1577,9.296,12.540
1578,9.260,12.491
1579,9.239,12.493
1580,9.245,12.489
1581,9.217,12.487
1582,9.169,12.390
1583,9.115,12.372
1584,9.117,12.365
1585,9.096,12.330
1586,9.066,12.297
1587,9.053,12.295
1588,9.035,12.270
1589,9.024,12.237
1590,8.979,12.182
1591,8.965,12.152
1592,8.948,12.118
1593,8.928,12.247
1594,8.906,12.208
1595,8.864,12.162
1596,8.883,12.180
1597,8.866,12.148
1598,8.769,12.006
1599,8.748,11.944
1600,8.743,11.953
1601,8.729,11.871
1602,8.713,11.813
1603,8.639,11.755
1604,8.587,11.723
1605,8.520,11.637
1606,8.427,11.589
1607,8.415,11.614
1608,8.371,11.589
1609,8.276,11.488
1610,8.221,11.477
1611,8.152,11.456
1612,8.117,11.491
1613,8.028,11.419
1614,7.918,11.366
1615,7.900,11.472
1616,7.990,11.551
1617,8.002,11.562
1618,7.980,11.543
1619,7.964,11.552
1620,7.983,11.584
1621,8.001,11.609
1622,8.016,11.625
1623,7.991,11.588
1624,8.004,11.590
1625,8.031,11.601
1626,8.048,11.606
1627,8.108,11.668
1628,8.091,11.620
1629,8.143,11.648
1630,8.135,11.651
1631,8.189,11.678
1632,8.184,11.648
1633,8.202,11.653
1634,8.256,11.704
1635,8.269,11.667
1636,8.239,11.618
1637,8.228,11.584
1638,8.245,11.568
1639,8.276,11.559
1640,8.265,11.496
1641,8.294,11.480
1642,8.267,11.443
1643,8.130,11.343
1644,8.101,11.343
1645,8.012,11.285
1646,8.093,11.379
1647,8.074,11.393
1648,8.049,11.386
1649,8.024,11.368
1650,8.022,11.387
1651,8.032,11.427
1652,7.990,11.441
1653,7.980,11.466
1654,7.975,11.558
1655,8.082,11.644
1656,8.123,11.688
1657,8.132,11.641
1658,8.202,11.676
1659,8.194,11.656
1660,8.252,11.665
1661,8.227,11.674
1662,8.258,11.678
1663,8.293,11.708
1664,8.296,11.715
1665,8.309,11.713
1666,8.307,11.680
1667,8.352,11.758
1668,8.398,11.782
1669,8.364,11.744
1670,8.436,11.851
1671,8.428,11.837
1672,8.420,11.809
1673,8.415,11.796
1674,8.464,11.838
1675,8.472,11.856
1676,8.452,11.837
1677,8.485,11.826
1678,8.496,11.814
1679,8.533,11.837
1680,8.547,11.811
1681,8.579,11.834
1682,8.555,11.778
1683,8.615,11.843
1684,8.645,11.859
1685,8.666,11.821
1686,8.671,11.831
1687,8.667,11.828
1688,8.691,11.820
1689,8.696,11.838
1690,8.706,11.811
1691,8.675,11.752
1692,8.704,11.764
1693,8.715,11.768
1694,8.695,11.735
1695,8.707,11.717
1696,8.705,11.691
1697,8.730,11.715
1698,8.669,11.617
1699,8.716,11.654
1700,8.685,11.661
1701,8.699,11.663
1702,8.696,11.658
1703,8.703,11.688
1704,8.682,11.674
1705,8.695,11.702
1706,8.714,11.793
1707,8.726,11.799
1708,8.718,11.788
1709,8.737,11.781
1710,8.768,11.816
1711,8.771,11.819
1712,8.818,11.889
1713,8.843,11.914
1714,8.799,11.827
1715,8.860,11.936
1716,8.869,11.930
1717,8.873,11.924
1718,8.941,12.012
1719,8.929,11.986
1720,8.955,12.004
1721,8.921,11.940
1722,8.974,12.013
1723,8.978,12.014
1724,8.986,12.000
1725,8.979,11.995
1726,8.997,12.021
1727,8.996,12.009
1728,8.983,12.014
1729,8.999,12.010
1730,8.999,11.998
1731,9.014,12.027
1732,8.966,11.969
1733,8.957,11.957
1734,8.976,11.969
1735,8.979,11.961
1736,8.969,11.948
1737,8.966,11.951
1738,8.972,11.946
1739,8.961,11.941
1740,9.026,12.007
1741,8.975,11.957
1742,8.995,11.990
1743,8.943,11.939
1744,8.945,11.965
1745,8.938,11.954
1746,8.926,11.961
1747,8.933,11.971
1748,8.894,11.930
1749,8.913,11.945
1750,8.916,11.974
1751,8.902,11.978
1752,8.899,11.960
1753,8.867,11.939
1754,8.843,11.915
1755,8.850,11.910
1756,8.822,11.897
1757,8.830,11.933
1758,8.783,11.891
1759,8.827,11.968
1760,8.815,11.898
1761,8.809,11.860
1762,8.815,11.870
1763,8.797,11.886
1764,8.804,11.897
1765,8.788,11.896
1766,8.801,11.831
1767,8.776,11.767
1768,8.732,11.691
1769,8.734,11.715
1770,8.721,11.708
1771,8.766,11.801
1772,8.738,11.705
1773,8.727,11.697
1774,8.756,11.730
1775,8.729,11.716
1776,8.679,11.641
1777,8.679,11.675
1778,8.702,11.683
1779,8.699,11.686
1780,8.667,11.650
1781,8.699,11.667
1782,8.663,11.650
1783,8.686,11.651
1784,8.654,11.639
1785,8.668,11.636
1786,8.627,11.590
1787,8.677,11.671
1788,8.641,11.634
1789,8.646,11.606
1790,8.657,11.549
1791,8.583,11.414
1792,8.652,11.472
1793,8.615,11.425
1794,8.587,11.392
1795,8.566,11.342
1796,8.586,11.324
1797,8.578,11.310
1798,8.607,11.316
1799,8.602,11.280
1800,8.563,11.199
1801,8.558,11.184
1802,8.566,11.212
1803,8.522,11.161
1804,8.523,11.152
1805,8.491,11.073
1806,8.526,11.119
1807,8.517,11.102
1808,8.475,11.077
1809,8.481,11.086
1810,8.497,11.116
1811,8.463,11.083
1812,8.473,11.108
1813,8.419,11.066
1814,8.348,10.982
1815,8.290,10.923
1816,8.252,10.880
1817,8.210,10.841
1818,8.221,10.853
1819,8.290,10.923
1820,8.324,10.964
1821,8.297,10.945
1822,8.290,10.943
1823,8.291,10.950
1824,8.237,10.877
1825,8.217,10.869
1826,8.185,10.849
1827,8.170,10.821
1828,8.133,10.775
1829,8.091,10.715
1830,8.080,10.731
1831,7.972,10.610
1832,7.894,10.492
1833,7.822,10.395
1834,7.809,10.376
1835,7.796,10.301
1836,7.772,10.258
1837,7.776,10.259
1838,7.786,10.252
1839,7.753,10.172
1840,7.765,10.196
1841,7.697,10.119
1842,7.695,10.113
1843,7.652,10.041
1844,7.652,10.042
1845,7.598,9.950
1846,7.568,9.928
1847,7.538,9.879
1848,7.491,9.830
1849,7.542,9.880
1850,7.451,9.796
1851,7.477,9.836
1852,7.500,9.841
1853,7.495,9.844
1854,7.519,9.866
1855,7.526,9.875
1856,7.476,9.817
1857,7.533,9.893
1858,7.558,9.905
1859,7.564,9.914
1860,7.575,9.920
1861,7.580,9.922
1862,7.610,9.960
1863,7.616,9.967
1864,7.600,9.954
1865,7.627,9.990
1866,7.663,10.034
1867,7.653,10.014
1868,7.645,10.011
1869,7.681,10.052
1870,7.678,10.047
1871,7.681,10.041
1872,7.704,10.087
1873,7.724,10.113
1874,7.706,10.104
1875,7.710,10.087
1876,7.728,10.122
1877,7.714,10.095
1878,7.715,10.111
1879,7.685,10.070
1880,7.679,10.070
1881,7.645,10.037
1882,7.662,10.062
1883,7.649,10.067
1884,7.645,10.057
1885,7.633,10.051
1886,7.592,10.010
1887,7.607,10.032
1888,7.613,10.046
1889,7.619,10.046
1890,7.610,10.033
1891,7.641,10.080
1892,7.639,10.065
1893,7.722,10.172
1894,7.712,10.171
1895,7.779,10.246
1896,7.856,10.318
1897,7.923,10.412
1898,7.981,10.485
1899,8.043,10.569
1900,7.658,10.177
1901,7.725,10.256
1902,7.811,10.348
1903,7.910,10.457
1904,7.982,10.526
1905,8.099,10.669
1906,8.238,10.829
1907,8.391,11.004
1908,8.472,11.113
1909,8.356,11.014
1910,8.187,10.842
1911,8.031,10.704
1912,7.843,10.522
1913,7.670,10.350
1914,7.511,10.220
1915,7.293,9.983
1916,7.099,9.805
1917,6.857,9.560
1918,6.586,9.299
1919,6.447,9.092
1920,6.161,8.795
1921,6.151,8.792
1922,6.301,8.904
1923,6.294,8.884
1924,6.325,8.922
1925,6.287,8.845
1926,6.311,8.876
1927,6.335,8.906
1928,6.299,8.852
1929,6.330,8.890
1930,6.296,8.834
1931,6.367,8.905
1932,6.343,8.874
1933,6.326,8.852
1934,6.304,8.833
1935,6.308,8.840
1936,6.319,8.828
1937,6.395,8.896
1938,6.450,8.945
1939,6.512,8.986
1940,6.529,8.975
1941,6.647,9.100
1942,6.701,9.140
1943,6.671,9.120
1944,6.728,9.176
1945,6.814,9.265
1946,6.801,9.241
1947,6.867,9.313
1948,6.927,9.368
1949,6.918,9.355
1950,6.988,9.414
1951,7.009,9.441
1952,6.988,9.422
1953,7.023,9.460
1954,7.062,9.507
1955,7.078,9.497
1956,7.138,9.550
1957,7.151,9.562
1958,7.162,9.567
1959,7.194,9.605
1960,7.242,9.669
1961,7.262,9.691
1962,7.272,9.683
1963,7.292,9.696
1964,7.319,9.723
1965,7.367,9.792
1966,7.389,9.799
1967,7.416,9.824
1968,7.457,9.866
1969,7.470,9.877
1970,7.493,9.896
1971,7.483,9.870
1972,7.516,9.926
1973,7.518,9.908
1974,7.505,9.893
1975,7.504,9.880
1976,7.510,9.894
