0,15.531,17.093
1,15.507,17.069
2,15.510,17.070
3,15.508,17.047
4,15.509,17.068
5,15.511,17.054
6,15.516,17.063
7,15.510,17.054
8,15.488,17.039
9,15.507,17.056
10,15.510,17.051
11,15.508,17.062
12,15.442,16.990
13,15.446,16.976
14,15.438,16.964
15,15.450,16.976
16,15.408,16.929
17,15.402,16.930
18,15.412,16.947
19,15.397,16.938
20,15.411,16.930
21,15.381,16.919
22,15.369,16.883
23,15.369,16.873
24,15.335,16.862
25,15.354,16.864
26,15.314,16.821
27,15.302,16.793
28,15.297,16.780
29,15.289,16.769
30,15.256,16.745
31,15.274,16.754
32,15.262,16.724
33,15.249,16.708
34,15.289,16.760
35,15.257,16.726
36,15.256,16.706
37,15.244,16.702
38,15.245,16.699
39,15.265,16.730
40,15.293,16.757
41,15.302,16.767
42,15.313,16.777
43,15.287,16.753
44,15.280,16.752
45,15.279,16.732
46,15.278,16.745
47,15.289,16.761
48,15.282,16.761
49,15.299,16.759
50,15.298,16.762
51,15.293,16.759
52,15.283,16.750
53,15.273,16.728
54,15.286,16.740
55,15.276,16.729
56,15.305,16.774
57,15.296,16.751
58,15.308,16.770
59,15.305,16.769
60,15.315,16.789
61,15.300,16.760
62,15.306,16.780
63,15.348,16.811
64,15.339,16.827
65,15.348,16.829
66,15.359,16.844
67,15.365,16.865
68,15.385,16.883
69,15.380,16.878
70,15.391,16.894
71,15.395,16.897
72,15.391,16.902
73,15.403,16.915
74,15.408,16.922
75,15.419,16.928
76,15.395,16.907
77,15.444,16.944
78,15.415,16.930
79,15.459,16.983
80,15.426,16.950
81,15.446,16.986
82,15.449,16.985
83,15.448,16.988
84,15.475,17.004
85,15.448,16.984
86,15.426,16.930
87,15.426,16.942
88,15.423,16.937
89,15.428,16.935
90,15.433,16.943
91,15.438,16.953
92,15.433,16.931
93,15.412,16.921
94,15.416,16.905
95,15.395,16.890
96,15.418,16.908
97,15.412,16.907
98,15.384,16.866
99,15.402,16.887
100,15.381,16.865
101,15.367,16.829
102,15.388,16.863
103,15.418,16.889
104,15.417,16.885
105,15.414,16.889
106,15.407,16.860
107,15.397,16.870
108,15.420,16.892
109,15.437,16.919
110,15.438,16.932
111,15.428,16.907
112,15.428,16.914
113,15.414,16.900
114,15.415,16.886
115,15.417,16.873
116,15.398,16.871
117,15.390,16.846
118,15.382,16.848
119,15.397,16.855
120,15.397,16.870
121,15.417,16.900
122,15.407,16.881
123,15.403,16.888
124,15.402,16.892
125,15.408,16.899
126,15.403,16.886
127,15.422,16.916
128,15.455,16.954
129,15.435,16.932
130,15.416,16.910
131,15.421,16.919
132,15.444,16.957
133,15.438,16.951
134,15.424,16.918
135,15.425,16.913
136,15.437,16.943
137,15.434,16.939
138,15.424,16.933
139,15.453,16.955
140,15.430,16.932
141,15.449,16.969
142,15.427,16.920
143,15.454,16.950
144,15.468,16.980
145,15.446,16.931
146,15.400,16.890
147,15.413,16.897
148,15.436,16.933
149,15.457,16.960
150,15.422,16.910
151,15.433,16.908
152,15.416,16.876
153,15.416,16.873
154,15.436,16.887
155,15.483,16.939
156,15.480,16.930
157,15.503,16.929
158,15.507,16.927
159,15.531,16.946
160,15.562,16.958
161,15.600,17.008
162,15.499,16.920
163,15.493,16.910
164,15.525,16.955
165,15.558,16.988
166,15.523,16.952
167,15.544,16.986
168,15.530,16.961
169,15.492,16.913
170,15.439,16.839
171,15.380,16.776
172,15.346,16.746
173,15.360,16.761
174,15.355,16.755
175,15.378,16.794
176,15.377,16.823
177,15.412,16.872
178,15.392,16.850
179,15.376,16.841
180,15.376,16.868
181,15.364,16.871
182,15.370,16.897
183,15.329,16.851
184,15.300,16.822
185,15.310,16.851
186,15.451,16.994
187,15.504,17.042
188,15.534,17.066
189,15.553,17.096
190,15.534,17.063
191,15.541,17.085
192,15.548,17.083
193,15.536,17.078
194,15.548,17.104
195,15.538,17.074
196,15.542,17.099
197,15.545,17.085
198,15.515,17.056
199,15.530,17.058
200,15.536,17.079
201,15.537,17.073
202,15.550,17.081
203,15.574,17.119
204,15.542,17.090
205,15.534,17.068
206,15.556,17.114
207,15.540,17.084
208,15.541,17.104
209,15.540,17.081
210,15.523,17.054
211,15.538,17.085
212,15.525,17.078
213,15.492,17.033
214,15.504,17.029
215,15.457,16.981
216,15.479,17.000
217,15.446,16.963
218,15.449,16.974
219,15.435,16.943
220,15.402,16.913
221,15.404,16.925
222,15.391,16.903
223,15.353,16.864
224,15.371,16.872
225,15.374,16.892
226,15.366,16.868
227,15.377,16.889
228,15.347,16.860
229,15.331,16.831
230,15.326,16.836
231,15.318,16.828
232,15.302,16.789
233,15.281,16.756
234,15.428,16.897
235,15.447,16.911
236,15.444,16.894
237,15.479,16.955
238,15.436,16.909
239,15.458,16.927
240,15.452,16.938
241,15.447,16.930
242,15.462,16.951
243,15.464,16.958
244,15.460,16.942
245,15.476,16.971
246,15.477,16.960
247,15.472,16.964
248,15.494,16.990
249,15.492,16.981
250,15.503,16.987
251,15.499,16.988
252,15.509,17.002
253,15.490,16.982
254,15.495,17.004
255,15.489,16.998
256,15.523,17.018
257,15.540,17.024
258,15.566,17.070
259,15.575,17.065
260,15.592,17.067
261,15.618,17.098
262,15.606,17.098
263,15.612,17.099
264,15.585,17.053
265,15.605,17.074
266,15.613,17.071
267,15.533,17.008
268,15.504,16.970
269,15.494,16.959
270,15.497,16.959
271,15.505,16.964
272,15.511,16.980
273,15.514,16.988
274,15.504,16.975
275,15.587,17.046
276,15.481,16.937
277,15.440,16.908
278,15.382,16.835
279,15.415,16.866
280,15.394,16.839
281,15.397,16.849
282,15.371,16.819
283,15.384,16.821
284,15.359,16.793
285,15.369,16.804
286,15.349,16.798
287,15.361,16.802
288,15.348,16.795
289,15.352,16.793
290,15.349,16.794
291,15.327,16.789
292,15.326,16.770
293,15.331,16.777
294,15.324,16.781
295,15.327,16.791
296,15.324,16.782
297,15.330,16.780
298,15.345,16.818
299,15.340,16.797
300,15.319,16.773
301,15.326,16.781
302,15.326,16.778
303,15.357,16.822
304,15.354,16.816
305,15.344,16.814
306,15.347,16.807
307,15.347,16.820
308,15.355,16.834
309,15.367,16.837
310,15.379,16.854
311,15.377,16.851
312,15.385,16.856
313,15.355,16.818
314,15.346,16.811
315,15.358,16.825
316,15.372,16.846
317,15.373,16.852
318,15.382,16.866
319,15.372,16.851
320,15.364,16.836
321,15.380,16.839
322,15.376,16.859
323,15.385,16.849
324,15.364,16.828
325,15.378,16.845
326,15.347,16.822
327,15.337,16.783
328,15.364,16.816
329,15.348,16.810
330,15.339,16.804
331,15.340,16.813
332,15.322,16.791
333,15.330,16.802
334,15.321,16.778
335,15.333,16.791
336,15.303,16.779
337,15.314,16.786
338,15.337,16.805
339,15.306,16.759
340,15.281,16.742
341,15.255,16.709
342,15.234,16.682
343,15.234,16.672
344,15.230,16.667
345,15.215,16.660
346,15.189,16.628
347,15.181,16.616
348,15.179,16.597
349,15.181,16.604
350,15.183,16.612
351,15.184,16.605
352,15.197,16.609
353,15.225,16.644
354,15.232,16.664
355,15.233,16.671
356,15.244,16.681
357,15.248,16.670
358,15.247,16.681
359,15.245,16.688
360,15.217,16.638
361,15.228,16.654
362,15.226,16.647
363,15.207,16.648
364,15.263,16.713
365,15.202,16.640
366,15.213,16.658
367,15.190,16.646
368,15.161,16.603
369,15.168,16.610
370,15.148,16.606
371,15.099,16.526
372,15.108,16.559
373,15.113,16.565
374,15.096,16.553
375,15.054,16.516
376,15.037,16.486
377,15.044,16.503
378,14.994,16.443
379,14.956,16.399
380,14.931,16.391
381,14.918,16.372
382,14.929,16.398
383,14.914,16.373
384,14.901,16.380
385,14.909,16.377
386,14.899,16.367
387,14.973,16.441
388,14.956,16.416
389,14.994,16.438
390,14.933,16.380
391,14.917,16.357
392,14.890,16.339
393,14.978,16.409
394,14.949,16.383
395,15.035,16.488
396,14.955,16.412
397,14.933,16.377
398,14.903,16.359
399,15.004,16.451
400,14.991,16.433
401,15.033,16.468
402,15.122,16.562
403,15.143,16.577
404,15.172,16.608
405,15.217,16.673
406,15.167,16.597
407,15.186,16.643
408,15.172,16.617
409,15.172,16.611
410,15.150,16.584
411,15.161,16.598
412,15.177,16.614
413,15.193,16.605
414,15.271,16.660
415,15.347,16.751
416,15.348,16.732
417,15.416,16.781
418,15.465,16.822
419,15.531,16.886
420,15.443,16.791
421,15.514,16.868
422,15.503,16.840
423,15.467,16.811
424,15.502,16.841
425,15.513,16.847
426,15.429,16.767
427,15.454,16.801
428,15.447,16.800
429,15.458,16.813
430,15.490,16.845
431,15.527,16.887
432,15.492,16.840
433,15.489,16.833
434,15.485,16.834
435,15.487,16.830
436,15.518,16.865
437,15.542,16.911
438,15.500,16.835
439,15.529,16.872
440,15.517,16.857
441,15.529,16.867
442,15.548,16.895
443,15.554,16.884
444,15.576,16.917
445,15.598,16.948
446,15.591,16.947
447,15.603,16.969
448,15.614,16.968
449,15.615,16.970
450,15.609,16.952
451,15.629,16.991
452,15.611,16.960
453,15.629,16.990
454,15.653,17.019
455,15.649,17.024
456,15.669,17.045
457,15.664,17.051
458,15.682,17.059
459,15.660,17.028
460,15.663,17.036
461,15.647,17.024
462,15.675,17.057
463,15.692,17.068
464,15.696,17.072
465,15.690,17.072
466,15.672,17.075
467,15.689,17.088
468,15.679,17.073
469,15.675,17.073
470,15.655,17.038
471,15.644,17.028
472,15.620,17.011
473,15.596,16.975
474,15.593,16.984
475,15.571,16.941
476,15.503,16.865
477,15.507,16.872
478,15.492,16.838
479,15.474,16.840
480,15.427,16.791
481,15.458,16.832
482,15.409,16.766
483,15.386,16.750
484,15.367,16.724
485,15.353,16.718
486,15.388,16.739
487,15.393,16.758
488,15.332,16.695
489,15.317,16.665
490,15.372,16.747
491,15.353,16.730
492,15.352,16.745
493,15.356,16.741
494,15.292,16.679
495,15.307,16.712
496,15.292,16.711
497,15.262,16.652
498,15.277,16.690
499,15.264,16.687
500,15.300,16.708
501,15.296,16.721
502,15.331,16.756
503,15.309,16.739
504,15.316,16.730
505,15.319,16.742
506,15.310,16.732
507,15.280,16.709
508,15.273,16.713
509,15.269,16.707
510,15.254,16.684
511,15.250,16.675
512,15.243,16.686
513,15.190,16.618
514,15.157,16.556
515,15.141,16.559
516,15.139,16.557
517,15.121,16.521
518,15.056,16.451
519,15.088,16.497
520,15.051,16.461
521,15.016,16.420
522,15.037,16.440
523,15.015,16.419
524,15.030,16.437
525,15.014,16.442
526,14.991,16.405
527,14.999,16.434
528,15.011,16.459
529,14.996,16.455
530,14.968,16.422
531,14.991,16.451
532,14.975,16.445
533,14.976,16.435
534,14.985,16.455
535,14.976,16.448
536,14.974,16.447
537,14.957,16.443
538,14.948,16.443
539,14.963,16.459
540,14.923,16.413
541,14.918,16.414
542,14.913,16.413
543,14.987,16.493
544,15.007,16.510
545,15.040,16.544
546,15.005,16.509
547,14.995,16.486
548,14.942,16.441
549,15.036,16.526
550,15.035,16.522
551,15.032,16.497
552,15.100,16.577
553,15.040,16.506
554,15.003,16.458
555,14.919,16.368
556,14.825,16.271
557,14.745,16.189
558,14.750,16.176
559,14.718,16.129
560,14.683,16.085
561,14.789,16.203
562,14.821,16.210
563,14.896,16.308
564,14.968,16.374
565,15.025,16.423
566,15.048,16.453
567,15.088,16.509
568,15.126,16.538
569,15.268,16.668
570,15.331,16.718
571,15.469,16.851
572,15.588,16.967
573,15.721,17.084
574,15.873,17.243
575,16.073,17.422
576,15.972,17.347
577,15.972,17.337
578,15.980,17.328
579,15.863,17.230
580,15.857,17.193
581,15.856,17.211
582,15.760,17.115
583,15.834,17.165
584,15.876,17.214
585,15.928,17.267
586,15.973,17.307
587,15.957,17.284
588,16.009,17.333
589,15.987,17.308
590,16.013,17.346
591,16.010,17.340
592,16.053,17.380
593,16.058,17.392
594,16.070,17.389
595,16.085,17.429
596,16.080,17.399
597,16.077,17.405
598,16.074,17.390
599,16.089,17.406
600,16.068,17.383
601,16.082,17.399
602,16.067,17.378
603,16.085,17.392
604,16.080,17.391
605,16.069,17.381
606,16.062,17.368
607,16.061,17.366
608,16.048,17.344
609,16.070,17.374
610,16.064,17.355
611,16.045,17.350
612,16.025,17.329
613,15.991,17.306
614,15.963,17.277
615,15.946,17.262
616,15.924,17.247
617,15.876,17.198
618,15.847,17.178
619,15.838,17.169
620,15.821,17.152
621,15.805,17.146
622,15.754,17.120
623,15.785,17.167
624,15.720,17.101
625,15.731,17.117
626,15.772,17.208
627,15.737,17.179
628,15.672,17.087
629,15.652,17.074
630,15.636,17.063
631,15.620,17.044
632,15.610,17.032
633,15.582,17.013
634,15.586,17.009
635,15.540,16.960
636,15.543,16.978
637,15.528,16.972
638,15.516,16.966
639,15.499,16.948
640,15.489,16.944
641,15.447,16.912
642,15.477,16.949
643,15.440,16.903
644,15.423,16.887
645,15.399,16.877
646,15.354,16.824
647,15.348,16.806
648,15.322,16.771
649,15.321,16.773
650,15.328,16.807
651,15.304,16.794
652,15.275,16.751
653,15.351,16.868
654,15.306,16.815
655,15.339,16.871
656,15.309,16.839
657,15.286,16.839
658,15.320,16.899
659,15.252,16.813
660,15.235,16.808
661,15.186,16.761
662,15.148,16.718
663,15.147,16.726
664,15.108,16.693
665,15.106,16.682
666,15.073,16.645
667,15.094,16.668
668,15.058,16.627
669,15.148,16.758
670,15.173,16.784
671,15.171,16.776
672,15.193,16.842
673,15.204,16.839
674,15.173,16.777
675,15.284,16.881
676,15.334,16.930
677,15.375,16.965
678,15.370,16.956
679,15.411,17.028
680,15.377,16.974
681,15.428,17.048
682,15.402,17.003
683,15.448,17.066
684,15.491,17.130
685,15.506,17.131
686,15.527,17.145
687,15.538,17.156
688,15.570,17.210
689,15.599,17.245
690,15.660,17.316
691,15.618,17.256
692,15.640,17.278
693,15.776,17.395
694,15.833,17.485
695,15.912,17.558
696,15.903,17.573
697,15.896,17.548
698,15.954,17.624
699,15.970,17.646
700,15.965,17.636
701,16.018,17.699
702,15.977,17.628
703,15.941,17.578
704,15.934,17.575
705,15.843,17.478
706,15.893,17.574
707,15.815,17.491
708,15.866,17.580
709,15.837,17.531
710,15.880,17.613
711,15.816,17.503
712,15.864,17.573
713,15.813,17.506
714,15.939,17.618
715,15.994,17.703
716,15.938,17.602
717,15.869,17.526
718,15.871,17.528
719,15.910,17.619
720,15.890,17.575
721,15.872,17.554
722,15.876,17.544
723,15.922,17.614
724,15.887,17.538
725,15.920,17.571
726,16.049,17.733
727,16.001,17.633
728,16.059,17.706
729,16.094,17.726
730,16.176,17.836
731,16.204,17.836
732,16.212,17.848
733,16.341,17.918
734,16.378,17.975
735,16.347,17.916
736,16.448,18.044
737,16.435,18.012
738,16.221,17.817
739,16.308,17.921
740,16.278,17.907
741,16.282,17.900
742,16.256,17.867
743,16.238,17.852
744,16.210,17.831
745,16.301,17.955
746,16.320,17.976
747,16.331,17.979
748,16.347,17.975
749,16.296,17.896
750,16.190,17.759
751,16.245,17.836
752,16.206,17.779
753,16.247,17.855
754,16.334,17.953
755,16.343,17.970
756,16.389,18.028
757,16.429,18.075
758,16.420,18.051
759,16.421,18.032
760,16.475,18.095
761,16.469,18.081
762,16.472,18.095
763,16.464,18.098
764,16.444,18.070
765,16.446,18.083
766,16.416,18.050
767,16.378,18.005
768,16.349,18.000
769,16.369,18.036
770,16.344,18.000
771,16.293,17.939
772,16.258,17.919
773,16.237,17.905
774,16.269,17.981
775,16.178,17.865
776,16.095,17.790
777,16.102,17.823
778,16.005,17.711
779,15.907,17.593
780,16.010,17.703
781,16.101,17.799
782,16.080,17.760
783,16.109,17.819
784,16.087,17.773
785,16.169,17.883
786,16.173,17.873
787,16.178,17.867
788,16.192,17.888
789,16.203,17.891
790,16.280,17.964
791,16.310,18.015
792,16.334,18.022
793,16.318,18.024
794,16.304,17.967
795,16.343,18.025
796,16.404,18.059
797,16.520,18.191
798,16.616,18.298
799,16.661,18.298
800,16.753,18.403
801,16.780,18.424
802,16.750,18.353
803,16.817,18.461
804,16.828,18.482
805,16.753,18.417
806,16.674,18.302
807,16.701,18.373
808,16.519,18.121
809,16.589,18.231
810,16.449,18.046
811,16.494,18.127
812,16.344,17.914
813,16.289,17.846
814,16.121,17.646
815,16.057,17.614
816,15.986,17.504
817,16.144,17.727
818,16.132,17.703
819,15.948,17.427
820,15.983,17.488
821,15.869,17.333
822,15.752,17.202
823,15.757,17.231
824,15.699,17.151
825,15.749,17.164
826,15.811,17.235
827,15.860,17.293
828,15.736,17.145
829,15.758,17.208
830,15.722,17.163
831,15.764,17.222
832,15.727,17.188
833,15.787,17.266
834,15.851,17.364
835,15.822,17.361
836,15.665,17.139
837,15.715,17.230
838,15.795,17.355
839,15.717,17.241
840,15.521,16.931
841,15.499,16.896
842,15.533,16.894
843,15.578,16.948
844,15.674,17.072
845,15.766,17.132
846,15.689,17.077
847,15.724,17.140
848,15.779,17.222
849,15.722,17.157
850,15.670,17.110
851,15.573,16.974
852,15.619,17.083
853,15.537,16.981
854,15.638,17.198
855,15.130,16.596
856,15.305,16.783
857,15.152,16.665
858,15.228,16.799
859,15.044,16.613
860,15.119,16.726
861,15.331,16.959
862,15.405,17.019
863,15.417,17.027
864,15.254,16.857
865,15.316,16.942
866,15.369,16.974
867,15.541,17.175
868,15.601,17.219
869,15.627,17.251
870,15.516,17.130
871,15.763,17.458
872,16.221,18.090
873,16.089,17.826
874,16.071,17.800
875,16.122,17.901
876,15.849,17.562
877,15.743,17.423
878,15.764,17.441
879,15.938,17.589
880,16.033,17.717
881,16.130,17.850
882,16.290,18.083
883,16.200,17.923
884,16.101,17.750
885,16.021,17.596
886,16.069,17.670
887,16.144,17.795
888,15.942,17.504
889,15.897,17.454
890,15.959,17.622
891,15.876,17.568
892,15.918,17.720
893,15.441,17.094
894,15.085,16.683
895,14.877,16.488
896,14.676,16.293
897,14.471,16.088
898,14.400,16.018
899,14.360,15.995
900,14.210,15.814
901,14.079,15.672
902,13.990,15.564
903,14.090,15.695
904,14.027,15.607
905,13.888,15.443
906,13.857,15.407
907,13.788,15.356
908,13.685,15.243
909,13.674,15.244
910,13.540,15.103
911,13.375,14.925
912,13.324,14.853
913,13.150,14.680
914,12.987,14.548
915,13.104,14.677
916,13.007,14.583
917,12.950,14.503
918,13.204,14.776
919,13.213,14.795
920,13.291,14.871
921,13.623,15.227
922,13.784,15.383
923,14.043,15.646
924,14.113,15.761
925,14.265,15.947
926,12.392,13.847
927,11.725,12.868
928,11.816,12.947
929,11.847,12.988
930,12.282,13.527
931,12.757,14.110
932,12.794,14.095
933,12.810,14.034
934,12.909,14.172
935,13.057,14.339
936,13.216,14.502
937,13.604,14.981
938,14.042,15.501
939,13.760,15.119
940,13.816,15.191
941,13.686,15.051
942,13.692,15.076
943,13.830,15.192
944,13.854,15.194
945,14.245,15.613
946,14.492,15.910
947,14.429,15.878
948,14.228,15.621
949,15.428,16.907
950,14.794,16.278
951,14.913,16.374
952,15.249,16.752
953,14.483,15.890
954,14.345,15.711
955,14.393,15.750
956,14.540,15.896
957,14.754,16.085
958,15.519,17.033
959,16.293,17.752
960,16.441,18.008
961,15.469,16.856
962,15.358,16.688
963,15.509,16.830
964,15.791,17.138
965,15.879,17.193
966,16.202,17.532
967,16.342,17.702
968,16.305,17.623
969,16.413,17.708
970,16.493,17.783
971,16.569,17.841
972,16.596,17.864
973,16.732,18.022
974,16.856,18.152
975,16.917,18.199
976,16.979,18.290
977,17.008,18.316
978,17.011,18.349
979,16.992,18.352
980,16.942,18.332
981,16.722,18.083
982,16.578,17.966
983,16.289,17.652
984,16.072,17.486
985,15.923,17.346
986,15.875,17.313
987,15.771,17.216
988,15.964,17.426
989,16.729,18.347
990,16.875,18.554
991,16.810,18.496
992,16.704,18.374
993,16.616,18.289
994,16.518,18.183
995,16.413,18.057
996,16.387,18.055
997,16.318,17.972
998,16.274,17.924
999,16.219,17.852
1000,16.163,17.782
1001,16.115,17.743
1002,15.998,17.621
1003,15.902,17.522
1004,15.773,17.381
1005,15.668,17.285
1006,15.659,17.276
1007,15.552,17.171
1008,15.469,17.058
1009,15.385,16.971
1010,15.330,16.926
1011,15.287,16.873
1012,15.264,16.851
1013,15.240,16.800
1014,15.196,16.772
1015,15.165,16.713
1016,15.164,16.710
1017,15.008,16.544
1018,14.931,16.498
1019,14.902,16.477
1020,14.837,16.424
1021,14.801,16.392
1022,14.737,16.330
1023,14.641,16.227
1024,14.558,16.142
1025,14.472,16.037
1026,14.461,16.043
1027,14.347,15.927
1028,14.276,15.845
1029,14.355,15.934
1030,14.293,15.870
1031,14.214,15.781
1032,14.348,15.960
1033,14.199,15.766
1034,14.291,15.949
1035,14.059,15.631
1036,13.931,15.487
1037,13.780,15.309
1038,13.808,15.339
1039,13.673,15.198
1040,13.502,15.008
1041,13.510,15.016
1042,13.319,14.828
1043,13.163,14.681
1044,13.403,14.918
1045,13.453,14.980
1046,13.600,15.117
1047,13.846,15.396
1048,14.204,15.750
1049,14.345,15.951
1050,14.451,16.039
1051,14.730,16.369
1052,14.830,16.466
1053,14.904,16.585
1054,14.551,16.128
1055,13.295,14.577
1056,13.155,14.211
1057,12.978,14.067
1058,13.020,14.136
1059,13.405,14.551
1060,13.682,14.769
1061,13.823,14.931
1062,13.906,15.032
1063,13.989,15.140
1064,13.937,15.148
1065,14.023,15.322
1066,14.596,15.904
1067,14.434,15.693
1068,14.218,15.370
1069,14.273,15.422
1070,14.353,15.486
1071,14.390,15.519
1072,14.419,15.546
1073,14.335,15.526
1074,14.825,16.055
1075,14.474,15.591
1076,14.547,15.687
1077,14.459,15.588
1078,14.480,15.611
1079,14.520,15.642
1080,14.514,15.648
1081,14.555,15.705
1082,14.617,15.812
1083,14.624,15.769
1084,14.650,15.792
1085,14.743,15.890
1086,14.796,15.946
1087,14.825,15.972
1088,14.871,16.027
1089,14.883,16.028
1090,14.907,16.053
1091,15.011,16.179
1092,15.112,16.276
1093,15.118,16.281
1094,15.348,16.550
1095,15.456,16.674
1096,15.527,16.751
1097,15.553,16.780
1098,15.548,16.752
1099,15.580,16.802
1100,15.587,16.827
1101,15.570,16.808
1102,15.488,16.728
1103,15.495,16.755
1104,15.311,16.545
1105,15.210,16.440
1106,15.067,16.288
1107,14.972,16.180
1108,14.984,16.210
1109,14.821,16.023
1110,14.709,15.901
1111,14.616,15.813
1112,14.543,15.719
1113,14.696,15.909
1114,14.489,15.680
1115,14.346,15.498
1116,14.332,15.502
1117,14.370,15.574
1118,14.235,15.401
1119,14.219,15.432
1120,14.505,15.773
1121,14.298,15.472
1122,14.283,15.452
1123,14.307,15.484
1124,14.316,15.485
1125,14.296,15.477
1126,14.280,15.463
1127,14.286,15.474
1128,14.327,15.530
1129,14.364,15.560
1130,14.329,15.531
1131,14.344,15.554
1132,14.361,15.563
1133,14.349,15.552
1134,14.345,15.541
1135,14.338,15.546
1136,14.343,15.548
1137,14.332,15.555
1138,14.314,15.548
1139,14.306,15.540
1140,14.245,15.478
1141,14.147,15.368
1142,14.086,15.309
1143,14.051,15.280
1144,13.989,15.221
1145,13.936,15.166
1146,13.942,15.183
1147,13.947,15.192
1148,13.945,15.169
1149,13.954,15.204
1150,13.921,15.155
1151,13.930,15.147
1152,14.007,15.256
1153,13.998,15.232
1154,14.033,15.248
1155,14.123,15.367
1156,14.090,15.314
1157,14.180,15.418
1158,14.936,16.263
1159,15.510,16.935
1160,15.258,16.731
1161,14.878,16.296
1162,14.905,16.311
1163,15.226,16.636
1164,14.531,15.878
1165,14.338,15.601
1166,14.339,15.591
1167,14.318,15.561
1168,14.329,15.566
1169,14.358,15.596
1170,14.361,15.595
1171,14.388,15.638
1172,14.413,15.651
1173,14.531,15.796
1174,14.526,15.786
1175,14.428,15.656
1176,14.505,15.762
1177,14.506,15.747
1178,14.529,15.776
1179,14.550,15.792
1180,14.583,15.845
1181,14.585,15.860
1182,14.637,15.907
1183,14.656,15.922
1184,14.693,15.971
1185,14.745,16.030
1186,14.759,16.034
1187,14.754,16.023
1188,14.792,16.060
1189,14.850,16.116
1190,14.848,16.113
1191,14.881,16.146
1192,14.889,16.124
1193,14.905,16.159
1194,14.936,16.177
1195,14.999,16.269
1196,15.037,16.279
1197,15.079,16.340
1198,15.148,16.419
1199,15.181,16.447
1200,15.221,16.479
1201,15.253,16.513
1202,15.280,16.547
1203,15.335,16.607
1204,15.357,16.622
1205,15.429,16.695
1206,15.444,16.711
1207,15.525,16.788
1208,15.598,16.870
1209,15.601,16.868
1210,15.653,16.943
1211,15.704,16.989
1212,15.761,17.026
1213,15.843,17.157
1214,15.941,17.275
1215,15.933,17.239
1216,15.995,17.315
1217,16.070,17.405
1218,16.104,17.444
1219,16.178,17.546
1220,16.156,17.522
1221,16.247,17.633
1222,16.246,17.670
1223,16.412,17.858
1224,16.470,17.945
1225,16.367,17.822
1226,16.248,17.690
1227,16.160,17.579
1228,16.153,17.586
1229,16.078,17.489
1230,16.023,17.442
1231,16.071,17.522
1232,15.929,17.365
1233,15.922,17.365
1234,15.889,17.338
1235,15.940,17.410
1236,15.881,17.338
1237,15.841,17.297
1238,15.788,17.226
1239,15.768,17.223
1240,15.791,17.245
1241,15.766,17.217
1242,15.755,17.259
1243,15.722,17.209
1244,15.766,17.241
1245,16.102,17.650
1246,16.008,17.656
1247,15.972,17.647
1248,15.935,17.575
1249,15.890,17.530
1250,15.848,17.474
1251,15.814,17.447
1252,15.813,17.457
1253,15.774,17.404
1254,15.730,17.347
1255,15.692,17.319
1256,15.684,17.308
1257,15.702,17.323
1258,15.668,17.291
1259,15.679,17.322
1260,15.696,17.319
1261,15.698,17.309
1262,15.721,17.347
1263,15.682,17.317
1264,15.666,17.286
1265,15.624,17.256
1266,15.587,17.193
1267,15.537,17.142
1268,15.508,17.111
1269,15.467,17.046
1270,15.450,17.020
1271,15.454,17.028
1272,15.440,17.036
1273,15.454,17.025
1274,15.447,17.019
1275,15.428,16.997
1276,15.488,17.069
1277,15.504,17.087
1278,15.486,17.049
1279,15.506,17.090
1280,15.485,17.080
1281,15.490,17.080
1282,15.463,17.039
1283,15.438,17.023
1284,15.422,17.025
1285,15.370,16.945
1286,15.381,16.962
1287,15.335,16.903
1288,15.285,16.852
1289,15.114,16.673
1290,15.243,16.804
1291,15.272,16.856
1292,15.277,16.844
1293,15.232,16.799
1294,15.179,16.774
1295,15.189,16.763
1296,15.177,16.738
1297,15.172,16.713
1298,15.167,16.731
1299,15.143,16.697
1300,15.077,16.593
1301,15.065,16.592
1302,15.174,16.694
1303,15.172,16.692
1304,15.174,16.682
1305,15.133,16.667
1306,15.031,16.526
1307,14.928,16.460
1308,14.869,16.364
1309,14.806,16.286
1310,14.786,16.263
1311,15.006,16.481
1312,15.068,16.554
1313,15.343,16.923
1314,15.036,16.537
1315,14.976,16.494
1316,14.770,16.248
1317,14.788,16.279
1318,14.749,16.268
1319,15.035,16.668
1320,14.960,16.544
1321,15.009,16.671
1322,14.651,16.206
1323,14.562,16.072
1324,14.523,16.056
1325,14.437,15.968
1326,14.527,16.065
1327,14.364,15.851
1328,14.363,15.844
1329,14.400,15.916
1330,14.341,15.884
1331,14.252,15.789
1332,14.282,15.837
1333,14.556,16.139
1334,14.795,16.365
1335,14.843,16.454
1336,15.024,16.705
1337,14.947,16.601
1338,14.930,16.593
1339,14.944,16.566
1340,13.745,15.305
1341,14.864,16.503
1342,14.853,16.490
1343,11.547,12.762
1344,11.234,12.362
1345,11.269,12.370
1346,11.229,12.333
1347,12.604,13.862
1348,12.854,14.214
1349,12.903,14.147
1350,14.246,15.652
1351,12.733,14.011
1352,12.582,13.786
1353,12.536,13.718
1354,12.582,13.753
1355,12.482,13.571
1356,12.846,14.001
1357,13.156,14.353
1358,13.412,14.619
1359,13.214,14.362
1360,13.280,14.414
1361,13.417,14.565
1362,13.773,14.966
1363,13.553,14.686
1364,13.575,14.684
1365,13.481,14.552
1366,13.554,14.619
1367,13.668,14.731
1368,13.644,14.677
1369,13.779,14.788
1370,14.006,15.053
1371,14.203,15.242
1372,14.398,15.445
1373,14.756,15.838
1374,14.835,15.871
1375,15.006,16.040
1376,15.200,16.219
1377,15.306,16.323
1378,15.287,16.289
1379,15.249,16.263
1380,15.082,16.103
1381,14.791,15.825
1382,14.656,15.722
1383,14.574,15.668
1384,14.140,15.209
1385,14.193,15.279
1386,13.973,15.055
1387,14.131,15.228
1388,14.475,15.621
1389,16.705,18.166
1390,17.311,18.913
1391,17.246,18.901
1392,13.824,15.076
1393,13.402,14.517
1394,13.470,14.562
1395,14.023,15.246
1396,14.678,16.022
1397,14.649,15.993
1398,14.153,15.493
1399,13.267,14.510
1400,13.073,14.238
1401,13.102,14.267
1402,13.153,14.356
1403,13.203,14.366
1404,13.079,14.210
1405,13.055,14.255
1406,13.637,14.964
1407,13.546,14.836
1408,13.152,14.278
1409,13.029,14.135
1410,13.068,14.172
1411,13.056,14.149
1412,13.066,14.165
1413,13.086,14.194
1414,13.154,14.287
1415,13.190,14.338
1416,13.129,14.247
1417,13.113,14.242
1418,13.136,14.264
1419,13.205,14.363
1420,13.167,14.316
1421,13.137,14.272
1422,13.235,14.404
1423,13.242,14.392
1424,13.120,14.279
1425,13.112,14.264
1426,13.090,14.259
1427,13.306,14.505
1428,13.372,14.628
1429,13.147,14.336
1430,13.163,14.391
1431,12.994,14.184
1432,13.042,14.213
1433,13.073,14.239
1434,13.111,14.269
1435,13.196,14.365
1436,13.669,14.904
1437,13.330,14.511
1438,13.882,15.212
1439,14.139,15.455
1440,13.588,14.812
1441,13.395,14.606
1442,13.695,14.985
1443,13.491,14.678
1444,13.725,14.938
1445,13.899,15.138
1446,13.635,14.840
1447,13.731,14.906
1448,13.805,14.978
1449,13.847,15.019
1450,13.951,15.107
1451,13.962,15.123
1452,14.010,15.151
1453,14.103,15.253
1454,14.205,15.334
1455,14.355,15.521
1456,14.549,15.739
1457,14.552,15.699
1458,14.638,15.763
1459,14.752,15.898
1460,14.907,16.044
1461,14.970,16.092
1462,15.078,16.205
1463,15.193,16.331
1464,15.523,16.747
1465,15.488,16.703
1466,15.635,16.836
1467,15.570,16.769
1468,15.352,16.532
1469,15.156,16.352
1470,14.889,16.075
1471,14.526,15.695
1472,14.124,15.272
1473,13.746,14.884
1474,13.648,14.823
1475,13.593,14.746
1476,13.627,14.776
1477,14.299,15.547
1478,15.637,17.096
1479,15.752,17.239
1480,15.773,17.269
1481,15.787,17.299
1482,15.744,17.271
1483,14.027,15.285
1484,13.757,14.951
1485,13.654,14.823
1486,13.647,14.842
1487,14.634,15.997
1488,13.777,14.992
1489,14.148,15.431
1490,14.393,15.677
1491,14.109,15.287
1492,14.228,15.428
1493,14.114,15.282
1494,14.201,15.356
1495,14.312,15.446
1496,14.348,15.474
1497,14.460,15.607
1498,14.684,15.880
1499,14.785,15.964
1500,14.837,16.006
1501,14.978,16.163
1502,15.145,16.329
1503,15.185,16.351
1504,15.205,16.348
1505,15.380,16.544
1506,15.563,16.748
1507,15.596,16.768
1508,15.765,16.957
1509,15.806,16.989
1510,15.796,17.008
1511,15.703,16.896
1512,15.665,16.868
1513,15.593,16.806
1514,15.488,16.684
1515,15.574,16.789
1516,15.409,16.611
1517,15.387,16.585
1518,15.357,16.579
1519,15.479,16.692
1520,15.987,17.370
1521,16.055,17.491
1522,15.952,17.371
1523,15.836,17.220
1524,15.701,17.107
1525,15.621,17.007
1526,15.506,16.922
1527,15.360,16.764
1528,15.283,16.693
1529,15.070,16.440
1530,14.941,16.322
1531,14.813,16.205
1532,14.641,16.007
1533,14.507,15.869
1534,14.343,15.700
1535,14.292,15.680
1536,14.146,15.514
1537,14.044,15.405
1538,14.004,15.380
1539,14.015,15.396
1540,14.051,15.437
1541,14.135,15.545
1542,14.011,15.416
1543,13.831,15.235
1544,13.701,15.090
1545,13.637,15.028
1546,12.847,14.115
1547,13.058,14.331
1548,12.911,14.161
1549,12.732,13.925
1550,12.773,13.952
1551,12.907,14.081
1552,13.697,15.007
1553,13.826,15.213
1554,13.747,15.085
1555,13.373,14.606
1556,13.455,14.646
1557,13.420,14.583
1558,13.717,14.932
1559,13.675,14.928
1560,13.735,14.939
1561,13.973,15.199
1562,13.829,14.981
1563,14.306,15.548
1564,14.134,15.410
1565,14.119,15.361
1566,14.013,15.224
1567,13.942,15.115
1568,13.892,15.048
1569,14.109,15.307
1570,13.710,14.834
1571,13.698,14.813
1572,13.685,14.808
1573,13.598,14.698
1574,13.682,14.816
1575,14.240,15.501
1576,14.310,15.624
1577,14.347,15.664
1578,14.269,15.593
1579,14.343,15.688
1580,14.403,15.721
1581,14.361,15.652
1582,14.302,15.521
1583,14.354,15.577
1584,14.182,15.373
1585,13.976,15.085
1586,13.991,15.070
1587,14.071,15.179
1588,14.072,15.242
1589,14.030,15.192
1590,13.891,15.025
1591,13.768,14.861
1592,13.789,14.912
1593,13.760,14.888
1594,13.807,14.956
1595,13.699,14.813
1596,13.909,15.072
1597,13.729,14.856
1598,13.703,14.830
1599,13.664,14.811
1600,13.911,15.122
1601,13.343,14.460
1602,13.329,14.412
1603,13.455,14.617
1604,13.559,14.705
1605,13.648,14.773
1606,13.708,14.799
1607,14.206,15.361
1608,14.731,16.025
1609,14.899,16.246
1610,14.892,16.233
1611,14.659,16.001
1612,14.476,15.799
1613,13.901,15.035
1614,14.018,15.130
1615,14.071,15.183
1616,14.149,15.267
1617,14.190,15.304
1618,14.289,15.411
1619,14.332,15.491
1620,14.453,15.583
1621,14.511,15.634
1622,14.567,15.698
1623,14.641,15.783
1624,14.802,15.978
1625,14.862,16.008
1626,15.036,16.201
1627,15.131,16.300
1628,15.287,16.454
1629,15.411,16.585
1630,15.532,16.710
1631,15.686,16.862
1632,15.864,17.039
1633,16.050,17.242
1634,16.341,17.537
1635,16.627,17.850
1636,16.927,18.200
1637,17.058,18.321
1638,17.226,18.509
1639,17.332,18.612
1640,17.319,18.594
1641,17.376,18.682
1642,17.225,18.522
1643,17.012,18.344
1644,16.935,18.370
1645,16.831,18.274
1646,16.764,18.222
1647,16.697,18.165
1648,16.839,18.360
1649,16.786,18.244
1650,16.811,18.395
1651,16.775,18.363
1652,16.765,18.393
1653,16.741,18.352
1654,16.688,18.313
1655,16.639,18.243
1656,16.587,18.174
1657,16.530,18.137
1658,16.429,18.026
1659,16.403,18.049
1660,16.290,17.927
1661,16.255,17.883
1662,16.204,17.857
1663,16.109,17.727
1664,16.036,17.630
1665,16.063,17.677
1666,16.122,17.789
1667,15.993,17.579
1668,16.011,17.602
1669,16.083,17.693
1670,16.073,17.691
1671,16.015,17.592
1672,16.000,17.569
1673,16.252,17.932
1674,16.058,17.625
1675,16.007,17.574
1676,15.975,17.548
1677,15.959,17.543
1678,15.538,17.091
1679,15.472,17.045
1680,15.335,16.939
1681,15.673,17.565
1682,15.166,16.807
1683,14.986,16.571
1684,14.982,16.618
1685,14.956,16.584
1686,14.977,16.509
1687,14.788,16.298
1688,14.567,16.082
1689,14.692,16.224
1690,14.603,16.128
1691,14.669,16.252
1692,14.490,15.972
1693,14.408,15.902
1694,14.258,15.708
1695,14.300,15.792
1696,14.277,15.814
1697,13.913,15.351
1698,13.786,15.196
1699,13.695,15.146
1700,13.487,14.911
1701,13.571,15.007
1702,13.441,14.862
1703,13.365,14.805
1704,13.595,15.068
1705,13.513,14.973
1706,13.290,14.785
1707,13.256,14.760
1708,13.360,14.860
1709,13.423,14.929
1710,13.216,14.814
1711,11.921,13.031
1712,11.635,12.659
1713,11.826,13.031
1714,14.085,15.642
1715,14.301,15.968
1716,13.979,15.602
1717,12.532,13.813
1718,12.524,13.786
1719,12.593,13.829
1720,12.525,13.722
1721,12.453,13.546
1722,12.662,13.759
1723,12.857,14.035
1724,13.004,14.208
1725,12.945,14.114
1726,13.048,14.212
1727,13.243,14.431
1728,13.373,14.564
1729,13.570,14.779
1730,13.691,14.903
1731,13.758,14.986
1732,13.801,15.022
1733,14.045,15.304
1734,14.019,15.272
1735,14.155,15.426
1736,14.058,15.278
1737,13.848,15.028
1738,13.871,15.079
1739,13.962,15.180
1740,13.990,15.236
1741,13.920,15.135
1742,13.978,15.205
1743,14.002,15.226
1744,14.232,15.499
1745,14.688,16.004
1746,14.186,15.421
1747,14.165,15.393
1748,14.091,15.334
1749,14.003,15.221
1750,13.953,15.148
1751,14.090,15.302
1752,14.069,15.297
1753,14.620,15.949
1754,14.388,15.618
1755,14.603,15.849
1756,14.359,15.556
1757,14.558,15.784
1758,14.656,15.870
1759,14.765,15.968
1760,14.920,16.120
1761,15.097,16.303
1762,15.216,16.426
1763,15.309,16.492
1764,15.529,16.730
1765,15.674,16.840
1766,15.913,17.088
1767,16.081,17.236
1768,16.283,17.411
1769,16.551,17.675
1770,16.840,17.955
1771,17.172,18.259
1772,17.348,18.427
1773,17.677,18.865
1774,17.283,18.427
1775,17.104,18.266
1776,16.686,17.856
1777,16.351,17.545
1778,16.045,17.271
1779,15.692,16.926
1780,16.164,17.533
1781,16.415,17.905
1782,16.281,17.803
1783,16.051,17.560
1784,15.769,17.278
1785,15.542,17.056
1786,15.403,16.885
1787,15.377,16.878
1788,15.345,16.848
1789,15.300,16.801
1790,15.237,16.739
1791,15.175,16.704
1792,15.038,16.591
1793,14.082,15.326
1794,14.203,15.418
1795,14.319,15.517
1796,14.366,15.602
1797,14.578,15.807
1798,14.727,15.972
1799,14.981,16.234
1800,15.128,16.354
1801,15.414,16.671
1802,15.666,16.927
1803,15.862,17.129
1804,16.079,17.373
1805,16.475,17.890
1806,16.678,18.071
1807,16.711,18.126
1808,16.814,18.212
1809,16.961,18.459
1810,16.727,18.161
1811,16.612,18.065
1812,16.691,18.149
1813,16.606,18.066
1814,16.501,17.957
1815,16.576,18.074
1816,16.743,18.433
1817,16.496,18.114
1818,16.482,18.124
1819,16.363,17.989
1820,16.227,17.846
1821,16.135,17.748
1822,16.046,17.652
1823,15.824,17.427
1824,15.767,17.399
1825,15.725,17.371
1826,15.642,17.278
1827,15.526,17.156
1828,15.448,17.063
1829,15.345,16.967
1830,15.305,16.927
1831,15.380,17.007
1832,15.443,17.059
1833,15.544,17.168
1834,15.565,17.187
1835,15.477,17.018
1836,15.457,17.035
1837,15.343,16.907
1838,15.317,16.907
1839,15.223,16.813
1840,15.132,16.707
