0,12.981,15.443
1,12.992,15.464
2,12.972,15.429
3,12.985,15.442
4,12.992,15.451
5,12.999,15.461
6,12.997,15.465
7,12.985,15.442
8,13.012,15.485
9,12.979,15.422
10,12.981,15.429
11,12.991,15.443
12,12.980,15.428
13,12.985,15.442
14,12.960,15.396
15,12.971,15.414
16,12.976,15.438
17,12.972,15.419
18,12.971,15.426
19,12.980,15.432
20,12.984,15.441
21,12.978,15.436
22,12.950,15.388
23,12.959,15.402
24,12.962,15.400
25,12.977,15.433
26,12.968,15.406
27,12.975,15.424
28,12.943,15.363
29,12.943,15.371
30,12.966,15.408
31,12.942,15.369
32,12.946,15.383
33,12.963,15.412
34,12.941,15.373
35,12.958,15.410
36,12.957,15.398
37,12.953,15.401
38,12.919,15.334
39,12.932,15.369
40,12.930,15.346
41,12.930,15.359
42,12.925,15.342
43,12.918,15.344
44,12.919,15.339
45,12.945,15.376
46,12.947,15.387
47,12.958,15.400
48,12.948,15.381
49,12.913,15.337
50,12.902,15.309
51,12.927,15.346
52,12.937,15.356
53,12.925,15.337
54,12.911,15.322
55,12.920,15.338
56,12.890,15.291
57,12.912,15.320
58,12.886,15.277
59,12.897,15.298
60,12.898,15.305
61,12.884,15.278
62,12.897,15.302
63,12.854,15.227
64,12.866,15.237
65,12.861,15.230
66,12.871,15.255
67,12.890,15.285
68,12.905,15.311
69,12.899,15.291
70,12.894,15.281
71,12.907,15.305
72,12.917,15.321
73,12.915,15.310
74,12.915,15.309
75,12.911,15.298
76,12.919,15.313
77,12.921,15.314
78,12.943,15.346
79,12.922,15.321
80,12.911,15.298
81,12.920,15.312
82,12.923,15.316
83,12.932,15.333
84,12.939,15.336
85,12.942,15.346
86,12.937,15.331
87,12.927,15.328
88,12.943,15.342
89,12.959,15.362
90,12.954,15.362
91,12.951,15.356
92,12.957,15.368
93,12.970,15.384
94,12.962,15.372
95,12.965,15.382
96,12.947,15.351
97,12.971,15.379
98,12.958,15.365
99,12.959,15.363
100,12.984,15.387
101,12.995,15.414
102,12.975,15.399
103,12.968,15.386
104,12.969,15.371
105,12.965,15.379
106,12.954,15.348
107,12.962,15.369
108,12.948,15.344
109,12.914,15.290
110,12.929,15.306
111,12.952,15.344
112,12.949,15.345
113,12.924,15.312
114,12.937,15.317
115,12.910,15.283
116,12.923,15.309
117,12.940,15.339
118,12.920,15.304
119,12.938,15.324
120,12.948,15.342
121,12.973,15.384
122,12.960,15.362
123,12.953,15.346
124,12.968,15.379
125,12.951,15.353
126,12.990,15.409
127,13.007,15.445
128,13.014,15.451
129,12.986,15.410
130,12.989,15.410
131,12.988,15.410
132,13.001,15.432
133,12.979,15.395
134,12.992,15.395
135,12.970,15.386
136,12.977,15.387
137,12.990,15.394
138,13.003,15.419
139,12.992,15.383
140,12.987,15.389
141,12.984,15.387
142,12.985,15.388
143,12.978,15.385
144,12.998,15.412
145,13.004,15.424
146,12.968,15.370
147,12.978,15.371
148,12.999,15.406
149,13.015,15.433
150,13.024,15.452
151,13.060,15.502
152,13.067,15.531
153,13.034,15.467
154,13.068,15.509
155,13.067,15.501
156,13.061,15.497
157,13.041,15.473
158,13.057,15.488
159,13.045,15.476
160,13.054,15.491
161,13.044,15.470
162,13.062,15.491
163,13.058,15.486
164,13.065,15.506
165,13.080,15.511
166,13.084,15.521
167,13.054,15.483
168,13.069,15.514
169,13.056,15.493
170,13.074,15.529
171,13.058,15.486
172,13.056,15.476
173,13.060,15.488
174,13.057,15.487
175,13.061,15.490
176,13.058,15.478
177,13.067,15.493
178,13.072,15.494
179,13.073,15.507
180,13.100,15.556
181,13.094,15.521
182,13.094,15.538
183,13.095,15.525
184,13.082,15.508
185,13.096,15.533
186,13.074,15.506
187,13.107,15.549
188,13.095,15.532
189,13.097,15.544
190,13.090,15.513
191,13.119,15.572
192,13.106,15.557
193,13.104,15.540
194,13.104,15.550
195,13.115,15.549
196,13.118,15.562
197,13.116,15.563
198,13.098,15.541
199,13.099,15.536
200,13.112,15.553
201,13.117,15.551
202,13.129,15.581
203,13.113,15.550
204,13.120,15.562
205,13.119,15.560
206,13.138,15.577
207,13.130,15.567
208,13.136,15.581
209,13.145,15.599
210,13.136,15.579
211,13.148,15.595
212,13.136,15.582
213,13.153,15.604
214,13.147,15.596
215,13.127,15.553
216,13.140,15.576
217,13.157,15.623
218,13.119,15.549
219,13.121,15.560
220,13.125,15.564
221,13.108,15.537
222,13.093,15.507
223,13.120,15.551
224,13.114,15.534
225,13.113,15.545
226,13.135,15.571
227,13.132,15.563
228,13.145,15.586
229,13.143,15.581
230,13.146,15.584
231,13.139,15.576
232,13.117,15.545
233,13.108,15.523
234,13.115,15.551
235,13.096,15.508
236,13.056,15.452
237,13.053,15.455
238,13.034,15.421
239,13.057,15.456
240,13.049,15.447
241,13.026,15.409
242,13.052,15.445
243,13.061,15.452
244,13.066,15.466
245,13.049,15.450
246,13.055,15.447
247,13.065,15.455
248,13.067,15.469
249,13.052,15.436
250,13.046,15.437
251,13.029,15.416
252,13.020,15.395
253,13.071,15.473
254,13.044,15.438
255,13.040,15.417
256,13.031,15.418
257,13.016,15.400
258,13.015,15.388
259,13.015,15.393
260,13.038,15.426
261,13.000,15.361
262,13.009,15.380
263,13.010,15.385
264,12.991,15.356
265,12.999,15.361
266,13.003,15.372
267,13.001,15.372
268,13.007,15.370
269,13.000,15.371
270,12.991,15.353
271,12.967,15.320
272,12.983,15.357
273,12.964,15.311
274,12.971,15.316
275,12.980,15.335
276,12.992,15.361
277,13.013,15.411
278,13.039,15.439
279,13.044,15.425
280,13.055,15.437
281,13.040,15.402
282,13.078,15.448
283,13.082,15.463
284,13.074,15.451
285,13.070,15.448
286,13.039,15.403
287,13.032,15.403
288,13.035,15.411
289,13.024,15.390
290,13.020,15.386
291,13.004,15.350
292,13.002,15.355
293,13.005,15.358
294,12.996,15.354
295,13.014,15.376
296,13.008,15.367
297,13.007,15.370
298,12.985,15.327
299,13.016,15.366
300,12.985,15.330
301,12.993,15.328
302,13.023,15.383
303,13.031,15.392
304,13.077,15.470
305,13.082,15.473
306,13.101,15.513
307,13.103,15.496
308,13.089,15.459
309,13.077,15.457
310,13.078,15.463
311,13.062,15.431
312,13.052,15.426
313,13.086,15.466
314,13.085,15.466
315,13.090,15.476
316,13.113,15.508
317,13.141,15.551
318,13.157,15.571
319,13.177,15.597
320,13.173,15.591
321,13.183,15.588
322,13.173,15.594
323,13.165,15.562
324,13.132,15.519
325,13.106,15.485
326,13.074,15.436
327,13.058,15.414
328,13.071,15.421
329,13.075,15.430
330,13.064,15.423
331,13.108,15.487
332,13.087,15.456
333,13.122,15.496
334,13.144,15.541
335,13.176,15.596
336,13.227,15.642
337,13.211,15.615
338,13.249,15.671
339,13.244,15.665
340,13.251,15.677
341,13.286,15.718
342,13.274,15.718
343,13.258,15.705
344,13.239,15.654
345,13.235,15.668
346,13.234,15.674
347,13.211,15.653
348,13.235,15.667
349,13.210,15.637
350,13.219,15.628
351,13.214,15.618
352,13.241,15.657
353,13.255,15.678
354,13.281,15.717
355,13.218,15.597
356,13.195,15.573
357,13.162,15.534
358,13.187,15.549
359,13.179,15.549
360,13.140,15.479
361,13.095,15.408
362,13.082,15.386
363,13.103,15.427
364,13.051,15.352
365,13.032,15.301
366,13.022,15.287
367,13.051,15.325
368,13.065,15.357
369,13.072,15.370
370,13.078,15.369
371,13.068,15.364
372,13.083,15.375
373,13.135,15.444
374,13.147,15.463
375,13.112,15.403
376,13.105,15.401
377,13.113,15.409
378,13.099,15.385
379,13.083,15.368
380,13.069,15.350
381,13.064,15.344
382,13.097,15.389
383,13.086,15.379
384,13.069,15.347
385,13.093,15.377
386,13.101,15.396
387,13.108,15.394
388,13.131,15.431
389,13.126,15.418
390,13.132,15.423
391,13.139,15.445
392,13.154,15.462
393,13.141,15.436
394,13.161,15.464
395,13.147,15.451
396,13.121,15.416
397,13.118,15.398
398,13.105,15.384
399,13.107,15.389
400,13.113,15.399
401,13.116,15.392
402,13.128,15.422
403,13.138,15.432
404,13.132,15.420
405,13.140,15.440
406,13.169,15.474
407,13.185,15.498
408,13.210,15.543
409,13.231,15.549
410,13.239,15.570
411,13.220,15.544
412,13.237,15.575
413,13.232,15.571
414,13.266,15.604
415,13.251,15.598
416,13.288,15.638
417,13.306,15.668
418,13.340,15.710
419,13.330,15.713
420,13.365,15.750
421,13.366,15.756
422,13.373,15.766
423,13.365,15.748
424,13.400,15.804
425,13.416,15.824
426,13.398,15.814
427,13.379,15.797
428,13.384,15.774
429,13.375,15.770
430,13.405,15.821
431,13.415,15.822
432,13.437,15.871
433,13.415,15.821
434,13.443,15.866
435,13.461,15.902
436,13.466,15.900
437,13.471,15.918
438,13.503,15.962
439,13.493,15.952
440,13.508,15.954
441,13.508,15.972
442,13.528,16.015
443,13.507,15.956
444,13.480,15.914
445,13.493,15.947
446,13.506,15.975
447,13.507,15.968
448,13.514,15.987
449,13.494,15.962
450,13.501,15.966
451,13.525,16.018
452,13.512,16.008
453,13.534,16.026
454,13.537,16.039
455,13.559,16.064
456,13.552,16.059
457,13.545,16.062
458,13.558,16.069
459,13.580,16.112
460,13.577,16.107
461,13.564,16.075
462,13.571,16.081
463,13.545,16.047
464,13.535,16.031
465,13.527,16.026
466,13.556,16.068
467,13.593,16.110
468,13.599,16.135
469,13.612,16.150
470,13.603,16.137
471,13.612,16.146
472,13.603,16.144
473,13.590,16.100
474,13.622,16.157
475,13.593,16.112
476,13.578,16.083
477,13.593,16.101
478,13.574,16.091
479,13.575,16.082
480,13.568,16.072
481,13.562,16.068
482,13.569,16.077
483,13.588,16.107
484,13.572,16.080
485,13.592,16.111
486,13.625,16.150
487,13.579,16.068
488,13.564,16.051
489,13.587,16.099
490,13.611,16.128
491,13.630,16.151
492,13.627,16.156
493,13.613,16.122
494,13.633,16.170
495,13.635,16.158
496,13.623,16.142
497,13.635,16.166
498,13.617,16.131
499,13.630,16.155
500,13.639,16.168
501,13.633,16.174
502,13.638,16.169
503,13.671,16.227
504,13.675,16.231
505,13.663,16.198
506,13.683,16.253
507,13.681,16.230
508,13.669,16.218
509,13.655,16.194
510,13.657,16.193
511,13.628,16.147
512,13.594,16.098
513,13.597,16.105
514,13.585,16.078
515,13.593,16.100
516,13.587,16.074
517,13.600,16.107
518,13.578,16.070
519,13.562,16.031
520,13.584,16.057
521,13.576,16.058
522,13.574,16.045
523,13.522,15.978
524,13.544,16.020
525,13.545,16.014
526,13.517,15.954
527,13.517,15.969
528,13.535,15.982
529,13.514,15.955
530,13.510,15.949
531,13.519,15.961
532,13.558,16.031
533,13.566,16.051
534,13.567,16.047
535,13.547,16.015
536,13.549,16.000
537,13.552,16.007
538,13.549,16.009
539,13.551,16.018
540,13.577,16.053
541,13.633,16.130
542,13.629,16.152
543,13.647,16.161
544,13.619,16.121
545,13.598,16.092
546,13.613,16.108
547,13.621,16.123
548,13.620,16.129
549,13.599,16.091
550,13.628,16.128
551,13.614,16.108
552,13.632,16.138
553,13.630,16.144
554,13.631,16.122
555,13.602,16.107
556,13.639,16.161
557,13.625,16.140
558,13.633,16.143
559,13.625,16.154
560,13.626,16.141
561,13.606,16.111
562,13.621,16.124
563,13.614,16.129
564,13.590,16.086
565,13.598,16.097
566,13.610,16.116
567,13.598,16.102
568,13.597,16.108
569,13.600,16.091
570,13.600,16.092
571,13.602,16.093
572,13.592,16.073
573,13.594,16.085
574,13.597,16.091
575,13.603,16.114
576,13.600,16.086
577,13.604,16.091
578,13.567,16.037
579,13.572,16.045
580,13.552,16.018
581,13.546,15.999
582,13.530,15.978
583,13.545,15.998
584,13.503,15.947
585,13.559,16.024
586,13.525,15.977
587,13.527,15.986
588,13.542,16.009
589,13.531,15.986
590,13.529,15.986
591,13.537,16.002
592,13.516,15.969
593,13.515,15.964
594,13.510,15.959
595,13.506,15.951
596,13.518,15.968
597,13.533,15.992
598,13.518,15.970
599,13.502,15.941
600,13.524,15.982
601,13.524,15.967
602,13.530,15.979
603,13.536,15.998
604,13.546,16.019
605,13.529,15.985
606,13.534,15.994
607,13.567,16.037
608,13.562,16.028
609,13.563,16.030
610,13.587,16.064
611,13.569,16.045
612,13.569,16.050
613,13.581,16.067
614,13.571,16.053
615,13.599,16.086
616,13.588,16.081
617,13.605,16.100
618,13.615,16.103
619,13.597,16.092
620,13.591,16.083
621,13.603,16.084
622,13.598,16.078
623,13.604,16.091
624,13.607,16.083
625,13.616,16.092
626,13.612,16.099
627,13.620,16.114
628,13.636,16.138
629,13.645,16.153
630,13.636,16.138
631,13.647,16.163
632,13.656,16.165
633,13.657,16.176
634,13.663,16.189
635,13.660,16.182
636,13.670,16.205
637,13.670,16.200
638,13.672,16.201
639,13.704,16.240
640,13.695,16.227
641,13.701,16.258
642,13.687,16.233
643,13.715,16.272
644,13.720,16.286
645,13.714,16.289
646,13.718,16.300
647,13.719,16.287
648,13.713,16.263
649,13.667,16.193
650,13.648,16.162
651,13.637,16.152
652,13.676,16.198
653,13.672,16.193
654,13.686,16.227
655,13.644,16.149
656,13.614,16.095
657,13.637,16.147
658,13.633,16.147
659,13.663,16.176
660,13.651,16.160
661,13.646,16.157
662,13.671,16.216
663,13.667,16.197
664,13.681,16.219
665,13.681,16.196
666,13.671,16.196
667,13.649,16.168
668,13.692,16.233
669,13.700,16.241
670,13.685,16.218
671,13.692,16.225
672,13.680,16.219
673,13.679,16.206
674,13.636,16.136
675,13.615,16.111
676,13.629,16.132
677,13.633,16.137
678,13.615,16.130
679,13.642,16.146
680,13.602,16.087
681,13.590,16.076
682,13.578,16.039
683,13.572,16.031
684,13.562,16.013
685,13.510,15.928
686,13.528,15.949
687,13.499,15.907
688,13.485,15.884
689,13.480,15.886
690,13.467,15.863
691,13.451,15.837
692,13.462,15.854
693,13.472,15.863
694,13.471,15.872
695,13.479,15.889
696,13.477,15.890
697,13.525,15.969
698,13.496,15.922
699,13.521,15.950
700,13.489,15.895
701,13.487,15.897
702,13.498,15.921
703,13.516,15.932
704,13.511,15.934
705,13.520,15.938
706,13.505,15.915
707,13.521,15.936
708,13.543,15.970
709,13.538,15.970
710,13.538,15.963
711,13.546,15.982
712,13.545,15.978
713,13.546,15.975
714,13.550,15.982
715,13.553,15.982
716,13.547,15.980
717,13.572,16.023
718,13.564,16.003
719,13.582,16.018
720,13.589,16.040
721,13.612,16.068
722,13.591,16.041
723,13.597,16.044
724,13.601,16.046
725,13.603,16.054
726,13.589,16.028
727,13.603,16.054
728,13.579,16.035
729,13.570,16.023
730,13.563,15.999
731,13.572,16.011
732,13.566,16.003
733,13.562,15.997
734,13.572,16.029
735,13.595,16.055
736,13.584,16.047
737,13.584,16.022
738,13.585,16.031
739,13.573,16.018
740,13.583,16.034
741,13.607,16.068
742,13.606,16.078
743,13.606,16.070
744,13.630,16.109
745,13.630,16.104
746,13.640,16.131
747,13.628,16.122
748,13.639,16.127
749,13.644,16.131
750,13.650,16.130
751,13.669,16.181
752,13.679,16.192
753,13.670,16.168
754,13.701,16.218
755,13.687,16.228
756,13.705,16.219
757,13.719,16.243
758,13.707,16.229
759,13.695,16.222
760,13.733,16.276
761,13.720,16.259
762,13.723,16.262
763,13.715,16.245
764,13.737,16.272
765,13.749,16.305
766,13.742,16.284
767,13.761,16.316
768,13.753,16.310
769,13.750,16.302
770,13.775,16.347
771,13.773,16.331
772,13.758,16.320
773,13.776,16.337
774,13.774,16.338
775,13.778,16.357
776,13.752,16.316
777,13.801,16.376
778,13.763,16.331
779,13.780,16.359
780,13.795,16.377
781,13.791,16.370
782,13.807,16.403
783,13.809,16.403
784,13.819,16.413
785,13.815,16.404
786,13.816,16.415
787,13.824,16.431
788,13.807,16.409
789,13.811,16.407
790,13.783,16.361
791,13.772,16.346
792,13.752,16.315
793,13.772,16.345
794,13.764,16.338
795,13.793,16.379
796,13.808,16.395
797,13.787,16.381
798,13.817,16.420
799,13.774,16.346
800,13.732,16.278
801,13.744,16.276
802,13.720,16.276
803,13.722,16.267
804,13.722,16.262
805,13.728,16.274
806,13.753,16.310
807,13.739,16.302
808,13.763,16.343
809,13.771,16.340
810,13.767,16.328
811,13.767,16.350
812,13.772,16.357
813,13.754,16.316
814,13.745,16.306
815,13.739,16.300
816,13.771,16.338
817,13.734,16.281
818,13.719,16.247
819,13.710,16.226
820,13.699,16.219
821,13.694,16.220
822,13.694,16.204
823,13.674,16.177
824,13.675,16.178
825,13.659,16.167
826,13.641,16.125
827,13.615,16.079
828,13.616,16.086
829,13.601,16.053
830,13.578,16.021
831,13.570,16.000
832,13.549,15.978
833,13.578,16.006
834,13.541,15.950
835,13.545,15.962
836,13.543,15.943
837,13.553,15.970
838,13.553,15.976
839,13.581,16.018
840,13.555,15.976
841,13.575,16.024
842,13.581,16.020
843,13.589,16.028
844,13.597,16.033
845,13.588,16.039
846,13.582,16.033
847,13.596,16.049
848,13.589,16.037
849,13.607,16.076
850,13.616,16.089
851,13.613,16.077
852,13.620,16.088
853,13.591,16.047
854,13.598,16.062
855,13.619,16.080
856,13.609,16.081
857,13.593,16.057
858,13.610,16.091
859,13.618,16.096
860,13.615,16.082
861,13.614,16.087
862,13.609,16.081
863,13.604,16.060
864,13.626,16.098
865,13.625,16.096
866,13.626,16.098
867,13.628,16.106
868,13.591,16.060
869,13.614,16.085
870,13.612,16.086
871,13.607,16.085
872,13.618,16.095
873,13.615,16.092
874,13.611,16.094
875,13.626,16.117
876,13.615,16.088
877,13.605,16.073
878,13.625,16.098
879,13.629,16.100
880,13.594,16.067
881,13.613,16.087
882,13.609,16.077
883,13.611,16.090
884,13.594,16.056
885,13.611,16.078
886,13.605,16.076
887,13.616,16.096
888,13.612,16.091
889,13.586,16.040
890,13.618,16.093
891,13.617,16.083
892,13.613,16.090
893,13.601,16.071
894,13.611,16.078
895,13.614,16.104
896,13.602,16.060
897,13.614,16.088
898,13.609,16.083
899,13.586,16.042
900,13.594,16.066
901,13.593,16.055
902,13.593,16.056
903,13.605,16.069
904,13.603,16.075
905,13.618,16.088
906,13.602,16.068
907,13.610,16.089
908,13.625,16.085
909,13.598,16.051
910,13.627,16.102
911,13.612,16.079
912,13.608,16.082
913,13.619,16.095
914,13.635,16.119
915,13.636,16.110
916,13.619,16.098
917,13.650,16.134
918,13.626,16.100
919,13.644,16.122
920,13.659,16.144
921,13.657,16.155
922,13.647,16.129
923,13.640,16.129
924,13.651,16.142
925,13.649,16.126
926,13.649,16.131
927,13.666,16.164
928,13.665,16.158
929,13.663,16.167
930,13.663,16.159
931,13.653,16.141
932,13.662,16.157
933,13.660,16.163
934,13.678,16.173
935,13.680,16.176
936,13.661,16.144
937,13.683,16.194
938,13.675,16.173
939,13.680,16.180
940,13.703,16.202
941,13.698,16.206
942,13.701,16.213
943,13.700,16.212
944,13.680,16.181
945,13.698,16.215
946,13.697,16.204
947,13.699,16.215
948,13.700,16.220
949,13.726,16.255
950,13.684,16.193
951,13.706,16.230
952,13.720,16.254
953,13.722,16.251
954,13.703,16.224
955,13.704,16.235
956,13.711,16.236
957,13.723,16.253
958,13.717,16.245
959,13.728,16.265
960,13.733,16.271
961,13.732,16.271
962,13.736,16.288
963,13.716,16.251
964,13.714,16.243
965,13.738,16.284
966,13.731,16.268
967,13.724,16.268
968,13.709,16.237
969,13.728,16.268
970,13.729,16.275
971,13.736,16.275
972,13.730,16.266
973,13.755,16.309
974,13.742,16.295
975,13.736,16.278
976,13.733,16.288
977,13.749,16.319
978,13.744,16.303
979,13.732,16.274
980,13.759,16.319
981,13.736,16.294
982,13.763,16.331
983,13.761,16.318
984,13.773,16.333
985,13.740,16.295
986,13.763,16.326
987,13.781,16.354
988,13.784,16.359
989,13.784,16.361
990,13.800,16.387
991,13.796,16.374
992,13.816,16.400
993,13.804,16.383
994,13.806,16.401
995,13.806,16.387
996,13.822,16.420
997,13.827,16.417
998,13.813,16.395
999,13.803,16.389
1000,13.820,16.401
1001,13.816,16.408
1002,13.808,16.410
1003,13.824,16.410
1004,13.829,16.426
1005,13.844,16.453
1006,13.832,16.442
1007,13.829,16.432
1008,13.842,16.443
1009,13.842,16.461
1010,13.824,16.422
1011,13.841,16.459
1012,13.811,16.406
1013,13.800,16.386
1014,13.808,16.386
1015,13.808,16.389
1016,13.793,16.377
1017,13.810,16.386
1018,13.819,16.413
1019,13.803,16.392
1020,13.816,16.400
1021,13.820,16.418
1022,13.817,16.389
1023,13.800,16.365
1024,13.814,16.390
1025,13.809,16.391
1026,13.813,16.389
1027,13.815,16.389
1028,13.807,16.377
1029,13.807,16.376
1030,13.835,16.429
1031,13.811,16.380
1032,13.802,16.372
1033,13.792,16.360
1034,13.808,16.394
1035,13.829,16.421
1036,13.795,16.362
1037,13.802,16.391
1038,13.800,16.375
1039,13.811,16.399
1040,13.802,16.367
1041,13.804,16.392
1042,13.821,16.419
1043,13.803,16.374
1044,13.799,16.379
1045,13.816,16.411
1046,13.825,16.412
1047,13.821,16.408
1048,13.824,16.419
1049,13.810,16.402
1050,13.787,16.351
1051,13.817,16.405
1052,13.807,16.395
1053,13.804,16.399
1054,13.784,16.351
1055,13.739,16.281
1056,13.739,16.260
1057,13.734,16.272
1058,13.717,16.244
1059,13.720,16.251
1060,13.703,16.224
1061,13.704,16.227
1062,13.728,16.264
1063,13.690,16.205
1064,13.721,16.250
1065,13.703,16.225
1066,13.705,16.221
1067,13.701,16.218
1068,13.690,16.203
1069,13.704,16.229
1070,13.694,16.216
1071,13.703,16.230
1072,13.694,16.220
1073,13.706,16.233
1074,13.692,16.222
1075,13.701,16.223
1076,13.695,16.207
1077,13.676,16.172
1078,13.683,16.196
1079,13.687,16.191
1080,13.664,16.149
1081,13.662,16.153
1082,13.651,16.116
1083,13.657,16.143
1084,13.642,16.119
1085,13.656,16.121
1086,13.626,16.102
1087,13.634,16.092
1088,13.643,16.111
1089,13.623,16.087
1090,13.612,16.058
1091,13.586,16.033
1092,13.610,16.068
1093,13.630,16.092
1094,13.645,16.120
1095,13.648,16.137
1096,13.606,16.093
1097,13.640,16.114
1098,13.621,16.090
1099,13.656,16.136
1100,13.671,16.156
1101,13.685,16.188
1102,13.672,16.172
1103,13.670,16.169
1104,13.667,16.171
1105,13.653,16.143
1106,13.681,16.201
1107,13.659,16.153
1108,13.669,16.187
1109,13.674,16.193
1110,13.646,16.142
1111,13.644,16.146
1112,13.646,16.155
1113,13.644,16.144
1114,13.676,16.196
1115,13.640,16.139
1116,13.644,16.153
1117,13.647,16.158
1118,13.628,16.125
1119,13.652,16.157
1120,13.659,16.182
1121,13.640,16.152
1122,13.640,16.154
1123,13.613,16.115
1124,13.630,16.151
1125,13.648,16.171
1126,13.639,16.165
1127,13.626,16.147
1128,13.633,16.158
1129,13.627,16.151
1130,13.617,16.130
1131,13.619,16.125
1132,13.617,16.119
1133,13.586,16.090
1134,13.601,16.115
1135,13.577,16.059
1136,13.582,16.088
1137,13.578,16.074
1138,13.582,16.083
1139,13.577,16.084
1140,13.569,16.061
1141,13.563,16.068
1142,13.569,16.064
1143,13.549,16.042
1144,13.528,16.011
1145,13.526,16.001
1146,13.524,16.013
1147,13.503,15.964
1148,13.491,15.951
1149,13.493,15.947
1150,13.489,15.948
1151,13.514,15.985
1152,13.481,15.938
1153,13.490,15.959
1154,13.484,15.948
1155,13.444,15.891
1156,13.472,15.936
1157,13.436,15.853
1158,13.441,15.880
1159,13.458,15.887
1160,13.443,15.890
1161,13.455,15.897
1162,13.463,15.898
1163,13.475,15.928
1164,13.481,15.948
1165,13.481,15.934
1166,13.505,15.971
1167,13.521,15.990
1168,13.522,15.989
1169,13.498,15.968
1170,13.511,15.984
1171,13.512,15.985
1172,13.512,15.983
1173,13.488,15.950
1174,13.516,15.998
1175,13.502,15.985
1176,13.524,16.010
1177,13.513,15.989
1178,13.520,16.009
1179,13.519,15.998
1180,13.505,15.989
1181,13.515,16.006
1182,13.489,15.962
1183,13.487,15.969
1184,13.497,15.993
1185,13.458,15.933
1186,13.435,15.908
1187,13.421,15.875
1188,13.376,15.803
1189,13.441,15.908
1190,13.433,15.890
1191,13.437,15.904
1192,13.430,15.894
1193,13.425,15.886
1194,13.450,15.924
1195,13.424,15.876
1196,13.438,15.883
1197,13.426,15.897
1198,13.418,15.875
1199,13.445,15.912
1200,13.441,15.904
1201,13.450,15.931
1202,13.436,15.889
1203,13.447,15.917
1204,13.481,15.967
1205,13.480,15.972
1206,13.506,15.996
1207,13.488,15.989
1208,13.529,16.040
1209,13.551,16.083
1210,13.565,16.094
1211,13.557,16.080
1212,13.574,16.108
1213,13.570,16.079
1214,13.564,16.081
1215,13.593,16.151
1216,13.583,16.117
1217,13.550,16.082
1218,13.518,16.037
1219,13.510,16.024
1220,13.476,15.969
1221,13.449,15.930
1222,13.460,15.954
1223,13.494,16.009
1224,13.482,15.978
1225,13.467,15.962
1226,13.467,15.972
1227,13.498,16.012
1228,13.508,16.041
1229,13.533,16.077
1230,13.552,16.132
1231,13.591,16.176
1232,13.574,16.148
1233,13.609,16.213
1234,13.621,16.213
1235,13.599,16.156
1236,13.618,16.191
1237,13.592,16.151
1238,13.567,16.119
1239,13.546,16.079
1240,13.567,16.124
1241,13.569,16.134
1242,13.611,16.201
1243,13.619,16.203
1244,13.624,16.218
1245,13.616,16.214
1246,13.584,16.154
1247,13.553,16.095
1248,13.524,16.059
1249,13.529,16.061
1250,13.522,16.049
1251,13.493,16.014
1252,13.507,16.026
1253,13.487,16.012
1254,13.445,15.920
1255,13.459,15.936
1256,13.460,15.941
1257,13.477,15.954
1258,13.480,15.954
1259,13.493,15.985
1260,13.501,16.001
1261,13.573,16.094
1262,13.572,16.098
1263,13.574,16.097
1264,13.551,16.072
1265,13.528,16.025
1266,13.556,16.073
1267,13.522,16.030
1268,13.521,16.023
1269,13.499,15.977
1270,13.521,16.022
1271,13.517,16.005
1272,13.529,16.030
1273,13.561,16.082
1274,13.548,16.065
1275,13.571,16.107
1276,13.552,16.074
1277,13.576,16.102
1278,13.549,16.077
1279,13.575,16.110
1280,13.542,16.058
1281,13.515,16.016
1282,13.534,16.049
1283,13.574,16.129
1284,13.554,16.090
1285,13.586,16.128
1286,13.562,16.107
1287,13.562,16.098
1288,13.562,16.113
1289,13.515,16.039
1290,13.536,16.066
1291,13.517,16.052
1292,13.490,16.014
1293,13.467,15.973
1294,13.469,15.985
1295,13.416,15.900
1296,13.411,15.883
1297,13.394,15.863
1298,13.387,15.848
1299,13.359,15.802
1300,13.389,15.845
1301,13.414,15.884
1302,13.435,15.910
1303,13.439,15.920
1304,13.455,15.955
1305,13.462,15.957
1306,13.441,15.912
1307,13.470,15.970
1308,13.441,15.915
1309,13.470,15.971
1310,13.467,15.945
1311,13.477,15.975
1312,13.479,15.971
1313,13.501,16.009
1314,13.534,16.058
1315,13.541,16.049
1316,13.551,16.063
1317,13.573,16.095
1318,13.576,16.100
1319,13.620,16.164
1320,13.607,16.129
1321,13.609,16.148
1322,13.595,16.121
1323,13.585,16.107
1324,13.581,16.096
1325,13.594,16.106
1326,13.590,16.116
1327,13.579,16.095
1328,13.581,16.101
1329,13.561,16.067
1330,13.558,16.074
1331,13.533,16.022
1332,13.537,16.032
1333,13.549,16.050
1334,13.544,16.045
1335,13.530,16.024
1336,13.526,16.008
1337,13.531,16.030
1338,13.506,16.001
1339,13.528,16.011
1340,13.519,16.002
1341,13.542,16.035
1342,13.538,16.043
1343,13.561,16.057
1344,13.557,16.056
1345,13.563,16.063
1346,13.555,16.069
1347,13.552,16.046
1348,13.562,16.062
1349,13.589,16.096
1350,13.566,16.070
1351,13.554,16.041
1352,13.551,16.042
1353,13.570,16.067
1354,13.577,16.083
1355,13.548,16.043
1356,13.552,16.048
1357,13.542,16.031
1358,13.536,16.024
1359,13.520,16.002
1360,13.502,15.976
1361,13.486,15.955
1362,13.481,15.954
1363,13.496,15.968
1364,13.487,15.964
1365,13.493,15.979
1366,13.477,15.947
1367,13.460,15.928
1368,13.477,15.941
1369,13.448,15.913
1370,13.439,15.896
1371,13.432,15.893
1372,13.413,15.868
1373,13.424,15.883
1374,13.415,15.866
1375,13.413,15.875
1376,13.435,15.899
1377,13.447,15.919
1378,13.448,15.928
1379,13.456,15.931
1380,13.447,15.927
1381,13.479,15.975
1382,13.485,15.980
1383,13.485,15.977
1384,13.450,15.919
1385,13.463,15.948
1386,13.470,15.965
1387,13.466,15.933
1388,13.423,15.883
1389,13.418,15.875
1390,13.411,15.881
1391,13.403,15.862
1392,13.392,15.855
1393,13.400,15.855
1394,13.393,15.855
1395,13.410,15.871
1396,13.437,15.916
1397,13.424,15.895
1398,13.462,15.951
1399,13.456,15.941
1400,13.455,15.944
1401,13.455,15.948
1402,13.429,15.905
1403,13.437,15.928
1404,13.441,15.915
1405,13.433,15.904
1406,13.439,15.934
1407,13.429,15.922
1408,13.439,15.929
1409,13.423,15.909
1410,13.429,15.917
1411,13.433,15.930
1412,13.432,15.914
1413,13.451,15.954
1414,13.448,15.945
1415,13.450,15.937
1416,13.449,15.946
1417,13.445,15.918
1418,13.446,15.944
1419,13.454,15.936
1420,13.430,15.922
1421,13.458,15.951
1422,13.422,15.907
1423,13.408,15.882
1424,13.409,15.887
1425,13.371,15.828
1426,13.376,15.842
1427,13.401,15.871
1428,13.382,15.850
1429,13.345,15.796
1430,13.331,15.767
1431,13.329,15.770
1432,13.369,15.816
1433,13.347,15.791
1434,13.339,15.774
1435,13.330,15.766
1436,13.329,15.744
1437,13.339,15.761
1438,13.311,15.724
1439,13.321,15.742
1440,13.315,15.737
1441,13.308,15.728
1442,13.291,15.695
1443,13.279,15.677
1444,13.253,15.641
1445,13.256,15.642
1446,13.252,15.636
1447,13.226,15.604
1448,13.244,15.627
1449,13.233,15.626
1450,13.268,15.655
1451,13.229,15.596
1452,13.262,15.652
1453,13.225,15.604
1454,13.224,15.592
1455,13.220,15.593
1456,13.233,15.610
1457,13.217,15.588
1458,13.255,15.642
1459,13.235,15.616
1460,13.226,15.603
1461,13.230,15.610
1462,13.229,15.611
1463,13.239,15.621
1464,13.247,15.630
1465,13.248,15.643
1466,13.239,15.620
1467,13.241,15.622
1468,13.249,15.634
1469,13.211,15.581
1470,13.203,15.578
1471,13.201,15.569
1472,13.198,15.560
1473,13.203,15.564
1474,13.192,15.549
1475,13.193,15.561
1476,13.151,15.496
1477,13.169,15.527
1478,13.187,15.536
1479,13.182,15.525
1480,13.159,15.505
1481,13.152,15.489
1482,13.156,15.499
1483,13.138,15.476
1484,13.156,15.498
1485,13.169,15.519
1486,13.173,15.530
1487,13.150,15.495
1488,13.154,15.504
1489,13.160,15.514
1490,13.137,15.475
1491,13.147,15.498
1492,13.141,15.486
1493,13.148,15.496
1494,13.125,15.465
1495,13.140,15.491
1496,13.143,15.508
1497,13.155,15.511
1498,13.150,15.493
1499,13.163,15.515
1500,13.150,15.505
1501,13.151,15.506
1502,13.164,15.512
1503,13.151,15.498
1504,13.192,15.568
1505,13.155,15.509
1506,13.163,15.530
1507,13.176,15.552
1508,13.170,15.530
1509,13.168,15.527
1510,13.182,15.545
1511,13.176,15.546
1512,13.178,15.537
1513,13.160,15.515
1514,13.213,15.593
1515,13.188,15.556
1516,13.219,15.596
1517,13.215,15.599
1518,13.231,15.629
1519,13.244,15.647
1520,13.240,15.646
1521,13.252,15.658
1522,13.253,15.660
1523,13.261,15.661
1524,13.250,15.659
1525,13.242,15.643
1526,13.262,15.675
1527,13.264,15.678
1528,13.260,15.671
1529,13.282,15.707
1530,13.287,15.705
1531,13.297,15.713
1532,13.319,15.764
1533,13.293,15.731
1534,13.304,15.744
1535,13.293,15.729
1536,13.300,15.732
1537,13.306,15.751
1538,13.315,15.756
1539,13.322,15.777
1540,13.280,15.723
1541,13.254,15.655
1542,13.247,15.642
1543,13.269,15.688
1544,13.285,15.709
1545,13.283,15.714
1546,13.285,15.721
1547,13.301,15.732
1548,13.314,15.758
1549,13.310,15.745
1550,13.296,15.728
1551,13.318,15.758
1552,13.338,15.787
1553,13.340,15.789
1554,13.365,15.805
1555,13.368,15.838
1556,13.361,15.810
1557,13.365,15.818
1558,13.400,15.867
1559,13.397,15.861
1560,13.411,15.897
1561,13.413,15.877
1562,13.435,15.928
1563,13.440,15.939
1564,13.472,15.971
1565,13.463,15.976
1566,13.480,15.995
1567,13.476,15.983
1568,13.474,15.982
1569,13.480,15.994
1570,13.470,15.989
1571,13.480,15.997
1572,13.468,15.975
1573,13.475,15.985
1574,13.466,15.970
1575,13.462,15.975
1576,13.463,15.969
1577,13.453,15.961
1578,13.437,15.937
1579,13.428,15.922
1580,13.403,15.877
1581,13.396,15.871
1582,13.411,15.895
1583,13.420,15.902
1584,13.439,15.933
1585,13.467,15.984
1586,13.455,15.955
1587,13.455,15.959
1588,13.448,15.958
1589,13.436,15.928
1590,13.463,15.964
1591,13.484,16.000
1592,13.498,16.017
1593,13.510,16.049
1594,13.518,16.055
1595,13.525,16.056
1596,13.528,16.058
1597,13.537,16.063
1598,13.514,16.028
1599,13.477,15.964
1600,13.479,15.965
1601,13.477,15.962
1602,13.439,15.890
1603,13.478,15.961
1604,13.472,15.945
1605,13.457,15.917
1606,13.469,15.943
1607,13.451,15.924
1608,13.504,15.997
1609,13.528,16.027
1610,13.534,16.045
1611,13.531,16.033
1612,13.479,15.976
1613,13.462,15.933
1614,13.436,15.897
1615,13.467,15.949
1616,13.436,15.908
1617,13.430,15.883
1618,13.404,15.854
1619,13.357,15.781
1620,13.354,15.776
1621,13.317,15.711
1622,13.334,15.749
1623,13.343,15.752
1624,13.317,15.719
1625,13.335,15.746
1626,13.309,15.708
1627,13.320,15.718
1628,13.314,15.713
1629,13.298,15.683
1630,13.306,15.709
1631,13.318,15.719
1632,13.316,15.721
1633,13.302,15.694
1634,13.286,15.668
1635,13.296,15.679
1636,13.301,15.698
1637,13.301,15.697
1638,13.305,15.695
1639,13.291,15.681
1640,13.288,15.678
1641,13.257,15.625
1642,13.279,15.670
1643,13.268,15.642
1644,13.280,15.662
1645,13.270,15.650
1646,13.270,15.646
1647,13.273,15.663
1648,13.298,15.694
1649,13.269,15.646
1650,13.264,15.629
1651,13.279,15.670
1652,13.282,15.671
1653,13.287,15.681
1654,13.273,15.647
1655,13.288,15.652
1656,13.292,15.690
1657,13.299,15.689
1658,13.310,15.706
1659,13.288,15.666
1660,13.310,15.703
1661,13.303,15.700
1662,13.299,15.689
1663,13.335,15.745
1664,13.364,15.778
1665,13.385,15.812
1666,13.371,15.798
1667,13.375,15.799
1668,13.383,15.808
1669,13.394,15.830
1670,13.426,15.854
1671,13.437,15.885
1672,13.412,15.848
1673,13.453,15.910
1674,13.427,15.879
1675,13.435,15.889
1676,13.447,15.910
1677,13.450,15.925
1678,13.448,15.916
1679,13.450,15.904
1680,13.456,15.921
1681,13.453,15.922
1682,13.429,15.886
1683,13.424,15.873
1684,13.455,15.917
1685,13.480,15.953
1686,13.484,15.965
1687,13.482,15.960
1688,13.496,15.977
1689,13.533,16.055
1690,13.511,16.024
1691,13.502,15.998
1692,13.530,16.044
1693,13.544,16.056
1694,13.537,16.060
1695,13.530,16.055
1696,13.548,16.065
1697,13.567,16.101
1698,13.572,16.115
1699,13.566,16.101
1700,13.563,16.098
1701,13.585,16.133
1702,13.595,16.139
1703,13.617,16.175
1704,13.611,16.185
1705,13.596,16.152
1706,13.617,16.180
1707,13.623,16.191
1708,13.625,16.200
1709,13.645,16.226
1710,13.666,16.275
1711,13.657,16.264
1712,13.632,16.215
1713,13.638,16.222
1714,13.589,16.153
1715,13.557,16.107
1716,13.542,16.077
1717,13.536,16.061
1718,13.564,16.114
1719,13.557,16.106
1720,13.513,16.018
1721,13.476,15.965
1722,13.460,15.945
1723,13.458,15.955
1724,13.433,15.905
1725,13.439,15.920
1726,13.409,15.869
1727,13.425,15.881
1728,13.408,15.878
1729,13.402,15.872
1730,13.418,15.899
1731,13.395,15.860
1732,13.391,15.854
1733,13.390,15.858
1734,13.396,15.874
1735,13.386,15.828
1736,13.395,15.856
1737,13.364,15.820
1738,13.359,15.806
1739,13.361,15.815
1740,13.346,15.789
1741,13.351,15.799
1742,13.351,15.792
1743,13.344,15.799
1744,13.335,15.782
1745,13.329,15.771
1746,13.305,15.721
1747,13.311,15.732
1748,13.263,15.676
1749,13.256,15.658
1750,13.278,15.702
1751,13.228,15.624
1752,13.205,15.586
1753,13.169,15.546
1754,13.185,15.565
1755,13.201,15.589
1756,13.177,15.553
1757,13.152,15.525
1758,13.112,15.465
1759,13.103,15.454
1760,13.062,15.385
1761,13.070,15.393
1762,13.030,15.325
1763,13.049,15.368
1764,13.001,15.293
1765,13.059,15.378
1766,13.053,15.370
1767,13.103,15.444
1768,13.098,15.434
1769,13.112,15.456
1770,13.100,15.444
1771,13.088,15.422
1772,13.087,15.426
1773,13.108,15.449
1774,13.101,15.436
1775,13.112,15.463
1776,13.094,15.426
1777,13.099,15.444
1778,13.099,15.444
1779,13.066,15.398
1780,13.104,15.439
1781,13.082,15.415
1782,13.106,15.444
1783,13.101,15.438
1784,13.105,15.440
1785,13.102,15.445
1786,13.133,15.483
1787,13.163,15.528
1788,13.157,15.529
1789,13.128,15.484
1790,13.109,15.462
1791,13.110,15.447
1792,13.123,15.476
1793,13.111,15.456
1794,13.115,15.459
1795,13.156,15.528
1796,13.167,15.541
1797,13.156,15.526
1798,13.177,15.551
1799,13.171,15.546
1800,13.187,15.571
1801,13.181,15.556
1802,13.166,15.537
1803,13.163,15.530
1804,13.176,15.565
1805,13.196,15.591
1806,13.195,15.579
1807,13.190,15.584
1808,13.181,15.554
1809,13.170,15.551
1810,13.144,15.506
1811,13.163,15.532
1812,13.152,15.514
1813,13.122,15.469
1814,13.123,15.466
1815,13.113,15.438
1816,13.114,15.459
1817,13.122,15.466
1818,13.133,15.491
1819,13.119,15.455
1820,13.103,15.436
1821,13.092,15.433
1822,13.102,15.447
1823,13.061,15.386
1824,13.066,15.384
1825,13.072,15.396
1826,13.085,15.419
1827,13.112,15.469
1828,13.125,15.477
1829,13.150,15.513
1830,13.142,15.504
1831,13.131,15.484
1832,13.124,15.482
1833,13.128,15.483
1834,13.110,15.454
1835,13.086,15.414
1836,13.090,15.422
1837,13.075,15.400
1838,13.053,15.357
1839,13.045,15.344
1840,13.051,15.372
