0,18.690,19.431
1,18.705,19.448
2,18.700,19.438
3,18.687,19.421
4,18.673,19.409
5,18.696,19.446
6,18.666,19.405
7,18.702,19.437
8,18.609,19.341
9,18.735,19.461
10,18.806,19.546
11,18.788,19.540
12,18.786,19.544
13,18.881,19.643
14,18.920,19.691
15,18.985,19.771
16,18.993,19.778
17,19.064,19.852
18,19.121,19.910
19,19.173,19.973
20,19.175,19.971
21,19.189,19.987
22,19.141,19.934
23,19.149,19.961
24,19.083,19.882
25,19.052,19.844
26,19.046,19.838
27,19.061,19.847
28,19.052,19.815
29,19.068,19.832
30,19.108,19.883
31,19.104,19.875
32,19.088,19.844
33,19.095,19.841
34,19.108,19.844
35,19.130,19.862
36,19.109,19.853
37,19.172,19.915
38,19.154,19.890
39,19.173,19.899
40,19.282,20.002
41,19.335,20.052
42,19.357,20.083
43,19.360,20.064
44,19.338,20.016
45,19.331,19.999
46,19.334,20.004
47,19.337,20.015
48,19.365,20.016
49,19.335,19.992
50,19.317,19.978
51,19.251,19.925
52,19.231,19.901
53,19.193,19.857
54,19.173,19.834
55,19.170,19.826
56,19.142,19.812
57,19.124,19.791
58,19.150,19.824
59,19.135,19.802
60,19.036,19.730
61,18.993,19.676
62,19.015,19.706
63,18.997,19.670
64,19.027,19.711
65,18.965,19.639
66,19.000,19.696
67,18.974,19.666
68,19.044,19.767
69,18.961,19.648
70,18.986,19.693
71,18.949,19.631
72,19.015,19.717
73,18.965,19.651
74,19.015,19.703
75,18.988,19.661
76,19.014,19.688
77,19.097,19.802
78,19.055,19.764
79,19.048,19.757
80,18.983,19.684
81,18.975,19.674
82,18.953,19.638
83,19.029,19.712
84,18.977,19.641
85,19.050,19.739
86,18.953,19.612
87,18.990,19.674
88,18.908,19.557
89,18.941,19.626
90,18.976,19.668
91,18.907,19.576
92,18.979,19.654
93,18.960,19.642
94,18.829,19.504
95,18.927,19.608
96,18.919,19.597
97,18.915,19.595
98,18.872,19.541
99,18.893,19.585
100,18.928,19.628
101,18.899,19.574
102,18.947,19.643
103,18.930,19.641
104,18.925,19.627
105,18.856,19.549
106,18.867,19.554
107,18.827,19.524
108,18.723,19.393
109,18.770,19.459
110,18.786,19.480
111,18.664,19.323
112,18.672,19.337
113,18.680,19.347
114,18.614,19.272
115,18.598,19.249
116,18.613,19.262
117,18.635,19.280
118,18.642,19.290
119,18.638,19.287
120,18.641,19.298
121,18.626,19.277
122,18.615,19.275
123,18.568,19.223
124,18.524,19.185
125,18.495,19.156
126,18.354,18.998
127,18.377,19.038
128,18.328,18.970
129,18.330,18.986
130,18.335,18.991
131,18.253,18.925
132,18.194,18.855
133,18.267,18.946
134,18.202,18.872
135,18.256,18.921
136,18.237,18.898
137,18.244,18.915
138,18.264,18.909
139,18.343,19.006
140,18.348,19.016
141,18.290,18.963
142,18.223,18.890
143,18.250,18.926
144,18.257,18.919
145,18.229,18.888
146,18.182,18.821
147,18.194,18.845
148,18.193,18.842
149,18.169,18.822
150,18.118,18.763
151,18.082,18.718
152,17.980,18.607
153,18.066,18.701
154,18.015,18.654
155,18.067,18.714
156,18.066,18.706
157,18.084,18.720
158,18.088,18.707
159,18.119,18.743
160,18.153,18.782
161,18.158,18.792
162,18.229,18.858
163,18.250,18.886
164,18.282,18.906
165,18.310,18.927
166,18.416,19.035
167,18.442,19.058
168,18.382,19.002
169,18.373,18.979
170,18.394,19.029
171,18.377,19.019
172,18.372,19.008
173,18.328,18.959
174,18.258,18.879
175,18.222,18.842
176,18.229,18.854
177,18.287,18.926
178,18.296,18.935
179,18.298,18.917
180,18.256,18.879
181,18.286,18.930
182,18.243,18.866
183,18.158,18.774
184,18.154,18.764
185,18.192,18.826
186,18.246,18.883
187,18.252,18.892
188,18.285,18.898
189,18.279,18.919
190,18.212,18.820
191,18.253,18.889
192,18.236,18.870
193,18.310,18.944
194,18.372,19.012
195,18.436,19.076
196,18.380,18.995
197,18.352,18.972
198,18.326,18.938
199,18.417,19.043
200,18.436,19.058
201,18.398,18.992
202,18.422,19.022
203,18.458,19.063
204,18.504,19.109
205,18.502,19.103
206,18.537,19.139
207,18.500,19.088
208,18.446,19.037
209,18.488,19.080
210,18.455,19.029
211,18.475,19.065
212,18.523,19.143
213,18.380,18.956
214,18.480,19.069
215,18.410,19.005
216,18.358,18.933
217,18.285,18.870
218,18.269,18.851
219,18.254,18.841
220,18.210,18.789
221,18.296,18.874
222,18.174,18.729
223,18.419,19.018
224,18.383,18.971
225,18.382,18.978
226,18.375,18.965
227,18.316,18.904
228,18.307,18.879
229,18.259,18.835
230,18.279,18.855
231,18.236,18.818
232,18.233,18.806
233,18.201,18.775
234,18.173,18.740
235,18.140,18.711
236,18.127,18.705
237,18.103,18.678
238,18.045,18.611
239,18.019,18.595
240,17.986,18.565
241,17.972,18.547
242,18.030,18.608
243,18.001,18.588
244,17.990,18.582
245,17.948,18.520
246,17.942,18.520
247,17.936,18.502
248,17.947,18.521
249,17.937,18.508
250,17.964,18.541
251,17.931,18.501
252,17.968,18.542
253,17.926,18.511
254,17.899,18.488
255,17.869,18.447
256,17.828,18.394
257,17.768,18.318
258,17.763,18.335
259,17.750,18.316
260,17.713,18.275
261,17.665,18.235
262,17.633,18.203
263,17.581,18.144
264,17.605,18.167
265,17.602,18.164
266,17.647,18.210
267,17.596,18.164
268,17.585,18.149
269,17.621,18.202
270,17.603,18.179
271,17.580,18.160
272,17.607,18.179
273,17.696,18.279
274,17.768,18.339
275,17.807,18.366
276,17.788,18.349
277,17.760,18.330
278,17.772,18.334
279,17.770,18.339
280,17.780,18.353
281,17.772,18.338
282,17.810,18.380
283,17.800,18.363
284,17.803,18.373
285,17.809,18.384
286,17.860,18.428
287,17.879,18.457
288,17.873,18.448
289,17.932,18.519
290,17.904,18.484
291,17.920,18.500
292,17.909,18.485
293,17.907,18.488
294,17.878,18.454
295,17.893,18.475
296,17.899,18.472
297,17.940,18.531
298,17.982,18.557
299,17.907,18.480
300,17.928,18.501
301,17.881,18.443
302,17.893,18.463
303,17.839,18.400
304,17.839,18.404
305,17.774,18.325
306,17.829,18.386
307,17.735,18.277
308,17.809,18.366
309,17.798,18.337
310,17.818,18.362
311,17.826,18.361
312,17.873,18.412
313,17.882,18.408
314,17.916,18.464
315,17.923,18.460
316,17.997,18.545
317,18.072,18.637
318,18.092,18.647
319,18.134,18.684
320,18.218,18.789
321,18.246,18.822
322,18.293,18.875
323,18.289,18.873
324,18.236,18.826
325,18.193,18.778
326,18.115,18.678
327,18.180,18.749
328,18.169,18.715
329,18.150,18.699
330,18.193,18.755
331,18.128,18.669
332,18.185,18.739
333,18.045,18.595
334,18.065,18.622
335,18.009,18.564
336,18.073,18.622
337,18.047,18.599
338,18.124,18.678
339,18.086,18.641
340,18.075,18.618
341,18.150,18.725
342,18.081,18.638
343,18.093,18.652
344,18.047,18.599
345,18.067,18.622
346,18.081,18.632
347,18.067,18.628
348,18.083,18.642
349,18.115,18.677
350,18.056,18.611
351,18.064,18.618
352,18.025,18.574
353,18.063,18.614
354,18.042,18.590
355,18.056,18.606
356,18.073,18.622
357,18.054,18.621
358,18.125,18.702
359,18.049,18.616
360,18.043,18.606
361,18.036,18.601
362,18.056,18.615
363,18.073,18.639
364,18.066,18.631
365,18.083,18.634
366,18.087,18.639
367,18.092,18.644
368,18.098,18.656
369,18.088,18.639
370,18.083,18.645
371,18.122,18.689
372,18.098,18.659
373,18.109,18.668
374,18.129,18.689
375,18.104,18.669
376,18.081,18.649
377,18.112,18.682
378,18.117,18.685
379,18.098,18.672
380,18.112,18.689
381,18.134,18.713
382,18.126,18.703
383,18.118,18.689
384,18.104,18.670
385,18.078,18.638
386,18.081,18.645
387,18.050,18.612
388,18.004,18.568
389,18.002,18.570
390,17.983,18.553
391,17.978,18.548
392,17.958,18.525
393,17.913,18.477
394,17.895,18.466
395,17.906,18.479
396,17.889,18.459
397,17.846,18.428
398,17.844,18.415
399,17.836,18.411
400,17.824,18.396
401,17.763,18.338
402,17.746,18.314
403,17.729,18.301
404,17.722,18.293
405,17.688,18.264
406,17.684,18.253
407,17.639,18.214
408,17.714,18.283
409,17.726,18.293
410,17.782,18.343
411,17.733,18.296
412,17.706,18.265
413,17.677,18.236
414,17.677,18.243
415,17.703,18.250
416,17.712,18.260
417,17.690,18.248
418,17.683,18.226
419,17.679,18.230
420,17.676,18.227
421,17.679,18.239
422,17.679,18.235
423,17.692,18.256
424,17.695,18.260
425,17.699,18.256
426,17.673,18.225
427,17.663,18.226
428,17.667,18.222
429,17.654,18.210
430,17.653,18.212
431,17.627,18.175
432,17.609,18.145
433,17.589,18.140
434,17.612,18.167
435,17.578,18.129
436,17.606,18.155
437,17.628,18.178
438,17.624,18.175
439,17.590,18.137
440,17.572,18.116
441,17.560,18.106
442,17.568,18.115
443,17.549,18.096
444,17.565,18.102
445,17.558,18.098
446,17.556,18.093
447,17.553,18.082
448,17.553,18.096
449,17.559,18.099
450,17.536,18.066
451,17.577,18.113
452,17.581,18.115
453,17.562,18.096
454,17.570,18.105
455,17.550,18.090
456,17.568,18.101
457,17.561,18.096
458,17.577,18.114
459,17.583,18.119
460,17.576,18.119
461,17.583,18.122
462,17.579,18.110
463,17.578,18.111
464,17.582,18.126
465,17.600,18.131
466,17.594,18.127
467,17.614,18.139
468,17.611,18.143
469,17.596,18.127
470,17.609,18.137
471,17.600,18.135
472,17.600,18.135
473,17.584,18.114
474,17.597,18.120
475,17.595,18.125
476,17.595,18.121
477,17.601,18.126
478,17.607,18.143
479,17.589,18.117
480,17.609,18.139
481,17.632,18.166
482,17.636,18.180
483,17.649,18.188
484,17.663,18.199
485,17.666,18.215
486,17.675,18.208
487,17.688,18.228
488,17.667,18.201
489,17.669,18.214
490,17.652,18.192
491,17.686,18.225
492,17.688,18.226
493,17.685,18.230
494,17.694,18.240
495,17.691,18.232
496,17.671,18.213
497,17.658,18.192
498,17.678,18.212
499,17.677,18.221
500,17.676,18.216
501,17.679,18.214
502,17.676,18.212
503,17.653,18.190
504,17.656,18.197
505,17.721,18.268
506,17.743,18.292
507,17.751,18.291
508,17.751,18.300
509,17.746,18.283
510,17.753,18.296
511,17.782,18.324
512,17.787,18.320
513,17.785,18.328
514,17.781,18.323
515,17.812,18.354
516,17.811,18.350
517,17.789,18.331
518,17.828,18.373
519,17.821,18.367
520,17.660,18.167
521,17.658,18.168
522,17.699,18.203
523,17.687,18.196
524,17.679,18.188
525,17.693,18.192
526,17.720,18.227
527,17.740,18.253
528,17.740,18.248
529,17.750,18.245
530,17.764,18.269
531,17.763,18.277
532,17.755,18.257
533,17.754,18.260
534,17.784,18.284
535,17.792,18.302
536,17.791,18.297
537,17.787,18.281
538,17.799,18.304
539,17.829,18.332
540,17.796,18.308
541,17.776,18.269
542,17.796,18.294
543,17.963,18.489
544,17.955,18.470
545,17.945,18.459
546,17.964,18.475
547,17.970,18.480
548,17.944,18.448
549,17.947,18.461
550,17.971,18.489
551,17.992,18.509
552,17.948,18.454
553,17.950,18.468
554,17.981,18.503
555,17.960,18.476
556,17.995,18.517
557,18.009,18.542
558,18.000,18.531
559,17.993,18.530
560,18.002,18.527
561,17.983,18.510
562,18.005,18.535
563,18.009,18.538
564,18.004,18.529
565,17.988,18.514
566,17.963,18.493
567,17.959,18.485
568,17.961,18.494
569,17.952,18.483
570,17.925,18.446
571,17.923,18.447
572,17.932,18.459
573,17.917,18.441
574,17.904,18.422
575,17.920,18.448
576,17.908,18.432
577,17.918,18.439
578,17.924,18.449
579,17.941,18.458
580,17.954,18.478
581,17.976,18.498
582,17.975,18.499
583,17.965,18.502
584,17.965,18.487
585,17.958,18.491
586,17.947,18.460
587,17.950,18.469
588,17.925,18.444
589,17.754,18.257
590,17.749,18.246
591,17.733,18.234
592,17.730,18.230
593,17.747,18.243
594,17.719,18.213
595,17.726,18.221
596,17.717,18.215
597,17.702,18.195
598,17.716,18.214
599,17.726,18.225
600,17.735,18.232
601,17.736,18.238
602,17.745,18.248
603,17.750,18.248
604,17.787,18.294
605,17.783,18.284
606,17.784,18.287
607,17.742,18.251
608,17.776,18.279
609,17.759,18.255
610,17.766,18.265
611,17.765,18.258
612,17.759,18.260
613,17.739,18.232
614,17.759,18.259
615,17.757,18.260
616,17.759,18.261
617,17.748,18.246
618,17.751,18.254
619,17.749,18.251
620,17.750,18.246
621,17.762,18.264
622,17.760,18.256
623,17.775,18.275
624,17.783,18.287
625,17.783,18.283
626,17.769,18.275
627,17.782,18.280
628,17.784,18.285
629,17.772,18.276
630,17.794,18.293
631,17.775,18.269
632,17.782,18.278
633,17.779,18.275
634,17.786,18.285
635,17.783,18.281
636,17.753,18.242
637,17.771,18.265
638,17.750,18.243
639,17.759,18.258
640,17.896,18.416
641,17.913,18.440
642,17.903,18.432
643,17.895,18.411
644,17.893,18.418
645,17.913,18.439
646,17.918,18.446
647,17.911,18.433
648,17.907,18.426
649,17.898,18.420
650,17.919,18.446
651,17.915,18.432
652,17.908,18.434
653,17.907,18.427
654,17.907,18.431
655,17.932,18.462
656,17.900,18.428
657,17.894,18.412
658,17.909,18.432
659,17.898,18.423
660,17.892,18.415
661,17.885,18.408
662,17.902,18.421
663,17.890,18.416
664,17.892,18.423
665,17.868,18.392
666,17.872,18.406
667,17.882,18.413
668,17.883,18.411
669,17.898,18.427
670,17.906,18.435
671,17.918,18.438
672,17.916,18.449
673,17.932,18.456
674,17.945,18.470
675,17.944,18.472
676,17.952,18.475
677,17.960,18.491
678,17.977,18.511
679,17.979,18.511
680,17.951,18.486
681,17.952,18.479
682,17.934,18.465
683,17.934,18.457
684,17.932,18.456
685,17.930,18.449
686,17.927,18.446
687,17.914,18.428
688,17.918,18.442
689,17.917,18.440
690,17.924,18.447
691,17.920,18.441
692,17.924,18.452
693,17.941,18.468
694,17.922,18.455
695,17.935,18.463
696,17.943,18.468
697,17.943,18.472
698,17.935,18.457
699,17.955,18.481
700,17.939,18.459
701,17.947,18.476
702,17.941,18.463
703,17.941,18.460
704,17.937,18.453
705,17.950,18.473
706,17.932,18.458
707,17.933,18.458
708,17.940,18.459
709,17.932,18.449
710,17.931,18.449
711,17.923,18.440
712,17.935,18.458
713,17.943,18.460
714,17.950,18.471
715,17.955,18.476
716,17.949,18.476
717,17.929,18.451
718,17.927,18.451
719,17.932,18.459
720,17.925,18.453
721,17.953,18.473
722,17.946,18.464
723,17.932,18.453
724,17.931,18.451
725,17.932,18.456
726,17.925,18.442
727,17.935,18.457
728,17.943,18.461
729,17.917,18.435
730,17.914,18.434
731,17.902,18.417
732,17.908,18.427
733,17.905,18.416
734,17.899,18.417
735,17.888,18.402
736,17.922,18.441
737,17.901,18.430
738,17.905,18.422
739,17.910,18.432
740,17.914,18.428
741,17.917,18.434
742,17.907,18.432
743,17.899,18.415
744,17.899,18.426
745,17.903,18.426
746,17.893,18.412
747,17.916,18.440
748,17.892,18.410
749,17.906,18.424
750,17.878,18.400
751,17.881,18.394
752,17.878,18.404
753,17.880,18.395
754,17.878,18.396
755,17.878,18.400
756,17.885,18.400
757,17.881,18.393
758,17.880,18.399
759,17.908,18.430
760,17.906,18.425
761,17.935,18.460
762,17.893,18.416
763,17.906,18.421
764,17.912,18.424
765,17.902,18.426
766,17.909,18.430
767,17.921,18.444
768,17.922,18.446
769,17.920,18.443
770,17.902,18.432
771,17.914,18.437
772,17.914,18.437
773,17.908,18.429
774,17.903,18.419
775,17.895,18.414
776,17.884,18.398
777,17.904,18.427
778,17.908,18.417
779,17.905,18.419
780,17.890,18.416
781,17.897,18.410
782,17.898,18.412
783,17.910,18.432
784,17.909,18.428
785,17.914,18.432
786,17.936,18.461
787,17.916,18.430
788,17.916,18.437
789,17.910,18.435
790,17.920,18.443
791,17.940,18.465
792,17.918,18.439
793,17.922,18.445
794,17.914,18.430
795,17.930,18.452
796,17.972,18.511
797,17.955,18.499
798,17.940,18.479
799,17.944,18.480
800,17.939,18.476
801,17.932,18.462
802,17.916,18.447
803,17.917,18.448
804,17.914,18.435
805,17.927,18.459
806,17.929,18.463
807,17.923,18.448
808,17.922,18.450
809,17.918,18.450
810,17.910,18.434
811,17.914,18.436
812,17.931,18.460
813,17.938,18.457
814,17.922,18.447
815,17.904,18.430
816,17.899,18.419
817,17.889,18.406
818,17.882,18.400
819,17.884,18.415
820,17.899,18.420
821,17.892,18.411
822,17.885,18.410
823,17.879,18.403
824,17.869,18.383
825,17.874,18.392
826,17.891,18.412
827,17.895,18.417
828,17.901,18.421
829,17.895,18.420
830,17.912,18.443
831,17.907,18.436
832,17.917,18.440
833,17.917,18.436
834,17.925,18.450
835,17.919,18.443
836,17.906,18.432
837,17.913,18.431
838,17.910,18.433
839,17.905,18.431
840,17.910,18.429
841,17.898,18.420
842,17.891,18.404
843,17.904,18.427
844,17.911,18.435
845,17.890,18.409
846,17.890,18.412
847,17.894,18.413
848,17.893,18.414
849,17.897,18.419
850,17.910,18.431
851,17.906,18.427
852,17.913,18.431
853,17.912,18.435
854,17.916,18.429
855,17.913,18.437
856,17.912,18.433
857,17.923,18.449
858,17.918,18.437
859,17.925,18.449
860,17.916,18.434
861,17.912,18.433
862,17.890,18.401
863,17.900,18.425
864,17.906,18.423
865,17.889,18.398
866,17.899,18.414
867,17.914,18.428
868,17.894,18.407
869,17.898,18.417
870,17.899,18.415
871,17.897,18.418
872,17.912,18.430
873,17.904,18.426
874,17.931,18.459
875,17.924,18.448
876,17.922,18.446
877,17.921,18.437
878,17.930,18.453
879,17.926,18.452
880,17.923,18.445
881,17.920,18.441
882,17.921,18.442
883,17.929,18.449
884,17.899,18.428
885,17.915,18.438
886,17.919,18.434
887,17.903,18.428
888,17.892,18.408
889,17.904,18.427
890,17.893,18.412
891,17.899,18.426
892,17.895,18.418
893,17.893,18.416
894,17.909,18.428
895,17.919,18.443
896,17.923,18.453
897,17.922,18.450
898,17.909,18.430
899,17.914,18.441
900,17.931,18.455
901,17.927,18.450
902,17.921,18.447
903,17.956,18.490
904,17.944,18.468
905,17.923,18.447
906,17.935,18.461
907,17.930,18.459
908,17.926,18.445
909,17.922,18.442
910,17.912,18.431
911,17.902,18.420
912,17.902,18.423
913,17.908,18.433
914,17.920,18.442
915,17.925,18.440
916,17.910,18.427
917,17.943,18.466
918,17.929,18.458
919,17.925,18.442
920,17.942,18.471
921,17.946,18.474
922,17.946,18.472
923,17.936,18.463
924,17.934,18.468
925,17.932,18.456
926,17.931,18.448
927,17.945,18.474
928,17.921,18.445
929,17.928,18.456
930,17.912,18.434
931,17.913,18.430
932,17.913,18.438
933,17.914,18.437
934,17.929,18.452
935,17.907,18.427
936,17.912,18.430
937,17.915,18.435
938,17.907,18.429
939,17.906,18.432
940,17.916,18.431
941,17.919,18.444
942,17.914,18.431
943,17.933,18.456
944,17.930,18.460
945,17.932,18.467
946,17.952,18.489
947,17.943,18.476
948,17.923,18.452
949,17.930,18.459
950,17.925,18.460
951,17.927,18.455
952,17.927,18.457
953,17.928,18.452
954,17.904,18.428
955,17.932,18.449
956,17.926,18.459
957,17.942,18.471
958,17.960,18.489
959,17.955,18.489
960,17.966,18.496
961,17.965,18.492
962,17.979,18.508
963,17.985,18.520
964,17.986,18.524
965,17.998,18.539
966,17.980,18.517
967,17.995,18.534
968,17.982,18.521
969,17.997,18.538
970,17.990,18.534
971,18.023,18.567
972,18.007,18.550
973,18.021,18.564
974,17.994,18.534
975,17.984,18.526
976,17.966,18.504
977,17.979,18.497
978,17.975,18.502
979,18.006,18.533
980,17.986,18.522
981,17.978,18.509
982,17.977,18.512
983,18.001,18.543
984,18.000,18.536
985,18.021,18.557
986,18.030,18.574
987,18.020,18.563
988,18.021,18.564
989,18.039,18.585
990,18.020,18.554
991,18.009,18.548
992,18.015,18.555
993,18.003,18.542
994,17.994,18.539
995,17.994,18.535
996,18.012,18.560
997,17.996,18.541
998,17.989,18.528
999,17.992,18.533
1000,17.970,18.502
1001,17.985,18.526
1002,17.988,18.531
1003,17.967,18.504
1004,17.991,18.532
1005,17.973,18.514
1006,17.982,18.526
1007,18.015,18.566
1008,18.013,18.559
1009,18.005,18.551
1010,18.017,18.558
1011,18.014,18.560
1012,18.007,18.549
1013,18.024,18.570
1014,17.984,18.529
1015,17.980,18.527
1016,17.994,18.549
1017,17.983,18.534
1018,17.946,18.486
1019,17.771,18.289
1020,17.793,18.312
1021,17.767,18.281
1022,17.782,18.288
1023,17.830,18.345
1024,17.870,18.392
1025,17.890,18.412
1026,17.927,18.457
1027,17.971,18.509
1028,17.990,18.529
1029,18.001,18.547
1030,18.144,18.697
1031,18.153,18.715
1032,18.161,18.717
1033,18.154,18.711
1034,18.174,18.730
1035,18.193,18.741
1036,18.198,18.764
1037,18.208,18.770
1038,18.199,18.752
1039,18.215,18.765
1040,18.229,18.791
1041,18.307,18.878
1042,18.356,18.938
1043,18.395,18.969
1044,18.258,18.828
1045,18.255,18.814
1046,18.267,18.830
1047,18.226,18.791
1048,18.260,18.820
1049,18.221,18.777
1050,18.249,18.819
1051,18.202,18.774
1052,18.183,18.747
1053,18.182,18.749
1054,18.156,18.720
1055,18.255,18.819
1056,18.239,18.786
1057,18.316,18.874
1058,18.319,18.886
1059,18.328,18.891
1060,18.421,18.998
1061,18.425,19.018
1062,18.450,19.030
1063,18.262,18.811
1064,18.303,18.866
1065,18.332,18.901
1066,18.301,18.857
1067,18.514,19.091
1068,18.315,18.868
1069,18.356,18.906
1070,18.387,18.937
1071,18.461,19.019
1072,18.659,19.274
1073,18.597,19.182
1074,18.638,19.231
1075,18.683,19.280
1076,18.618,19.200
1077,18.675,19.268
1078,18.646,19.220
1079,18.653,19.239
1080,18.684,19.267
1081,18.731,19.325
1082,18.705,19.287
1083,18.698,19.287
1084,18.770,19.354
1085,18.720,19.294
1086,18.800,19.399
1087,18.564,19.121
1088,18.604,19.167
1089,18.616,19.186
1090,18.576,19.136
1091,18.590,19.153
1092,18.593,19.148
1093,18.653,19.215
1094,18.635,19.192
1095,18.697,19.251
1096,18.681,19.229
1097,18.699,19.256
1098,18.668,19.222
1099,18.690,19.244
1100,18.683,19.229
1101,18.728,19.284
1102,18.893,19.470
1103,18.937,19.523
1104,18.860,19.429
1105,18.898,19.481
1106,18.850,19.418
1107,18.888,19.475
1108,18.911,19.493
1109,18.926,19.511
1110,18.844,19.416
1111,18.909,19.494
1112,18.834,19.407
1113,18.909,19.489
1114,18.923,19.522
1115,18.820,19.393
1116,18.911,19.514
1117,18.865,19.457
1118,18.618,19.169
1119,18.642,19.203
1120,18.612,19.185
1121,18.574,19.142
1122,18.759,19.346
1123,18.766,19.368
1124,18.749,19.341
1125,18.684,19.257
1126,18.706,19.284
1127,18.694,19.273
1128,18.672,19.239
1129,18.641,19.216
1130,18.614,19.172
1131,18.627,19.195
1132,18.631,19.208
1133,18.591,19.152
1134,18.591,19.171
1135,18.597,19.193
1136,18.509,19.089
1137,18.635,19.208
1138,18.666,19.244
1139,18.707,19.286
1140,18.680,19.260
1141,18.652,19.224
1142,18.590,19.150
1143,18.501,19.065
1144,18.452,19.010
1145,18.375,18.930
1146,18.440,18.978
1147,18.462,19.002
1148,18.449,18.986
1149,18.404,18.937
1150,18.373,18.921
1151,18.371,18.925
1152,18.339,18.880
1153,18.324,18.866
1154,18.306,18.850
1155,18.322,18.863
1156,18.283,18.815
1157,18.321,18.868
1158,18.283,18.823
1159,18.252,18.796
1160,18.203,18.735
1161,18.204,18.743
1162,18.189,18.727
1163,18.248,18.780
1164,18.219,18.755
1165,18.197,18.735
1166,18.190,18.735
1167,18.155,18.696
1168,18.112,18.657
1169,18.093,18.622
1170,18.046,18.585
1171,18.057,18.597
1172,18.027,18.551
1173,18.062,18.602
1174,17.997,18.529
1175,17.988,18.498
1176,18.022,18.535
1177,18.033,18.538
1178,18.042,18.557
1179,18.092,18.603
1180,18.113,18.635
1181,18.162,18.685
1182,18.173,18.691
1183,18.159,18.671
1184,18.164,18.675
1185,18.196,18.721
1186,18.171,18.684
1187,18.184,18.693
1188,18.122,18.633
1189,18.093,18.606
1190,18.111,18.620
1191,18.147,18.653
1192,18.152,18.658
1193,18.149,18.659
1194,18.033,18.536
1195,18.058,18.566
1196,18.018,18.517
1197,18.058,18.566
1198,18.045,18.550
1199,18.038,18.546
1200,18.028,18.538
1201,18.044,18.554
1202,18.112,18.618
1203,17.885,18.365
1204,18.081,18.586
1205,18.127,18.641
1206,18.006,18.517
1207,18.032,18.546
1208,18.037,18.550
1209,18.074,18.591
1210,18.052,18.566
1211,18.078,18.586
1212,18.044,18.546
1213,18.072,18.581
1214,18.065,18.582
1215,18.111,18.623
1216,18.142,18.647
1217,17.968,18.444
1218,18.148,18.645
1219,18.098,18.587
1220,17.999,18.504
1221,18.027,18.549
1222,18.035,18.566
1223,18.089,18.619
1224,18.110,18.639
1225,18.096,18.633
1226,18.125,18.651
1227,18.090,18.611
1228,18.113,18.640
1229,18.110,18.637
1230,18.127,18.647
1231,18.116,18.643
1232,18.148,18.661
1233,18.157,18.671
1234,18.232,18.757
1235,18.037,18.538
1236,17.986,18.472
1237,18.129,18.666
1238,18.060,18.597
1239,18.014,18.571
1240,18.024,18.583
1241,18.025,18.576
1242,18.071,18.636
1243,18.061,18.617
1244,18.073,18.629
1245,18.105,18.667
1246,18.087,18.648
1247,18.119,18.687
1248,18.044,18.601
1249,18.043,18.593
1250,18.064,18.632
1251,17.983,18.547
1252,17.960,18.519
1253,17.946,18.494
1254,17.920,18.472
1255,17.949,18.502
1256,17.918,18.468
1257,17.950,18.497
1258,17.943,18.485
1259,17.999,18.527
1260,17.982,18.521
1261,18.006,18.548
1262,18.017,18.566
1263,18.015,18.551
1264,18.062,18.600
1265,18.058,18.606
1266,18.181,18.738
1267,18.118,18.676
1268,18.133,18.673
1269,18.025,18.561
1270,18.017,18.554
1271,18.048,18.598
1272,18.050,18.586
1273,18.078,18.620
1274,18.012,18.559
1275,17.986,18.502
1276,17.844,18.350
1277,17.946,18.486
1278,17.927,18.442
1279,17.886,18.392
1280,17.950,18.479
1281,17.979,18.514
1282,17.953,18.502
1283,17.850,18.374
1284,17.888,18.422
1285,17.781,18.298
1286,17.731,18.233
1287,17.805,18.342
1288,17.717,18.232
1289,17.757,18.282
1290,17.745,18.262
1291,17.830,18.359
1292,17.807,18.319
1293,17.854,18.401
1294,17.786,18.310
1295,17.775,18.300
1296,17.772,18.287
1297,17.779,18.290
1298,17.811,18.326
1299,17.817,18.352
1300,17.809,18.339
1301,17.848,18.367
1302,17.906,18.428
1303,17.936,18.451
1304,17.934,18.461
1305,17.977,18.500
1306,17.957,18.479
1307,18.035,18.568
1308,18.062,18.609
1309,18.123,18.689
1310,18.119,18.660
1311,18.178,18.719
1312,18.159,18.706
1313,18.209,18.760
1314,18.267,18.807
1315,18.350,18.908
1316,18.262,18.826
1317,18.327,18.880
1318,18.410,18.970
1319,18.268,18.805
1320,18.460,19.034
1321,18.457,19.026
1322,18.308,18.853
1323,18.489,19.079
1324,18.501,19.100
1325,18.490,19.074
1326,18.380,18.975
1327,18.301,18.908
1328,18.299,18.917
1329,18.402,19.007
1330,18.471,19.081
1331,18.531,19.135
1332,18.488,19.088
1333,18.551,19.150
1334,18.594,19.197
1335,18.556,19.143
1336,18.572,19.171
1337,18.489,19.089
1338,18.523,19.131
1339,18.486,19.082
1340,18.460,19.058
1341,18.548,19.143
1342,18.524,19.112
1343,18.523,19.103
1344,18.552,19.120
1345,18.609,19.194
1346,18.684,19.242
1347,18.771,19.344
1348,18.844,19.417
1349,18.879,19.438
1350,18.940,19.501
1351,18.961,19.530
1352,19.128,19.697
1353,19.054,19.615
1354,19.108,19.672
1355,19.145,19.716
1356,19.203,19.757
1357,18.981,19.499
1358,19.328,19.893
1359,19.148,19.714
1360,19.145,19.699
1361,19.174,19.751
1362,19.137,19.705
1363,19.108,19.680
1364,19.153,19.724
1365,19.165,19.749
1366,19.163,19.741
1367,19.130,19.695
1368,19.142,19.711
1369,19.209,19.778
1370,18.929,19.455
1371,19.114,19.660
1372,19.035,19.590
1373,19.098,19.656
1374,19.089,19.658
1375,19.025,19.580
1376,18.984,19.519
1377,18.980,19.531
1378,18.995,19.539
1379,18.984,19.535
1380,18.967,19.514
1381,18.982,19.544
1382,18.985,19.544
1383,18.979,19.544
1384,18.966,19.530
1385,18.945,19.503
1386,18.970,19.528
1387,18.993,19.550
1388,19.010,19.574
1389,19.018,19.575
1390,18.829,19.368
1391,19.068,19.655
1392,19.064,19.658
1393,18.994,19.580
1394,19.041,19.633
1395,19.063,19.656
1396,19.053,19.649
1397,19.054,19.648
1398,19.115,19.709
1399,19.085,19.680
1400,19.029,19.620
1401,18.756,19.290
1402,18.737,19.281
1403,18.711,19.247
1404,18.665,19.195
1405,18.624,19.145
1406,18.580,19.108
1407,18.555,19.087
1408,18.479,19.011
1409,18.462,18.980
1410,18.457,18.992
1411,18.406,18.936
1412,18.364,18.882
1413,18.558,19.128
1414,18.537,19.113
1415,18.524,19.096
1416,18.526,19.100
1417,18.425,18.991
1418,18.415,18.982
1419,18.380,18.949
1420,18.337,18.905
1421,18.306,18.883
1422,18.281,18.851
1423,18.344,18.931
1424,18.304,18.879
1425,18.213,18.787
1426,18.193,18.747
1427,18.191,18.777
1428,17.954,18.491
1429,17.986,18.526
1430,18.045,18.593
1431,17.991,18.533
1432,17.967,18.504
1433,18.005,18.565
1434,17.993,18.545
1435,18.134,18.718
1436,18.133,18.714
1437,18.127,18.713
1438,18.121,18.713
1439,18.117,18.709
1440,18.120,18.710
1441,18.181,18.778
1442,18.161,18.764
1443,18.211,18.804
1444,18.238,18.848
1445,18.238,18.848
1446,18.252,18.852
1447,18.284,18.894
1448,18.302,18.923
1449,18.321,18.948
1450,18.323,18.937
1451,18.334,18.946
1452,18.354,18.979
1453,18.345,18.950
1454,18.405,19.018
1455,18.424,19.054
1456,18.458,19.075
1457,18.447,19.067
1458,18.438,19.062
1459,18.322,18.903
1460,18.359,18.935
1461,18.471,19.088
1462,18.489,19.103
1463,18.475,19.083
1464,18.478,19.093
1465,18.513,19.129
1466,18.495,19.109
1467,18.463,19.070
1468,18.448,19.051
1469,18.476,19.083
1470,18.491,19.104
1471,18.477,19.091
1472,18.328,18.898
1473,18.290,18.864
1474,18.304,18.886
1475,18.323,18.916
1476,18.491,19.101
1477,18.499,19.115
1478,18.528,19.146
1479,18.323,18.914
1480,18.334,18.938
1481,18.295,18.900
1482,18.302,18.911
1483,18.493,19.140
1484,18.477,19.137
1485,18.522,19.166
1486,18.520,19.156
1487,18.485,19.115
1488,18.461,19.098
1489,18.491,19.129
1490,18.525,19.174
1491,18.461,19.105
1492,18.496,19.133
1493,18.485,19.130
1494,18.413,19.053
1495,18.400,19.026
1496,18.420,19.055
1497,18.458,19.098
1498,18.508,19.162
1499,18.435,19.072
1500,18.504,19.148
1501,18.546,19.202
1502,18.575,19.244
1503,18.531,19.168
1504,18.518,19.178
1505,18.545,19.197
1506,18.492,19.126
1507,18.557,19.210
1508,18.589,19.251
1509,18.603,19.264
1510,18.647,19.338
1511,18.669,19.365
1512,18.649,19.323
1513,18.692,19.366
1514,18.736,19.423
1515,18.713,19.390
1516,18.617,19.260
1517,18.703,19.358
1518,18.827,19.515
1519,18.795,19.473
1520,18.889,19.571
1521,18.940,19.622
1522,18.977,19.653
1523,19.038,19.732
1524,19.055,19.747
1525,18.999,19.671
1526,19.096,19.785
1527,19.009,19.668
1528,19.081,19.779
1529,19.010,19.684
1530,18.893,19.595
1531,18.926,19.621
1532,18.872,19.575
1533,18.858,19.578
1534,18.724,19.416
1535,18.701,19.396
1536,18.720,19.424
1537,18.645,19.330
1538,18.661,19.364
1539,18.706,19.419
1540,18.593,19.273
1541,18.586,19.267
1542,18.608,19.292
1543,18.663,19.359
1544,18.597,19.282
1545,18.623,19.328
1546,18.605,19.304
1547,18.663,19.387
1548,18.566,19.253
1549,18.613,19.326
1550,18.571,19.254
1551,18.644,19.360
1552,18.562,19.264
1553,18.596,19.317
1554,18.665,19.397
1555,18.581,19.273
1556,18.745,19.462
1557,18.655,19.373
1558,18.667,19.395
1559,18.550,19.244
1560,18.685,19.378
1561,18.760,19.466
1562,18.764,19.444
1563,18.800,19.518
1564,18.782,19.500
1565,18.745,19.441
1566,18.860,19.554
1567,19.053,19.769
1568,19.022,19.722
1569,19.051,19.766
1570,19.058,19.763
1571,18.944,19.618
1572,18.934,19.592
1573,18.962,19.652
1574,18.892,19.568
1575,18.853,19.520
1576,18.857,19.549
1577,18.748,19.423
1578,18.705,19.354
1579,18.720,19.384
1580,18.647,19.301
1581,18.726,19.381
1582,18.676,19.332
1583,18.738,19.408
1584,18.689,19.342
1585,18.606,19.255
1586,18.725,19.399
1587,18.738,19.409
1588,18.681,19.338
1589,18.576,19.207
1590,18.653,19.310
1591,18.663,19.321
1592,18.605,19.260
1593,18.661,19.317
1594,18.665,19.324
1595,18.655,19.290
1596,18.703,19.378
1597,18.699,19.367
1598,18.752,19.428
1599,18.615,19.260
1600,18.615,19.280
1601,18.582,19.230
1602,18.652,19.317
1603,18.629,19.292
1604,18.698,19.370
1605,18.669,19.334
1606,18.734,19.400
1607,18.760,19.444
1608,18.722,19.373
1609,18.833,19.506
1610,18.835,19.495
1611,18.808,19.457
1612,18.921,19.594
1613,18.987,19.653
1614,19.018,19.690
1615,19.052,19.725
1616,19.072,19.755
1617,18.872,19.536
1618,18.906,19.588
1619,18.944,19.644
1620,18.902,19.607
1621,18.785,19.467
1622,18.781,19.490
1623,18.757,19.423
1624,18.736,19.413
1625,18.733,19.407
1626,18.743,19.414
1627,18.642,19.290
1628,18.747,19.400
1629,18.831,19.504
1630,18.858,19.535
1631,18.813,19.453
1632,18.829,19.481
1633,18.822,19.474
1634,18.752,19.379
1635,18.787,19.417
1636,18.816,19.464
1637,18.791,19.442
1638,18.814,19.471
1639,18.772,19.426
1640,18.706,19.340
1641,18.771,19.437
1642,18.787,19.450
1643,18.725,19.370
1644,18.766,19.415
1645,18.703,19.341
1646,18.748,19.395
1647,18.725,19.350
1648,18.756,19.398
1649,18.763,19.407
1650,18.709,19.340
1651,18.778,19.410
1652,18.747,19.371
1653,18.805,19.447
1654,18.697,19.323
1655,18.755,19.386
1656,18.734,19.373
1657,18.643,19.250
1658,18.676,19.298
1659,18.698,19.342
1660,18.627,19.245
1661,18.595,19.209
1662,18.644,19.261
1663,18.627,19.252
1664,18.624,19.246
1665,18.594,19.210
1666,18.617,19.229
1667,18.631,19.234
1668,18.627,19.244
1669,18.608,19.236
1670,18.561,19.166
1671,18.541,19.150
1672,18.489,19.089
1673,18.383,18.966
1674,18.419,19.017
1675,18.387,18.996
1676,18.381,19.011
1677,18.379,19.010
1678,18.361,18.990
1679,18.267,18.897
1680,18.237,18.853
1681,18.197,18.818
1682,18.080,18.693
1683,18.087,18.708
1684,18.028,18.644
1685,18.011,18.626
1686,18.110,18.729
1687,18.114,18.743
1688,18.147,18.766
1689,18.203,18.823
1690,18.238,18.859
1691,18.227,18.847
1692,18.075,18.679
1693,18.153,18.772
1694,18.101,18.722
1695,18.117,18.732
1696,18.059,18.650
1697,18.090,18.700
1698,18.031,18.626
1699,18.019,18.630
1700,17.985,18.568
1701,18.013,18.614
1702,17.995,18.599
1703,17.981,18.584
1704,17.928,18.513
1705,17.988,18.599
1706,17.986,18.602
1707,17.990,18.606
1708,17.906,18.504
1709,17.973,18.579
1710,17.983,18.601
1711,17.990,18.618
1712,18.070,18.707
1713,18.092,18.721
1714,18.154,18.792
1715,18.206,18.822
1716,18.250,18.878
1717,18.285,18.924
1718,18.315,18.943
1719,18.307,18.918
1720,18.350,18.961
1721,18.358,18.968
1722,18.370,18.989
1723,18.390,18.993
1724,18.367,18.952
1725,18.420,19.012
1726,18.384,18.992
1727,18.394,18.989
1728,18.432,19.024
1729,18.479,19.067
1730,18.498,19.093
1731,18.487,19.089
1732,18.519,19.122
1733,18.560,19.158
1734,18.585,19.222
1735,18.594,19.220
1736,18.533,19.156
1737,18.513,19.136
1738,18.262,18.838
1739,18.421,19.028
1740,18.330,18.919
1741,18.377,18.987
1742,18.229,18.810
1743,18.475,19.099
1744,18.461,19.089
1745,18.425,19.041
1746,18.501,19.124
1747,18.432,19.035
1748,18.478,19.113
1749,18.435,19.069
1750,18.438,19.055
1751,18.405,19.008
1752,18.400,19.012
1753,18.434,19.055
1754,18.502,19.125
1755,18.554,19.181
1756,18.423,19.003
1757,18.545,19.156
1758,18.598,19.204
1759,18.585,19.201
1760,18.548,19.138
1761,18.655,19.266
1762,18.802,19.432
1763,18.811,19.429
1764,18.822,19.451
1765,18.896,19.519
1766,18.864,19.480
1767,18.876,19.481
1768,18.862,19.446
1769,18.926,19.522
1770,18.954,19.555
1771,18.970,19.574
1772,18.978,19.574
1773,19.001,19.604
1774,19.043,19.648
1775,19.076,19.676
1776,19.049,19.641
1777,19.035,19.637
1778,19.008,19.613
1779,18.948,19.548
1780,18.913,19.503
1781,18.906,19.488
1782,18.931,19.530
1783,18.920,19.513
1784,18.914,19.492
1785,18.839,19.412
1786,18.831,19.404
1787,18.714,19.276
1788,18.717,19.289
1789,18.664,19.229
1790,18.592,19.160
1791,18.564,19.130
1792,18.565,19.138
1793,18.488,19.050
1794,18.402,18.970
1795,18.355,18.898
1796,18.300,18.860
1797,18.320,18.889
1798,18.295,18.873
1799,18.259,18.832
1800,18.278,18.845
1801,18.240,18.823
1802,18.210,18.785
1803,18.176,18.749
1804,18.130,18.704
1805,18.117,18.680
1806,18.072,18.618
1807,18.052,18.592
1808,18.125,18.680
1809,18.061,18.613
1810,18.111,18.675
1811,18.031,18.601
1812,18.098,18.641
1813,18.042,18.617
1814,17.950,18.498
1815,17.966,18.510
1816,17.948,18.505
1817,17.955,18.521
1818,18.163,18.750
1819,17.944,18.515
1820,18.023,18.600
1821,18.116,18.690
1822,18.180,18.751
1823,18.161,18.706
1824,18.012,18.552
1825,17.960,18.506
1826,18.293,18.897
1827,18.291,18.900
1828,18.165,18.738
1829,18.199,18.770
1830,18.102,18.673
1831,18.204,18.785
1832,18.196,18.774
1833,18.347,18.925
1834,18.406,18.978
1835,18.567,19.144
1836,18.618,19.209
1837,18.747,19.332
1838,18.794,19.376
1839,18.889,19.463
1840,19.011,19.602
