0,6.969,9.459
1,6.953,9.425
2,6.958,9.440
3,6.974,9.459
4,6.978,9.472
5,6.953,9.427
6,6.948,9.425
7,6.940,9.414
8,6.944,9.423
9,6.954,9.429
10,6.946,9.428
11,6.920,9.381
12,6.946,9.432
13,6.935,9.415
14,6.922,9.383
15,6.926,9.394
16,6.928,9.406
17,6.910,9.376
18,6.929,9.399
19,6.911,9.381
20,6.932,9.409
21,6.920,9.397
22,6.908,9.390
23,6.922,9.402
24,6.901,9.384
25,6.897,9.380
26,6.898,9.377
27,6.885,9.353
28,6.895,9.364
29,6.888,9.360
30,6.877,9.354
31,6.905,9.383
32,6.865,9.329
33,6.891,9.373
34,6.888,9.371
35,6.879,9.355
36,6.909,9.398
37,6.869,9.331
38,6.873,9.353
39,6.867,9.337
40,6.854,9.328
41,6.863,9.333
42,6.870,9.341
43,6.874,9.364
44,6.871,9.337
45,6.872,9.348
46,6.861,9.338
47,6.867,9.352
48,6.849,9.325
49,6.858,9.332
50,6.854,9.333
51,6.851,9.327
52,6.854,9.338
53,6.844,9.323
54,6.863,9.354
55,6.850,9.327
56,6.854,9.343
57,6.845,9.315
58,6.846,9.322
59,6.864,9.347
60,6.868,9.341
61,6.885,9.365
62,6.856,9.329
63,6.866,9.351
64,6.877,9.374
65,6.862,9.338
66,6.869,9.350
67,6.889,9.382
68,6.874,9.370
69,6.865,9.346
70,6.871,9.359
71,6.881,9.366
72,6.859,9.322
73,6.866,9.329
74,6.871,9.343
75,6.874,9.333
76,6.871,9.350
77,6.883,9.354
78,6.872,9.339
79,6.872,9.351
80,6.902,9.387
81,6.885,9.349
82,6.887,9.350
83,6.892,9.362
84,6.880,9.351
85,6.892,9.366
86,6.875,9.337
87,6.883,9.335
88,6.895,9.361
89,6.870,9.320
90,6.874,9.324
91,6.898,9.355
92,6.888,9.351
93,6.897,9.357
94,6.905,9.368
95,6.900,9.363
96,6.888,9.344
97,6.898,9.346
98,6.896,9.347
99,6.890,9.334
100,6.893,9.337
101,6.899,9.352
102,6.895,9.349
103,6.901,9.353
104,6.895,9.349
105,6.906,9.360
106,6.898,9.354
107,6.913,9.378
108,6.903,9.351
109,6.901,9.348
110,6.899,9.353
111,6.908,9.365
112,6.890,9.327
113,6.919,9.379
114,6.906,9.356
115,6.925,9.381
116,6.927,9.387
117,6.910,9.362
118,6.903,9.363
119,6.909,9.372
120,6.898,9.344
121,6.906,9.354
122,6.916,9.378
123,6.898,9.348
124,6.914,9.378
125,6.905,9.370
126,6.905,9.369
127,6.903,9.356
128,6.911,9.374
129,6.926,9.402
130,6.920,9.380
131,6.923,9.386
132,6.902,9.354
133,6.906,9.365
134,6.901,9.361
135,6.905,9.354
136,6.940,9.414
137,6.903,9.359
138,6.898,9.347
139,6.938,9.402
140,6.920,9.373
141,6.922,9.381
142,6.932,9.393
143,6.945,9.419
144,6.961,9.435
145,6.961,9.421
146,6.972,9.445
147,6.973,9.439
148,6.984,9.455
149,6.982,9.448
150,6.987,9.458
151,6.986,9.447
152,6.987,9.455
153,6.981,9.434
154,6.970,9.426
155,6.988,9.451
156,6.992,9.456
157,7.009,9.490
158,7.003,9.482
159,6.998,9.480
160,6.971,9.435
161,6.986,9.462
162,6.966,9.433
163,6.964,9.437
164,6.931,9.403
165,6.912,9.371
166,6.894,9.349
167,6.919,9.380
168,6.942,9.413
169,6.969,9.449
170,6.977,9.441
171,6.979,9.452
172,6.988,9.462
173,7.009,9.491
174,6.988,9.455
175,7.005,9.476
176,6.976,9.440
177,6.992,9.469
178,6.994,9.466
179,6.961,9.419
180,6.955,9.412
181,7.001,9.474
182,6.967,9.424
183,6.967,9.433
184,6.994,9.442
185,6.984,9.443
186,6.976,9.424
187,7.004,9.470
188,6.963,9.410
189,6.959,9.416
190,6.967,9.428
191,6.971,9.427
192,6.976,9.450
193,6.966,9.433
194,6.951,9.404
195,6.944,9.399
196,6.937,9.391
197,6.949,9.409
198,6.930,9.381
199,6.932,9.382
200,6.912,9.352
201,6.907,9.359
202,6.899,9.334
203,6.881,9.323
204,6.876,9.328
205,6.889,9.345
206,6.856,9.298
207,6.844,9.290
208,6.850,9.297
209,6.850,9.299
210,6.826,9.262
211,6.852,9.306
212,6.858,9.308
213,6.847,9.294
214,6.828,9.264
215,6.834,9.271
216,6.826,9.265
217,6.810,9.244
218,6.810,9.240
219,6.794,9.215
220,6.818,9.258
221,6.802,9.235
222,6.821,9.251
223,6.787,9.216
224,6.756,9.186
225,6.749,9.166
226,6.740,9.166
227,6.750,9.172
228,6.757,9.193
229,6.753,9.194
230,6.707,9.146
231,6.718,9.154
232,6.700,9.135
233,6.696,9.125
234,6.711,9.153
235,6.722,9.162
236,6.699,9.132
237,6.701,9.134
238,6.713,9.148
239,6.731,9.142
240,6.751,9.172
241,6.774,9.203
242,6.765,9.186
243,6.776,9.205
244,6.781,9.218
245,6.795,9.235
246,6.797,9.239
247,6.781,9.216
248,6.783,9.228
249,6.784,9.222
250,6.802,9.239
251,6.797,9.231
252,6.809,9.232
253,6.815,9.243
254,6.804,9.234
255,6.827,9.254
256,6.824,9.245
257,6.837,9.265
258,6.832,9.242
259,6.868,9.301
260,6.863,9.280
261,6.865,9.296
262,6.855,9.267
263,6.910,9.341
264,6.891,9.315
265,6.909,9.338
266,6.914,9.343
267,6.921,9.355
268,6.918,9.329
269,6.962,9.386
270,6.975,9.415
271,6.968,9.388
272,6.980,9.405
273,6.990,9.406
274,6.994,9.406
275,6.870,9.288
276,6.840,9.262
277,6.831,9.273
278,6.840,9.268
279,6.881,9.331
280,6.888,9.322
281,6.894,9.317
282,6.921,9.363
283,6.914,9.343
284,6.927,9.366
285,6.918,9.347
286,6.908,9.344
287,6.883,9.334
288,6.861,9.296
289,6.840,9.288
290,6.821,9.270
291,6.821,9.266
292,6.840,9.303
293,6.807,9.274
294,6.808,9.282
295,6.776,9.232
296,6.795,9.272
297,6.774,9.265
298,6.752,9.232
299,6.750,9.235
300,6.737,9.231
301,6.739,9.248
302,6.709,9.200
303,6.706,9.222
304,6.681,9.204
305,6.661,9.188
306,6.641,9.177
307,6.604,9.118
308,6.682,9.202
309,6.698,9.207
310,6.763,9.286
311,6.690,9.206
312,6.700,9.224
313,6.704,9.244
314,6.671,9.195
315,6.713,9.270
316,6.695,9.231
317,6.689,9.230
318,6.688,9.229
319,6.704,9.262
320,6.680,9.220
321,6.710,9.273
322,6.686,9.236
323,6.695,9.245
324,6.679,9.221
325,6.706,9.257
326,6.679,9.231
327,6.678,9.216
328,6.682,9.220
329,6.672,9.211
330,6.693,9.251
331,6.684,9.242
332,6.690,9.237
333,6.692,9.228
334,6.710,9.247
335,6.694,9.219
336,6.684,9.206
337,6.722,9.240
338,6.706,9.208
339,6.725,9.239
340,6.714,9.214
341,6.736,9.253
342,6.726,9.223
343,6.709,9.193
344,6.706,9.203
345,6.727,9.219
346,6.741,9.237
347,6.737,9.219
348,6.759,9.236
349,6.766,9.233
350,6.781,9.246
351,6.798,9.265
352,6.817,9.272
353,6.808,9.259
354,6.842,9.305
355,6.841,9.297
356,6.863,9.325
357,6.828,9.270
358,6.820,9.310
359,6.820,9.316
360,6.760,9.251
361,6.636,9.131
362,6.575,9.083
363,6.580,9.090
364,6.578,9.119
365,6.586,9.148
366,6.609,9.165
367,6.625,9.148
368,6.916,9.438
369,6.898,9.417
370,7.011,9.515
371,7.030,9.507
372,7.047,9.531
373,7.075,9.557
374,7.082,9.561
375,7.115,9.603
376,7.077,9.581
377,6.963,9.490
378,6.967,9.482
379,7.000,9.525
380,7.051,9.573
381,7.056,9.576
382,7.093,9.643
383,7.091,9.625
384,7.079,9.590
385,7.110,9.647
386,7.127,9.674
387,7.143,9.684
388,7.187,9.749
389,7.192,9.768
390,7.210,9.788
391,7.245,9.831
392,7.103,9.679
393,7.128,9.738
394,7.078,9.662
395,7.186,9.805
396,7.200,9.820
397,7.236,9.865
398,7.243,9.843
399,7.303,9.918
400,7.338,9.951
401,7.248,9.858
402,7.279,9.910
403,7.291,9.918
404,7.290,9.906
405,7.306,9.934
406,7.307,9.916
407,7.316,9.936
408,7.272,9.877
409,7.220,9.803
410,7.210,9.793
411,7.196,9.770
412,7.169,9.745
413,7.164,9.731
414,7.182,9.755
415,7.172,9.740
416,7.171,9.742
417,7.196,9.762
418,7.192,9.755
419,7.174,9.723
420,7.234,9.805
421,7.229,9.800
422,7.182,9.751
423,7.096,9.679
424,6.968,9.536
425,6.937,9.520
426,6.971,9.570
427,6.827,9.418
428,6.879,9.480
429,6.820,9.407
430,7.008,9.605
431,7.047,9.643
432,6.980,9.558
433,6.896,9.455
434,6.838,9.395
435,6.789,9.332
436,6.794,9.347
437,6.758,9.306
438,6.733,9.276
439,6.738,9.290
440,6.704,9.254
441,6.672,9.214
442,6.648,9.190
443,6.622,9.158
444,6.583,9.116
445,6.565,9.097
446,6.522,9.071
447,6.478,9.011
448,6.439,8.968
449,6.421,8.950
450,6.377,8.918
451,6.346,8.873
452,6.319,8.833
453,6.290,8.822
454,6.293,8.837
455,6.401,8.940
456,6.421,8.940
457,6.424,8.949
458,6.353,8.871
459,6.340,8.862
460,6.296,8.807
461,6.399,8.908
462,6.469,8.978
463,6.486,8.989
464,6.463,8.969
465,6.462,8.956
466,6.475,8.966
467,6.482,8.962
468,6.523,9.012
469,6.522,8.988
470,6.501,8.957
471,6.497,8.956
472,6.539,9.013
473,6.524,8.981
474,6.553,9.007
475,6.563,9.016
476,6.690,9.145
477,6.724,9.152
478,6.806,9.248
479,6.771,9.212
480,6.783,9.227
481,6.804,9.258
482,6.797,9.242
483,6.800,9.236
484,6.802,9.262
485,6.909,9.360
486,6.917,9.353
487,6.927,9.353
488,6.887,9.314
489,6.887,9.320
490,6.885,9.308
491,6.962,9.365
492,7.032,9.454
493,7.064,9.468
494,7.138,9.546
495,7.202,9.593
496,7.283,9.694
497,7.307,9.689
498,7.386,9.773
499,7.441,9.813
500,7.527,9.917
501,7.572,9.951
502,7.636,10.001
503,7.604,9.975
504,7.642,10.021
505,7.659,10.046
506,7.667,10.063
507,7.699,10.103
508,7.751,10.174
509,7.861,10.270
510,7.915,10.324
511,7.951,10.372
512,7.860,10.299
513,7.908,10.377
514,7.936,10.414
515,8.024,10.495
516,8.030,10.536
517,8.029,10.548
518,7.985,10.531
519,7.965,10.507
520,7.957,10.516
521,7.948,10.514
522,7.956,10.534
523,7.963,10.546
524,7.958,10.539
525,7.941,10.506
526,7.981,10.551
527,7.973,10.540
528,7.977,10.553
529,7.986,10.567
530,8.006,10.749
531,8.086,10.773
532,7.977,10.706
533,8.024,10.835
534,8.099,10.882
535,8.067,10.826
536,8.170,10.966
537,8.198,11.025
538,8.189,11.001
539,8.257,11.083
540,8.213,11.027
541,8.305,11.114
542,8.317,11.101
543,8.380,11.150
544,8.404,11.132
545,8.435,11.183
546,8.445,11.180
547,8.509,11.244
548,8.567,11.285
549,8.600,11.272
550,8.628,11.319
551,8.669,11.348
552,8.599,11.264
553,8.595,11.259
554,8.594,11.242
555,8.600,11.240
556,8.598,11.238
557,8.620,11.276
558,8.669,11.350
559,8.703,11.384
560,8.541,11.205
561,8.552,11.244
562,8.469,11.142
563,8.476,11.164
564,8.514,11.224
565,8.587,11.308
566,8.566,11.267
567,8.618,11.364
568,8.708,11.463
569,8.699,11.462
570,8.623,11.375
571,8.588,11.351
572,8.565,11.341
573,8.524,11.304
574,8.411,11.178
575,8.012,10.743
576,7.972,10.710
577,7.938,10.670
578,7.867,10.591
579,7.823,10.550
580,7.781,10.506
581,7.747,10.484
582,7.710,10.447
583,7.623,10.348
584,7.572,10.308
585,7.517,10.239
586,7.455,10.192
587,7.431,10.170
588,7.399,10.139
589,7.346,10.088
590,7.345,10.092
591,7.274,10.010
592,7.254,9.991
593,7.211,9.937
594,7.182,9.914
595,7.163,9.894
596,7.139,9.888
597,7.085,9.802
598,7.059,9.768
599,7.050,9.786
600,7.029,9.751
601,6.993,9.710
602,6.964,9.666
603,6.959,9.670
604,6.889,9.584
605,6.833,9.515
606,6.807,9.523
607,6.795,9.517
608,6.769,9.492
609,6.759,9.494
610,6.765,9.497
611,6.883,9.622
612,6.956,9.712
613,6.966,9.710
614,6.984,9.734
615,6.966,9.712
616,6.967,9.693
617,6.850,9.557
618,6.865,9.584
619,6.850,9.591
620,6.818,9.531
621,6.833,9.563
622,6.827,9.572
623,6.987,9.744
624,7.033,9.806
625,7.009,9.768
626,6.828,9.548
627,6.792,9.510
628,6.748,9.441
629,6.767,9.468
630,6.735,9.442
631,6.721,9.415
632,6.696,9.385
633,6.687,9.380
634,6.674,9.374
635,6.815,9.510
636,6.808,9.503
637,6.826,9.515
638,6.720,9.416
639,6.662,9.360
640,6.638,9.335
641,6.639,9.330
642,6.712,9.422
643,6.748,9.448
644,6.802,9.502
645,6.884,9.575
646,6.972,9.674
647,7.000,9.676
648,7.075,9.782
649,7.133,9.832
650,7.122,9.830
651,7.152,9.865
652,7.204,9.954
653,7.212,9.991
654,7.280,10.109
655,7.347,10.212
656,7.397,10.277
657,7.496,10.415
658,7.533,10.468
659,7.644,10.609
660,7.750,10.780
661,7.841,10.915
662,7.933,11.051
663,8.007,11.146
664,8.110,11.294
665,8.344,11.720
666,8.474,11.993
667,8.561,12.049
668,8.631,12.136
669,8.571,11.863
670,8.757,12.151
671,8.759,12.187
672,8.802,12.214
673,8.788,12.144
674,8.845,12.208
675,8.874,12.229
676,8.875,12.210
677,8.838,12.115
678,8.880,12.174
679,8.819,12.069
680,8.857,12.113
681,8.840,12.067
682,8.881,12.099
683,8.866,12.044
684,8.855,12.002
685,8.832,11.938
686,8.871,11.946
687,8.853,11.898
688,8.851,11.848
689,8.832,11.800
690,8.855,11.795
691,8.871,11.780
692,8.884,11.754
693,8.848,11.647
694,8.763,11.508
695,8.712,11.429
696,8.660,11.335
697,8.614,11.236
698,8.607,11.191
699,8.599,11.149
700,8.539,11.063
701,8.509,11.021
702,8.482,11.005
703,8.459,10.967
704,8.454,10.961
705,8.463,10.943
706,8.378,10.880
707,8.474,10.962
708,8.341,10.848
709,8.489,10.948
710,8.529,10.982
711,8.476,10.912
712,8.498,10.966
713,8.432,10.890
714,8.408,10.863
715,8.402,10.861
716,8.373,10.838
717,8.372,10.858
718,8.336,10.813
719,8.275,10.737
720,8.279,10.767
721,8.240,10.717
722,8.255,10.741
723,8.229,10.717
724,8.173,10.656
725,8.171,10.683
726,8.161,10.661
727,8.141,10.642
728,8.116,10.633
729,8.078,10.582
730,8.056,10.562
731,8.015,10.522
732,7.985,10.497
733,7.985,10.504
734,7.932,10.440
735,7.892,10.410
736,7.886,10.406
737,7.840,10.364
738,7.782,10.310
739,7.753,10.295
740,7.728,10.268
741,7.689,10.224
742,7.663,10.205
743,7.646,10.192
744,7.606,10.149
745,7.560,10.098
746,7.506,10.050
747,7.480,10.037
748,7.413,9.949
749,7.354,9.893
750,7.312,9.871
751,7.220,9.769
752,7.348,9.904
753,7.323,9.868
754,7.285,9.835
755,7.162,9.704
756,7.141,9.691
757,7.094,9.638
758,7.210,9.746
759,7.229,9.767
760,7.229,9.800
761,7.129,9.670
762,7.103,9.644
763,7.066,9.616
764,7.178,9.720
765,7.195,9.738
766,7.245,9.796
767,7.160,9.707
768,7.134,9.673
769,7.129,9.679
770,7.127,9.664
771,7.116,9.663
772,7.102,9.658
773,7.120,9.684
774,7.113,9.662
775,7.107,9.671
776,7.127,9.697
777,7.132,9.671
778,7.174,9.726
779,7.350,9.895
780,7.409,9.948
781,7.470,10.009
782,7.417,9.947
783,7.462,9.994
784,7.476,10.003
785,7.482,9.993
786,7.529,10.057
787,7.573,10.079
788,7.652,10.171
789,7.756,10.277
790,7.849,10.353
791,7.877,10.389
792,7.917,10.437
793,7.931,10.467
794,7.813,10.336
795,7.772,10.304
796,7.771,10.306
797,7.768,10.329
798,7.713,10.244
799,7.698,10.248
800,7.657,10.204
801,7.708,10.269
802,7.761,10.329
803,7.730,10.286
804,7.804,10.396
805,7.767,10.358
806,7.789,10.395
807,7.739,10.369
808,7.735,10.367
809,7.705,10.349
810,7.668,10.317
811,7.639,10.282
812,7.629,10.282
813,7.600,10.254
814,7.564,10.207
815,7.522,10.176
816,7.476,10.137
817,7.423,10.069
818,7.403,10.068
819,7.328,9.995
820,7.275,9.941
821,7.222,9.896
822,7.151,9.824
823,7.089,9.761
824,7.038,9.711
825,7.021,9.713
826,6.961,9.627
827,6.934,9.606
828,6.867,9.516
829,6.887,9.557
830,7.023,9.674
831,7.009,9.651
832,7.023,9.665
833,6.894,9.509
834,6.852,9.469
835,6.813,9.431
836,6.730,9.336
837,6.691,9.293
838,6.660,9.288
839,6.750,9.355
840,6.726,9.339
841,6.681,9.282
842,6.730,9.349
843,6.720,9.335
844,6.707,9.312
845,6.789,9.374
846,6.839,9.427
847,6.908,9.511
848,6.884,9.470
849,6.921,9.521
850,6.961,9.578
851,6.952,9.561
852,7.030,9.640
853,7.076,9.679
854,7.141,9.747
855,7.226,9.816
856,7.319,9.917
857,7.429,10.011
858,7.534,10.124
859,7.688,10.284
860,7.542,10.140
861,7.626,10.229
862,7.677,10.281
863,7.646,10.284
864,7.646,10.258
865,7.679,10.312
866,7.592,10.244
867,7.653,10.304
868,7.764,10.436
869,7.867,10.522
870,7.960,10.640
871,8.052,10.735
872,8.120,10.815
873,8.202,10.932
874,8.284,11.020
875,8.387,11.115
876,8.300,11.017
877,8.126,10.859
878,8.256,11.054
879,8.132,10.844
880,8.318,11.083
881,8.468,11.236
882,8.149,10.883
883,8.046,10.782
884,8.451,11.245
885,8.468,11.242
886,8.551,11.304
887,8.588,11.351
888,8.583,11.339
889,8.564,11.296
890,8.506,11.248
891,8.407,11.125
892,8.306,11.014
893,8.189,10.884
894,8.127,10.820
895,7.940,10.595
896,7.823,10.455
897,7.717,10.346
898,7.623,10.243
899,7.518,10.113
900,7.437,10.018
901,7.370,9.947
902,7.268,9.841
903,7.222,9.782
904,7.139,9.685
905,7.044,9.587
906,6.951,9.496
907,6.876,9.415
908,6.766,9.298
909,6.688,9.225
910,6.566,9.088
911,6.479,9.019
912,6.386,8.921
913,6.281,8.802
914,6.331,8.863
915,6.302,8.854
916,6.244,8.818
917,6.293,8.857
918,6.264,8.833
919,6.225,8.800
920,6.319,8.873
921,6.364,8.911
922,6.398,8.966
923,6.500,9.055
924,6.539,9.065
925,6.588,9.104
926,6.607,9.140
927,6.498,9.058
928,6.334,9.155
929,6.331,9.154
930,6.368,9.154
931,6.424,9.156
932,6.597,9.391
933,6.745,9.544
934,6.950,9.693
935,7.144,9.742
936,7.386,9.928
937,7.550,10.121
938,7.418,10.104
939,7.574,10.228
940,7.687,10.323
941,7.809,10.332
942,7.796,10.339
943,7.927,10.432
944,7.672,10.140
945,7.885,10.333
946,7.901,10.334
947,8.080,10.524
948,8.130,10.590
949,8.106,10.562
950,8.168,10.641
951,8.157,10.601
952,8.093,10.563
953,8.394,10.871
954,8.594,11.056
955,8.588,11.038
956,8.616,11.064
957,8.594,11.043
958,8.519,10.959
959,8.528,10.964
960,8.536,10.964
961,8.589,11.017
962,8.565,10.992
963,8.661,11.110
964,8.689,11.152
965,8.718,11.192
966,8.505,11.125
967,8.518,11.200
968,8.554,11.330
969,8.575,11.349
970,8.625,11.418
971,8.685,11.456
972,8.677,11.426
973,8.733,11.469
974,8.778,11.518
975,8.806,11.521
976,8.866,11.591
977,8.884,11.606
978,8.994,11.748
979,9.060,11.814
980,9.074,11.807
981,8.944,11.635
982,9.099,11.805
983,8.895,11.568
984,8.760,11.415
985,8.670,11.331
986,8.548,11.183
987,8.482,11.108
988,8.393,11.003
989,8.250,10.848
990,8.231,10.811
991,8.188,10.764
992,8.179,10.757
993,8.119,10.697
994,8.063,10.623
995,7.959,10.505
996,7.911,10.458
997,7.897,10.449
998,7.835,10.376
999,7.813,10.347
1000,7.756,10.287
1001,7.676,10.193
1002,7.608,10.109
1003,7.607,10.130
1004,7.574,10.061
1005,7.557,10.050
1006,7.576,10.084
1007,7.524,10.009
1008,7.523,10.005
1009,7.517,10.002
1010,7.489,9.977
1011,7.489,9.992
1012,7.483,9.977
1013,7.464,9.961
1014,7.475,9.966
1015,7.474,9.956
1016,7.511,9.995
1017,7.524,10.013
1018,7.559,10.055
1019,7.510,9.981
1020,7.522,9.989
1021,7.518,9.995
1022,7.504,9.984
1023,7.524,10.006
1024,7.477,9.947
1025,7.489,9.957
1026,7.411,9.865
1027,7.429,9.886
1028,7.414,9.879
1029,7.413,9.885
1030,7.390,9.864
1031,7.384,9.858
1032,7.378,9.854
1033,7.411,9.908
1034,7.427,9.922
1035,7.441,9.915
1036,7.471,9.944
1037,7.508,9.991
1038,7.529,10.023
1039,7.539,10.019
1040,7.539,10.046
1041,7.576,10.105
1042,7.574,10.097
1043,7.577,10.110
1044,7.601,10.150
1045,7.553,10.098
1046,7.593,10.163
1047,7.611,10.177
1048,7.584,10.159
1049,7.556,10.164
1050,7.526,10.134
1051,7.517,10.131
1052,7.504,10.117
1053,7.462,10.095
1054,7.440,10.071
1055,7.413,10.048
1056,7.397,10.033
1057,7.396,10.046
1058,7.412,10.071
1059,7.361,10.012
1060,7.324,9.967
1061,7.328,9.988
1062,7.284,9.952
1063,7.285,9.956
1064,7.222,9.873
1065,7.195,9.840
1066,7.160,9.784
1067,7.158,9.765
1068,7.131,9.736
1069,7.097,9.686
1070,7.071,9.652
1071,7.034,9.595
1072,7.025,9.590
1073,7.000,9.572
1074,6.924,9.477
1075,6.886,9.455
1076,6.960,9.510
1077,6.922,9.464
1078,6.908,9.443
1079,6.930,9.449
1080,6.913,9.445
1081,6.876,9.389
1082,6.884,9.386
1083,6.910,9.419
1084,6.881,9.367
1085,6.824,9.321
1086,6.798,9.308
1087,6.780,9.289
1088,6.914,9.440
1089,6.890,9.396
1090,6.913,9.419
1091,6.823,9.348
1092,6.803,9.324
1093,6.797,9.330
1094,6.907,9.439
1095,6.890,9.447
1096,6.888,9.454
1097,6.839,9.429
1098,6.866,9.479
1099,6.924,9.548
1100,7.111,9.698
1101,7.215,9.822
1102,7.299,9.907
1103,7.360,9.982
1104,7.458,10.068
1105,7.582,10.199
1106,7.566,10.194
1107,7.642,10.295
1108,7.608,10.413
1109,7.677,10.459
1110,7.865,10.608
1111,7.959,10.691
1112,8.016,10.725
1113,8.188,10.882
1114,8.343,11.043
1115,8.276,10.917
1116,8.343,11.018
1117,8.291,10.914
1118,8.212,10.845
1119,8.163,10.772
1120,8.148,10.759
1121,8.129,10.715
1122,8.140,10.725
1123,8.071,10.644
1124,7.906,10.463
1125,7.504,10.026
1126,7.331,9.855
1127,7.504,10.032
1128,7.303,9.829
1129,7.103,9.611
1130,7.189,9.713
1131,7.403,9.937
1132,7.470,10.003
1133,7.482,10.010
1134,7.482,10.020
1135,7.504,10.059
1136,7.515,10.059
1137,7.510,10.064
1138,7.503,10.059
1139,7.515,10.082
1140,7.512,10.094
1141,7.472,10.058
1142,7.480,10.076
1143,7.497,10.095
1144,7.483,10.083
1145,7.473,10.073
1146,7.471,10.060
1147,7.470,10.077
1148,7.462,10.058
1149,7.486,10.087
1150,7.504,10.109
1151,7.507,10.109
1152,7.504,10.096
1153,7.517,10.120
1154,7.529,10.128
1155,7.544,10.137
1156,7.522,10.110
1157,7.495,10.068
1158,7.474,10.043
1159,7.436,10.004
1160,7.414,9.973
1161,7.360,9.913
1162,7.316,9.862
1163,7.298,9.848
1164,7.274,9.820
1165,7.273,9.824
1166,7.227,9.769
1167,7.194,9.732
1168,7.155,9.674
1169,7.091,9.620
1170,7.042,9.549
1171,7.015,9.517
1172,6.980,9.484
1173,6.929,9.434
1174,6.911,9.421
1175,6.884,9.388
1176,6.871,9.368
1177,6.881,9.371
1178,6.857,9.355
1179,6.831,9.313
1180,6.834,9.310
1181,6.850,9.337
1182,6.830,9.313
1183,6.779,9.263
1184,6.762,9.232
1185,6.757,9.241
1186,6.745,9.223
1187,6.671,9.154
1188,6.678,9.181
1189,6.714,9.208
1190,6.745,9.241
1191,6.772,9.275
1192,6.779,9.286
1193,6.779,9.297
1194,6.737,9.253
1195,6.721,9.256
1196,6.800,9.335
1197,6.798,9.338
1198,6.776,9.325
1199,6.717,9.283
1200,6.692,9.269
1201,6.669,9.256
1202,6.748,9.336
1203,6.799,9.400
1204,6.837,9.469
1205,6.853,9.485
1206,6.840,9.507
1207,6.887,9.602
1208,6.912,9.644
1209,6.978,9.785
1210,7.035,9.896
1211,7.108,9.977
1212,7.205,10.105
1213,7.283,10.184
1214,7.330,10.219
1215,7.363,10.242
1216,7.396,10.263
1217,7.400,10.281
1218,7.465,10.435
1219,7.455,10.604
1220,7.523,10.700
1221,7.545,10.673
1222,7.573,10.658
1223,7.730,10.762
1224,7.832,10.820
1225,7.871,10.796
1226,7.913,10.779
1227,7.951,10.736
1228,8.076,10.845
1229,7.942,10.724
1230,8.026,10.808
1231,8.052,10.833
1232,7.977,10.738
1233,8.052,10.819
1234,8.075,10.816
1235,8.023,10.744
1236,8.133,10.813
1237,8.229,10.864
1238,8.263,10.875
1239,8.334,10.947
1240,8.389,11.010
1241,8.419,11.047
1242,8.394,11.081
1243,8.418,11.058
1244,8.415,11.041
1245,8.417,11.060
1246,8.443,11.076
1247,8.458,11.115
1248,8.490,11.163
1249,8.496,11.161
1250,8.510,11.163
1251,8.514,11.146
1252,8.490,11.109
1253,8.523,11.152
1254,8.522,11.160
1255,8.530,11.159
1256,8.487,11.092
1257,8.445,11.013
1258,8.348,10.923
1259,8.290,10.835
1260,8.180,10.708
1261,8.123,10.660
1262,7.994,10.523
1263,7.847,10.369
1264,7.731,10.256
1265,7.635,10.146
1266,7.575,10.084
1267,7.546,10.055
1268,7.468,9.975
1269,7.368,9.872
1270,7.327,9.853
1271,7.247,9.766
1272,7.205,9.754
1273,7.116,9.663
1274,7.114,9.695
1275,7.101,9.708
1276,7.057,9.672
1277,7.010,9.640
1278,6.991,9.644
1279,6.972,9.646
1280,6.978,9.653
1281,6.972,9.653
1282,6.963,9.651
1283,7.096,9.805
1284,7.095,9.776
1285,7.123,9.801
1286,7.034,9.693
1287,7.039,9.705
1288,7.025,9.680
1289,7.018,9.645
1290,7.046,9.660
1291,6.847,9.452
1292,6.637,9.229
1293,6.612,9.179
1294,6.556,9.123
1295,6.708,9.290
1296,6.729,9.309
1297,6.750,9.324
1298,6.720,9.302
1299,7.083,9.670
1300,7.100,9.674
1301,7.104,9.695
1302,7.117,9.689
1303,7.083,9.654
1304,7.055,9.608
1305,7.030,9.580
1306,7.031,9.588
1307,6.984,9.529
1308,6.919,9.473
1309,6.886,9.435
1310,6.809,9.358
1311,6.819,9.376
1312,6.781,9.365
1313,6.710,9.295
1314,6.639,9.226
1315,6.608,9.226
1316,6.677,9.299
1317,6.676,9.304
1318,6.677,9.326
1319,6.706,9.351
1320,6.681,9.333
1321,6.648,9.324
1322,6.709,9.401
1323,6.709,9.424
1324,6.689,9.411
1325,6.687,9.405
1326,6.715,9.454
1327,6.767,9.481
1328,6.905,9.590
1329,7.059,9.728
1330,7.184,9.857
1331,7.311,10.013
1332,7.426,10.304
1333,7.406,10.304
1334,7.370,10.246
1335,7.407,10.229
1336,7.505,10.305
1337,7.559,10.320
1338,7.699,10.415
1339,7.779,10.449
1340,7.903,10.481
1341,7.801,10.406
1342,7.806,10.447
1343,7.772,10.459
1344,7.736,10.441
1345,7.703,10.412
1346,7.767,10.477
1347,7.815,10.526
1348,7.856,10.527
1349,8.024,10.649
1350,8.069,10.517
1351,8.037,10.491
1352,7.889,10.490
1353,7.853,10.456
1354,7.799,10.387
1355,7.795,10.400
1356,7.750,10.315
1357,7.711,10.343
1358,7.716,10.378
1359,7.712,10.383
1360,7.697,10.367
1361,7.750,10.447
1362,7.788,10.491
1363,7.838,10.562
1364,7.893,10.636
1365,7.911,10.656
1366,7.949,10.701
1367,7.984,10.698
1368,8.051,10.768
1369,8.131,10.857
1370,8.184,10.884
1371,8.339,11.024
1372,8.350,11.117
1373,8.402,11.163
1374,8.485,11.232
1375,8.540,11.281
1376,8.610,11.355
1377,8.659,11.385
1378,8.698,11.447
1379,8.692,11.468
1380,8.806,11.539
1381,8.740,11.522
1382,8.772,11.561
1383,8.782,11.563
1384,8.805,11.591
1385,8.781,11.530
1386,8.555,11.293
1387,8.504,11.241
1388,8.466,11.198
1389,8.770,11.554
1390,8.538,11.283
1391,8.314,11.027
1392,8.235,10.982
1393,8.252,11.012
1394,8.525,11.340
1395,8.492,11.305
1396,8.126,10.884
1397,8.023,10.785
1398,7.981,10.744
1399,7.918,10.687
1400,7.873,10.646
1401,7.833,10.627
1402,7.766,10.540
1403,7.718,10.497
1404,7.661,10.440
1405,7.590,10.352
1406,7.518,10.290
1407,7.437,10.192
1408,7.386,10.141
1409,7.312,10.061
1410,7.266,10.013
1411,7.225,9.958
1412,7.254,9.998
1413,7.231,9.934
1414,7.250,9.970
1415,7.234,9.951
1416,7.268,9.967
1417,7.281,9.989
1418,7.301,10.001
1419,7.340,10.046
1420,7.340,10.043
1421,7.373,10.093
1422,7.045,9.715
1423,6.620,9.270
1424,6.559,9.224
1425,6.483,9.148
1426,6.382,9.052
1427,6.509,9.214
1428,6.521,9.238
1429,6.488,9.224
1430,6.576,9.304
1431,6.686,9.444
1432,6.561,9.325
1433,6.183,8.872
1434,6.169,8.878
1435,6.163,8.893
1436,6.256,9.002
1437,6.222,8.941
1438,6.234,8.990
1439,6.357,9.121
1440,6.404,9.190
1441,6.424,9.236
1442,6.472,9.275
1443,6.430,9.233
1444,6.419,9.233
1445,6.474,9.295
1446,6.508,9.360
1447,6.564,9.387
1448,6.670,9.488
1449,6.818,9.836
1450,6.869,9.707
1451,6.888,9.666
1452,6.921,9.889
1453,7.099,10.024
1454,7.076,10.163
1455,7.112,10.236
1456,7.179,10.338
1457,7.240,10.391
1458,7.347,10.503
1459,7.515,10.636
1460,7.640,10.730
1461,7.817,10.864
1462,7.952,10.966
1463,7.962,10.977
1464,8.123,11.114
1465,8.277,11.241
1466,8.279,11.219
1467,8.350,11.242
1468,8.419,11.281
1469,8.333,11.184
1470,8.364,11.177
1471,8.433,11.264
1472,8.383,11.251
1473,8.456,11.317
1474,8.606,11.406
1475,8.759,11.510
1476,8.893,11.640
1477,8.964,11.666
1478,9.074,11.764
1479,9.078,11.719
1480,9.153,11.766
1481,9.259,11.808
1482,9.184,11.707
1483,9.206,11.743
1484,9.215,11.781
1485,9.311,11.911
1486,9.381,12.045
1487,9.417,12.049
1488,9.411,12.166
1489,9.380,12.159
1490,9.441,12.273
1491,9.358,12.101
1492,9.420,12.128
1493,9.330,11.968
1494,9.309,11.948
1495,9.293,11.958
1496,9.466,12.285
1497,9.223,11.976
1498,9.439,12.329
1499,9.320,12.210
1500,9.218,12.130
1501,9.180,12.083
1502,9.091,11.984
1503,9.053,11.938
1504,9.027,11.940
1505,9.013,11.948
1506,9.046,11.990
1507,9.025,12.017
1508,9.033,12.053
1509,9.040,12.059
1510,9.010,12.016
1511,9.061,12.081
1512,8.983,11.945
1513,8.970,11.951
1514,8.944,11.906
1515,8.967,11.925
1516,8.843,11.747
1517,8.887,11.770
1518,8.863,11.731
1519,8.840,11.679
1520,8.753,11.548
1521,8.762,11.514
1522,8.689,11.370
1523,8.658,11.300
1524,8.661,11.282
1525,8.606,11.187
1526,8.547,11.084
1527,8.459,10.943
1528,8.428,10.903
1529,8.385,10.831
1530,8.359,10.803
1531,8.306,10.747
1532,8.279,10.709
1533,8.238,10.672
1534,8.178,10.600
1535,8.176,10.598
1536,8.222,10.640
1537,8.207,10.625
1538,8.196,10.619
1539,8.131,10.547
1540,8.098,10.519
1541,8.033,10.445
1542,8.017,10.454
1543,7.916,10.349
1544,7.877,10.319
1545,7.837,10.279
1546,7.785,10.220
1547,7.750,10.221
1548,7.701,10.165
1549,7.699,10.182
1550,7.632,10.117
1551,7.638,10.162
1552,7.581,10.119
1553,7.565,10.110
1554,7.555,10.101
1555,7.595,10.150
1556,7.602,10.167
1557,7.562,10.121
1558,7.552,10.123
1559,7.542,10.127
1560,7.530,10.119
1561,7.499,10.063
1562,7.449,10.008
1563,7.346,9.881
1564,7.328,9.849
1565,7.273,9.786
1566,7.209,9.700
1567,7.183,9.696
1568,7.161,9.654
1569,7.134,9.627
1570,7.005,9.524
1571,7.034,9.518
1572,7.079,9.580
1573,7.033,9.534
1574,7.052,9.561
1575,7.041,9.558
1576,6.981,9.478
1577,6.986,9.495
1578,6.943,9.450
1579,6.895,9.403
1580,6.873,9.383
1581,6.810,9.309
1582,6.802,9.313
1583,6.793,9.312
1584,6.804,9.334
1585,6.808,9.358
1586,6.761,9.283
1587,6.752,9.271
1588,6.724,9.248
1589,6.740,9.277
1590,6.695,9.223
1591,6.709,9.269
1592,6.844,9.384
1593,6.863,9.395
1594,6.894,9.448
1595,6.797,9.338
1596,6.754,9.311
1597,6.695,9.239
1598,6.820,9.356
1599,6.845,9.399
1600,6.861,9.399
1601,6.798,9.332
1602,6.784,9.324
1603,6.800,9.353
1604,6.791,9.311
1605,6.814,9.332
1606,6.812,9.329
1607,6.845,9.355
1608,6.866,9.376
1609,6.869,9.391
1610,6.891,9.406
1611,6.925,9.441
1612,6.955,9.480
1613,6.965,9.488
1614,7.008,9.525
1615,7.017,9.535
1616,7.000,9.501
1617,7.014,9.522
1618,7.027,9.538
1619,7.046,9.548
1620,7.054,9.564
1621,7.056,9.549
1622,7.075,9.569
1623,7.111,9.608
1624,7.141,9.634
1625,7.173,9.675
1626,7.201,9.700
1627,7.219,9.712
1628,7.222,9.715
1629,7.252,9.750
1630,7.228,9.729
1631,7.229,9.726
1632,7.253,9.772
1633,7.252,9.759
1634,7.250,9.769
1635,7.242,9.758
1636,7.223,9.733
1637,7.242,9.756
1638,7.261,9.774
1639,7.287,9.795
1640,7.293,9.798
1641,7.281,9.781
1642,7.313,9.833
1643,7.316,9.830
1644,7.316,9.828
1645,7.341,9.868
1646,7.352,9.885
1647,7.335,9.844
1648,7.340,9.873
1649,7.349,9.895
1650,7.358,9.896
1651,7.328,9.844
1652,7.332,9.854
1653,7.321,9.837
1654,7.348,9.866
1655,7.326,9.836
1656,7.346,9.866
1657,7.341,9.851
1658,7.367,9.872
1659,7.372,9.886
1660,7.371,9.890
1661,7.346,9.851
1662,7.328,9.843
1663,7.321,9.828
1664,7.306,9.822
1665,7.299,9.812
1666,7.315,9.826
1667,7.360,9.896
1668,7.354,9.872
1669,7.352,9.865
1670,7.347,9.854
1671,7.368,9.884
1672,7.327,9.822
1673,7.362,9.857
1674,7.353,9.829
1675,7.347,9.831
1676,7.397,9.897
1677,7.397,9.890
1678,7.434,9.925
1679,7.424,9.920
1680,7.406,9.893
1681,7.455,9.960
1682,7.441,9.937
1683,7.502,10.013
1684,7.509,10.000
1685,7.548,10.023
1686,7.541,10.028
1687,7.564,10.057
1688,7.561,10.057
1689,7.561,10.060
1690,7.551,10.058
1691,7.580,10.091
1692,7.585,10.079
1693,7.642,10.121
1694,7.689,10.188
1695,7.744,10.235
1696,7.764,10.252
1697,7.779,10.266
1698,7.823,10.330
1699,7.834,10.338
1700,7.696,10.193
1701,7.745,10.271
1702,7.725,10.254
1703,7.783,10.320
1704,7.827,10.380
1705,7.887,10.445
1706,7.820,10.378
1707,7.831,10.392
1708,7.784,10.325
1709,7.886,10.451
1710,7.870,10.429
1711,7.872,10.426
1712,7.834,10.394
1713,7.848,10.412
1714,7.799,10.360
1715,7.750,10.310
1716,7.816,10.379
1717,7.858,10.420
1718,7.835,10.396
1719,7.842,10.420
1720,7.866,10.447
1721,7.829,10.419
1722,7.826,10.380
1723,7.851,10.421
1724,7.851,10.438
1725,7.842,10.428
1726,7.846,10.443
1727,7.851,10.452
1728,7.826,10.442
1729,7.802,10.424
1730,7.797,10.438
1731,7.791,10.429
1732,7.733,10.353
1733,7.690,10.306
1734,7.693,10.342
1735,7.674,10.314
1736,7.669,10.314
1737,7.663,10.316
1738,7.643,10.293
1739,7.628,10.294
1740,7.618,10.293
1741,7.586,10.254
1742,7.582,10.251
1743,7.556,10.260
1744,7.546,10.246
1745,7.508,10.216
1746,7.470,10.174
1747,7.439,10.148
1748,7.421,10.146
1749,7.367,10.091
1750,7.313,10.033
1751,7.256,9.987
1752,7.224,9.968
1753,7.148,9.886
1754,7.078,9.815
1755,7.026,9.772
1756,6.902,9.644
1757,7.021,9.791
1758,7.008,9.784
1759,6.954,9.713
1760,7.058,9.831
1761,7.043,9.835
1762,6.991,9.780
1763,6.874,9.657
1764,6.836,9.624
1765,6.782,9.582
1766,7.003,9.812
1767,7.056,9.886
1768,7.054,9.878
1769,7.072,9.879
1770,7.112,9.943
1771,7.032,9.834
1772,6.897,9.692
1773,6.777,9.568
1774,6.754,9.535
1775,7.056,9.872
1776,7.085,9.914
1777,7.063,9.878
1778,6.988,9.794
1779,6.919,9.720
1780,6.931,9.748
1781,7.187,10.007
1782,7.280,10.120
1783,7.403,10.256
1784,7.404,10.261
1785,7.437,10.306
1786,7.443,10.292
1787,7.566,10.459
1788,7.584,10.454
1789,7.613,10.487
1790,7.581,10.444
1791,7.595,10.441
1792,7.780,10.665
1793,7.768,10.631
1794,7.721,10.556
1795,7.831,10.693
1796,7.690,10.530
1797,7.631,10.447
1798,7.584,10.390
1799,7.503,10.312
1800,7.512,10.312
1801,7.446,10.223
1802,7.551,10.326
1803,7.550,10.305
1804,7.606,10.357
1805,7.639,10.376
1806,7.640,10.335
1807,7.714,10.424
1808,7.594,10.280
1809,7.516,10.167
1810,7.447,10.067
1811,7.414,10.014
1812,7.336,9.910
1813,7.267,9.834
1814,7.163,9.710
1815,7.120,9.635
1816,7.007,9.500
1817,7.103,9.599
1818,7.236,9.711
1819,7.068,9.535
1820,7.117,9.577
1821,7.145,9.586
1822,7.118,9.542
1823,7.052,9.483
1824,7.105,9.546
1825,7.238,9.666
1826,7.245,9.682
1827,7.294,9.714
1828,7.345,9.771
1829,7.335,9.763
1830,7.422,9.863
1831,7.485,9.922
1832,7.540,9.988
1833,7.633,10.087
1834,7.716,10.162
1835,7.829,10.528
1836,7.983,10.962
1837,7.936,10.751
1838,8.095,10.749
1839,8.214,11.173
1840,8.234,11.179
