2 65 151 16 65 0.42
28 280 120 9 23 0.45
32 317 154 43 99 0.51
55 283 115 7 21 0.46
55 284 114 8 24 0.38
137 281 124 9 17 0.55
171 171 110 8 17 0.43
209 173 107 6 18 0.42
285 278 111 9 17 0.41
299 389 198 15 22 0.43
315 270 108 7 18 0.31
325 267 109 7 18 0.60
325 268 110 8 18 0.46
328 265 108 9 18 0.37
330 266 112 10 17 0.35
334 264 109 8 18 0.51
339 262 107 7 17 0.39
342 262 108 7 16 0.56
343 262 108 9 20 0.58
346 262 108 9 18 0.32
348 262 107 6 23 0.49
348 264 109 7 21 0.34
350 259 109 11 19 0.66
353 258 107 8 21 0.47
354 258 110 7 20 0.55
354 260 111 7 20 0.48
356 258 110 7 19 0.54
357 257 109 8 20 0.57
357 259 107 8 21 0.36
357 260 110 9 19 0.31
360 256 112 8 16 0.31
362 256 111 7 19 0.31
365 254 109 9 19 0.76
366 254 107 10 20 0.47
366 256 108 10 21 0.35
369 357 205 14 24 0.31
374 254 108 8 20 0.34
375 253 108 8 17 0.41
377 252 109 9 16 0.42
378 254 106 8 20 0.47
380 254 105 8 21 0.59
380 257 105 7 21 0.43
383 254 104 8 17 0.56
383 257 104 8 19 0.36
385 398 156 37 89 0.62
386 255 103 9 21 0.53
387 393 145 48 137 0.60
387 255 105 10 18 0.40
388 257 102 9 20 0.34
389 255 103 10 18 0.69
390 257 102 6 20 0.31
391 258 102 9 20 0.43
393 259 101 10 22 0.50
394 259 101 9 19 0.44
396 429 51 71 186 0.31
402 263 95 9 23 0.46
402 266 95 8 24 0.38
406 266 91 10 27 0.67
409 268 93 9 23 0.71
409 270 94 10 23 0.42
410 268 95 10 19 0.65
410 271 96 13 20 0.32
412 270 93 9 22 0.65
413 270 93 8 20 0.56
413 272 94 8 21 0.35
416 251 144 68 183 0.92
417 243 143 76 125 0.50
418 239 141 70 176 0.59
419 231 138 86 179 0.89
420 228 143 71 192 0.98
421 220 147 68 126 0.74
421 274 97 10 23 0.52
422 212 143 73 160 0.79
422 277 94 8 24 0.31
423 277 97 10 24 0.53
425 279 96 8 22 0.65
428 280 96 9 23 0.38
429 281 95 10 21 0.70
439 288 97 7 22 0.38
448 292 101 9 19 0.56
448 294 101 10 20 0.34
448 4 143 80 270 0.33
451 292 101 11 21 0.53
457 29 134 24 85 0.63
461 297 102 9 19 0.43
464 26 129 29 96 0.64
468 296 100 11 22 0.52
468 481 225 12 26 0.38
471 28 130 42 92 0.83
472 295 101 11 19 0.32
478 301 99 9 23 0.51
488 301 96 10 22 0.37
489 299 96 11 24 0.62
489 301 96 12 24 0.39
492 298 94 10 25 0.63
495 295 93 13 24 0.52
498 295 91 13 25 0.45
499 296 91 10 25 0.42
503 296 90 10 23 0.49
505 297 89 8 24 0.39
508 296 89 9 22 0.34
510 293 88 10 24 0.43
515 43 153 22 66 0.35
515 444 178 37 66 0.30
516 440 186 20 57 0.36
529 289 85 9 26 0.71
529 291 84 10 27 0.54
530 288 85 13 28 0.40
541 51 193 10 25 0.30
573 274 77 11 30 0.47
584 500 221 28 40 0.33
592 168 183 27 43 0.30
598 237 175 13 30 0.44
644 110 110 473 361 0.34
684 247 166 10 29 0.41
686 164 148 14 29 0.32
704 237 162 11 36 0.37
725 229 162 10 28 0.35
727 228 161 11 25 0.34
732 225 162 14 29 0.52
735 220 163 17 31 0.45
802 210 170 7 20 0.32
817 201 169 15 29 0.43
828 196 176 11 20 0.33
840 186 179 12 32 0.30
941 513 181 41 75 0.57
941 517 180 31 60 0.37
957 174 157 43 83 0.32
1034 171 163 81 92 0.47
1163 529 170 24 74 0.33
1217 393 198 11 38 0.49
1225 85 127 31 89 0.39
1266 549 208 32 108 0.33
1273 578 214 60 127 0.59
1292 463 9 174 265 0.45
1293 470 9 165 320 0.54
1294 560 211 61 128 0.43
1295 459 12 179 305 0.54
1296 574 211 58 145 0.54
1312 584 210 28 71 0.38
1315 602 210 30 87 0.34
1316 591 205 18 79 0.72
1316 611 211 23 78 0.53
1337 586 211 21 67 0.41
1386 121 123 25 96 0.31
1393 202 191 15 43 0.30
1441 440 191 13 31 0.35
1445 438 184 16 36 0.41
1447 437 184 18 37 0.53
1451 440 180 18 37 0.36
1458 432 185 12 34 0.33
1459 430 181 22 45 0.57
1464 425 176 22 46 0.55
1466 428 181 15 40 0.32
1467 428 179 11 40 0.73
1468 436 190 20 31 0.36
1470 425 177 13 43 0.74
1470 428 178 13 43 0.42
1472 425 178 18 43 0.68
1473 423 177 14 43 0.67
1475 418 175 21 47 0.86
1476 417 176 19 46 0.80
1476 421 177 19 43 0.65
1477 416 180 22 42 0.87
1478 415 178 26 46 0.32
1479 414 176 23 48 0.95
1480 414 177 25 48 0.91
1482 416 177 24 47 0.53
1483 415 178 18 48 0.75
1484 414 173 17 52 0.94
1485 414 175 20 49 0.91
1487 413 174 16 51 0.67
1488 413 180 20 47 0.68
1490 410 175 21 51 0.87
1490 417 176 18 50 0.48
1491 406 177 21 48 0.30
1492 408 184 25 43 0.55
1493 403 183 28 46 0.92
1494 403 178 29 49 0.83
1495 407 181 28 45 0.34
1496 405 192 29 37 0.49
1496 407 174 18 34 0.47
1496 406 179 23 46 0.47
1497 405 178 30 52 0.96
1498 406 175 21 52 0.68
1498 407 174 14 26 0.30
1499 404 179 31 49 0.89
1501 406 172 14 55 0.76
1502 406 173 21 59 0.80
1503 405 175 19 54 0.91
1503 442 168 16 50 0.73
1504 405 175 20 56 0.56
1504 445 171 12 34 0.37
1505 404 173 16 56 0.55
1506 401 175 16 56 0.95
1506 441 168 21 38 0.54
1507 398 183 25 47 0.81
1508 396 176 24 56 0.95
1508 406 177 18 54 0.46
1508 438 167 19 41 0.38
1509 392 174 31 58 0.98
1509 435 167 22 41 0.36
1510 389 174 34 61 0.99
1511 388 173 35 59 0.98
1512 386 175 37 56 0.97
1513 387 171 35 61 0.98
1514 387 174 32 57 0.93
1515 385 174 32 57 0.94
1515 431 168 23 34 0.65
1516 387 176 27 54 0.80
1517 386 171 24 58 0.88
1517 386 193 26 37 0.41
1517 391 172 18 38 0.31
1518 384 168 23 60 0.94
1518 425 163 21 44 0.32
1519 383 170 19 61 0.80
1520 384 172 18 59 0.85
1520 384 171 16 37 0.34
1521 382 182 18 51 0.43
1522 377 178 25 56 0.60
1522 423 164 20 54 0.56
1523 377 172 22 59 0.73
1523 377 169 19 46 0.46
1523 421 164 20 49 0.32
1524 368 173 33 62 0.95
1524 419 154 20 54 0.34
1525 361 176 41 59 0.93
1525 454 76 37 129 0.38
1526 361 172 42 66 0.94
1526 375 170 26 66 0.40
1527 355 170 46 67 0.93
1527 355 168 29 65 0.41
1527 418 155 19 57 0.32
1528 357 171 42 68 0.90
1528 366 169 28 52 0.36
1529 355 171 47 67 0.94
1530 363 169 31 68 0.84
1530 351 171 16 63 0.53
1530 348 170 14 64 0.38
1531 359 173 36 65 0.91
1531 365 172 23 60 0.57
1531 354 176 17 61 0.32
1532 359 170 33 71 0.88
1533 358 172 26 67 0.89
1533 408 171 21 61 0.35
1534 356 171 24 64 0.76
1534 358 171 18 40 0.60
1534 349 195 33 42 0.46
1535 352 172 26 69 0.84
1535 400 164 26 56 0.44
1536 352 169 23 70 0.92
1536 342 171 26 67 0.53
1536 353 170 18 43 0.49
1537 351 168 22 74 0.95
1537 333 174 18 64 0.59
1537 343 168 18 71 0.43
1538 335 174 33 68 0.93
1538 347 175 26 67 0.88
1538 330 178 24 62 0.64
1539 327 173 45 72 0.96
1539 346 174 25 71 0.92
1540 320 168 53 77 0.97
1541 320 174 50 71 0.86
1541 339 172 31 74 0.79
1542 322 177 48 72 0.96
1542 318 178 26 64 0.72
1543 321 171 45 78 0.94
1543 339 173 31 74 0.79
1543 316 173 28 72 0.78
1544 314 173 24 70 0.81
1544 335 172 35 74 0.80
1544 386 163 28 70 0.78
1544 388 164 19 44 0.34
1545 319 172 52 78 0.96
1545 313 175 26 71 0.81
1546 327 171 41 78 0.87
1546 311 170 23 74 0.64
1546 316 172 33 76 0.43
1547 326 175 37 75 0.61
1547 310 184 18 65 0.45
1548 325 200 37 49 0.87
1548 377 168 22 57 0.59
1548 310 186 16 57 0.43
1548 307 183 14 59 0.34
1549 323 170 27 80 0.96
1549 307 180 17 63 0.45
1550 303 192 18 53 0.52
1551 320 166 23 84 0.86
1551 294 183 26 64 0.68
1552 318 184 24 68 0.78
1552 289 193 28 55 0.71
1552 369 167 23 68 0.66
1553 281 186 42 65 0.90
1553 315 189 23 65 0.67
1553 365 165 23 59 0.35
1554 312 182 25 73 0.76
1554 278 181 59 72 0.31
1555 277 172 57 82 0.93
1555 301 173 33 83 0.91
1555 362 163 23 84 0.88
1555 272 173 36 75 0.37
1556 298 173 36 87 0.97
1556 355 160 26 81 0.96
1556 267 176 40 75 0.74
1556 266 172 67 81 0.49
1557 293 173 40 85 0.97
1557 268 179 30 71 0.57
1557 362 211 16 34 0.34
1558 275 170 58 86 0.94
1558 353 164 25 83 0.91
1558 266 175 48 78 0.33
1559 279 182 55 78 0.95
1559 348 165 26 83 0.90
1560 281 175 49 85 0.99
1561 281 182 50 77 0.97
1561 260 210 18 43 0.48
1562 277 191 52 68 0.98
1562 258 210 17 39 0.65
1562 340 207 37 49 0.64
1563 279 173 43 89 0.98
1563 260 179 23 72 0.41
1564 279 199 39 61 0.82
1565 278 206 35 53 0.93
1565 247 184 29 67 0.77
1565 256 179 24 73 0.70
1565 245 194 21 57 0.55
1565 282 176 18 38 0.38
1566 278 177 29 88 0.89
1566 242 186 31 66 0.77
1566 281 205 29 60 0.41
1566 279 175 23 56 0.32
1567 233 182 43 73 0.98
1567 276 201 26 59 0.75
1568 223 180 51 75 0.98
1568 273 206 23 57 0.58
1569 218 184 53 73 0.98
1569 269 204 23 58 0.77
1570 268 204 25 59 0.89
1570 213 186 56 71 0.78
1571 214 195 49 64 0.92
1571 258 200 35 65 0.88
1571 243 194 48 72 0.38
1572 251 201 41 65 0.89
1572 213 197 48 62 0.50
1572 221 196 63 69 0.49
1572 463 47 47 159 0.35
1573 245 204 46 63 0.93
1573 213 182 41 77 0.69
1574 225 186 64 82 0.96
1575 235 190 54 74 0.85
1576 227 183 61 83 0.85
1577 231 187 53 83 0.92
1578 230 198 55 72 0.99
1578 206 181 21 79 0.52
1579 225 197 54 73 0.88
1580 228 209 45 60 0.80
1580 189 198 31 60 0.60
1581 184 164 37 96 0.93
1581 229 198 36 69 0.84
1581 228 197 23 70 0.73
1581 298 209 23 38 0.48
1582 178 167 39 91 0.93
1582 226 200 32 67 0.87
1582 296 205 19 46 0.59
1583 170 178 45 79 0.94
1583 224 191 28 79 0.70
1584 164 177 49 80 0.82
1584 218 203 29 67 0.56
1585 213 180 32 89 0.71
1585 169 168 32 91 0.59
1585 288 200 19 49 0.58
1586 207 180 34 89 0.92
1586 162 177 43 85 0.75
1586 281 181 25 71 0.42
1587 205 169 35 104 0.98
1587 276 164 30 93 0.93
1587 160 176 38 86 0.58
1588 194 169 43 104 0.99
1588 275 192 31 62 0.74
1588 158 205 29 55 0.65
1588 158 211 14 50 0.33
1589 267 162 37 97 0.98
1589 184 164 52 112 0.97
1590 183 165 51 111 0.98
1590 259 174 46 83 0.51
1591 173 171 61 106 0.99
1591 0 154 113 275 0.35
1592 170 170 61 107 1.00
1592 251 168 50 88 0.82
1592 136 173 30 88 0.46
1593 166 166 63 109 1.00
1593 139 186 25 72 0.47
1594 163 164 63 113 1.00
1594 126 176 34 86 0.82
1594 248 162 43 95 0.50
1595 162 166 59 112 1.00
1595 116 178 45 83 0.90
1595 245 151 42 104 0.88
1596 156 161 59 119 0.98
1596 240 156 35 95 0.92
1596 4 182 91 226 0.47
1596 104 179 58 85 0.40
1597 156 162 51 117 0.99
1597 96 175 63 88 0.96
1597 237 156 29 98 0.91
1598 151 161 47 115 0.99
1598 234 153 32 101 0.98
1598 94 175 62 92 0.88
1599 89 171 62 93 0.98
1599 225 151 41 102 0.97
1599 152 161 38 117 0.92
1599 232 179 34 74 0.42
1599 5 186 82 250 0.37
1599 472 36 58 151 0.32
1600 144 157 37 118 0.97
1600 93 170 57 97 0.72
1601 222 151 34 107 0.98
1601 87 169 56 97 0.95
1601 143 160 30 116 0.92
1601 7 194 73 200 0.37
1602 222 159 30 96 0.95
1602 137 160 34 117 0.94
1602 90 191 47 72 0.63
1602 6 190 70 213 0.57
1603 211 148 43 115 0.99
1603 131 155 39 127 0.98
1603 86 214 39 49 0.51
1604 121 156 47 125 0.99
1604 204 152 49 111 0.99
1604 2 182 65 277 0.52
1605 112 162 55 121 1.00
1605 198 149 55 116 1.00
1605 2 195 65 239 0.37
1606 104 162 61 122 1.00
1606 197 150 55 117 0.99
1607 94 165 70 118 1.00
1607 190 150 60 115 0.99
1608 191 147 56 120 1.00
1608 92 154 69 131 1.00
1609 90 162 70 122 1.00
1609 184 157 58 110 0.99
1610 84 160 72 126 1.00
1610 181 156 56 109 0.98
1610 44 180 53 88 0.64
1611 81 161 73 126 1.00
1611 179 149 48 114 0.99
1611 37 174 53 91 0.88
1612 81 156 66 133 1.00
1612 172 149 48 110 0.80
1612 28 180 60 96 0.58
1613 76 161 63 130 0.99
1613 170 149 37 106 0.98
1613 30 173 50 99 0.79
1614 167 148 37 116 0.99
1614 76 157 54 130 0.99
1614 25 171 60 106 0.73
1614 300 168 23 43 0.46
1615 74 161 48 128 0.98
1615 162 144 38 112 0.97
1615 25 216 49 55 0.46
1616 68 151 44 136 0.99
1616 159 144 36 119 0.90
1616 24 177 46 94 0.80
1617 155 149 40 117 0.98
1617 63 160 37 127 0.98
1618 148 149 45 119 0.99
1618 56 156 41 134 0.97
1619 143 143 52 131 1.00
1619 56 158 37 133 0.97
1620 43 155 48 140 0.99
1620 137 142 59 135 0.99
1621 33 157 58 139 0.99
1621 132 151 57 121 0.99
1622 127 145 62 130 1.00
1622 22 157 65 141 0.99
1623 124 145 61 132 0.99
1623 15 159 72 143 0.99
1624 121 146 52 125 1.00
1624 11 166 74 133 0.99
1625 7 162 76 140 0.99
1625 117 144 58 131 0.98
1626 113 146 52 127 0.99
1626 7 163 72 139 0.99
1626 288 174 10 40 0.56
1627 3 158 71 147 0.99
1627 110 144 44 126 0.98
1627 441 48 84 154 0.42
1628 104 143 46 130 0.99
1628 1 162 66 146 0.97
1629 100 142 47 129 1.00
1629 0 160 58 147 0.84
1630 96 143 43 114 0.95
1630 0 161 45 149 0.88
1631 92 141 42 135 1.00
1631 1 155 35 154 0.54
1631 1 159 24 126 0.31
1632 86 141 47 137 0.99
1632 0 158 15 76 0.41
1633 83 149 49 129 1.00
1634 78 140 53 142 1.00
1635 74 139 58 145 1.00
1636 66 146 58 133 1.00
1637 62 146 65 138 1.00
1638 59 145 65 137 1.00
1639 55 146 67 140 1.00
1639 229 159 19 60 0.63
1640 48 148 67 130 0.99
1640 268 184 11 31 0.64
1640 230 160 14 32 0.56
1641 47 152 57 130 0.99
1642 37 146 60 139 0.96
1642 227 162 16 53 0.43
1643 31 144 54 135 0.92
1643 266 184 12 34 0.63
1643 227 158 13 54 0.46
1643 229 161 16 53 0.34
1644 15 137 72 148 0.63
1644 265 172 12 44 0.57
1645 22 142 53 139 0.95
1646 16 140 50 147 0.98
1646 262 177 20 44 0.50
1646 225 161 14 47 0.42
1646 226 161 13 30 0.35
1647 7 136 56 150 0.66
1648 12 137 47 136 0.84
1648 224 157 13 58 0.60
1648 255 181 28 39 0.42
1658 242 184 15 39 0.84
1706 158 189 30 47 0.42
1709 158 183 10 47 0.60
1710 94 186 14 50 0.43
1712 64 183 12 44 0.31
1714 62 187 15 41 0.76
1714 99 182 17 41 0.32
1716 63 184 16 43 0.41
1718 65 190 18 44 0.31
1723 77 188 14 40 0.47
1724 80 188 14 42 0.36
1726 261 180 18 56 0.38
1734 272 187 23 48 0.47
1736 269 192 27 44 0.35
1737 281 197 16 38 0.72
1737 278 195 15 41 0.56
1739 279 185 17 50 0.61
1741 285 186 12 49 0.51
1744 4 219 40 124 0.45
1745 1 172 53 176 0.66
1746 1 158 66 193 0.86
1747 0 155 86 202 0.39
1747 288 184 24 52 0.34
1748 5 149 79 217 0.37
1749 1 171 99 195 0.61
1750 1 171 93 199 0.71
1751 4 162 88 213 0.41
1752 0 166 96 203 0.86
1753 10 187 83 173 0.83
1755 8 147 87 248 0.51
1756 4 194 86 174 0.34
1758 13 216 88 144 0.33
1761 9 176 111 189 0.59
1762 10 178 127 186 0.53
1763 10 173 139 186 0.43
1764 20 166 137 203 0.58
1765 45 158 120 207 0.77
1766 49 145 115 215 0.87
1767 45 220 82 145 0.45
1767 37 163 125 211 0.31
1768 35 160 139 204 0.78
1768 51 219 112 143 0.48
1770 55 166 117 199 0.51
1771 61 173 115 199 0.75
1771 68 236 96 130 0.42
1772 57 161 121 216 0.83
1773 57 168 112 206 0.93
1774 67 172 113 190 0.65
1775 80 166 102 204 0.91
1775 90 160 78 129 0.63
1776 85 162 106 207 0.56
1778 116 161 101 207 0.52
1779 115 165 104 213 0.35
1780 128 159 114 200 0.82
1781 3 175 55 174 0.43
1782 145 213 105 144 0.97
1782 3 159 60 184 0.57
1782 115 193 12 34 0.51
1783 5 174 60 170 0.86
1783 150 220 93 142 0.61
1784 4 154 61 193 0.89
1784 147 207 95 155 0.70
1785 9 185 64 158 0.67
1786 3 190 72 152 0.58
1786 6 134 84 211 0.41
1786 152 229 91 124 0.36
1787 23 160 61 181 0.79
1788 18 137 67 211 0.92
1789 24 138 67 211 0.95
1789 5 179 60 171 0.60
1789 100 187 14 38 0.55
1789 160 218 101 136 0.47
1790 32 174 55 171 0.86
1790 103 193 14 33 0.37
1791 35 138 67 208 0.94
1792 38 158 62 181 0.94
1792 183 177 103 193 0.92
1793 43 162 63 179 0.94
1793 196 172 102 192 0.89
1793 217 219 81 139 0.45
1793 195 245 84 114 0.37
1794 51 191 64 149 0.96
1794 210 174 103 190 0.74
1795 43 141 70 209 0.96
1796 47 135 81 210 0.99
1796 225 164 116 201 0.42
1797 38 165 93 186 0.98
1798 46 148 97 199 0.98
1798 44 223 96 119 0.33
1799 49 202 90 139 0.89
1799 230 231 111 129 0.64
1799 43 140 103 217 0.35
1800 230 198 115 164 0.93
1800 44 143 111 204 0.75
1800 39 240 112 105 0.44
1801 52 208 105 135 0.98
1801 232 167 119 197 0.86
1802 66 163 93 177 0.99
1802 385 180 11 24 0.56
1802 234 186 135 181 0.52
1803 68 189 89 161 0.97
1803 237 154 123 211 0.71
1803 211 181 16 49 0.31
1803 386 181 15 24 0.31
1804 78 151 84 196 0.97
1804 245 181 125 195 0.51
1805 89 147 74 193 0.98
1805 86 203 60 143 0.57
1806 88 161 77 182 0.95
1806 268 158 123 208 0.45
1806 217 184 13 33 0.40
1807 102 137 65 210 0.93
1807 13 185 38 57 0.37
1808 114 132 63 201 0.98
1808 214 180 22 54 0.70
1808 110 201 53 141 0.61
1808 294 158 104 215 0.59
1808 301 223 87 145 0.42
1809 114 138 68 213 0.97
1809 303 154 102 216 0.60
1809 303 162 69 191 0.39
1810 117 140 64 207 0.98
1811 121 137 72 209 0.98
1811 310 162 106 204 0.35
1812 125 200 67 144 0.90
1812 146 179 55 166 0.84
1813 128 143 79 202 0.98
1813 317 174 107 188 0.69
1813 123 148 53 190 0.64
1813 230 183 11 34 0.41
1814 124 148 93 205 0.99
1814 230 186 14 46 0.76
1814 122 165 67 179 0.70
1814 78 191 12 39 0.64
1814 315 145 107 214 0.62
1814 80 190 14 39 0.42
1815 127 141 99 208 1.00
1815 231 185 17 52 0.78
1815 312 162 117 195 0.49
1816 130 147 99 198 1.00
1816 232 180 15 52 0.74
1817 131 145 99 203 1.00
1818 134 133 99 213 0.99
1818 321 164 142 196 0.53
1819 138 149 97 198 0.99
1820 143 140 89 208 1.00
1821 154 144 89 202 0.97
1821 339 153 126 201 0.38
1822 167 131 78 217 0.96
1822 170 189 65 156 0.47
1822 347 152 125 206 0.43
1823 177 184 64 168 0.86
1824 184 136 69 216 0.85
1824 185 127 107 217 0.43
1825 195 134 68 209 1.00
1826 201 148 68 194 0.98
1827 206 156 73 188 0.99
1828 210 153 72 192 0.96
1829 216 137 72 200 0.93
1829 396 201 57 146 0.82
1829 436 233 70 123 0.31
1830 209 136 86 214 0.99
1830 438 218 71 138 0.49
1831 203 164 102 185 0.96
1831 57 196 13 32 0.65
1831 61 197 13 31 0.42
1832 444 230 93 127 0.94
1832 216 136 93 216 0.91
1832 403 176 59 164 0.36
1833 212 163 96 183 0.95
1833 404 178 135 186 0.63
1833 442 249 93 112 0.35
1833 399 209 76 134 0.32
1834 220 186 90 156 0.82
1834 401 220 66 122 0.33
1835 223 190 91 150 0.85
1835 411 175 123 179 0.31
1837 238 197 79 143 0.86
1838 247 193 92 143 0.89
1838 420 163 155 195 0.83
1839 256 173 72 164 0.63
1839 249 103 94 233 0.37
1839 432 164 127 198 0.35
1839 46 195 15 32 0.32
1840 269 170 67 160 0.45
