0,20.992,22.743
1,21.023,22.777
2,21.029,22.788
3,21.030,22.795
4,21.028,22.796
5,21.037,22.809
6,21.043,22.812
7,21.069,22.843
8,21.035,22.802
9,21.059,22.835
10,20.998,22.755
11,21.010,22.758
12,20.983,22.721
13,20.994,22.732
14,20.997,22.725
15,20.982,22.728
16,20.990,22.730
17,21.000,22.740
18,20.969,22.704
19,21.014,22.774
20,21.050,22.800
21,21.038,22.800
22,21.021,22.774
23,21.037,22.794
24,21.027,22.777
25,21.018,22.752
26,21.029,22.796
27,21.032,22.776
28,21.043,22.786
29,21.035,22.784
30,21.036,22.786
31,21.022,22.775
32,21.021,22.774
33,21.036,22.784
34,21.045,22.803
35,21.047,22.803
36,21.013,22.780
37,21.032,22.783
38,21.024,22.763
39,21.033,22.780
40,21.043,22.798
41,21.044,22.802
42,21.007,22.758
43,21.055,22.813
44,21.031,22.779
45,21.040,22.806
46,21.047,22.807
47,21.041,22.790
48,21.034,22.785
49,21.014,22.757
50,21.025,22.783
51,21.026,22.775
52,21.029,22.785
53,21.043,22.810
54,21.048,22.802
55,21.046,22.790
56,21.031,22.778
57,21.057,22.819
58,21.037,22.789
59,21.034,22.787
60,21.041,22.795
61,21.024,22.762
62,21.063,22.821
63,21.014,22.756
64,21.009,22.755
65,21.017,22.765
66,21.023,22.761
67,21.028,22.783
68,21.010,22.757
69,20.996,22.730
70,21.013,22.751
71,21.005,22.739
72,21.002,22.745
73,21.001,22.720
74,20.991,22.733
75,20.999,22.733
76,20.997,22.736
77,21.018,22.744
78,20.993,22.726
79,20.995,22.734
80,21.049,22.832
81,21.024,22.805
82,21.013,22.783
83,21.018,22.782
84,21.025,22.796
85,21.032,22.783
86,21.020,22.784
87,21.007,22.782
88,21.008,22.764
89,20.981,22.717
90,21.013,22.753
91,21.003,22.745
92,21.027,22.777
93,20.993,22.744
94,20.983,22.721
95,21.005,22.758
96,20.999,22.752
97,20.994,22.734
98,21.010,22.740
99,20.989,22.727
100,20.986,22.719
101,20.987,22.736
102,21.000,22.751
103,21.013,22.757
104,20.991,22.725
105,21.006,22.745
106,20.977,22.705
107,21.009,22.763
108,20.995,22.729
109,21.006,22.762
110,20.995,22.743
111,21.044,22.817
112,21.032,22.790
113,21.013,22.764
114,20.989,22.720
115,21.037,22.791
116,21.069,22.836
117,21.040,22.795
118,21.053,22.815
119,21.032,22.803
120,21.046,22.804
121,21.024,22.786
122,21.058,22.831
123,21.044,22.820
124,21.045,22.807
125,21.055,22.830
126,21.058,22.831
127,21.055,22.830
128,21.043,22.820
129,21.041,22.822
130,21.050,22.825
131,21.049,22.797
132,21.036,22.809
133,21.058,22.819
134,21.049,22.815
135,21.041,22.810
136,21.033,22.799
137,21.038,22.800
138,21.052,22.816
139,21.024,22.788
140,21.050,22.807
141,21.038,22.793
142,21.037,22.812
143,21.053,22.817
144,21.063,22.819
145,21.038,22.793
146,21.028,22.796
147,21.041,22.800
148,21.045,22.815
149,21.042,22.808
150,21.053,22.813
151,21.020,22.773
152,21.049,22.813
153,21.059,22.843
154,21.056,22.835
155,21.033,22.799
156,21.042,22.814
157,21.056,22.832
158,21.068,22.847
159,21.061,22.843
160,21.069,22.848
161,21.066,22.842
162,21.050,22.824
163,21.063,22.832
164,21.061,22.844
165,21.060,22.845
166,21.058,22.831
167,21.044,22.838
168,21.061,22.834
169,21.057,22.822
170,21.058,22.847
171,21.076,22.856
172,21.082,22.856
173,21.076,22.867
174,21.068,22.845
175,21.088,22.872
176,21.120,22.912
177,21.102,22.880
178,21.104,22.883
179,21.108,22.891
180,21.097,22.878
181,21.095,22.886
182,21.096,22.861
183,21.109,22.891
184,21.086,22.878
185,21.088,22.876
186,21.085,22.873
187,21.112,22.897
188,21.050,22.834
189,21.051,22.829
190,21.090,22.865
191,21.156,22.961
192,21.151,22.976
193,21.133,22.954
194,21.115,22.918
195,21.131,22.965
196,21.126,22.922
197,21.134,22.950
198,21.114,22.920
199,21.118,22.914
200,21.140,22.943
201,21.137,22.935
202,21.118,22.916
203,21.116,22.918
204,21.125,22.916
205,21.148,22.944
206,21.173,22.993
207,21.136,22.939
208,21.153,22.962
209,21.159,22.982
210,21.179,22.992
211,21.177,22.986
212,21.147,22.949
213,21.155,22.953
214,21.135,22.938
215,21.150,22.968
216,21.167,22.995
217,21.181,22.994
218,21.158,22.968
219,21.178,23.005
220,21.197,23.018
221,21.207,23.048
222,21.191,23.033
223,21.203,23.037
224,21.212,23.057
225,21.211,23.035
226,21.199,23.038
227,21.222,23.064
228,21.231,23.076
229,21.248,23.089
230,21.247,23.100
231,21.290,23.142
232,21.233,23.086
233,21.267,23.126
234,21.263,23.133
235,21.292,23.203
236,21.254,23.135
237,21.269,23.160
238,21.285,23.187
239,21.242,23.122
240,21.273,23.163
241,21.241,23.110
242,21.284,23.179
243,21.254,23.127
244,21.265,23.163
245,21.270,23.151
246,21.280,23.171
247,21.296,23.203
248,21.273,23.163
249,21.299,23.209
250,21.275,23.161
251,21.297,23.207
252,21.300,23.203
253,21.255,23.142
254,21.285,23.191
255,21.294,23.197
256,21.286,23.175
257,21.279,23.174
258,21.296,23.205
259,21.301,23.198
260,21.295,23.210
261,21.308,23.231
262,21.295,23.215
263,21.302,23.206
264,21.272,23.161
265,21.308,23.209
266,21.294,23.204
267,21.310,23.226
268,21.312,23.221
269,21.308,23.213
270,21.312,23.226
271,21.319,23.236
272,21.296,23.207
273,21.329,23.253
274,21.335,23.263
275,21.282,23.187
276,21.255,23.149
277,21.267,23.170
278,21.298,23.218
279,21.312,23.223
280,21.286,23.193
281,21.300,23.223
282,21.337,23.256
283,21.321,23.238
284,21.308,23.228
285,21.326,23.253
286,21.310,23.229
287,21.284,23.193
288,21.292,23.200
289,21.268,23.170
290,21.244,23.148
291,21.217,23.108
292,21.212,23.109
293,21.209,23.102
294,21.199,23.091
295,21.172,23.022
296,21.193,23.069
297,21.181,23.060
298,21.156,23.016
299,21.148,23.001
300,21.144,22.987
301,21.166,23.031
302,21.099,22.923
303,21.113,22.958
304,21.104,22.957
305,21.102,22.947
306,21.094,22.950
307,21.069,22.927
308,21.077,22.922
309,21.090,22.946
310,21.094,22.939
311,21.086,22.937
312,21.049,22.891
313,21.052,22.893
314,21.045,22.889
315,21.052,22.905
316,21.022,22.844
317,21.049,22.900
318,21.043,22.886
319,21.063,22.915
320,20.998,22.815
321,21.061,22.915
322,21.073,22.939
323,21.088,22.956
324,21.083,22.958
325,21.094,22.986
326,21.106,22.997
327,21.085,22.963
328,21.086,22.973
329,21.099,23.004
330,21.111,23.012
331,21.118,23.032
332,21.152,23.046
333,21.144,23.059
334,21.122,23.029
335,21.154,23.076
336,21.144,23.063
337,21.172,23.086
338,21.183,23.101
339,21.209,23.132
340,21.243,23.202
341,21.249,23.194
342,21.275,23.242
343,21.265,23.226
344,21.279,23.245
345,21.310,23.272
346,21.321,23.294
347,21.327,23.297
348,21.328,23.289
349,21.333,23.304
350,21.361,23.359
351,21.357,23.349
352,21.332,23.317
353,21.356,23.351
354,21.370,23.366
355,21.387,23.390
356,21.370,23.369
357,21.336,23.345
358,21.322,23.302
359,21.345,23.321
360,21.300,23.258
361,21.262,23.208
362,21.240,23.129
363,21.184,23.064
364,21.189,23.037
365,21.171,23.030
366,21.185,23.046
367,21.240,23.119
368,21.261,23.188
369,21.273,23.192
370,21.379,23.320
371,21.416,23.408
372,21.417,23.431
373,21.408,23.426
374,21.397,23.421
375,21.401,23.402
376,21.348,23.345
377,21.261,23.211
378,21.273,23.234
379,21.284,23.253
380,21.337,23.349
381,21.340,23.350
382,21.336,23.342
383,21.313,23.320
384,21.314,23.307
385,21.304,23.295
386,21.346,23.341
387,21.330,23.339
388,21.334,23.331
389,21.364,23.379
390,21.377,23.391
391,21.347,23.352
392,21.310,23.303
393,21.326,23.324
394,21.253,23.192
395,21.289,23.273
396,21.291,23.268
397,21.318,23.303
398,21.320,23.297
399,21.301,23.295
400,21.321,23.304
401,21.320,23.298
402,21.312,23.296
403,21.354,23.343
404,21.338,23.311
405,21.402,23.399
406,21.430,23.462
407,21.452,23.496
408,21.444,23.480
409,21.533,23.594
410,21.541,23.628
411,21.572,23.671
412,21.502,23.576
413,21.570,23.657
414,21.578,23.693
415,21.595,23.680
416,21.632,23.748
417,21.647,23.778
418,21.653,23.773
419,21.651,23.758
420,21.708,23.862
421,21.726,23.881
422,21.706,23.838
423,21.696,23.783
424,21.673,23.751
425,21.683,23.724
426,21.681,23.713
427,21.665,23.684
428,21.699,23.720
429,21.713,23.744
430,21.773,23.832
431,21.744,23.835
432,21.702,23.815
433,21.748,23.862
434,21.752,23.881
435,21.742,23.884
436,21.696,23.822
437,21.744,23.878
438,21.712,23.833
439,21.725,23.861
440,21.700,23.803
441,21.663,23.748
442,21.595,23.640
443,21.656,23.723
444,21.644,23.701
445,21.636,23.703
446,21.636,23.694
447,21.624,23.668
448,21.604,23.622
449,21.618,23.648
450,21.601,23.645
451,21.606,23.640
452,21.613,23.665
453,21.586,23.591
454,21.583,23.595
455,21.569,23.562
456,21.579,23.591
457,21.569,23.599
458,21.541,23.534
459,21.514,23.504
460,21.512,23.480
461,21.502,23.484
462,21.490,23.454
463,21.473,23.429
464,21.478,23.455
465,21.459,23.405
466,21.433,23.379
467,21.421,23.379
468,21.426,23.366
469,21.394,23.321
470,21.378,23.301
471,21.386,23.303
472,21.370,23.285
473,21.335,23.247
474,21.362,23.270
475,21.350,23.221
476,21.358,23.273
477,21.385,23.285
478,21.411,23.338
479,21.384,23.276
480,21.365,23.249
481,21.342,23.217
482,21.332,23.202
483,21.313,23.196
484,21.288,23.127
485,21.272,23.113
486,21.325,23.185
487,21.308,23.175
488,21.346,23.243
489,21.259,23.122
490,21.249,23.115
491,21.208,23.039
492,21.252,23.115
493,21.213,23.057
494,21.279,23.161
495,21.191,23.017
496,21.325,23.201
497,21.278,23.110
498,21.338,23.204
499,21.294,23.134
500,21.378,23.253
501,21.400,23.292
502,21.410,23.281
503,21.442,23.332
504,21.476,23.409
505,21.415,23.291
506,21.442,23.359
507,21.387,23.279
508,21.405,23.294
509,21.461,23.366
510,21.470,23.369
511,21.467,23.359
512,21.346,23.209
513,21.370,23.276
514,21.186,23.014
515,21.309,23.190
516,21.323,23.205
517,21.305,23.181
518,21.254,23.124
519,21.214,23.071
520,21.213,23.061
521,21.209,23.066
522,21.223,23.096
523,21.190,23.033
524,21.224,23.085
525,21.258,23.122
526,21.250,23.120
527,21.263,23.136
528,21.306,23.194
529,21.325,23.216
530,21.099,22.883
531,21.199,23.013
532,21.060,22.814
533,21.068,22.785
534,21.163,22.927
535,21.198,22.957
536,21.183,22.927
537,21.180,22.937
538,21.205,22.939
539,21.230,22.986
540,21.239,22.998
541,21.264,23.037
542,21.335,23.158
543,21.352,23.199
544,21.438,23.317
545,21.440,23.320
546,21.457,23.324
547,21.527,23.433
548,21.601,23.513
549,21.658,23.657
550,21.638,23.578
551,21.708,23.675
552,21.690,23.663
553,21.745,23.725
554,21.824,23.836
555,21.840,23.827
556,21.838,23.838
557,21.852,23.845
558,21.880,23.893
559,21.886,23.901
560,21.842,23.862
561,21.842,23.878
562,21.865,23.902
563,21.861,23.891
564,21.894,23.926
565,21.874,23.956
566,21.922,24.039
567,21.902,23.987
568,21.926,24.063
569,21.946,24.118
570,21.941,24.124
571,21.958,24.150
572,21.984,24.216
573,21.961,24.153
574,21.862,24.002
575,21.926,24.172
576,21.944,24.195
577,21.935,24.185
578,21.907,24.117
579,21.899,24.121
580,21.917,24.165
581,21.923,24.148
582,21.926,24.174
583,21.898,24.126
584,21.907,24.134
585,21.879,24.076
586,21.896,24.120
587,21.927,24.145
588,21.921,24.144
589,21.889,24.063
590,21.946,24.163
591,21.889,24.045
592,21.926,24.083
593,21.894,24.025
594,21.895,24.012
595,21.924,24.082
596,21.874,23.994
597,21.888,24.017
598,21.909,24.045
599,21.861,23.965
600,21.884,24.007
601,21.876,23.970
602,21.835,23.909
603,21.858,23.941
604,21.857,23.921
605,21.845,23.913
606,21.868,23.901
607,21.871,23.926
608,21.874,23.936
609,21.849,23.866
610,21.867,23.914
611,21.869,23.907
612,21.876,23.932
613,21.852,23.885
614,21.863,23.913
615,21.864,23.926
616,21.832,23.888
617,21.832,23.858
618,21.861,23.907
619,21.860,23.906
620,21.883,23.925
621,21.908,23.982
622,21.914,23.968
623,21.943,24.022
624,21.947,24.035
625,21.890,23.942
626,21.924,24.000
627,21.912,23.991
628,21.874,23.919
629,21.906,23.964
630,21.888,23.945
631,21.904,23.962
632,21.924,23.985
633,21.871,23.904
634,21.842,23.914
635,21.863,23.904
636,21.862,23.933
637,21.820,23.858
638,21.841,23.896
639,21.812,23.832
640,21.805,23.817
641,21.770,23.805
642,21.741,23.783
643,21.703,23.712
644,21.730,23.769
645,21.674,23.711
646,21.691,23.725
647,21.599,23.598
648,21.606,23.609
649,21.570,23.565
650,21.507,23.489
651,21.446,23.407
652,21.391,23.345
653,21.353,23.299
654,21.298,23.222
655,21.239,23.156
656,21.210,23.118
657,21.190,23.076
658,21.125,22.989
659,21.087,22.947
660,21.001,22.817
661,20.948,22.761
662,20.897,22.706
663,20.873,22.649
664,20.908,22.687
665,21.388,22.951
666,21.608,23.060
667,21.593,23.085
668,21.653,23.101
669,21.413,23.021
670,21.791,23.306
671,21.857,23.323
672,21.847,23.302
673,21.875,23.343
674,21.693,23.194
675,21.818,23.319
676,21.861,23.375
677,21.816,23.331
678,21.785,23.300
679,21.752,23.269
680,21.760,23.310
681,21.732,23.298
682,21.680,23.237
683,21.689,23.256
684,21.678,23.251
685,21.648,23.236
686,21.634,23.243
687,21.613,23.253
688,21.594,23.227
689,21.604,23.275
690,21.625,23.317
691,21.601,23.328
692,21.614,23.370
693,21.611,23.389
694,21.610,23.433
695,21.654,23.513
696,21.716,23.599
697,21.760,23.666
698,21.872,23.832
699,21.934,23.907
700,21.929,23.892
701,21.997,24.009
702,21.995,24.017
703,21.984,23.979
704,22.072,24.123
705,22.108,24.210
706,22.016,24.062
707,22.173,24.280
708,21.988,24.010
709,22.234,24.372
710,22.210,24.396
711,22.200,24.344
712,22.210,24.386
713,22.170,24.313
714,22.171,24.297
715,22.119,24.238
716,22.112,24.219
717,22.084,24.185
718,22.103,24.225
719,22.057,24.144
720,22.067,24.159
721,22.031,24.115
722,22.027,24.113
723,22.044,24.118
724,22.048,24.129
725,22.029,24.117
726,22.031,24.120
727,22.015,24.108
728,22.038,24.127
729,22.011,24.100
730,21.993,24.095
731,21.989,24.082
732,21.988,24.076
733,21.963,24.046
734,21.991,24.071
735,21.969,24.072
736,21.988,24.085
737,21.956,24.051
738,21.956,24.051
739,21.940,24.039
740,21.967,24.080
741,21.947,24.051
742,21.931,24.045
743,21.941,24.057
744,21.958,24.089
745,21.967,24.104
746,21.969,24.097
747,21.957,24.070
748,21.958,24.106
749,21.967,24.081
750,21.939,24.085
751,21.937,24.066
752,22.002,24.174
753,22.026,24.234
754,22.034,24.254
755,22.015,24.225
756,21.986,24.163
757,21.964,24.139
758,21.989,24.172
759,22.056,24.281
760,22.280,24.726
761,21.972,24.177
762,21.950,24.137
763,22.009,24.231
764,21.981,24.170
765,21.943,24.130
766,22.035,24.267
767,21.931,24.078
768,21.898,24.047
769,21.928,24.051
770,21.913,24.050
771,21.910,24.046
772,21.928,24.063
773,21.912,24.041
774,21.898,24.002
775,21.909,24.031
776,21.892,24.039
777,21.844,23.987
778,21.889,24.035
779,21.854,23.997
780,21.871,24.023
781,21.852,23.992
782,21.810,23.960
783,21.783,23.925
784,21.747,23.879
785,21.760,23.900
786,21.772,23.925
787,21.758,23.892
788,21.804,23.963
789,21.838,24.008
790,21.878,24.088
791,21.892,24.113
792,21.900,24.112
793,21.805,23.967
794,21.924,24.186
795,21.890,24.162
796,21.920,24.196
797,21.981,24.276
798,21.913,24.175
799,21.895,24.168
800,21.893,24.142
801,21.933,24.218
802,21.911,24.194
803,21.918,24.216
804,21.958,24.320
805,21.920,24.246
806,21.912,24.207
807,21.908,24.173
808,21.877,24.144
809,21.884,24.166
810,21.881,24.139
811,21.841,24.094
812,21.870,24.153
813,21.833,24.080
814,21.810,24.070
815,21.797,24.043
816,21.795,24.039
817,21.760,24.001
818,21.761,23.999
819,21.793,24.060
820,21.767,23.996
821,21.749,23.977
822,21.782,24.028
823,21.775,24.019
824,21.776,24.008
825,21.768,24.020
826,21.760,23.994
827,21.728,23.940
828,21.702,23.913
829,21.718,23.956
830,21.744,23.991
831,21.692,23.925
832,21.649,23.859
833,21.579,23.740
834,21.591,23.762
835,21.585,23.782
836,21.562,23.732
837,21.570,23.740
838,21.574,23.764
839,21.582,23.771
840,21.621,23.827
841,21.575,23.740
842,21.615,23.806
843,21.581,23.752
844,21.586,23.756
845,21.576,23.731
846,21.578,23.777
847,21.583,23.761
848,21.612,23.811
849,21.547,23.709
850,21.599,23.821
851,21.635,23.840
852,21.660,23.872
853,21.655,23.877
854,21.694,23.931
855,21.704,23.930
856,21.747,23.988
857,21.794,24.052
858,21.816,24.070
859,21.851,24.132
860,21.835,24.113
861,21.836,24.106
862,21.852,24.121
863,21.860,24.122
864,21.831,24.079
865,21.819,24.069
866,21.793,24.041
867,21.805,24.032
868,21.776,23.981
869,21.837,24.092
870,21.845,24.069
871,21.898,24.139
872,21.887,24.132
873,21.932,24.172
874,21.956,24.200
875,21.928,24.147
876,21.882,24.058
877,21.818,23.955
878,21.818,23.901
879,21.856,24.001
880,21.875,24.028
881,21.861,24.030
882,21.783,23.886
883,21.738,23.721
884,21.803,23.903
885,21.864,24.022
886,21.863,24.035
887,21.888,24.079
888,21.889,24.094
889,21.879,24.047
890,21.870,24.043
891,21.804,23.905
892,21.804,23.918
893,21.809,23.932
894,21.808,23.937
895,21.701,23.779
896,21.734,23.825
897,21.660,23.721
898,21.639,23.686
899,21.633,23.673
900,21.625,23.642
901,21.643,23.663
902,21.625,23.634
903,21.606,23.633
904,21.622,23.661
905,21.555,23.553
906,21.578,23.566
907,21.560,23.550
908,21.559,23.547
909,21.517,23.474
910,21.513,23.476
911,21.507,23.473
912,21.489,23.416
913,21.448,23.357
914,21.453,23.375
915,21.432,23.359
916,21.379,23.297
917,21.353,23.232
918,21.329,23.215
919,21.302,23.198
920,21.311,23.199
921,21.353,23.266
922,21.399,23.312
923,21.429,23.375
924,21.497,23.436
925,21.496,23.441
926,21.497,23.441
927,21.393,23.304
928,21.094,22.822
929,21.111,22.836
930,21.129,22.886
931,21.174,22.968
932,21.129,22.894
933,21.179,22.924
934,21.294,23.099
935,21.458,23.363
936,21.756,23.703
937,21.745,23.734
938,21.487,23.331
939,21.604,23.491
940,21.686,23.574
941,21.929,23.905
942,21.898,23.860
943,22.039,24.017
944,22.012,24.012
945,22.159,24.195
946,22.157,24.206
947,22.237,24.297
948,22.260,24.346
949,22.258,24.304
950,22.223,24.259
951,22.232,24.251
952,22.201,24.205
953,22.356,24.409
954,22.456,24.656
955,22.455,24.629
956,22.419,24.560
957,22.336,24.441
958,22.381,24.518
959,22.434,24.589
960,22.458,24.637
961,22.489,24.672
962,22.511,24.723
963,22.545,24.765
964,22.556,24.777
965,22.564,24.803
966,22.140,24.241
967,22.069,24.126
968,21.984,24.040
969,21.941,23.973
970,21.996,24.053
971,22.074,24.171
972,22.087,24.181
973,22.082,24.170
974,22.110,24.174
975,22.170,24.277
976,22.121,24.206
977,22.119,24.171
978,22.227,24.334
979,22.194,24.267
980,22.257,24.335
981,22.244,24.361
982,22.361,24.573
983,22.330,24.554
984,22.382,24.685
985,22.403,24.759
986,22.344,24.676
987,22.315,24.634
988,22.314,24.634
989,22.270,24.565
990,22.248,24.539
991,22.252,24.566
992,22.218,24.509
993,22.278,24.613
994,22.215,24.517
995,22.224,24.536
996,22.194,24.484
997,22.109,24.359
998,22.116,24.334
999,22.111,24.320
1000,22.127,24.339
1001,22.125,24.372
1002,22.070,24.275
1003,22.043,24.228
1004,22.016,24.164
1005,22.031,24.197
1006,22.045,24.216
1007,22.074,24.241
1008,22.072,24.213
1009,22.048,24.189
1010,22.034,24.164
1011,22.044,24.146
1012,22.087,24.230
1013,22.023,24.130
1014,21.994,24.107
1015,21.994,24.108
1016,21.991,24.106
1017,21.960,24.075
1018,21.934,24.027
1019,21.892,23.975
1020,21.841,23.881
1021,21.827,23.874
1022,21.803,23.826
1023,21.802,23.833
1024,21.787,23.809
1025,21.787,23.838
1026,21.769,23.792
1027,21.743,23.751
1028,21.751,23.763
1029,21.748,23.734
1030,21.746,23.738
1031,21.721,23.701
1032,21.731,23.712
1033,21.707,23.681
1034,21.739,23.724
1035,21.709,23.702
1036,21.745,23.763
1037,21.732,23.727
1038,21.752,23.750
1039,21.751,23.751
1040,21.699,23.652
1041,21.822,23.856
1042,21.805,23.844
1043,21.816,23.842
1044,21.881,23.918
1045,21.854,23.871
1046,21.865,23.875
1047,21.807,23.793
1048,21.846,23.859
1049,21.796,23.770
1050,21.778,23.757
1051,21.793,23.791
1052,21.740,23.720
1053,21.695,23.643
1054,21.718,23.696
1055,21.654,23.601
1056,21.645,23.607
1057,21.648,23.606
1058,21.676,23.636
1059,21.685,23.648
1060,21.678,23.635
1061,21.647,23.596
1062,21.671,23.621
1063,21.667,23.622
1064,21.683,23.632
1065,21.681,23.621
1066,21.681,23.613
1067,21.740,23.697
1068,21.781,23.742
1069,21.773,23.736
1070,21.779,23.734
1071,21.773,23.737
1072,21.784,23.721
1073,21.759,23.713
1074,21.764,23.716
1075,21.739,23.670
1076,21.740,23.667
1077,21.716,23.628
1078,21.724,23.645
1079,21.723,23.648
1080,21.737,23.669
1081,21.679,23.580
1082,21.673,23.565
1083,21.652,23.561
1084,21.651,23.542
1085,21.572,23.451
1086,21.629,23.536
1087,21.576,23.468
1088,21.598,23.495
1089,21.556,23.444
1090,21.581,23.467
1091,21.548,23.424
1092,21.525,23.405
1093,21.538,23.419
1094,21.571,23.478
1095,21.523,23.391
1096,21.471,23.328
1097,21.424,23.276
1098,21.385,23.228
1099,21.382,23.240
1100,21.415,23.279
1101,21.390,23.255
1102,21.404,23.278
1103,21.398,23.266
1104,21.486,23.372
1105,21.456,23.343
1106,21.441,23.300
1107,21.394,23.249
1108,21.188,22.926
1109,21.234,22.950
1110,21.387,23.156
1111,21.421,23.167
1112,21.450,23.197
1113,21.520,23.283
1114,21.613,23.396
1115,21.662,23.439
1116,21.692,23.500
1117,21.759,23.578
1118,21.709,23.538
1119,21.712,23.518
1120,21.775,23.628
1121,21.804,23.658
1122,21.859,23.741
1123,21.840,23.728
1124,21.814,23.725
1125,21.678,23.577
1126,21.788,23.750
1127,21.817,23.850
1128,21.734,23.787
1129,21.734,23.695
1130,21.762,23.734
1131,21.790,23.804
1132,21.802,23.886
1133,21.774,23.828
1134,21.801,23.901
1135,21.817,23.914
1136,21.813,23.913
1137,21.813,23.896
1138,21.850,23.968
1139,21.859,23.958
1140,21.875,24.014
1141,21.850,23.979
1142,21.902,24.053
1143,21.872,24.030
1144,21.834,23.953
1145,21.836,23.975
1146,21.816,23.926
1147,21.826,23.959
1148,21.860,24.017
1149,21.889,24.055
1150,21.859,24.009
1151,21.832,23.982
1152,21.794,23.905
1153,21.785,23.908
1154,21.828,23.964
1155,21.802,23.957
1156,21.783,23.905
1157,21.815,23.952
1158,21.827,23.941
1159,21.799,23.917
1160,21.799,23.909
1161,21.800,23.908
1162,21.794,23.913
1163,21.783,23.847
1164,21.785,23.866
1165,21.790,23.845
1166,21.795,23.871
1167,21.784,23.839
1168,21.766,23.808
1169,21.773,23.804
1170,21.757,23.758
1171,21.789,23.796
1172,21.773,23.783
1173,21.788,23.788
1174,21.810,23.816
1175,21.791,23.785
1176,21.799,23.824
1177,21.830,23.863
1178,21.810,23.815
1179,21.824,23.832
1180,21.806,23.803
1181,21.788,23.791
1182,21.815,23.799
1183,21.800,23.778
1184,21.794,23.781
1185,21.795,23.780
1186,21.784,23.750
1187,21.786,23.761
1188,21.785,23.766
1189,21.837,23.807
1190,21.853,23.828
1191,21.836,23.801
1192,21.834,23.791
1193,21.824,23.753
1194,21.814,23.754
1195,21.795,23.728
1196,21.811,23.756
1197,21.755,23.688
1198,21.707,23.639
1199,21.629,23.521
1200,21.586,23.475
1201,21.507,23.380
1202,21.460,23.326
1203,21.412,23.253
1204,21.376,23.223
1205,21.306,23.130
1206,21.265,23.106
1207,21.159,22.976
1208,21.114,22.935
1209,21.039,22.823
1210,21.024,22.827
1211,21.055,22.859
1212,21.053,22.861
1213,21.094,22.905
1214,21.091,22.896
1215,21.096,22.917
1216,21.120,22.927
1217,21.127,22.957
1218,21.039,22.832
1219,21.090,22.708
1220,21.122,22.743
1221,21.134,22.755
1222,21.157,22.795
1223,21.193,22.869
1224,21.245,22.932
1225,21.332,23.066
1226,21.434,23.217
1227,21.568,23.402
1228,21.722,23.600
1229,21.670,23.496
1230,21.682,23.519
1231,21.711,23.563
1232,21.714,23.582
1233,21.761,23.632
1234,21.755,23.673
1235,21.786,23.729
1236,21.862,23.872
1237,21.950,24.045
1238,21.976,24.084
1239,21.979,24.094
1240,21.985,24.118
1241,22.018,24.149
1242,21.846,23.892
1243,21.998,24.088
1244,21.980,24.121
1245,22.005,24.149
1246,21.975,24.088
1247,21.957,24.111
1248,21.956,24.108
1249,21.997,24.159
1250,22.055,24.220
1251,22.030,24.195
1252,22.061,24.249
1253,22.043,24.220
1254,22.075,24.278
1255,22.106,24.316
1256,22.138,24.368
1257,22.117,24.302
1258,22.107,24.308
1259,22.138,24.341
1260,22.137,24.382
1261,22.115,24.333
1262,22.084,24.292
1263,22.040,24.243
1264,22.028,24.190
1265,22.012,24.191
1266,21.974,24.140
1267,21.936,24.100
1268,21.914,24.074
1269,21.863,23.996
1270,21.838,23.952
1271,21.815,23.933
1272,21.751,23.844
1273,21.787,23.879
1274,21.747,23.841
1275,21.691,23.770
1276,21.699,23.754
1277,21.629,23.671
1278,21.617,23.675
1279,21.630,23.681
1280,21.584,23.610
1281,21.566,23.600
1282,21.601,23.648
1283,21.642,23.714
1284,21.652,23.746
1285,21.673,23.747
1286,21.645,23.713
1287,21.671,23.745
1288,21.724,23.806
1289,21.781,23.891
1290,21.875,23.981
1291,21.816,23.911
1292,21.902,23.902
1293,21.968,23.973
1294,21.985,24.003
1295,21.983,24.000
1296,21.995,24.013
1297,21.994,24.013
1298,21.979,23.994
1299,21.946,24.025
1300,21.933,24.043
1301,21.925,24.056
1302,21.911,24.028
1303,21.905,24.027
1304,21.870,23.994
1305,21.828,23.947
1306,21.835,23.940
1307,21.818,23.917
1308,21.779,23.890
1309,21.777,23.846
1310,21.762,23.844
1311,21.730,23.791
1312,21.697,23.760
1313,21.677,23.721
1314,21.655,23.681
1315,21.618,23.640
1316,21.608,23.630
1317,21.570,23.567
1318,21.529,23.505
1319,21.506,23.472
1320,21.458,23.414
1321,21.375,23.314
1322,21.371,23.318
1323,21.353,23.291
1324,21.347,23.303
1325,21.311,23.232
1326,21.317,23.287
1327,21.324,23.286
1328,21.379,23.350
1329,21.463,23.460
1330,21.521,23.522
1331,21.478,23.473
1332,21.294,23.167
1333,21.259,23.081
1334,21.243,23.054
1335,21.278,23.097
1336,21.336,23.152
1337,21.369,23.190
1338,21.473,23.327
1339,21.545,23.422
1340,21.826,23.797
1341,21.605,23.518
1342,21.503,23.369
1343,21.383,23.209
1344,21.391,23.244
1345,21.305,23.150
1346,21.342,23.213
1347,21.321,23.179
1348,21.314,23.164
1349,21.502,23.426
1350,21.934,24.031
1351,21.865,23.934
1352,21.469,23.394
1353,21.476,23.413
1354,21.448,23.355
1355,21.415,23.313
1356,21.478,23.399
1357,21.383,23.276
1358,21.337,23.237
1359,21.375,23.292
1360,21.342,23.237
1361,21.354,23.263
1362,21.336,23.227
1363,21.320,23.217
1364,21.372,23.286
1365,21.381,23.303
1366,21.412,23.361
1367,21.437,23.353
1368,21.502,23.425
1369,21.544,23.489
1370,21.656,23.635
1371,21.786,23.837
1372,21.672,23.658
1373,21.706,23.705
1374,21.740,23.745
1375,21.800,23.818
1376,21.859,23.896
1377,21.913,23.964
1378,21.971,24.022
1379,21.907,23.970
1380,22.062,24.170
1381,21.979,24.046
1382,22.025,24.117
1383,22.032,24.149
1384,22.086,24.205
1385,22.137,24.257
1386,22.121,24.285
1387,22.168,24.355
1388,22.193,24.364
1389,22.238,24.459
1390,22.206,24.405
1391,22.157,24.357
1392,22.154,24.294
1393,22.209,24.371
1394,22.249,24.405
1395,22.201,24.469
1396,22.208,24.551
1397,22.212,24.583
1398,22.187,24.556
1399,22.178,24.530
1400,22.176,24.529
1401,22.224,24.587
1402,22.220,24.598
1403,22.163,24.504
1404,22.217,24.553
1405,22.186,24.493
1406,22.114,24.392
1407,22.102,24.343
1408,22.117,24.361
1409,22.071,24.328
1410,22.057,24.292
1411,22.097,24.351
1412,22.053,24.258
1413,21.978,24.161
1414,21.998,24.179
1415,21.932,24.070
1416,21.926,24.044
1417,21.942,24.056
1418,21.909,24.008
1419,21.899,23.986
1420,21.883,23.954
1421,21.894,23.937
1422,21.777,23.806
1423,21.819,23.881
1424,21.820,23.876
1425,21.806,23.842
1426,21.774,23.797
1427,21.739,23.747
1428,21.723,23.731
1429,21.694,23.702
1430,21.670,23.670
1431,21.632,23.612
1432,21.540,23.489
1433,21.508,23.486
1434,21.509,23.505
1435,21.456,23.434
1436,21.455,23.436
1437,21.384,23.326
1438,21.342,23.299
1439,21.299,23.244
1440,21.300,23.243
1441,21.284,23.257
1442,21.277,23.242
1443,21.165,23.085
1444,21.115,23.025
1445,21.115,23.040
1446,21.140,23.071
1447,21.162,23.101
1448,21.201,23.158
1449,21.121,22.906
1450,21.315,23.238
1451,21.302,23.243
1452,21.191,23.026
1453,21.414,23.199
1454,21.245,22.969
1455,21.264,22.995
1456,21.251,22.950
1457,21.262,22.955
1458,21.251,22.938
1459,21.265,22.972
1460,21.284,22.988
1461,21.301,23.013
1462,21.311,23.018
1463,21.337,23.045
1464,21.383,23.095
1465,21.437,23.158
1466,21.408,23.075
1467,21.492,23.180
1468,21.534,23.228
1469,21.567,23.272
1470,21.633,23.364
1471,21.616,23.333
1472,21.605,23.345
1473,21.605,23.343
1474,21.649,23.389
1475,21.731,23.511
1476,21.790,23.576
1477,21.888,23.715
1478,21.937,23.795
1479,22.020,23.887
1480,22.153,24.068
1481,22.284,24.270
1482,22.237,24.183
1483,22.246,24.179
1484,22.131,24.027
1485,22.154,24.065
1486,22.019,23.889
1487,22.046,23.937
1488,21.867,23.682
1489,21.837,23.632
1490,21.743,23.508
1491,21.872,23.727
1492,21.950,23.860
1493,22.066,24.042
1494,22.027,24.015
1495,21.999,23.961
1496,21.823,23.665
1497,21.714,23.576
1498,21.694,23.455
1499,21.683,23.423
1500,21.730,23.419
1501,21.792,23.490
1502,21.679,23.357
1503,21.713,23.419
1504,21.650,23.331
1505,21.642,23.304
1506,21.613,23.287
1507,21.508,23.148
1508,21.479,23.109
1509,21.474,23.082
1510,21.487,23.087
1511,21.504,23.125
1512,21.412,23.043
1513,21.389,23.004
1514,21.290,22.962
1515,21.434,23.056
1516,21.254,22.960
1517,21.375,23.045
1518,21.496,23.161
1519,21.519,23.152
1520,21.480,23.108
1521,21.538,23.196
1522,21.578,23.280
1523,21.601,23.320
1524,21.640,23.392
1525,21.653,23.414
1526,21.692,23.496
1527,21.744,23.585
1528,21.772,23.642
1529,21.770,23.641
1530,21.788,23.671
1531,21.800,23.694
1532,21.821,23.728
1533,21.790,23.694
1534,21.790,23.692
1535,21.816,23.722
1536,21.847,23.812
1537,21.886,23.889
1538,21.886,23.863
1539,21.866,23.851
1540,21.834,23.800
1541,21.807,23.762
1542,21.826,23.795
1543,21.747,23.696
1544,21.737,23.687
1545,21.687,23.607
1546,21.666,23.582
1547,21.646,23.562
1548,21.626,23.534
1549,21.606,23.523
1550,21.556,23.462
1551,21.581,23.496
1552,21.535,23.415
1553,21.508,23.393
1554,21.465,23.357
1555,21.483,23.395
1556,21.450,23.305
1557,21.498,23.408
1558,21.479,23.411
1559,21.483,23.410
1560,21.467,23.401
1561,21.482,23.434
1562,21.503,23.438
1563,21.543,23.507
1564,21.578,23.545
1565,21.590,23.563
1566,21.578,23.562
1567,21.584,23.580
1568,21.592,23.572
1569,21.576,23.558
1570,21.549,23.497
1571,21.611,23.614
1572,21.633,23.651
1573,21.629,23.636
1574,21.607,23.622
1575,21.599,23.625
1576,21.581,23.545
1577,21.569,23.549
1578,21.557,23.525
1579,21.576,23.549
1580,21.557,23.547
1581,21.515,23.450
1582,21.535,23.482
1583,21.530,23.488
1584,21.518,23.479
1585,21.574,23.550
1586,21.538,23.472
1587,21.575,23.531
1588,21.564,23.528
1589,21.582,23.544
1590,21.590,23.560
1591,21.571,23.513
1592,21.637,23.630
1593,21.652,23.635
1594,21.666,23.658
1595,21.627,23.577
1596,21.626,23.625
1597,21.650,23.632
1598,21.650,23.642
1599,21.657,23.652
1600,21.615,23.572
1601,21.642,23.631
1602,21.650,23.649
1603,21.698,23.724
1604,21.660,23.644
1605,21.662,23.652
1606,21.643,23.623
1607,21.621,23.603
1608,21.639,23.618
1609,21.641,23.620
1610,21.647,23.617
1611,21.654,23.624
1612,21.636,23.601
1613,21.660,23.640
1614,21.663,23.639
1615,21.650,23.645
1616,21.633,23.577
1617,21.671,23.629
1618,21.650,23.581
1619,21.664,23.627
1620,21.634,23.579
1621,21.647,23.593
1622,21.686,23.654
1623,21.693,23.664
1624,21.695,23.674
1625,21.667,23.638
1626,21.696,23.662
1627,21.685,23.635
1628,21.667,23.618
1629,21.632,23.545
1630,21.670,23.616
1631,21.698,23.647
1632,21.714,23.654
1633,21.653,23.581
1634,21.714,23.661
1635,21.713,23.644
1636,21.694,23.650
1637,21.700,23.635
1638,21.732,23.693
1639,21.690,23.631
1640,21.695,23.639
1641,21.714,23.657
1642,21.736,23.678
1643,21.753,23.684
1644,21.820,23.806
1645,21.756,23.695
1646,21.819,23.790
1647,21.794,23.742
1648,21.840,23.814
1649,21.873,23.856
1650,21.866,23.847
1651,21.818,23.776
1652,21.824,23.797
1653,21.807,23.760
1654,21.831,23.822
1655,21.794,23.730
1656,21.816,23.766
1657,21.842,23.815
1658,21.805,23.753
1659,21.812,23.772
1660,21.806,23.777
1661,21.771,23.708
1662,21.789,23.740
1663,21.798,23.785
1664,21.816,23.798
1665,21.804,23.778
1666,21.794,23.743
1667,21.775,23.742
1668,21.767,23.707
1669,21.771,23.739
1670,21.729,23.653
1671,21.717,23.655
1672,21.702,23.625
1673,21.686,23.592
1674,21.655,23.570
1675,21.667,23.574
1676,21.677,23.619
1677,21.665,23.589
1678,21.660,23.565
1679,21.616,23.527
1680,21.604,23.516
1681,21.610,23.517
1682,21.592,23.500
1683,21.540,23.420
1684,21.522,23.406
1685,21.501,23.379
1686,21.483,23.349
1687,21.445,23.288
1688,21.427,23.283
1689,21.389,23.221
1690,21.397,23.248
1691,21.381,23.229
1692,21.336,23.160
1693,21.361,23.197
1694,21.364,23.201
1695,21.391,23.251
1696,21.410,23.270
1697,21.394,23.247
1698,21.386,23.244
1699,21.351,23.191
1700,21.316,23.154
1701,21.338,23.170
1702,21.322,23.150
1703,21.404,23.272
1704,21.400,23.259
1705,21.397,23.254
1706,21.440,23.311
1707,21.490,23.388
1708,21.532,23.422
1709,21.565,23.478
1710,21.545,23.445
1711,21.576,23.486
1712,21.613,23.545
1713,21.685,23.623
1714,21.706,23.627
1715,21.692,23.635
1716,21.767,23.729
1717,21.776,23.751
1718,21.776,23.756
1719,21.772,23.747
1720,21.794,23.793
1721,21.781,23.791
1722,21.806,23.830
1723,21.832,23.871
1724,21.830,23.852
1725,21.831,23.884
1726,21.836,23.901
1727,21.837,23.893
1728,21.873,23.942
1729,21.830,23.876
1730,21.884,23.981
1731,21.893,23.964
1732,21.889,23.959
1733,21.842,23.895
1734,21.850,23.916
1735,21.866,23.942
1736,21.851,23.928
1737,21.828,23.905
1738,21.850,23.906
1739,21.842,23.889
1740,21.843,23.876
1741,21.854,23.898
1742,21.851,23.891
1743,21.852,23.888
1744,21.861,23.910
1745,21.865,23.921
1746,21.866,23.902
1747,21.849,23.881
1748,21.851,23.888
1749,21.875,23.899
1750,21.878,23.894
1751,21.895,23.929
1752,21.881,23.919
1753,21.884,23.904
1754,21.931,23.969
1755,21.929,23.957
1756,21.922,23.907
1757,21.968,23.983
1758,21.942,23.965
1759,21.972,23.975
1760,21.918,23.927
1761,21.935,23.948
1762,21.950,23.987
1763,21.976,24.031
1764,21.974,24.001
1765,21.996,24.040
1766,21.982,24.000
1767,21.951,23.960
1768,21.936,23.969
1769,21.927,23.960
1770,21.905,23.928
1771,21.912,23.946
1772,21.896,23.892
1773,21.908,23.946
1774,21.892,23.907
1775,21.889,23.892
1776,21.843,23.828
1777,21.827,23.825
1778,21.768,23.696
1779,21.795,23.749
1780,21.766,23.734
1781,21.719,23.662
1782,21.713,23.682
1783,21.714,23.689
1784,21.698,23.674
1785,21.696,23.706
1786,21.717,23.729
1787,21.711,23.732
1788,21.660,23.677
1789,21.733,23.779
1790,21.717,23.789
1791,21.743,23.851
1792,21.709,23.794
1793,21.727,23.830
1794,21.725,23.840
1795,21.726,23.861
1796,21.719,23.851
1797,21.665,23.779
1798,21.691,23.814
1799,21.719,23.872
1800,21.675,23.805
1801,21.683,23.816
1802,21.665,23.810
1803,21.680,23.836
1804,21.693,23.847
1805,21.711,23.866
1806,21.717,23.860
1807,21.759,23.927
1808,21.771,23.940
1809,21.739,23.901
1810,21.747,23.911
1811,21.727,23.911
1812,21.695,23.852
1813,21.706,23.881
1814,21.698,23.875
1815,21.697,23.864
1816,21.661,23.811
1817,21.606,23.676
1818,21.669,23.799
1819,21.652,23.776
1820,21.652,23.783
1821,21.706,23.854
1822,21.667,23.785
1823,21.610,23.698
1824,21.624,23.709
1825,21.609,23.658
1826,21.598,23.628
1827,21.586,23.607
1828,21.612,23.627
1829,21.575,23.577
1830,21.604,23.604
1831,21.582,23.581
1832,21.583,23.557
1833,21.568,23.543
1834,21.578,23.534
1835,21.154,23.001
1836,20.846,22.513
1837,21.031,22.727
1838,21.297,23.120
1839,20.936,22.619
1840,20.930,22.580
