0,15.614,19.523
1,15.623,19.547
2,15.609,19.487
3,15.589,19.450
4,15.580,19.448
5,15.609,19.495
6,15.598,19.478
7,15.591,19.421
8,15.602,19.453
9,15.583,19.441
10,15.587,19.436
11,15.594,19.441
12,15.564,19.367
13,15.579,19.420
14,15.579,19.404
15,15.596,19.435
16,15.569,19.406
17,15.542,19.330
18,15.589,19.396
19,15.551,19.348
20,15.569,19.381
21,15.574,19.405
22,15.574,19.386
23,15.565,19.364
24,15.540,19.303
25,15.542,19.367
26,15.545,19.349
27,15.519,19.269
28,15.487,19.217
29,15.487,19.225
30,15.514,19.261
31,15.511,19.264
32,15.507,19.261
33,15.499,19.227
34,15.525,19.285
35,15.521,19.272
36,15.491,19.210
37,15.514,19.257
38,15.486,19.217
39,15.514,19.268
40,15.512,19.259
41,15.526,19.275
42,15.531,19.263
43,15.506,19.246
44,15.523,19.299
45,15.522,19.303
46,15.512,19.254
47,15.485,19.186
48,15.501,19.250
49,15.479,19.195
50,15.486,19.194
51,15.467,19.147
52,15.483,19.166
53,15.482,19.183
54,15.478,19.165
55,15.486,19.179
56,15.477,19.153
57,15.489,19.187
58,15.472,19.139
59,15.468,19.157
60,15.498,19.219
61,15.505,19.250
62,15.500,19.217
63,15.482,19.187
64,15.487,19.178
65,15.515,19.275
66,15.499,19.202
67,15.499,19.210
68,15.494,19.214
69,15.531,19.279
70,15.501,19.242
71,15.554,19.321
72,15.538,19.286
73,15.541,19.286
74,15.562,19.328
75,15.549,19.313
76,15.569,19.362
77,15.556,19.331
78,15.568,19.358
79,15.586,19.389
80,15.560,19.334
81,15.561,19.341
82,15.561,19.318
83,15.555,19.342
84,15.569,19.339
85,15.572,19.337
86,15.597,19.410
87,15.581,19.370
88,15.599,19.389
89,15.597,19.394
90,15.589,19.392
91,15.590,19.384
92,15.596,19.385
93,15.600,19.400
94,15.592,19.400
95,15.641,19.500
96,15.624,19.482
97,15.612,19.469
98,15.607,19.484
99,15.597,19.458
100,15.591,19.462
101,15.591,19.472
102,15.596,19.470
103,15.595,19.465
104,15.572,19.435
105,15.590,19.460
106,15.579,19.426
107,15.603,19.463
108,15.616,19.480
109,15.631,19.505
110,15.578,19.425
111,15.608,19.437
112,15.624,19.475
113,15.602,19.432
114,15.652,19.586
115,15.615,19.493
116,15.654,19.605
117,15.599,19.457
118,15.592,19.453
119,15.593,19.456
120,15.554,19.365
121,15.533,19.349
122,15.574,19.408
123,15.653,19.588
124,15.633,19.515
125,15.572,19.342
126,15.615,19.427
127,15.628,19.431
128,15.607,19.379
129,15.621,19.400
130,15.597,19.342
131,15.603,19.358
132,15.613,19.349
133,15.620,19.362
134,15.628,19.367
135,15.618,19.331
136,15.612,19.314
137,15.633,19.369
138,15.678,19.484
139,15.614,19.337
140,15.626,19.352
141,15.643,19.401
142,15.622,19.346
143,15.609,19.334
144,15.644,19.398
145,15.636,19.391
146,15.690,19.515
147,15.649,19.415
148,15.626,19.392
149,15.654,19.421
150,15.646,19.407
151,15.646,19.387
152,15.686,19.484
153,15.660,19.451
154,15.644,19.409
155,15.648,19.428
156,15.652,19.424
157,15.615,19.332
158,15.627,19.389
159,15.589,19.273
160,15.614,19.340
161,15.619,19.383
162,15.634,19.406
163,15.658,19.444
164,15.621,19.384
165,15.629,19.396
166,15.627,19.404
167,15.665,19.469
168,15.658,19.475
169,15.689,19.496
170,15.648,19.411
171,15.656,19.428
172,15.665,19.425
173,15.652,19.424
174,15.651,19.395
175,15.663,19.439
176,15.646,19.411
177,15.659,19.462
178,15.641,19.403
179,15.611,19.370
180,15.640,19.421
181,15.657,19.454
182,15.656,19.456
183,15.648,19.438
184,15.652,19.448
185,15.661,19.470
186,15.620,19.396
187,15.655,19.469
188,15.616,19.383
189,15.611,19.362
190,15.616,19.389
191,15.633,19.455
192,15.640,19.453
193,15.635,19.443
194,15.634,19.452
195,15.674,19.527
196,15.622,19.415
197,15.643,19.465
198,15.639,19.467
199,15.666,19.535
200,15.624,19.453
201,15.656,19.511
202,15.664,19.542
203,15.644,19.480
204,15.667,19.528
205,15.648,19.507
206,15.648,19.509
207,15.677,19.554
208,15.671,19.583
209,15.663,19.539
210,15.646,19.512
211,15.635,19.501
212,15.660,19.527
213,15.661,19.567
214,15.644,19.503
215,15.625,19.478
216,15.645,19.526
217,15.635,19.508
218,15.646,19.532
219,15.636,19.534
220,15.629,19.502
221,15.622,19.511
222,15.635,19.500
223,15.656,19.553
224,15.641,19.529
225,15.636,19.519
226,15.631,19.498
227,15.677,19.568
228,15.648,19.535
229,15.660,19.579
230,15.640,19.522
231,15.662,19.569
232,15.610,19.471
233,15.622,19.516
234,15.624,19.550
235,15.618,19.502
236,15.626,19.523
237,15.624,19.533
238,15.583,19.420
239,15.597,19.458
240,15.642,19.566
241,15.618,19.522
242,15.588,19.433
243,15.596,19.469
244,15.595,19.468
245,15.572,19.408
246,15.584,19.429
247,15.584,19.465
248,15.624,19.537
249,15.587,19.424
250,15.564,19.385
251,15.591,19.441
252,15.577,19.416
253,15.566,19.420
254,15.576,19.426
255,15.582,19.453
256,15.611,19.548
257,15.563,19.429
258,15.599,19.506
259,15.577,19.462
260,15.577,19.468
261,15.586,19.468
262,15.542,19.358
263,15.585,19.476
264,15.579,19.451
265,15.525,19.326
266,15.518,19.319
267,15.539,19.360
268,15.531,19.336
269,15.535,19.343
270,15.541,19.366
271,15.557,19.408
272,15.555,19.386
273,15.553,19.401
274,15.521,19.323
275,15.553,19.381
276,15.535,19.342
277,15.538,19.361
278,15.534,19.342
279,15.555,19.399
280,15.581,19.438
281,15.546,19.360
282,15.548,19.368
283,15.558,19.379
284,15.553,19.373
285,15.542,19.351
286,15.566,19.407
287,15.557,19.401
288,15.534,19.354
289,15.567,19.416
290,15.560,19.412
291,15.565,19.393
292,15.565,19.399
293,15.582,19.452
294,15.571,19.407
295,15.539,19.339
296,15.552,19.375
297,15.559,19.387
298,15.596,19.471
299,15.570,19.378
300,15.572,19.391
301,15.553,19.362
302,15.573,19.403
303,15.558,19.362
304,15.571,19.415
305,15.555,19.404
306,15.566,19.395
307,15.546,19.331
308,15.558,19.403
309,15.550,19.364
310,15.533,19.330
311,15.514,19.272
312,15.514,19.285
313,15.522,19.280
314,15.540,19.332
315,15.577,19.452
316,15.552,19.343
317,15.547,19.328
318,15.566,19.386
319,15.534,19.304
320,15.578,19.416
321,15.593,19.423
322,15.578,19.423
323,15.562,19.362
324,15.562,19.365
325,15.551,19.348
326,15.584,19.394
327,15.596,19.413
328,15.594,19.416
329,15.587,19.398
330,15.580,19.378
331,15.600,19.356
332,15.587,19.335
333,15.596,19.344
334,15.597,19.366
335,15.602,19.371
336,15.589,19.315
337,15.584,19.366
338,15.601,19.368
339,15.604,19.382
340,15.589,19.332
341,15.619,19.394
342,15.618,19.390
343,15.633,19.383
344,15.626,19.405
345,15.619,19.386
346,15.601,19.323
347,15.621,19.368
348,15.616,19.371
349,15.637,19.379
350,15.644,19.393
351,15.639,19.374
352,15.661,19.398
353,15.669,19.411
354,15.678,19.411
355,15.683,19.402
356,15.668,19.366
357,15.690,19.382
358,15.656,19.334
359,15.691,19.390
360,15.683,19.350
361,15.701,19.363
362,15.706,19.371
363,15.732,19.414
364,15.709,19.370
365,15.723,19.374
366,15.720,19.348
367,15.717,19.373
368,15.719,19.381
369,15.730,19.407
370,15.718,19.397
371,15.700,19.354
372,15.679,19.335
373,15.679,19.335
374,15.692,19.358
375,15.677,19.298
376,15.683,19.329
377,15.653,19.277
378,15.657,19.286
379,15.661,19.276
380,15.666,19.312
381,15.694,19.331
382,15.663,19.293
383,15.654,19.275
384,15.649,19.249
385,15.702,19.348
386,15.684,19.304
387,15.661,19.279
388,15.688,19.310
389,15.693,19.303
390,15.709,19.336
391,15.677,19.276
392,15.706,19.344
393,15.688,19.292
394,15.677,19.255
395,15.687,19.269
396,15.696,19.259
397,15.680,19.227
398,15.716,19.283
399,15.711,19.267
400,15.704,19.270
401,15.718,19.274
402,15.735,19.296
403,15.717,19.250
404,15.699,19.229
405,15.740,19.286
406,15.742,19.296
407,15.758,19.296
408,15.753,19.307
409,15.741,19.263
410,15.766,19.303
411,15.761,19.308
412,15.763,19.277
413,15.784,19.328
414,15.756,19.266
415,15.764,19.284
416,15.764,19.272
417,15.795,19.315
418,15.769,19.250
419,15.779,19.266
420,15.817,19.352
421,15.782,19.275
422,15.806,19.325
423,15.807,19.327
424,15.826,19.372
425,15.813,19.313
426,15.810,19.335
427,15.838,19.427
428,15.839,19.442
429,15.836,19.393
430,15.835,19.424
431,15.853,19.484
432,15.828,19.457
433,15.816,19.454
434,15.825,19.486
435,15.830,19.521
436,15.798,19.488
437,15.808,19.548
438,15.814,19.563
439,15.797,19.548
440,15.774,19.522
441,15.761,19.543
442,15.776,19.605
443,15.747,19.584
444,15.751,19.604
445,15.726,19.575
446,15.721,19.583
447,15.697,19.542
448,15.699,19.547
449,15.661,19.492
450,15.639,19.457
451,15.674,19.461
452,15.672,19.501
453,15.663,19.450
454,15.668,19.449
455,15.668,19.443
456,15.677,19.440
457,15.654,19.426
458,15.657,19.419
459,15.670,19.440
460,15.682,19.426
461,15.658,19.388
462,15.646,19.333
463,15.651,19.377
464,15.653,19.378
465,15.663,19.399
466,15.669,19.386
467,15.704,19.459
468,15.713,19.400
469,15.747,19.420
470,15.770,19.421
471,15.785,19.399
472,15.790,19.413
473,15.803,19.401
474,15.817,19.404
475,15.805,19.388
476,15.785,19.344
477,15.776,19.316
478,15.768,19.295
479,15.770,19.315
480,15.764,19.304
481,15.734,19.258
482,15.737,19.270
483,15.748,19.300
484,15.752,19.282
485,15.766,19.301
486,15.801,19.366
487,15.793,19.342
488,15.790,19.333
489,15.786,19.342
490,15.797,19.351
491,15.806,19.333
492,15.770,19.268
493,15.807,19.345
494,15.793,19.298
495,15.813,19.317
496,15.777,19.277
497,15.798,19.285
498,15.777,19.230
499,15.797,19.247
500,15.823,19.339
501,15.809,19.280
502,15.805,19.258
503,15.799,19.261
504,15.818,19.293
505,15.827,19.287
506,15.822,19.280
507,15.803,19.247
508,15.815,19.245
509,15.801,19.232
510,15.846,19.309
511,15.862,19.344
512,15.837,19.289
513,15.801,19.227
514,15.819,19.272
515,15.825,19.293
516,15.790,19.255
517,15.767,19.207
518,15.787,19.285
519,15.768,19.245
520,15.758,19.222
521,15.748,19.234
522,15.777,19.305
523,15.769,19.342
524,15.756,19.334
525,15.743,19.315
526,15.738,19.332
527,15.746,19.334
528,15.721,19.305
529,15.717,19.304
530,15.693,19.294
531,15.709,19.336
532,15.700,19.337
533,15.711,19.368
534,15.699,19.355
535,15.680,19.327
536,15.675,19.347
537,15.665,19.332
538,15.672,19.356
539,15.645,19.331
540,15.673,19.379
541,15.639,19.313
542,15.646,19.336
543,15.623,19.297
544,15.632,19.325
545,15.633,19.316
546,15.598,19.271
547,15.630,19.325
548,15.613,19.289
549,15.608,19.264
550,15.618,19.297
551,15.607,19.281
552,15.625,19.317
553,15.611,19.313
554,15.623,19.325
555,15.622,19.312
556,15.643,19.323
557,15.654,19.333
558,15.659,19.364
559,15.656,19.321
560,15.677,19.370
561,15.689,19.364
562,15.686,19.354
563,15.683,19.372
564,15.692,19.370
565,15.710,19.376
566,15.689,19.318
567,15.708,19.329
568,15.749,19.406
569,15.763,19.401
570,15.754,19.371
571,15.762,19.385
572,15.772,19.404
573,15.770,19.405
574,15.773,19.403
575,15.785,19.430
576,15.800,19.474
577,15.801,19.470
578,15.826,19.505
579,15.822,19.466
580,15.854,19.504
581,15.860,19.484
582,15.871,19.495
583,15.895,19.521
584,15.933,19.551
585,15.934,19.518
586,15.960,19.583
587,15.940,19.551
588,15.935,19.514
589,15.910,19.506
590,15.909,19.509
591,15.948,19.558
592,15.923,19.497
593,15.902,19.459
594,15.914,19.490
595,15.900,19.457
596,15.883,19.405
597,15.897,19.438
598,15.861,19.381
599,15.851,19.343
600,15.850,19.349
601,15.833,19.310
602,15.815,19.266
603,15.813,19.257
604,15.832,19.291
605,15.816,19.246
606,15.809,19.243
607,15.831,19.282
608,15.821,19.254
609,15.836,19.246
610,15.820,19.266
611,15.846,19.302
612,15.815,19.231
613,15.842,19.291
614,15.835,19.246
615,15.838,19.286
616,15.824,19.259
617,15.824,19.287
618,15.823,19.257
619,15.812,19.297
620,15.838,19.321
621,15.830,19.340
622,15.807,19.315
623,15.816,19.343
624,15.791,19.338
625,15.769,19.283
626,15.754,19.312
627,15.769,19.327
628,15.732,19.297
629,15.736,19.305
630,15.726,19.298
631,15.723,19.295
632,15.704,19.292
633,15.704,19.291
634,15.683,19.265
635,15.696,19.296
636,15.663,19.241
637,15.691,19.295
638,15.680,19.271
639,15.659,19.238
640,15.670,19.276
641,15.673,19.285
642,15.665,19.288
643,15.656,19.260
644,15.647,19.263
645,15.655,19.295
646,15.645,19.284
647,15.642,19.284
648,15.629,19.245
649,15.640,19.264
650,15.635,19.286
651,15.646,19.295
652,15.631,19.268
653,15.624,19.263
654,15.621,19.242
655,15.613,19.248
656,15.619,19.262
657,15.618,19.276
658,15.599,19.247
659,15.626,19.293
660,15.609,19.262
661,15.613,19.271
662,15.613,19.281
663,15.604,19.276
664,15.602,19.259
665,15.613,19.291
666,15.592,19.252
667,15.605,19.281
668,15.602,19.286
669,15.595,19.251
670,15.594,19.267
671,15.592,19.266
672,15.602,19.288
673,15.619,19.325
674,15.607,19.327
675,15.573,19.248
676,15.579,19.270
677,15.600,19.309
678,15.598,19.289
679,15.575,19.265
680,15.580,19.290
681,15.581,19.273
682,15.575,19.277
683,15.591,19.318
684,15.581,19.290
685,15.602,19.316
686,15.604,19.320
687,15.612,19.340
688,15.613,19.311
689,15.600,19.305
690,15.602,19.332
691,15.605,19.322
692,15.589,19.294
693,15.593,19.301
694,15.585,19.299
695,15.597,19.304
696,15.601,19.314
697,15.599,19.307
698,15.595,19.311
699,15.579,19.262
700,15.619,19.342
701,15.600,19.326
702,15.620,19.372
703,15.588,19.296
704,15.604,19.344
705,15.597,19.320
706,15.607,19.324
707,15.592,19.312
708,15.606,19.314
709,15.580,19.280
710,15.600,19.327
711,15.587,19.294
712,15.583,19.281
713,15.614,19.335
714,15.616,19.353
715,15.619,19.347
716,15.601,19.300
717,15.615,19.330
718,15.637,19.377
719,15.630,19.361
720,15.640,19.368
721,15.667,19.408
722,15.686,19.457
723,15.698,19.459
724,15.732,19.488
725,15.715,19.466
726,15.734,19.485
727,15.739,19.498
728,15.768,19.555
729,15.775,19.564
730,15.784,19.554
731,15.769,19.518
732,15.767,19.479
733,15.783,19.477
734,15.777,19.462
735,15.796,19.482
736,15.763,19.455
737,15.740,19.393
738,15.742,19.411
739,15.755,19.443
740,15.749,19.416
741,15.747,19.421
742,15.740,19.363
743,15.761,19.382
744,15.770,19.359
745,15.803,19.424
746,15.808,19.400
747,15.817,19.385
748,15.822,19.394
749,15.825,19.387
750,15.826,19.393
751,15.821,19.408
752,15.822,19.399
753,15.847,19.456
754,15.805,19.376
755,15.816,19.380
756,15.805,19.361
757,15.811,19.366
758,15.786,19.309
759,15.801,19.335
760,15.802,19.337
761,15.813,19.354
762,15.794,19.313
763,15.809,19.351
764,15.834,19.383
765,15.833,19.383
766,15.814,19.349
767,15.848,19.393
768,15.824,19.368
769,15.825,19.366
770,15.829,19.344
771,15.807,19.321
772,15.791,19.312
773,15.821,19.356
774,15.812,19.331
775,15.788,19.297
776,15.800,19.332
777,15.781,19.285
778,15.797,19.310
779,15.770,19.268
780,15.781,19.276
781,15.746,19.229
782,15.752,19.255
783,15.747,19.255
784,15.724,19.224
785,15.718,19.197
786,15.714,19.210
787,15.697,19.196
788,15.699,19.205
789,15.696,19.194
790,15.684,19.202
791,15.688,19.218
792,15.659,19.183
793,15.685,19.244
794,15.652,19.205
795,15.627,19.143
796,15.686,19.266
797,15.666,19.226
798,15.656,19.242
799,15.658,19.237
800,15.691,19.284
801,15.659,19.237
802,15.657,19.250
803,15.655,19.260
804,15.661,19.247
805,15.657,19.264
806,15.659,19.258
807,15.656,19.245
808,15.646,19.240
809,15.650,19.257
810,15.635,19.229
811,15.648,19.262
812,15.650,19.263
813,15.644,19.258
814,15.646,19.285
815,15.627,19.240
816,15.642,19.269
817,15.634,19.255
818,15.630,19.265
819,15.636,19.293
820,15.611,19.226
821,15.609,19.235
822,15.603,19.220
823,15.617,19.258
824,15.595,19.221
825,15.605,19.220
826,15.623,19.247
827,15.655,19.282
828,15.640,19.238
829,15.636,19.247
830,15.659,19.297
831,15.646,19.277
832,15.643,19.274
833,15.633,19.257
834,15.660,19.327
835,15.681,19.322
836,15.673,19.293
837,15.686,19.312
838,15.668,19.287
839,15.671,19.298
840,15.688,19.311
841,15.701,19.333
842,15.708,19.382
843,15.701,19.356
844,15.721,19.359
845,15.736,19.364
846,15.747,19.390
847,15.718,19.343
848,15.764,19.421
849,15.770,19.437
850,15.784,19.433
851,15.797,19.456
852,15.796,19.447
853,15.820,19.475
854,15.797,19.438
855,15.794,19.445
856,15.803,19.448
857,15.813,19.483
858,15.791,19.408
859,15.818,19.426
860,15.857,19.472
861,15.850,19.425
862,15.890,19.448
863,15.911,19.473
864,15.936,19.486
865,15.944,19.486
866,15.943,19.462
867,15.983,19.511
868,15.941,19.459
869,15.925,19.452
870,15.909,19.397
871,15.891,19.383
872,15.917,19.445
873,15.915,19.436
874,15.911,19.457
875,15.908,19.425
876,15.899,19.408
877,15.896,19.405
878,15.894,19.394
879,15.852,19.311
880,15.870,19.325
881,15.850,19.295
882,15.849,19.305
883,15.812,19.239
884,15.835,19.274
885,15.846,19.281
886,15.832,19.262
887,15.827,19.277
888,15.828,19.271
889,15.836,19.298
890,15.842,19.291
891,15.827,19.274
892,15.816,19.245
893,15.814,19.226
894,15.812,19.224
895,15.839,19.263
896,15.822,19.237
897,15.798,19.206
898,15.821,19.238
899,15.851,19.278
900,15.845,19.256
901,15.834,19.247
902,15.836,19.243
903,15.809,19.209
904,15.813,19.244
905,15.803,19.216
906,15.793,19.231
907,15.783,19.224
908,15.776,19.240
909,15.790,19.283
910,15.776,19.242
911,15.751,19.224
912,15.738,19.210
913,15.709,19.167
914,15.731,19.222
915,15.713,19.200
916,15.723,19.232
917,15.746,19.267
918,15.704,19.220
919,15.714,19.220
920,15.696,19.192
921,15.682,19.193
922,15.699,19.229
923,15.676,19.194
924,15.680,19.194
925,15.663,19.177
926,15.659,19.173
927,15.671,19.222
928,15.668,19.213
929,15.658,19.201
930,15.667,19.220
931,15.663,19.243
932,15.652,19.218
933,15.628,19.185
934,15.646,19.219
935,15.675,19.277
936,15.632,19.210
937,15.663,19.266
938,15.647,19.235
939,15.646,19.231
940,15.642,19.233
941,15.637,19.222
942,15.631,19.225
943,15.644,19.253
944,15.614,19.202
945,15.636,19.241
946,15.625,19.226
947,15.617,19.215
948,15.624,19.244
949,15.623,19.230
950,15.615,19.230
951,15.629,19.263
952,15.593,19.188
953,15.611,19.235
954,15.614,19.256
955,15.608,19.255
956,15.595,19.212
957,15.585,19.196
958,15.580,19.207
959,15.567,19.149
960,15.599,19.240
961,15.595,19.236
962,15.572,19.196
963,15.575,19.198
964,15.559,19.158
965,15.584,19.244
966,15.593,19.248
967,15.582,19.228
968,15.568,19.203
969,15.592,19.251
970,15.580,19.222
971,15.577,19.227
972,15.559,19.227
973,15.577,19.237
974,15.585,19.253
975,15.575,19.251
976,15.585,19.257
977,15.598,19.251
978,15.604,19.258
979,15.598,19.260
980,15.573,19.231
981,15.576,19.236
982,15.586,19.251
983,15.610,19.281
984,15.575,19.239
985,15.588,19.268
986,15.570,19.245
987,15.571,19.229
988,15.602,19.265
989,15.600,19.251
990,15.609,19.260
991,15.610,19.264
992,15.609,19.278
993,15.587,19.228
994,15.594,19.250
995,15.586,19.258
996,15.594,19.253
997,15.583,19.206
998,15.581,19.230
999,15.604,19.253
1000,15.584,19.221
1001,15.611,19.263
1002,15.617,19.312
1003,15.605,19.257
1004,15.605,19.255
1005,15.595,19.244
1006,15.625,19.314
1007,15.623,19.311
1008,15.599,19.273
1009,15.606,19.277
1010,15.599,19.272
1011,15.590,19.266
1012,15.595,19.254
1013,15.596,19.273
1014,15.615,19.297
1015,15.619,19.322
1016,15.610,19.292
1017,15.613,19.278
1018,15.612,19.282
1019,15.601,19.278
1020,15.626,19.301
1021,15.624,19.306
1022,15.618,19.272
1023,15.632,19.294
1024,15.648,19.287
1025,15.630,19.257
1026,15.655,19.313
1027,15.646,19.269
1028,15.658,19.283
1029,15.651,19.268
1030,15.656,19.270
1031,15.659,19.244
1032,15.680,19.300
1033,15.666,19.297
1034,15.655,19.271
1035,15.657,19.274
1036,15.667,19.295
1037,15.666,19.263
1038,15.664,19.265
1039,15.643,19.261
1040,15.632,19.268
1041,15.622,19.225
1042,15.644,19.258
1043,15.642,19.267
1044,15.637,19.241
1045,15.627,19.240
1046,15.658,19.294
1047,15.630,19.242
1048,15.632,19.246
1049,15.614,19.193
1050,15.647,19.271
1051,15.639,19.247
1052,15.633,19.247
1053,15.619,19.198
1054,15.621,19.242
1055,15.629,19.197
1056,15.625,19.216
1057,15.613,19.174
1058,15.636,19.250
1059,15.630,19.205
1060,15.625,19.190
1061,15.629,19.221
1062,15.654,19.287
1063,15.663,19.296
1064,15.661,19.306
1065,15.655,19.287
1066,15.641,19.259
1067,15.643,19.249
1068,15.639,19.236
1069,15.654,19.275
1070,15.631,19.226
1071,15.668,19.307
1072,15.643,19.247
1073,15.659,19.275
1074,15.656,19.286
1075,15.661,19.284
1076,15.666,19.301
1077,15.658,19.286
1078,15.632,19.251
1079,15.666,19.281
1080,15.628,19.239
1081,15.656,19.284
1082,15.640,19.229
1083,15.646,19.236
1084,15.630,19.246
1085,15.649,19.246
1086,15.642,19.251
1087,15.628,19.226
1088,15.656,19.255
1089,15.654,19.262
1090,15.636,19.241
1091,15.672,19.317
1092,15.656,19.265
1093,15.660,19.291
1094,15.675,19.305
1095,15.659,19.273
1096,15.666,19.308
1097,15.654,19.262
1098,15.666,19.317
1099,15.677,19.326
1100,15.670,19.294
1101,15.667,19.309
1102,15.640,19.229
1103,15.652,19.264
1104,15.668,19.280
1105,15.647,19.241
1106,15.665,19.263
1107,15.660,19.276
1108,15.662,19.273
1109,15.648,19.276
1110,15.655,19.259
1111,15.656,19.268
1112,15.643,19.238
1113,15.649,19.271
1114,15.651,19.271
1115,15.666,19.309
1116,15.663,19.296
1117,15.686,19.360
1118,15.633,19.241
1119,15.661,19.311
1120,15.676,19.338
1121,15.688,19.358
1122,15.662,19.299
1123,15.674,19.325
1124,15.691,19.365
1125,15.675,19.340
1126,15.670,19.332
1127,15.688,19.367
1128,15.668,19.331
1129,15.678,19.345
1130,15.718,19.454
1131,15.687,19.377
1132,15.680,19.372
1133,15.695,19.419
1134,15.733,19.487
1135,15.703,19.428
1136,15.739,19.482
1137,15.730,19.487
1138,15.748,19.479
1139,15.758,19.487
1140,15.763,19.495
1141,15.769,19.521
1142,15.768,19.493
1143,15.792,19.552
1144,15.789,19.535
1145,15.824,19.608
1146,15.787,19.556
1147,15.795,19.541
1148,15.793,19.553
1149,15.788,19.541
1150,15.777,19.536
1151,15.781,19.535
1152,15.773,19.545
1153,15.761,19.523
1154,15.740,19.472
1155,15.738,19.478
1156,15.714,19.450
1157,15.722,19.462
1158,15.725,19.478
1159,15.693,19.431
1160,15.693,19.410
1161,15.704,19.440
1162,15.678,19.376
1163,15.721,19.464
1164,15.687,19.392
1165,15.687,19.384
1166,15.708,19.414
1167,15.704,19.432
1168,15.696,19.408
1169,15.717,19.456
1170,15.693,19.391
1171,15.717,19.466
1172,15.722,19.465
1173,15.718,19.454
1174,15.699,19.437
1175,15.712,19.474
1176,15.715,19.480
1177,15.705,19.453
1178,15.705,19.442
1179,15.699,19.401
1180,15.677,19.360
1181,15.713,19.423
1182,15.724,19.468
1183,15.714,19.429
1184,15.672,19.364
1185,15.666,19.338
1186,15.725,19.468
1187,15.712,19.436
1188,15.697,19.429
1189,15.730,19.486
1190,15.721,19.463
1191,15.750,19.533
1192,15.764,19.548
1193,15.754,19.523
1194,15.732,19.459
1195,15.749,19.537
1196,15.744,19.502
1197,15.744,19.544
1198,15.754,19.532
1199,15.770,19.564
1200,15.750,19.528
1201,15.739,19.525
1202,15.793,19.624
1203,15.777,19.588
1204,15.784,19.591
1205,15.796,19.600
1206,15.802,19.597
1207,15.820,19.664
1208,15.836,19.668
1209,15.870,19.742
1210,15.853,19.709
1211,15.851,19.732
1212,15.870,19.749
1213,15.828,19.693
1214,15.827,19.705
1215,15.829,19.684
1216,15.841,19.734
1217,15.885,19.820
1218,15.843,19.745
1219,15.855,19.741
1220,15.847,19.718
1221,15.883,19.782
1222,15.898,19.842
1223,15.909,19.838
1224,15.921,19.886
1225,15.932,19.890
1226,15.944,19.882
1227,15.904,19.827
1228,15.902,19.851
1229,15.865,19.781
1230,15.882,19.826
1231,15.878,19.782
1232,15.853,19.704
1233,15.887,19.774
1234,15.892,19.752
1235,15.905,19.797
1236,15.913,19.830
1237,15.932,19.880
1238,15.881,19.761
1239,15.900,19.795
1240,15.908,19.785
1241,15.928,19.863
1242,15.928,19.862
1243,15.913,19.831
1244,15.904,19.789
1245,15.913,19.849
1246,15.910,19.826
1247,15.918,19.864
1248,15.922,19.896
1249,15.877,19.767
1250,15.882,19.807
1251,15.887,19.838
1252,15.876,19.805
1253,15.866,19.772
1254,15.836,19.771
1255,15.850,19.775
1256,15.819,19.724
1257,15.797,19.686
1258,15.830,19.763
1259,15.824,19.739
1260,15.823,19.786
1261,15.817,19.734
1262,15.800,19.692
1263,15.790,19.665
1264,15.803,19.688
1265,15.794,19.687
1266,15.781,19.649
1267,15.773,19.628
1268,15.780,19.657
1269,15.784,19.647
1270,15.787,19.667
1271,15.787,19.663
1272,15.790,19.674
1273,15.797,19.660
1274,15.780,19.624
1275,15.796,19.681
1276,15.789,19.664
1277,15.823,19.699
1278,15.785,19.648
1279,15.765,19.624
1280,15.759,19.618
1281,15.762,19.661
1282,15.775,19.665
1283,15.751,19.623
1284,15.750,19.647
1285,15.730,19.578
1286,15.776,19.642
1287,15.742,19.607
1288,15.742,19.598
1289,15.771,19.674
1290,15.743,19.590
1291,15.744,19.598
1292,15.777,19.668
1293,15.756,19.635
1294,15.758,19.621
1295,15.778,19.643
1296,15.776,19.657
1297,15.774,19.632
1298,15.774,19.643
1299,15.781,19.678
1300,15.778,19.664
1301,15.755,19.633
1302,15.760,19.603
1303,15.769,19.658
1304,15.749,19.621
1305,15.738,19.559
1306,15.748,19.607
1307,15.762,19.640
1308,15.748,19.608
1309,15.782,19.670
1310,15.779,19.689
1311,15.768,19.655
1312,15.806,19.717
1313,15.785,19.677
1314,15.805,19.698
1315,15.792,19.692
1316,15.802,19.719
1317,15.850,19.857
1318,15.792,19.667
1319,15.807,19.737
1320,15.773,19.666
1321,15.783,19.699
1322,15.826,19.826
1323,15.808,19.797
1324,15.775,19.687
1325,15.796,19.787
1326,15.811,19.804
1327,15.802,19.779
1328,15.770,19.713
1329,15.774,19.722
1330,15.769,19.674
1331,15.772,19.722
1332,15.788,19.733
1333,15.775,19.708
1334,15.790,19.737
1335,15.788,19.739
1336,15.805,19.764
1337,15.791,19.753
1338,15.798,19.781
1339,15.800,19.776
1340,15.803,19.772
1341,15.819,19.802
1342,15.825,19.867
1343,15.823,19.832
1344,15.801,19.791
1345,15.805,19.802
1346,15.828,19.855
1347,15.828,19.826
1348,15.812,19.792
1349,15.827,19.824
1350,15.836,19.855
1351,15.839,19.850
1352,15.812,19.806
1353,15.861,19.888
1354,15.846,19.865
1355,15.890,19.958
1356,15.891,19.951
1357,15.892,19.944
1358,15.929,20.025
1359,15.964,20.083
1360,16.018,20.144
1361,16.076,20.262
1362,16.125,20.330
1363,16.102,20.278
1364,16.071,20.227
1365,16.009,20.141
1366,15.941,20.022
1367,15.869,19.907
1368,15.855,19.884
1369,15.841,19.851
1370,15.904,19.930
1371,15.921,19.944
1372,15.901,19.902
1373,15.896,19.892
1374,15.895,19.871
1375,15.901,19.891
1376,15.890,19.884
1377,15.867,19.852
1378,15.855,19.824
1379,15.874,19.872
1380,15.887,19.910
1381,15.888,19.888
1382,15.886,19.908
1383,15.886,19.884
1384,15.898,19.899
1385,15.891,19.895
1386,15.916,19.935
1387,15.918,19.914
1388,15.888,19.853
1389,15.914,19.920
1390,15.946,19.956
1391,15.947,19.988
1392,15.951,19.986
1393,15.960,19.996
1394,15.959,20.027
1395,15.898,19.913
1396,15.867,19.865
1397,15.830,19.809
1398,15.835,19.800
1399,15.834,19.819
1400,15.829,19.787
1401,15.841,19.798
1402,15.806,19.774
1403,15.812,19.802
1404,15.788,19.737
1405,15.824,19.795
1406,15.821,19.775
1407,15.828,19.800
1408,15.841,19.787
1409,15.837,19.824
1410,15.844,19.839
1411,15.837,19.775
1412,15.837,19.785
1413,15.844,19.826
1414,15.829,19.801
1415,15.838,19.828
1416,15.846,19.842
1417,15.818,19.831
1418,15.832,19.860
1419,15.849,19.886
1420,15.858,19.895
1421,15.858,19.879
1422,15.878,19.920
1423,15.926,20.004
1424,15.898,19.947
1425,15.890,19.971
1426,15.925,20.021
1427,15.973,20.129
1428,15.971,20.067
1429,15.987,20.144
1430,16.032,20.206
1431,16.079,20.317
1432,16.083,20.304
1433,16.089,20.316
1434,16.108,20.338
1435,16.110,20.376
1436,16.121,20.395
1437,16.075,20.342
1438,16.068,20.332
1439,16.040,20.277
1440,16.006,20.220
1441,15.960,20.167
1442,15.927,20.090
1443,15.950,20.167
1444,15.943,20.158
1445,15.935,20.145
1446,15.955,20.178
1447,15.969,20.166
1448,15.959,20.177
1449,15.947,20.139
1450,15.961,20.192
1451,15.961,20.172
1452,15.958,20.188
1453,15.977,20.195
1454,15.974,20.182
1455,15.971,20.189
1456,15.969,20.206
1457,15.978,20.205
1458,15.970,20.194
1459,16.010,20.234
1460,15.992,20.207
1461,16.003,20.247
1462,16.007,20.215
1463,16.032,20.268
1464,16.029,20.277
1465,16.041,20.283
1466,16.040,20.252
1467,16.052,20.293
1468,16.048,20.266
1469,16.033,20.217
1470,16.063,20.315
1471,16.058,20.312
1472,16.052,20.273
1473,16.024,20.227
1474,16.017,20.250
1475,16.016,20.250
1476,15.976,20.197
1477,15.947,20.153
1478,15.955,20.195
1479,15.937,20.167
1480,15.911,20.130
1481,15.917,20.137
1482,15.941,20.220
1483,15.912,20.119
1484,15.936,20.168
1485,15.905,20.131
1486,15.904,20.099
1487,15.921,20.142
1488,15.898,20.092
1489,15.908,20.119
1490,15.890,20.082
1491,15.899,20.122
1492,15.902,20.136
1493,15.880,20.109
1494,15.863,20.100
1495,15.890,20.163
1496,15.889,20.186
1497,15.903,20.230
1498,15.905,20.269
1499,15.885,20.207
1500,15.873,20.184
1501,15.854,20.154
1502,15.842,20.139
1503,15.865,20.167
1504,15.855,20.198
1505,15.858,20.216
1506,15.843,20.196
1507,15.839,20.167
1508,15.803,20.092
1509,15.799,20.104
1510,15.746,20.025
1511,15.753,20.018
1512,15.721,19.972
1513,15.698,19.952
1514,15.674,19.882
1515,15.691,19.920
1516,15.663,19.826
1517,15.655,19.808
1518,15.645,19.807
1519,15.616,19.767
1520,15.598,19.683
1521,15.629,19.709
1522,15.670,19.741
1523,15.692,19.730
1524,15.702,19.703
1525,15.743,19.753
1526,15.761,19.785
1527,15.811,19.835
1528,15.812,19.812
1529,15.835,19.831
1530,15.847,19.838
1531,15.881,19.889
1532,15.871,19.828
1533,15.890,19.852
1534,15.877,19.796
1535,15.917,19.862
1536,15.950,19.897
1537,15.933,19.811
1538,15.962,19.849
1539,15.982,19.832
1540,16.035,19.918
1541,16.072,19.938
1542,16.111,19.999
1543,16.129,20.033
1544,16.140,20.014
1545,16.162,20.008
1546,16.225,20.138
1547,16.234,20.092
1548,16.298,20.181
1549,16.290,20.135
1550,16.344,20.197
1551,16.370,20.228
1552,16.437,20.330
1553,16.481,20.387
1554,16.514,20.434
1555,16.554,20.499
1556,16.640,20.626
1557,16.672,20.680
1558,16.712,20.676
1559,16.779,20.792
1560,16.808,20.801
1561,16.868,20.893
1562,16.894,20.896
1563,16.953,21.023
1564,16.920,20.953
1565,16.904,20.937
1566,16.936,20.968
1567,16.975,21.077
1568,16.947,21.007
1569,16.967,21.070
1570,17.014,21.196
1571,17.011,21.182
1572,17.011,21.214
1573,17.037,21.268
1574,17.007,21.215
1575,17.072,21.431
1576,17.046,21.350
1577,17.101,21.487
1578,17.115,21.480
1579,17.132,21.545
1580,17.132,21.543
1581,17.141,21.576
1582,17.124,21.548
1583,17.226,21.894
1584,17.200,21.802
1585,17.228,21.880
1586,17.181,21.763
1587,17.185,21.722
1588,17.201,21.801
1589,17.202,21.819
1590,17.230,21.909
1591,17.209,21.867
1592,17.202,21.842
1593,17.202,21.859
1594,17.190,21.864
1595,17.141,21.756
1596,17.178,21.859
1597,17.170,21.831
1598,17.178,21.840
1599,17.165,21.852
1600,17.122,21.703
1601,17.056,21.634
1602,17.032,21.612
1603,16.941,21.427
1604,16.928,21.453
1605,16.883,21.391
1606,16.857,21.332
1607,16.793,21.253
1608,16.769,21.196
1609,16.697,21.047
1610,16.614,20.858
1611,16.562,20.737
1612,16.500,20.612
1613,16.422,20.443
1614,16.403,20.410
1615,16.357,20.297
1616,16.343,20.266
1617,16.303,20.167
1618,16.318,20.218
1619,16.284,20.134
1620,16.249,20.030
1621,16.223,19.956
1622,16.219,19.955
1623,16.182,19.844
1624,16.132,19.766
1625,16.122,19.726
1626,16.093,19.671
1627,16.088,19.659
1628,16.063,19.625
1629,16.053,19.569
1630,16.027,19.513
1631,16.021,19.508
1632,16.000,19.459
1633,15.988,19.454
1634,16.003,19.491
1635,16.011,19.490
1636,16.018,19.494
1637,15.986,19.417
1638,16.008,19.453
1639,16.031,19.512
1640,16.012,19.460
1641,16.009,19.463
1642,16.013,19.477
1643,16.007,19.454
1644,15.990,19.439
1645,16.018,19.466
1646,16.026,19.519
1647,16.026,19.522
1648,16.001,19.490
1649,15.999,19.483
1650,15.990,19.470
1651,16.024,19.531
1652,16.003,19.513
1653,15.994,19.509
1654,15.972,19.465
1655,15.995,19.525
1656,15.959,19.479
1657,15.983,19.510
1658,15.981,19.496
1659,15.989,19.527
1660,15.975,19.503
1661,15.961,19.471
1662,15.954,19.483
1663,15.996,19.563
1664,15.967,19.523
1665,15.965,19.496
1666,15.963,19.511
1667,15.939,19.471
1668,15.947,19.482
1669,15.969,19.534
1670,15.952,19.487
1671,15.954,19.517
1672,15.930,19.461
1673,15.961,19.568
1674,15.962,19.545
1675,15.951,19.551
1676,15.968,19.545
1677,15.925,19.481
1678,15.934,19.510
1679,15.919,19.497
1680,15.917,19.473
1681,15.929,19.512
1682,15.944,19.557
1683,15.921,19.496
1684,15.903,19.471
1685,15.900,19.470
1686,15.904,19.484
1687,15.905,19.494
1688,15.890,19.440
1689,15.909,19.468
1690,15.911,19.505
1691,15.895,19.469
1692,15.938,19.540
1693,15.916,19.489
1694,15.889,19.452
1695,15.903,19.450
1696,15.914,19.505
1697,15.933,19.522
1698,15.881,19.424
1699,15.899,19.463
1700,15.904,19.469
1701,15.925,19.523
1702,15.933,19.501
1703,15.942,19.534
1704,15.916,19.513
1705,15.928,19.507
1706,15.925,19.497
1707,15.950,19.559
1708,15.959,19.587
1709,15.958,19.584
1710,15.985,19.619
1711,16.009,19.669
1712,16.009,19.673
1713,15.993,19.631
1714,15.995,19.641
1715,15.999,19.635
1716,15.982,19.633
1717,15.992,19.664
1718,15.968,19.639
1719,15.989,19.687
1720,15.958,19.592
1721,15.950,19.600
1722,15.933,19.546
1723,15.948,19.526
1724,15.932,19.507
1725,15.909,19.476
1726,15.904,19.471
1727,15.896,19.473
1728,15.892,19.439
1729,15.853,19.344
1730,15.872,19.400
1731,15.833,19.314
1732,15.853,19.352
1733,15.855,19.403
1734,15.868,19.416
1735,15.835,19.402
1736,15.842,19.391
1737,15.851,19.413
1738,15.836,19.314
1739,15.843,19.345
1740,15.842,19.329
1741,15.852,19.386
1742,15.851,19.367
1743,15.822,19.297
1744,15.836,19.330
1745,15.825,19.276
1746,15.820,19.276
1747,15.798,19.224
1748,15.786,19.192
1749,15.796,19.214
1750,15.767,19.145
1751,15.769,19.159
1752,15.783,19.150
1753,15.738,19.056
1754,15.759,19.099
1755,15.803,19.157
1756,15.753,19.092
1757,15.749,19.052
1758,15.765,19.102
1759,15.744,19.068
1760,15.732,19.051
1761,15.760,19.094
1762,15.730,19.046
1763,15.731,19.060
1764,15.757,19.096
1765,15.747,19.083
1766,15.733,19.061
1767,15.754,19.108
1768,15.742,19.073
1769,15.754,19.107
1770,15.742,19.067
1771,15.736,19.070
1772,15.748,19.086
1773,15.740,19.064
1774,15.723,19.053
1775,15.741,19.081
1776,15.741,19.062
1777,15.738,19.072
1778,15.740,19.093
1779,15.730,19.053
1780,15.742,19.067
1781,15.761,19.097
1782,15.753,19.091
1783,15.765,19.116
1784,15.748,19.081
1785,15.740,19.078
1786,15.719,19.033
1787,15.719,19.020
1788,15.732,19.083
1789,15.730,19.075
1790,15.718,19.046
1791,15.714,19.042
1792,15.720,19.048
1793,15.730,19.057
1794,15.702,19.015
1795,15.720,19.051
1796,15.720,19.045
1797,15.707,19.021
1798,15.736,19.065
1799,15.714,19.033
1800,15.723,19.047
1801,15.719,19.047
1802,15.699,19.018
1803,15.693,18.997
1804,15.722,19.047
1805,15.716,19.064
1806,15.708,19.027
1807,15.700,19.008
1808,15.731,19.087
1809,15.720,19.062
1810,15.726,19.055
1811,15.733,19.088
1812,15.731,19.103
1813,15.736,19.105
1814,15.718,19.071
1815,15.729,19.078
1816,15.741,19.093
1817,15.733,19.104
1818,15.754,19.138
1819,15.744,19.117
1820,15.761,19.155
1821,15.779,19.202
1822,15.756,19.150
1823,15.749,19.120
1824,15.746,19.117
1825,15.756,19.129
1826,15.757,19.134
1827,15.745,19.105
1828,15.744,19.117
1829,15.790,19.182
1830,15.777,19.170
1831,15.785,19.188
1832,15.782,19.171
1833,15.797,19.198
1834,15.767,19.138
1835,15.775,19.152
1836,15.785,19.176
1837,15.795,19.191
1838,15.791,19.192
1839,15.801,19.212
1840,15.796,19.210
