0,16.666,18.900
1,16.674,18.918
2,16.683,18.932
3,16.637,18.877
4,16.610,18.864
5,16.614,18.885
6,16.571,18.813
7,16.553,18.810
8,16.480,18.718
9,16.459,18.688
10,16.517,18.806
11,16.360,18.586
12,16.340,18.586
13,16.274,18.501
14,16.204,18.405
15,16.232,18.462
16,16.138,18.341
17,16.178,18.419
18,16.209,18.445
19,16.173,18.417
20,16.220,18.516
21,16.160,18.406
22,16.203,18.487
23,16.143,18.361
24,16.133,18.350
25,16.131,18.380
26,16.127,18.399
27,16.052,18.274
28,16.053,18.298
29,16.077,18.334
30,16.035,18.266
31,16.028,18.252
32,16.070,18.351
33,16.035,18.299
34,15.990,18.219
35,15.949,18.192
36,15.957,18.197
37,15.933,18.171
38,15.955,18.241
39,15.923,18.217
40,15.873,18.144
41,15.885,18.192
42,15.884,18.202
43,15.825,18.132
44,15.814,18.145
45,15.833,18.193
46,15.770,18.102
47,15.742,18.056
48,15.746,18.069
49,15.723,18.052
50,15.721,18.051
51,15.707,18.026
52,15.689,18.000
53,15.733,18.108
54,15.701,18.084
55,15.602,17.949
56,15.550,17.868
57,15.731,18.032
58,15.732,18.033
59,15.791,18.096
60,15.740,18.025
61,15.743,18.047
62,15.798,18.154
63,15.774,18.109
64,15.776,18.094
65,15.808,18.108
66,15.832,18.135
67,15.857,18.161
68,15.854,18.174
69,15.857,18.176
70,15.884,18.202
71,15.906,18.227
72,15.912,18.244
73,15.956,18.322
74,15.969,18.327
75,16.058,18.464
76,16.044,18.411
77,16.009,18.352
78,16.066,18.433
79,16.064,18.416
80,16.165,18.578
81,16.172,18.581
82,16.245,18.674
83,16.152,18.543
84,16.065,18.469
85,16.039,18.473
86,16.029,18.450
87,16.185,18.628
88,16.174,18.615
89,16.147,18.587
90,16.184,18.613
91,16.155,18.579
92,16.164,18.622
93,16.074,18.489
94,16.109,18.568
95,16.099,18.552
96,16.059,18.485
97,16.076,18.534
98,16.069,18.514
99,16.064,18.530
100,16.083,18.541
101,16.059,18.518
102,16.053,18.519
103,16.059,18.491
104,16.071,18.499
105,16.094,18.499
106,16.173,18.591
107,16.292,18.685
108,16.394,18.795
109,16.580,18.988
110,16.663,19.052
111,16.799,19.242
112,16.909,19.363
113,16.838,19.169
114,16.625,18.916
115,16.685,19.014
116,16.671,19.015
117,16.684,19.005
118,16.655,18.972
119,16.661,18.992
120,16.548,18.908
121,16.584,18.929
122,16.633,19.001
123,16.669,19.022
124,16.674,19.031
125,16.739,19.150
126,16.679,19.020
127,16.661,19.001
128,16.637,18.959
129,16.691,19.028
130,16.630,18.964
131,16.603,18.918
132,16.662,19.013
133,16.596,18.915
134,16.558,18.870
135,16.549,18.848
136,16.569,18.882
137,16.655,19.035
138,16.564,18.879
139,16.563,18.892
140,16.531,18.833
141,16.526,18.824
142,16.518,18.806
143,16.501,18.796
144,16.497,18.799
145,16.465,18.753
146,16.455,18.723
147,16.433,18.685
148,16.428,18.681
149,16.424,18.696
150,16.446,18.720
151,16.429,18.700
152,16.382,18.625
153,16.392,18.656
154,16.407,18.681
155,16.378,18.636
156,16.367,18.638
157,16.391,18.677
158,16.359,18.608
159,16.318,18.560
160,16.293,18.527
161,16.258,18.488
162,16.261,18.472
163,16.234,18.452
164,16.242,18.452
165,16.209,18.444
166,16.183,18.422
167,16.153,18.376
168,16.074,18.285
169,16.045,18.264
170,15.968,18.192
171,15.930,18.140
172,15.856,18.036
173,15.835,18.038
174,15.822,18.020
175,15.848,18.056
176,15.822,18.028
177,15.852,18.071
178,15.851,18.066
179,15.884,18.116
180,15.882,18.080
181,15.940,18.158
182,15.969,18.191
183,15.985,18.216
184,16.033,18.256
185,16.058,18.312
186,16.070,18.329
187,16.125,18.414
188,16.164,18.472
189,16.166,18.456
190,16.221,18.528
191,16.289,18.639
192,16.313,18.649
193,16.420,18.834
194,16.421,18.803
195,16.421,18.794
196,16.380,18.730
197,16.368,18.703
198,16.310,18.640
199,16.309,18.654
200,16.311,18.678
201,16.328,18.684
202,16.297,18.662
203,16.262,18.628
204,16.224,18.574
205,16.168,18.530
206,16.139,18.510
207,16.040,18.375
208,15.973,18.297
209,15.907,18.227
210,15.970,18.276
211,15.928,18.206
212,15.862,18.132
213,15.830,18.009
214,15.898,18.072
215,15.904,18.104
216,15.980,18.164
217,15.921,18.107
218,15.899,18.102
219,15.995,18.146
220,15.886,18.027
221,15.821,17.945
222,15.844,17.919
223,15.765,17.837
224,15.720,17.777
225,15.787,17.824
226,15.794,17.845
227,15.844,17.899
228,15.744,17.802
229,15.674,17.695
230,15.673,17.654
231,15.871,17.788
232,15.909,17.823
233,16.059,17.965
234,16.009,17.899
235,16.069,17.952
236,16.175,18.046
237,16.231,18.080
238,16.196,18.000
239,16.288,18.094
240,16.157,17.935
241,16.138,17.899
242,16.155,17.922
243,16.039,17.808
244,16.080,17.851
245,16.115,17.841
246,15.998,17.701
247,16.044,17.765
248,16.028,17.731
249,15.904,17.575
250,15.942,17.600
251,15.997,17.644
252,15.882,17.533
253,15.940,17.588
254,15.989,17.610
255,16.100,17.730
256,16.141,17.755
257,16.142,17.762
258,16.131,17.740
259,16.152,17.787
260,16.113,17.746
261,15.987,17.611
262,15.954,17.569
263,15.907,17.512
264,15.880,17.486
265,15.838,17.420
266,15.819,17.393
267,15.845,17.441
268,15.683,17.292
269,15.534,17.131
270,15.511,17.083
271,15.489,17.062
272,15.461,17.004
273,15.499,17.016
274,15.504,17.012
275,15.537,17.053
276,15.556,17.062
277,15.557,17.070
278,15.535,17.054
279,15.511,17.018
280,15.514,17.037
281,15.471,16.992
282,15.417,16.940
283,15.422,16.949
284,15.344,16.853
285,15.337,16.841
286,15.321,16.843
287,15.303,16.811
288,15.421,17.004
289,15.325,16.832
290,15.329,16.840
291,15.366,16.893
292,15.445,16.980
293,15.469,17.004
294,15.502,17.047
295,15.565,17.132
296,15.589,17.154
297,15.646,17.228
298,15.709,17.292
299,15.708,17.293
300,15.678,17.247
301,15.706,17.300
302,15.697,17.276
303,15.700,17.267
304,15.644,17.203
305,15.597,17.145
306,15.777,17.376
307,15.638,17.179
308,15.777,17.362
309,15.677,17.216
310,15.703,17.238
311,15.739,17.289
312,15.769,17.338
313,15.799,17.378
314,15.857,17.459
315,15.808,17.408
316,15.807,17.393
317,15.763,17.312
318,15.814,17.375
319,15.757,17.320
320,15.731,17.268
321,15.749,17.295
322,15.698,17.236
323,15.600,17.135
324,15.431,16.936
325,15.473,16.939
326,15.652,17.146
327,15.612,17.151
328,15.606,17.165
329,15.615,17.190
330,15.627,17.192
331,15.789,17.435
332,15.605,17.191
333,15.643,17.230
334,15.612,17.166
335,15.613,17.176
336,15.606,17.164
337,15.570,17.096
338,15.538,17.071
339,15.577,17.127
340,15.578,17.135
341,15.572,17.105
342,15.568,17.109
343,15.617,17.190
344,15.623,17.200
345,15.659,17.266
346,15.591,17.181
347,15.585,17.163
348,15.562,17.142
349,15.678,17.334
350,15.583,17.219
351,15.459,17.040
352,15.386,16.960
353,15.366,16.936
354,15.399,16.974
355,15.399,16.978
356,15.380,16.947
357,15.347,16.900
358,15.381,16.947
359,15.374,16.936
360,15.369,16.941
361,15.348,16.901
362,15.354,16.924
363,15.322,16.896
364,15.295,16.861
365,15.312,16.885
366,15.272,16.834
367,15.257,16.827
368,15.243,16.796
369,15.236,16.804
370,15.213,16.783
371,15.189,16.753
372,15.234,16.833
373,15.233,16.828
374,15.217,16.828
375,15.221,16.836
376,15.216,16.840
377,15.220,16.859
378,15.287,16.893
379,15.302,16.923
380,15.314,16.928
381,15.378,16.997
382,15.377,17.007
383,15.401,17.030
384,15.493,17.105
385,15.500,17.107
386,15.540,17.166
387,15.556,17.169
388,15.572,17.189
389,15.462,17.056
390,15.365,16.979
391,15.351,16.980
392,15.261,16.842
393,15.284,16.906
394,15.305,16.960
395,15.273,16.898
396,15.273,16.880
397,15.261,16.879
398,15.312,16.934
399,15.381,17.011
400,15.412,17.004
401,15.455,17.054
402,15.434,16.993
403,15.532,17.054
404,15.557,17.074
405,15.583,17.088
406,15.618,17.108
407,15.619,17.083
408,15.497,16.964
409,15.550,17.015
410,15.551,17.022
411,15.576,17.048
412,15.662,17.167
413,15.675,17.182
414,15.568,17.064
415,15.606,17.123
416,15.611,17.156
417,15.640,17.197
418,15.649,17.173
419,15.635,17.177
420,15.702,17.261
421,15.606,17.128
422,15.620,17.143
423,15.585,17.088
424,15.610,17.129
425,15.590,17.098
426,15.595,17.111
427,15.659,17.191
428,15.639,17.160
429,15.658,17.182
430,15.609,17.104
431,15.668,17.180
432,15.645,17.144
433,15.653,17.153
434,15.622,17.103
435,15.647,17.125
436,15.730,17.251
437,15.678,17.162
438,15.684,17.186
439,15.700,17.191
440,15.656,17.137
441,15.648,17.145
442,15.648,17.119
443,15.658,17.143
444,15.600,17.048
445,15.654,17.162
446,15.649,17.136
447,15.666,17.177
448,15.633,17.104
449,15.699,17.219
450,15.659,17.150
451,15.742,17.257
452,15.783,17.325
453,15.732,17.247
454,15.793,17.311
455,15.820,17.325
456,15.875,17.407
457,15.852,17.371
458,15.918,17.456
459,15.873,17.399
460,15.948,17.487
461,15.987,17.516
462,16.050,17.611
463,16.118,17.709
464,16.071,17.615
465,16.143,17.714
466,16.111,17.691
467,16.040,17.595
468,16.056,17.613
469,16.034,17.606
470,15.966,17.517
471,15.914,17.475
472,15.924,17.500
473,15.834,17.397
474,15.841,17.413
475,15.782,17.347
476,15.718,17.266
477,15.705,17.268
478,15.627,17.182
479,15.549,17.081
480,15.539,17.080
481,15.487,17.028
482,15.454,17.019
483,15.356,16.893
484,15.331,16.859
485,15.285,16.825
486,15.228,16.765
487,15.143,16.654
488,15.193,16.727
489,15.148,16.656
490,15.101,16.607
491,14.969,16.430
492,14.960,16.433
493,14.895,16.361
494,14.836,16.315
495,14.760,16.211
496,14.756,16.222
497,14.639,16.095
498,14.714,16.149
499,14.677,16.111
500,14.590,16.018
501,14.672,16.090
502,14.704,16.139
503,14.712,16.162
504,14.802,16.260
505,14.851,16.322
506,14.868,16.354
507,14.804,16.276
508,14.944,16.509
509,14.750,16.219
510,14.793,16.251
511,14.831,16.312
512,14.825,16.306
513,14.728,16.185
514,14.813,16.276
515,14.870,16.374
516,14.874,16.360
517,14.913,16.398
518,14.891,16.354
519,14.966,16.448
520,15.036,16.546
521,15.078,16.618
522,15.064,16.598
523,15.156,16.697
524,15.178,16.729
525,15.153,16.700
526,15.140,16.650
527,15.210,16.726
528,15.255,16.794
529,15.298,16.833
530,15.472,17.003
531,15.362,16.897
532,15.338,16.847
533,15.339,16.866
534,15.206,16.738
535,15.160,16.660
536,15.122,16.628
537,15.157,16.651
538,15.161,16.667
539,15.177,16.667
540,15.198,16.701
541,15.216,16.723
542,15.180,16.676
543,15.133,16.644
544,15.145,16.664
545,15.054,16.530
546,15.027,16.503
547,15.009,16.471
548,15.001,16.458
549,15.026,16.464
550,15.043,16.488
551,15.110,16.547
552,15.097,16.522
553,15.180,16.609
554,15.237,16.662
555,15.281,16.718
556,15.359,16.787
557,15.385,16.814
558,15.443,16.860
559,15.458,16.879
560,15.521,16.951
561,15.547,16.985
562,15.573,17.017
563,15.633,17.077
564,15.606,17.052
565,15.647,17.098
566,15.594,17.039
567,15.588,17.027
568,15.558,16.997
569,15.578,17.013
570,15.551,17.001
571,15.555,17.015
572,15.507,16.972
573,15.430,16.896
574,15.325,16.773
575,15.238,16.683
576,15.247,16.691
577,15.273,16.730
578,15.239,16.685
579,15.218,16.666
580,15.197,16.655
581,15.188,16.646
582,15.180,16.641
583,15.109,16.569
584,15.085,16.553
585,15.057,16.537
586,15.092,16.586
587,15.093,16.600
588,15.131,16.658
589,15.128,16.657
590,15.102,16.626
591,15.115,16.644
592,15.121,16.644
593,15.091,16.608
594,15.075,16.614
595,15.010,16.547
596,14.969,16.502
597,14.887,16.409
598,14.847,16.351
599,14.804,16.329
600,14.730,16.247
601,14.739,16.263
602,14.781,16.316
603,14.818,16.343
604,14.854,16.390
605,14.875,16.418
606,14.788,16.315
607,14.776,16.296
608,14.738,16.248
609,14.754,16.272
610,14.725,16.253
611,14.733,16.271
612,14.678,16.196
613,14.722,16.268
614,14.687,16.211
615,14.690,16.227
616,14.673,16.218
617,14.684,16.229
618,14.705,16.253
619,14.750,16.325
620,14.685,16.242
621,14.625,16.178
622,14.609,16.178
623,14.525,16.087
624,14.459,16.012
625,14.359,15.911
626,14.279,15.827
627,14.390,15.937
628,14.463,16.021
629,14.532,16.083
630,14.517,16.051
631,14.510,16.036
632,14.327,15.777
633,14.397,15.910
634,14.374,15.900
635,14.386,15.911
636,14.389,15.926
637,14.391,15.928
638,14.422,15.979
639,14.426,15.974
640,14.459,16.001
641,14.460,16.007
642,14.443,15.970
643,14.444,15.978
644,14.432,15.966
645,14.436,15.953
646,14.443,15.950
647,14.450,15.966
648,14.463,15.969
649,14.442,15.935
650,14.469,15.980
651,14.467,15.965
652,14.507,16.003
653,14.534,16.030
654,14.589,16.069
655,14.600,16.094
656,14.574,16.073
657,14.540,16.040
658,14.558,16.051
659,14.559,16.052
660,14.565,16.062
661,14.556,16.047
662,14.530,16.017
663,14.521,16.010
664,14.506,16.017
665,14.484,15.994
666,14.454,15.959
667,14.313,15.807
668,14.221,15.745
669,14.334,15.871
670,14.423,15.961
671,14.433,15.948
672,14.470,16.007
673,14.437,15.960
674,14.494,16.027
675,14.492,16.003
676,14.486,16.002
677,14.479,15.987
678,14.475,15.994
679,14.524,16.041
680,14.518,16.028
681,14.563,16.045
682,14.508,16.005
683,14.407,15.911
684,14.311,15.837
685,14.264,15.811
686,14.237,15.779
687,14.212,15.759
688,14.240,15.800
689,14.223,15.770
690,14.194,15.722
691,14.210,15.758
692,14.178,15.675
693,14.276,15.802
694,14.334,15.873
695,14.375,15.876
696,14.498,16.032
697,14.532,16.061
698,14.596,16.112
699,14.642,16.168
700,14.717,16.244
701,14.757,16.267
702,14.765,16.287
703,14.749,16.250
704,14.804,16.324
705,14.761,16.281
706,14.759,16.285
707,14.731,16.253
708,14.653,16.145
709,14.686,16.184
710,14.650,16.153
711,14.615,16.087
712,14.635,16.112
713,14.632,16.094
714,14.639,16.115
715,14.628,16.091
716,14.617,16.058
717,14.688,16.149
718,14.672,16.137
719,14.683,16.153
720,14.694,16.173
721,14.739,16.262
722,14.755,16.273
723,14.718,16.214
724,14.711,16.213
725,14.702,16.186
726,14.674,16.145
727,14.683,16.169
728,14.689,16.161
729,14.690,16.177
730,14.729,16.233
731,14.700,16.197
732,14.658,16.121
733,14.645,16.093
734,14.699,16.174
735,14.698,16.164
736,14.693,16.152
737,14.672,16.127
738,14.672,16.124
739,14.657,16.104
740,14.682,16.118
741,14.710,16.136
742,14.688,16.125
743,14.697,16.126
744,14.701,16.142
745,14.702,16.149
746,14.712,16.165
747,14.744,16.199
748,14.743,16.211
749,14.761,16.212
750,14.731,16.185
751,14.742,16.210
752,14.719,16.153
753,14.710,16.158
754,14.715,16.159
755,14.702,16.148
756,14.706,16.135
757,14.720,16.162
758,14.698,16.136
759,14.805,16.300
760,14.770,16.265
761,14.850,16.372
762,14.833,16.356
763,14.810,16.350
764,14.818,16.336
765,14.828,16.369
766,14.808,16.340
767,14.805,16.326
768,14.714,16.198
769,14.742,16.235
770,14.711,16.217
771,14.705,16.220
772,14.624,16.108
773,14.637,16.087
774,14.594,16.036
775,14.527,15.927
776,14.533,15.917
777,14.540,15.933
778,14.514,15.917
779,14.537,15.950
780,14.613,16.027
781,14.585,15.997
782,14.603,16.010
783,14.608,16.032
784,14.595,16.014
785,14.597,16.016
786,14.619,16.044
787,14.674,16.092
788,14.659,16.101
789,14.676,16.100
790,14.686,16.144
791,14.725,16.180
792,14.700,16.151
793,14.741,16.215
794,14.778,16.260
795,14.835,16.334
796,14.849,16.357
797,14.874,16.390
798,14.977,16.523
799,15.013,16.565
800,15.028,16.602
801,15.028,16.581
802,15.032,16.560
803,15.108,16.685
804,15.101,16.657
805,15.139,16.689
806,15.201,16.779
807,15.241,16.838
808,15.323,16.956
809,15.381,17.021
810,15.396,17.062
811,15.440,17.105
812,15.488,17.162
813,15.509,17.194
814,15.537,17.254
815,15.578,17.312
816,15.545,17.292
817,15.566,17.351
818,15.534,17.316
819,15.479,17.253
820,15.468,17.249
821,15.386,17.165
822,15.429,17.207
823,15.367,17.139
824,15.334,17.123
825,15.269,17.057
826,15.207,17.003
827,15.115,16.920
828,14.988,16.744
829,14.834,16.606
830,14.727,16.497
831,14.821,16.590
832,14.741,16.487
833,14.710,16.491
834,14.778,16.551
835,14.735,16.506
836,14.725,16.508
837,14.640,16.412
838,14.594,16.344
839,14.522,16.278
840,14.421,16.167
841,14.301,16.021
842,14.264,15.980
843,14.382,16.107
844,14.364,16.096
845,14.277,15.978
846,14.237,15.898
847,14.132,15.747
848,14.087,15.710
849,14.132,15.726
850,14.226,15.809
851,14.191,15.727
852,14.336,15.842
853,14.248,15.710
854,14.086,15.553
855,14.096,15.566
856,14.040,15.530
857,13.943,15.410
858,13.820,15.304
859,13.739,15.219
860,13.697,15.153
861,13.676,15.062
862,13.548,14.949
863,13.390,14.780
864,13.387,14.783
865,13.263,14.649
866,13.325,14.708
867,13.445,14.863
868,13.413,14.821
869,13.316,14.712
870,13.395,14.810
871,13.408,14.804
872,13.388,14.765
873,13.405,14.797
874,13.444,14.847
875,13.545,14.990
876,13.747,15.235
877,13.495,14.968
878,13.387,14.828
879,13.274,14.705
880,13.317,14.766
881,13.325,14.758
882,13.838,15.316
883,13.978,15.466
884,14.170,15.700
885,14.454,16.021
886,14.554,16.154
887,14.974,16.613
888,15.156,16.848
889,14.945,16.581
890,15.025,16.596
891,15.007,16.616
892,15.023,16.582
893,14.977,16.504
894,14.613,16.051
895,14.535,15.923
896,14.372,15.734
897,14.401,15.775
898,14.719,16.132
899,14.764,16.208
900,14.235,15.623
901,14.059,15.435
902,14.036,15.377
903,14.079,15.422
904,14.351,15.672
905,14.246,15.554
906,14.219,15.509
907,14.274,15.577
908,14.259,15.582
909,14.039,15.372
910,14.362,15.701
911,14.926,16.335
912,14.543,15.909
913,14.542,15.914
914,14.577,15.970
915,14.226,15.572
916,14.279,15.620
917,15.197,16.620
918,16.158,17.787
919,16.023,17.585
920,15.848,17.449
921,14.136,15.531
922,14.141,15.546
923,13.736,15.094
924,13.882,15.228
925,14.939,16.354
926,15.295,16.838
927,14.547,15.972
928,14.368,15.771
929,14.481,15.862
930,14.535,15.901
931,14.522,15.890
932,14.462,15.832
933,14.565,15.935
934,14.644,16.007
935,14.971,16.373
936,14.870,16.264
937,14.646,16.035
938,14.614,15.994
939,14.599,15.984
940,14.622,15.985
941,14.610,15.987
942,14.599,15.970
943,14.559,15.941
944,14.500,15.853
945,14.505,15.862
946,14.466,15.807
947,14.463,15.807
948,14.376,15.743
949,14.267,15.616
950,14.166,15.504
951,14.170,15.524
952,14.141,15.497
953,14.106,15.451
954,14.099,15.449
955,14.269,15.648
956,14.116,15.482
957,14.062,15.408
958,14.057,15.418
959,14.033,15.395
960,13.982,15.336
961,14.241,15.617
962,14.210,15.594
963,14.253,15.639
964,14.102,15.475
965,13.872,15.204
966,13.952,15.295
967,13.883,15.205
968,13.837,15.142
969,13.806,15.092
970,13.784,15.074
971,13.763,15.041
972,13.758,15.038
973,13.726,15.009
974,13.720,14.992
975,13.745,15.017
976,13.723,15.001
977,13.730,15.012
978,13.718,15.004
979,13.730,15.012
980,13.718,15.010
981,13.697,14.979
982,13.737,15.032
983,13.727,15.009
984,13.709,14.984
985,13.741,15.018
986,13.736,15.006
987,13.735,14.988
988,13.731,14.975
989,13.744,14.973
990,13.723,14.952
991,13.722,14.960
992,13.720,14.930
993,13.732,14.937
994,13.745,14.950
995,13.767,14.978
996,13.773,14.990
997,13.800,15.008
998,13.794,14.978
999,13.782,14.964
1000,13.836,15.035
1001,13.891,15.076
1002,13.912,15.108
1003,13.958,15.181
1004,14.014,15.237
1005,14.036,15.237
1006,14.083,15.294
1007,14.090,15.255
1008,14.122,15.273
1009,14.141,15.293
1010,14.152,15.311
1011,14.197,15.343
1012,14.239,15.376
1013,14.271,15.409
1014,14.344,15.472
1015,14.369,15.501
1016,14.424,15.549
1017,14.473,15.615
1018,14.492,15.622
1019,14.578,15.713
1020,14.615,15.737
1021,14.672,15.790
1022,14.737,15.846
1023,14.755,15.862
1024,14.851,15.968
1025,14.916,16.036
1026,14.909,16.001
1027,14.940,16.048
1028,14.985,16.090
1029,15.110,16.235
1030,15.146,16.271
1031,15.200,16.327
1032,15.327,16.476
1033,15.362,16.499
1034,15.398,16.546
1035,15.486,16.652
1036,15.551,16.734
1037,15.659,16.835
1038,15.717,16.916
1039,15.804,17.010
1040,15.892,17.128
1041,15.936,17.190
1042,16.022,17.299
1043,16.036,17.328
1044,16.071,17.362
1045,16.009,17.318
1046,15.973,17.261
1047,15.920,17.241
1048,15.882,17.201
1049,15.912,17.284
1050,15.887,17.251
1051,15.762,17.115
1052,15.831,17.235
1053,15.664,17.020
1054,15.773,17.184
1055,15.895,17.304
1056,16.084,17.600
1057,16.154,17.699
1058,16.021,17.527
1059,15.949,17.470
1060,15.898,17.430
1061,15.880,17.414
1062,15.724,17.225
1063,15.694,17.189
1064,15.662,17.174
1065,15.663,17.182
1066,15.665,17.169
1067,15.682,17.187
1068,15.673,17.205
1069,15.797,17.345
1070,15.812,17.334
1071,15.894,17.422
1072,16.009,17.552
1073,16.071,17.659
1074,16.059,17.622
1075,16.073,17.641
1076,16.110,17.686
1077,16.249,17.887
1078,16.102,17.662
1079,16.156,17.747
1080,16.093,17.686
1081,16.017,17.588
1082,15.999,17.559
1083,15.903,17.466
1084,15.944,17.444
1085,15.891,17.435
1086,15.908,17.450
1087,15.922,17.494
1088,15.903,17.481
1089,15.855,17.404
1090,15.884,17.449
1091,15.829,17.377
1092,15.804,17.338
1093,15.778,17.306
1094,15.768,17.323
1095,15.783,17.347
1096,15.731,17.276
1097,15.763,17.332
1098,15.721,17.284
1099,15.699,17.234
1100,15.729,17.299
1101,15.622,17.166
1102,15.652,17.221
1103,15.550,17.090
1104,15.550,17.124
1105,15.426,16.963
1106,15.445,17.009
1107,15.364,16.907
1108,15.335,16.874
1109,15.306,16.825
1110,15.307,16.839
1111,15.231,16.737
1112,15.116,16.609
1113,15.136,16.639
1114,15.091,16.606
1115,15.060,16.571
1116,15.060,16.574
1117,15.014,16.500
1118,14.990,16.486
1119,14.959,16.463
1120,14.964,16.459
1121,15.014,16.532
1122,14.982,16.490
1123,15.034,16.534
1124,15.045,16.554
1125,15.026,16.513
1126,15.104,16.596
1127,15.182,16.695
1128,15.148,16.634
1129,15.145,16.648
1130,15.077,16.564
1131,15.038,16.536
1132,15.034,16.529
1133,15.078,16.583
1134,14.907,16.378
1135,14.806,16.240
1136,14.726,16.177
1137,14.689,16.104
1138,14.708,16.150
1139,14.676,16.100
1140,14.939,16.423
1141,14.963,16.472
1142,14.959,16.486
1143,14.943,16.457
1144,15.058,16.610
1145,15.128,16.679
1146,15.231,16.786
1147,15.187,16.708
1148,15.190,16.745
1149,15.155,16.681
1150,15.233,16.781
1151,15.204,16.747
1152,15.218,16.761
1153,15.198,16.750
1154,15.183,16.729
1155,15.251,16.841
1156,15.185,16.719
1157,15.059,16.575
1158,15.188,16.700
1159,15.318,16.885
1160,15.369,16.936
1161,15.352,16.911
1162,15.355,16.924
1163,15.346,16.905
1164,15.331,16.901
1165,15.314,16.886
1166,15.320,16.895
1167,15.300,16.858
1168,15.305,16.888
1169,15.321,16.883
1170,14.997,16.522
1171,15.230,16.759
1172,15.258,16.803
1173,15.372,16.954
1174,15.342,16.922
1175,15.329,16.920
1176,15.331,16.918
1177,15.326,16.911
1178,15.294,16.871
1179,15.281,16.880
1180,15.246,16.820
1181,15.203,16.784
1182,15.204,16.788
1183,15.169,16.756
1184,15.011,16.602
1185,15.361,16.948
1186,15.427,17.043
1187,15.425,17.027
1188,15.403,17.015
1189,15.375,17.000
1190,15.370,16.995
1191,15.342,16.976
1192,15.310,16.959
1193,15.334,16.984
1194,15.245,16.894
1195,15.262,16.914
1196,15.286,16.953
1197,15.339,16.988
1198,15.406,17.083
1199,15.436,17.112
1200,15.572,17.247
1201,15.616,17.294
1202,15.602,17.251
1203,15.548,17.227
1204,15.509,17.190
1205,15.462,17.116
1206,15.452,17.119
1207,15.448,17.117
1208,15.246,16.894
1209,15.557,17.219
1210,15.605,17.253
1211,15.579,17.236
1212,15.576,17.250
1213,15.521,17.171
1214,15.527,17.168
1215,15.486,17.132
1216,15.439,17.098
1217,15.398,17.027
1218,15.362,16.984
1219,15.332,16.964
1220,15.263,16.843
1221,15.288,16.902
1222,15.281,16.886
1223,15.322,16.927
1224,15.399,17.016
1225,15.388,17.006
1226,15.404,17.005
1227,15.447,17.045
1228,15.518,17.120
1229,15.574,17.172
1230,15.577,17.155
1231,15.594,17.185
1232,15.623,17.193
1233,15.647,17.215
1234,15.678,17.232
1235,15.707,17.263
1236,15.701,17.246
1237,15.679,17.232
1238,15.677,17.242
1239,15.631,17.154
1240,15.615,17.135
1241,15.560,17.087
1242,15.572,17.117
1243,15.555,17.088
1244,15.507,17.046
1245,15.509,17.038
1246,15.566,17.097
1247,15.552,17.087
1248,15.634,17.164
1249,15.678,17.233
1250,15.782,17.313
1251,15.753,17.284
1252,15.744,17.265
1253,15.704,17.235
1254,15.542,17.063
1255,15.519,17.051
1256,15.501,17.038
1257,15.546,17.068
1258,15.573,17.112
1259,15.537,17.066
1260,15.531,17.062
1261,15.458,16.981
1262,15.422,16.950
1263,15.385,16.909
1264,15.314,16.825
1265,15.303,16.819
1266,15.329,16.877
1267,15.341,16.915
1268,15.237,16.781
1269,15.276,16.848
1270,15.160,16.696
1271,15.103,16.623
1272,15.126,16.669
1273,15.105,16.622
1274,15.192,16.756
1275,15.241,16.807
1276,15.205,16.740
1277,15.220,16.749
1278,15.236,16.771
1279,15.230,16.780
1280,15.253,16.790
1281,15.337,16.883
1282,15.294,16.838
1283,15.391,16.933
1284,15.397,16.929
1285,15.391,16.915
1286,15.408,16.912
1287,15.402,16.912
1288,15.461,16.975
1289,15.471,16.992
1290,15.463,16.986
1291,15.447,16.961
1292,15.446,16.978
1293,15.340,16.832
1294,15.377,16.906
1295,15.383,16.919
1296,15.429,16.989
1297,15.378,16.919
1298,15.434,16.994
1299,15.235,16.788
1300,15.218,16.763
1301,15.196,16.741
1302,15.252,16.822
1303,15.291,16.858
1304,15.320,16.880
1305,15.376,16.943
1306,15.454,17.039
1307,15.578,17.208
1308,15.419,17.016
1309,15.439,17.031
1310,15.427,17.006
1311,15.468,17.046
1312,15.530,17.130
1313,15.496,17.071
1314,15.477,17.039
1315,15.565,17.165
1316,15.539,17.136
1317,15.485,17.062
1318,15.434,16.968
1319,15.519,17.090
1320,15.502,17.055
1321,15.506,17.076
1322,15.535,17.132
1323,15.478,17.044
1324,15.517,17.098
1325,15.444,17.014
1326,15.430,16.969
1327,15.484,17.027
1328,15.529,17.089
1329,15.465,17.011
1330,15.467,17.014
1331,15.470,17.003
1332,15.458,17.001
1333,15.480,17.018
1334,15.506,17.063
1335,15.470,16.990
1336,15.474,17.003
1337,15.510,17.059
1338,15.494,17.015
1339,15.500,17.026
1340,15.452,16.971
1341,15.514,17.048
1342,15.464,16.988
1343,15.439,16.965
1344,15.425,16.924
1345,15.453,16.979
1346,15.479,17.009
1347,15.507,17.048
1348,15.447,16.976
1349,15.407,16.917
1350,15.486,17.040
1351,15.269,16.755
1352,15.140,16.611
1353,15.089,16.597
1354,15.062,16.576
1355,15.043,16.565
1356,14.948,16.450
1357,14.951,16.457
1358,14.854,16.345
1359,14.736,16.212
1360,14.659,16.126
1361,14.581,16.056
1362,14.534,15.989
1363,14.482,15.921
1364,14.431,15.863
1365,14.390,15.826
1366,14.384,15.807
1367,14.391,15.835
1368,14.461,15.927
1369,14.426,15.865
1370,14.418,15.844
1371,14.403,15.802
1372,14.434,15.855
1373,14.478,15.891
1374,14.482,15.894
1375,14.565,15.992
1376,14.600,16.021
1377,14.591,16.024
1378,14.572,16.002
1379,14.566,16.018
1380,14.580,16.033
1381,14.532,15.954
1382,14.562,15.993
1383,14.537,15.974
1384,14.607,16.077
1385,14.592,16.046
1386,14.587,16.052
1387,14.597,16.092
1388,14.497,15.947
1389,14.539,16.012
1390,14.563,16.032
1391,14.581,16.049
1392,14.595,16.051
1393,14.600,16.038
1394,14.644,16.108
1395,14.640,16.079
1396,14.690,16.136
1397,14.694,16.115
1398,14.681,16.135
1399,14.634,16.087
1400,14.641,16.106
1401,14.617,16.042
1402,14.701,16.146
1403,14.746,16.176
1404,14.783,16.218
1405,14.810,16.237
1406,14.847,16.288
1407,14.766,16.170
1408,14.775,16.209
1409,14.826,16.278
1410,14.842,16.296
1411,14.881,16.362
1412,14.949,16.443
1413,14.936,16.424
1414,14.952,16.423
1415,15.014,16.495
1416,14.955,16.399
1417,14.920,16.356
1418,14.926,16.365
1419,14.983,16.421
1420,15.013,16.458
1421,15.074,16.555
1422,14.995,16.459
1423,15.080,16.582
1424,15.053,16.575
1425,15.072,16.617
1426,15.089,16.644
1427,15.138,16.739
1428,15.104,16.708
1429,15.060,16.664
1430,15.038,16.636
1431,15.042,16.634
1432,15.023,16.616
1433,15.011,16.623
1434,15.019,16.607
1435,15.003,16.579
1436,15.016,16.603
1437,15.017,16.612
1438,14.969,16.536
1439,14.976,16.574
1440,14.994,16.603
1441,14.998,16.618
1442,15.010,16.637
1443,15.066,16.658
1444,15.104,16.707
1445,15.115,16.714
1446,15.079,16.684
1447,15.033,16.635
1448,15.066,16.692
1449,15.017,16.624
1450,15.037,16.636
1451,15.014,16.613
1452,15.041,16.662
1453,14.990,16.586
1454,15.050,16.682
1455,14.979,16.563
1456,14.971,16.542
1457,14.955,16.520
1458,15.066,16.605
1459,15.065,16.599
1460,15.076,16.611
1461,15.114,16.661
1462,15.084,16.629
1463,15.082,16.625
1464,15.090,16.642
1465,15.072,16.609
1466,15.085,16.624
1467,15.097,16.629
1468,15.093,16.628
1469,15.080,16.591
1470,15.089,16.610
1471,15.100,16.616
1472,15.083,16.609
1473,15.113,16.664
1474,15.101,16.633
1475,15.123,16.667
1476,15.120,16.651
1477,15.133,16.664
1478,15.133,16.669
1479,15.119,16.634
1480,15.142,16.663
1481,15.144,16.664
1482,15.139,16.658
1483,15.133,16.661
1484,15.167,16.687
1485,15.178,16.696
1486,15.187,16.723
1487,15.183,16.717
1488,15.212,16.748
1489,15.247,16.782
1490,15.255,16.790
1491,15.280,16.827
1492,15.309,16.880
1493,15.283,16.799
1494,15.284,16.792
1495,15.316,16.815
1496,15.339,16.857
1497,15.379,16.881
1498,15.421,16.935
1499,15.424,16.952
1500,15.471,16.989
1501,15.456,16.943
1502,15.488,17.007
1503,15.443,16.965
1504,15.455,16.965
1505,15.459,17.013
1506,15.466,16.993
1507,15.512,17.051
1508,15.540,17.062
1509,15.464,16.992
1510,15.497,17.050
1511,15.467,17.019
1512,15.518,17.075
1513,15.514,17.056
1514,15.558,17.129
1515,15.544,17.079
1516,15.588,17.161
1517,15.565,17.114
1518,15.530,17.069
1519,15.535,17.077
1520,15.534,17.085
1521,15.573,17.135
1522,15.579,17.133
1523,15.569,17.125
1524,15.614,17.168
1525,15.611,17.174
1526,15.612,17.146
1527,15.593,17.121
1528,15.603,17.135
1529,15.617,17.135
1530,15.599,17.119
1531,15.608,17.107
1532,15.634,17.164
1533,15.641,17.172
1534,15.641,17.170
1535,15.661,17.207
1536,15.647,17.183
1537,15.643,17.181
1538,15.643,17.181
1539,15.653,17.210
1540,15.588,17.128
1541,15.608,17.144
1542,15.605,17.122
1543,15.624,17.149
1544,15.613,17.133
1545,15.622,17.151
1546,15.626,17.154
1547,15.628,17.144
1548,15.624,17.151
1549,15.599,17.090
1550,15.603,17.115
1551,15.637,17.145
1552,15.589,17.078
1553,15.599,17.091
1554,15.584,17.071
1555,15.615,17.093
1556,15.583,17.079
1557,15.626,17.142
1558,15.604,17.092
1559,15.596,17.070
1560,15.605,17.101
1561,15.603,17.074
1562,15.598,17.082
1563,15.590,17.062
1564,15.584,17.043
1565,15.585,17.042
1566,15.570,17.041
1567,15.568,17.035
1568,15.561,17.017
1569,15.573,17.052
1570,15.564,17.020
1571,15.554,17.011
1572,15.539,16.991
1573,15.533,16.989
1574,15.535,16.978
1575,15.552,17.013
1576,15.516,16.973
1577,15.560,17.030
1578,15.523,16.977
1579,15.526,16.983
1580,15.516,16.987
1581,15.522,16.994
1582,15.485,16.951
1583,15.474,16.941
1584,15.455,16.921
1585,15.437,16.900
1586,15.433,16.883
1587,15.451,16.918
1588,15.420,16.884
1589,15.419,16.889
1590,15.420,16.872
1591,15.407,16.885
1592,15.396,16.908
1593,15.390,16.885
1594,15.371,16.874
1595,15.284,16.771
1596,15.256,16.759
1597,15.266,16.749
1598,15.234,16.702
1599,15.249,16.722
1600,15.273,16.724
1601,15.297,16.719
1602,15.309,16.717
1603,15.331,16.720
1604,15.332,16.705
1605,15.506,16.885
1606,15.542,16.947
1607,15.552,16.958
1608,15.581,17.001
1609,15.595,17.013
1610,15.547,16.980
1611,15.581,17.025
1612,15.597,17.073
1613,15.550,17.050
1614,15.525,17.035
1615,15.512,17.067
1616,15.408,16.995
1617,15.232,16.828
1618,15.183,16.761
1619,15.167,16.758
1620,15.143,16.713
1621,15.113,16.677
1622,15.074,16.641
1623,15.163,16.724
1624,15.175,16.698
1625,15.198,16.717
1626,15.146,16.668
1627,15.127,16.640
1628,15.149,16.692
1629,15.137,16.669
1630,15.101,16.637
1631,15.096,16.621
1632,15.093,16.611
1633,15.115,16.652
1634,15.096,16.613
1635,15.214,16.729
1636,15.236,16.750
1637,15.229,16.716
1638,15.238,16.744
1639,15.277,16.804
1640,15.284,16.830
1641,15.321,16.909
1642,15.309,16.894
1643,15.259,16.847
1644,15.268,16.830
1645,15.254,16.828
1646,15.262,16.839
1647,15.230,16.789
1648,15.228,16.807
1649,15.200,16.786
1650,15.209,16.770
1651,15.222,16.798
1652,15.198,16.765
1653,15.170,16.744
1654,15.174,16.748
1655,15.139,16.694
1656,15.105,16.666
1657,15.125,16.666
1658,15.100,16.634
1659,15.203,16.756
1660,15.244,16.793
1661,15.271,16.826
1662,15.262,16.809
1663,15.254,16.802
1664,15.238,16.779
1665,15.232,16.754
1666,15.243,16.768
1667,15.260,16.780
1668,15.273,16.782
1669,15.253,16.732
1670,15.307,16.797
1671,15.341,16.831
1672,15.375,16.879
1673,15.362,16.845
1674,15.382,16.856
1675,15.404,16.867
1676,15.410,16.897
1677,15.366,16.819
1678,15.341,16.796
1679,15.360,16.818
1680,15.279,16.745
1681,15.309,16.775
1682,15.274,16.732
1683,15.232,16.673
1684,15.226,16.695
1685,15.227,16.687
1686,15.263,16.727
1687,15.312,16.779
1688,15.358,16.825
1689,15.305,16.774
1690,15.349,16.832
1691,15.443,16.913
1692,15.448,16.912
1693,15.469,16.935
1694,15.441,16.904
1695,15.427,16.880
1696,15.444,16.919
1697,15.435,16.897
1698,15.447,16.909
1699,15.429,16.880
1700,15.444,16.897
1701,15.452,16.914
1702,15.453,16.918
1703,15.438,16.903
1704,15.415,16.879
1705,15.367,16.826
1706,15.336,16.787
1707,15.315,16.786
1708,15.283,16.747
1709,15.248,16.699
1710,15.213,16.663
1711,15.239,16.706
1712,15.226,16.691
1713,15.192,16.641
1714,15.203,16.679
1715,15.188,16.651
1716,15.173,16.654
1717,15.109,16.561
1718,15.118,16.579
1719,15.135,16.597
1720,15.226,16.716
1721,15.287,16.834
1722,15.243,16.764
1723,15.139,16.609
1724,15.142,16.610
1725,15.168,16.655
1726,15.109,16.602
1727,15.070,16.540
1728,15.071,16.536
1729,15.048,16.524
1730,15.117,16.642
1731,15.008,16.471
1732,15.011,16.495
1733,15.023,16.513
1734,14.991,16.458
1735,14.975,16.478
1736,14.977,16.495
1737,14.900,16.387
1738,14.834,16.305
1739,14.820,16.291
1740,14.938,16.417
1741,15.000,16.479
1742,14.999,16.483
1743,14.916,16.374
1744,14.935,16.391
1745,14.914,16.381
1746,14.921,16.404
1747,14.985,16.518
1748,14.927,16.442
1749,15.012,16.535
1750,14.988,16.514
1751,15.010,16.564
1752,15.005,16.536
1753,14.928,16.446
1754,14.916,16.448
1755,14.649,16.109
1756,14.873,16.465
1757,14.611,16.110
1758,14.475,15.873
1759,14.439,15.825
1760,14.725,16.245
1761,14.630,16.136
1762,14.506,15.983
1763,14.322,15.735
1764,14.378,15.767
1765,14.372,15.757
1766,14.433,15.841
1767,14.415,15.809
1768,14.486,15.901
1769,14.525,15.926
1770,14.568,15.979
1771,14.628,16.027
1772,14.690,16.070
1773,14.795,16.221
1774,14.910,16.358
1775,14.867,16.261
1776,14.800,16.200
1777,14.844,16.240
1778,15.036,16.432
1779,14.968,16.362
1780,14.947,16.357
1781,14.900,16.298
1782,14.762,16.160
1783,14.723,16.106
1784,14.707,16.117
1785,14.692,16.097
1786,14.625,16.035
1787,14.512,15.903
1788,14.499,15.898
1789,14.339,15.715
1790,14.218,15.590
1791,14.140,15.527
1792,14.038,15.419
1793,13.896,15.262
1794,13.777,15.137
1795,13.646,15.005
1796,13.470,14.825
1797,13.467,14.827
1798,13.346,14.701
1799,13.317,14.675
1800,13.369,14.729
1801,13.419,14.767
1802,13.459,14.803
1803,13.452,14.788
1804,13.566,14.946
1805,13.546,14.900
1806,13.624,14.994
1807,13.630,14.985
1808,13.782,15.148
1809,13.811,15.182
1810,13.867,15.224
1811,13.922,15.281
1812,13.730,15.065
1813,13.831,15.113
1814,13.634,14.864
1815,13.505,14.672
1816,13.584,14.749
1817,13.696,14.885
1818,13.774,14.964
1819,13.839,15.051
1820,13.866,15.095
1821,13.870,15.091
1822,13.956,15.213
1823,13.894,15.149
1824,13.707,14.935
1825,13.661,14.919
1826,13.594,14.851
1827,13.495,14.731
1828,13.427,14.676
1829,13.447,14.665
1830,13.529,14.777
1831,13.588,14.826
1832,13.673,14.904
1833,13.830,15.094
1834,13.932,15.208
1835,14.102,15.363
1836,14.137,15.430
1837,14.790,16.167
1838,15.215,16.732
1839,15.251,16.803
1840,15.035,16.566
1841,14.371,15.746
