0 428 171 18 65 0.98
0 514 169 16 52 0.79
0 380 145 18 80 0.37
0 480 96 26 103 0.33
0 393 148 15 73 0.30
1 427 173 18 65 0.96
1 482 102 25 102 0.39
2 427 172 18 64 0.97
2 482 108 24 90 0.32
3 429 170 17 63 0.93
3 514 168 18 53 0.81
4 429 168 19 69 0.94
4 513 165 18 55 0.80
4 459 126 16 81 0.32
4 481 97 24 99 0.31
5 433 173 19 65 0.86
5 482 110 23 88 0.67
5 513 167 18 56 0.59
6 511 168 24 53 0.94
6 432 175 23 61 0.92
7 433 180 25 55 0.94
7 512 166 20 57 0.77
7 481 110 23 87 0.38
8 432 177 33 59 0.98
8 512 168 22 54 0.80
9 431 176 36 59 0.95
9 514 167 19 52 0.87
10 433 176 34 61 0.98
11 437 176 31 61 0.94
11 516 166 17 53 0.83
12 438 178 29 57 0.82
12 515 167 21 54 0.79
12 479 76 25 121 0.32
13 516 166 19 56 0.89
13 442 180 26 55 0.70
14 441 178 28 60 0.85
14 480 90 26 109 0.35
15 517 165 18 56 0.91
15 447 173 22 63 0.85
16 518 165 21 54 0.96
16 450 171 23 65 0.95
17 519 167 18 51 0.94
17 456 173 18 62 0.86
17 481 106 22 89 0.57
18 518 167 19 53 0.97
18 455 170 22 65 0.92
19 456 173 21 63 0.97
19 519 163 21 57 0.90
19 480 101 25 97 0.39
20 452 128 30 106 0.93
20 520 168 17 52 0.93
20 481 102 23 100 0.64
20 452 179 26 56 0.36
21 454 176 36 59 0.91
21 520 165 19 57 0.77
21 481 106 23 91 0.76
22 521 166 16 55 0.94
22 454 178 39 57 0.87
22 453 141 41 94 0.84
22 481 106 25 89 0.59
23 521 163 17 58 0.89
23 454 147 41 87 0.86
23 482 114 22 81 0.62
23 455 128 23 74 0.32
24 455 176 40 59 0.97
24 520 164 23 58 0.85
24 481 106 25 92 0.51
25 458 169 38 67 0.93
25 521 168 23 52 0.72
25 480 109 25 82 0.38
26 461 173 35 62 0.95
26 522 164 21 54 0.92
26 480 105 24 88 0.36
27 457 171 38 63 0.94
27 523 165 20 55 0.59
28 468 171 27 65 0.95
28 522 161 21 62 0.71
29 472 169 24 66 0.91
30 476 171 24 61 0.78
31 523 165 22 54 0.60
31 479 109 24 90 0.45
31 455 117 23 100 0.41
32 524 166 21 51 0.78
32 478 104 25 108 0.55
32 481 173 20 59 0.35
33 524 165 20 56 0.77
33 485 176 19 58 0.65
33 478 101 27 126 0.54
33 453 120 21 91 0.33
34 525 168 20 51 0.87
34 454 120 23 93 0.78
34 483 155 24 79 0.72
34 78 162 21 79 0.54
34 85 163 12 33 0.36
35 526 165 18 55 0.93
35 484 168 24 67 0.89
35 457 117 19 96 0.63
35 478 109 25 88 0.46
35 480 113 26 119 0.36
36 485 170 30 65 0.92
36 526 166 17 57 0.91
36 479 117 36 116 0.80
36 477 113 28 93 0.42
36 455 118 21 95 0.36
37 486 170 31 64 0.96
37 456 122 21 88 0.67
37 525 160 19 61 0.46
38 485 173 34 63 0.97
38 455 124 21 90 0.79
38 524 160 21 65 0.46
39 487 170 34 66 0.99
39 524 166 20 57 0.58
39 476 110 25 85 0.49
40 487 169 30 66 0.97
40 477 113 24 85 0.40
40 364 155 16 68 0.35
40 370 154 17 70 0.32
41 489 168 33 67 0.98
41 528 168 18 55 0.86
42 490 170 31 66 0.96
42 528 166 17 56 0.89
42 456 120 21 92 0.73
42 477 107 23 89 0.57
43 493 170 29 66 0.98
43 525 165 23 62 0.70
43 383 170 16 58 0.46
43 374 162 14 61 0.40
43 477 105 25 92 0.33
44 499 169 25 65 0.95
44 526 166 20 58 0.83
45 448 119 27 99 0.79
45 503 167 23 68 0.71
45 526 161 22 66 0.66
45 477 115 24 83 0.47
45 448 179 25 38 0.44
46 526 166 20 60 0.92
46 505 167 20 66 0.89
46 477 99 23 97 0.76
47 507 169 20 64 0.95
47 527 163 19 65 0.91
47 452 119 23 96 0.65
48 507 168 25 66 0.94
48 528 166 20 61 0.61
48 453 126 22 92 0.51
48 384 154 15 68 0.47
49 452 125 24 94 0.91
49 509 170 23 65 0.84
49 515 169 24 64 0.46
49 477 107 23 89 0.46
50 512 172 26 62 0.84
50 532 164 17 62 0.63
50 452 114 23 101 0.46
51 512 170 29 63 0.80
51 531 160 20 67 0.59
51 454 125 24 86 0.50
52 513 170 33 64 0.82
52 457 177 17 40 0.60
52 97 201 33 46 0.35
53 513 169 34 65 0.98
53 533 164 20 59 0.81
54 511 167 36 70 0.98
54 448 127 28 92 0.89
54 533 162 18 72 0.52
55 513 167 34 70 0.99
55 449 123 24 93 0.70
55 101 195 27 52 0.65
55 475 110 24 89 0.63
55 525 165 25 70 0.63
55 534 161 18 70 0.57
56 515 168 33 68 0.97
56 451 117 26 102 0.71
56 477 106 25 88 0.50
57 519 167 29 66 0.91
57 475 105 26 90 0.71
57 106 193 24 55 0.47
57 451 121 23 85 0.44
58 519 170 31 65 0.98
58 446 124 29 97 0.41
58 363 157 14 64 0.33
59 526 168 26 68 0.98
59 476 104 25 94 0.82
59 446 131 30 89 0.44
60 528 169 27 68 0.97
60 475 106 25 93 0.46
60 445 125 31 95 0.31
61 530 168 27 68 0.97
61 124 173 22 74 0.78
61 446 119 30 102 0.67
61 477 107 23 92 0.65
62 534 167 23 68 0.99
62 445 131 31 89 0.84
62 128 173 16 36 0.41
62 126 172 17 65 0.39
62 477 112 22 87 0.36
63 535 163 25 73 0.99
63 476 96 25 103 0.33
64 536 166 26 71 0.98
64 447 127 29 94 0.73
64 131 163 16 84 0.52
64 475 99 26 100 0.30
65 537 168 27 72 0.97
65 127 167 28 82 0.89
65 447 133 29 89 0.51
66 537 169 32 71 0.97
66 448 128 25 87 0.35
67 539 173 30 66 0.98
67 446 102 32 122 0.45
67 535 169 12 34 0.44
68 541 173 31 68 0.99
68 446 126 29 93 0.76
68 476 113 23 89 0.68
69 541 171 34 70 1.00
69 446 128 30 93 0.78
69 475 111 25 89 0.77
70 541 172 33 69 1.00
70 472 102 28 101 0.76
70 447 128 28 92 0.74
71 542 171 33 69 0.99
71 474 96 26 104 0.71
71 152 204 16 45 0.65
71 443 109 36 114 0.43
72 550 173 24 64 0.92
72 445 126 30 93 0.75
72 543 176 24 59 0.53
72 473 100 27 98 0.32
73 547 172 30 67 0.94
74 552 171 32 69 0.97
74 473 103 27 96 0.59
74 440 117 39 105 0.54
75 556 172 24 65 0.92
75 540 169 19 61 0.86
75 473 101 28 100 0.54
75 444 103 34 119 0.33
76 540 168 19 65 0.91
76 559 171 23 66 0.91
76 473 109 26 92 0.64
77 561 172 21 69 0.93
77 541 170 16 64 0.92
77 472 114 27 89 0.83
77 428 126 18 88 0.34
78 563 173 19 66 0.88
78 542 174 15 56 0.87
78 353 170 19 58 0.52
79 564 173 20 68 0.97
79 540 169 17 63 0.93
79 446 130 31 96 0.84
79 474 109 26 95 0.74
80 565 174 22 67 0.97
80 541 167 18 68 0.95
80 441 114 34 113 0.59
80 472 109 28 93 0.57
80 354 167 18 63 0.39
80 361 166 16 61 0.34
81 540 164 19 70 0.95
81 567 175 23 67 0.93
81 445 121 33 104 0.65
81 472 101 28 104 0.41
82 567 172 31 68 0.93
82 542 170 18 66 0.85
82 472 110 27 91 0.71
82 442 108 34 115 0.32
83 568 174 32 70 0.98
83 542 168 17 67 0.86
83 474 119 26 83 0.55
83 440 111 35 112 0.50
84 541 169 22 68 0.98
84 568 170 35 76 0.97
84 443 130 26 89 0.67
84 473 108 26 94 0.49
85 572 174 30 70 0.97
85 542 168 20 70 0.94
85 473 113 28 92 0.75
85 442 131 30 93 0.70
86 572 176 31 67 0.96
86 543 168 18 69 0.86
86 440 124 38 103 0.57
86 472 109 27 94 0.44
87 576 176 27 66 0.98
87 543 168 20 66 0.97
87 472 113 27 90 0.66
87 445 132 25 88 0.38
88 543 165 20 72 0.98
88 578 179 25 61 0.69
88 474 119 26 89 0.69
88 444 136 26 87 0.63
88 422 133 20 88 0.56
89 544 165 19 71 0.98
89 470 90 30 116 0.49
89 443 116 28 104 0.44
90 544 166 20 75 0.97
90 446 128 22 93 0.50
90 587 171 22 59 0.34
91 546 166 17 65 0.97
91 469 109 29 95 0.60
92 545 167 19 58 0.97
92 590 172 18 62 0.79
92 424 131 20 52 0.42
92 469 119 29 85 0.42
93 187 188 20 65 0.83
93 544 169 19 51 0.34
94 186 183 22 74 0.90
94 543 168 22 59 0.83
95 187 186 24 70 0.47
96 187 181 30 68 0.89
97 187 179 34 75 0.96
97 447 138 18 56 0.52
97 422 133 19 72 0.43
98 182 183 44 71 0.93
98 446 133 21 77 0.59
98 471 125 24 71 0.42
98 421 132 19 82 0.41
99 473 117 24 88 0.73
99 444 132 25 81 0.66
99 185 191 38 63 0.35
100 186 195 37 59 0.79
100 446 145 22 71 0.50
101 546 168 17 39 0.89
101 472 117 25 92 0.57
101 439 129 31 94 0.46
101 186 194 35 56 0.30
102 545 171 21 43 0.74
102 469 121 27 83 0.47
102 444 132 28 94 0.35
103 546 170 20 58 0.96
103 439 134 31 91 0.85
104 546 171 22 71 0.98
104 440 128 35 101 0.40
104 467 104 29 98 0.35
105 546 169 22 76 0.98
105 439 136 37 92 0.74
106 546 170 21 68 0.97
106 213 195 19 62 0.85
106 442 136 32 92 0.75
107 545 171 22 67 0.98
107 215 192 17 63 0.82
107 618 172 15 72 0.71
107 442 135 28 88 0.69
107 472 122 25 85 0.54
108 546 171 22 68 0.97
108 619 171 18 73 0.86
108 216 189 17 66 0.73
108 442 132 29 90 0.60
108 469 111 26 94 0.45
109 546 170 21 68 0.98
109 442 138 30 91 0.80
109 216 191 17 66 0.65
109 469 124 25 85 0.39
110 547 170 22 70 0.96
110 218 191 22 64 0.81
110 470 120 26 88 0.59
110 443 131 29 93 0.40
111 548 173 20 65 0.97
111 219 158 31 99 0.96
111 468 114 26 96 0.53
112 216 164 38 93 0.99
112 547 171 22 69 0.97
112 469 122 26 84 0.51
112 441 129 23 93 0.46
113 548 170 22 72 0.98
113 218 182 38 74 0.93
113 439 122 37 107 0.67
114 548 171 20 70 0.98
114 220 180 38 76 0.96
114 469 116 27 91 0.54
115 548 170 23 73 0.98
115 220 187 41 68 0.70
115 441 131 30 93 0.53
116 221 177 42 80 0.97
116 549 170 22 69 0.97
116 437 121 36 110 0.38
117 550 168 23 71 0.96
117 224 195 41 61 0.90
117 437 119 36 111 0.71
117 468 123 28 85 0.31
118 549 170 25 72 0.97
118 233 181 28 76 0.82
118 343 173 17 56 0.40
118 436 122 36 108 0.37
119 550 173 23 70 0.95
119 435 128 39 102 0.66
119 241 184 21 73 0.47
119 469 119 26 88 0.43
120 550 172 23 72 0.95
120 245 194 19 64 0.62
120 444 121 28 104 0.59
121 550 171 24 71 0.94
121 243 193 19 65 0.66
121 468 108 25 101 0.49
121 342 177 16 53 0.49
121 346 178 17 52 0.34
121 444 129 28 96 0.34
122 550 174 25 71 0.97
122 243 190 21 65 0.86
122 439 132 26 91 0.67
122 468 118 26 89 0.62
123 551 175 25 72 0.98
123 436 121 36 110 0.60
123 342 173 19 63 0.36
124 552 176 23 69 0.98
124 249 201 18 55 0.84
124 441 131 31 98 0.70
124 466 119 27 90 0.39
124 344 180 14 54 0.31
125 553 175 23 71 0.98
125 253 181 20 75 0.76
125 345 191 13 42 0.31
126 553 171 23 74 0.98
126 253 178 23 81 0.96
126 467 115 27 94 0.54
126 440 106 33 123 0.37
127 251 179 32 81 0.98
127 555 172 21 72 0.98
127 340 176 19 56 0.43
127 439 134 26 89 0.38
128 555 172 21 74 0.98
128 248 179 40 82 0.97
128 434 101 40 129 0.70
128 467 106 27 104 0.61
128 410 86 44 136 0.35
129 556 171 21 75 0.98
129 247 177 46 84 0.92
129 437 98 37 129 0.46
130 557 171 21 75 0.99
130 250 200 45 56 0.85
130 466 123 27 90 0.63
130 443 132 28 94 0.38
131 558 172 21 73 0.98
131 249 190 48 68 0.86
131 438 131 27 92 0.49
131 440 122 35 111 0.45
131 338 165 22 67 0.41
131 466 119 26 96 0.37
132 559 172 21 75 0.98
132 250 187 51 71 0.96
132 337 171 22 64 0.66
132 363 179 18 61 0.31
133 556 172 23 73 0.98
133 253 198 46 61 0.95
133 339 169 19 63 0.54
134 558 172 22 74 0.96
134 261 184 37 72 0.86
134 341 174 16 59 0.47
134 336 173 17 62 0.39
135 560 173 21 75 0.98
135 340 175 17 62 0.31
136 560 170 24 78 0.98
136 266 202 31 54 0.81
137 561 171 23 76 0.93
137 269 200 29 58 0.82
137 466 120 26 87 0.71
137 436 134 39 98 0.65
137 341 169 17 62 0.36
138 561 173 23 73 0.98
138 275 187 24 71 0.91
139 563 172 21 76 0.92
139 277 171 21 86 0.65
139 432 92 39 137 0.38
139 340 169 17 64 0.34
140 562 171 23 77 0.95
140 283 211 17 50 0.91
140 464 104 28 99 0.39
140 361 184 17 57 0.33
141 562 170 22 77 0.96
141 285 211 17 50 0.36
142 563 173 21 75 0.99
142 283 199 23 60 0.91
142 277 184 31 76 0.49
142 453 101 36 126 0.39
142 491 66 34 155 0.35
142 463 109 28 99 0.30
143 564 172 20 73 0.98
143 278 188 34 71 0.92
144 563 172 21 77 0.98
144 455 114 34 117 0.57
144 342 178 15 56 0.42
144 336 178 16 56 0.41
145 566 174 17 72 0.99
145 281 193 42 63 0.76
145 433 137 30 88 0.66
145 463 111 27 99 0.51
146 568 176 16 69 0.99
146 288 197 36 61 0.35
147 566 174 20 74 0.99
147 285 194 39 63 0.74
147 435 137 26 84 0.63
147 463 119 27 97 0.44
148 568 173 20 75 0.99
148 457 112 31 118 0.38
149 569 177 20 70 0.98
149 461 107 29 107 0.50
149 436 99 26 123 0.35
150 568 175 23 73 0.99
151 568 173 24 75 0.98
151 456 111 32 120 0.68
151 436 136 21 86 0.45
151 335 170 18 63 0.44
151 340 171 17 63 0.38
151 305 181 24 76 0.31
152 569 172 24 78 0.99
152 305 182 25 80 0.66
152 462 108 28 108 0.39
152 458 158 18 75 0.33
153 568 173 27 77 0.98
153 436 137 23 80 0.35
153 456 114 28 116 0.32
154 569 174 28 78 0.96
154 457 113 32 114 0.72
154 455 161 21 73 0.36
154 435 138 24 85 0.35
154 490 76 33 137 0.31
154 454 133 28 98 0.30
155 568 178 30 72 0.99
155 435 135 23 85 0.40
156 570 178 30 72 0.99
156 458 99 31 127 0.41
157 570 178 29 73 0.99
158 572 176 31 73 0.99
158 462 119 29 94 0.50
159 573 176 27 73 0.99
159 435 134 22 77 0.55
160 574 175 28 76 0.98
160 461 117 30 88 0.53
160 436 133 22 69 0.42
161 574 177 27 73 0.99
162 576 176 24 71 0.96
162 461 113 28 85 0.30
170 330 177 18 59 0.45
170 342 173 18 66 0.39
170 349 170 18 73 0.36
170 326 180 17 55 0.31
171 432 145 28 81 0.39
171 333 174 18 59 0.37
171 341 174 17 60 0.35
172 435 140 21 81 0.66
174 354 177 24 80 0.80
174 433 136 25 89 0.76
174 460 124 27 95 0.66
174 352 177 22 58 0.49
174 334 178 15 54 0.36
175 353 182 28 78 0.91
175 331 174 19 62 0.45
175 435 128 23 93 0.39
176 586 176 21 67 0.86
176 355 182 28 76 0.67
176 431 125 28 102 0.45
176 586 178 16 51 0.45
176 461 116 28 90 0.44
176 333 180 16 55 0.32
177 354 178 35 81 0.90
177 587 177 21 63 0.84
177 460 180 21 60 0.72
178 587 178 27 73 0.92
178 457 118 30 113 0.38
178 580 181 15 50 0.32
178 430 135 25 93 0.32
178 585 181 21 54 0.31
179 587 179 26 72 0.96
179 464 193 15 46 0.66
179 358 175 30 82 0.52
179 409 76 27 121 0.34
180 357 181 33 78 0.85
180 588 175 24 75 0.62
180 334 176 14 56 0.34
181 587 177 27 72 0.92
181 363 178 26 82 0.67
181 456 130 29 108 0.49
182 589 172 27 83 0.96
182 363 164 32 100 0.72
182 466 207 11 35 0.62
182 459 127 28 84 0.31
183 587 176 29 71 0.90
183 463 185 17 55 0.79
183 585 178 22 55 0.41
183 361 163 23 82 0.41
183 342 169 16 66 0.39
183 333 175 15 59 0.34
184 589 175 27 79 0.93
184 331 173 20 60 0.45
184 340 170 17 64 0.34
184 349 162 22 79 0.31
185 591 172 24 81 0.99
185 432 114 27 109 0.53
185 466 203 12 36 0.49
186 592 172 22 80 0.99
186 465 199 13 42 0.34
187 592 171 22 82 0.99
187 466 194 16 47 0.59
188 593 174 22 76 0.98
188 466 202 13 37 0.42
188 360 165 20 87 0.37
189 595 175 20 77 0.99
189 330 173 19 64 0.52
189 431 113 26 114 0.39
189 326 173 17 63 0.34
189 465 199 15 41 0.30
190 595 177 21 72 0.96
190 464 187 18 53 0.53
190 378 139 35 117 0.44
190 432 138 21 87 0.35
191 596 172 21 78 0.99
191 384 158 37 102 0.74
191 467 207 12 33 0.55
191 373 163 20 83 0.44
191 326 177 16 58 0.37
192 597 172 22 81 0.98
192 435 117 21 107 0.62
192 466 204 13 35 0.52
192 384 135 40 120 0.36
192 459 123 28 87 0.34
193 598 177 21 75 0.98
193 466 193 15 47 0.74
193 332 174 18 60 0.39
193 384 123 45 136 0.38
194 597 179 23 75 0.95
194 382 140 48 120 0.77
195 597 172 24 83 0.97
195 463 181 22 60 0.33
196 598 177 23 78 0.95
196 457 129 30 103 0.32
197 599 172 25 84 0.93
198 600 175 24 79 0.93
198 459 128 27 97 0.45
199 599 173 23 80 0.95
199 466 193 15 50 0.68
199 432 130 23 95 0.49
200 599 176 25 81 0.94
200 436 139 20 82 0.42
200 466 191 15 52 0.41
201 600 175 23 80 0.92
201 459 119 29 115 0.82
201 436 127 20 94 0.62
202 599 172 27 83 0.93
203 599 174 25 80 0.92
203 401 129 39 130 0.67
203 432 137 21 81 0.45
203 458 126 28 112 0.39
204 601 178 23 76 0.97
204 436 136 20 81 0.79
204 459 125 27 117 0.78
205 599 174 25 82 0.95
205 435 135 20 81 0.53
205 458 128 28 87 0.42
205 328 190 16 43 0.34
205 334 188 13 45 0.31
206 600 178 25 76 0.93
206 460 127 26 85 0.64
206 406 89 42 171 0.42
206 419 184 26 78 0.39
207 603 179 21 78 0.92
207 392 137 19 74 0.32
208 601 181 24 75 0.95
209 601 177 23 79 0.89
209 418 138 47 123 0.37
210 603 174 23 83 0.98
210 420 198 47 62 0.44
210 467 201 12 39 0.40
211 603 178 22 77 0.97
211 459 132 27 107 0.44
212 603 173 22 82 0.97
212 348 161 19 78 0.34
212 330 171 19 66 0.31
213 602 172 23 84 0.98
213 326 181 15 54 0.38
213 465 183 17 61 0.30
214 604 171 22 84 0.98
214 457 120 29 117 0.59
215 602 173 23 83 0.98
215 328 171 20 66 0.48
216 603 174 22 84 0.98
216 462 186 19 58 0.32
216 445 183 29 74 0.30
217 604 172 21 84 0.98
218 604 174 22 81 0.98
219 603 174 22 82 0.97
220 604 178 20 78 0.96
220 456 131 30 121 0.85
221 604 175 22 81 0.97
221 456 110 32 146 0.71
222 604 175 21 82 0.98
222 458 125 30 111 0.66
223 604 174 21 82 0.98
224 603 173 23 83 0.99
225 604 175 22 82 0.98
226 605 174 21 82 0.98
226 458 183 46 77 0.87
227 605 179 21 78 0.98
228 604 172 22 84 0.99
229 605 176 21 80 0.98
230 605 180 21 77 0.98
230 460 130 27 101 0.69
231 606 178 20 79 0.99
232 604 177 21 79 0.98
232 459 123 30 110 0.35
233 606 173 20 82 0.98
233 470 195 18 57 0.52
234 606 178 20 78 0.99
234 459 128 29 108 0.69
234 405 81 37 146 0.43
235 605 173 22 82 0.99
236 605 180 20 77 0.99
236 338 200 10 36 0.41
236 330 196 9 38 0.36
236 340 202 10 33 0.36
236 333 198 8 36 0.33
237 605 176 22 81 0.98
237 331 176 16 60 0.65
237 470 191 16 53 0.44
237 327 179 15 55 0.34
237 406 80 29 121 0.34
238 605 178 21 78 0.98
238 459 117 30 114 0.77
238 430 95 30 134 0.30
239 604 174 22 82 0.98
240 605 177 22 80 0.97
241 604 175 22 81 0.97
241 459 121 29 98 0.38
242 605 180 21 76 0.98
243 606 175 20 80 0.98
243 328 190 15 45 0.59
243 470 188 17 56 0.43
243 335 189 13 48 0.43
243 459 128 27 80 0.31
244 604 175 22 81 0.99
245 605 177 20 78 0.98
245 337 198 11 36 0.48
245 332 196 12 38 0.47
245 330 194 10 40 0.34
246 605 176 20 79 0.98
246 500 177 35 77 0.84
246 472 197 14 46 0.60
246 341 203 11 33 0.35
246 460 125 27 98 0.34
246 338 201 10 34 0.33
246 332 197 12 37 0.32
246 328 195 11 38 0.32
247 605 177 21 79 0.99
248 604 178 21 77 0.94
248 459 128 29 110 0.61
248 469 188 18 58 0.33
249 605 179 21 77 0.97
249 507 171 27 82 0.44
249 460 127 28 113 0.43
249 434 130 23 94 0.35
250 604 175 23 79 0.98
250 460 119 31 122 0.50
250 468 186 21 57 0.43
251 604 175 21 81 0.98
251 469 186 18 57 0.76
251 461 104 31 133 0.37
252 604 180 20 74 0.97
252 460 122 31 116 0.64
253 604 177 23 79 0.98
253 405 79 39 145 0.44
253 472 190 14 55 0.35
254 603 180 24 78 0.95
254 459 128 30 105 0.43
254 436 123 21 100 0.32
255 603 178 23 78 0.98
255 473 202 12 43 0.42
256 603 177 23 79 0.97
256 460 129 28 92 0.39
257 603 180 22 76 0.95
258 601 181 24 73 0.95
258 459 129 30 90 0.68
259 602 177 24 69 0.92
260 603 177 22 60 0.58
261 603 181 20 51 0.75
263 603 174 22 36 0.62
267 328 188 15 46 0.51
267 333 189 14 46 0.32
268 360 189 23 61 0.40
269 326 181 15 55 0.57
269 331 180 16 57 0.53
269 428 137 26 94 0.51
269 351 176 20 69 0.48
271 459 129 27 88 0.39
272 460 127 27 88 0.63
272 430 126 24 101 0.51
273 551 175 24 64 0.77
273 459 131 28 85 0.40
273 477 203 13 44 0.31
274 552 175 29 75 0.76
274 461 128 27 89 0.33
274 328 190 12 45 0.32
275 600 173 25 83 0.93
275 558 171 26 78 0.67
275 405 83 39 143 0.31
276 556 174 27 76 0.96
276 600 174 25 82 0.94
276 460 130 28 84 0.54
276 435 124 21 99 0.52
276 337 201 12 36 0.31
277 602 184 22 73 0.98
277 562 174 19 74 0.65
278 560 174 28 79 0.96
278 600 175 26 81 0.93
278 476 194 16 46 0.36
279 601 175 25 81 0.96
279 563 173 27 77 0.94
280 600 176 26 80 0.97
280 472 187 23 55 0.81
280 570 178 20 73 0.77
281 475 184 20 60 0.93
281 600 173 25 84 0.92
281 571 179 23 70 0.86
281 434 124 23 98 0.77
281 400 121 34 133 0.57
282 602 176 23 81 0.96
282 458 107 40 130 0.50
282 458 125 29 95 0.32
283 602 178 23 79 0.94
283 473 185 22 61 0.93
284 476 189 20 57 0.95
284 599 181 27 77 0.92
285 600 178 26 77 0.86
285 457 124 30 92 0.31
286 600 175 24 80 0.90
286 579 180 19 70 0.58
286 459 119 28 91 0.42
287 600 175 24 80 0.91
287 431 125 24 103 0.41
288 599 181 27 75 0.90
288 476 190 17 54 0.32
289 478 193 17 53 0.75
289 599 179 27 76 0.56
290 600 175 24 81 0.94
290 578 178 19 64 0.81
290 460 126 26 91 0.61
291 599 179 25 77 0.94
291 459 128 30 90 0.65
292 601 175 24 80 0.92
292 457 128 29 88 0.42
292 408 82 35 137 0.39
293 597 179 28 76 0.90
293 431 124 22 104 0.40
294 598 174 27 82 0.94
294 433 127 24 101 0.52
294 356 199 19 50 0.37
294 458 127 28 89 0.32
295 599 178 25 73 0.94
295 459 127 29 89 0.57
296 597 175 27 80 0.95
297 594 174 29 80 0.98
297 326 191 14 44 0.50
297 330 193 13 42 0.43
298 598 174 27 82 0.95
298 480 183 17 65 0.32
299 600 177 26 78 0.97
299 430 107 30 119 0.50
299 481 190 16 58 0.43
300 598 174 27 82 0.97
300 481 181 15 67 0.73
301 600 175 25 81 0.96
301 435 123 21 96 0.55
301 330 194 13 44 0.42
301 327 194 11 43 0.40
301 459 127 27 86 0.39
302 598 175 28 82 0.97
302 481 189 15 58 0.55
302 331 196 12 42 0.47
302 329 197 11 40 0.40
302 335 197 12 41 0.39
302 461 124 27 87 0.33
303 600 175 25 83 0.94
303 406 77 37 154 0.57
303 331 197 12 41 0.46
303 328 197 11 40 0.37
304 600 177 26 80 0.94
304 459 127 30 86 0.59
305 602 176 24 80 0.96
305 459 127 28 88 0.66
306 602 180 25 75 0.95
306 432 133 24 95 0.55
306 460 129 27 88 0.42
307 601 175 27 84 0.92
307 435 128 21 97 0.36
308 601 177 26 80 0.96
308 458 118 28 101 0.59
308 487 83 47 131 0.43
308 435 133 20 90 0.32
309 600 181 27 73 0.95
309 459 129 27 91 0.71
309 435 137 21 81 0.69
309 409 140 24 67 0.45
310 602 182 25 72 0.92
310 459 130 27 84 0.54
311 602 178 24 78 0.84
312 603 177 21 53 0.50
313 603 175 22 47 0.54
320 431 133 23 96 0.31
321 434 132 23 93 0.57
321 460 128 26 90 0.48
321 404 80 34 170 0.42
322 484 188 15 61 0.59
323 433 135 22 91 0.59
323 484 182 18 66 0.53
324 482 178 20 70 0.78
324 584 146 52 105 0.57
324 460 125 24 89 0.39
325 460 126 25 92 0.72
325 601 172 28 90 0.67
325 485 197 14 52 0.36
326 605 178 22 79 0.98
326 482 174 20 67 0.54
326 458 129 26 91 0.48
327 605 182 22 75 0.98
327 486 210 13 38 0.65
327 432 129 22 98 0.37
328 606 178 21 78 0.99
328 483 180 19 64 0.72
329 605 179 23 79 0.97
329 433 124 24 103 0.51
329 459 130 27 86 0.45
330 607 184 20 75 0.98
330 483 182 22 66 0.93
330 435 135 20 89 0.79
331 606 180 22 78 0.97
331 459 126 25 93 0.61
332 606 181 21 76 0.98
332 459 131 24 89 0.64
332 433 132 23 94 0.58
333 607 180 21 77 0.98
333 483 174 23 76 0.94
333 456 131 27 86 0.40
333 436 138 18 84 0.32
334 608 184 19 75 0.96
334 485 175 22 72 0.92
334 434 130 20 95 0.70
334 458 131 25 87 0.49
335 607 177 22 81 0.97
335 407 80 27 118 0.39
336 606 177 21 81 0.97
336 434 132 22 90 0.55
336 458 133 25 84 0.46
337 607 182 22 75 0.99
337 484 174 24 75 0.52
338 607 182 20 76 0.97
338 486 179 20 67 0.93
338 434 133 21 91 0.60
338 373 157 17 61 0.47
338 458 130 25 89 0.43
339 607 182 21 75 0.98
339 487 176 21 72 0.92
339 434 132 22 92 0.80
339 460 129 25 90 0.69
340 607 179 21 80 0.98
340 487 183 19 62 0.90
340 458 128 25 90 0.41
340 431 125 22 101 0.35
341 606 180 22 79 0.99
341 486 175 21 72 0.89
341 435 133 20 91 0.50
342 606 176 22 81 0.98
342 487 175 20 73 0.88
342 460 128 24 89 0.34
343 606 181 21 76 0.98
343 458 123 26 96 0.56
343 434 129 21 97 0.54
344 607 183 20 75 0.98
344 487 179 19 68 0.79
345 606 181 22 77 0.98
345 485 179 22 64 0.61
345 431 130 24 97 0.58
346 607 175 21 83 0.98
346 434 134 21 90 0.74
346 483 179 23 56 0.71
346 459 135 24 83 0.53
347 604 182 23 78 0.94
347 486 173 23 70 0.74
347 458 131 25 88 0.60
347 434 132 20 93 0.44
348 605 182 22 77 0.97
348 432 127 22 100 0.51
348 489 184 19 64 0.43
349 606 175 24 83 0.98
349 490 181 19 66 0.69
350 606 181 21 78 0.97
350 487 182 21 67 0.91
350 431 130 22 98 0.57
351 606 180 21 77 0.98
351 488 179 23 68 0.88
351 433 131 21 97 0.67
351 458 129 27 90 0.45
352 606 180 22 78 0.98
352 489 181 23 68 0.79
352 433 131 23 95 0.66
352 460 126 23 86 0.48
353 489 180 23 68 0.82
353 607 179 21 81 0.80
353 458 125 26 91 0.53
353 431 118 25 110 0.53
354 606 181 21 77 0.98
354 492 187 20 62 0.79
355 607 180 21 77 0.97
355 490 182 23 66 0.93
355 459 130 24 88 0.50
355 433 130 22 97 0.44
355 404 83 32 161 0.42
356 606 179 22 80 0.96
356 489 182 23 67 0.85
356 459 126 27 93 0.39
357 608 185 19 72 0.97
357 491 178 22 70 0.85
357 432 132 21 95 0.64
357 459 129 24 89 0.57
358 607 178 21 80 0.98
358 432 129 24 98 0.69
359 607 178 21 80 0.98
359 458 129 26 89 0.67
359 491 176 21 73 0.49
359 433 129 23 97 0.42
360 606 178 21 81 0.96
360 435 133 20 87 0.87
360 458 130 27 89 0.54
361 607 175 21 82 0.97
361 435 130 19 94 0.52
361 459 129 25 87 0.30
361 327 191 13 45 0.30
362 606 181 20 78 0.98
362 457 125 27 92 0.43
362 496 212 12 39 0.37
363 606 176 23 83 0.98
364 607 182 20 79 0.92
364 488 77 42 149 0.43
364 435 117 21 110 0.38
365 458 127 26 91 0.76
365 607 178 19 67 0.72
365 431 130 22 98 0.66
365 360 168 19 86 0.35
366 609 177 17 56 0.84
366 498 184 22 66 0.64
366 430 134 24 94 0.32
367 459 123 25 96 0.83
367 432 129 21 97 0.80
367 607 175 20 51 0.72
368 499 184 18 64 0.59
368 429 125 27 105 0.58
368 460 130 25 86 0.52
369 499 187 19 61 0.90
369 434 130 22 96 0.67
369 458 119 26 97 0.38
370 606 173 20 48 0.81
370 490 109 34 137 0.67
370 498 179 22 69 0.66
370 461 129 23 87 0.48
371 459 123 26 96 0.79
371 429 134 26 96 0.71
371 492 87 38 159 0.45
372 500 183 19 54 0.73
372 459 132 26 87 0.64
372 435 128 20 99 0.39
373 430 134 24 93 0.54
373 460 129 26 87 0.46
373 491 73 44 157 0.38
374 459 127 26 91 0.79
374 433 138 22 87 0.75
374 497 179 27 45 0.41
375 459 130 26 87 0.44
375 433 134 23 93 0.44
376 488 109 34 110 0.38
376 458 115 27 96 0.37
378 458 125 28 93 0.51
378 490 91 30 116 0.40
379 434 130 22 91 0.57
379 459 125 26 88 0.57
379 408 135 23 85 0.46
380 458 129 28 77 0.76
380 435 133 21 86 0.42
381 606 176 20 40 0.63
381 435 136 20 76 0.58
381 458 132 26 66 0.52
381 410 135 22 83 0.36
382 391 130 22 90 0.31
383 606 176 20 63 0.75
384 604 177 23 80 0.61
385 607 180 21 71 0.76
385 459 124 26 67 0.75
386 607 183 17 53 0.84
387 608 181 16 44 0.63
388 608 178 18 40 0.45
392 460 133 26 69 0.41
393 459 124 26 86 0.51
393 436 131 19 88 0.33
394 433 128 24 101 0.45
394 458 129 27 88 0.37
395 459 125 28 92 0.62
395 435 130 20 96 0.56
395 507 182 18 32 0.40
396 508 182 20 67 0.88
396 460 119 25 95 0.47
397 507 178 24 72 0.89
397 459 123 27 93 0.55
398 504 183 27 66 0.88
398 459 136 27 79 0.48
399 607 177 20 87 0.92
399 512 209 15 42 0.53
399 510 182 20 67 0.50
399 458 110 28 104 0.45
400 606 181 21 78 0.98
400 506 176 28 76 0.98
400 433 127 23 100 0.45
400 458 124 27 92 0.44
401 607 173 22 85 0.98
401 507 178 25 75 0.94
401 459 121 25 95 0.69
401 434 126 21 99 0.55
402 607 178 21 81 0.95
402 508 178 22 74 0.92
403 508 178 24 74 0.96
403 607 180 22 81 0.91
403 457 128 30 88 0.65
404 607 180 21 79 0.97
404 510 179 23 74 0.89
404 458 130 28 82 0.31
405 607 177 22 81 0.97
405 509 181 24 71 0.92
405 430 127 24 99 0.48
405 459 119 26 97 0.48
406 606 177 21 82 0.98
406 507 180 26 73 0.95
407 607 177 22 81 0.95
407 511 181 23 70 0.91
407 435 133 19 91 0.69
407 458 132 29 84 0.55
408 607 181 20 78 0.97
408 508 181 26 69 0.93
408 458 124 28 92 0.34
409 607 177 21 81 0.98
409 509 178 26 76 0.84
409 432 130 21 97 0.70
409 459 121 27 95 0.49
410 607 180 21 77 0.97
410 507 177 29 77 0.95
410 459 124 26 92 0.37
411 607 175 21 82 0.98
411 458 121 27 97 0.83
411 511 181 23 70 0.76
411 434 137 20 85 0.75
411 511 181 17 37 0.36
412 607 176 21 82 0.95
412 509 177 27 75 0.93
413 607 176 22 84 0.97
413 512 179 22 71 0.65
413 456 130 28 88 0.54
413 434 135 21 90 0.45
414 607 180 21 79 0.97
414 510 179 24 69 0.82
414 457 122 29 95 0.59
414 434 121 22 106 0.41
414 510 178 20 49 0.34
415 607 176 21 81 0.97
415 515 178 22 69 0.95
415 459 128 25 88 0.33
415 435 131 20 90 0.32
416 607 182 20 79 0.96
416 510 177 27 72 0.93
416 457 128 28 89 0.75
416 431 131 22 88 0.64
417 606 179 24 81 0.97
417 515 185 23 66 0.89
417 458 123 27 94 0.48
418 607 181 22 80 0.96
418 510 180 33 75 0.96
418 457 134 26 83 0.79
418 431 135 21 90 0.77
418 400 129 26 109 0.34
419 514 180 30 74 0.97
419 606 175 23 83 0.97
419 458 125 27 93 0.66
419 436 125 20 99 0.35
420 517 181 28 72 0.96
420 606 181 21 78 0.95
420 458 124 26 92 0.78
420 432 130 20 95 0.67
420 411 133 20 98 0.37
421 607 178 21 79 0.98
421 516 183 27 70 0.95
421 458 122 26 95 0.76
421 435 129 19 92 0.61
422 517 180 26 75 0.97
422 605 182 22 75 0.95
422 457 117 29 101 0.82
422 432 128 20 97 0.43
423 608 177 21 80 0.98
423 518 183 24 70 0.94
423 459 120 27 96 0.55
424 607 182 21 76 0.98
424 519 181 23 72 0.96
424 432 127 21 96 0.74
424 457 134 28 83 0.61
425 607 180 22 80 0.95
425 519 189 25 63 0.91
425 459 129 26 87 0.53
425 428 121 27 109 0.44
426 607 179 20 78 0.98
426 519 192 28 60 0.94
426 431 130 22 98 0.80
426 458 136 27 77 0.47
426 408 133 23 108 0.32
427 606 177 24 82 0.97
427 520 182 25 69 0.91
427 459 129 26 87 0.41
428 607 177 21 81 0.94
428 428 131 26 98 0.71
428 524 198 20 55 0.61
428 458 111 28 106 0.43
429 606 177 23 81 0.98
429 521 183 26 72 0.91
430 432 129 20 95 0.80
430 607 183 19 66 0.77
430 522 184 24 69 0.69
430 456 130 30 87 0.68
431 607 178 18 52 0.62
432 527 186 22 67 0.88
432 429 129 24 102 0.67
432 607 178 18 45 0.46
433 527 182 24 73 0.91
433 427 131 28 100 0.62
434 523 178 29 67 0.97
434 457 116 29 102 0.69
434 430 117 23 113 0.31
435 457 122 28 97 0.76
435 524 181 28 46 0.57
435 434 132 22 93 0.49
435 355 202 21 50 0.45
436 524 181 22 41 0.67
436 434 126 21 96 0.61
436 458 127 27 87 0.50
437 525 184 21 37 0.67
437 430 132 22 97 0.42
437 457 126 28 88 0.33
438 457 121 28 94 0.61
438 399 85 41 163 0.30
439 427 131 25 100 0.61
439 457 121 28 97 0.43
440 456 129 29 88 0.79
440 430 129 23 90 0.55
442 432 131 22 86 0.52
442 457 131 27 74 0.40
442 409 133 20 80 0.32
444 606 173 18 41 0.45
444 430 128 19 70 0.39
445 605 182 22 73 0.95
446 606 180 19 78 0.97
447 606 176 22 83 0.98
447 456 130 27 59 0.36
448 606 175 21 82 0.97
448 525 178 32 42 0.48
449 606 177 20 80 0.90
449 527 182 31 74 0.89
449 523 185 26 72 0.30
450 606 178 21 80 0.98
450 525 179 34 77 0.96
450 457 124 27 86 0.62
451 607 179 22 78 0.95
451 526 179 32 79 0.94
451 409 140 20 60 0.53
451 456 127 28 87 0.47
452 606 179 22 79 0.98
452 528 180 32 77 0.96
452 458 123 25 91 0.68
453 528 176 34 84 0.99
453 606 180 23 77 0.97
453 457 120 27 98 0.64
454 528 177 33 82 0.97
454 605 184 22 75 0.94
454 428 121 23 102 0.39
455 606 177 22 80 0.98
455 531 177 28 82 0.97
455 457 123 27 92 0.84
455 429 134 22 95 0.59
455 398 132 30 118 0.44
455 45 166 15 49 0.39
456 531 177 31 84 0.98
456 606 182 20 76 0.95
456 457 110 27 108 0.70
456 428 104 26 128 0.47
457 535 180 24 77 0.97
457 606 180 21 79 0.97
457 428 116 26 111 0.56
457 456 112 27 103 0.38
458 606 181 21 78 0.98
458 536 176 27 82 0.98
458 457 123 27 90 0.46
458 428 134 24 90 0.39
459 537 175 27 82 0.98
459 606 180 20 76 0.95
459 457 120 28 98 0.84
459 396 72 39 168 0.45
460 536 175 29 84 0.99
460 606 179 21 78 0.99
460 457 126 27 92 0.72
460 427 133 24 92 0.54
461 605 178 21 80 0.99
461 537 176 29 83 0.98
461 455 113 29 101 0.51
461 401 74 37 152 0.38
462 538 174 28 83 0.98
462 604 181 23 77 0.98
462 456 117 27 98 0.85
462 427 103 26 123 0.53
463 606 176 20 80 0.98
463 538 174 28 83 0.98
463 428 132 23 94 0.72
463 457 121 25 88 0.63
463 399 74 34 177 0.32
464 606 176 20 80 0.98
464 539 173 29 86 0.97
464 456 119 25 96 0.74
464 427 123 26 104 0.68
465 606 177 20 78 0.98
465 538 174 31 86 0.96
465 457 127 26 88 0.74
465 430 137 20 78 0.41
466 604 174 24 83 0.99
466 539 174 30 88 0.98
466 454 129 30 82 0.59
466 431 143 23 69 0.59
467 606 178 20 78 0.99
467 540 175 29 86 0.94
467 454 125 29 83 0.61
467 430 131 20 77 0.57
467 407 138 20 63 0.33
468 603 176 24 79 0.99
468 456 131 26 72 0.70
468 540 175 31 47 0.55
468 435 144 17 47 0.49
469 602 177 24 50 0.54
469 540 176 31 36 0.40
470 603 171 25 42 0.52
480 425 144 26 81 0.76
481 455 125 27 87 0.79
481 426 138 22 88 0.56
482 454 118 25 96 0.48
482 427 124 20 100 0.46
483 539 175 20 63 0.77
483 424 135 26 90 0.75
484 541 175 35 88 0.94
484 455 124 26 92 0.79
484 427 131 23 92 0.76
485 541 174 38 90 0.98
485 599 174 25 77 0.73
486 543 175 34 90 0.98
486 426 135 23 89 0.59
486 601 175 23 49 0.33
487 543 177 29 83 0.97
487 426 134 21 90 0.53
488 542 176 31 59 0.94
488 595 170 30 47 0.81
488 423 135 25 91 0.65
489 547 176 27 48 0.84
489 426 133 23 90 0.61
489 598 176 26 41 0.46
489 452 121 27 94 0.44
490 547 176 26 46 0.83
490 425 135 24 90 0.72
491 425 133 23 93 0.74
491 548 176 22 43 0.61
492 421 137 27 92 0.56
493 422 141 26 86 0.82
495 425 139 23 82 0.32
498 594 171 24 41 0.35
499 594 173 28 81 0.97
499 552 174 25 34 0.42
500 596 173 25 83 0.97
500 561 178 21 43 0.37
500 555 176 22 40 0.37
501 596 174 23 83 0.98
501 549 176 28 86 0.89
502 552 176 25 91 0.94
502 597 176 20 81 0.91
503 552 176 25 91 0.97
503 595 172 25 84 0.97
504 549 176 30 91 0.97
504 596 177 24 80 0.91
504 479 75 40 154 0.31
505 596 176 21 82 0.97
505 550 175 29 92 0.95
505 399 81 30 121 0.53
505 403 138 22 61 0.31
506 596 177 20 81 0.97
506 548 176 30 89 0.96
507 596 179 21 79 0.97
507 551 175 28 90 0.95
507 452 123 26 95 0.41
508 551 176 29 91 0.97
508 595 176 21 82 0.97
508 421 139 24 89 0.78
509 594 174 24 85 0.98
509 548 176 31 90 0.96
509 451 127 26 89 0.30
510 551 177 30 90 0.96
510 595 176 20 83 0.96
510 425 135 20 90 0.51
511 594 175 22 85 0.98
511 549 179 32 89 0.96
512 596 178 20 83 0.95
512 548 176 34 90 0.94
513 595 177 21 82 0.98
513 551 180 29 88 0.92
513 422 136 24 89 0.52
514 595 181 21 77 0.98
514 549 176 30 94 0.95
514 423 133 22 92 0.58
514 448 131 27 88 0.47
515 594 176 22 84 0.98
515 548 178 34 92 0.97
515 450 117 26 99 0.41
516 595 183 20 79 0.97
516 550 179 32 91 0.97
516 418 136 27 94 0.93
516 448 132 27 87 0.41
517 549 177 33 94 0.99
517 595 178 20 81 0.97
517 424 137 22 86 0.87
517 450 121 27 96 0.46
518 549 178 34 93 0.99
518 593 178 22 83 0.98
518 423 136 23 90 0.81
519 593 176 23 83 0.98
519 550 174 33 96 0.98
519 450 122 25 93 0.70
519 423 106 25 117 0.49
520 548 178 35 92 0.98
520 593 178 20 80 0.75
520 425 134 19 87 0.66
520 401 129 21 109 0.46
521 552 176 30 94 0.97
521 592 178 22 82 0.96
521 448 128 28 90 0.46
522 551 176 32 94 0.98
522 593 179 21 80 0.94
522 448 114 28 100 0.65
522 425 123 21 98 0.45
523 550 175 32 96 0.98
523 592 175 23 84 0.87
524 550 176 31 94 0.97
524 592 176 22 85 0.86
524 419 125 26 103 0.35
525 548 175 33 95 0.96
525 592 175 22 85 0.94
525 418 131 25 96 0.73
526 551 176 31 96 0.95
526 590 178 24 83 0.89
526 446 110 29 108 0.44
526 478 87 39 134 0.36
527 551 176 30 93 0.97
527 589 177 26 84 0.91
527 422 131 24 93 0.67
528 551 177 31 93 0.97
528 590 179 24 82 0.92
528 416 130 29 99 0.76
528 449 119 27 97 0.40
529 550 177 31 93 0.96
529 590 174 24 88 0.93
529 422 131 23 94 0.80
529 448 125 28 93 0.61
530 551 177 31 93 0.98
530 591 181 22 80 0.90
530 417 137 26 90 0.81
531 550 178 33 93 0.95
531 589 179 25 83 0.91
531 448 120 28 96 0.70
531 416 117 28 108 0.42
532 551 176 30 95 0.98
532 589 176 24 87 0.92
532 324 202 13 35 0.71
532 418 125 26 102 0.35
532 319 200 12 36 0.31
533 552 176 29 94 0.98
533 590 175 23 88 0.93
533 449 122 27 96 0.67
534 552 176 32 93 0.98
534 588 179 25 84 0.92
534 448 126 27 93 0.48
534 420 121 22 96 0.35
534 324 200 12 38 0.32
535 552 177 31 93 0.98
535 589 184 24 78 0.90
535 422 132 20 91 0.71
535 448 129 27 91 0.46
536 553 177 30 94 0.98
536 587 179 25 84 0.95
536 419 103 26 121 0.38
536 446 115 28 100 0.35
536 399 134 21 109 0.32
537 551 178 31 93 0.98
537 588 179 22 84 0.95
537 447 127 27 90 0.49
538 551 176 30 96 0.97
538 589 180 21 81 0.94
538 447 125 28 94 0.74
538 421 135 22 87 0.53
539 551 178 30 93 0.99
539 586 178 24 83 0.96
539 415 133 29 97 0.64
539 447 126 26 91 0.46
540 551 177 31 95 0.98
540 586 180 25 83 0.95
541 549 179 34 93 0.99
541 587 180 23 81 0.95
541 446 120 27 96 0.65
541 419 133 23 88 0.48
541 354 163 15 68 0.38
542 551 178 31 95 0.99
542 586 178 24 85 0.98
542 445 121 29 95 0.82
543 550 180 32 92 0.97
543 586 182 25 79 0.92
543 446 127 28 87 0.68
543 417 131 23 94 0.46
543 413 129 18 97 0.32
544 551 179 31 94 0.99
544 586 179 24 85 0.95
544 446 123 28 94 0.78
544 321 204 13 33 0.52
544 417 131 25 93 0.46
545 551 178 30 95 0.96
545 586 185 23 79 0.94
545 445 123 29 94 0.55
546 551 179 30 93 0.98
546 586 182 22 80 0.95
546 322 201 12 36 0.54
547 551 177 29 97 0.99
547 584 181 25 85 0.98
547 445 124 28 91 0.41
548 550 179 30 92 0.99
548 585 184 23 78 0.97
549 549 179 33 95 0.98
549 586 185 22 80 0.95
549 445 125 27 91 0.71
550 583 182 25 81 0.98
550 550 176 32 98 0.97
551 552 180 28 92 0.98
551 585 185 23 78 0.95
551 444 117 29 105 0.77
551 316 203 12 34 0.48
552 550 178 31 95 0.98
552 584 185 23 79 0.96
552 444 126 28 91 0.82
552 415 138 25 82 0.40
553 550 178 31 96 0.98
553 585 183 23 81 0.96
554 550 179 33 95 0.99
554 585 180 22 81 0.98
554 445 124 25 91 0.68
555 551 175 29 99 0.97
555 584 183 24 80 0.96
556 550 177 29 96 0.98
556 583 180 25 86 0.98
556 443 128 26 89 0.76
557 549 179 32 94 0.97
557 583 186 25 78 0.95
557 410 95 32 134 0.38
558 549 178 31 94 0.98
558 585 185 23 78 0.95
558 313 199 12 39 0.68
558 415 119 24 106 0.53
558 443 125 28 92 0.32
559 550 178 31 95 0.97
559 584 187 23 78 0.95
559 411 128 29 102 0.79
560 583 186 25 79 0.96
560 549 176 32 97 0.96
560 414 129 24 98 0.64
560 558 182 28 86 0.33
561 548 178 32 95 0.97
561 584 183 24 82 0.96
561 444 124 26 89 0.67
561 385 80 43 148 0.43
562 549 178 31 96 0.97
562 584 182 23 84 0.97
562 410 106 34 125 0.58
563 549 179 31 94 0.99
563 441 121 29 94 0.74
563 580 188 27 71 0.58
564 548 179 32 95 0.98
564 584 183 24 84 0.96
564 442 122 28 96 0.50
564 414 123 26 102 0.39
565 550 177 29 97 0.98
565 584 180 23 85 0.95
565 410 126 29 104 0.77
566 548 180 32 94 0.98
566 583 181 25 83 0.97
566 442 127 26 90 0.33
567 549 178 31 95 0.98
567 584 186 24 79 0.93
567 440 111 29 104 0.73
567 388 77 33 125 0.37
568 549 179 32 94 0.98
568 583 185 23 81 0.97
568 441 125 28 94 0.57
568 411 131 27 96 0.37
569 549 179 32 95 0.98
569 584 183 24 82 0.95
569 414 133 22 92 0.66
569 470 112 37 115 0.43
570 549 179 30 96 0.98
570 583 182 25 84 0.98
570 311 198 12 40 0.55
570 413 139 23 87 0.46
570 308 198 11 40 0.36
571 550 179 31 96 0.97
571 581 182 26 83 0.59
571 412 121 25 106 0.30
572 548 179 32 95 0.98
572 582 185 26 81 0.95
572 381 79 38 162 0.47
573 550 179 31 96 0.99
573 584 187 23 78 0.96
574 549 179 30 95 0.99
574 583 184 24 82 0.97
574 409 136 25 90 0.64
575 549 179 32 95 0.97
575 582 179 25 88 0.94
576 548 179 32 97 0.98
576 582 185 25 83 0.96
576 439 122 28 93 0.72
576 415 126 21 96 0.40
576 388 82 31 158 0.33
577 549 178 31 96 0.99
577 582 187 25 80 0.96
577 407 133 26 97 0.65
578 548 181 31 94 0.97
578 583 184 23 82 0.97
578 440 123 25 94 0.52
578 410 132 24 92 0.41
578 345 166 14 63 0.39
579 547 179 34 96 0.96
579 581 182 27 86 0.80
579 438 127 27 92 0.39
579 413 127 23 97 0.38
579 387 77 31 130 0.32
580 549 179 32 95 0.99
580 580 183 29 86 0.80
580 437 129 28 92 0.70
580 414 127 22 96 0.42
581 548 180 31 94 0.98
581 581 185 26 83 0.85
582 548 181 31 94 0.96
582 581 180 26 87 0.94
582 436 131 30 83 0.61
582 416 135 19 75 0.39
583 582 180 24 89 0.96
583 548 180 30 86 0.90
583 439 130 26 79 0.73
583 413 133 22 69 0.52
584 550 180 24 45 0.86
592 306 205 12 34 0.42
593 408 140 21 86 0.62
594 400 91 37 137 0.37
595 303 204 11 32 0.54
595 306 205 11 32 0.43
595 301 204 9 32 0.34
596 379 79 42 153 0.45
597 310 210 8 28 0.37
598 552 185 17 45 0.62
598 307 203 11 35 0.50
598 435 127 27 90 0.49
598 404 108 28 122 0.33
599 551 186 16 43 0.82
599 307 204 11 33 0.42
599 405 102 27 124 0.36
599 310 208 11 29 0.30
600 383 77 31 138 0.62
600 435 129 28 89 0.44
600 392 84 34 141 0.30
601 303 203 10 34 0.53
601 307 203 10 35 0.38
601 301 203 8 34 0.37
601 403 113 29 115 0.37
601 434 123 29 94 0.37
602 435 130 27 92 0.62
603 300 199 14 39 0.59
603 305 201 12 37 0.51
604 435 134 26 75 0.31
605 407 137 21 74 0.37
606 376 75 44 128 0.37
607 580 187 25 82 0.82
608 550 187 29 90 0.93
608 579 183 25 87 0.87
609 549 187 30 87 0.97
609 579 185 26 85 0.90
609 433 128 28 77 0.65
609 381 75 30 112 0.43
610 550 185 28 91 0.97
610 579 181 25 90 0.84
610 382 76 28 122 0.51
611 550 185 29 90 0.98
611 580 188 25 84 0.78
611 403 138 24 78 0.78
612 551 184 28 91 0.96
612 580 184 23 85 0.89
612 405 130 22 90 0.50
613 550 184 29 93 0.97
613 580 186 24 86 0.68
613 401 131 26 100 0.61
614 549 182 30 93 0.92
614 579 183 25 87 0.89
615 549 185 32 90 0.97
615 580 183 24 89 0.87
615 430 124 30 94 0.80
615 402 131 27 96 0.60
615 302 205 12 34 0.47
615 300 204 10 35 0.34
616 551 183 29 91 0.93
616 579 182 25 88 0.88
616 399 120 28 111 0.53
616 301 200 13 39 0.48
616 305 203 12 36 0.38
617 550 184 30 92 0.96
617 579 181 25 89 0.92
617 401 136 27 90 0.78
617 301 203 13 36 0.72
617 432 130 28 85 0.35
618 550 183 30 92 0.97
618 579 182 24 88 0.91
618 398 125 28 106 0.54
619 549 183 30 95 0.97
619 578 185 24 83 0.88
619 301 204 12 35 0.75
619 304 205 11 34 0.56
619 432 125 27 94 0.55
619 403 132 24 92 0.54
620 551 185 28 90 0.96
620 398 130 28 101 0.90
620 579 186 23 86 0.64
621 550 184 29 92 0.98
621 579 186 25 85 0.83
622 550 185 29 91 0.94
622 579 185 23 85 0.82
622 404 137 23 87 0.57
622 380 76 31 120 0.52
623 550 184 30 93 0.97
623 579 184 25 87 0.84
623 431 121 27 97 0.42
623 403 132 23 95 0.42
623 326 202 14 50 0.34
624 549 186 31 91 0.90
624 579 187 24 82 0.88
624 379 72 28 103 0.56
624 392 80 36 149 0.53
624 381 69 37 156 0.48
625 549 180 31 96 0.99
625 578 183 24 86 0.89
625 399 129 24 102 0.76
626 548 180 32 96 0.97
626 578 183 23 85 0.85
626 399 129 26 98 0.74
626 428 121 29 94 0.31
627 549 182 29 95 0.92
627 578 183 22 86 0.91
628 550 184 28 91 0.77
628 577 186 23 85 0.60
628 430 127 27 90 0.55
628 404 128 22 94 0.32
629 577 184 23 85 0.86
629 551 181 26 94 0.84
629 429 125 28 93 0.48
629 559 179 20 93 0.42
630 551 183 29 94 0.96
630 578 181 23 88 0.89
630 399 127 26 97 0.52
631 551 182 29 95 0.93
631 579 183 22 86 0.88
632 552 183 28 94 0.96
632 578 182 24 87 0.91
632 399 107 29 116 0.45
633 552 179 28 100 0.97
633 579 184 23 84 0.88
633 298 197 11 41 0.39
634 554 184 25 93 0.95
634 578 187 23 82 0.83
634 296 203 12 36 0.45
634 429 121 27 99 0.32
635 552 188 25 89 0.91
635 575 183 26 87 0.90
635 429 126 26 91 0.48
636 552 185 27 90 0.96
636 577 183 26 86 0.94
636 428 122 29 98 0.83
636 402 118 21 108 0.42
637 553 181 27 95 0.98
637 577 184 23 85 0.90
637 430 120 26 98 0.61
638 578 184 24 87 0.93
638 551 186 27 92 0.93
638 427 122 31 98 0.70
638 400 127 23 102 0.56
639 551 187 28 89 0.93
639 577 185 24 84 0.92
639 427 132 29 87 0.88
639 402 128 20 100 0.38
640 551 185 29 93 0.96
640 577 182 25 89 0.92
640 396 110 27 120 0.39
641 577 184 24 88 0.93
641 551 189 28 87 0.92
641 392 95 32 134 0.30
642 551 184 28 95 0.96
642 577 185 24 89 0.84
642 428 128 27 90 0.40
643 550 188 29 87 0.96
643 577 184 25 85 0.93
643 429 121 28 100 0.43
644 549 187 30 92 0.92
644 577 185 24 86 0.59
644 427 129 28 89 0.47
645 552 186 27 90 0.96
645 577 183 23 87 0.94
646 575 181 27 91 0.93
646 552 187 27 93 0.90
646 428 129 27 91 0.42
647 549 186 30 90 0.95
647 576 183 26 88 0.94
648 575 184 26 85 0.94
648 550 187 28 87 0.76
649 549 187 31 91 0.96
649 576 188 25 83 0.80
649 293 200 11 38 0.66
649 297 200 10 38 0.59
649 291 200 10 37 0.32
650 548 183 32 94 0.90
650 575 185 25 85 0.80
650 391 125 34 108 0.34
651 549 183 30 94 0.79
651 575 185 26 85 0.72
651 298 202 10 36 0.42
651 428 128 26 91 0.34
652 548 183 32 94 0.95
652 577 185 23 86 0.63
652 394 126 27 104 0.50
652 297 204 10 36 0.45
652 293 203 11 36 0.41
652 291 204 9 35 0.31
653 548 181 30 95 0.90
653 576 183 24 89 0.71
653 293 201 11 36 0.55
653 297 202 10 36 0.52
653 291 203 9 34 0.38
654 549 185 26 92 0.85
654 389 109 35 123 0.46
654 576 180 24 90 0.37
654 426 123 28 96 0.33
655 576 181 25 90 0.84
655 550 192 28 86 0.52
656 549 183 29 95 0.83
656 574 186 25 86 0.75
656 396 118 26 109 0.36
657 575 181 27 88 0.96
657 549 187 31 90 0.93
657 396 123 26 102 0.51
657 547 192 21 83 0.35
658 549 186 27 93 0.78
658 394 93 32 132 0.55
658 428 124 28 95 0.49
659 548 186 30 94 0.92
659 575 186 26 86 0.89
659 393 132 27 97 0.68
660 549 185 30 94 0.86
660 575 182 26 91 0.80
660 394 142 28 83 0.37
661 549 188 32 92 0.95
661 575 183 25 89 0.93
662 576 185 23 88 0.93
662 549 188 28 92 0.91
662 458 112 31 109 0.79
662 291 200 13 38 0.67
662 294 199 12 41 0.54
662 426 131 26 88 0.45
662 289 199 11 40 0.43
663 575 185 25 88 0.92
663 550 190 26 89 0.88
663 425 121 28 97 0.54
663 559 188 21 89 0.40
663 396 92 26 132 0.36
664 576 188 24 84 0.90
664 549 191 27 87 0.89
664 291 198 13 39 0.63
664 295 199 12 39 0.51
664 426 133 28 84 0.42
664 561 188 19 90 0.39
664 396 128 24 97 0.38
664 289 197 11 40 0.37
665 551 185 27 92 0.95
665 574 186 26 86 0.91
665 394 132 25 96 0.56
666 550 186 29 90 0.87
666 575 188 24 84 0.82
667 550 189 24 89 0.77
667 577 191 23 80 0.76
667 557 192 23 84 0.67
668 550 186 27 92 0.89
668 580 188 19 83 0.89
668 393 138 27 90 0.70
668 575 188 17 86 0.48
668 426 132 25 88 0.34
669 551 179 32 100 0.96
669 578 187 22 81 0.51
669 296 205 11 35 0.35
669 371 133 23 92 0.34
669 573 185 20 85 0.32
670 553 182 26 97 0.85
670 424 122 30 97 0.69
670 292 199 13 41 0.32
671 551 176 31 105 0.94
671 580 187 20 85 0.84
671 394 137 25 85 0.64
671 574 187 18 87 0.45
672 549 180 33 101 0.94
672 581 188 19 85 0.88
672 422 126 29 93 0.79
672 394 124 24 103 0.63
672 574 190 19 84 0.36
673 552 177 29 104 0.96
673 576 185 24 90 0.86
673 393 137 26 91 0.66
673 423 126 27 93 0.48
674 581 184 21 91 0.89
674 554 180 28 99 0.85
674 548 180 27 86 0.52
674 569 187 22 90 0.40
675 549 177 35 104 0.97
675 579 188 23 86 0.86
675 391 123 27 104 0.72
675 573 186 20 88 0.38
675 419 100 33 119 0.36
675 548 181 20 71 0.32
676 548 176 36 105 0.98
676 392 132 25 96 0.79
676 581 184 19 89 0.73
676 568 184 23 93 0.44
676 421 126 29 91 0.40
677 549 182 34 103 0.96
677 580 186 22 88 0.86
677 574 187 19 90 0.39
677 296 208 12 33 0.38
678 549 176 34 108 0.98
678 578 188 24 89 0.71
678 394 128 24 98 0.44
678 422 130 27 90 0.33
679 549 180 35 102 0.98
679 580 186 25 91 0.87
679 421 127 27 91 0.53
679 392 128 26 98 0.51
679 569 186 19 91 0.31
680 550 177 34 107 0.99
680 580 185 25 92 0.86
680 419 131 32 90 0.58
680 394 134 22 92 0.35
681 553 183 28 101 0.89
681 421 121 28 97 0.88
681 579 188 24 90 0.79
681 390 100 28 131 0.37
681 571 187 21 93 0.32
682 553 183 28 101 0.94
682 580 186 25 93 0.83
682 393 129 23 94 0.76
682 419 128 29 91 0.68
682 547 189 18 59 0.47
682 548 186 26 87 0.46
683 551 188 32 95 0.91
683 419 109 32 108 0.71
683 578 188 26 94 0.51
683 547 190 26 69 0.39
683 546 193 19 53 0.32
684 556 187 27 97 0.90
684 581 188 24 87 0.87
684 545 195 18 51 0.68
684 548 189 19 71 0.49
684 392 132 24 94 0.40
684 568 189 22 92 0.32
685 553 188 29 97 0.91
685 581 186 25 91 0.85
685 392 118 24 107 0.52
685 545 193 17 53 0.50
685 419 118 28 102 0.39
686 583 186 25 92 0.93
686 550 183 35 100 0.91
686 546 181 21 65 0.76
686 287 196 11 44 0.34
687 584 187 23 89 0.93
687 556 189 28 93 0.89
687 452 109 29 113 0.82
687 545 195 16 52 0.39
688 549 182 36 102 0.94
688 545 179 23 67 0.77
688 585 189 21 86 0.76
689 550 182 35 101 0.91
689 584 189 24 90 0.85
689 545 183 21 63 0.71
689 562 187 26 95 0.39
690 549 180 37 102 0.93
690 584 190 24 86 0.93
690 546 180 21 68 0.74
690 562 186 27 94 0.45
691 547 179 39 105 0.97
691 584 189 24 89 0.96
691 387 140 25 90 0.76
691 566 188 22 93 0.34
692 585 189 25 88 0.95
692 557 186 28 97 0.83
692 544 186 21 58 0.67
692 548 183 30 93 0.66
692 387 133 24 95 0.51
693 582 187 29 92 0.94
693 559 186 25 99 0.72
693 417 135 27 87 0.43
694 548 179 39 107 0.98
694 583 184 27 96 0.95
694 545 187 17 58 0.49
694 566 185 23 101 0.36
695 548 180 41 105 0.98
695 584 186 26 93 0.94
695 389 133 25 94 0.77
695 417 128 26 93 0.58
695 285 196 12 43 0.36
696 547 178 40 108 0.99
696 585 188 24 91 0.93
696 282 201 12 37 0.63
696 321 159 20 80 0.56
696 286 201 11 38 0.56
696 562 184 29 101 0.51
696 279 200 11 38 0.32
697 549 181 36 106 0.99
697 583 185 27 94 0.95
697 279 191 12 48 0.37
698 550 179 36 107 0.99
698 585 190 24 87 0.93
698 567 183 23 102 0.46
699 548 178 40 110 0.99
699 586 188 24 92 0.85
699 416 131 29 89 0.72
699 563 183 27 104 0.58
699 385 130 28 94 0.34
700 550 176 36 109 0.99
700 586 188 28 89 0.92
700 415 133 30 88 0.63
700 383 132 30 97 0.53
700 571 184 19 99 0.31
701 549 176 37 110 0.99
701 586 189 29 88 0.87
701 414 132 31 87 0.65
701 383 130 27 101 0.51
702 551 176 36 109 0.98
702 586 187 30 92 0.91
702 413 132 32 86 0.67
703 552 173 35 112 0.98
703 586 188 28 91 0.89
704 551 173 38 112 0.98
704 586 189 30 91 0.85
704 415 126 28 94 0.68
704 350 124 33 137 0.65
704 542 181 21 63 0.32
705 550 174 39 111 0.98
705 588 190 28 89 0.86
705 383 129 27 94 0.65
705 413 125 28 94 0.55
706 549 173 41 112 0.98
706 587 187 28 92 0.88
707 552 175 37 111 0.98
707 586 186 30 96 0.89
707 385 101 25 127 0.58
707 305 199 14 54 0.30
708 552 172 38 116 0.98
708 588 190 29 88 0.90
709 552 173 38 116 0.99
709 588 189 30 95 0.90
709 382 119 27 108 0.36
710 552 173 38 116 0.98
710 589 185 28 96 0.91
710 412 124 29 96 0.55
711 552 174 38 118 0.99
711 590 187 28 95 0.93
712 554 177 36 112 0.99
712 593 191 26 91 0.96
712 412 125 27 94 0.58
713 553 174 36 119 0.98
713 594 189 26 94 0.97
713 381 108 27 117 0.31
714 554 175 36 117 0.98
714 594 188 27 96 0.97
714 442 111 31 110 0.54
715 552 174 37 118 0.99
715 595 182 28 102 0.99
716 552 175 39 118 0.99
716 597 192 26 91 0.97
716 378 99 34 130 0.38
716 410 118 28 98 0.34
717 550 175 44 118 0.99
717 595 184 27 100 0.97
717 379 96 32 130 0.39
718 552 175 43 117 0.99
718 595 181 32 105 0.96
718 372 111 32 119 0.59
719 553 176 40 116 0.98
719 598 188 27 97 0.84
719 376 111 29 118 0.35
720 551 174 40 118 0.98
720 596 184 32 100 0.96
720 408 123 29 96 0.69
720 381 115 26 112 0.54
720 277 196 12 45 0.37
721 553 171 41 122 0.98
721 597 183 32 102 0.94
721 380 140 22 84 0.62
721 277 201 10 39 0.56
721 274 200 11 39 0.54
721 300 186 19 72 0.31
722 551 170 43 122 0.99
722 597 183 30 100 0.91
723 552 169 45 124 0.98
723 598 183 30 101 0.92
723 378 122 26 102 0.34
724 553 171 43 121 0.99
724 599 182 29 103 0.95
724 372 101 37 128 0.36
725 553 170 42 123 0.99
725 599 184 30 101 0.91
726 551 174 45 119 0.99
726 600 181 31 106 0.92
727 555 175 45 120 0.98
727 601 180 32 105 0.96
727 406 120 29 101 0.48
728 553 175 44 120 0.99
728 601 181 29 103 0.95
728 579 184 21 109 0.38
729 555 174 42 122 0.99
729 602 181 29 105 0.96
729 405 126 29 97 0.65
730 557 176 38 121 0.99
730 603 179 28 104 0.96
730 405 130 29 90 0.73
730 370 119 31 115 0.67
731 558 175 40 121 0.98
731 602 179 31 108 0.98
731 375 127 24 98 0.38
732 559 174 37 122 0.99
732 604 182 29 105 0.95
732 402 132 33 88 0.71
733 559 174 38 124 0.99
733 602 187 28 100 0.91
733 403 125 29 96 0.72
733 270 203 10 36 0.39
733 276 202 11 39 0.39
734 559 170 41 127 0.98
734 602 183 30 104 0.96
734 402 127 30 94 0.60
734 372 126 27 104 0.55
734 296 204 14 54 0.37
735 559 169 40 129 0.98
735 603 186 29 104 0.95
735 403 124 29 96 0.65
735 267 193 12 46 0.48
735 262 194 13 44 0.40
736 560 166 39 130 0.99
736 604 185 28 104 0.95
737 603 181 30 104 0.97
737 561 165 38 129 0.97
737 368 140 29 92 0.86
737 276 202 11 38 0.41
737 269 204 11 35 0.39
738 559 165 43 131 0.99
738 604 185 29 100 0.96
738 373 134 24 94 0.76
739 560 165 41 133 0.99
739 605 186 28 101 0.95
739 373 129 24 100 0.58
739 402 136 25 86 0.52
739 266 199 12 41 0.46
739 259 195 9 43 0.35
740 559 164 44 136 0.99
740 606 187 28 102 0.94
740 369 126 27 105 0.76
740 400 129 30 89 0.51
741 560 164 43 137 0.99
741 607 182 27 104 0.96
741 372 132 25 97 0.60
741 402 128 27 93 0.43
742 558 163 45 135 0.99
742 608 180 27 108 0.96
742 370 115 25 113 0.53
743 559 163 45 138 0.99
743 612 183 22 103 0.72
743 400 127 29 95 0.57
743 366 122 29 106 0.39
744 560 167 42 133 0.99
744 609 173 24 116 0.80
744 366 131 29 101 0.80
744 398 128 31 94 0.67
745 559 167 45 136 0.99
745 400 123 29 97 0.77
746 558 167 45 135 0.99
746 611 175 23 116 0.87
746 371 133 25 90 0.73
746 398 125 30 96 0.63
746 350 135 21 99 0.45
746 266 199 11 41 0.44
747 560 169 43 135 0.99
747 613 180 19 109 0.71
747 398 131 27 86 0.40
748 560 170 43 133 0.99
748 615 179 19 112 0.70
748 364 131 29 98 0.69
748 397 122 28 100 0.44
749 558 169 45 135 0.99
749 359 128 35 107 0.82
749 618 183 18 104 0.67
749 397 130 27 91 0.65
750 557 168 48 135 0.99
750 261 199 12 42 0.67
750 617 183 16 101 0.64
750 264 199 12 42 0.56
750 395 132 32 84 0.43
751 559 167 45 135 1.00
751 358 137 33 100 0.46
751 618 178 17 116 0.31
752 559 166 45 137 1.00
752 617 180 18 110 0.71
752 367 137 23 91 0.55
752 361 135 21 95 0.32
753 559 162 46 142 0.99
753 361 110 30 121 0.47
754 559 164 46 141 0.99
754 265 200 12 42 0.34
754 358 130 30 105 0.31
755 560 164 48 139 1.00
756 562 166 45 139 0.99
756 394 118 29 105 0.68
756 337 142 24 120 0.66
756 364 125 25 105 0.55
757 562 163 48 141 1.00
757 618 182 16 68 0.45
757 260 200 10 40 0.41
758 562 167 46 137 0.99
758 359 134 30 100 0.44
759 561 166 50 142 1.00
759 360 141 27 92 0.87
759 393 129 29 92 0.43
759 342 141 19 102 0.36
760 561 165 49 143 0.99
760 359 109 30 126 0.61
760 258 191 13 49 0.49
760 264 191 13 49 0.32
761 560 168 52 140 1.00
761 356 122 31 109 0.65
761 392 123 29 95 0.50
761 257 196 11 44 0.37
762 562 168 48 140 1.00
762 360 98 31 135 0.38
763 564 165 48 145 0.99
764 565 170 47 141 1.00
764 361 134 27 96 0.69
765 566 168 47 144 1.00
765 362 114 28 110 0.42
766 567 167 49 146 1.00
766 360 137 25 92 0.49
767 569 165 47 147 0.99
767 256 194 12 46 0.44
767 358 112 27 120 0.30
768 571 172 43 138 0.99
768 586 179 28 123 0.31
769 571 161 45 150 0.99
769 354 101 31 130 0.32
770 573 159 46 153 1.00
770 352 107 34 127 0.62
770 387 124 32 98 0.49
771 573 158 48 156 1.00
771 388 122 29 100 0.67
772 572 156 52 156 1.00
772 244 178 16 65 0.42
772 360 118 23 113 0.39
772 387 130 29 95 0.32
773 575 157 49 155 0.99
774 573 158 49 153 1.00
774 353 89 36 141 0.30
775 574 158 50 157 1.00
775 387 122 29 97 0.63
775 349 109 36 125 0.40
776 573 161 47 153 1.00
777 572 163 49 154 1.00
777 350 118 32 117 0.57
777 250 200 10 41 0.49
777 257 204 10 38 0.35
778 575 162 51 154 1.00
778 349 136 29 99 0.66
779 576 162 47 154 1.00
779 351 119 28 115 0.54
780 577 162 46 155 1.00
780 350 111 33 120 0.48
780 249 197 11 45 0.38
780 386 129 27 90 0.36
781 577 166 44 149 1.00
781 350 98 32 135 0.62
782 575 163 50 152 1.00
782 353 134 26 95 0.67
783 576 162 52 155 0.99
783 351 137 27 93 0.76
784 576 160 52 160 1.00
784 350 115 30 117 0.76
785 576 161 54 157 1.00
785 349 129 27 103 0.53
786 576 161 54 156 1.00
786 348 129 28 103 0.59
787 577 157 55 163 1.00
787 352 123 26 104 0.31
788 579 154 55 167 1.00
788 351 120 26 110 0.54
788 380 131 30 92 0.49
789 581 153 53 167 1.00
789 378 120 31 103 0.54
789 346 91 33 142 0.46
790 581 158 52 163 1.00
790 247 206 11 34 0.39
790 350 114 28 114 0.35
791 583 158 50 164 1.00
792 584 154 51 170 1.00
792 343 103 34 134 0.56
793 584 156 48 165 1.00
793 375 117 34 105 0.36
794 583 155 52 165 1.00
794 339 104 38 128 0.55
794 314 102 34 121 0.51
795 585 152 52 169 1.00
796 585 154 52 168 1.00
796 336 110 38 124 0.56
796 376 133 28 86 0.34
797 588 155 48 167 1.00
797 338 138 31 96 0.69
798 586 158 49 164 1.00
799 590 155 46 168 1.00
800 593 155 42 171 0.99
800 340 106 29 127 0.36
800 238 201 10 38 0.35
800 231 199 8 39 0.32
801 592 155 44 170 0.99
801 370 127 33 100 0.76
801 342 128 26 98 0.51
802 592 151 45 177 0.99
802 372 127 30 93 0.68
802 338 100 33 133 0.61
802 314 106 28 128 0.48
803 595 152 40 170 0.99
803 231 199 13 43 0.48
803 236 203 11 39 0.41
803 229 199 11 42 0.38
804 597 149 38 178 0.99
804 341 115 27 115 0.40
805 598 149 38 179 0.99
805 341 123 26 105 0.64
805 370 127 29 94 0.45
806 598 148 38 181 0.99
806 330 103 36 132 0.62
807 598 151 39 178 0.95
808 598 154 37 161 0.94
808 338 115 26 112 0.44
808 230 207 9 34 0.41
809 600 151 37 172 0.97
809 330 106 36 127 0.71
810 596 147 41 173 0.95
810 335 125 28 106 0.61
811 604 153 32 168 0.94
812 605 159 31 169 0.39
812 331 107 30 123 0.31
813 603 161 31 134 0.92
813 335 127 25 100 0.56
814 604 169 31 150 0.85
814 366 132 28 88 0.45
815 604 160 30 142 0.94
816 601 159 33 137 0.96
816 326 115 34 117 0.69
816 363 118 31 101 0.35
817 600 169 34 122 0.93
817 599 210 30 75 0.65
817 331 107 28 124 0.30
818 597 157 39 133 0.99
818 598 215 30 71 0.56
818 297 97 37 145 0.43
819 597 163 39 129 0.99
819 331 118 28 107 0.60
819 297 104 37 134 0.30
820 596 159 40 130 0.99
821 596 171 38 115 0.91
821 611 163 24 64 0.47
821 607 164 29 101 0.47
821 594 212 36 75 0.46
822 599 161 36 127 0.96
822 322 104 36 128 0.43
823 596 167 40 118 0.95
823 596 212 35 71 0.74
823 221 201 12 41 0.66
823 392 107 38 120 0.49
823 219 201 10 41 0.43
824 597 157 39 130 0.95
824 219 196 11 43 0.40
825 327 126 26 101 0.56
825 613 162 23 104 0.45
826 600 159 38 123 0.92
826 325 131 27 96 0.44
826 391 105 33 121 0.44
826 613 158 25 101 0.44
827 601 173 36 104 0.90
828 323 126 30 107 0.67
828 615 172 21 75 0.34
829 609 161 28 117 0.85
829 325 127 25 102 0.42
829 213 197 11 40 0.33
829 210 196 8 40 0.32
830 607 203 26 77 0.78
830 354 121 31 98 0.76
830 321 120 28 114 0.73
831 354 119 32 106 0.64
831 609 216 25 58 0.59
831 212 199 12 40 0.44
831 217 201 11 39 0.42
831 324 89 27 139 0.36
831 210 200 10 39 0.32
832 610 187 26 85 0.80
832 609 220 26 52 0.70
832 616 189 19 55 0.44
832 218 197 10 43 0.39
832 212 198 13 40 0.37
832 221 199 12 41 0.36
832 209 197 10 40 0.31
833 611 187 26 94 0.85
833 314 98 37 135 0.68
833 212 200 13 40 0.37
833 217 202 10 38 0.31
834 616 201 21 74 0.67
834 315 99 37 135 0.59
834 385 83 37 146 0.40
834 353 120 29 99 0.33
835 621 195 16 82 0.51
836 214 198 11 40 0.33
837 318 125 26 107 0.48
837 253 157 19 64 0.35
838 350 119 29 101 0.34
839 313 91 36 134 0.47
841 316 117 27 109 0.59
841 211 194 14 44 0.30
842 347 116 31 103 0.58
842 208 195 11 42 0.36
843 315 107 27 120 0.39
844 307 80 38 151 0.55
846 313 109 28 112 0.50
846 346 115 32 101 0.39
846 207 193 11 45 0.33
847 309 127 30 103 0.75
849 306 132 30 101 0.37
850 309 114 28 114 0.59
850 275 98 39 127 0.39
851 199 190 11 48 0.44
851 308 110 28 118 0.35
851 202 191 12 48 0.33
852 198 194 12 45 0.42
852 200 193 15 46 0.36
853 307 94 31 134 0.57
853 281 95 29 131 0.40
855 287 228 9 33 0.48
855 199 196 10 42 0.35
856 310 112 24 108 0.31
858 304 115 30 117 0.36
859 304 118 30 111 0.51
860 304 122 29 104 0.34
860 269 98 38 155 0.30
861 202 199 11 38 0.54
861 200 198 9 40 0.46
861 196 198 10 38 0.33
861 303 119 31 107 0.32
861 205 200 10 39 0.30
863 299 88 38 140 0.36
865 296 87 38 146 0.66
865 267 65 40 159 0.38
866 194 197 12 38 0.45
866 197 196 11 40 0.43
867 299 91 31 140 0.40
867 194 202 11 35 0.33
867 198 202 9 36 0.30
869 333 117 30 98 0.39
869 299 97 32 129 0.34
870 298 131 28 100 0.56
870 192 184 17 52 0.30
871 192 198 12 39 0.39
871 303 134 24 93 0.38
871 331 127 32 91 0.36
871 190 198 10 38 0.34
872 265 92 36 152 0.73
872 190 190 15 46 0.49
872 194 188 13 49 0.32
873 330 114 30 106 0.72
873 191 193 13 43 0.51
873 188 192 12 44 0.46
873 195 195 12 42 0.31
874 330 113 31 104 0.67
874 192 201 11 38 0.50
874 190 201 10 38 0.46
875 298 114 27 113 0.62
876 191 199 13 38 0.51
876 298 110 27 117 0.37
877 262 94 37 123 0.57
877 327 128 32 83 0.30
878 290 91 39 137 0.48
879 192 201 12 36 0.33
879 189 199 10 38 0.31
880 293 115 33 113 0.52
880 264 58 38 175 0.49
880 189 197 10 42 0.40
880 192 197 12 41 0.38
881 293 120 31 111 0.78
882 294 122 30 106 0.69
883 293 118 29 111 0.77
883 264 93 35 131 0.43
884 266 64 33 170 0.57
887 286 108 36 123 0.76
888 255 86 40 154 0.42
888 295 122 25 101 0.40
889 264 95 30 126 0.42
889 325 116 29 100 0.33
891 289 85 35 143 0.54
891 189 200 10 38 0.39
891 192 199 11 40 0.31
892 290 123 28 108 0.52
892 184 200 10 37 0.43
892 325 121 29 94 0.33
893 323 118 32 100 0.40
893 254 57 48 174 0.32
894 254 59 42 195 0.51
894 290 80 31 144 0.34
895 615 174 24 131 0.59
895 322 112 30 107 0.40
895 290 120 27 106 0.38
896 613 168 25 138 0.96
896 291 104 27 122 0.56
896 321 115 30 103 0.45
897 606 165 31 142 0.98
897 267 223 11 36 0.49
898 604 164 34 144 0.99
898 288 79 33 151 0.61
898 182 198 11 38 0.57
898 179 198 11 37 0.56
898 319 104 33 113 0.38
898 186 198 10 38 0.33
899 607 165 31 142 0.99
899 284 81 36 148 0.31
900 608 164 30 145 0.98
900 287 95 32 137 0.83
900 321 109 32 101 0.46
901 606 166 31 141 0.98
901 286 114 30 112 0.42
902 603 163 33 141 0.98
902 287 73 34 155 0.45
903 603 163 32 142 0.99
903 280 104 39 128 0.77
904 601 165 35 139 0.99
904 280 97 38 134 0.92
904 265 213 11 48 0.40
905 599 163 38 140 0.99
905 287 116 29 110 0.40
906 597 163 38 141 0.99
906 285 112 30 116 0.52
907 595 163 40 141 0.99
907 286 85 32 145 0.45
908 592 165 43 137 0.99
908 249 38 41 200 0.37
909 583 164 49 142 1.00
909 289 99 28 125 0.48
910 579 161 52 144 1.00
910 249 90 39 118 0.66
910 316 111 31 104 0.35
911 580 164 51 142 1.00
912 579 164 51 142 1.00
913 579 171 51 134 0.99
913 284 93 32 131 0.44
914 578 168 53 137 0.99
914 316 116 31 101 0.37
915 578 174 50 131 0.99
915 281 94 38 135 0.61
916 577 163 49 141 1.00
916 280 90 34 139 0.57
916 177 193 11 42 0.31
917 575 170 50 133 0.99
917 286 121 26 100 0.47
917 247 87 43 141 0.39
918 573 167 46 135 1.00
918 247 86 42 148 0.37
919 568 172 48 130 0.99
920 567 168 45 136 0.99
921 567 168 42 133 0.99
922 565 173 43 129 0.98
923 561 166 56 137 0.99
923 315 112 31 104 0.65
924 557 166 53 135 1.00
924 174 198 10 37 0.49
924 170 198 9 37 0.49
925 555 165 55 138 1.00
925 315 115 30 100 0.50
926 555 165 53 137 1.00
926 315 112 29 104 0.60
927 553 169 51 132 0.99
928 548 168 66 133 1.00
929 551 169 52 131 1.00
930 545 168 60 132 1.00
930 274 114 33 117 0.47
931 554 168 47 132 0.99
932 556 167 44 131 0.99
933 550 167 52 130 1.00
933 273 92 37 137 0.48
933 311 108 32 109 0.39
934 552 167 46 131 1.00
934 276 118 30 111 0.62
935 552 164 43 132 1.00
935 275 106 31 123 0.80
935 310 114 30 101 0.75
936 550 164 44 133 1.00
936 279 123 26 101 0.55
937 552 167 42 130 1.00
938 551 167 38 128 0.99
939 548 166 40 132 1.00
940 546 168 40 128 1.00
940 280 128 24 93 0.50
941 545 166 41 132 1.00
941 310 111 31 108 0.61
942 543 166 43 131 0.99
942 540 167 27 117 0.35
943 543 169 42 127 1.00
944 541 172 41 125 1.00
945 541 171 39 126 0.99
946 540 169 41 128 0.99
946 248 213 12 52 0.33
947 538 169 42 126 0.99
948 537 169 42 126 0.99
949 536 167 42 129 0.99
949 275 91 29 134 0.32
950 537 168 40 126 0.99
950 278 142 21 78 0.40
951 534 168 42 126 0.99
951 530 172 22 97 0.47
952 532 165 45 130 0.99
952 625 212 12 56 0.52
953 531 165 45 126 1.00
954 531 165 45 128 0.99
954 268 128 28 100 0.33
955 528 166 53 127 0.99
955 247 218 10 45 0.32
956 530 167 47 128 0.99
957 527 169 48 125 0.99
957 297 96 37 117 0.39
958 526 168 54 129 0.99
958 612 167 24 105 0.77
959 526 169 49 125 0.99
959 607 182 26 90 0.94
960 523 175 58 120 1.00
960 606 179 27 94 0.97
961 524 172 58 123 1.00
961 605 181 29 90 0.97
962 526 171 52 122 0.99
962 604 183 29 84 0.96
962 298 120 31 99 0.51
962 266 98 29 128 0.45
963 527 170 49 124 0.99
963 603 180 27 90 0.96
963 223 17 46 208 0.47
963 184 200 17 57 0.38
964 529 169 47 123 0.99
964 602 178 27 90 0.97
964 261 118 32 109 0.60
965 527 170 43 121 0.99
965 600 180 29 92 0.85
965 225 77 39 160 0.61
965 260 91 34 136 0.49
965 296 116 31 101 0.34
966 527 170 44 123 0.99
966 598 174 33 98 0.93
967 529 168 37 124 0.99
967 598 174 30 96 0.93
968 525 166 41 125 0.99
968 596 173 33 102 0.96
968 148 193 11 41 0.33
969 526 166 42 124 0.99
969 595 176 33 101 0.98
970 525 166 41 122 0.99
970 592 174 35 101 0.97
970 261 126 26 99 0.64
970 219 78 43 142 0.33
971 522 167 43 123 0.99
971 592 176 33 96 0.98
971 254 121 32 107 0.34
972 522 168 41 121 0.99
972 588 178 34 96 0.95
972 257 110 28 115 0.52
972 288 111 34 106 0.37
973 520 160 41 130 0.99
973 589 178 32 94 0.96
973 288 109 32 107 0.42
973 258 124 25 101 0.33
974 517 167 42 124 0.99
974 587 177 34 103 0.97
974 221 195 17 64 0.43
974 257 124 24 96 0.30
975 515 172 42 117 0.99
975 587 171 33 104 0.97
975 256 133 25 86 0.64
975 513 186 15 75 0.35
976 514 166 42 124 0.99
976 587 173 35 100 0.97
977 512 167 42 123 0.99
977 587 174 33 99 0.94
978 511 169 41 119 0.99
978 584 174 37 102 0.96
978 247 129 29 99 0.49
979 509 169 42 117 1.00
979 586 172 33 107 0.99
980 508 167 39 118 1.00
980 586 178 35 103 0.95
980 251 107 27 115 0.41
980 137 180 12 55 0.39
981 506 166 40 120 0.99
981 584 173 35 114 0.98
981 248 116 28 108 0.56
981 167 216 12 40 0.31
982 507 165 37 119 1.00
982 584 176 39 113 0.98
982 248 122 26 102 0.33
983 502 166 43 118 1.00
983 584 178 41 107 0.97
983 247 128 27 94 0.39
984 501 165 40 119 1.00
984 584 178 40 105 0.98
984 244 121 29 99 0.62
984 278 119 30 97 0.35
985 499 168 39 116 1.00
985 584 179 39 107 0.99
986 498 167 39 118 1.00
986 583 175 40 104 0.96
986 237 97 33 132 0.67
986 130 196 10 37 0.36
987 496 167 37 117 0.99
987 585 174 40 113 0.97
988 493 169 39 116 0.99
988 584 174 43 119 0.99
988 236 115 30 112 0.70
988 272 108 29 110 0.52
989 490 170 40 115 0.99
989 585 171 39 116 0.98
989 206 203 14 60 0.42
990 484 171 45 114 1.00
990 586 173 38 116 0.98
991 481 171 50 113 0.99
991 586 176 42 117 0.98
992 478 171 49 112 1.00
992 587 178 40 118 0.97
992 265 116 30 100 0.70
993 479 171 44 114 1.00
993 587 179 40 116 0.99
993 229 92 31 137 0.32
994 478 169 45 114 1.00
994 586 183 39 113 0.98
994 228 127 29 100 0.42
995 478 169 46 111 1.00
995 585 182 40 117 0.99
995 120 202 9 31 0.35
996 474 168 41 111 1.00
996 585 179 40 119 0.98
996 589 210 34 85 0.34
997 472 166 42 112 1.00
997 587 175 37 124 0.99
997 218 117 34 113 0.74
998 471 165 43 114 1.00
998 588 166 39 133 0.99
998 218 90 35 140 0.63
999 469 168 46 110 0.99
999 587 169 41 125 0.99
999 223 126 27 96 0.38
1000 590 168 40 133 0.99
1000 465 165 47 114 0.99
1000 217 89 33 138 0.55
1000 180 55 45 170 0.39
1001 462 165 39 114 0.99
1001 589 169 44 132 0.98
1001 220 118 25 101 0.53
1002 458 166 40 115 0.99
1002 590 170 44 128 0.99
1002 217 115 29 109 0.54
1003 453 168 43 111 1.00
1003 591 169 44 131 0.98
1003 210 89 32 139 0.49
1004 450 171 41 108 1.00
1004 595 176 41 128 0.98
1004 172 195 21 73 0.39
1005 446 172 44 108 1.00
1005 206 139 31 89 0.91
1005 595 178 38 111 0.84
1006 445 171 43 108 1.00
1006 170 194 21 70 0.76
1006 208 118 29 106 0.46
1006 600 197 33 99 0.32
1007 443 173 43 107 0.99
1007 599 178 33 120 0.86
1007 206 132 30 94 0.58
1008 440 171 41 108 0.99
1008 603 177 31 125 0.93
1008 609 241 21 67 0.79
1009 438 172 42 107 1.00
1009 604 171 31 118 0.94
1009 201 129 32 96 0.82
1009 98 194 11 37 0.53
1009 102 195 12 39 0.37
1010 435 172 44 106 1.00
1010 603 175 33 128 0.95
1010 479 188 18 53 0.41
1011 432 169 40 107 0.99
1011 606 169 30 136 0.97
1011 200 127 24 98 0.54
1012 429 169 38 106 0.99
1012 608 168 26 131 0.95
1012 89 203 8 28 0.55
1012 116 209 12 45 0.44
1013 425 167 36 108 0.99
1013 609 178 26 124 0.88
1013 197 122 28 101 0.76
1013 88 199 10 32 0.40
1013 163 199 14 63 0.35
1014 421 167 37 109 0.99
1014 611 173 23 127 0.81
1014 196 125 27 94 0.59
1015 416 163 37 113 0.99
1015 611 187 23 105 0.86
1015 156 197 17 70 0.56
1016 414 164 36 111 0.99
1016 87 199 8 32 0.34
1017 412 163 38 113 0.99
1017 612 196 22 83 0.63
1017 153 195 16 66 0.37
1018 407 168 39 109 0.99
1018 187 125 25 99 0.72
1019 406 164 40 111 0.99
1019 146 197 18 71 0.59
1019 151 201 16 65 0.57
1019 184 126 29 100 0.33
1020 402 169 42 106 0.99
1020 188 120 25 99 0.44
1020 142 188 22 75 0.31
1021 399 168 41 108 0.99
1022 396 169 40 106 0.99
1022 178 119 27 107 0.57
1023 393 167 42 107 0.99
1023 143 196 17 66 0.61
1024 391 168 39 107 0.99
1024 133 191 25 74 0.84
1024 78 199 8 35 0.44
1024 141 198 19 66 0.32
1024 172 200 16 28 0.30
1025 389 169 40 106 0.99
1025 68 192 11 39 0.45
1025 135 191 20 75 0.43
1025 62 191 10 37 0.35
1026 385 167 41 105 0.99
1026 178 127 25 93 0.71
1026 150 218 8 35 0.31
1027 383 168 40 104 0.99
1027 177 125 25 97 0.58
1028 380 166 36 107 0.99
1028 176 127 24 89 0.45
1028 131 195 20 67 0.39
1028 69 198 11 35 0.35
1029 379 166 34 106 0.99
1029 83 194 17 63 0.74
1029 129 194 20 68 0.45
1030 377 163 33 108 0.99
1030 130 202 16 58 0.69
1031 373 164 35 108 0.99
1031 59 198 11 33 0.49
1032 372 163 34 109 0.98
1032 167 94 28 126 0.46
1033 365 165 36 107 0.99
1033 122 193 24 72 0.80
1034 361 165 37 106 0.99
1034 157 130 32 95 0.77
1034 58 196 12 35 0.52
1034 53 194 9 35 0.38
1034 123 196 21 65 0.37
1035 357 168 39 104 0.99
1035 116 190 25 72 0.87
1035 123 193 22 66 0.31
1036 354 168 42 103 0.99
1036 158 129 25 96 0.67
1037 352 170 39 100 0.99
1037 51 196 10 37 0.58
1037 116 194 18 72 0.52
1037 56 197 9 35 0.37
1038 351 166 38 106 0.99
1038 117 196 21 64 0.71
1038 158 125 25 92 0.34
1039 348 167 39 103 0.99
1039 41 190 15 40 0.49
1039 47 190 12 40 0.45
1039 98 31 59 171 0.41
1039 125 216 11 43 0.30
1040 346 167 39 104 0.99
1040 118 204 16 54 0.65
1040 43 193 13 38 0.50
1040 46 194 13 36 0.41
1040 343 166 22 94 0.33
1041 343 169 41 102 0.99
1041 157 125 23 95 0.60
1042 341 167 39 104 0.99
1042 112 196 19 60 0.63
1042 154 133 23 92 0.53
1043 338 166 36 105 0.99
1043 109 185 21 76 0.72
1043 145 118 30 109 0.59
1044 333 167 36 104 0.99
1044 113 198 15 60 0.65
1044 148 128 26 99 0.60
1044 331 166 20 82 0.33
1045 329 163 38 108 0.99
1045 149 127 25 95 0.64
1045 103 189 23 79 0.45
1046 327 165 35 102 0.99
1046 104 195 19 70 0.61
1046 112 200 14 61 0.32
1047 326 165 36 103 0.99
1047 619 169 18 84 0.47
1048 324 167 36 101 0.99
1048 615 166 23 103 0.43
1049 323 168 36 103 0.99
1049 611 166 24 99 0.78
1049 102 196 20 66 0.38
1050 317 171 42 99 0.99
1050 609 165 26 106 0.82
1050 144 131 25 92 0.70
1050 103 196 16 64 0.43
1050 609 164 25 67 0.39
1051 314 171 43 96 0.99
1051 606 166 27 98 0.91
1051 104 201 15 58 0.68
1052 312 173 43 91 0.99
1052 99 196 19 68 0.68
1052 607 174 24 78 0.67
1053 311 168 43 98 0.99
1053 104 202 13 55 0.37
1053 27 197 10 36 0.31
1054 306 175 46 89 0.98
1054 596 174 32 87 0.50
1054 102 208 14 54 0.43
1054 600 175 26 56 0.40
1054 97 195 17 70 0.33
1055 307 174 42 94 0.97
1055 100 198 13 62 0.83
1055 591 168 35 93 0.74
1055 104 201 13 56 0.52
1055 591 220 38 49 0.44
1055 596 169 28 63 0.43
1055 140 133 24 86 0.42
1055 28 194 11 38 0.38
1056 305 172 43 93 0.99
1056 587 172 32 71 0.55
1056 99 197 13 68 0.51
1056 105 215 11 45 0.37
1056 29 195 9 36 0.36
1056 135 131 28 95 0.32
1057 307 175 38 92 0.97
1057 140 129 22 88 0.56
1057 592 172 27 57 0.52
1057 95 193 19 71 0.50
1057 403 185 35 70 0.48
1057 26 193 10 39 0.47
1057 101 197 15 64 0.32
1058 305 178 43 88 0.95
1058 584 168 31 79 0.53
1059 306 164 36 101 0.99
1059 583 172 32 82 0.74
1059 135 129 28 95 0.50
1060 303 172 35 93 0.92
1060 584 167 27 82 0.81
1060 27 198 10 34 0.52
1060 94 195 19 63 0.44
1061 302 171 35 95 0.98
1061 578 171 30 81 0.43
1061 24 184 10 47 0.33
1062 300 164 34 102 0.99
1062 92 194 19 69 0.45
1062 579 170 27 61 0.34
1062 136 113 25 108 0.34
1063 298 166 36 100 0.99
1063 575 175 28 93 0.86
1063 91 192 21 69 0.64
1063 127 130 30 98 0.47
1064 291 169 41 99 0.99
1064 93 192 18 69 0.68
1064 576 174 29 96 0.60
1065 292 170 41 96 0.99
1065 92 192 17 71 0.95
1066 290 168 39 98 0.99
1066 91 191 19 71 0.60
1066 132 133 28 92 0.48
1066 24 197 10 35 0.41
1066 27 199 8 34 0.34
1067 290 169 37 98 0.99
1067 562 174 33 103 0.92
1067 91 192 19 68 0.77
1067 302 175 29 92 0.65
1067 27 197 10 38 0.46
1067 96 194 18 64 0.31
1068 289 169 36 97 0.99
1068 92 194 17 69 0.72
1068 565 180 29 88 0.61
1068 128 139 27 87 0.44
1068 555 179 34 92 0.42
1068 25 193 10 40 0.31
1069 288 169 38 99 0.99
1069 559 175 32 97 0.71
1069 20 182 15 53 0.40
1069 91 190 17 68 0.37
1069 302 173 26 93 0.36
1070 287 169 38 99 0.99
1070 552 174 38 102 0.93
1070 90 192 20 70 0.77
1070 286 168 23 96 0.66
1070 41 156 22 102 0.57
1070 565 182 32 93 0.35
1070 16 172 21 62 0.33
1070 135 101 26 120 0.32
1071 283 168 41 98 0.99
1071 91 195 18 65 0.81
1071 555 176 29 99 0.43
1071 26 195 9 41 0.34
1072 282 166 39 98 0.99
1072 560 173 32 106 0.80
1072 92 193 16 63 0.78
1072 555 180 27 97 0.70
1073 283 166 34 97 0.99
1073 564 179 31 100 0.79
1073 552 181 18 93 0.65
1073 88 191 17 77 0.57
1073 20 178 14 53 0.56
1073 556 181 26 96 0.49
1073 126 124 29 101 0.38
1073 16 180 14 50 0.38
1073 94 202 14 61 0.33
1074 280 167 32 97 0.99
1074 91 188 17 68 0.85
1074 553 187 29 94 0.77
1074 126 130 29 96 0.64
1074 293 170 23 89 0.51
1074 16 179 14 52 0.32
1075 275 166 38 97 0.99
1075 549 185 20 89 0.84
1075 93 190 16 66 0.65
1075 560 191 21 84 0.58
1075 131 127 23 96 0.46
1076 279 166 30 98 0.99
1076 546 172 24 103 0.92
1076 92 195 15 64 0.78
1076 132 122 23 97 0.59
1076 561 182 20 89 0.53
1077 276 164 33 98 0.99
1077 542 177 27 98 0.93
1077 92 192 15 69 0.31
1078 271 164 35 97 0.99
1078 543 175 23 99 0.94
1078 23 190 11 42 0.51
1078 17 192 12 39 0.38
1078 94 197 12 63 0.34
1079 266 165 40 98 1.00
1079 538 176 26 101 0.97
1079 90 195 18 63 0.75
1079 15 189 13 40 0.31
1080 265 167 37 97 1.00
1080 538 180 26 96 0.95
1080 40 190 17 67 0.57
1080 91 195 15 62 0.36
1081 264 167 38 97 1.00
1081 536 181 25 95 0.97
1081 85 189 19 74 0.76
1081 129 123 23 101 0.64
1081 545 182 21 94 0.53
1081 16 190 11 40 0.46
1082 262 169 39 96 1.00
1082 532 179 29 96 0.94
1083 262 169 37 94 1.00
1083 527 182 34 94 0.98
1083 83 192 20 69 0.76
1084 262 169 37 93 1.00
1084 520 187 37 88 0.99
1084 85 194 15 65 0.53
1085 515 187 41 89 0.99
1085 259 169 40 93 0.99
1085 85 191 14 66 0.85
1085 32 192 20 63 0.54
1086 260 168 37 94 0.99
1086 512 184 42 91 0.99
1086 83 191 15 70 0.77
1086 8 193 16 41 0.31
1087 257 168 37 93 0.99
1087 510 185 37 92 0.99
1087 83 195 16 62 0.80
1087 20 198 7 36 0.50
1087 14 198 12 34 0.37
1087 21 199 10 37 0.30
1088 255 167 41 95 1.00
1088 509 179 36 96 0.99
1088 80 192 18 70 0.90
1088 32 194 17 65 0.62
1089 255 166 41 93 0.99
1089 506 180 37 96 0.98
1089 83 196 14 62 0.56
1090 256 168 34 92 0.99
1090 505 176 34 101 0.99
1090 80 194 16 67 0.82
1090 23 191 20 66 0.51
1091 253 165 33 95 0.99
1091 504 175 33 102 0.97
1091 78 190 15 74 0.77
1091 113 128 31 96 0.51
1092 251 165 32 95 0.99
1092 499 174 30 102 0.94
1092 76 190 17 72 0.88
1093 494 173 33 103 0.99
1093 248 163 31 97 0.99
1093 77 193 16 66 0.73
1094 245 168 32 91 0.99
1094 491 175 33 100 0.99
1094 75 195 17 64 0.84
1095 240 168 35 93 0.99
1095 488 171 33 110 0.99
1095 74 194 16 69 0.77
1095 109 126 26 99 0.64
1096 238 169 37 92 0.99
1096 482 173 34 104 0.99
1096 73 193 16 67 0.88
1096 610 161 15 67 0.34
1096 108 120 26 104 0.31
1097 234 169 44 91 1.00
1097 479 174 33 105 0.98
1097 109 128 23 91 0.78
1097 68 193 16 66 0.68
1098 232 170 36 89 0.99
1098 474 171 34 107 0.99
1098 67 195 18 64 0.83
1099 230 169 33 91 0.99
1099 463 177 44 101 0.99
1099 67 195 14 65 0.61
1099 104 122 25 101 0.57
1100 455 179 48 98 1.00
1100 226 169 33 90 0.99
1100 66 196 15 62 0.68
1100 225 170 23 81 0.30
1101 222 169 35 90 1.00
1101 449 178 52 100 0.99
1101 61 198 17 61 0.64
1102 444 180 51 98 1.00
1102 219 168 33 92 0.99
1102 60 194 15 63 0.78
1103 440 178 51 104 0.99
1103 216 169 35 91 0.99
1103 57 195 15 63 0.83
1103 91 123 30 102 0.79
1104 440 181 44 98 0.99
1104 213 168 32 90 0.99
1104 54 194 16 65 0.87
1105 209 168 30 91 0.99
1105 435 181 48 98 0.99
1105 49 194 17 69 0.78
1106 206 168 29 91 0.99
1106 430 172 41 108 0.99
1106 49 198 15 61 0.63
1107 200 166 29 95 0.99
1107 430 170 32 106 0.95
1107 44 194 18 67 0.85
1107 82 119 28 106 0.46
1108 197 168 28 91 0.99
1108 425 171 33 108 0.98
1108 42 194 16 67 0.81
1109 193 167 29 94 0.99
1109 418 173 28 105 0.97
1109 38 193 14 70 0.61
1110 187 169 30 91 0.99
1110 415 171 34 105 0.99
1110 34 195 18 65 0.88
1111 183 169 29 92 1.00
1111 408 175 33 103 0.99
1111 32 196 14 61 0.65
1111 28 193 14 61 0.48
1111 417 211 23 68 0.32
1112 177 171 30 89 0.99
1112 403 172 32 109 0.99
1112 27 198 14 62 0.77
1112 61 125 32 103 0.74
1113 171 172 30 88 1.00
1113 395 175 31 105 0.99
1113 61 125 28 102 0.69
1113 23 196 15 64 0.68
1114 168 173 27 87 1.00
1114 388 175 31 104 0.98
1114 16 194 17 70 0.79
1115 163 175 26 87 0.99
1115 380 172 34 110 0.99
1115 14 197 13 64 0.80
1116 157 175 28 84 0.99
1116 369 173 38 110 0.99
1116 9 198 13 64 0.49
1117 151 174 30 89 1.00
1117 357 175 42 108 0.99
1117 2 197 16 66 0.74
1117 7 195 8 69 0.52
1118 143 174 29 88 1.00
1118 348 177 46 107 0.99
1119 339 173 49 113 1.00
1119 135 172 32 86 0.99
1120 331 171 47 116 1.00
1120 128 179 31 78 0.99
1121 323 164 51 122 0.99
1121 122 176 28 84 0.99
1122 114 177 30 82 0.99
1122 316 169 46 116 0.98
1123 105 175 30 86 0.99
1123 308 165 36 116 0.93
1124 98 175 27 85 0.99
1124 296 171 44 113 0.84
1125 90 173 26 85 0.99
1125 290 176 35 110 0.99
1126 82 178 26 81 0.97
1126 279 183 29 101 0.95
1127 74 178 27 81 0.99
1127 268 179 26 104 0.84
1128 255 175 30 111 0.99
1128 66 176 28 84 0.98
1128 343 1 54 109 0.38
1129 54 179 29 80 0.97
1129 244 180 27 103 0.81
1130 43 175 29 86 0.98
1130 231 182 28 104 0.95
1131 34 173 26 89 0.97
1131 219 184 24 98 0.88
1131 222 190 33 92 0.67
1131 234 219 29 64 0.33
1132 24 172 26 88 0.96
1132 198 185 44 105 0.95
1132 488 0 83 104 0.37
1132 592 167 33 41 0.31
1133 181 188 43 101 0.97
1133 14 171 24 88 0.92
1133 199 198 41 90 0.37
1133 9 176 13 81 0.35
1134 165 169 54 120 0.99
1134 2 172 25 87 0.95
1134 16 178 14 78 0.44
1135 152 168 57 122 0.99
1135 0 174 17 87 0.67
1136 138 179 43 108 0.98
1137 125 164 46 124 0.98
1138 114 156 50 134 0.97
1138 113 177 34 112 0.59
1139 100 169 47 119 0.96
1140 88 185 49 102 0.99
1140 88 189 30 99 0.36
1141 77 183 44 102 0.71
1142 62 178 42 112 0.69
1144 29 176 41 110 0.80
1144 28 180 28 80 0.58
1147 408 160 41 48 0.34
1149 380 159 41 52 0.42
1152 338 162 28 44 0.32
1153 318 159 39 50 0.31
1154 298 162 39 48 0.40
1156 171 0 73 86 0.34
1157 245 156 41 48 0.42
1158 228 153 40 50 0.31
1160 192 152 41 48 0.36
1161 175 150 36 51 0.37
1162 156 146 38 52 0.37
1165 95 141 39 56 0.41
1166 71 145 44 52 0.32
1219 595 73 41 171 0.53
1220 592 79 43 168 0.34
1222 584 76 49 168 0.67
1222 544 104 42 125 0.36
1223 590 63 46 186 0.45
1226 503 126 26 94 0.37
1227 467 140 30 74 0.51
1227 462 144 23 69 0.30
1229 544 175 14 52 0.45
1229 454 147 16 67 0.38
1235 525 175 13 54 0.38
1236 431 145 17 66 0.48
1238 421 146 18 64 0.55
1238 429 143 19 68 0.43
1238 514 181 14 49 0.31
1239 460 120 21 100 0.39
1239 526 75 54 167 0.31
1240 419 146 18 69 0.58
1240 433 143 17 72 0.40
1241 458 116 21 103 0.48
1241 450 120 21 100 0.45
1241 413 149 16 64 0.39
1241 418 142 31 73 0.34
1241 442 123 18 96 0.34
1241 509 174 12 55 0.34
1243 412 147 17 65 0.49
1243 417 140 23 74 0.34
1244 410 145 15 67 0.41
1244 518 69 56 178 0.35
1245 408 145 18 68 0.67
1245 405 147 16 64 0.58
1245 419 143 23 72 0.40
1245 428 139 19 77 0.33
1246 410 141 28 70 0.40
1246 404 147 15 66 0.35
1247 407 139 20 71 0.55
1248 496 181 17 54 0.33
1250 402 144 18 70 0.67
1250 408 141 21 74 0.62
1250 431 130 21 87 0.55
1250 438 127 18 90 0.39
1251 503 169 13 63 0.70
1251 450 107 24 112 0.45
1252 502 167 16 66 0.49
1253 504 171 11 61 0.37
1254 403 144 18 64 0.49
1254 408 140 17 70 0.42
1255 411 137 17 74 0.42
1255 505 177 13 56 0.31
1257 405 145 16 66 0.42
1258 409 143 16 69 0.32
1259 448 124 21 98 0.36
1260 409 143 17 72 0.67
1261 523 3 103 243 0.50
1262 410 138 21 77 0.58
1262 414 136 25 80 0.31
1262 440 119 21 96 0.31
1264 409 135 21 79 0.84
1265 410 139 15 75 0.60
1266 594 26 42 214 0.31
1267 514 176 17 56 0.65
1267 518 179 16 56 0.56
1267 522 56 44 169 0.31
1268 411 133 21 82 0.45
1268 164 147 14 50 0.39
1268 518 181 17 56 0.30
1269 446 113 24 107 0.33
1270 521 176 17 56 0.33
1271 565 23 60 231 0.58
1271 520 181 18 53 0.51
1271 515 180 19 46 0.49
1271 603 19 35 233 0.33
1272 553 17 77 238 0.34
1273 562 21 71 236 0.65
1273 517 175 14 46 0.34
1274 564 16 66 249 0.62
1274 516 168 14 50 0.34
1275 530 184 15 55 0.86
1275 525 178 17 57 0.34
1275 566 18 68 243 0.31
1276 534 185 14 56 0.51
1276 524 179 12 39 0.30
1278 521 174 17 45 0.52
1279 524 172 13 47 0.57
1279 410 138 17 78 0.41
1279 155 144 14 52 0.35
1280 524 168 12 51 0.74
1280 538 186 14 51 0.32
1280 428 117 21 97 0.32
1280 537 186 11 33 0.31
1281 595 31 42 228 0.81
1281 525 171 12 47 0.70
1282 525 172 11 47 0.58
1282 446 92 55 134 0.48
1282 184 153 16 28 0.34
1283 524 170 13 48 0.74
1283 530 177 13 41 0.32
1284 524 168 14 53 0.62
1284 547 187 12 52 0.58
1284 547 186 11 34 0.36
1284 496 185 14 44 0.34
1285 408 130 23 83 0.62
1285 145 141 16 60 0.33
1286 427 113 19 105 0.62
1286 547 186 13 54 0.60
1286 146 142 17 61 0.60
1286 525 173 16 47 0.50
1286 530 177 14 43 0.41
1287 523 169 21 50 0.62
1287 422 110 26 111 0.59
1287 147 143 15 55 0.59
1287 284 162 16 54 0.45
1287 151 144 14 53 0.43
1288 552 185 13 57 0.78
1288 146 141 15 57 0.58
1288 425 112 22 105 0.57
1288 524 164 17 59 0.53
1288 150 143 14 55 0.35
1289 144 142 16 54 0.64
1290 525 169 20 52 0.75
1290 556 184 14 58 0.63
1290 144 142 15 55 0.37
1293 408 130 19 84 0.38
1293 178 151 12 35 0.33
1294 528 163 19 61 0.59
1294 564 193 13 56 0.46
1294 430 107 18 108 0.40
1294 137 142 15 52 0.35
1295 136 141 15 52 0.60
1296 529 170 17 52 0.61
1296 567 199 15 48 0.31
1297 531 171 16 52 0.45
1298 530 169 19 55 0.76
1298 133 139 17 50 0.47
1299 515 184 13 49 0.50
1299 573 204 13 46 0.34
1301 131 140 16 43 0.62
1301 171 150 15 43 0.41
1301 169 149 13 43 0.36
1301 574 199 20 53 0.33
1304 407 120 24 93 0.38
1305 414 183 11 25 0.36
1307 121 135 24 43 0.54
1308 594 199 14 55 0.46
1309 412 184 10 27 0.46
1309 416 184 10 27 0.44
1309 410 184 10 28 0.34
1311 115 135 23 43 0.72
1311 413 181 10 28 0.51
1311 416 181 10 30 0.50
1311 161 147 16 45 0.48
1311 410 182 10 29 0.30
1312 412 182 13 28 0.55
1312 164 150 14 42 0.37
1313 412 180 13 31 0.54
1314 111 132 28 45 0.56
1315 113 137 16 37 0.40
1318 108 133 22 45 0.63
1318 460 69 38 149 0.51
1318 490 56 43 170 0.47
1319 498 172 26 61 0.79
1320 149 146 16 50 0.45
1320 514 32 51 186 0.32
1321 151 148 15 46 0.46
1322 506 172 21 52 0.54
1323 507 171 22 56 0.60
1323 152 148 14 45 0.35
1324 507 171 24 56 0.82
1324 101 132 22 56 0.56
1324 409 181 13 26 0.55
1325 100 133 23 58 0.81
1325 508 173 25 54 0.49
1325 501 177 19 51 0.34
1325 498 38 44 179 0.32
1326 511 174 21 53 0.53
1327 97 132 23 62 0.73
1327 515 164 22 60 0.48
1328 97 133 24 62 0.69
1328 428 82 46 133 0.66
1329 403 119 25 93 0.75
1329 465 178 21 46 0.70
1329 519 169 20 57 0.64
1329 97 131 23 59 0.52
1329 519 29 61 200 0.33
1330 97 131 21 60 0.49
1330 430 81 44 143 0.30
1331 518 167 27 62 0.79
1331 409 157 17 50 0.45
1332 98 132 19 63 0.76
1332 515 23 67 202 0.70
1333 96 127 23 64 0.70
1333 519 162 26 66 0.59
1334 562 158 14 64 0.83
1334 523 20 66 212 0.63
1334 96 129 22 61 0.53
1334 520 155 30 77 0.43
1335 526 167 22 63 0.84
1335 97 130 22 63 0.77
1335 463 171 13 45 0.53
1335 406 118 21 92 0.32
1336 525 165 24 63 0.90
1336 530 21 60 207 0.31
1337 527 169 25 59 0.77
1337 535 16 50 206 0.70
1337 437 80 45 144 0.43
1337 406 116 24 96 0.38
1338 91 127 22 62 0.70
1338 412 139 17 71 0.41
1338 535 20 56 194 0.40
1338 439 77 43 152 0.37
1339 407 110 21 99 0.44
1339 143 145 14 47 0.35
1340 407 111 23 96 0.78
1340 442 73 41 152 0.77
1340 92 128 21 64 0.53
1340 538 11 53 225 0.36
1341 407 115 23 94 0.54
1341 89 127 23 64 0.46
1341 136 139 15 53 0.36
1342 88 123 26 69 0.70
1343 407 115 25 92 0.53
1343 472 170 12 46 0.48
1343 468 169 14 46 0.34
1344 471 167 14 48 0.78
1344 541 6 52 227 0.39
1344 408 116 22 92 0.36
1345 469 166 16 52 0.78
1346 407 111 27 94 0.88
1346 471 167 14 48 0.69
1346 87 121 25 69 0.52
1347 472 164 13 49 0.63
1347 408 113 27 96 0.53
1347 440 68 58 157 0.44
1348 474 168 12 47 0.74
1348 407 109 27 100 0.70
1348 470 168 13 46 0.33
1349 472 170 14 47 0.80
1350 441 61 52 163 0.66
1350 83 122 25 75 0.64
1350 472 163 14 52 0.59
1350 556 159 27 74 0.53
1351 439 65 51 165 0.64
1351 557 164 25 74 0.62
1351 81 120 27 77 0.60
1351 474 169 12 46 0.50
1351 407 105 26 101 0.35
1352 474 169 14 44 0.53
1352 559 168 18 65 0.42
1352 438 63 56 164 0.39
1353 473 168 16 49 0.53
1353 444 62 48 160 0.50
1354 440 58 50 161 0.82
1354 476 167 14 47 0.37
1355 441 71 51 153 0.67
1355 475 166 14 51 0.57
1356 441 70 52 153 0.77
1356 476 168 14 48 0.50
1357 442 55 56 174 0.81
1357 476 167 14 51 0.50
1357 417 169 13 37 0.43
1357 424 168 11 37 0.36
1357 558 2 49 225 0.32
1358 443 53 57 173 0.73
1358 476 167 17 49 0.43
1359 443 53 53 170 0.88
1359 422 171 10 33 0.62
1359 418 171 12 34 0.42
1359 425 169 11 35 0.42
1359 473 163 16 55 0.33
1360 444 53 55 173 0.92
1360 419 174 12 30 0.58
1360 424 173 12 31 0.33
1361 448 52 51 171 0.92
1361 482 169 14 50 0.64
1361 421 171 12 35 0.55
1361 423 168 13 37 0.43
1361 477 168 15 52 0.39
1362 449 55 56 171 0.76
1362 483 170 13 44 0.66
1362 421 174 11 33 0.65
1362 479 169 14 47 0.30
1363 452 51 48 173 0.92
1363 590 154 27 88 0.80
1363 427 131 21 71 0.49
1363 420 172 12 33 0.35
1364 449 53 57 169 0.75
1364 74 117 23 76 0.48
1364 483 169 15 51 0.45
1365 452 40 53 186 0.72
1365 598 157 24 79 0.49
1365 432 137 17 65 0.39
1365 588 157 31 81 0.35
1366 452 46 55 179 0.89
1367 449 39 60 193 0.73
1367 485 165 12 52 0.47
1367 420 175 12 29 0.36
1368 451 38 56 195 0.86
1368 486 170 13 49 0.71
1369 453 42 57 189 0.72
1369 492 169 13 47 0.65
1369 421 170 13 39 0.49
1369 434 138 16 66 0.44
1370 492 168 12 50 0.87
1370 450 36 63 200 0.65
1370 425 123 25 82 0.48
1370 421 174 13 33 0.41
1371 493 171 12 45 0.74
1371 411 98 37 110 0.68
1371 453 37 65 198 0.57
1371 489 170 12 46 0.41
1371 410 108 26 99 0.31
1371 427 126 24 79 0.30
1372 494 167 13 52 0.65
1372 453 26 66 206 0.59
1372 432 132 19 69 0.52
1372 421 173 13 34 0.47
1373 497 168 16 49 0.77
1373 426 168 13 39 0.41
1373 493 168 14 50 0.34
1373 422 167 14 41 0.30
1374 431 125 23 80 0.77
1374 420 130 21 80 0.48
1374 495 168 15 53 0.39
1374 458 30 64 219 0.37
1375 501 170 13 49 0.61
1375 497 169 13 51 0.45
1375 418 119 23 90 0.40
1375 394 138 15 61 0.39
1376 504 171 12 46 0.71
1376 498 171 13 48 0.35
1376 458 27 67 210 0.33
1377 502 168 18 55 0.61
1377 460 32 72 205 0.36
1378 430 167 13 40 0.52
1378 504 166 18 56 0.40
1379 508 166 18 52 0.56
1379 517 9 67 211 0.35
1380 442 137 17 65 0.33
1381 510 167 23 54 0.52
1381 515 6 72 219 0.32
1382 434 165 19 42 0.44
1382 438 132 21 73 0.43
1384 521 165 16 57 0.59
1384 438 172 12 36 0.34
1385 523 170 15 52 0.68
1385 511 179 13 47 0.47
1385 529 171 14 48 0.38
1385 517 173 12 53 0.33
1385 508 176 12 48 0.33
1386 438 174 14 37 0.67
1386 525 170 15 53 0.66
1387 511 171 16 56 0.40
1387 438 171 17 39 0.38
1388 442 169 15 45 0.46
1389 533 173 15 47 0.54
1389 442 170 12 41 0.50
1389 445 170 12 40 0.41
1389 515 169 15 60 0.37
1390 445 172 12 39 0.59
1390 534 167 16 53 0.51
1390 443 173 11 33 0.33
1392 539 172 15 49 0.70
1392 535 173 15 50 0.59
1392 532 172 14 49 0.38
1392 449 168 12 42 0.32
1393 449 168 14 43 0.70
1393 542 171 14 52 0.64
1393 453 163 13 47 0.38
1394 544 172 14 50 0.73
1394 533 174 14 53 0.68
1394 449 133 23 83 0.62
1394 567 161 15 60 0.38
1394 528 173 13 50 0.36
1395 545 171 14 52 0.73
1395 450 164 17 51 0.43
1395 528 172 10 31 0.40
1395 537 172 12 51 0.33
1395 532 174 9 28 0.30
1396 534 173 14 57 0.76
1396 545 172 19 55 0.73
1396 454 169 14 44 0.71
1396 572 162 16 63 0.54
1396 538 173 17 56 0.39
1397 545 168 21 59 0.90
1397 574 162 17 57 0.51
1397 536 172 13 53 0.47
1397 455 162 14 49 0.44
1397 453 167 11 44 0.31
1398 547 169 20 60 0.90
1398 566 0 71 224 0.53
1398 579 162 19 53 0.53
1398 535 172 18 51 0.52
1398 536 172 12 37 0.50
1398 455 161 15 51 0.36
1399 548 168 21 58 0.68
1399 554 168 19 54 0.42
1399 581 163 18 60 0.41
1399 536 171 14 51 0.35
1399 543 170 20 55 0.34
1400 553 168 21 61 0.83
1400 542 172 15 55 0.51
1400 539 172 13 49 0.47
1400 545 171 22 57 0.35
1401 552 169 22 61 0.83
1401 584 159 17 63 0.49
1401 545 171 22 57 0.41
1401 543 171 17 54 0.35
1401 541 171 14 39 0.35
1401 589 156 17 66 0.35
1402 555 165 22 63 0.84
1402 545 167 14 47 0.53
1403 554 164 25 66 0.87
1403 460 154 17 62 0.69
1403 545 166 13 43 0.37
1404 556 156 24 72 0.69
1404 550 160 25 61 0.47
1404 548 166 16 44 0.45
1404 590 161 22 61 0.41
1404 441 77 48 138 0.40
1404 485 68 47 161 0.38
1405 564 164 19 63 0.76
1405 477 53 56 177 0.65
1405 597 163 18 58 0.64
1405 603 162 14 61 0.64
1405 553 163 20 56 0.56
1405 557 164 19 63 0.44
1405 551 165 15 46 0.34
1406 474 33 57 194 0.84
1406 565 154 21 74 0.78
1406 461 159 18 58 0.63
1407 464 40 72 190 0.71
1407 565 157 24 71 0.67
1407 461 158 17 57 0.49
1408 472 30 62 204 0.89
1408 570 165 19 65 0.80
1408 564 165 19 66 0.64
1408 602 155 22 74 0.55
1408 464 167 13 47 0.44
1409 569 158 25 77 0.89
1409 606 152 24 79 0.69
1409 467 165 13 48 0.64
1409 467 28 72 202 0.37
1409 465 167 11 47 0.31
1409 472 161 12 49 0.30
1410 574 166 23 65 0.70
1410 609 158 20 68 0.59
1410 465 156 18 62 0.54
1410 571 170 19 67 0.52
1410 483 23 59 213 0.50
1411 470 148 15 67 0.70
1411 578 157 26 78 0.58
1411 466 152 16 62 0.52
1412 580 161 25 79 0.83
1413 584 161 26 75 0.86
1413 476 19 69 216 0.63
1413 470 152 17 61 0.38
1414 482 27 61 205 0.95
1414 585 164 28 75 0.82
1414 471 157 15 59 0.47
1414 468 163 14 52 0.31
1415 472 166 13 50 0.77
1415 592 158 25 81 0.73
1416 591 153 29 92 0.78
1416 481 21 67 218 0.74
1416 471 161 16 54 0.61
1416 404 135 19 63 0.30
1417 475 163 12 52 0.85
1417 599 165 25 73 0.81
1417 478 25 76 209 0.78
1418 488 20 67 215 0.77
1418 601 161 24 80 0.59
1418 474 149 17 66 0.50
1419 597 161 30 87 0.87
1420 608 163 22 75 0.67
1420 475 154 15 62 0.50
1421 617 165 18 71 0.57
1426 484 153 12 60 0.32
1427 481 159 15 56 0.64
1427 520 38 53 197 0.53
1427 436 156 15 60 0.33
1428 483 159 12 52 0.64
1428 479 160 12 51 0.31
1430 486 141 14 73 0.38
1432 505 13 74 232 0.58
1432 486 155 14 58 0.43
1433 536 69 57 168 0.61
1433 484 138 18 75 0.37
1433 511 16 76 227 0.36
1434 508 16 78 223 0.73
1434 552 86 41 147 0.44
1434 486 154 14 61 0.43
1434 537 49 55 185 0.40
1435 490 161 13 55 0.79
1435 145 195 13 64 0.70
1436 487 161 15 53 0.62
1436 509 10 81 233 0.36
1437 464 74 41 144 0.34
1437 553 67 50 172 0.33
1438 523 16 76 231 0.53
1438 548 42 52 199 0.39
1439 470 65 39 157 0.44
1445 469 52 47 171 0.36
1446 480 153 18 66 0.35
1446 500 157 16 62 0.34
1447 480 158 16 59 0.60
1447 501 156 18 61 0.52
1450 499 131 26 87 0.32
1451 489 159 18 56 0.42
1452 489 160 16 57 0.62
1453 508 154 20 64 0.42
1454 489 158 18 61 0.66
1454 510 156 20 63 0.55
1456 144 199 14 72 0.81
1457 144 201 13 70 0.74
1458 527 121 19 102 0.71
1458 521 130 20 89 0.71
1458 498 150 19 65 0.43
1459 520 132 22 88 0.67
1459 499 156 15 66 0.46
1462 500 155 18 66 0.55
1464 532 163 16 54 0.67
1464 503 157 16 62 0.33
1465 531 159 17 58 0.77
1466 530 156 24 63 0.77
1466 293 342 34 65 0.30
1467 533 158 17 57 0.74
1467 512 159 14 57 0.54
1468 533 150 20 66 0.35
1469 538 153 19 65 0.50
1469 534 153 18 63 0.39
1470 543 158 13 59 0.67
1470 512 160 17 60 0.61
1471 542 147 18 71 0.60
1472 576 160 18 49 0.35
1473 542 152 19 67 0.37
1475 520 159 18 63 0.48
1475 521 158 20 43 0.35
1476 520 160 20 48 0.54
1477 521 161 18 61 0.62
1477 116 194 10 40 0.49
1478 521 160 20 65 0.66
1478 559 153 18 67 0.51
1478 114 197 9 38 0.51
1479 522 158 21 66 0.76
1479 562 163 17 58 0.45
1479 530 157 16 61 0.33
1481 529 158 17 68 0.56
1482 570 157 17 62 0.75
1482 590 159 19 67 0.69
1484 592 160 23 65 0.70
1485 597 159 16 61 0.66
1485 593 155 19 82 0.43
1486 579 152 18 66 0.38
1487 580 153 19 67 0.86
1487 597 155 24 82 0.66
1487 533 159 21 68 0.37
1488 581 155 21 65 0.87
1488 0 212 27 127 0.57
1489 583 131 23 90 0.55
1489 0 217 20 122 0.34
1490 584 151 22 67 0.62
1490 459 123 21 80 0.42
1492 542 158 19 71 0.54
1493 543 156 20 70 0.55
1498 551 156 23 77 0.57
1498 625 160 12 59 0.38
1498 621 160 12 60 0.33
1498 606 151 18 70 0.31
1499 613 164 19 58 0.32
1500 557 153 22 72 0.57
1501 466 117 24 83 0.56
1501 558 152 24 47 0.54
1502 561 155 21 76 0.41
1503 561 151 21 78 0.74
1503 560 152 20 42 0.54
1504 563 156 17 33 0.39
1505 565 152 19 41 0.33
1506 566 156 20 37 0.48
1506 569 158 20 76 0.47
1507 568 154 25 77 0.42
1509 535 20 45 221 0.48
1514 469 113 32 92 0.68
1514 584 152 14 41 0.44
1516 586 151 15 39 0.58
1518 479 164 19 40 0.35
1521 49 118 21 78 0.44
1522 45 124 25 72 0.65
1522 516 137 26 82 0.34
1523 44 115 25 85 0.37
1524 40 115 24 82 0.41
1524 578 11 38 234 0.36
1525 33 103 31 100 0.56
1527 582 11 44 234 0.55
1528 37 101 25 93 0.52
1528 584 3 43 246 0.45
1529 35 112 27 80 0.72
1530 497 164 15 31 0.82
1530 33 111 26 83 0.62
1531 33 111 29 89 0.69
1531 497 164 15 30 0.47
1532 30 112 25 84 0.38
1532 499 165 11 26 0.33
1533 29 111 26 86 0.71
1534 26 109 29 87 0.66
1535 502 161 11 30 0.52
1535 24 108 27 83 0.42
1536 24 103 31 88 0.61
1537 502 162 13 35 0.50
1538 505 164 12 32 0.39
1539 19 96 28 104 0.53
1539 505 164 12 29 0.35
1540 13 100 31 99 0.33
1541 11 96 33 103 0.58
1541 505 162 13 37 0.42
1542 10 103 33 91 0.51
1543 10 103 34 94 0.59
1543 508 163 11 29 0.42
1544 507 165 12 31 0.56
1544 10 102 33 96 0.51
1550 514 159 16 33 0.35
1551 513 163 19 39 0.51
1554 517 165 19 46 0.58
1555 523 164 16 43 0.55
1558 526 164 18 47 0.36
1560 525 165 20 47 0.41
1561 529 164 22 51 0.49
1562 531 164 17 54 0.65
1563 532 159 19 56 0.60
1564 534 158 23 47 0.41
1565 536 159 20 49 0.93
1566 536 160 20 52 0.75
1567 537 162 17 54 0.40
1568 541 160 19 59 0.73
1569 541 162 19 59 0.80
1570 543 160 22 68 0.84
1571 542 162 28 64 0.81
1572 547 162 23 62 0.92
1573 549 163 22 57 0.74
1574 549 162 27 61 0.50
1575 552 160 24 63 0.66
1576 553 159 28 58 0.71
1578 558 160 24 65 0.77
1579 559 159 22 67 0.77
1579 562 161 30 58 0.44
1580 560 159 34 64 0.92
1581 561 157 34 68 0.96
1582 561 159 40 67 0.86
1582 563 162 21 64 0.35
1583 565 158 32 66 0.91
1583 570 169 23 54 0.41
1583 569 174 16 51 0.40
1584 566 157 30 74 0.95
1585 569 157 30 73 0.90
1586 571 157 37 74 0.94
1587 572 158 36 74 0.85
1588 576 161 32 73 0.90
1588 576 167 20 64 0.54
1589 578 157 35 72 0.91
1589 579 164 22 71 0.42
1590 580 155 35 81 0.95
1591 580 154 35 77 0.94
1592 582 155 35 76 0.88
1593 582 154 37 72 0.85
1594 586 151 39 76 0.93
1595 588 151 38 73 0.87
1596 593 150 34 71 0.87
1597 598 149 23 84 0.85
1597 607 147 22 78 0.49
1598 601 149 27 88 0.82
1599 605 150 24 67 0.76
1599 415 103 24 117 0.38
1600 21 215 47 84 0.59
1607 6 218 40 98 0.34
1608 5 219 40 98 0.82
1610 2 221 34 103 0.58
1613 198 192 13 56 0.43
1613 202 193 12 51 0.38
1625 192 190 21 67 0.59
1626 190 190 22 67 0.70
1629 189 188 23 70 0.31
1632 587 162 28 61 0.62
1636 468 102 23 99 0.45
1653 475 95 27 109 0.31
1671 497 75 55 153 0.31
1675 618 251 22 173 0.49
1676 614 237 25 180 0.63
1677 610 246 28 173 0.36
1679 485 78 51 149 0.50
1684 94 175 15 44 0.39
1693 256 167 10 32 0.44
1698 515 172 17 57 0.42
1709 246 168 11 34 0.35
1714 2 184 14 61 0.33
1782 587 168 26 76 0.48
1785 563 146 27 101 0.72
1786 592 169 24 82 0.67
1786 565 147 25 105 0.41
1787 593 165 24 84 0.87
1787 566 149 25 101 0.72
1788 564 143 31 115 0.42
1789 595 167 29 90 0.69
1790 563 143 37 121 0.36
1791 598 162 30 100 0.78
1791 560 143 41 127 0.35
1792 598 170 24 88 0.63
1793 568 142 27 120 0.73
1793 556 146 26 113 0.65
1793 600 165 29 89 0.31
1794 601 167 29 98 0.48
1794 557 142 43 131 0.44
1795 603 167 29 87 0.60
1795 571 137 24 68 0.34
1796 571 137 33 133 0.79
1796 552 143 38 132 0.59
1797 554 144 37 136 0.58
1798 605 161 28 103 0.73
1798 553 145 36 138 0.65
1798 570 142 36 135 0.37
1799 575 133 31 139 0.78
1799 608 165 28 103 0.54
1799 553 138 47 132 0.38
