0,13.090,15.525
1,13.095,15.544
2,13.112,15.557
3,13.068,15.497
4,13.075,15.508
5,13.079,15.519
6,13.063,15.491
7,13.043,15.461
8,13.012,15.425
9,12.997,15.399
10,12.991,15.400
11,12.993,15.403
12,12.995,15.404
13,13.001,15.408
14,13.000,15.406
15,13.010,15.419
16,13.007,15.411
17,13.011,15.415
18,13.025,15.438
19,13.051,15.474
20,13.050,15.479
21,13.064,15.508
22,13.087,15.523
23,13.077,15.525
24,13.097,15.544
25,13.132,15.603
26,13.150,15.630
27,13.157,15.647
28,13.159,15.642
29,13.156,15.643
30,13.170,15.667
31,13.163,15.651
32,13.152,15.645
33,13.152,15.645
34,13.129,15.611
35,13.115,15.600
36,13.151,15.649
37,13.096,15.568
38,13.107,15.594
39,13.107,15.584
40,13.074,15.539
41,13.050,15.510
42,13.024,15.466
43,13.012,15.449
44,13.019,15.466
45,12.995,15.441
46,13.013,15.470
47,12.961,15.395
48,12.952,15.381
49,12.960,15.391
50,12.971,15.413
51,12.996,15.451
52,12.989,15.429
53,12.983,15.424
54,12.996,15.429
55,13.037,15.505
56,13.034,15.488
57,13.029,15.490
58,13.033,15.491
59,13.039,15.499
60,13.072,15.552
61,13.082,15.569
62,13.086,15.586
63,13.092,15.586
64,13.077,15.565
65,13.090,15.585
66,13.067,15.542
67,13.103,15.603
68,13.118,15.614
69,13.123,15.633
70,13.129,15.639
71,13.138,15.662
72,13.142,15.666
73,13.144,15.664
74,13.111,15.629
75,13.127,15.640
76,13.129,15.650
77,13.065,15.554
78,13.066,15.554
79,13.077,15.587
80,13.049,15.528
81,13.031,15.510
82,13.044,15.540
83,13.005,15.461
84,12.976,15.423
85,12.969,15.420
86,12.947,15.375
87,12.945,15.379
88,12.935,15.371
89,12.923,15.337
90,12.939,15.352
91,12.948,15.367
92,12.945,15.367
93,12.956,15.388
94,12.957,15.383
95,12.961,15.404
96,12.943,15.371
97,12.960,15.394
98,12.979,15.425
99,12.969,15.415
100,13.004,15.455
101,12.990,15.435
102,13.025,15.482
103,13.025,15.481
104,13.022,15.493
105,12.986,15.426
106,12.993,15.440
107,12.983,15.418
108,12.983,15.410
109,12.984,15.413
110,12.994,15.427
111,12.985,15.416
112,13.000,15.425
113,12.999,15.437
114,13.007,15.426
115,12.955,15.370
116,12.934,15.341
117,12.925,15.324
118,12.919,15.307
119,12.940,15.344
120,12.949,15.346
121,12.961,15.376
122,12.951,15.347
123,12.998,15.409
124,13.024,15.442
125,13.066,15.509
126,13.114,15.580
127,13.123,15.593
128,13.152,15.633
129,13.169,15.664
130,13.187,15.693
131,13.208,15.719
132,13.225,15.740
133,13.228,15.754
134,13.276,15.831
135,13.261,15.810
136,13.267,15.811
137,13.291,15.859
138,13.296,15.868
139,13.309,15.889
140,13.320,15.892
141,13.317,15.884
142,13.332,15.903
143,13.320,15.893
144,13.297,15.865
145,13.296,15.860
146,13.279,15.827
147,13.266,15.797
148,13.290,15.843
149,13.288,15.845
150,13.272,15.820
151,13.255,15.791
152,13.254,15.805
153,13.271,15.829
154,13.263,15.792
155,13.256,15.781
156,13.259,15.787
157,13.235,15.748
158,13.225,15.730
159,13.208,15.724
160,13.179,15.668
161,13.192,15.697
162,13.206,15.721
163,13.216,15.742
164,13.226,15.767
165,13.230,15.767
166,13.252,15.802
167,13.264,15.823
168,13.275,15.839
169,13.285,15.862
170,13.289,15.863
171,13.271,15.844
172,13.289,15.863
173,13.282,15.858
174,13.290,15.858
175,13.273,15.841
176,13.278,15.847
177,13.253,15.797
178,13.248,15.799
179,13.245,15.798
180,13.222,15.759
181,13.155,15.662
182,13.146,15.657
183,13.130,15.613
184,13.140,15.637
185,13.137,15.644
186,13.127,15.642
187,13.126,15.616
188,13.154,15.665
189,13.146,15.647
190,13.175,15.689
191,13.165,15.675
192,13.190,15.711
193,13.216,15.746
194,13.222,15.741
195,13.213,15.746
196,13.195,15.707
197,13.172,15.673
198,13.211,15.738
199,13.213,15.744
200,13.220,15.750
201,13.214,15.752
202,13.198,15.736
203,13.185,15.726
204,13.200,15.741
205,13.213,15.751
206,13.182,15.711
207,13.203,15.751
208,13.178,15.707
209,13.175,15.707
210,13.170,15.706
211,13.172,15.709
212,13.188,15.721
213,13.213,15.780
214,13.184,15.723
215,13.172,15.699
216,13.174,15.708
217,13.153,15.677
218,13.139,15.668
219,13.116,15.628
220,13.106,15.623
221,13.087,15.582
222,13.094,15.595
223,13.083,15.590
224,13.091,15.587
225,13.113,15.619
226,13.107,15.605
227,13.138,15.636
228,13.122,15.633
229,13.136,15.644
230,13.157,15.676
231,13.188,15.727
232,13.163,15.687
233,13.163,15.671
234,13.179,15.712
235,13.189,15.726
236,13.185,15.722
237,13.205,15.749
238,13.208,15.746
239,13.181,15.710
240,13.192,15.723
241,13.188,15.731
242,13.208,15.760
243,13.224,15.791
244,13.190,15.742
245,13.140,15.645
246,13.171,15.705
247,13.137,15.642
248,13.129,15.647
249,13.085,15.574
250,13.082,15.566
251,13.067,15.537
252,13.079,15.576
253,13.044,15.519
254,13.011,15.481
255,12.995,15.442
256,12.965,15.411
257,12.982,15.429
258,12.985,15.436
259,12.981,15.431
260,12.992,15.444
261,12.988,15.429
262,12.996,15.450
263,12.988,15.433
264,13.022,15.480
265,13.046,15.528
266,13.053,15.538
267,13.044,15.510
268,13.056,15.537
269,13.059,15.537
270,13.062,15.534
271,13.057,15.534
272,13.057,15.536
273,13.087,15.582
274,13.064,15.545
275,13.094,15.586
276,13.099,15.587
277,13.094,15.578
278,13.097,15.591
279,13.073,15.564
280,13.063,15.539
281,13.058,15.530
282,13.035,15.489
283,13.022,15.472
284,13.020,15.468
285,13.035,15.483
286,13.020,15.469
287,13.025,15.465
288,13.041,15.494
289,13.039,15.503
290,13.007,15.454
291,13.002,15.451
292,12.993,15.433
293,12.987,15.414
294,12.978,15.411
295,12.992,15.425
296,13.010,15.454
297,13.039,15.499
298,13.048,15.507
299,13.135,15.618
300,13.203,15.719
301,13.203,15.722
302,13.246,15.775
303,13.257,15.799
304,13.280,15.828
305,13.283,15.842
306,13.322,15.911
307,13.324,15.914
308,13.342,15.930
309,13.300,15.862
310,13.278,15.838
311,13.221,15.753
312,13.251,15.795
313,13.231,15.771
314,13.179,15.681
315,13.173,15.667
316,13.158,15.646
317,13.151,15.647
318,13.127,15.606
319,13.122,15.588
320,13.118,15.591
321,13.119,15.586
322,13.105,15.575
323,13.089,15.549
324,13.082,15.529
325,13.080,15.531
326,13.084,15.531
327,13.106,15.560
328,13.106,15.561
329,13.103,15.566
330,13.104,15.568
331,13.104,15.568
332,13.083,15.534
333,13.099,15.554
334,13.077,15.527
335,13.057,15.495
336,13.039,15.465
337,13.056,15.499
338,13.049,15.489
339,13.055,15.495
340,13.040,15.474
341,13.066,15.517
342,13.067,15.514
343,13.104,15.559
344,13.114,15.573
345,13.088,15.526
346,13.112,15.567
347,13.099,15.538
348,13.128,15.589
349,13.111,15.563
350,13.084,15.519
351,13.116,15.572
352,13.091,15.526
353,13.108,15.555
354,13.105,15.549
355,13.105,15.554
356,13.078,15.516
357,13.109,15.556
358,13.081,15.512
359,13.073,15.498
360,13.082,15.506
361,13.075,15.497
362,13.069,15.498
363,13.086,15.516
364,13.057,15.465
365,13.073,15.504
366,13.058,15.475
367,13.062,15.475
368,13.062,15.476
369,13.056,15.463
370,13.074,15.499
371,13.059,15.459
372,13.039,15.440
373,13.031,15.436
374,13.029,15.435
375,13.039,15.448
376,13.048,15.466
377,13.048,15.455
378,13.042,15.450
379,13.066,15.484
380,13.074,15.497
381,13.081,15.501
382,13.075,15.487
383,13.101,15.538
384,13.096,15.513
385,13.100,15.526
386,13.122,15.555
387,13.109,15.530
388,13.097,15.511
389,13.092,15.513
390,13.082,15.505
391,13.101,15.521
392,13.093,15.525
393,13.080,15.508
394,13.073,15.501
395,13.064,15.492
396,13.071,15.496
397,13.077,15.500
398,13.090,15.516
399,13.106,15.539
400,13.108,15.542
401,13.103,15.538
402,13.109,15.539
403,13.127,15.574
404,13.126,15.567
405,13.125,15.560
406,13.150,15.594
407,13.127,15.565
408,13.091,15.519
409,13.048,15.450
410,13.038,15.448
411,13.061,15.482
412,13.051,15.448
413,13.059,15.464
414,13.039,15.440
415,13.033,15.438
416,13.001,15.382
417,13.007,15.393
418,12.996,15.377
419,13.012,15.398
420,13.000,15.391
421,12.989,15.363
422,12.986,15.366
423,12.982,15.372
424,12.967,15.348
425,12.932,15.294
426,12.936,15.303
427,12.943,15.317
428,12.930,15.293
429,12.935,15.300
430,12.935,15.294
431,12.927,15.295
432,12.953,15.325
433,12.945,15.295
434,12.947,15.312
435,12.957,15.327
436,12.956,15.322
437,12.966,15.335
438,12.954,15.323
439,12.972,15.337
440,12.992,15.366
441,12.974,15.338
442,12.977,15.346
443,12.980,15.346
444,13.003,15.383
445,12.984,15.354
446,12.990,15.358
447,12.994,15.369
448,13.002,15.387
449,12.991,15.364
450,12.997,15.368
451,12.997,15.367
452,12.998,15.373
453,13.011,15.384
454,12.979,15.330
455,12.997,15.354
456,13.020,15.386
457,12.971,15.310
458,12.985,15.328
459,12.946,15.281
460,12.985,15.343
461,12.968,15.313
462,12.995,15.345
463,12.980,15.328
464,13.012,15.384
465,13.014,15.384
466,13.003,15.367
467,13.000,15.365
468,12.998,15.361
469,13.005,15.364
470,13.014,15.377
471,13.030,15.403
472,13.027,15.393
473,13.041,15.407
474,13.043,15.418
475,13.058,15.430
476,13.053,15.421
477,13.033,15.400
478,13.057,15.432
479,13.056,15.439
480,13.085,15.478
481,13.062,15.444
482,13.052,15.415
483,13.073,15.458
484,13.060,15.431
485,13.075,15.457
486,13.062,15.429
487,13.063,15.436
488,13.058,15.434
489,13.072,15.461
490,13.077,15.459
491,13.072,15.450
492,13.069,15.458
493,13.082,15.467
494,13.066,15.444
495,13.056,15.451
496,13.045,15.418
497,13.067,15.456
498,13.074,15.472
499,13.069,15.466
500,13.067,15.448
501,13.046,15.430
502,13.036,15.417
503,13.017,15.398
504,12.996,15.359
505,12.991,15.355
506,12.978,15.348
507,12.975,15.338
508,12.964,15.316
509,12.985,15.347
510,12.965,15.326
511,12.955,15.304
512,12.968,15.316
513,12.964,15.312
514,12.969,15.309
515,12.970,15.327
516,12.985,15.348
517,13.011,15.386
518,13.025,15.397
519,13.035,15.417
520,13.079,15.492
521,13.064,15.464
522,13.055,15.449
523,13.091,15.501
524,13.103,15.515
525,13.102,15.513
526,13.108,15.532
527,13.136,15.573
528,13.154,15.592
529,13.127,15.565
530,13.142,15.584
531,13.135,15.579
532,13.158,15.626
533,13.162,15.626
534,13.159,15.625
535,13.177,15.644
536,13.195,15.685
537,13.201,15.692
538,13.231,15.739
539,13.254,15.774
540,13.272,15.817
541,13.308,15.854
542,13.352,15.932
543,13.334,15.908
544,13.355,15.946
545,13.366,15.966
546,13.401,16.020
547,13.439,16.065
548,13.437,16.075
549,13.403,16.034
550,13.410,16.062
551,13.388,16.032
552,13.376,16.033
553,13.374,16.037
554,13.402,16.063
555,13.389,16.052
556,13.397,16.066
557,13.418,16.099
558,13.420,16.082
559,13.425,16.105
560,13.414,16.075
561,13.417,16.079
562,13.438,16.100
563,13.429,16.081
564,13.442,16.102
565,13.404,16.054
566,13.414,16.043
567,13.406,16.033
568,13.391,15.999
569,13.395,16.022
570,13.345,15.932
571,13.318,15.885
572,13.262,15.792
573,13.242,15.753
574,13.172,15.639
575,13.137,15.591
576,13.123,15.570
577,13.088,15.512
578,13.056,15.458
579,13.058,15.463
580,12.984,15.338
581,12.916,15.253
582,12.846,15.157
583,12.802,15.098
584,12.766,15.056
585,12.724,15.008
586,12.712,15.000
587,12.683,14.962
588,12.609,14.864
589,12.583,14.833
590,12.548,14.800
591,12.491,14.739
592,12.456,14.695
593,12.487,14.736
594,12.434,14.655
595,12.447,14.678
596,12.460,14.674
597,12.468,14.675
598,12.481,14.696
599,12.511,14.718
600,12.563,14.804
601,12.537,14.759
602,12.558,14.779
603,12.602,14.846
604,12.621,14.859
605,12.640,14.894
606,12.685,14.956
607,12.720,15.001
608,12.875,15.229
609,12.938,15.311
610,12.869,15.207
611,12.983,15.372
612,13.036,15.439
613,13.026,15.434
614,12.959,15.319
615,12.991,15.368
616,12.967,15.317
617,12.889,15.213
618,12.942,15.280
619,12.973,15.317
620,13.064,15.437
621,13.121,15.520
622,13.129,15.514
623,13.098,15.475
624,13.150,15.531
625,13.163,15.554
626,13.164,15.532
627,13.183,15.566
628,13.214,15.609
629,13.208,15.594
630,13.183,15.559
631,13.167,15.526
632,13.148,15.490
633,13.121,15.459
634,13.098,15.422
635,13.131,15.458
636,13.167,15.509
637,13.260,15.633
638,13.228,15.593
639,13.245,15.618
640,13.242,15.611
641,13.277,15.656
642,13.286,15.660
643,13.286,15.667
644,13.219,15.561
645,13.166,15.499
646,13.145,15.467
647,13.108,15.430
648,13.104,15.434
649,13.094,15.436
650,13.067,15.394
651,13.024,15.348
652,12.983,15.289
653,12.987,15.300
654,12.977,15.282
655,12.972,15.285
656,12.977,15.298
657,12.956,15.261
658,12.931,15.214
659,12.966,15.280
660,12.941,15.231
661,12.954,15.271
662,12.964,15.280
663,12.950,15.260
664,12.943,15.231
665,12.960,15.266
666,12.997,15.316
667,12.949,15.249
668,12.986,15.302
669,13.042,15.366
670,13.031,15.352
671,13.034,15.371
672,13.056,15.387
673,13.028,15.362
674,13.026,15.360
675,13.065,15.414
676,13.016,15.349
677,13.024,15.363
678,13.015,15.354
679,12.998,15.317
680,13.013,15.349
681,13.051,15.393
682,13.035,15.384
683,13.026,15.372
684,13.066,15.425
685,13.068,15.420
686,13.080,15.443
687,13.058,15.407
688,13.054,15.403
689,13.038,15.381
690,13.043,15.383
691,13.054,15.397
692,13.052,15.406
693,13.062,15.404
694,13.057,15.392
695,13.056,15.385
696,13.069,15.419
697,13.065,15.398
698,13.088,15.430
699,13.105,15.463
700,13.080,15.417
701,13.104,15.446
702,13.112,15.461
703,13.114,15.464
704,13.119,15.469
705,13.141,15.497
706,13.157,15.533
707,13.165,15.541
708,13.156,15.520
709,13.157,15.522
710,13.173,15.551
711,13.173,15.540
712,13.176,15.557
713,13.204,15.590
714,13.203,15.601
715,13.214,15.607
716,13.244,15.648
717,13.256,15.663
718,13.277,15.695
719,13.283,15.699
720,13.316,15.744
721,13.313,15.729
722,13.348,15.780
723,13.375,15.826
724,13.368,15.823
725,13.377,15.839
726,13.388,15.856
727,13.394,15.872
728,13.397,15.875
729,13.406,15.890
730,13.408,15.881
731,13.420,15.914
732,13.442,15.951
733,13.421,15.910
734,13.429,15.926
735,13.437,15.945
736,13.463,15.981
737,13.472,16.002
738,13.490,16.022
739,13.509,16.065
740,13.518,16.061
741,13.538,16.106
742,13.550,16.124
743,13.567,16.147
744,13.539,16.101
745,13.513,16.062
746,13.507,16.064
747,13.540,16.108
748,13.530,16.100
749,13.534,16.096
750,13.516,16.072
751,13.521,16.079
752,13.520,16.075
753,13.506,16.073
754,13.527,16.092
755,13.480,16.015
756,13.469,16.012
757,13.467,16.010
758,13.462,16.002
759,13.566,16.163
760,13.624,16.239
761,13.610,16.226
762,13.597,16.207
763,13.516,16.091
764,13.490,16.049
765,13.366,15.867
766,13.349,15.831
767,13.289,15.750
768,13.322,15.792
769,13.318,15.792
770,13.308,15.768
771,13.265,15.715
772,13.262,15.706
773,13.261,15.700
774,13.284,15.736
775,13.231,15.659
776,13.169,15.573
777,13.140,15.535
778,13.186,15.600
779,13.189,15.599
780,13.234,15.660
781,13.143,15.535
782,13.106,15.496
783,13.069,15.433
784,13.056,15.432
785,13.051,15.415
786,13.039,15.399
787,13.016,15.372
788,12.999,15.361
789,12.986,15.321
790,12.992,15.335
791,12.991,15.332
792,12.983,15.315
793,12.956,15.272
794,12.966,15.286
795,12.982,15.318
796,12.981,15.316
797,12.985,15.312
798,12.993,15.321
799,13.000,15.335
800,13.011,15.342
801,13.008,15.349
802,13.010,15.340
803,13.005,15.336
804,12.981,15.300
805,12.967,15.280
806,12.964,15.273
807,12.981,15.296
808,12.966,15.278
809,12.972,15.287
810,12.974,15.292
811,12.990,15.304
812,12.980,15.298
813,12.979,15.297
814,12.974,15.290
815,12.987,15.299
816,12.983,15.295
817,13.008,15.332
818,13.022,15.348
819,13.031,15.369
820,13.031,15.372
821,13.021,15.352
822,13.039,15.393
823,13.050,15.395
824,13.049,15.397
825,13.046,15.398
826,13.041,15.379
827,13.077,15.439
828,13.052,15.422
829,13.062,15.424
830,13.060,15.412
831,13.060,15.415
832,13.078,15.444
833,13.085,15.453
834,13.105,15.485
835,13.116,15.493
836,13.120,15.496
837,13.131,15.508
838,13.154,15.540
839,13.178,15.570
840,13.168,15.556
841,13.194,15.580
842,13.174,15.568
843,13.171,15.556
844,13.173,15.568
845,13.174,15.570
846,13.169,15.565
847,13.150,15.536
848,13.126,15.521
849,13.122,15.513
850,13.156,15.555
851,13.144,15.550
852,13.079,15.451
853,13.065,15.458
854,13.046,15.429
855,13.066,15.454
856,13.102,15.510
857,13.118,15.528
858,13.110,15.525
859,13.105,15.502
860,13.119,15.544
861,13.144,15.570
862,13.150,15.576
863,13.165,15.604
864,13.161,15.589
865,13.167,15.594
866,13.129,15.543
867,13.021,15.401
868,13.019,15.410
869,12.999,15.388
870,13.025,15.434
871,13.011,15.405
872,13.014,15.414
873,13.017,15.413
874,12.998,15.389
875,12.974,15.359
876,12.931,15.293
877,12.971,15.363
878,12.955,15.335
879,12.946,15.329
880,12.971,15.367
881,12.965,15.346
882,12.975,15.361
883,12.956,15.342
884,12.969,15.364
885,12.957,15.334
886,12.954,15.331
887,12.977,15.378
888,12.960,15.333
889,12.979,15.377
890,12.947,15.317
891,12.967,15.347
892,12.959,15.332
893,12.957,15.340
894,12.966,15.349
895,12.955,15.329
896,12.945,15.323
897,12.948,15.317
898,12.947,15.330
899,12.936,15.294
900,12.948,15.317
901,12.962,15.348
902,12.957,15.343
903,12.949,15.324
904,12.953,15.327
905,12.962,15.342
906,12.965,15.345
907,12.961,15.336
908,12.963,15.345
909,12.953,15.328
910,12.971,15.361
911,12.961,15.330
912,12.949,15.317
913,12.968,15.364
914,12.981,15.359
915,12.962,15.345
916,12.989,15.380
917,12.986,15.377
918,12.993,15.380
919,12.993,15.388
920,13.009,15.397
921,12.994,15.379
922,12.992,15.373
923,13.001,15.383
924,12.998,15.393
925,13.009,15.409
926,12.993,15.384
927,13.003,15.396
928,13.008,15.401
929,12.988,15.369
930,12.974,15.356
931,12.990,15.378
932,12.990,15.375
933,13.001,15.402
934,13.017,15.403
935,13.010,15.404
936,13.001,15.401
937,13.015,15.415
938,13.014,15.413
939,12.993,15.366
940,12.984,15.369
941,12.992,15.376
942,12.965,15.341
943,12.989,15.376
944,12.989,15.388
945,12.998,15.381
946,13.012,15.403
947,12.990,15.368
948,13.001,15.368
949,13.009,15.398
950,13.016,15.404
951,13.015,15.408
952,13.009,15.400
953,13.003,15.389
954,12.991,15.379
955,12.989,15.375
956,12.981,15.358
957,12.964,15.342
958,12.970,15.355
959,12.931,15.290
960,12.930,15.282
961,12.950,15.326
962,12.930,15.293
963,12.915,15.274
964,12.936,15.310
965,12.937,15.301
966,12.932,15.299
967,12.928,15.287
968,12.924,15.280
969,12.935,15.302
970,12.946,15.316
971,12.946,15.322
972,12.946,15.323
973,12.953,15.337
974,12.962,15.349
975,12.969,15.346
976,12.971,15.350
977,12.982,15.368
978,12.987,15.369
979,12.987,15.376
980,13.003,15.401
981,13.007,15.397
982,13.009,15.412
983,13.027,15.427
984,13.050,15.457
985,13.073,15.493
986,13.070,15.484
987,13.066,15.485
988,13.092,15.523
989,13.083,15.505
990,13.095,15.527
991,13.082,15.505
992,13.103,15.534
993,13.108,15.531
994,13.099,15.523
995,13.141,15.579
996,13.141,15.587
997,13.143,15.590
998,13.162,15.613
999,13.150,15.608
1000,13.153,15.592
1001,13.153,15.595
1002,13.171,15.630
1003,13.192,15.633
1004,13.209,15.690
1005,13.223,15.692
1006,13.229,15.697
1007,13.258,15.740
1008,13.238,15.722
1009,13.229,15.692
1010,13.197,15.639
1011,13.219,15.677
1012,13.237,15.708
1013,13.238,15.718
1014,13.234,15.704
1015,13.225,15.678
1016,13.230,15.705
1017,13.241,15.707
1018,13.213,15.658
1019,13.227,15.685
1020,13.238,15.697
1021,13.218,15.668
1022,13.222,15.680
1023,13.202,15.644
1024,13.207,15.652
1025,13.207,15.649
1026,13.210,15.663
1027,13.206,15.639
1028,13.219,15.666
1029,13.232,15.689
1030,13.219,15.673
1031,13.237,15.702
1032,13.207,15.637
1033,13.202,15.649
1034,13.152,15.565
1035,13.146,15.561
1036,13.137,15.539
1037,13.146,15.562
1038,13.122,15.527
1039,13.092,15.479
1040,13.071,15.454
1041,13.097,15.495
1042,13.069,15.442
1043,13.072,15.471
1044,13.068,15.447
1045,13.038,15.404
1046,13.038,15.406
1047,13.045,15.420
1048,13.020,15.382
1049,13.035,15.398
1050,12.999,15.361
1051,12.959,15.302
1052,12.926,15.250
1053,12.928,15.260
1054,12.911,15.231
1055,12.929,15.263
1056,12.927,15.253
1057,12.905,15.226
1058,12.904,15.232
1059,12.914,15.249
1060,12.927,15.268
1061,12.907,15.240
1062,12.912,15.244
1063,12.898,15.224
1064,12.897,15.212
1065,12.876,15.194
1066,12.882,15.198
1067,12.884,15.199
1068,12.866,15.183
1069,12.882,15.217
1070,12.877,15.200
1071,12.869,15.182
1072,12.881,15.203
1073,12.866,15.178
1074,12.873,15.195
1075,12.844,15.144
1076,12.867,15.190
1077,12.859,15.178
1078,12.874,15.205
1079,12.860,15.179
1080,12.873,15.197
1081,12.865,15.198
1082,12.873,15.201
1083,12.860,15.181
1084,12.876,15.201
1085,12.851,15.162
1086,12.872,15.200
1087,12.838,15.156
1088,12.845,15.173
1089,12.859,15.187
1090,12.846,15.170
1091,12.831,15.140
1092,12.833,15.142
1093,12.855,15.182
1094,12.854,15.174
1095,12.855,15.176
1096,12.852,15.177
1097,12.862,15.194
1098,12.851,15.172
1099,12.851,15.176
1100,12.868,15.201
1101,12.868,15.202
1102,12.868,15.191
1103,12.894,15.236
1104,12.905,15.251
1105,12.889,15.229
1106,12.930,15.292
1107,12.903,15.249
1108,12.934,15.286
1109,12.946,15.311
1110,12.956,15.319
1111,12.945,15.305
1112,12.963,15.340
1113,12.953,15.312
1114,12.954,15.322
1115,12.974,15.342
1116,12.988,15.371
1117,12.982,15.357
1118,13.026,15.420
1119,13.037,15.443
1120,13.024,15.426
1121,13.039,15.439
1122,13.051,15.470
1123,13.049,15.456
1124,13.027,15.432
1125,13.038,15.443
1126,13.070,15.487
1127,13.046,15.455
1128,13.050,15.453
1129,13.040,15.438
1130,13.041,15.443
1131,13.028,15.431
1132,13.048,15.457
1133,13.024,15.419
1134,13.012,15.414
1135,13.011,15.401
1136,13.020,15.410
1137,13.010,15.398
1138,13.029,15.431
1139,13.049,15.455
1140,13.066,15.482
1141,13.086,15.501
1142,13.105,15.537
1143,13.131,15.568
1144,13.162,15.623
1145,13.175,15.639
1146,13.158,15.610
1147,13.138,15.588
1148,13.110,15.541
1149,13.136,15.575
1150,13.135,15.569
1151,13.166,15.619
1152,13.156,15.603
1153,13.160,15.608
1154,13.158,15.602
1155,13.115,15.540
1156,13.114,15.542
1157,13.110,15.535
1158,13.130,15.572
1159,13.158,15.607
1160,13.157,15.602
1161,13.194,15.662
1162,13.203,15.662
1163,13.218,15.693
1164,13.222,15.672
1165,13.228,15.689
1166,13.238,15.714
1167,13.260,15.734
1168,13.284,15.783
1169,13.299,15.805
1170,13.275,15.752
1171,13.275,15.779
1172,13.276,15.761
1173,13.256,15.731
1174,13.273,15.751
1175,13.261,15.728
1176,13.228,15.687
1177,13.238,15.703
1178,13.242,15.710
1179,13.233,15.697
1180,13.223,15.677
1181,13.202,15.635
1182,13.205,15.651
1183,13.185,15.617
1184,13.190,15.622
1185,13.183,15.609
1186,13.171,15.597
1187,13.167,15.599
1188,13.165,15.584
1189,13.155,15.568
1190,13.144,15.562
1191,13.132,15.544
1192,13.114,15.520
1193,13.116,15.515
1194,13.100,15.491
1195,13.070,15.444
1196,13.096,15.487
1197,13.098,15.498
1198,13.058,15.431
1199,13.044,15.413
1200,13.009,15.355
1201,12.994,15.339
1202,13.011,15.376
1203,13.069,15.439
1204,13.024,15.371
1205,13.008,15.354
1206,13.016,15.364
1207,13.006,15.353
1208,12.985,15.308
1209,12.979,15.308
1210,12.964,15.294
1211,12.939,15.253
1212,12.899,15.189
1213,12.886,15.171
1214,12.907,15.188
1215,12.889,15.172
1216,12.873,15.143
1217,12.892,15.163
1218,12.898,15.173
1219,12.896,15.172
1220,12.898,15.176
1221,12.882,15.152
1222,12.889,15.162
1223,12.885,15.156
1224,12.873,15.136
1225,12.867,15.134
1226,12.867,15.141
1227,12.881,15.158
1228,12.871,15.149
1229,12.901,15.206
1230,12.902,15.207
1231,12.936,15.256
1232,12.922,15.230
1233,12.948,15.279
1234,12.965,15.293
1235,12.970,15.296
1236,12.992,15.341
1237,12.990,15.332
1238,13.012,15.363
1239,13.025,15.384
1240,13.034,15.405
1241,13.053,15.411
1242,13.065,15.426
1243,13.087,15.468
1244,13.094,15.478
1245,13.131,15.535
1246,13.132,15.528
1247,13.182,15.605
1248,13.180,15.590
1249,13.189,15.612
1250,13.211,15.632
1251,13.236,15.656
1252,13.237,15.661
1253,13.254,15.675
1254,13.254,15.673
1255,13.232,15.656
1256,13.226,15.649
1257,13.225,15.650
1258,13.263,15.691
1259,13.233,15.670
1260,13.217,15.641
1261,13.218,15.645
1262,13.227,15.666
1263,13.216,15.657
1264,13.189,15.623
1265,13.167,15.590
1266,13.163,15.593
1267,13.165,15.589
1268,13.189,15.623
1269,13.250,15.715
1270,13.286,15.754
1271,13.282,15.764
1272,13.324,15.813
1273,13.278,15.736
1274,13.240,15.685
1275,13.243,15.687
1276,13.260,15.714
1277,13.266,15.717
1278,13.235,15.661
1279,13.229,15.663
1280,13.126,15.513
1281,13.109,15.517
1282,13.105,15.513
1283,13.120,15.542
1284,13.109,15.518
1285,13.116,15.528
1286,13.115,15.528
1287,13.114,15.516
1288,13.103,15.497
1289,13.098,15.509
1290,13.116,15.519
1291,13.114,15.527
1292,13.104,15.515
1293,13.099,15.509
1294,13.098,15.503
1295,13.136,15.559
1296,13.099,15.509
1297,13.116,15.533
1298,13.103,15.512
1299,13.122,15.548
1300,13.114,15.533
1301,13.106,15.518
1302,13.094,15.508
1303,13.096,15.505
1304,13.093,15.510
1305,13.102,15.513
1306,13.104,15.516
1307,13.100,15.519
1308,13.097,15.500
1309,13.110,15.516
1310,13.112,15.528
1311,13.129,15.548
1312,13.116,15.531
1313,13.116,15.524
1314,13.121,15.533
1315,13.122,15.540
1316,13.146,15.565
1317,13.139,15.558
1318,13.135,15.560
1319,13.140,15.555
1320,13.126,15.534
1321,13.140,15.551
1322,13.145,15.572
1323,13.122,15.529
1324,13.116,15.522
1325,13.113,15.511
1326,13.120,15.518
1327,13.118,15.528
1328,13.096,15.492
1329,13.094,15.494
1330,13.093,15.488
1331,13.070,15.467
1332,13.072,15.454
1333,13.077,15.462
1334,13.056,15.442
1335,13.082,15.473
1336,13.093,15.491
1337,13.089,15.488
1338,13.080,15.450
1339,13.072,15.451
1340,13.043,15.408
1341,13.082,15.462
1342,13.076,15.446
1343,13.090,15.469
1344,13.103,15.492
1345,13.087,15.478
1346,13.098,15.486
1347,13.108,15.509
1348,13.094,15.479
1349,13.099,15.500
1350,13.100,15.493
1351,13.123,15.531
1352,13.123,15.525
1353,13.117,15.514
1354,13.121,15.519
1355,13.130,15.533
1356,13.153,15.570
1357,13.150,15.557
1358,13.156,15.573
1359,13.149,15.559
1360,13.163,15.582
1361,13.152,15.562
1362,13.138,15.536
1363,13.154,15.564
1364,13.147,15.560
1365,13.142,15.561
1366,13.127,15.528
1367,13.134,15.545
1368,13.138,15.547
1369,13.130,15.532
1370,13.129,15.532
1371,13.134,15.539
1372,13.145,15.552
1373,13.141,15.544
1374,13.126,15.524
1375,13.148,15.562
1376,13.153,15.557
1377,13.162,15.572
1378,13.178,15.603
1379,13.185,15.602
1380,13.184,15.604
1381,13.185,15.593
1382,13.194,15.616
1383,13.206,15.622
1384,13.216,15.641
1385,13.216,15.642
1386,13.208,15.611
1387,13.249,15.681
1388,13.221,15.646
1389,13.229,15.666
1390,13.257,15.695
1391,13.257,15.707
1392,13.255,15.685
1393,13.242,15.677
1394,13.275,15.717
1395,13.283,15.737
1396,13.283,15.738
1397,13.292,15.745
1398,13.288,15.744
1399,13.285,15.722
1400,13.303,15.757
1401,13.325,15.794
1402,13.309,15.759
1403,13.328,15.817
1404,13.341,15.811
1405,13.348,15.828
1406,13.351,15.833
1407,13.347,15.825
1408,13.339,15.830
1409,13.353,15.836
1410,13.367,15.853
1411,13.367,15.858
1412,13.371,15.852
1413,13.394,15.898
1414,13.414,15.916
1415,13.403,15.911
1416,13.439,15.956
1417,13.445,15.962
1418,13.465,15.993
1419,13.469,16.002
1420,13.482,16.021
1421,13.471,16.009
1422,13.487,16.023
1423,13.497,16.041
1424,13.506,16.046
1425,13.484,16.020
1426,13.461,15.971
1427,13.419,15.915
1428,13.478,16.001
1429,13.445,15.962
1430,13.436,15.948
1431,13.399,15.884
1432,13.372,15.855
1433,13.387,15.867
1434,13.353,15.825
1435,13.348,15.827
1436,13.333,15.785
1437,13.348,15.820
1438,13.369,15.861
1439,13.366,15.855
1440,13.307,15.760
1441,13.322,15.783
1442,13.299,15.744
1443,13.270,15.699
1444,13.267,15.696
1445,13.246,15.660
1446,13.259,15.692
1447,13.275,15.717
1448,13.263,15.700
1449,13.275,15.712
1450,13.258,15.689
1451,13.204,15.621
1452,13.180,15.576
1453,13.142,15.528
1454,13.123,15.495
1455,13.115,15.487
1456,13.083,15.444
1457,13.098,15.474
1458,13.104,15.467
1459,13.097,15.470
1460,13.078,15.438
1461,13.081,15.443
1462,13.085,15.448
1463,13.084,15.437
1464,13.100,15.472
1465,13.103,15.470
1466,13.095,15.452
1467,13.082,15.441
1468,13.084,15.442
1469,13.071,15.414
1470,13.092,15.445
1471,13.074,15.422
1472,13.078,15.441
1473,13.099,15.457
1474,13.092,15.450
1475,13.073,15.432
1476,13.093,15.452
1477,13.105,15.468
1478,13.094,15.460
1479,13.067,15.414
1480,13.067,15.410
1481,13.056,15.398
1482,13.053,15.380
1483,13.053,15.398
1484,13.074,15.414
1485,13.066,15.411
1486,13.067,15.405
1487,13.048,15.383
1488,13.027,15.345
1489,13.044,15.378
1490,13.033,15.358
1491,13.033,15.367
1492,13.024,15.353
1493,13.027,15.356
1494,13.017,15.346
1495,12.990,15.298
1496,13.027,15.355
1497,13.004,15.316
1498,13.030,15.350
1499,13.021,15.339
1500,13.039,15.359
1501,13.031,15.352
1502,13.022,15.348
1503,13.008,15.330
1504,13.004,15.317
1505,13.036,15.358
1506,13.019,15.346
1507,13.010,15.317
1508,13.012,15.325
1509,13.032,15.361
1510,13.040,15.375
1511,13.020,15.347
1512,13.037,15.372
1513,13.013,15.341
1514,12.985,15.302
1515,12.989,15.302
1516,12.955,15.253
1517,12.962,15.259
1518,12.961,15.270
1519,12.949,15.249
1520,12.925,15.208
1521,12.918,15.204
1522,12.929,15.233
1523,12.911,15.213
1524,12.901,15.200
1525,12.908,15.201
1526,12.906,15.206
1527,12.922,15.227
1528,12.920,15.233
1529,12.919,15.227
1530,12.919,15.223
1531,12.913,15.229
1532,12.927,15.239
1533,12.911,15.230
1534,12.902,15.222
1535,12.915,15.236
1536,12.917,15.238
1537,12.916,15.237
1538,12.913,15.227
1539,12.956,15.289
1540,12.956,15.290
1541,12.962,15.308
1542,12.950,15.279
1543,12.975,15.323
1544,12.985,15.345
1545,12.941,15.275
1546,12.946,15.294
1547,12.949,15.294
1548,12.961,15.310
1549,12.984,15.341
1550,12.984,15.348
1551,12.926,15.258
1552,12.920,15.243
1553,12.923,15.263
1554,12.937,15.282
1555,12.924,15.264
1556,12.916,15.254
1557,12.930,15.269
1558,12.925,15.264
1559,12.907,15.225
1560,12.925,15.260
1561,12.906,15.235
1562,12.923,15.252
1563,12.923,15.260
1564,12.908,15.245
1565,12.914,15.245
1566,12.911,15.247
1567,12.917,15.243
1568,12.918,15.247
1569,12.939,15.273
1570,12.941,15.286
1571,12.947,15.296
1572,12.960,15.309
1573,12.977,15.337
1574,12.988,15.345
1575,12.995,15.354
1576,12.984,15.339
1577,13.002,15.370
1578,12.989,15.345
1579,13.001,15.355
1580,13.003,15.365
1581,12.987,15.339
1582,12.986,15.346
1583,13.004,15.377
1584,12.986,15.334
1585,13.014,15.366
1586,13.008,15.373
1587,13.006,15.358
1588,12.999,15.352
1589,13.022,15.392
1590,13.013,15.380
1591,13.016,15.378
1592,13.022,15.380
1593,13.001,15.350
1594,13.033,15.401
1595,12.996,15.354
1596,13.028,15.398
1597,12.997,15.344
1598,13.008,15.361
1599,12.984,15.319
1600,12.989,15.335
1601,12.997,15.342
1602,13.004,15.350
1603,12.999,15.341
1604,13.015,15.374
1605,12.997,15.350
1606,12.999,15.345
1607,12.990,15.341
1608,13.019,15.378
1609,13.009,15.367
1610,13.025,15.386
1611,13.025,15.385
1612,13.045,15.426
1613,13.047,15.420
1614,13.062,15.436
1615,13.072,15.465
1616,13.054,15.428
1617,13.047,15.407
1618,13.060,15.426
1619,13.050,15.414
1620,13.029,15.383
1621,13.018,15.376
1622,13.036,15.395
1623,13.017,15.367
1624,12.996,15.333
1625,12.999,15.327
1626,12.990,15.311
1627,12.984,15.301
1628,12.993,15.323
1629,12.975,15.288
1630,12.985,15.305
1631,12.979,15.304
1632,12.987,15.298
1633,13.010,15.354
1634,12.996,15.320
1635,13.024,15.363
1636,13.019,15.354
1637,13.033,15.364
1638,13.026,15.364
1639,13.029,15.364
1640,13.032,15.368
1641,13.030,15.369
1642,13.033,15.366
1643,13.041,15.379
1644,13.038,15.372
1645,13.060,15.413
1646,13.064,15.423
1647,13.068,15.418
1648,13.080,15.438
1649,13.074,15.433
1650,13.102,15.474
1651,13.091,15.450
1652,13.075,15.431
1653,13.113,15.488
1654,13.113,15.486
1655,13.140,15.537
1656,13.144,15.527
1657,13.158,15.556
1658,13.153,15.538
1659,13.164,15.560
1660,13.206,15.614
1661,13.199,15.615
1662,13.218,15.618
1663,13.237,15.651
1664,13.253,15.674
1665,13.263,15.680
1666,13.274,15.694
1667,13.294,15.725
1668,13.302,15.715
1669,13.286,15.703
1670,13.270,15.697
1671,13.246,15.655
1672,13.235,15.647
1673,13.235,15.649
1674,13.205,15.605
1675,13.194,15.591
1676,13.194,15.588
1677,13.174,15.565
1678,13.158,15.544
1679,13.116,15.487
1680,13.103,15.473
1681,13.082,15.469
1682,13.105,15.489
1683,13.098,15.471
1684,13.101,15.491
1685,13.110,15.494
1686,13.124,15.519
1687,13.119,15.494
1688,13.126,15.509
1689,13.134,15.517
1690,13.175,15.572
1691,13.145,15.528
1692,13.169,15.563
1693,13.174,15.570
1694,13.178,15.570
1695,13.187,15.583
1696,13.216,15.615
1697,13.153,15.528
1698,13.070,15.430
1699,13.002,15.329
1700,13.036,15.402
1701,13.046,15.417
1702,13.061,15.443
1703,13.050,15.423
1704,13.027,15.394
1705,13.001,15.345
1706,12.982,15.326
1707,13.005,15.350
1708,13.022,15.382
1709,13.013,15.372
1710,12.994,15.340
1711,12.998,15.354
1712,13.007,15.356
1713,12.993,15.336
1714,13.017,15.374
1715,12.997,15.352
1716,13.006,15.349
1717,13.014,15.364
1718,13.001,15.348
1719,12.994,15.337
1720,12.995,15.337
1721,13.004,15.360
1722,12.997,15.349
1723,12.998,15.348
1724,13.003,15.359
1725,13.002,15.353
1726,13.011,15.354
1727,13.010,15.359
1728,13.009,15.354
1729,12.995,15.338
1730,13.007,15.344
1731,13.013,15.359
1732,13.013,15.361
1733,13.008,15.359
1734,13.022,15.366
1735,13.022,15.374
1736,13.033,15.397
1737,13.037,15.405
1738,13.010,15.360
1739,13.040,15.389
1740,13.028,15.385
1741,13.027,15.380
1742,13.018,15.380
1743,13.025,15.393
1744,13.013,15.361
1745,12.997,15.330
1746,12.994,15.328
1747,12.978,15.312
1748,12.974,15.312
1749,12.991,15.330
1750,12.962,15.290
1751,12.989,15.339
1752,12.990,15.341
1753,12.973,15.313
1754,12.994,15.339
1755,12.978,15.322
1756,12.979,15.328
1757,12.993,15.348
1758,12.990,15.338
1759,12.977,15.323
1760,12.971,15.306
1761,12.947,15.271
1762,12.954,15.275
1763,12.985,15.316
1764,12.965,15.303
1765,12.964,15.299
1766,12.973,15.304
1767,12.986,15.328
1768,12.958,15.290
1769,12.981,15.318
1770,12.983,15.322
1771,12.993,15.319
1772,12.997,15.336
1773,12.977,15.318
1774,12.981,15.307
1775,12.980,15.316
1776,12.989,15.340
1777,12.973,15.307
1778,12.974,15.311
1779,12.967,15.298
1780,12.979,15.318
1781,12.975,15.304
1782,12.964,15.295
1783,12.970,15.306
1784,12.972,15.304
1785,12.999,15.339
1786,12.966,15.299
1787,12.979,15.317
1788,12.974,15.311
1789,12.969,15.300
1790,12.973,15.311
1791,12.961,15.289
1792,12.983,15.318
1793,12.987,15.327
1794,12.981,15.319
1795,12.973,15.305
1796,13.001,15.346
1797,12.987,15.332
1798,12.994,15.339
1799,12.979,15.317
1800,12.991,15.333
1801,12.992,15.332
1802,12.979,15.320
1803,12.981,15.319
1804,12.982,15.329
1805,12.989,15.331
1806,13.002,15.351
1807,13.007,15.356
1808,13.017,15.372
1809,13.010,15.364
1810,12.995,15.341
1811,13.007,15.349
1812,12.998,15.344
1813,12.992,15.328
1814,13.013,15.364
1815,13.014,15.368
1816,13.000,15.340
1817,13.000,15.340
1818,12.994,15.343
1819,13.014,15.359
1820,13.011,15.369
1821,13.008,15.354
1822,13.007,15.359
1823,13.001,15.345
1824,13.028,15.386
1825,13.011,15.357
1826,13.034,15.384
1827,13.039,15.405
1828,13.032,15.385
1829,13.038,15.403
1830,13.055,15.423
1831,13.048,15.420
1832,13.035,15.384
1833,13.049,15.420
1834,13.047,15.405
1835,13.052,15.415
1836,13.074,15.449
1837,13.067,15.430
1838,13.084,15.449
1839,13.074,15.451
1840,13.078,15.449
