0,27.647,27.680
1,27.643,27.679
2,27.635,27.673
3,27.634,27.680
4,27.620,27.665
5,27.614,27.650
6,27.246,27.283
7,27.579,27.613
8,27.566,27.607
9,27.485,27.522
10,27.621,27.662
11,27.548,27.601
12,27.536,27.580
13,27.547,27.593
14,27.556,27.587
15,27.542,27.569
16,27.690,27.744
17,27.651,27.692
18,27.781,27.836
19,27.685,27.731
20,27.789,27.813
21,27.727,27.764
22,27.772,27.805
23,27.757,27.780
24,27.769,27.804
25,27.696,27.721
26,27.410,27.438
27,27.788,27.817
28,27.697,27.717
29,27.726,27.757
30,27.749,27.777
31,27.759,27.777
32,27.725,27.740
33,27.753,27.783
34,27.751,27.781
35,27.728,27.755
36,27.718,27.751
37,27.741,27.762
38,27.754,27.776
39,27.705,27.727
40,27.712,27.743
41,27.693,27.726
42,27.640,27.665
43,27.643,27.679
44,27.682,27.717
45,27.665,27.699
46,27.720,27.747
47,27.683,27.713
48,27.672,27.692
49,27.687,27.730
50,27.736,27.768
51,27.801,27.831
52,27.813,27.845
53,27.846,27.878
54,28.044,28.099
55,27.836,27.878
56,27.789,27.823
57,27.756,27.789
58,27.801,27.834
59,27.789,27.832
60,27.787,27.839
61,27.901,27.956
62,27.884,27.929
63,27.934,27.991
64,27.825,27.885
65,27.861,27.929
66,27.916,27.977
67,27.884,27.952
68,27.894,27.951
69,27.878,27.943
70,27.886,27.948
71,27.915,27.977
72,27.765,27.821
73,27.840,27.913
74,27.882,27.947
75,27.912,27.998
76,27.543,27.594
77,27.547,27.588
78,27.533,27.569
79,27.515,27.544
80,27.497,27.531
81,27.451,27.486
82,27.420,27.446
83,27.498,27.532
84,27.504,27.554
85,27.428,27.451
86,27.441,27.474
87,27.397,27.419
88,27.382,27.401
89,27.636,27.655
90,27.634,27.663
91,27.597,27.627
92,27.533,27.554
93,27.476,27.487
94,27.488,27.486
95,27.402,27.402
96,27.382,27.384
97,27.345,27.331
98,27.298,27.292
99,27.246,27.236
100,27.205,27.190
101,27.154,27.137
102,27.146,27.127
103,27.063,27.050
104,27.004,26.978
105,26.964,26.930
106,26.967,26.945
107,27.037,27.021
108,27.020,27.001
109,27.045,27.019
110,27.075,27.035
111,27.045,27.008
112,27.010,26.993
113,26.909,26.849
114,26.993,26.966
115,27.025,27.008
116,26.935,26.911
117,26.844,26.813
118,26.882,26.843
119,26.919,26.892
120,26.860,26.841
121,26.865,26.845
122,26.862,26.831
123,26.851,26.826
124,26.818,26.811
125,26.811,26.808
126,26.731,26.714
127,26.726,26.718
128,26.615,26.595
129,26.612,26.596
130,26.638,26.642
131,26.597,26.601
132,26.493,26.485
133,26.538,26.526
134,26.491,26.485
135,26.537,26.547
136,26.458,26.453
137,26.411,26.422
138,26.427,26.426
139,26.343,26.353
140,26.331,26.336
141,26.320,26.321
142,26.446,26.455
143,26.398,26.420
144,26.356,26.395
145,26.373,26.415
146,26.316,26.362
147,26.394,26.429
148,26.457,26.498
149,26.445,26.484
150,26.476,26.520
151,26.565,26.603
152,26.548,26.591
153,26.521,26.567
154,26.598,26.651
155,26.537,26.599
156,26.193,26.219
157,26.556,26.600
158,26.420,26.476
159,26.514,26.563
160,26.488,26.533
161,26.384,26.415
162,26.332,26.373
163,26.391,26.444
164,26.324,26.368
165,26.305,26.338
166,26.367,26.405
167,26.843,26.890
168,26.005,26.045
169,26.456,26.498
170,26.294,26.341
171,26.438,26.486
172,26.390,26.427
173,26.528,26.577
174,26.588,26.639
175,26.556,26.600
176,26.635,26.682
177,26.582,26.619
178,26.668,26.720
179,26.180,26.229
180,26.561,26.612
181,26.555,26.601
182,26.448,26.503
183,26.466,26.518
184,26.444,26.495
185,26.448,26.500
186,26.566,26.632
187,26.634,26.690
188,26.160,26.202
189,26.219,26.284
190,26.229,26.283
191,26.641,26.726
192,26.641,26.707
193,26.675,26.757
194,26.253,26.310
195,26.314,26.380
196,26.743,26.821
197,26.606,26.677
198,26.652,26.739
199,26.632,26.710
200,26.629,26.716
201,26.648,26.728
202,26.610,26.680
203,26.597,26.669
204,26.637,26.725
205,26.650,26.724
206,26.780,26.881
207,26.800,26.893
208,26.793,26.880
209,26.709,26.798
210,26.716,26.798
211,26.794,26.880
212,26.785,26.850
213,26.446,26.521
214,26.933,27.014
215,26.512,26.592
216,26.528,26.612
217,26.494,26.564
218,26.441,26.521
219,26.810,26.885
220,26.830,26.914
221,26.708,26.792
222,26.744,26.839
223,26.679,26.766
224,26.720,26.802
225,26.779,26.866
226,26.821,26.917
227,26.850,26.939
228,26.848,26.931
229,26.834,26.924
230,26.833,26.918
231,26.801,26.874
232,26.762,26.842
233,26.797,26.877
234,26.756,26.830
235,26.833,26.926
236,26.868,26.966
237,26.473,26.551
238,26.422,26.503
239,26.414,26.494
240,26.469,26.536
241,26.495,26.573
242,26.831,26.915
243,26.829,26.925
244,26.762,26.867
245,26.739,26.848
246,26.690,26.788
247,26.676,26.770
248,26.652,26.754
249,26.730,26.820
250,26.701,26.793
251,26.359,26.443
252,26.671,26.775
253,26.618,26.723
254,26.587,26.691
255,26.614,26.721
256,26.638,26.754
257,26.616,26.726
258,26.605,26.727
259,26.579,26.689
260,26.608,26.721
261,26.592,26.692
262,26.569,26.671
263,26.575,26.684
264,26.537,26.643
265,26.514,26.619
266,26.534,26.639
267,26.519,26.621
268,26.502,26.602
269,26.490,26.588
270,26.495,26.598
271,26.446,26.541
272,26.419,26.511
273,26.412,26.516
274,26.401,26.508
275,26.352,26.456
276,26.331,26.437
277,26.327,26.435
278,26.284,26.363
279,26.290,26.367
280,26.302,26.389
281,26.287,26.376
282,26.288,26.378
283,26.258,26.347
284,26.276,26.367
285,26.268,26.367
286,26.218,26.308
287,26.227,26.325
288,26.221,26.323
289,26.206,26.311
290,26.177,26.264
291,26.164,26.242
292,26.181,26.272
293,26.184,26.269
294,26.140,26.220
295,26.108,26.190
296,26.148,26.233
297,26.188,26.278
298,26.176,26.263
299,26.169,26.242
300,26.164,26.252
301,26.192,26.269
302,26.182,26.251
303,26.232,26.324
304,26.215,26.304
305,26.252,26.330
306,26.209,26.287
307,26.147,26.217
308,26.203,26.279
309,26.210,26.285
310,26.206,26.287
311,26.171,26.249
312,26.185,26.264
313,26.155,26.236
314,26.209,26.294
315,26.180,26.248
316,26.257,26.339
317,26.265,26.341
318,26.253,26.330
319,26.265,26.336
320,26.260,26.335
321,26.252,26.323
322,26.204,26.277
323,26.198,26.277
324,26.185,26.264
325,26.177,26.261
326,26.244,26.321
327,26.215,26.286
328,26.308,26.396
329,26.327,26.413
330,26.418,26.511
331,26.411,26.505
332,26.417,26.505
333,26.435,26.510
334,26.426,26.511
335,26.450,26.525
336,26.429,26.517
337,26.455,26.536
338,26.451,26.534
339,26.373,26.453
340,26.389,26.472
341,26.406,26.493
342,26.366,26.441
343,26.378,26.459
344,26.399,26.462
345,26.396,26.452
346,26.392,26.445
347,26.399,26.460
348,26.432,26.499
349,26.447,26.522
350,26.430,26.495
351,26.425,26.492
352,26.449,26.521
353,26.445,26.509
354,26.463,26.533
355,26.489,26.568
356,26.452,26.531
357,26.440,26.519
358,26.441,26.514
359,26.519,26.595
360,26.564,26.633
361,26.560,26.650
362,26.515,26.601
363,26.585,26.694
364,26.565,26.664
365,26.576,26.673
366,26.603,26.703
367,26.533,26.619
368,26.504,26.593
369,26.513,26.594
370,26.458,26.535
371,26.463,26.536
372,26.457,26.531
373,26.494,26.568
374,26.472,26.545
375,26.494,26.561
376,26.475,26.542
377,26.476,26.545
378,26.508,26.583
379,26.521,26.611
380,26.492,26.573
381,26.473,26.546
382,26.474,26.550
383,26.462,26.535
384,26.456,26.526
385,26.463,26.531
386,26.448,26.512
387,26.437,26.494
388,26.435,26.498
389,26.386,26.447
390,26.364,26.429
391,26.345,26.409
392,26.347,26.407
393,26.355,26.421
394,26.375,26.428
395,26.383,26.444
396,26.359,26.419
397,26.369,26.431
398,26.361,26.420
399,26.343,26.410
400,26.317,26.378
401,26.324,26.386
402,26.309,26.364
403,26.330,26.388
404,26.322,26.381
405,26.325,26.383
406,26.313,26.375
407,26.286,26.344
408,26.283,26.343
409,26.281,26.340
410,26.280,26.335
411,26.276,26.335
412,26.274,26.330
413,26.266,26.320
414,26.271,26.323
415,26.264,26.319
416,26.255,26.314
417,26.267,26.323
418,26.261,26.320
419,26.227,26.290
420,26.229,26.294
421,26.224,26.288
422,26.221,26.288
423,26.236,26.286
424,26.227,26.280
425,26.217,26.264
426,26.199,26.254
427,26.191,26.240
428,26.177,26.223
429,26.184,26.232
430,26.166,26.217
431,26.159,26.201
432,26.136,26.173
433,26.140,26.180
434,26.119,26.157
435,26.111,26.152
436,26.099,26.135
437,26.099,26.135
438,26.111,26.151
439,26.112,26.157
440,26.077,26.113
441,26.062,26.101
442,26.026,26.063
443,26.005,26.037
444,25.972,26.006
445,25.954,25.985
446,25.910,25.940
447,25.919,25.948
448,25.887,25.915
449,25.847,25.875
450,25.811,25.829
451,25.847,25.875
452,25.923,25.949
453,25.945,25.972
454,25.928,25.955
455,25.940,25.969
456,25.923,25.951
457,25.919,25.950
458,25.924,25.941
459,25.957,25.977
460,25.978,26.004
461,25.997,26.026
462,26.008,26.032
463,26.030,26.047
464,26.049,26.067
465,26.071,26.098
466,26.045,26.059
467,26.050,26.075
468,26.007,26.029
469,25.997,26.020
470,25.971,25.989
471,25.990,26.017
472,25.961,25.978
473,25.960,25.989
474,25.945,25.968
475,25.937,25.960
476,25.956,25.980
477,25.962,25.986
478,25.947,25.975
479,25.933,25.961
480,25.920,25.942
481,25.909,25.931
482,25.910,25.944
483,25.901,25.929
484,25.891,25.913
485,25.903,25.926
486,25.882,25.910
487,25.884,25.914
488,25.895,25.915
489,25.905,25.942
490,25.903,25.936
491,25.916,25.947
492,25.911,25.948
493,25.859,25.892
494,25.872,25.907
495,25.872,25.910
496,25.861,25.899
497,25.871,25.912
498,25.878,25.921
499,25.864,25.904
500,25.879,25.922
501,25.868,25.913
502,25.848,25.887
503,25.871,25.920
504,25.846,25.892
505,25.865,25.918
506,25.853,25.901
507,25.861,25.914
508,25.874,25.932
509,25.914,25.970
510,25.946,26.005
511,25.973,26.029
512,26.001,26.059
513,26.053,26.107
514,26.071,26.131
515,26.102,26.158
516,26.128,26.191
517,26.179,26.238
518,26.212,26.281
519,26.256,26.313
520,26.251,26.305
521,26.278,26.337
522,26.303,26.353
523,26.311,26.363
524,26.323,26.371
525,26.311,26.358
526,26.288,26.338
527,26.283,26.327
528,26.268,26.320
529,26.283,26.338
530,26.276,26.324
531,26.302,26.349
532,26.283,26.335
533,26.297,26.341
534,26.293,26.338
535,26.283,26.333
536,26.295,26.340
537,26.304,26.350
538,26.311,26.358
539,26.300,26.353
540,26.302,26.352
541,26.297,26.342
542,26.294,26.345
543,26.379,26.405
544,26.386,26.410
545,26.374,26.413
546,26.367,26.396
547,26.297,26.346
548,26.303,26.347
549,26.380,26.400
550,26.367,26.404
551,26.370,26.401
552,26.406,26.446
553,26.398,26.441
554,26.390,26.440
555,26.394,26.442
556,26.386,26.430
557,26.385,26.439
558,26.381,26.422
559,26.381,26.424
560,26.372,26.415
561,26.386,26.436
562,26.387,26.428
563,26.391,26.437
564,26.380,26.421
565,26.383,26.430
566,26.374,26.413
567,26.382,26.429
568,26.400,26.450
569,26.392,26.446
570,26.391,26.438
571,26.387,26.425
572,26.391,26.432
573,26.388,26.426
574,26.401,26.457
575,26.393,26.443
576,26.400,26.445
577,26.388,26.436
578,26.402,26.454
579,26.404,26.457
580,26.392,26.435
581,26.406,26.462
582,26.404,26.457
583,26.401,26.450
584,26.393,26.433
585,26.409,26.458
586,26.411,26.459
587,26.411,26.466
588,26.403,26.457
589,26.414,26.474
590,26.412,26.462
591,26.424,26.476
592,26.415,26.470
593,26.416,26.476
594,26.405,26.454
595,26.405,26.457
596,26.420,26.471
597,26.420,26.466
598,26.418,26.466
599,26.411,26.459
600,26.416,26.466
601,26.419,26.473
602,26.408,26.462
603,26.401,26.449
604,26.415,26.467
605,26.418,26.463
606,26.427,26.483
607,26.421,26.468
608,26.434,26.490
609,26.423,26.464
610,26.436,26.483
611,26.421,26.467
612,26.418,26.472
613,26.422,26.469
614,26.427,26.471
615,26.418,26.459
616,26.429,26.478
617,26.425,26.475
618,26.435,26.487
619,26.438,26.481
620,26.441,26.496
621,26.423,26.466
622,26.450,26.505
623,26.422,26.467
624,26.439,26.493
625,26.432,26.481
626,26.437,26.499
627,26.435,26.479
628,26.435,26.483
629,26.448,26.504
630,26.439,26.486
631,26.443,26.502
632,26.452,26.503
633,26.457,26.513
634,26.445,26.494
635,26.444,26.490
636,26.462,26.518
637,26.457,26.510
638,26.444,26.490
639,26.462,26.513
640,26.450,26.491
641,26.472,26.524
642,26.464,26.512
643,26.453,26.503
644,26.446,26.502
645,26.436,26.484
646,26.440,26.497
647,26.443,26.494
648,26.436,26.487
649,26.424,26.473
650,26.446,26.501
651,26.433,26.488
652,26.432,26.481
653,26.432,26.478
654,26.433,26.484
655,26.440,26.491
656,26.437,26.485
657,26.445,26.503
658,26.439,26.488
659,26.462,26.512
660,26.468,26.529
661,26.475,26.526
662,26.475,26.521
663,26.488,26.542
664,26.486,26.534
665,26.482,26.533
666,26.470,26.519
667,26.472,26.529
668,26.473,26.520
669,26.444,26.495
670,26.432,26.476
671,26.427,26.477
672,26.455,26.506
673,26.457,26.511
674,26.446,26.490
675,26.456,26.502
676,26.476,26.521
677,26.474,26.521
678,26.468,26.518
679,26.485,26.544
680,26.475,26.529
681,26.503,26.563
682,26.494,26.543
683,26.502,26.561
684,26.497,26.544
685,26.496,26.552
686,26.471,26.525
687,26.507,26.567
688,26.497,26.543
689,26.517,26.578
690,26.499,26.550
691,26.498,26.548
692,26.519,26.576
693,26.513,26.572
694,26.523,26.583
695,26.511,26.565
696,26.522,26.582
697,26.530,26.586
698,26.544,26.596
699,26.547,26.615
700,26.541,26.601
701,26.555,26.614
702,26.549,26.606
703,26.545,26.601
704,26.574,26.637
705,26.551,26.606
706,26.563,26.629
707,26.562,26.620
708,26.565,26.627
709,26.559,26.621
710,26.581,26.643
711,26.561,26.620
712,26.570,26.636
713,26.578,26.642
714,26.566,26.632
715,26.569,26.633
716,26.562,26.620
717,26.581,26.647
718,26.578,26.638
719,26.582,26.638
720,26.592,26.664
721,26.590,26.646
722,26.566,26.631
723,26.557,26.620
724,26.538,26.590
725,26.538,26.595
726,26.546,26.599
727,26.549,26.617
728,26.541,26.588
729,26.548,26.611
730,26.543,26.587
731,26.548,26.603
732,26.532,26.585
733,26.541,26.601
734,26.533,26.584
735,26.547,26.601
736,26.528,26.582
737,26.534,26.597
738,26.544,26.605
739,26.540,26.589
740,26.524,26.578
741,26.530,26.595
742,26.513,26.564
743,26.502,26.560
744,26.522,26.575
745,26.513,26.564
746,26.514,26.571
747,26.524,26.576
748,26.527,26.578
749,26.525,26.573
750,26.536,26.586
751,26.531,26.590
752,26.528,26.576
753,26.535,26.589
754,26.520,26.568
755,26.529,26.587
756,26.516,26.565
757,26.513,26.560
758,26.514,26.569
759,26.494,26.536
760,26.139,26.190
761,26.501,26.549
762,26.477,26.527
763,26.100,26.145
764,26.092,26.139
765,26.079,26.116
766,26.055,26.097
767,26.045,26.090
768,26.038,26.074
769,26.019,26.055
770,26.006,26.041
771,25.992,26.033
772,25.973,26.014
773,25.967,26.002
774,25.937,25.970
775,25.917,25.947
776,25.900,25.925
777,25.891,25.920
778,25.876,25.902
779,25.880,25.905
780,25.886,25.917
781,25.886,25.917
782,25.874,25.900
783,25.868,25.896
784,25.863,25.885
785,25.890,25.926
786,25.896,25.926
787,26.269,26.298
788,25.906,25.933
789,25.893,25.923
790,25.891,25.918
791,25.899,25.936
792,25.980,26.025
793,25.920,25.955
794,25.909,25.946
795,25.897,25.929
796,26.255,26.281
797,26.244,26.268
798,26.236,26.263
799,26.235,26.262
800,25.870,25.900
801,26.230,26.262
802,26.233,26.262
803,26.224,26.253
804,26.237,26.259
805,26.225,26.254
806,26.210,26.240
807,26.206,26.246
808,26.197,26.222
809,26.195,26.223
810,26.201,26.231
811,26.194,26.220
812,26.193,26.224
813,26.168,26.200
814,25.825,25.855
815,26.173,26.206
816,26.168,26.199
817,26.154,26.182
818,26.145,26.168
819,26.137,26.168
820,26.143,26.172
821,26.134,26.165
822,26.142,26.163
823,26.118,26.149
824,26.127,26.149
825,26.118,26.147
826,26.153,26.197
827,26.080,26.129
828,26.063,26.113
829,26.070,26.131
830,26.113,26.161
831,26.118,26.162
832,26.112,26.158
833,26.101,26.147
834,26.109,26.150
835,26.040,26.100
836,26.040,26.098
837,26.054,26.116
838,26.063,26.118
839,26.082,26.144
840,26.085,26.146
841,26.074,26.143
842,26.100,26.174
843,26.105,26.173
844,26.107,26.175
845,26.121,26.193
846,26.132,26.203
847,26.160,26.226
848,26.169,26.245
849,26.197,26.268
850,26.205,26.275
851,26.226,26.297
852,26.235,26.306
853,26.266,26.337
854,26.273,26.346
855,26.287,26.354
856,26.326,26.393
857,26.275,26.346
858,26.324,26.406
859,26.401,26.488
860,26.452,26.536
861,26.484,26.567
862,26.471,26.556
863,26.469,26.564
864,26.462,26.557
865,26.488,26.598
866,26.439,26.533
867,26.453,26.552
868,26.455,26.543
869,26.501,26.607
870,26.446,26.534
871,26.407,26.490
872,26.392,26.473
873,26.357,26.436
874,26.375,26.459
875,26.389,26.478
876,26.394,26.493
877,26.398,26.493
878,26.413,26.501
879,26.410,26.509
880,26.445,26.541
881,26.462,26.565
882,26.480,26.582
883,26.515,26.606
884,26.514,26.605
885,26.505,26.609
886,26.521,26.616
887,26.556,26.653
888,26.595,26.689
889,26.534,26.625
890,26.620,26.718
891,26.611,26.715
892,26.618,26.722
893,26.655,26.751
894,26.710,26.811
895,26.715,26.819
896,26.678,26.780
897,26.705,26.808
898,26.717,26.813
899,26.802,26.904
900,26.822,26.922
901,26.797,26.893
902,26.781,26.873
903,26.778,26.884
904,26.796,26.914
905,26.801,26.924
906,26.943,27.061
907,27.084,27.213
908,27.074,27.199
909,27.058,27.173
910,27.060,27.184
911,27.048,27.170
912,27.182,27.314
913,27.064,27.173
914,27.083,27.207
915,27.027,27.151
916,27.092,27.212
917,27.069,27.192
918,27.097,27.218
919,27.146,27.258
920,27.136,27.241
921,27.156,27.260
922,27.124,27.234
923,27.116,27.220
924,27.105,27.205
925,27.127,27.226
926,27.107,27.194
927,27.056,27.153
928,27.072,27.181
929,27.034,27.153
930,27.043,27.161
931,27.041,27.158
932,26.997,27.109
933,27.006,27.110
934,26.996,27.106
935,27.016,27.121
936,26.988,27.090
937,26.960,27.050
938,26.975,27.084
939,27.012,27.117
940,26.985,27.094
941,27.154,27.270
942,27.018,27.125
943,26.915,27.014
944,26.856,26.961
945,26.865,26.956
946,26.944,27.052
947,26.908,27.012
948,27.011,27.113
949,26.878,26.968
950,26.910,26.998
951,26.904,27.000
952,27.021,27.117
953,26.844,26.928
954,26.797,26.876
955,26.869,26.962
956,26.829,26.918
957,26.904,26.994
958,26.911,26.991
959,26.864,26.941
960,26.808,26.890
961,26.800,26.884
962,26.734,26.804
963,26.798,26.857
964,26.862,26.924
965,26.826,26.896
966,26.810,26.863
967,26.785,26.834
968,26.832,26.897
969,26.894,26.951
970,26.886,26.940
971,26.828,26.883
972,26.795,26.843
973,26.825,26.880
974,26.786,26.833
975,26.777,26.824
976,26.770,26.810
977,26.847,26.889
978,26.815,26.840
979,26.854,26.882
980,26.857,26.885
981,26.910,26.959
982,26.904,26.937
983,26.896,26.931
984,26.968,26.990
985,26.874,26.894
986,26.846,26.874
987,26.847,26.869
988,26.831,26.854
989,26.887,26.907
990,26.814,26.828
991,26.880,26.917
992,26.844,26.884
993,26.919,26.969
994,26.824,26.857
995,26.858,26.904
996,26.917,26.954
997,26.847,26.878
998,26.820,26.850
999,27.053,27.101
1000,26.868,26.917
1001,26.947,27.006
1002,26.901,26.956
1003,26.995,27.039
1004,26.950,27.015
1005,26.913,26.999
1006,26.911,26.987
1007,26.894,26.964
1008,27.266,27.354
1009,27.287,27.398
1010,27.210,27.304
1011,27.355,27.473
1012,27.204,27.310
1013,27.322,27.428
1014,27.266,27.374
1015,27.281,27.406
1016,27.497,27.622
1017,27.231,27.337
1018,27.573,27.718
1019,27.632,27.800
1020,27.533,27.684
1021,27.536,27.685
1022,27.534,27.681
1023,27.507,27.668
1024,27.529,27.684
1025,28.040,28.205
1026,28.220,28.418
1027,27.489,27.641
1028,27.740,27.894
1029,27.704,27.866
1030,28.026,28.219
1031,27.921,28.111
1032,28.405,28.662
1033,28.093,28.329
1034,27.997,28.224
1035,27.999,28.224
1036,28.095,28.305
1037,27.700,27.889
1038,27.779,27.959
1039,27.804,28.009
1040,27.707,27.895
1041,27.718,27.895
1042,27.861,28.040
1043,27.688,27.854
1044,27.627,27.795
1045,27.528,27.678
1046,27.915,28.079
1047,27.672,27.830
1048,28.421,28.640
1049,27.647,27.793
1050,27.806,27.961
1051,27.689,27.846
1052,28.149,28.341
1053,28.018,28.184
1054,28.337,28.553
1055,28.201,28.385
1056,28.410,28.630
1057,28.311,28.520
1058,28.146,28.374
1059,28.277,28.491
1060,28.148,28.376
1061,28.115,28.343
1062,28.138,28.372
1063,28.727,29.023
1064,28.711,29.021
1065,28.728,29.033
1066,28.660,28.956
1067,28.710,29.008
1068,28.980,29.313
1069,28.690,28.983
1070,28.808,29.116
1071,28.917,29.257
1072,29.237,29.626
1073,29.378,29.787
1074,29.280,29.643
1075,29.258,29.624
1076,29.475,29.887
1077,29.302,29.699
1078,29.283,29.687
1079,29.243,29.647
1080,29.207,29.603
1081,29.137,29.543
1082,29.134,29.539
1083,29.040,29.435
1084,29.048,29.440
1085,29.224,29.659
1086,29.174,29.556
1087,29.671,30.158
1088,29.094,29.462
1089,29.204,29.613
1090,29.360,29.752
1091,29.104,29.503
1092,29.627,30.098
1093,29.072,29.439
1094,29.231,29.625
1095,29.017,29.362
1096,29.102,29.457
1097,28.846,29.154
1098,28.881,29.218
1099,28.807,29.133
1100,28.831,29.185
1101,28.751,29.068
1102,28.832,29.169
1103,28.640,28.931
1104,28.709,29.003
1105,28.690,28.994
1106,28.503,28.769
1107,28.680,28.990
1108,28.331,28.603
1109,28.285,28.558
1110,28.393,28.674
1111,28.270,28.511
1112,28.221,28.449
1113,28.166,28.401
1114,28.064,28.284
1115,27.926,28.113
1116,28.270,28.465
1117,27.774,27.964
1118,27.492,27.755
1119,27.303,27.545
1120,27.174,27.391
1121,27.235,27.439
1122,27.108,27.272
1123,27.177,27.327
1124,27.083,27.216
1125,27.149,27.280
1126,27.120,27.240
1127,27.116,27.223
1128,27.194,27.298
1129,27.156,27.247
1130,27.221,27.340
1131,27.171,27.286
1132,27.103,27.200
1133,27.661,27.812
1134,27.469,27.617
1135,27.366,27.499
1136,27.155,27.269
1137,27.298,27.418
1138,27.606,27.741
1139,27.227,27.354
1140,27.253,27.372
1141,27.367,27.489
1142,27.459,27.575
1143,27.555,27.665
1144,27.656,27.780
1145,27.547,27.681
1146,27.545,27.662
1147,27.626,27.729
1148,27.590,27.676
1149,27.635,27.733
1150,27.434,27.500
1151,27.504,27.562
1152,27.592,27.666
1153,27.770,27.836
1154,27.261,27.309
1155,27.255,27.300
1156,27.207,27.236
1157,27.259,27.282
1158,27.311,27.373
1159,26.960,26.989
1160,26.864,26.882
1161,27.057,27.085
1162,26.907,26.940
1163,26.787,26.818
1164,26.757,26.794
1165,26.710,26.738
1166,26.748,26.777
1167,26.848,26.874
1168,26.780,26.805
1169,26.870,26.900
1170,26.998,27.054
1171,27.076,27.137
1172,27.195,27.262
1173,27.233,27.301
1174,27.373,27.440
1175,27.442,27.538
1176,27.488,27.583
1177,27.610,27.713
1178,27.823,27.937
1179,27.873,27.999
1180,27.861,27.989
1181,27.913,28.049
1182,27.920,28.069
1183,27.973,28.124
1184,27.970,28.127
1185,28.752,28.965
1186,28.100,28.264
1187,28.165,28.337
1188,28.415,28.607
1189,28.184,28.347
1190,28.244,28.429
1191,28.308,28.493
1192,28.291,28.496
1193,28.139,28.344
1194,28.181,28.390
1195,28.626,28.876
1196,28.352,28.577
1197,28.345,28.559
1198,28.455,28.688
1199,28.305,28.537
1200,28.739,28.992
1201,28.514,28.750
1202,28.626,28.880
1203,28.516,28.752
1204,28.580,28.818
1205,28.701,28.977
1206,28.931,29.223
1207,29.025,29.331
1208,28.609,28.854
1209,28.834,29.118
1210,28.664,28.934
1211,28.763,29.055
1212,29.480,29.836
1213,28.646,28.906
1214,28.714,28.985
1215,28.679,28.925
1216,28.903,29.210
1217,28.655,28.922
1218,28.746,29.032
1219,28.646,28.914
1220,28.768,29.042
1221,28.744,29.018
1222,28.988,29.308
1223,28.681,28.954
1224,28.799,29.084
1225,28.887,29.166
1226,28.820,29.114
1227,28.681,28.962
1228,28.697,28.966
1229,28.652,28.936
1230,28.667,28.937
1231,28.721,29.009
1232,28.555,28.825
1233,28.572,28.859
1234,28.840,29.129
1235,28.614,28.882
1236,28.470,28.739
1237,28.506,28.756
1238,28.203,28.429
1239,28.120,28.330
1240,28.124,28.344
1241,28.158,28.384
1242,28.183,28.401
1243,28.241,28.462
1244,28.273,28.495
1245,28.321,28.524
1246,28.410,28.634
1247,28.496,28.727
1248,28.453,28.673
1249,28.442,28.674
1250,28.394,28.605
1251,28.530,28.760
1252,28.525,28.759
1253,28.619,28.859
1254,28.596,28.850
1255,28.647,28.898
1256,28.656,28.927
1257,28.739,29.007
1258,28.681,28.942
1259,28.837,29.116
1260,28.855,29.138
1261,28.611,28.864
1262,28.816,29.092
1263,28.724,28.979
1264,28.842,29.104
1265,28.587,28.820
1266,28.629,28.874
1267,28.597,28.839
1268,28.593,28.842
1269,28.620,28.856
1270,28.704,28.938
1271,28.771,29.025
1272,28.721,28.990
1273,28.642,28.899
1274,28.654,28.920
1275,28.748,29.028
1276,28.892,29.183
1277,28.904,29.193
1278,28.871,29.156
1279,28.718,28.984
1280,28.683,28.950
1281,28.663,28.930
1282,28.891,29.185
1283,28.703,28.979
1284,28.746,29.026
1285,28.786,29.086
1286,28.759,29.048
1287,28.700,28.977
1288,28.776,29.077
1289,28.734,29.005
1290,28.755,29.043
1291,28.815,29.107
1292,28.770,29.071
1293,28.751,29.023
1294,29.096,29.391
1295,28.927,29.237
1296,28.883,29.203
1297,28.971,29.303
1298,29.184,29.499
1299,28.840,29.133
1300,29.007,29.330
1301,28.991,29.325
1302,28.903,29.214
1303,28.934,29.246
1304,28.998,29.299
1305,29.087,29.430
1306,29.163,29.507
1307,29.359,29.706
1308,29.322,29.659
1309,29.249,29.580
1310,29.253,29.605
1311,29.311,29.645
1312,29.297,29.652
1313,29.291,29.622
1314,29.345,29.694
1315,29.479,29.848
1316,29.451,29.803
1317,29.557,29.893
1318,29.546,29.887
1319,29.516,29.866
1320,29.443,29.792
1321,29.364,29.713
1322,29.277,29.622
1323,29.286,29.634
1324,29.272,29.611
1325,29.341,29.702
1326,29.344,29.685
1327,29.360,29.704
1328,29.410,29.748
1329,29.394,29.734
1330,29.423,29.764
1331,29.506,29.847
1332,29.482,29.826
1333,29.636,30.007
1334,29.518,29.876
1335,29.525,29.884
1336,29.555,29.910
1337,29.508,29.865
1338,29.599,29.955
1339,29.617,29.972
1340,29.428,29.783
1341,29.725,30.073
1342,30.044,30.517
1343,29.525,29.899
1344,29.508,29.865
1345,29.471,29.802
1346,29.546,29.923
1347,29.519,29.882
1348,29.464,29.812
1349,29.489,29.851
1350,29.468,29.819
1351,29.435,29.774
1352,29.520,29.874
1353,29.634,30.001
1354,29.605,29.964
1355,29.574,29.946
1356,29.361,29.712
1357,29.661,30.039
1358,29.040,29.352
1359,29.561,29.877
1360,29.659,30.021
1361,29.440,29.788
1362,29.550,29.884
1363,29.573,29.910
1364,29.505,29.871
1365,29.373,29.723
1366,29.416,29.777
1367,29.401,29.752
1368,29.366,29.712
1369,29.329,29.672
1370,29.324,29.661
1371,29.277,29.605
1372,29.648,30.041
1373,28.977,29.289
1374,29.681,30.053
1375,29.250,29.571
1376,29.587,29.929
1377,29.295,29.622
1378,29.223,29.526
1379,29.267,29.578
1380,29.347,29.678
1381,29.311,29.618
1382,29.566,29.929
1383,29.212,29.526
1384,29.329,29.633
1385,29.264,29.578
1386,29.068,29.387
1387,29.073,29.383
1388,29.088,29.394
1389,28.972,29.238
1390,29.462,29.789
1391,29.344,29.648
1392,29.280,29.588
1393,29.332,29.637
1394,29.323,29.617
1395,29.311,29.593
1396,29.446,29.733
1397,29.317,29.611
1398,29.314,29.597
1399,29.412,29.741
1400,29.302,29.623
1401,29.271,29.572
1402,29.191,29.478
1403,29.192,29.475
1404,29.241,29.533
1405,29.228,29.531
1406,29.164,29.448
1407,29.175,29.453
1408,29.325,29.654
1409,29.249,29.535
1410,29.284,29.569
1411,29.382,29.664
1412,29.251,29.534
1413,29.240,29.524
1414,29.163,29.435
1415,29.206,29.500
1416,29.225,29.488
1417,29.259,29.537
1418,29.204,29.481
1419,29.080,29.335
1420,28.995,29.235
1421,29.060,29.313
1422,28.990,29.246
1423,28.987,29.238
1424,29.073,29.347
1425,29.343,29.658
1426,28.968,29.241
1427,28.835,29.081
1428,28.910,29.155
1429,28.875,29.122
1430,28.541,28.769
1431,28.869,29.124
1432,28.824,29.066
1433,28.905,29.162
1434,28.950,29.216
1435,28.820,29.068
1436,28.858,29.099
1437,28.895,29.148
1438,28.773,29.007
1439,28.710,28.941
1440,28.675,28.899
1441,28.694,28.929
1442,28.685,28.912
1443,28.612,28.842
1444,28.223,28.405
1445,28.692,28.897
1446,28.574,28.773
1447,28.623,28.824
1448,28.516,28.707
1449,28.447,28.646
1450,28.374,28.597
1451,28.176,28.362
1452,28.046,28.210
1453,28.237,28.419
1454,28.511,28.721
1455,28.155,28.337
1456,27.939,28.094
1457,28.016,28.156
1458,28.341,28.517
1459,27.983,28.131
1460,27.956,28.099
1461,27.924,28.060
1462,27.885,28.026
1463,27.805,27.918
1464,27.865,27.996
1465,27.995,28.124
1466,27.837,27.947
1467,27.929,28.060
1468,27.791,27.900
1469,27.868,27.999
1470,27.849,27.967
1471,27.914,28.029
1472,28.053,28.173
1473,27.891,28.004
1474,27.772,27.886
1475,27.748,27.858
1476,27.458,27.534
1477,27.863,27.947
1478,27.919,28.019
1479,27.801,27.912
1480,27.923,28.042
1481,28.025,28.138
1482,28.041,28.152
1483,28.063,28.189
1484,28.052,28.168
1485,28.060,28.188
1486,27.950,28.059
1487,28.059,28.178
1488,28.007,28.116
1489,28.020,28.141
1490,27.950,28.065
1491,28.003,28.130
1492,28.013,28.147
1493,28.007,28.144
1494,28.202,28.346
1495,28.394,28.551
1496,28.380,28.530
1497,28.349,28.486
1498,28.457,28.605
1499,28.381,28.512
1500,28.376,28.509
1501,28.372,28.511
1502,28.420,28.563
1503,28.431,28.559
1504,28.479,28.629
1505,28.442,28.571
1506,28.391,28.522
1507,28.419,28.549
1508,28.435,28.570
1509,28.441,28.569
1510,28.483,28.626
1511,28.474,28.621
1512,28.496,28.665
1513,28.526,28.694
1514,28.559,28.738
1515,28.581,28.762
1516,28.604,28.788
1517,28.616,28.803
1518,28.638,28.819
1519,28.687,28.865
1520,28.752,28.949
1521,28.727,28.918
1522,28.759,28.946
1523,28.701,28.886
1524,28.698,28.886
1525,28.708,28.893
1526,28.803,28.994
1527,28.811,29.001
1528,28.806,29.005
1529,28.732,28.939
1530,28.690,28.889
1531,28.668,28.862
1532,28.689,28.877
1533,28.696,28.890
1534,28.695,28.884
1535,28.693,28.883
1536,28.687,28.875
1537,28.688,28.885
1538,28.686,28.876
1539,28.685,28.877
1540,28.690,28.898
1541,28.680,28.877
1542,28.691,28.900
1543,28.675,28.877
1544,28.681,28.886
1545,28.696,28.901
1546,28.685,28.880
1547,28.669,28.870
1548,28.674,28.864
1549,28.685,28.881
1550,28.686,28.884
1551,28.691,28.878
1552,28.670,28.864
1553,28.687,28.884
1554,28.693,28.898
1555,28.672,28.864
1556,28.682,28.877
1557,28.693,28.884
1558,28.666,28.853
1559,28.676,28.871
1560,28.672,28.867
1561,28.652,28.842
1562,28.656,28.851
1563,28.617,28.802
1564,28.608,28.798
1565,28.594,28.773
1566,28.557,28.730
1567,28.528,28.704
1568,28.509,28.680
1569,28.495,28.662
1570,28.470,28.636
1571,28.448,28.615
1572,28.441,28.596
1573,28.418,28.560
1574,28.397,28.554
1575,28.372,28.525
1576,28.350,28.497
1577,28.333,28.480
1578,28.321,28.458
1579,28.288,28.433
1580,28.290,28.415
1581,28.270,28.398
1582,28.242,28.373
1583,28.206,28.332
1584,28.266,28.392
1585,28.253,28.386
1586,28.296,28.438
1587,28.319,28.457
1588,28.297,28.439
1589,28.338,28.487
1590,28.330,28.465
1591,28.310,28.452
1592,28.246,28.396
1593,28.233,28.375
1594,28.234,28.371
1595,28.253,28.385
1596,28.258,28.392
1597,28.250,28.384
1598,28.260,28.395
1599,28.275,28.427
1600,28.282,28.440
1601,28.269,28.413
1602,28.267,28.409
1603,28.295,28.451
1604,28.258,28.392
1605,28.247,28.381
1606,28.292,28.435
1607,28.274,28.411
1608,28.295,28.435
1609,28.305,28.455
1610,28.339,28.494
1611,28.300,28.448
1612,28.338,28.489
1613,28.352,28.505
1614,28.329,28.470
1615,28.353,28.492
1616,28.317,28.445
1617,28.326,28.453
1618,28.327,28.461
1619,28.357,28.488
1620,28.361,28.489
1621,28.381,28.507
1622,28.414,28.547
1623,28.404,28.539
1624,28.409,28.553
1625,28.397,28.541
1626,28.413,28.561
1627,28.500,28.643
1628,28.561,28.720
1629,28.545,28.698
1630,28.606,28.759
1631,28.600,28.756
1632,28.610,28.780
1633,28.585,28.745
1634,28.718,28.907
1635,28.620,28.796
1636,28.630,28.809
1637,28.614,28.796
1638,28.657,28.832
1639,28.725,28.912
1640,28.830,29.024
1641,28.904,29.108
1642,28.934,29.134
1643,28.983,29.185
1644,29.036,29.243
1645,29.089,29.287
1646,29.121,29.356
1647,29.103,29.326
1648,29.052,29.300
1649,29.212,29.450
1650,28.744,28.935
1651,28.793,28.986
1652,28.994,29.214
1653,29.562,29.815
1654,29.254,29.505
1655,29.590,29.862
1656,29.543,29.866
1657,29.566,29.856
1658,29.426,29.690
1659,29.411,29.669
1660,29.428,29.704
1661,29.415,29.698
1662,29.604,29.938
1663,29.562,29.887
1664,29.518,29.846
1665,29.550,29.859
1666,29.511,29.820
1667,29.484,29.792
1668,29.514,29.832
1669,29.488,29.801
1670,29.496,29.813
1671,29.505,29.807
1672,29.558,29.871
1673,29.551,29.879
1674,29.414,29.744
1675,29.570,29.859
1676,29.268,29.539
1677,29.267,29.557
1678,29.235,29.492
1679,29.310,29.589
1680,29.340,29.622
1681,29.259,29.527
1682,29.150,29.398
1683,29.158,29.407
1684,29.107,29.382
1685,29.151,29.392
1686,29.120,29.370
1687,29.120,29.376
1688,29.093,29.345
1689,29.084,29.338
1690,29.012,29.237
1691,28.969,29.190
1692,28.931,29.151
1693,28.849,29.106
1694,28.682,28.871
1695,28.545,28.713
1696,28.452,28.633
1697,28.461,28.662
1698,28.261,28.425
1699,28.161,28.310
1700,28.232,28.399
1701,28.113,28.223
1702,28.182,28.337
1703,28.083,28.221
1704,28.086,28.223
1705,27.909,28.000
1706,27.997,28.110
1707,28.004,28.095
1708,27.519,27.612
1709,27.534,27.638
1710,27.979,28.077
1711,28.031,28.140
1712,27.836,27.929
1713,27.988,28.115
1714,27.851,27.940
1715,27.901,28.019
1716,27.848,27.956
1717,27.946,28.050
1718,27.803,27.909
1719,27.901,28.021
1720,27.895,28.013
1721,27.957,28.074
1722,27.892,27.998
1723,27.888,27.992
1724,27.941,28.058
1725,27.897,27.981
1726,27.868,27.993
1727,27.929,28.031
1728,27.886,27.998
1729,27.918,28.032
1730,27.907,28.016
1731,27.777,27.848
1732,27.828,27.915
1733,27.821,27.922
1734,27.821,27.925
1735,27.824,27.919
1736,27.803,27.897
1737,27.771,27.850
1738,27.896,27.990
1739,27.848,27.944
1740,27.786,27.880
1741,27.845,27.937
1742,27.838,27.929
1743,27.912,28.007
1744,27.918,28.021
1745,27.911,28.005
1746,27.875,27.961
1747,27.913,28.017
1748,27.940,28.029
1749,27.855,27.932
1750,27.997,28.118
1751,27.955,28.054
1752,27.907,27.997
1753,27.969,28.074
1754,27.947,28.057
1755,27.854,27.933
1756,27.955,28.068
1757,27.934,28.039
1758,27.960,28.068
1759,27.962,28.070
1760,27.936,28.049
1761,27.942,28.044
1762,27.918,28.010
1763,27.857,27.941
1764,27.815,27.896
1765,27.819,27.909
1766,27.831,27.915
1767,27.894,27.984
1768,27.869,27.958
1769,27.859,27.940
1770,27.898,27.988
1771,27.909,27.992
1772,27.962,28.046
1773,27.977,28.078
1774,27.926,28.016
1775,27.916,27.999
1776,27.868,27.946
1777,27.867,27.958
1778,27.931,28.035
1779,27.966,28.069
1780,27.930,28.025
1781,27.925,28.007
1782,27.983,28.069
1783,27.943,28.047
1784,28.013,28.106
1785,28.004,28.097
1786,27.998,28.086
1787,28.009,28.107
1788,27.946,28.039
1789,27.960,28.062
1790,27.978,28.060
1791,27.969,28.049
1792,27.961,28.032
1793,27.801,27.867
1794,27.752,27.846
1795,27.696,27.775
1796,27.747,27.839
1797,27.713,27.802
1798,27.656,27.743
1799,27.672,27.750
1800,27.621,27.699
1801,27.594,27.664
1802,27.595,27.665
1803,27.627,27.684
1804,27.632,27.702
1805,27.737,27.820
1806,27.680,27.759
1807,27.765,27.846
1808,27.801,27.875
1809,27.812,27.883
1810,27.354,27.411
1811,27.390,27.453
1812,27.397,27.462
1813,27.863,27.931
1814,27.790,27.872
1815,27.771,27.849
1816,27.731,27.792
1817,27.751,27.819
1818,27.772,27.863
1819,27.730,27.821
1820,27.664,27.741
1821,27.641,27.721
1822,27.643,27.717
1823,27.625,27.709
1824,27.717,27.802
1825,27.831,27.951
1826,27.739,27.839
1827,27.656,27.737
1828,27.733,27.808
1829,27.702,27.775
1830,27.593,27.687
1831,27.558,27.650
1832,27.651,27.748
1833,27.650,27.743
1834,27.651,27.739
1835,27.572,27.644
1836,27.596,27.681
1837,27.531,27.613
1838,27.444,27.496
1839,27.447,27.525
1840,27.416,27.491
