0,13.226,15.718
1,13.227,15.716
2,13.222,15.704
3,13.223,15.708
4,13.236,15.735
5,13.245,15.746
6,13.251,15.759
7,13.217,15.705
8,13.232,15.736
9,13.254,15.762
10,13.243,15.752
11,13.234,15.736
12,13.252,15.760
13,13.263,15.792
14,13.267,15.796
15,13.256,15.784
16,13.238,15.749
17,13.239,15.746
18,13.238,15.743
19,13.248,15.773
20,13.242,15.775
21,13.237,15.769
22,13.259,15.798
23,13.252,15.786
24,13.250,15.776
25,13.255,15.797
26,13.260,15.803
27,13.240,15.770
28,13.265,15.802
29,13.263,15.810
30,13.278,15.836
31,13.270,15.828
32,13.272,15.842
33,13.260,15.814
34,13.254,15.806
35,13.257,15.816
36,13.262,15.834
37,13.246,15.810
38,13.248,15.811
39,13.233,15.792
40,13.253,15.829
41,13.242,15.813
42,13.254,15.836
43,13.216,15.778
44,13.217,15.766
45,13.215,15.777
46,13.226,15.788
47,13.237,15.809
48,13.240,15.814
49,13.233,15.795
50,13.204,15.755
51,13.240,15.810
52,13.222,15.767
53,13.246,15.801
54,13.230,15.789
55,13.219,15.768
56,13.233,15.779
57,13.216,15.747
58,13.229,15.776
59,13.216,15.753
60,13.212,15.757
61,13.215,15.765
62,13.207,15.752
63,13.222,15.771
64,13.223,15.775
65,13.231,15.780
66,13.237,15.781
67,13.229,15.782
68,13.217,15.768
69,13.245,15.804
70,13.231,15.785
71,13.241,15.810
72,13.222,15.773
73,13.227,15.782
74,13.253,15.836
75,13.259,15.829
76,13.273,15.855
77,13.282,15.857
78,13.278,15.854
79,13.290,15.874
80,13.296,15.892
81,13.281,15.857
82,13.321,15.928
83,13.310,15.905
84,13.301,15.880
85,13.326,15.932
86,13.318,15.913
87,13.310,15.899
88,13.327,15.918
89,13.337,15.946
90,13.329,15.941
91,13.344,15.947
92,13.320,15.919
93,13.301,15.882
94,13.307,15.904
95,13.311,15.886
96,13.303,15.875
97,13.303,15.863
98,13.304,15.868
99,13.304,15.879
100,13.297,15.857
101,13.263,15.796
102,13.276,15.816
103,13.282,15.827
104,13.273,15.804
105,13.306,15.846
106,13.303,15.849
107,13.316,15.872
108,13.295,15.834
109,13.287,15.817
110,13.299,15.842
111,13.317,15.854
112,13.292,15.813
113,13.321,15.862
114,13.334,15.887
115,13.357,15.922
116,13.348,15.895
117,13.336,15.870
118,13.333,15.866
119,13.367,15.934
120,13.361,15.899
121,13.371,15.939
122,13.376,15.951
123,13.389,15.969
124,13.382,15.968
125,13.391,15.970
126,13.394,15.997
127,13.373,15.955
128,13.359,15.949
129,13.334,15.896
130,13.320,15.869
131,13.323,15.893
132,13.308,15.861
133,13.332,15.905
134,13.317,15.871
135,13.308,15.858
136,13.315,15.862
137,13.343,15.910
138,13.335,15.909
139,13.350,15.928
140,13.371,15.949
141,13.362,15.943
142,13.364,15.939
143,13.357,15.942
144,13.343,15.921
145,13.330,15.904
146,13.306,15.858
147,13.304,15.865
148,13.312,15.866
149,13.325,15.902
150,13.349,15.919
151,13.318,15.878
152,13.337,15.914
153,13.358,15.960
154,13.372,15.963
155,13.377,15.981
156,13.358,15.943
157,13.380,15.991
158,13.380,15.983
159,13.366,15.973
160,13.382,15.993
161,13.371,15.977
162,13.379,15.982
163,13.380,15.976
164,13.413,16.019
165,13.394,15.991
166,13.412,16.020
167,13.450,16.078
168,13.453,16.068
169,13.463,16.097
170,13.485,16.126
171,13.487,16.127
172,13.479,16.122
173,13.502,16.162
174,13.522,16.175
175,13.538,16.202
176,13.549,16.233
177,13.593,16.291
178,13.619,16.347
179,13.637,16.368
180,13.670,16.416
181,13.652,16.405
182,13.648,16.397
183,13.684,16.460
184,13.716,16.499
185,13.708,16.496
186,13.718,16.507
187,13.736,16.524
188,13.782,16.605
189,13.817,16.663
190,13.812,16.633
191,13.831,16.656
192,13.876,16.736
193,13.892,16.721
194,13.883,16.708
195,13.885,16.705
196,13.865,16.645
197,13.860,16.639
198,13.832,16.585
199,13.828,16.594
200,13.848,16.624
201,13.842,16.626
202,13.830,16.618
203,13.822,16.588
204,13.808,16.565
205,13.820,16.559
206,13.818,16.549
207,13.843,16.559
208,13.827,16.501
209,13.827,16.493
210,13.802,16.446
211,13.823,16.501
212,13.811,16.482
213,13.822,16.508
214,13.828,16.513
215,13.841,16.550
216,13.827,16.526
217,13.819,16.523
218,13.828,16.523
219,13.827,16.539
220,13.833,16.539
221,13.807,16.496
222,13.815,16.508
223,13.826,16.539
224,13.816,16.510
225,13.796,16.477
226,13.812,16.507
227,13.795,16.468
228,13.823,16.528
229,13.821,16.517
230,13.805,16.487
231,13.801,16.486
232,13.831,16.512
233,13.804,16.492
234,13.815,16.514
235,13.815,16.510
236,13.846,16.550
237,13.861,16.591
238,13.872,16.622
239,13.882,16.603
240,13.881,16.614
241,13.897,16.638
242,13.895,16.639
243,13.903,16.644
244,13.913,16.651
245,13.909,16.645
246,13.897,16.654
247,13.898,16.639
248,13.901,16.647
249,13.894,16.640
250,13.890,16.626
251,13.880,16.613
252,13.871,16.590
253,13.862,16.594
254,13.867,16.608
255,13.879,16.616
256,13.869,16.618
257,13.866,16.612
258,13.874,16.625
259,13.860,16.619
260,13.878,16.644
261,13.869,16.628
262,13.893,16.671
263,13.903,16.691
264,13.892,16.666
265,13.899,16.701
266,13.879,16.657
267,13.883,16.663
268,13.869,16.668
269,13.881,16.689
270,13.864,16.644
271,13.869,16.658
272,13.874,16.672
273,13.855,16.647
274,13.822,16.601
275,13.835,16.618
276,13.821,16.599
277,13.852,16.653
278,13.838,16.636
279,13.825,16.620
280,13.799,16.593
281,13.804,16.605
282,13.810,16.603
283,13.823,16.617
284,13.801,16.598
285,13.785,16.577
286,13.809,16.613
287,13.811,16.624
288,13.804,16.606
289,13.780,16.573
290,13.769,16.560
291,13.801,16.629
292,13.771,16.574
293,13.773,16.577
294,13.794,16.630
295,13.786,16.597
296,13.785,16.609
297,13.800,16.645
298,13.809,16.626
299,13.811,16.634
300,13.774,16.576
301,13.767,16.548
302,13.766,16.528
303,13.776,16.550
304,13.767,16.544
305,13.781,16.568
306,13.788,16.572
307,13.736,16.464
308,13.755,16.484
309,13.725,16.425
310,13.703,16.381
311,13.696,16.374
312,13.691,16.353
313,13.729,16.412
314,13.725,16.407
315,13.716,16.416
316,13.713,16.403
317,13.731,16.438
318,13.706,16.392
319,13.719,16.409
320,13.735,16.449
321,13.746,16.445
322,13.748,16.442
323,13.707,16.358
324,13.694,16.322
325,13.672,16.271
326,13.662,16.235
327,13.619,16.158
328,13.616,16.150
329,13.603,16.140
330,13.542,16.034
331,13.581,16.092
332,13.552,16.049
333,13.569,16.066
334,13.561,16.055
335,13.561,16.059
336,13.570,16.071
337,13.604,16.144
338,13.592,16.110
339,13.594,16.111
340,13.577,16.076
341,13.572,16.082
342,13.595,16.107
343,13.569,16.080
344,13.573,16.081
345,13.568,16.070
346,13.575,16.092
347,13.595,16.119
348,13.620,16.151
349,13.611,16.130
350,13.621,16.164
351,13.631,16.173
352,13.618,16.162
353,13.617,16.147
354,13.631,16.179
355,13.608,16.134
356,13.617,16.156
357,13.591,16.112
358,13.611,16.156
359,13.592,16.112
360,13.581,16.100
361,13.572,16.084
362,13.609,16.143
363,13.599,16.130
364,13.577,16.092
365,13.603,16.136
366,13.606,16.144
367,13.601,16.130
368,13.612,16.129
369,13.598,16.118
370,13.596,16.111
371,13.610,16.143
372,13.595,16.097
373,13.603,16.126
374,13.599,16.131
375,13.595,16.111
376,13.591,16.110
377,13.625,16.172
378,13.630,16.182
379,13.648,16.206
380,13.643,16.217
381,13.672,16.266
382,13.682,16.287
383,13.674,16.284
384,13.690,16.303
385,13.682,16.298
386,13.703,16.327
387,13.687,16.312
388,13.683,16.313
389,13.684,16.320
390,13.681,16.311
391,13.684,16.316
392,13.687,16.340
393,13.681,16.338
394,13.633,16.256
395,13.674,16.336
396,13.649,16.296
397,13.644,16.281
398,13.645,16.282
399,13.643,16.298
400,13.646,16.308
401,13.650,16.306
402,13.656,16.323
403,13.673,16.362
404,13.652,16.334
405,13.675,16.378
406,13.675,16.372
407,13.707,16.438
408,13.698,16.419
409,13.714,16.453
410,13.720,16.476
411,13.763,16.547
412,13.771,16.565
413,13.789,16.596
414,13.799,16.614
415,13.834,16.668
416,13.808,16.618
417,13.776,16.558
418,13.779,16.567
419,13.773,16.559
420,13.763,16.551
421,13.753,16.525
422,13.738,16.517
423,13.724,16.487
424,13.700,16.460
425,13.695,16.436
426,13.679,16.423
427,13.642,16.355
428,13.594,16.277
429,13.588,16.274
430,13.547,16.206
431,13.552,16.216
432,13.542,16.195
433,13.558,16.225
434,13.556,16.222
435,13.531,16.182
436,13.555,16.209
437,13.561,16.246
438,13.565,16.229
439,13.554,16.224
440,13.562,16.229
441,13.543,16.211
442,13.565,16.234
443,13.539,16.190
444,13.553,16.209
445,13.540,16.183
446,13.541,16.201
447,13.528,16.176
448,13.541,16.195
449,13.550,16.211
450,13.511,16.160
451,13.521,16.168
452,13.538,16.205
453,13.538,16.188
454,13.561,16.237
455,13.560,16.228
456,13.556,16.232
457,13.566,16.232
458,13.576,16.253
459,13.586,16.274
460,13.580,16.265
461,13.578,16.274
462,13.571,16.262
463,13.570,16.257
464,13.587,16.270
465,13.552,16.225
466,13.583,16.276
467,13.547,16.225
468,13.565,16.241
469,13.546,16.221
470,13.564,16.240
471,13.554,16.223
472,13.564,16.241
473,13.554,16.219
474,13.560,16.239
475,13.579,16.260
476,13.547,16.215
477,13.563,16.242
478,13.572,16.260
479,13.565,16.238
480,13.588,16.284
481,13.590,16.276
482,13.568,16.247
483,13.579,16.261
484,13.578,16.252
485,13.571,16.243
486,13.561,16.238
487,13.581,16.265
488,13.597,16.282
489,13.577,16.261
490,13.573,16.257
491,13.565,16.249
492,13.575,16.252
493,13.557,16.235
494,13.574,16.262
495,13.578,16.282
496,13.583,16.269
497,13.571,16.257
498,13.561,16.227
499,13.546,16.221
500,13.578,16.270
501,13.579,16.260
502,13.565,16.227
503,13.559,16.239
504,13.578,16.264
505,13.565,16.237
506,13.580,16.246
507,13.579,16.247
508,13.572,16.238
509,13.562,16.245
510,13.583,16.268
511,13.578,16.244
512,13.566,16.237
513,13.572,16.241
514,13.558,16.229
515,13.569,16.244
516,13.546,16.209
517,13.545,16.207
518,13.554,16.222
519,13.566,16.230
520,13.551,16.212
521,13.559,16.230
522,13.544,16.200
523,13.562,16.234
524,13.550,16.208
525,13.549,16.205
526,13.563,16.217
527,13.558,16.214
528,13.561,16.220
529,13.567,16.228
530,13.573,16.235
531,13.579,16.250
532,13.549,16.207
533,13.560,16.216
534,13.548,16.202
535,13.553,16.206
536,13.553,16.209
537,13.545,16.200
538,13.578,16.254
539,13.574,16.243
540,13.582,16.259
541,13.574,16.240
542,13.594,16.277
543,13.591,16.273
544,13.600,16.292
545,13.606,16.307
546,13.623,16.314
547,13.616,16.310
548,13.637,16.351
549,13.634,16.345
550,13.645,16.354
551,13.639,16.349
552,13.657,16.381
553,13.660,16.383
554,13.653,16.376
555,13.648,16.374
556,13.648,16.364
557,13.650,16.364
558,13.617,16.322
559,13.635,16.327
560,13.609,16.301
561,13.616,16.308
562,13.597,16.277
563,13.596,16.280
564,13.637,16.334
565,13.601,16.281
566,13.599,16.261
567,13.597,16.276
568,13.604,16.289
569,13.601,16.290
570,13.595,16.271
571,13.598,16.277
572,13.603,16.288
573,13.620,16.317
574,13.638,16.350
575,13.612,16.298
576,13.624,16.329
577,13.611,16.315
578,13.618,16.337
579,13.621,16.327
580,13.618,16.320
581,13.614,16.324
582,13.601,16.289
583,13.581,16.253
584,13.571,16.257
585,13.587,16.271
586,13.557,16.220
587,13.583,16.275
588,13.552,16.223
589,13.552,16.230
590,13.554,16.229
591,13.534,16.200
592,13.541,16.218
593,13.523,16.177
594,13.540,16.211
595,13.561,16.217
596,13.547,16.192
597,13.550,16.192
598,13.551,16.213
599,13.537,16.178
600,13.554,16.216
601,13.563,16.230
602,13.545,16.182
603,13.548,16.211
604,13.538,16.200
605,13.542,16.202
606,13.550,16.217
607,13.542,16.194
608,13.576,16.247
609,13.564,16.234
610,13.552,16.212
611,13.535,16.190
612,13.533,16.191
613,13.571,16.229
614,13.560,16.238
615,13.564,16.234
616,13.543,16.207
617,13.536,16.179
618,13.555,16.203
619,13.551,16.200
620,13.553,16.206
621,13.559,16.222
622,13.564,16.240
623,13.547,16.201
624,13.572,16.242
625,13.567,16.225
626,13.558,16.222
627,13.558,16.220
628,13.589,16.260
629,13.581,16.255
630,13.588,16.280
631,13.580,16.269
632,13.597,16.276
633,13.614,16.306
634,13.585,16.260
635,13.562,16.224
636,13.586,16.259
637,13.588,16.234
638,13.565,16.215
639,13.574,16.223
640,13.576,16.231
641,13.550,16.181
642,13.537,16.159
643,13.559,16.184
644,13.546,16.157
645,13.542,16.143
646,13.579,16.200
647,13.528,16.126
648,13.532,16.118
649,13.535,16.130
650,13.538,16.139
651,13.516,16.077
652,13.555,16.162
653,13.546,16.154
654,13.534,16.133
655,13.537,16.138
656,13.522,16.112
657,13.534,16.117
658,13.531,16.126
659,13.525,16.120
660,13.523,16.109
661,13.543,16.147
662,13.546,16.160
663,13.564,16.188
664,13.572,16.198
665,13.583,16.225
666,13.595,16.227
667,13.595,16.251
668,13.581,16.213
669,13.592,16.234
670,13.590,16.225
671,13.584,16.217
672,13.581,16.205
673,13.572,16.208
674,13.618,16.266
675,13.607,16.252
676,13.572,16.190
677,13.582,16.211
678,13.583,16.218
679,13.588,16.224
680,13.581,16.225
681,13.582,16.223
682,13.602,16.251
683,13.621,16.254
684,13.612,16.254
685,13.612,16.254
686,13.608,16.263
687,13.630,16.291
688,13.608,16.262
689,13.604,16.255
690,13.611,16.265
691,13.586,16.228
692,13.590,16.228
693,13.614,16.265
694,13.611,16.267
695,13.622,16.280
696,13.598,16.240
697,13.614,16.274
698,13.613,16.273
699,13.599,16.261
700,13.590,16.222
701,13.617,16.282
702,13.605,16.254
703,13.607,16.270
704,13.606,16.253
705,13.623,16.288
706,13.612,16.265
707,13.602,16.252
708,13.623,16.285
709,13.628,16.280
710,13.621,16.270
711,13.624,16.285
712,13.608,16.259
713,13.645,16.321
714,13.632,16.305
715,13.648,16.326
716,13.657,16.339
717,13.678,16.377
718,13.634,16.317
719,13.660,16.363
720,13.681,16.395
721,13.685,16.405
722,13.669,16.376
723,13.681,16.401
724,13.684,16.417
725,13.666,16.390
726,13.675,16.409
727,13.662,16.392
728,13.673,16.400
729,13.673,16.428
730,13.649,16.386
731,13.663,16.403
732,13.657,16.387
733,13.660,16.414
734,13.657,16.405
735,13.648,16.394
736,13.649,16.396
737,13.631,16.356
738,13.659,16.411
739,13.650,16.398
740,13.661,16.415
741,13.624,16.367
742,13.633,16.353
743,13.636,16.378
744,13.660,16.420
745,13.667,16.407
746,13.629,16.339
747,13.626,16.348
748,13.651,16.391
749,13.644,16.381
750,13.618,16.344
751,13.654,16.409
752,13.646,16.393
753,13.644,16.385
754,13.645,16.372
755,13.636,16.364
756,13.650,16.370
757,13.653,16.387
758,13.663,16.407
759,13.647,16.375
760,13.641,16.357
761,13.619,16.318
762,13.596,16.295
763,13.612,16.310
764,13.573,16.257
765,13.578,16.269
766,13.574,16.267
767,13.593,16.285
768,13.605,16.317
769,13.586,16.279
770,13.549,16.223
771,13.571,16.261
772,13.566,16.253
773,13.541,16.212
774,13.569,16.267
775,13.573,16.270
776,13.547,16.238
777,13.534,16.211
778,13.543,16.231
779,13.514,16.186
780,13.512,16.178
781,13.510,16.177
782,13.490,16.138
783,13.504,16.172
784,13.503,16.164
785,13.473,16.112
786,13.464,16.098
787,13.479,16.117
788,13.486,16.131
789,13.471,16.112
790,13.488,16.129
791,13.464,16.098
792,13.462,16.085
793,13.459,16.095
794,13.443,16.050
795,13.445,16.061
796,13.426,16.020
797,13.440,16.039
798,13.435,16.032
799,13.433,16.015
800,13.438,16.022
801,13.425,15.997
802,13.434,16.001
803,13.462,16.042
804,13.451,16.035
805,13.475,16.072
806,13.500,16.118
807,13.486,16.093
808,13.495,16.100
809,13.488,16.081
810,13.475,16.063
811,13.507,16.114
812,13.537,16.177
813,13.530,16.162
814,13.551,16.185
815,13.519,16.139
816,13.537,16.153
817,13.554,16.179
818,13.513,16.109
819,13.528,16.130
820,13.537,16.144
821,13.538,16.143
822,13.554,16.153
823,13.549,16.160
824,13.495,16.067
825,13.471,16.066
826,13.483,16.075
827,13.510,16.120
828,13.505,16.106
829,13.409,15.974
830,13.435,16.016
831,13.450,16.044
832,13.469,16.072
833,13.467,16.048
834,13.462,16.050
835,13.471,16.060
836,13.486,16.088
837,13.500,16.102
838,13.537,16.153
839,13.536,16.157
840,13.568,16.197
841,13.550,16.190
842,13.560,16.190
843,13.564,16.190
844,13.485,16.083
845,13.524,16.146
846,13.532,16.166
847,13.535,16.164
848,13.531,16.170
849,13.484,16.097
850,13.512,16.154
851,13.485,16.107
852,13.485,16.120
853,13.507,16.148
854,13.501,16.136
855,13.525,16.184
856,13.516,16.164
857,13.535,16.201
858,13.554,16.220
859,13.564,16.242
860,13.585,16.288
861,13.595,16.284
862,13.645,16.374
863,13.661,16.391
864,13.677,16.421
865,13.661,16.384
866,13.682,16.442
867,13.668,16.402
868,13.664,16.398
869,13.663,16.389
870,13.671,16.414
871,13.656,16.407
872,13.652,16.402
873,13.661,16.408
874,13.687,16.456
875,13.690,16.452
876,13.676,16.445
877,13.676,16.436
878,13.725,16.517
879,13.730,16.531
880,13.699,16.464
881,13.688,16.451
882,13.713,16.505
883,13.680,16.458
884,13.672,16.436
885,13.654,16.410
886,13.666,16.427
887,13.635,16.374
888,13.620,16.344
889,13.614,16.353
890,13.562,16.269
891,13.546,16.249
892,13.529,16.225
893,13.511,16.185
894,13.509,16.184
895,13.509,16.176
896,13.534,16.211
897,13.527,16.198
898,13.546,16.242
899,13.508,16.169
900,13.527,16.217
901,13.517,16.187
902,13.516,16.182
903,13.518,16.188
904,13.541,16.232
905,13.528,16.199
906,13.551,16.246
907,13.556,16.255
908,13.593,16.307
909,13.555,16.246
910,13.536,16.227
911,13.523,16.216
912,13.519,16.214
913,13.545,16.240
914,13.523,16.205
915,13.485,16.130
916,13.510,16.175
917,13.487,16.139
918,13.482,16.127
919,13.476,16.129
920,13.518,16.203
921,13.520,16.208
922,13.526,16.202
923,13.556,16.256
924,13.554,16.233
925,13.577,16.261
926,13.589,16.267
927,13.589,16.259
928,13.609,16.275
929,13.625,16.306
930,13.628,16.284
931,13.628,16.316
932,13.647,16.339
933,13.646,16.332
934,13.637,16.322
935,13.660,16.365
936,13.657,16.370
937,13.660,16.368
938,13.641,16.358
939,13.630,16.330
940,13.639,16.352
941,13.671,16.408
942,13.697,16.445
943,13.675,16.395
944,13.688,16.417
945,13.696,16.430
946,13.706,16.450
947,13.697,16.438
948,13.716,16.461
949,13.706,16.449
950,13.727,16.497
951,13.689,16.437
952,13.718,16.476
953,13.717,16.481
954,13.706,16.469
955,13.752,16.524
956,13.759,16.538
957,13.759,16.554
958,13.751,16.529
959,13.746,16.523
960,13.761,16.559
961,13.779,16.585
962,13.773,16.574
963,13.785,16.602
964,13.751,16.537
965,13.746,16.529
966,13.737,16.499
967,13.746,16.533
968,13.763,16.560
969,13.746,16.518
970,13.746,16.509
971,13.741,16.527
972,13.744,16.525
973,13.740,16.508
974,13.762,16.555
975,13.778,16.581
976,13.761,16.550
977,13.760,16.565
978,13.771,16.585
979,13.756,16.554
980,13.761,16.549
981,13.737,16.527
982,13.722,16.499
983,13.712,16.484
984,13.692,16.447
985,13.709,16.474
986,13.667,16.407
987,13.662,16.400
988,13.668,16.419
989,13.653,16.414
990,13.659,16.403
991,13.675,16.435
992,13.636,16.381
993,13.659,16.417
994,13.618,16.364
995,13.639,16.397
996,13.616,16.372
997,13.621,16.375
998,13.642,16.404
999,13.654,16.417
1000,13.655,16.409
1001,13.667,16.454
1002,13.635,16.399
1003,13.630,16.391
1004,13.638,16.417
1005,13.627,16.392
1006,13.660,16.431
1007,13.629,16.389
1008,13.636,16.394
1009,13.631,16.404
1010,13.618,16.370
1011,13.639,16.416
1012,13.643,16.402
1013,13.668,16.450
1014,13.676,16.454
1015,13.687,16.459
1016,13.660,16.408
1017,13.673,16.413
1018,13.698,16.476
1019,13.703,16.480
1020,13.734,16.516
1021,13.746,16.545
1022,13.754,16.564
1023,13.736,16.526
1024,13.709,16.501
1025,13.668,16.424
1026,13.657,16.425
1027,13.660,16.421
1028,13.613,16.355
1029,13.594,16.315
1030,13.560,16.261
1031,13.558,16.256
1032,13.517,16.196
1033,13.487,16.158
1034,13.509,16.180
1035,13.497,16.152
1036,13.500,16.142
1037,13.500,16.141
1038,13.501,16.127
1039,13.503,16.144
1040,13.474,16.097
1041,13.493,16.112
1042,13.485,16.094
1043,13.458,16.040
1044,13.450,16.019
1045,13.470,16.065
1046,13.434,16.004
1047,13.456,16.040
1048,13.453,16.031
1049,13.439,16.015
1050,13.463,16.075
1051,13.437,16.036
1052,13.451,16.066
1053,13.412,15.991
1054,13.428,16.030
1055,13.444,16.037
1056,13.463,16.084
1057,13.487,16.111
1058,13.482,16.102
1059,13.490,16.117
1060,13.487,16.118
1061,13.500,16.134
1062,13.501,16.140
1063,13.495,16.127
1064,13.519,16.160
1065,13.510,16.158
1066,13.532,16.176
1067,13.497,16.118
1068,13.491,16.113
1069,13.495,16.124
1070,13.485,16.108
1071,13.475,16.073
1072,13.472,16.087
1073,13.460,16.076
1074,13.444,16.041
1075,13.454,16.051
1076,13.443,16.045
1077,13.459,16.070
1078,13.441,16.029
1079,13.411,15.994
1080,13.416,15.997
1081,13.413,15.996
1082,13.421,16.001
1083,13.415,16.005
1084,13.372,15.918
1085,13.404,15.970
1086,13.406,15.974
1087,13.399,15.959
1088,13.429,16.022
1089,13.407,15.991
1090,13.400,15.986
1091,13.426,16.023
1092,13.447,16.075
1093,13.422,16.029
1094,13.429,16.035
1095,13.429,16.050
1096,13.401,16.000
1097,13.385,15.985
1098,13.413,16.036
1099,13.387,15.997
1100,13.387,15.997
1101,13.382,15.999
1102,13.377,15.989
1103,13.382,16.011
1104,13.392,16.026
1105,13.388,16.012
1106,13.365,15.981
1107,13.378,16.000
1108,13.386,16.025
1109,13.401,16.053
1110,13.404,16.050
1111,13.391,16.042
1112,13.413,16.073
1113,13.399,16.048
1114,13.415,16.081
1115,13.444,16.123
1116,13.435,16.115
1117,13.429,16.094
1118,13.463,16.152
1119,13.446,16.134
1120,13.449,16.139
1121,13.454,16.146
1122,13.451,16.149
1123,13.433,16.115
1124,13.457,16.150
1125,13.450,16.151
1126,13.456,16.153
1127,13.466,16.160
1128,13.438,16.125
1129,13.444,16.126
1130,13.448,16.142
1131,13.452,16.136
1132,13.454,16.154
1133,13.468,16.178
1134,13.468,16.173
1135,13.489,16.200
1136,13.445,16.138
1137,13.453,16.133
1138,13.453,16.143
1139,13.477,16.180
1140,13.484,16.193
1141,13.469,16.162
1142,13.504,16.221
1143,13.505,16.224
1144,13.490,16.203
1145,13.473,16.177
1146,13.482,16.174
1147,13.470,16.160
1148,13.482,16.198
1149,13.490,16.206
1150,13.476,16.186
1151,13.481,16.199
1152,13.488,16.198
1153,13.466,16.169
1154,13.474,16.177
1155,13.472,16.178
1156,13.475,16.169
1157,13.455,16.157
1158,13.460,16.153
1159,13.458,16.150
1160,13.460,16.161
1161,13.449,16.145
1162,13.450,16.132
1163,13.451,16.142
1164,13.466,16.163
1165,13.461,16.169
1166,13.461,16.153
1167,13.462,16.154
1168,13.472,16.160
1169,13.479,16.175
1170,13.477,16.179
1171,13.487,16.191
1172,13.490,16.199
1173,13.503,16.245
1174,13.499,16.226
1175,13.509,16.219
1176,13.499,16.212
1177,13.479,16.178
1178,13.501,16.215
1179,13.498,16.197
1180,13.471,16.151
1181,13.480,16.162
1182,13.478,16.157
1183,13.475,16.151
1184,13.464,16.112
1185,13.458,16.114
1186,13.475,16.147
1187,13.474,16.134
1188,13.460,16.109
1189,13.488,16.142
1190,13.483,16.139
1191,13.472,16.121
1192,13.499,16.165
1193,13.492,16.146
1194,13.475,16.118
1195,13.463,16.109
1196,13.474,16.120
1197,13.479,16.131
1198,13.461,16.105
1199,13.459,16.103
1200,13.448,16.079
1201,13.467,16.125
1202,13.473,16.121
1203,13.471,16.112
1204,13.462,16.096
1205,13.480,16.131
1206,13.466,16.113
1207,13.457,16.091
1208,13.456,16.099
1209,13.476,16.130
1210,13.485,16.144
1211,13.476,16.137
1212,13.487,16.137
1213,13.484,16.131
1214,13.484,16.140
1215,13.487,16.143
1216,13.474,16.151
1217,13.481,16.157
1218,13.486,16.165
1219,13.481,16.151
1220,13.496,16.167
1221,13.477,16.149
1222,13.481,16.154
1223,13.496,16.170
1224,13.481,16.153
1225,13.490,16.169
1226,13.516,16.213
1227,13.493,16.174
1228,13.499,16.188
1229,13.491,16.165
1230,13.497,16.175
1231,13.510,16.203
1232,13.479,16.144
1233,13.499,16.174
1234,13.480,16.153
1235,13.493,16.158
1236,13.490,16.170
1237,13.495,16.172
1238,13.483,16.156
1239,13.481,16.149
1240,13.487,16.150
1241,13.517,16.217
1242,13.492,16.162
1243,13.511,16.196
1244,13.490,16.167
1245,13.511,16.195
1246,13.492,16.171
1247,13.513,16.181
1248,13.513,16.186
1249,13.518,16.194
1250,13.520,16.210
1251,13.520,16.207
1252,13.529,16.215
1253,13.560,16.270
1254,13.550,16.245
1255,13.568,16.288
1256,13.549,16.250
1257,13.575,16.280
1258,13.574,16.291
1259,13.593,16.313
1260,13.575,16.298
1261,13.585,16.301
1262,13.583,16.304
1263,13.585,16.304
1264,13.591,16.303
1265,13.601,16.332
1266,13.579,16.300
1267,13.612,16.344
1268,13.633,16.394
1269,13.639,16.403
1270,13.654,16.444
1271,13.657,16.438
1272,13.670,16.462
1273,13.690,16.479
1274,13.668,16.436
1275,13.696,16.490
1276,13.681,16.472
1277,13.698,16.503
1278,13.698,16.507
1279,13.706,16.497
1280,13.678,16.451
1281,13.709,16.482
1282,13.689,16.478
1283,13.731,16.542
1284,13.700,16.481
1285,13.711,16.498
1286,13.717,16.511
1287,13.709,16.481
1288,13.711,16.490
1289,13.722,16.510
1290,13.721,16.510
1291,13.719,16.499
1292,13.726,16.518
1293,13.736,16.533
1294,13.722,16.513
1295,13.724,16.518
1296,13.745,16.549
1297,13.733,16.526
1298,13.723,16.523
1299,13.716,16.499
1300,13.727,16.512
1301,13.704,16.478
1302,13.705,16.483
1303,13.707,16.479
1304,13.716,16.514
1305,13.683,16.449
1306,13.702,16.490
1307,13.719,16.515
1308,13.705,16.492
1309,13.746,16.562
1310,13.736,16.541
1311,13.727,16.538
1312,13.728,16.528
1313,13.731,16.538
1314,13.724,16.526
1315,13.748,16.560
1316,13.749,16.558
1317,13.757,16.556
1318,13.752,16.557
1319,13.754,16.530
1320,13.761,16.555
1321,13.774,16.560
1322,13.757,16.531
1323,13.747,16.508
1324,13.747,16.508
1325,13.767,16.526
1326,13.734,16.486
1327,13.745,16.489
1328,13.738,16.476
1329,13.763,16.498
1330,13.734,16.444
1331,13.717,16.427
1332,13.732,16.425
1333,13.729,16.435
1334,13.727,16.451
1335,13.724,16.445
1336,13.738,16.480
1337,13.765,16.517
1338,13.753,16.521
1339,13.774,16.529
1340,13.744,16.497
1341,13.737,16.468
1342,13.773,16.539
1343,13.750,16.495
1344,13.752,16.496
1345,13.756,16.507
1346,13.739,16.466
1347,13.755,16.512
1348,13.774,16.541
1349,13.773,16.537
1350,13.763,16.538
1351,13.779,16.544
1352,13.763,16.522
1353,13.782,16.553
1354,13.789,16.552
1355,13.801,16.582
1356,13.796,16.576
1357,13.778,16.543
1358,13.814,16.603
1359,13.816,16.601
1360,13.801,16.594
1361,13.821,16.641
1362,13.811,16.593
1363,13.827,16.646
1364,13.823,16.630
1365,13.842,16.655
1366,13.856,16.683
1367,13.847,16.668
1368,13.863,16.682
1369,13.850,16.664
1370,13.863,16.686
1371,13.876,16.706
1372,13.885,16.725
1373,13.887,16.724
1374,13.884,16.710
1375,13.889,16.711
1376,13.906,16.750
1377,13.896,16.737
1378,13.908,16.757
1379,13.897,16.742
1380,13.907,16.739
1381,13.908,16.745
1382,13.947,16.804
1383,13.933,16.785
1384,13.932,16.779
1385,13.938,16.789
1386,13.921,16.771
1387,13.941,16.795
1388,13.923,16.771
1389,13.919,16.778
1390,13.931,16.808
1391,13.932,16.805
1392,13.945,16.829
1393,13.962,16.871
1394,13.933,16.824
1395,13.948,16.858
1396,13.949,16.855
1397,13.965,16.892
1398,13.958,16.893
1399,13.959,16.887
1400,13.971,16.916
1401,13.953,16.884
1402,13.974,16.925
1403,13.974,16.929
1404,13.976,16.938
1405,13.979,16.927
1406,13.960,16.917
1407,13.994,16.970
1408,13.986,16.954
1409,13.982,16.944
1410,13.968,16.936
1411,13.963,16.937
1412,13.943,16.910
1413,13.948,16.919
1414,13.937,16.891
1415,13.916,16.862
1416,13.937,16.898
1417,13.906,16.852
1418,13.905,16.852
1419,13.929,16.898
1420,13.897,16.840
1421,13.906,16.862
1422,13.873,16.811
1423,13.890,16.848
1424,13.898,16.851
1425,13.871,16.804
1426,13.866,16.786
1427,13.859,16.780
1428,13.842,16.762
1429,13.812,16.698
1430,13.843,16.763
1431,13.800,16.698
1432,13.821,16.732
1433,13.796,16.696
1434,13.766,16.641
1435,13.764,16.640
1436,13.715,16.551
1437,13.711,16.560
1438,13.685,16.508
1439,13.689,16.504
1440,13.671,16.482
1441,13.634,16.441
1442,13.618,16.416
1443,13.598,16.364
1444,13.601,16.396
1445,13.586,16.365
1446,13.557,16.316
1447,13.550,16.301
1448,13.491,16.210
1449,13.491,16.210
1450,13.441,16.135
1451,13.421,16.093
1452,13.396,16.069
1453,13.387,16.031
1454,13.373,16.022
1455,13.348,15.987
1456,13.349,15.979
1457,13.338,15.972
1458,13.346,15.974
1459,13.323,15.945
1460,13.326,15.957
1461,13.312,15.926
1462,13.328,15.958
1463,13.305,15.915
1464,13.314,15.931
1465,13.310,15.915
1466,13.302,15.919
1467,13.295,15.902
1468,13.325,15.942
1469,13.318,15.925
1470,13.340,15.964
1471,13.318,15.935
1472,13.311,15.926
1473,13.304,15.928
1474,13.316,15.939
1475,13.285,15.897
1476,13.293,15.897
1477,13.320,15.946
1478,13.313,15.936
1479,13.298,15.910
1480,13.332,15.971
1481,13.301,15.908
1482,13.311,15.924
1483,13.307,15.921
1484,13.297,15.908
1485,13.309,15.936
1486,13.314,15.940
1487,13.321,15.949
1488,13.308,15.931
1489,13.292,15.908
1490,13.299,15.920
1491,13.308,15.929
1492,13.308,15.925
1493,13.301,15.923
1494,13.288,15.903
1495,13.307,15.930
1496,13.313,15.947
1497,13.308,15.936
1498,13.293,15.906
1499,13.296,15.900
1500,13.296,15.908
1501,13.298,15.910
1502,13.313,15.944
1503,13.287,15.889
1504,13.298,15.912
1505,13.326,15.970
1506,13.302,15.919
1507,13.308,15.931
1508,13.307,15.933
1509,13.300,15.914
1510,13.297,15.913
1511,13.287,15.900
1512,13.319,15.948
1513,13.273,15.868
1514,13.320,15.938
1515,13.315,15.935
1516,13.307,15.919
1517,13.315,15.945
1518,13.352,16.000
1519,13.342,15.985
1520,13.369,16.028
1521,13.377,16.029
1522,13.376,16.029
1523,13.365,16.011
1524,13.375,16.023
1525,13.422,16.118
1526,13.407,16.080
1527,13.413,16.093
1528,13.386,16.056
1529,13.378,16.034
1530,13.384,16.048
1531,13.380,16.042
1532,13.382,16.036
1533,13.393,16.052
1534,13.379,16.036
1535,13.379,16.040
1536,13.368,16.020
1537,13.384,16.048
1538,13.342,15.980
1539,13.339,15.978
1540,13.342,15.980
1541,13.330,15.946
1542,13.357,16.011
1543,13.360,16.004
1544,13.347,15.979
1545,13.343,15.987
1546,13.347,15.995
1547,13.353,15.992
1548,13.347,15.981
1549,13.339,15.970
1550,13.341,15.979
1551,13.337,15.962
1552,13.335,15.966
1553,13.332,15.966
1554,13.345,15.982
1555,13.345,15.988
1556,13.364,16.024
1557,13.350,15.996
1558,13.331,15.971
1559,13.339,15.980
1560,13.334,15.978
1561,13.324,15.956
1562,13.325,15.957
1563,13.358,16.004
1564,13.361,16.028
1565,13.321,15.954
1566,13.346,15.986
1567,13.326,15.962
1568,13.321,15.952
1569,13.298,15.916
1570,13.312,15.943
1571,13.304,15.928
1572,13.308,15.938
1573,13.305,15.935
1574,13.281,15.895
1575,13.272,15.874
1576,13.260,15.858
1577,13.237,15.829
1578,13.246,15.830
1579,13.232,15.830
1580,13.221,15.812
1581,13.205,15.781
1582,13.178,15.743
1583,13.173,15.722
1584,13.170,15.722
1585,13.132,15.677
1586,13.141,15.683
1587,13.143,15.683
1588,13.116,15.637
1589,13.121,15.649
1590,13.092,15.605
1591,13.093,15.609
1592,13.118,15.653
1593,13.124,15.663
1594,13.116,15.641
1595,13.091,15.594
1596,13.113,15.635
1597,13.094,15.598
1598,13.091,15.588
1599,13.110,15.631
1600,13.073,15.565
1601,13.068,15.560
1602,13.080,15.584
1603,13.092,15.604
1604,13.077,15.579
1605,13.089,15.596
1606,13.099,15.615
1607,13.105,15.609
1608,13.094,15.612
1609,13.093,15.612
1610,13.100,15.617
1611,13.086,15.598
1612,13.098,15.609
1613,13.088,15.595
1614,13.070,15.570
1615,13.100,15.624
1616,13.086,15.601
1617,13.092,15.613
1618,13.080,15.597
1619,13.105,15.630
1620,13.090,15.611
1621,13.048,15.548
1622,13.091,15.614
1623,13.094,15.615
1624,13.093,15.607
1625,13.109,15.644
1626,13.098,15.616
1627,13.089,15.600
1628,13.096,15.616
1629,13.101,15.623
1630,13.103,15.624
1631,13.102,15.630
1632,13.107,15.626
1633,13.111,15.642
1634,13.128,15.670
1635,13.104,15.634
1636,13.107,15.636
1637,13.119,15.655
1638,13.109,15.637
1639,13.106,15.623
1640,13.120,15.658
1641,13.128,15.654
1642,13.118,15.655
1643,13.116,15.640
1644,13.118,15.655
1645,13.116,15.649
1646,13.105,15.638
1647,13.108,15.628
1648,13.092,15.605
1649,13.098,15.618
1650,13.129,15.676
1651,13.114,15.646
1652,13.114,15.648
1653,13.135,15.664
1654,13.095,15.614
1655,13.121,15.642
1656,13.120,15.647
1657,13.123,15.657
1658,13.130,15.673
1659,13.143,15.695
1660,13.153,15.700
1661,13.189,15.761
1662,13.199,15.776
1663,13.190,15.756
1664,13.197,15.763
1665,13.204,15.788
1666,13.210,15.778
1667,13.215,15.807
1668,13.220,15.808
1669,13.238,15.828
1670,13.242,15.842
1671,13.264,15.873
1672,13.275,15.895
1673,13.283,15.909
1674,13.301,15.935
1675,13.278,15.892
1676,13.258,15.863
1677,13.266,15.893
1678,13.280,15.910
1679,13.297,15.937
1680,13.279,15.901
1681,13.253,15.863
1682,13.258,15.873
1683,13.234,15.830
1684,13.240,15.833
1685,13.229,15.820
1686,13.254,15.866
1687,13.273,15.901
1688,13.262,15.880
1689,13.251,15.857
1690,13.259,15.880
1691,13.262,15.879
1692,13.277,15.903
1693,13.270,15.887
1694,13.281,15.902
1695,13.262,15.873
1696,13.279,15.905
1697,13.280,15.911
1698,13.268,15.877
1699,13.261,15.888
1700,13.257,15.871
1701,13.273,15.899
1702,13.250,15.864
1703,13.269,15.895
1704,13.254,15.873
1705,13.230,15.830
1706,13.238,15.847
1707,13.252,15.880
1708,13.223,15.832
1709,13.218,15.814
1710,13.232,15.822
1711,13.244,15.850
1712,13.251,15.863
1713,13.232,15.842
1714,13.263,15.875
1715,13.233,15.841
1716,13.248,15.858
1717,13.225,15.814
1718,13.207,15.777
1719,13.194,15.778
1720,13.196,15.757
1721,13.217,15.799
1722,13.180,15.744
1723,13.199,15.769
1724,13.170,15.721
1725,13.176,15.747
1726,13.187,15.757
1727,13.155,15.708
1728,13.148,15.697
1729,13.159,15.709
1730,13.159,15.709
1731,13.144,15.694
1732,13.124,15.654
1733,13.136,15.687
1734,13.128,15.660
1735,13.132,15.663
1736,13.150,15.706
1737,13.128,15.657
1738,13.134,15.682
1739,13.126,15.656
1740,13.103,15.628
1741,13.123,15.660
1742,13.119,15.654
1743,13.139,15.668
1744,13.128,15.665
1745,13.103,15.614
1746,13.095,15.608
1747,13.076,15.574
1748,13.092,15.605
1749,13.104,15.626
1750,13.090,15.586
1751,13.075,15.578
1752,13.058,15.551
1753,13.049,15.534
1754,13.051,15.538
1755,13.043,15.530
1756,13.062,15.550
1757,13.048,15.535
1758,13.084,15.595
1759,13.083,15.584
1760,13.082,15.584
1761,13.046,15.531
1762,13.043,15.525
1763,13.053,15.534
1764,13.048,15.535
1765,13.072,15.573
1766,13.049,15.537
1767,13.075,15.590
1768,13.071,15.574
1769,13.081,15.579
1770,13.084,15.587
1771,13.080,15.589
1772,13.064,15.568
1773,13.095,15.620
1774,13.075,15.576
