0,14.309,16.202
1,14.300,16.196
2,14.312,16.205
3,14.312,16.197
4,14.364,16.258
5,14.356,16.249
6,14.346,16.233
7,14.316,16.205
8,14.283,16.123
9,14.288,16.123
10,14.314,16.161
11,14.347,16.187
12,14.352,16.195
13,14.484,16.369
14,14.468,16.336
15,14.499,16.366
16,14.544,16.439
17,14.589,16.460
18,14.602,16.486
19,14.622,16.482
20,14.688,16.564
21,14.722,16.586
22,14.797,16.694
23,14.831,16.714
24,14.917,16.791
25,14.954,16.833
26,15.076,16.947
27,15.098,16.959
28,14.989,16.831
29,15.001,16.847
30,15.072,16.940
31,15.105,16.958
32,15.197,17.064
33,15.288,17.176
34,15.374,17.271
35,15.381,17.264
36,15.276,17.211
37,15.340,17.273
38,15.475,17.378
39,15.651,17.595
40,15.632,17.533
41,15.632,17.573
42,15.554,17.489
43,15.421,17.340
44,15.385,17.316
45,15.232,17.152
46,15.157,17.085
47,15.064,17.023
48,14.930,16.864
49,14.805,16.750
50,14.645,16.577
51,14.476,16.390
52,14.414,16.356
53,14.258,16.207
54,14.217,16.194
55,14.398,16.383
56,14.451,16.445
57,14.474,16.464
58,14.583,16.592
59,14.601,16.639
60,14.604,16.616
61,14.470,16.466
62,14.462,16.463
63,14.447,16.474
64,14.408,16.410
65,14.393,16.389
66,14.392,16.390
67,14.318,16.319
68,14.288,16.275
69,14.288,16.308
70,14.306,16.296
71,14.320,16.339
72,14.404,16.409
73,14.677,16.692
74,14.778,16.801
75,14.887,16.947
76,14.894,16.959
77,14.993,17.071
78,15.072,17.145
79,15.144,17.204
80,15.226,17.297
81,15.352,17.440
82,15.293,17.392
83,15.348,17.436
84,15.454,17.557
85,15.436,17.527
86,15.444,17.518
87,15.410,17.458
88,15.324,17.389
89,15.353,17.396
90,15.370,17.434
91,15.423,17.459
92,15.424,17.478
93,15.428,17.465
94,15.443,17.470
95,15.494,17.517
96,15.521,17.549
97,15.572,17.624
98,15.602,17.620
99,15.631,17.649
100,15.648,17.682
101,15.706,17.725
102,15.748,17.787
103,15.797,17.835
104,15.866,17.907
105,15.908,17.936
106,15.953,17.989
107,15.964,18.005
108,16.017,18.037
109,16.045,18.074
110,16.087,18.123
111,16.129,18.160
112,16.144,18.189
113,16.185,18.212
114,16.181,18.207
115,16.156,18.160
116,16.187,18.175
117,16.172,18.159
118,16.176,18.173
119,16.158,18.160
120,16.124,18.120
121,16.045,18.027
122,16.012,18.000
123,16.027,18.038
124,15.943,17.935
125,15.906,17.883
126,15.860,17.837
127,15.773,17.766
128,15.742,17.735
129,15.675,17.627
130,15.638,17.620
131,15.619,17.578
132,15.563,17.540
133,15.498,17.451
134,15.453,17.394
135,15.354,17.296
136,15.328,17.284
137,15.284,17.211
138,15.229,17.174
139,15.192,17.135
140,15.132,17.054
141,15.070,16.975
142,15.042,16.963
143,14.982,16.900
144,14.945,16.872
145,14.951,16.883
146,14.900,16.832
147,14.884,16.803
148,14.847,16.767
149,14.811,16.731
150,14.752,16.652
151,14.739,16.645
152,14.699,16.594
153,14.688,16.558
154,14.668,16.546
155,14.660,16.550
156,14.631,16.500
157,14.639,16.500
158,14.592,16.438
159,14.584,16.433
160,14.556,16.395
161,14.602,16.458
162,14.574,16.408
163,14.555,16.391
164,14.549,16.383
165,14.563,16.388
166,14.574,16.399
167,14.553,16.390
168,14.552,16.374
169,14.541,16.380
170,14.576,16.407
171,14.567,16.406
172,14.571,16.421
173,14.527,16.358
174,14.524,16.348
175,14.531,16.357
176,14.524,16.365
177,14.509,16.342
178,14.520,16.362
179,14.524,16.376
180,14.565,16.409
181,14.567,16.403
182,14.560,16.409
183,14.586,16.441
184,14.569,16.419
185,14.569,16.414
186,14.557,16.409
187,14.533,16.384
188,14.535,16.392
189,14.549,16.406
190,14.528,16.380
191,14.499,16.368
192,14.518,16.373
193,14.460,16.315
194,14.446,16.306
195,14.456,16.307
196,14.431,16.295
197,14.395,16.260
198,14.355,16.203
199,14.332,16.183
200,14.281,16.125
201,14.286,16.120
202,14.299,16.147
203,14.227,16.064
204,14.229,16.072
205,14.216,16.063
206,14.218,16.026
207,14.156,15.982
208,14.166,15.979
209,14.106,15.910
210,14.142,15.972
211,14.139,15.948
212,14.091,15.902
213,14.068,15.870
214,14.065,15.872
215,14.073,15.872
216,14.068,15.858
217,14.084,15.889
218,14.067,15.856
219,14.021,15.797
220,14.131,15.924
221,14.146,15.912
222,14.206,16.016
223,14.102,15.893
224,14.114,15.904
225,14.131,15.902
226,14.081,15.862
227,14.129,15.919
228,14.100,15.864
229,14.223,15.987
230,14.236,16.027
231,14.265,16.049
232,14.228,16.004
233,14.244,16.023
234,14.247,16.020
235,14.281,16.099
236,14.290,16.100
237,14.328,16.150
238,14.284,16.096
239,14.334,16.136
240,14.298,16.082
241,14.289,16.080
242,14.290,16.083
243,14.300,16.088
244,14.311,16.086
245,14.354,16.157
246,14.329,16.128
247,14.322,16.103
248,14.325,16.112
249,14.342,16.122
250,14.330,16.109
251,14.363,16.164
252,14.398,16.204
253,14.381,16.169
254,14.360,16.139
255,14.424,16.229
256,14.410,16.202
257,14.410,16.195
258,14.438,16.246
259,14.460,16.269
260,14.423,16.225
261,14.434,16.241
262,14.462,16.276
263,14.420,16.231
264,14.442,16.262
265,14.465,16.274
266,14.491,16.293
267,14.522,16.330
268,14.582,16.400
269,14.598,16.434
270,14.498,16.273
271,14.553,16.348
272,14.664,16.493
273,14.718,16.533
274,14.729,16.523
275,14.785,16.617
276,14.795,16.609
277,14.830,16.659
278,14.807,16.617
279,14.884,16.700
280,14.786,16.589
281,14.810,16.624
282,14.771,16.561
283,14.739,16.563
284,14.722,16.526
285,14.613,16.397
286,14.615,16.395
287,14.713,16.514
288,14.707,16.490
289,14.762,16.583
290,14.727,16.535
291,14.768,16.576
292,14.782,16.592
293,14.745,16.524
294,14.787,16.589
295,14.811,16.618
296,14.806,16.611
297,14.871,16.684
298,14.852,16.637
299,14.868,16.655
300,14.882,16.689
301,14.886,16.694
302,14.941,16.740
303,14.939,16.754
304,14.983,16.794
305,14.962,16.744
306,14.997,16.787
307,15.027,16.833
308,15.086,16.887
309,15.075,16.874
310,15.104,16.879
311,15.136,16.940
312,15.184,16.982
313,15.231,17.019
314,15.223,17.011
315,15.224,16.993
316,15.227,16.996
317,15.240,17.017
318,15.242,17.037
319,15.180,16.942
320,15.148,16.912
321,15.145,16.917
322,15.042,16.791
323,15.007,16.764
324,14.958,16.708
325,14.921,16.689
326,14.856,16.592
327,14.860,16.609
328,14.840,16.596
329,14.806,16.552
330,14.764,16.513
331,14.814,16.566
332,14.803,16.560
333,14.735,16.467
334,14.772,16.528
335,14.746,16.502
336,14.736,16.480
337,14.758,16.524
338,14.766,16.543
339,14.703,16.451
340,14.747,16.520
341,14.720,16.468
342,14.733,16.504
343,14.748,16.526
344,14.703,16.426
345,14.712,16.478
346,14.674,16.393
347,14.734,16.483
348,14.694,16.430
349,14.694,16.433
350,14.702,16.447
351,14.662,16.388
352,14.660,16.392
353,14.639,16.338
354,14.659,16.381
355,14.652,16.362
356,14.680,16.390
357,14.733,16.472
358,14.704,16.418
359,14.724,16.446
360,14.721,16.439
361,14.750,16.485
362,14.775,16.493
363,14.725,16.439
364,14.748,16.495
365,14.718,16.446
366,14.714,16.443
367,14.688,16.406
368,14.693,16.419
369,14.694,16.400
370,14.687,16.403
371,14.727,16.459
372,14.683,16.395
373,14.694,16.405
374,14.686,16.406
375,14.701,16.415
376,14.661,16.382
377,14.678,16.396
378,14.699,16.418
379,14.707,16.430
380,14.724,16.445
381,14.706,16.422
382,14.751,16.454
383,14.714,16.414
384,14.765,16.468
385,14.746,16.435
386,14.775,16.458
387,14.825,16.527
388,14.808,16.502
389,14.828,16.510
390,14.902,16.609
391,14.868,16.549
392,14.913,16.601
393,14.916,16.603
394,14.968,16.649
395,14.958,16.656
396,15.009,16.701
397,14.906,16.564
398,14.856,16.496
399,14.860,16.492
400,14.937,16.609
401,14.811,16.427
402,14.817,16.446
403,15.048,16.738
404,15.033,16.720
405,15.008,16.668
406,14.963,16.613
407,14.935,16.585
408,14.912,16.560
409,14.907,16.553
410,14.879,16.532
411,14.837,16.489
412,14.950,16.607
413,14.925,16.579
414,14.947,16.599
415,14.875,16.519
416,14.899,16.548
417,14.871,16.522
418,14.845,16.485
419,14.845,16.484
420,14.842,16.482
421,14.830,16.471
422,14.806,16.443
423,14.757,16.414
424,14.789,16.424
425,14.757,16.413
426,14.758,16.415
427,14.846,16.524
428,14.856,16.549
429,14.874,16.565
430,14.926,16.639
431,14.934,16.637
432,14.924,16.623
433,15.042,16.791
434,15.042,16.765
435,15.074,16.813
436,15.139,16.888
437,15.195,16.952
438,15.300,17.059
439,15.324,17.090
440,15.405,17.174
441,15.469,17.252
442,15.540,17.351
443,15.657,17.463
444,15.720,17.520
445,15.675,17.482
446,15.733,17.540
447,15.768,17.596
448,15.719,17.547
449,15.801,17.630
450,15.799,17.646
451,15.879,17.742
452,15.906,17.781
453,15.961,17.849
454,15.912,17.796
455,15.912,17.805
456,15.943,17.842
457,16.039,17.973
458,16.032,17.941
459,16.026,17.958
460,15.890,17.812
461,15.877,17.796
462,15.867,17.787
463,15.942,17.883
464,15.944,17.882
465,15.919,17.858
466,15.712,17.625
467,15.726,17.665
468,15.601,17.519
469,15.609,17.529
470,15.576,17.507
471,15.543,17.472
472,15.512,17.438
473,15.435,17.358
474,15.425,17.373
475,15.384,17.338
476,15.404,17.359
477,15.327,17.271
478,15.292,17.240
479,15.264,17.201
480,15.255,17.197
481,15.262,17.208
482,15.227,17.163
483,15.219,17.175
484,15.166,17.127
485,15.173,17.130
486,15.204,17.176
487,15.234,17.211
488,15.227,17.203
489,15.274,17.264
490,15.267,17.246
491,15.299,17.273
492,15.344,17.317
493,15.357,17.335
494,15.408,17.393
495,15.477,17.470
496,15.362,17.340
497,15.345,17.340
498,15.421,17.448
499,15.495,17.514
500,15.532,17.548
501,15.438,17.451
502,15.452,17.461
503,15.394,17.419
504,15.332,17.377
505,15.224,17.254
506,15.143,17.160
507,15.118,17.150
508,15.034,17.059
509,14.940,16.986
510,14.871,16.892
511,14.801,16.842
512,14.672,16.684
513,14.564,16.591
514,14.435,16.422
515,14.282,16.284
516,14.271,16.276
517,14.417,16.449
518,14.449,16.457
519,14.480,16.493
520,14.409,16.403
521,14.421,16.436
522,14.352,16.339
523,14.388,16.392
524,14.300,16.287
525,14.300,16.263
526,14.311,16.311
527,14.369,16.362
528,14.337,16.329
529,14.325,16.274
530,14.312,16.272
531,14.304,16.258
532,14.291,16.239
533,14.302,16.249
534,14.276,16.232
535,14.260,16.192
536,14.264,16.174
537,14.251,16.178
538,14.225,16.158
539,14.200,16.129
540,14.187,16.100
541,14.331,16.266
542,14.340,16.254
543,14.314,16.215
544,14.292,16.221
545,14.269,16.196
546,14.253,16.180
547,14.271,16.203
548,14.247,16.143
549,14.268,16.178
550,14.294,16.193
551,14.336,16.269
552,14.376,16.347
553,14.339,16.268
554,14.307,16.227
555,14.339,16.255
556,14.324,16.225
557,14.371,16.273
558,14.408,16.301
559,14.462,16.363
560,14.483,16.379
561,14.553,16.458
562,14.588,16.486
563,14.670,16.582
564,14.697,16.604
565,14.725,16.634
566,14.804,16.695
567,14.867,16.747
568,14.791,16.678
569,14.894,16.809
570,15.016,16.928
571,15.096,17.042
572,15.003,16.925
573,14.814,16.713
574,14.793,16.702
575,14.678,16.584
576,14.541,16.461
577,14.394,16.321
578,14.268,16.220
579,14.046,15.976
580,13.946,15.878
581,13.748,15.681
582,13.470,15.400
583,13.507,15.476
584,13.570,15.539
585,13.630,15.598
586,13.780,15.746
587,13.808,15.783
588,13.864,15.848
589,13.877,15.850
590,13.862,15.831
591,13.882,15.844
592,13.949,15.919
593,14.084,16.053
594,14.193,16.175
595,14.215,16.218
596,14.328,16.300
597,14.438,16.425
598,14.523,16.521
599,14.658,16.662
600,14.768,16.792
601,14.872,16.872
602,14.981,16.989
603,15.102,17.114
604,15.181,17.198
605,15.343,17.373
606,15.498,17.548
607,15.410,17.443
608,15.492,17.511
609,15.600,17.644
610,15.530,17.557
611,15.582,17.591
612,15.686,17.700
613,15.594,17.603
614,15.609,17.619
615,15.689,17.749
616,15.519,17.533
617,15.569,17.598
618,15.656,17.706
619,15.754,17.800
620,15.857,17.943
621,15.834,17.896
622,15.887,17.951
623,15.903,17.981
624,15.948,18.016
625,15.968,18.037
626,15.988,18.052
627,16.034,18.108
628,16.096,18.211
629,16.118,18.212
630,16.108,18.206
631,16.128,18.232
632,16.154,18.259
633,16.217,18.315
634,16.225,18.337
635,16.232,18.360
636,16.290,18.413
637,16.309,18.456
638,16.319,18.472
639,16.369,18.532
640,16.419,18.591
641,16.442,18.620
642,16.459,18.630
643,16.467,18.654
644,16.495,18.685
645,16.469,18.634
646,16.427,18.572
647,16.362,18.497
648,16.354,18.492
649,16.293,18.429
650,16.252,18.406
651,16.246,18.379
652,16.216,18.346
653,16.166,18.321
654,16.122,18.259
655,16.089,18.233
656,16.061,18.203
657,15.994,18.126
658,15.987,18.096
659,15.942,18.052
660,15.908,17.999
661,15.859,17.970
662,15.809,17.921
663,15.812,17.922
664,15.764,17.865
665,15.702,17.777
666,15.663,17.749
667,15.554,17.608
668,15.542,17.613
669,15.471,17.548
670,15.466,17.552
671,15.401,17.486
672,15.357,17.448
673,15.291,17.376
674,15.254,17.334
675,15.190,17.288
676,15.143,17.224
677,15.135,17.210
678,15.084,17.145
679,15.050,17.105
680,15.041,17.107
681,14.953,17.010
682,14.971,17.025
683,14.934,17.000
684,14.921,16.993
685,14.895,16.952
686,14.858,16.929
687,14.874,16.952
688,14.861,16.943
689,14.802,16.870
690,14.853,16.923
691,14.791,16.865
692,14.782,16.852
693,14.766,16.834
694,14.758,16.802
695,14.732,16.798
696,14.727,16.783
697,14.710,16.775
698,14.664,16.717
699,14.676,16.745
700,14.669,16.749
701,14.689,16.785
702,14.591,16.654
703,14.798,16.914
704,14.789,16.885
705,14.760,16.840
706,14.677,16.735
707,14.742,16.834
708,14.675,16.728
709,14.631,16.674
710,14.658,16.731
711,14.614,16.657
712,14.639,16.704
713,14.623,16.662
714,14.619,16.687
715,14.614,16.659
716,14.627,16.678
717,14.624,16.636
718,14.599,16.635
719,14.555,16.577
720,14.547,16.559
721,14.524,16.526
722,14.525,16.524
723,14.466,16.427
724,14.567,16.561
725,14.564,16.562
726,14.564,16.557
727,14.533,16.558
728,14.489,16.507
729,14.442,16.459
730,14.398,16.396
731,14.358,16.354
732,14.332,16.331
733,14.291,16.285
734,14.242,16.221
735,14.283,16.270
736,14.235,16.211
737,14.231,16.207
738,14.181,16.154
739,14.166,16.135
740,14.105,16.061
741,14.095,16.033
742,14.097,16.028
743,13.987,15.894
744,13.964,15.867
745,13.942,15.827
746,13.955,15.845
747,13.945,15.824
748,13.939,15.811
749,14.022,15.926
750,13.942,15.796
751,13.947,15.803
752,13.990,15.847
753,14.050,15.934
754,14.016,15.887
755,14.021,15.873
756,14.021,15.874
757,14.147,15.995
758,14.190,16.049
759,14.250,16.098
760,14.229,16.048
761,14.294,16.132
762,14.308,16.131
763,14.357,16.196
764,14.433,16.265
765,14.482,16.315
766,14.544,16.389
767,14.605,16.461
768,14.654,16.499
769,14.730,16.583
770,14.812,16.686
771,14.872,16.754
772,14.793,16.626
773,14.862,16.699
774,14.934,16.771
775,14.987,16.877
776,15.018,16.923
777,15.032,16.917
778,14.993,16.885
779,15.011,16.902
780,14.982,16.845
781,14.993,16.862
782,15.016,16.874
783,15.026,16.884
784,15.052,16.921
785,15.071,16.920
786,15.109,16.955
787,15.103,16.935
788,15.119,16.947
789,15.130,16.943
790,15.149,16.960
791,15.155,16.950
792,15.176,16.942
793,15.198,16.979
794,15.178,16.946
795,15.206,16.964
796,15.252,17.028
797,15.158,16.869
798,15.238,16.964
799,15.217,16.934
800,15.181,16.884
801,15.149,16.859
802,15.169,16.868
803,15.163,16.862
804,15.217,16.936
805,15.226,16.959
806,15.298,17.049
807,15.322,17.104
808,15.306,17.061
809,15.342,17.142
810,15.467,17.349
811,15.448,17.352
812,15.354,17.245
813,15.271,17.157
814,15.190,17.098
815,15.059,16.979
816,14.951,16.871
817,14.930,16.858
818,14.938,16.878
819,14.976,16.918
820,14.974,16.922
821,15.037,16.993
822,15.050,17.006
823,14.992,16.944
824,14.904,16.834
825,14.924,16.851
826,14.871,16.803
827,14.874,16.811
828,14.822,16.753
829,14.851,16.786
830,14.900,16.813
831,14.911,16.846
832,14.951,16.873
833,14.913,16.819
834,14.828,16.743
835,14.769,16.676
836,14.719,16.597
837,14.590,16.418
838,14.602,16.465
839,14.563,16.406
840,14.520,16.372
841,14.452,16.283
842,14.386,16.199
843,14.340,16.141
844,14.237,16.026
845,14.153,15.937
846,14.082,15.868
847,14.125,15.906
848,14.111,15.883
849,14.125,15.885
850,14.117,15.879
851,14.154,15.901
852,14.143,15.921
853,14.141,15.893
854,14.130,15.900
855,14.139,15.872
856,14.119,15.874
857,14.153,15.913
858,14.128,15.870
859,14.133,15.884
860,14.104,15.836
861,14.074,15.804
862,14.121,15.853
863,14.105,15.836
864,14.083,15.788
865,14.095,15.821
866,14.057,15.775
867,14.101,15.835
868,14.069,15.780
869,14.112,15.822
870,14.113,15.812
871,14.117,15.833
872,14.107,15.818
873,14.108,15.808
874,14.129,15.827
875,14.069,15.747
876,14.109,15.803
877,14.080,15.750
878,14.087,15.766
879,14.007,15.653
880,14.088,15.758
881,14.039,15.686
882,14.071,15.741
883,14.043,15.682
884,14.075,15.734
885,14.092,15.742
886,14.058,15.683
887,14.111,15.753
888,14.086,15.709
889,14.174,15.822
890,14.142,15.761
891,14.193,15.822
892,14.254,15.897
893,14.290,15.915
894,14.336,15.955
895,14.353,15.957
896,14.419,16.038
897,14.467,16.100
898,14.459,16.053
899,14.533,16.159
900,14.560,16.177
901,14.565,16.170
902,14.592,16.200
903,14.590,16.182
904,14.560,16.144
905,14.572,16.156
906,14.574,16.149
907,14.586,16.161
908,14.583,16.161
909,14.586,16.157
910,14.527,16.072
911,14.591,16.145
912,14.641,16.200
913,14.644,16.205
914,14.709,16.276
915,14.753,16.345
916,14.786,16.359
917,14.801,16.361
918,14.836,16.402
919,14.888,16.452
920,14.921,16.487
921,14.979,16.550
922,15.010,16.572
923,15.068,16.631
924,15.124,16.704
925,15.170,16.753
926,15.175,16.733
927,15.247,16.823
928,15.261,16.823
929,15.340,16.909
930,15.339,16.892
931,15.329,16.904
932,15.323,16.859
933,15.334,16.889
934,15.333,16.885
935,15.368,16.939
936,15.329,16.878
937,15.319,16.875
938,15.304,16.844
939,15.307,16.847
940,15.296,16.853
941,15.314,16.847
942,15.294,16.836
943,15.334,16.885
944,15.282,16.837
945,15.277,16.813
946,15.318,16.848
947,15.282,16.813
948,15.304,16.843
949,15.293,16.830
950,15.247,16.785
951,15.260,16.801
952,15.237,16.779
953,15.245,16.781
954,15.262,16.798
955,15.216,16.747
956,15.203,16.737
957,15.172,16.708
958,15.165,16.687
959,15.149,16.658
960,15.118,16.652
961,15.122,16.652
962,15.136,16.661
963,15.076,16.591
964,15.068,16.588
965,15.030,16.552
966,15.043,16.562
967,14.976,16.495
968,14.994,16.523
969,14.952,16.469
970,14.931,16.452
971,14.902,16.406
972,14.928,16.432
973,14.918,16.416
974,14.871,16.375
975,14.850,16.359
976,14.801,16.319
977,14.785,16.297
978,14.697,16.211
979,14.807,16.324
980,14.783,16.316
981,14.759,16.281
982,14.727,16.240
983,14.682,16.204
984,14.631,16.145
985,14.599,16.127
986,14.538,16.060
987,14.692,16.281
988,14.739,16.341
989,14.772,16.398
990,14.798,16.424
991,14.746,16.382
992,14.743,16.402
993,14.780,16.434
994,14.737,16.397
995,14.755,16.443
996,14.740,16.420
997,14.744,16.441
998,14.766,16.470
999,14.786,16.488
1000,14.822,16.530
1001,14.834,16.555
1002,14.876,16.608
1003,14.978,16.717
1004,15.008,16.746
1005,15.067,16.813
1006,15.118,16.870
1007,15.176,16.942
1008,15.235,17.016
1009,15.089,16.833
1010,15.160,16.922
1011,15.249,17.027
1012,15.346,17.140
1013,15.289,17.067
1014,15.259,17.041
1015,15.190,16.965
1016,15.121,16.907
1017,15.060,16.825
1018,14.976,16.734
1019,14.922,16.696
1020,14.790,16.557
1021,14.691,16.455
1022,14.586,16.354
1023,14.479,16.224
1024,14.332,16.088
1025,14.301,16.055
1026,14.296,16.038
1027,14.435,16.184
1028,14.441,16.186
1029,14.462,16.204
1030,14.455,16.188
1031,14.470,16.253
1032,14.453,16.212
1033,14.562,16.291
1034,14.627,16.374
1035,14.716,16.468
1036,14.716,16.490
1037,14.801,16.600
1038,14.738,16.489
1039,14.740,16.491
1040,14.803,16.518
1041,14.839,16.579
1042,14.785,16.495
1043,14.788,16.507
1044,14.814,16.547
1045,14.696,16.415
1046,14.724,16.441
1047,14.744,16.482
1048,14.808,16.541
1049,14.914,16.648
1050,14.956,16.692
1051,15.115,16.873
1052,15.243,16.989
1053,15.364,17.137
1054,15.259,17.034
1055,15.206,16.993
1056,15.103,16.864
1057,15.078,16.844
1058,15.018,16.799
1059,14.951,16.703
1060,14.828,16.581
1061,14.762,16.508
1062,14.603,16.343
1063,14.624,16.358
1064,14.541,16.295
1065,14.423,16.161
1066,14.401,16.125
1067,14.437,16.176
1068,14.486,16.235
1069,14.533,16.265
1070,14.593,16.343
1071,14.628,16.368
1072,14.638,16.382
1073,14.681,16.447
1074,14.677,16.433
1075,14.667,16.427
1076,14.658,16.424
1077,14.717,16.479
1078,14.684,16.449
1079,14.749,16.501
1080,14.824,16.592
1081,14.953,16.742
1082,15.011,16.775
1083,15.178,16.986
1084,15.170,16.964
1085,15.278,17.066
1086,15.352,17.123
1087,15.253,17.023
1088,15.294,17.095
1089,15.305,17.087
1090,15.253,17.018
1091,15.251,17.012
1092,15.225,16.983
1093,15.251,17.019
1094,15.268,17.035
1095,15.271,17.017
1096,15.308,17.065
1097,15.345,17.102
1098,15.320,17.074
1099,15.331,17.092
1100,15.368,17.131
1101,15.368,17.121
1102,15.438,17.193
1103,15.421,17.172
1104,15.426,17.174
1105,15.472,17.232
1106,15.462,17.228
1107,15.477,17.220
1108,15.511,17.261
1109,15.516,17.277
1110,15.529,17.264
1111,15.550,17.289
1112,15.576,17.334
1113,15.593,17.340
1114,15.612,17.345
1115,15.616,17.341
1116,15.654,17.388
1117,15.675,17.408
1118,15.680,17.402
1119,15.695,17.431
1120,15.672,17.415
1121,15.726,17.459
1122,15.747,17.491
1123,15.734,17.488
1124,15.728,17.483
1125,15.725,17.497
1126,15.732,17.527
1127,15.694,17.504
1128,15.764,17.564
1129,15.700,17.499
1130,15.650,17.467
1131,15.671,17.516
1132,15.664,17.498
1133,15.680,17.536
1134,15.682,17.541
1135,15.697,17.560
1136,15.725,17.590
1137,15.692,17.547
1138,15.724,17.613
1139,15.702,17.555
1140,15.695,17.553
1141,15.671,17.533
1142,15.673,17.553
1143,15.648,17.526
1144,15.603,17.458
1145,15.599,17.480
1146,15.596,17.464
1147,15.577,17.447
1148,15.567,17.425
1149,15.554,17.403
1150,15.515,17.376
1151,15.482,17.334
1152,15.511,17.385
1153,15.475,17.340
1154,15.464,17.312
1155,15.448,17.303
1156,15.451,17.319
1157,15.438,17.284
1158,15.402,17.235
1159,15.417,17.269
1160,15.390,17.250
1161,15.365,17.224
1162,15.356,17.210
1163,15.301,17.149
1164,15.309,17.163
1165,15.276,17.116
1166,15.272,17.137
1167,15.240,17.085
1168,15.388,17.248
1169,15.375,17.224
1170,15.407,17.272
1171,15.361,17.224
1172,15.353,17.235
1173,15.289,17.146
1174,15.280,17.127
1175,15.292,17.146
1176,15.296,17.146
1177,15.282,17.147
1178,15.305,17.167
1179,15.262,17.113
1180,15.228,17.086
1181,15.202,17.050
1182,15.175,17.023
1183,15.156,17.000
1184,15.122,16.994
1185,15.113,16.978
1186,15.144,17.004
1187,15.067,16.919
1188,15.078,16.956
1189,15.233,17.111
1190,15.303,17.192
1191,15.322,17.203
1192,15.307,17.196
1193,15.231,17.092
1194,15.260,17.136
1195,15.270,17.157
1196,15.255,17.149
1197,15.258,17.145
1198,15.218,17.075
1199,15.201,17.068
1200,15.250,17.131
1201,15.223,17.098
1202,15.215,17.072
1203,15.238,17.096
1204,15.257,17.109
1205,15.226,17.095
1206,15.059,16.823
1207,15.166,16.939
1208,15.280,17.126
1209,15.266,17.088
1210,15.202,17.015
1211,15.231,17.060
1212,15.128,16.884
1213,15.253,17.016
1214,15.504,17.357
1215,15.509,17.357
1216,15.452,17.276
1217,15.428,17.256
1218,15.412,17.245
1219,15.443,17.277
1220,15.427,17.263
1221,15.469,17.305
1222,15.596,17.431
1223,15.424,17.169
1224,15.460,17.199
1225,15.642,17.461
1226,15.704,17.526
1227,15.811,17.658
1228,15.792,17.631
1229,15.802,17.635
1230,15.817,17.642
1231,15.795,17.619
1232,15.810,17.624
1233,15.657,17.408
1234,15.576,17.318
1235,15.573,17.322
1236,15.586,17.355
1237,15.724,17.546
1238,15.748,17.566
1239,15.713,17.538
1240,15.721,17.534
1241,15.738,17.565
1242,15.734,17.561
1243,15.740,17.537
1244,15.748,17.568
1245,15.741,17.553
1246,15.718,17.546
1247,15.726,17.549
1248,15.770,17.601
1249,15.744,17.573
1250,15.757,17.589
1251,15.678,17.487
1252,15.693,17.501
1253,15.697,17.505
1254,15.696,17.518
1255,15.694,17.495
1256,15.760,17.612
1257,15.766,17.605
1258,15.752,17.596
1259,15.769,17.599
1260,15.756,17.581
1261,15.676,17.480
1262,15.692,17.509
1263,15.684,17.502
1264,15.650,17.442
1265,15.711,17.555
1266,15.681,17.497
1267,15.674,17.495
1268,15.649,17.465
1269,15.654,17.465
1270,15.585,17.379
1271,15.573,17.390
1272,15.573,17.383
1273,15.497,17.281
1274,15.507,17.301
1275,15.507,17.309
1276,15.453,17.248
1277,15.469,17.282
1278,15.454,17.261
1279,15.443,17.243
1280,15.426,17.237
1281,15.405,17.199
1282,15.402,17.205
1283,15.394,17.216
1284,15.389,17.198
1285,15.368,17.186
1286,15.353,17.168
1287,15.342,17.162
1288,15.342,17.165
1289,15.323,17.143
1290,15.295,17.130
1291,15.281,17.104
1292,15.255,17.088
1293,15.231,17.066
1294,15.215,17.047
1295,15.179,17.005
1296,15.147,16.982
1297,15.166,17.003
1298,15.126,16.964
1299,15.136,16.970
1300,15.103,16.938
1301,15.059,16.894
1302,15.044,16.862
1303,15.022,16.844
1304,15.000,16.834
1305,14.982,16.804
1306,15.099,16.913
1307,15.089,16.908
1308,15.083,16.885
1309,15.066,16.873
1310,15.019,16.812
1311,14.997,16.799
1312,15.000,16.811
1313,15.015,16.816
1314,15.001,16.801
1315,14.997,16.785
1316,14.982,16.775
1317,14.986,16.766
1318,14.986,16.777
1319,14.962,16.731
1320,14.954,16.740
1321,15.015,16.823
1322,15.027,16.829
1323,15.031,16.824
1324,15.049,16.860
1325,15.072,16.872
1326,15.094,16.902
1327,15.115,16.934
1328,15.165,16.994
1329,15.166,16.999
1330,15.210,17.060
1331,15.035,16.799
1332,15.107,16.952
1333,15.086,16.914
1334,15.096,16.919
1335,15.160,16.983
1336,15.363,17.208
1337,15.363,17.176
1338,15.443,17.276
1339,15.419,17.247
1340,15.404,17.218
1341,15.429,17.244
1342,15.435,17.237
1343,15.434,17.237
1344,15.444,17.247
1345,15.446,17.228
1346,15.428,17.221
1347,15.454,17.255
1348,15.446,17.239
1349,15.420,17.197
1350,15.440,17.232
1351,15.441,17.227
1352,15.425,17.203
1353,15.420,17.192
1354,15.395,17.160
1355,15.373,17.140
1356,15.394,17.177
1357,15.385,17.167
1358,15.385,17.150
1359,15.345,17.122
1360,15.333,17.083
1361,15.314,17.090
1362,15.298,17.062
1363,15.389,17.143
1364,15.435,17.213
1365,15.422,17.188
1366,15.195,16.883
1367,15.144,16.844
1368,15.249,17.015
1369,15.176,16.930
1370,15.102,16.846
1371,15.085,16.840
1372,15.152,16.891
1373,15.195,16.939
1374,15.262,17.009
1375,15.275,17.028
1376,15.172,16.864
1377,15.434,17.216
1378,15.458,17.222
1379,15.482,17.238
1380,15.548,17.319
1381,15.627,17.396
1382,15.650,17.398
1383,15.655,17.401
1384,15.543,17.288
1385,15.548,17.287
1386,15.545,17.293
1387,15.482,17.230
1388,15.504,17.234
1389,15.460,17.185
1390,15.402,17.140
1391,15.390,17.131
1392,15.173,16.828
1393,15.180,16.844
1394,15.321,17.057
1395,15.360,17.101
1396,15.333,17.069
1397,15.340,17.051
1398,15.356,17.088
1399,15.404,17.145
1400,15.388,17.128
1401,15.402,17.134
1402,15.470,17.213
1403,15.460,17.191
1404,15.492,17.225
1405,15.531,17.285
1406,15.513,17.259
1407,15.527,17.254
1408,15.560,17.300
1409,15.553,17.301
1410,15.591,17.343
1411,15.576,17.341
1412,15.581,17.336
1413,15.596,17.357
1414,15.575,17.336
1415,15.604,17.359
1416,15.568,17.316
1417,15.604,17.345
1418,15.593,17.337
1419,15.584,17.325
1420,15.560,17.304
1421,15.585,17.344
1422,15.607,17.365
1423,15.599,17.363
1424,15.626,17.388
1425,15.583,17.334
1426,15.545,17.312
1427,15.590,17.349
1428,15.535,17.285
1429,15.519,17.291
1430,15.489,17.242
1431,15.470,17.227
1432,15.458,17.204
1433,15.374,17.140
1434,15.446,17.220
1435,15.431,17.211
1436,15.407,17.181
1437,15.354,17.117
1438,15.330,17.085
1439,15.303,17.059
1440,15.314,17.077
1441,15.285,17.038
1442,15.241,16.988
1443,15.216,16.958
1444,15.218,16.973
1445,15.192,16.958
1446,15.149,16.890
1447,15.089,16.844
1448,14.817,16.477
1449,14.925,16.645
1450,14.981,16.710
1451,14.977,16.691
1452,15.054,16.775
1453,15.157,16.894
1454,15.187,16.934
1455,15.183,16.913
1456,15.177,16.919
1457,15.123,16.837
1458,15.095,16.806
1459,15.099,16.811
1460,15.084,16.803
1461,15.072,16.769
1462,15.040,16.744
1463,15.027,16.737
1464,15.012,16.715
1465,14.992,16.679
1466,14.960,16.647
1467,14.938,16.619
1468,15.031,16.714
1469,15.066,16.747
1470,15.065,16.754
1471,15.028,16.720
1472,15.062,16.775
1473,15.039,16.739
1474,14.985,16.672
1475,14.986,16.680
1476,14.970,16.654
1477,14.949,16.648
1478,14.914,16.616
1479,14.893,16.574
1480,14.902,16.610
1481,14.901,16.599
1482,14.923,16.609
1483,15.002,16.714
1484,15.004,16.696
1485,15.094,16.801
1486,15.119,16.842
1487,15.129,16.828
1488,15.163,16.871
1489,15.220,16.920
1490,15.241,16.939
1491,15.264,16.959
1492,15.272,16.973
1493,15.327,17.034
1494,15.346,17.042
1495,15.332,17.059
1496,15.321,17.041
1497,15.291,17.004
1498,15.347,17.051
1499,15.441,17.181
1500,15.477,17.202
1501,15.389,17.098
1502,15.392,17.118
1503,15.323,17.023
1504,15.371,17.081
1505,15.396,17.107
1506,15.366,17.074
1507,15.218,16.912
1508,15.210,16.942
1509,15.188,16.927
1510,15.183,16.889
1511,15.183,16.894
1512,15.149,16.887
1513,15.141,16.862
1514,15.110,16.840
1515,15.146,16.888
1516,15.036,16.769
1517,15.023,16.763
1518,14.975,16.691
1519,14.970,16.712
1520,14.950,16.670
1521,14.919,16.626
1522,14.925,16.653
1523,14.903,16.621
1524,14.918,16.651
1525,14.949,16.704
1526,14.905,16.630
1527,14.869,16.573
1528,14.877,16.600
1529,14.903,16.634
1530,14.867,16.587
1531,14.808,16.525
1532,14.795,16.511
1533,14.767,16.479
1534,14.763,16.472
1535,14.737,16.449
1536,14.720,16.442
1537,14.719,16.429
1538,14.679,16.386
1539,14.641,16.357
1540,14.652,16.359
1541,14.619,16.353
1542,14.566,16.276
1543,14.536,16.228
1544,14.587,16.311
1545,14.490,16.172
1546,14.500,16.188
1547,14.432,16.133
1548,14.386,16.060
1549,14.363,16.070
1550,14.389,16.113
1551,14.321,16.016
1552,14.307,15.999
1553,14.259,15.945
1554,14.271,15.963
1555,14.239,15.922
1556,14.272,16.000
1557,14.264,15.958
1558,14.355,16.059
1559,14.409,16.118
1560,14.467,16.215
1561,14.407,16.135
1562,14.385,16.099
1563,14.419,16.153
1564,14.455,16.180
1565,14.526,16.257
1566,14.583,16.346
1567,14.640,16.388
1568,14.729,16.497
1569,14.812,16.592
1570,14.901,16.711
1571,14.916,16.708
1572,14.987,16.771
1573,15.057,16.875
1574,15.144,16.974
1575,15.090,16.904
1576,14.935,16.796
1577,15.038,16.879
1578,15.177,17.038
1579,15.159,17.010
1580,15.092,16.925
1581,14.943,16.765
1582,14.939,16.778
1583,14.846,16.666
1584,14.764,16.618
1585,14.711,16.564
1586,14.587,16.430
1587,14.462,16.319
1588,14.538,16.401
1589,14.416,16.302
1590,14.307,16.160
1591,14.263,16.132
1592,14.085,15.945
1593,13.904,15.778
1594,14.038,15.946
1595,14.078,15.981
1596,14.122,16.010
1597,14.275,16.190
1598,14.311,16.239
1599,14.383,16.288
1600,14.278,16.166
1601,14.290,16.185
1602,14.251,16.144
1603,14.297,16.176
1604,14.327,16.210
1605,14.438,16.322
1606,14.590,16.482
1607,14.743,16.630
1608,14.945,16.842
1609,15.103,17.003
1610,15.270,17.204
1611,15.412,17.303
1612,15.378,17.264
1613,15.479,17.368
1614,15.596,17.489
1615,15.605,17.490
1616,15.651,17.521
1617,15.769,17.616
1618,15.722,17.552
1619,15.879,17.707
1620,16.035,17.857
1621,16.270,18.103
1622,16.448,18.293
1623,16.327,18.116
1624,16.217,18.018
1625,16.168,17.983
1626,16.065,17.895
1627,15.924,17.728
1628,15.860,17.692
1629,15.762,17.611
1630,15.604,17.438
1631,15.508,17.372
1632,15.329,17.195
1633,15.214,17.097
1634,15.013,16.904
1635,14.833,16.713
1636,14.612,16.507
1637,14.497,16.429
1638,14.466,16.394
1639,14.665,16.592
1640,14.708,16.655
1641,14.716,16.652
1642,14.642,16.559
1643,14.652,16.585
1644,14.611,16.520
1645,14.559,16.472
1646,14.562,16.470
1647,14.517,16.415
1648,14.656,16.579
1649,14.657,16.580
1650,14.695,16.611
1651,14.582,16.481
1652,14.597,16.511
1653,14.528,16.445
1654,14.651,16.564
1655,14.673,16.584
1656,14.664,16.603
1657,14.623,16.555
1658,14.590,16.518
1659,14.560,16.483
1660,14.545,16.466
1661,14.475,16.401
1662,14.457,16.398
1663,14.586,16.517
1664,14.599,16.546
1665,14.677,16.628
1666,14.577,16.507
1667,14.572,16.506
1668,14.618,16.566
1669,14.646,16.578
1670,14.733,16.661
1671,14.832,16.767
1672,14.948,16.888
1673,14.988,16.939
1674,15.058,17.009
1675,15.171,17.135
1676,15.266,17.240
1677,15.316,17.287
1678,15.222,17.202
1679,15.267,17.245
1680,15.311,17.293
1681,15.254,17.225
1682,15.256,17.234
1683,15.255,17.231
1684,15.105,17.050
1685,15.130,17.074
1686,15.150,17.085
1687,15.153,17.075
1688,15.121,17.052
1689,15.158,17.105
1690,15.136,17.078
1691,15.146,17.091
1692,15.145,17.099
1693,15.160,17.099
1694,15.151,17.087
1695,15.152,17.089
1696,15.149,17.110
1697,15.119,17.057
1698,15.099,17.042
1699,15.126,17.076
1700,15.110,17.044
1701,15.150,17.085
1702,15.166,17.104
1703,15.140,17.083
1704,15.162,17.115
1705,15.160,17.101
1706,15.198,17.157
1707,15.172,17.140
1708,15.167,17.118
1709,15.121,17.057
1710,15.159,17.135
1711,15.122,17.058
1712,15.112,17.056
1713,15.129,17.060
1714,15.105,17.052
1715,15.091,17.025
1716,15.117,17.052
1717,15.076,16.989
1718,15.106,17.046
1719,15.077,17.011
1720,15.098,17.029
1721,15.088,17.018
1722,15.034,16.940
1723,14.997,16.923
1724,14.950,16.881
1725,14.887,16.790
1726,14.861,16.758
1727,14.830,16.730
1728,14.829,16.767
1729,14.790,16.706
1730,14.774,16.696
1731,14.707,16.631
1732,14.710,16.642
1733,14.672,16.588
1734,14.646,16.585
1735,14.624,16.535
1736,14.583,16.495
1737,14.582,16.519
1738,14.514,16.414
1739,14.501,16.405
1740,14.491,16.392
1741,14.505,16.432
1742,14.418,16.326
1743,14.361,16.257
1744,14.347,16.246
1745,14.289,16.175
1746,14.293,16.171
1747,14.277,16.146
1748,14.220,16.092
1749,14.229,16.117
1750,14.200,16.090
1751,14.171,16.047
1752,14.160,16.024
1753,14.128,16.001
1754,14.101,15.954
1755,14.064,15.918
1756,14.049,15.911
1757,13.996,15.847
1758,13.994,15.832
1759,13.988,15.829
1760,13.931,15.749
1761,13.915,15.730
1762,13.935,15.765
1763,13.919,15.745
1764,13.894,15.720
1765,14.069,15.897
1766,14.090,15.936
1767,14.101,15.949
1768,14.088,15.934
1769,14.055,15.884
1770,14.062,15.908
1771,14.000,15.817
1772,13.973,15.786
1773,13.967,15.778
1774,13.962,15.753
1775,13.936,15.728
1776,13.974,15.766
1777,13.965,15.758
1778,13.947,15.736
1779,13.969,15.769
1780,14.009,15.809
1781,13.999,15.792
1782,14.013,15.812
1783,14.016,15.818
1784,14.038,15.851
1785,14.021,15.826
1786,14.053,15.869
1787,14.048,15.862
1788,14.033,15.837
1789,14.060,15.865
1790,14.073,15.876
1791,14.103,15.901
1792,14.104,15.901
1793,14.112,15.927
1794,14.154,15.953
1795,14.169,15.975
1796,14.186,15.993
1797,14.205,16.011
1798,14.223,16.030
1799,14.245,16.056
1800,14.283,16.092
1801,14.294,16.117
1802,14.323,16.146
1803,14.324,16.131
1804,14.343,16.167
1805,14.349,16.172
1806,14.391,16.216
1807,14.403,16.232
1808,14.392,16.206
1809,14.401,16.220
1810,14.411,16.226
1811,14.422,16.242
1812,14.434,16.246
1813,14.459,16.274
1814,14.462,16.283
1815,14.460,16.274
1816,14.474,16.286
1817,14.472,16.286
1818,14.471,16.285
1819,14.485,16.294
1820,14.503,16.333
1821,14.499,16.310
1822,14.509,16.330
1823,14.527,16.332
1824,14.543,16.362
1825,14.568,16.389
1826,14.575,16.378
1827,14.553,16.354
1828,14.576,16.381
1829,14.567,16.360
1830,14.582,16.396
1831,14.595,16.396
1832,14.610,16.412
1833,14.596,16.406
1834,14.618,16.406
1835,14.621,16.411
1836,14.589,16.383
1837,14.578,16.365
1838,14.580,16.381
1839,14.561,16.353
1840,14.426,16.221
