0,10.232,14.240
1,10.223,14.205
2,10.223,14.201
3,10.216,14.178
4,10.233,14.243
5,10.231,14.214
6,10.222,14.158
7,10.227,14.225
8,10.229,14.212
9,10.215,14.169
10,10.206,14.163
11,10.203,14.139
12,10.240,14.205
13,10.236,14.194
14,10.248,14.231
15,10.222,14.171
16,10.235,14.198
17,10.226,14.176
18,10.235,14.188
19,10.239,14.195
20,10.249,14.221
21,10.231,14.187
22,10.236,14.196
23,10.217,14.150
24,10.022,13.949
25,10.003,13.977
26,9.993,13.955
27,10.024,14.019
28,10.022,14.018
29,10.014,13.976
30,10.039,14.019
31,10.043,14.033
32,10.018,13.959
33,10.047,14.041
34,10.060,14.076
35,10.035,14.013
36,10.032,13.987
37,10.059,14.060
38,10.082,14.071
39,10.093,14.111
40,10.090,14.104
41,10.086,14.069
42,10.117,14.132
43,10.069,14.038
44,10.087,14.056
45,10.115,14.117
46,10.098,14.094
47,10.071,14.042
48,10.082,14.068
49,10.118,14.106
50,10.120,14.122
51,10.123,14.103
52,10.092,14.064
53,10.110,14.068
54,10.124,14.147
55,10.152,14.165
56,10.159,14.165
57,10.137,14.121
58,10.178,14.208
59,10.193,14.225
60,10.143,14.156
61,10.104,14.118
62,10.053,14.057
63,10.042,14.064
64,10.040,14.087
65,9.976,13.981
66,9.952,13.953
67,9.964,13.995
68,9.977,14.022
69,9.977,14.022
70,9.990,14.049
71,10.001,14.068
72,9.999,14.021
73,9.991,14.039
74,10.006,14.072
75,10.010,14.085
76,10.016,14.052
77,10.050,14.125
78,10.027,14.053
79,10.029,14.083
80,10.052,14.122
81,10.050,14.114
82,10.054,14.108
83,10.059,14.149
84,10.044,14.123
85,10.076,14.156
86,10.062,14.147
87,10.044,14.124
88,10.043,14.152
89,10.027,14.102
90,10.018,14.122
91,9.991,14.102
92,9.966,14.073
93,9.988,14.107
94,9.966,14.091
95,9.939,14.052
96,9.942,14.088
97,9.917,14.059
98,9.931,14.067
99,9.909,14.032
100,9.881,13.983
101,9.880,13.984
102,9.882,14.000
103,9.878,14.015
104,9.871,14.024
105,9.796,13.921
106,9.798,13.974
107,9.792,13.942
108,9.958,14.147
109,10.001,14.203
110,9.983,14.185
111,9.778,13.937
112,9.746,13.917
113,9.712,13.909
114,9.895,14.082
115,9.935,14.107
116,9.976,14.146
117,9.933,14.109
118,9.934,14.088
119,9.914,14.097
120,9.915,14.086
121,9.912,14.066
122,9.891,14.038
123,9.884,14.048
124,9.869,14.027
125,9.927,14.091
126,9.953,14.125
127,9.998,14.175
128,9.987,14.161
129,9.981,14.169
130,9.962,14.112
131,9.987,14.170
132,9.965,14.111
133,9.976,14.142
134,9.973,14.144
135,10.027,14.190
136,10.045,14.201
137,10.071,14.244
138,10.081,14.262
139,10.078,14.200
140,10.076,14.232
141,10.115,14.306
142,10.142,14.315
143,10.151,14.329
144,10.172,14.286
145,10.214,14.345
146,10.587,14.749
147,10.633,14.786
148,10.676,14.804
149,10.690,14.802
150,10.499,14.601
151,10.524,14.632
152,10.461,14.545
153,10.549,14.650
154,10.564,14.656
155,10.558,14.657
156,10.540,14.632
157,10.547,14.632
158,10.593,14.746
159,10.336,14.462
160,10.300,14.401
161,10.230,14.306
162,10.298,14.429
163,10.309,14.442
164,10.300,14.416
165,10.331,14.449
166,10.334,14.422
167,10.314,14.392
168,10.332,14.395
169,10.364,14.471
170,10.391,14.488
171,10.390,14.440
172,10.402,14.465
173,10.400,14.454
174,10.480,14.581
175,10.456,14.517
176,10.439,14.490
177,10.431,14.441
178,10.449,14.492
179,10.493,14.567
180,10.470,14.510
181,10.492,14.546
182,10.510,14.540
183,10.417,14.425
184,10.413,14.418
185,10.441,14.455
186,10.441,14.472
187,10.427,14.445
188,10.501,14.564
189,10.494,14.520
190,10.503,14.529
191,10.526,14.557
192,10.555,14.576
193,10.573,14.614
194,10.557,14.592
195,10.534,14.530
196,10.501,14.520
197,10.486,14.493
198,10.450,14.445
199,10.435,14.430
200,10.419,14.448
201,10.374,14.376
202,10.360,14.382
203,10.339,14.380
204,10.327,14.355
205,10.304,14.345
206,10.318,14.337
207,10.291,14.342
208,10.290,14.318
209,10.297,14.328
210,10.276,14.318
211,10.225,14.260
212,10.209,14.256
213,10.222,14.252
214,10.175,14.207
215,10.154,14.215
216,10.149,14.202
217,10.118,14.175
218,10.095,14.149
219,10.092,14.151
220,10.050,14.100
221,10.027,14.079
222,10.014,14.057
223,10.036,14.130
224,9.976,14.037
225,10.011,14.102
226,9.964,14.004
227,9.953,14.002
228,9.926,13.959
229,9.928,13.976
230,9.895,13.935
231,9.873,13.912
232,9.861,13.906
233,9.827,13.868
234,9.836,13.899
235,9.782,13.823
236,9.771,13.802
237,9.739,13.807
238,9.710,13.806
239,9.642,13.669
240,9.823,13.889
241,9.831,13.849
242,9.867,13.887
243,9.809,13.830
244,9.772,13.774
245,9.779,13.773
246,9.779,13.772
247,9.795,13.833
248,9.774,13.789
249,9.964,13.976
250,9.992,13.974
251,10.050,14.046
252,9.985,13.983
253,9.990,13.972
254,9.970,13.990
255,9.962,13.968
256,9.957,13.963
257,9.907,13.898
258,9.935,13.938
259,9.931,13.947
260,9.978,14.028
261,9.982,14.010
262,9.958,13.986
263,9.980,13.991
264,9.999,14.049
265,10.038,14.107
266,10.062,14.179
267,10.032,14.123
268,10.043,14.147
269,10.039,14.141
270,9.999,14.048
271,9.996,14.103
272,9.918,14.025
273,10.069,14.196
274,10.024,14.139
275,9.975,14.071
276,10.056,14.167
277,10.147,14.295
278,10.255,14.412
279,10.229,14.368
280,10.324,14.485
281,10.418,14.545
282,10.521,14.643
283,10.658,14.796
284,10.763,14.972
285,10.868,15.067
286,10.941,15.100
287,11.066,15.228
288,10.893,15.025
289,10.943,15.091
290,10.938,15.079
291,10.888,14.996
292,10.886,15.012
293,10.840,14.957
294,10.748,14.839
295,10.774,14.907
296,10.781,14.897
297,10.821,14.938
298,10.837,14.959
299,10.843,14.957
300,10.875,15.015
301,10.882,15.012
302,10.875,14.979
303,10.912,15.046
304,10.937,15.076
305,10.937,15.086
306,10.921,15.030
307,10.938,15.062
308,10.983,15.115
309,10.968,15.108
310,11.004,15.148
311,10.970,15.083
312,10.961,15.015
313,11.008,15.116
314,10.998,15.097
315,11.014,15.104
316,10.984,14.973
317,11.044,15.062
318,11.038,15.058
319,11.051,15.038
320,11.120,15.164
321,11.091,15.101
322,11.091,15.074
323,11.113,15.107
324,11.124,15.118
325,11.118,15.072
326,11.111,15.062
327,11.144,15.112
328,11.131,15.056
329,11.156,15.128
330,11.170,15.144
331,11.179,15.135
332,11.232,15.222
333,11.245,15.233
334,11.311,15.301
335,11.346,15.318
336,11.292,15.241
337,11.315,15.272
338,11.302,15.277
339,11.258,15.211
340,11.198,15.089
341,11.210,15.118
342,11.171,15.067
343,11.118,14.995
344,11.128,14.998
345,11.085,14.920
346,11.069,14.892
347,11.093,14.961
348,11.050,14.884
349,11.019,14.828
350,11.033,14.834
351,11.020,14.798
352,11.010,14.820
353,11.018,14.784
354,11.027,14.831
355,11.028,14.810
356,11.004,14.757
357,11.025,14.777
358,11.008,14.755
359,11.026,14.792
360,11.011,14.796
361,10.990,14.760
362,10.983,14.748
363,10.956,14.735
364,10.928,14.677
365,10.918,14.704
366,10.918,14.695
367,10.879,14.661
368,10.806,14.607
369,10.786,14.611
370,10.772,14.587
371,10.771,14.623
372,10.701,14.543
373,10.655,14.445
374,10.675,14.497
375,10.688,14.501
376,10.634,14.443
377,10.587,14.367
378,10.547,14.349
379,10.516,14.363
380,10.459,14.302
381,10.398,14.213
382,10.407,14.236
383,10.394,14.217
384,10.382,14.216
385,10.392,14.246
386,10.375,14.204
387,10.332,14.150
388,10.349,14.200
389,10.353,14.203
390,10.359,14.234
391,10.333,14.178
392,10.376,14.290
393,10.401,14.313
394,10.391,14.309
395,10.389,14.285
396,10.425,14.353
397,10.397,14.327
398,10.390,14.327
399,10.346,14.289
400,10.327,14.313
401,10.293,14.244
402,10.265,14.218
403,10.173,14.120
404,10.120,14.093
405,10.064,14.032
406,9.951,13.865
407,9.913,13.875
408,9.872,13.831
409,9.838,13.784
410,9.813,13.809
411,9.807,13.779
412,9.767,13.728
413,9.735,13.718
414,9.686,13.677
415,9.673,13.666
416,9.628,13.605
417,9.765,13.720
418,9.841,13.824
419,9.843,13.812
420,9.741,13.709
421,9.710,13.667
422,9.643,13.614
423,9.818,13.787
424,9.794,13.726
425,9.849,13.805
426,9.805,13.764
427,9.806,13.780
428,9.788,13.721
429,9.800,13.745
430,9.778,13.731
431,9.759,13.675
432,9.772,13.708
433,9.792,13.742
434,9.776,13.711
435,9.778,13.707
436,9.771,13.693
437,9.793,13.744
438,9.757,13.677
439,9.734,13.660
440,9.773,13.726
441,9.774,13.730
442,9.751,13.648
443,9.747,13.683
444,9.737,13.680
445,9.779,13.750
446,9.757,13.725
447,9.950,13.888
448,10.001,13.916
449,10.065,14.001
450,9.999,13.939
451,10.013,13.942
452,10.021,13.943
453,10.103,14.064
454,10.157,14.098
455,10.313,14.244
456,10.399,14.339
457,10.523,14.466
458,10.607,14.531
459,10.688,14.638
460,10.766,14.727
461,10.813,14.721
462,10.892,14.821
463,10.955,14.921
464,11.038,15.014
465,10.817,14.759
466,10.809,14.746
467,10.786,14.742
468,10.746,14.682
469,10.728,14.631
470,10.705,14.630
471,10.652,14.544
472,10.617,14.499
473,10.740,14.642
474,10.773,14.700
475,10.778,14.703
476,10.748,14.636
477,10.801,14.730
478,10.769,14.650
479,10.782,14.694
480,10.773,14.709
481,10.740,14.639
482,10.761,14.720
483,10.706,14.633
484,10.718,14.689
485,10.659,14.619
486,10.607,14.515
487,10.605,14.531
488,10.558,14.470
489,10.552,14.477
490,10.527,14.509
491,10.521,14.497
492,10.444,14.404
493,10.430,14.418
494,10.419,14.421
495,10.362,14.329
496,10.358,14.292
497,10.336,14.292
498,10.301,14.259
499,10.297,14.232
500,10.287,14.238
501,10.244,14.184
502,10.210,14.104
503,10.230,14.172
504,10.216,14.183
505,10.203,14.104
506,10.277,14.234
507,10.311,14.256
508,10.346,14.243
509,10.374,14.303
510,10.411,14.329
511,10.456,14.421
512,10.426,14.353
513,10.464,14.400
514,10.479,14.430
515,10.472,14.404
516,10.469,14.438
517,10.437,14.383
518,10.442,14.422
519,10.434,14.469
520,10.412,14.466
521,10.368,14.406
522,10.375,14.406
523,10.352,14.382
524,10.361,14.396
525,10.392,14.465
526,10.412,14.499
527,10.433,14.503
528,10.451,14.525
529,10.498,14.556
530,10.512,14.605
531,10.470,14.558
532,10.496,14.621
533,10.470,14.593
534,10.470,14.590
535,10.458,14.574
536,10.506,14.673
537,10.439,14.548
538,10.482,14.683
539,10.429,14.581
540,10.446,14.641
541,10.432,14.594
542,10.411,14.585
543,10.431,14.575
544,10.428,14.593
545,10.437,14.596
546,10.455,14.627
547,10.468,14.660
548,10.445,14.635
549,10.478,14.659
550,10.406,14.563
551,10.391,14.552
552,10.377,14.562
553,10.365,14.574
554,10.329,14.535
555,10.315,14.507
556,10.315,14.512
557,10.309,14.539
558,10.263,14.469
559,10.282,14.501
560,10.277,14.493
561,10.243,14.484
562,10.258,14.487
563,10.188,14.394
564,10.221,14.465
565,10.211,14.463
566,10.136,14.360
567,10.150,14.390
568,10.108,14.338
569,10.078,14.312
570,10.058,14.288
571,9.995,14.188
572,10.006,14.222
573,9.982,14.192
574,9.989,14.217
575,9.926,14.068
576,9.849,14.018
577,9.846,14.044
578,9.818,14.014
579,9.746,13.915
580,9.699,13.858
581,9.637,13.748
582,9.649,13.828
583,9.619,13.772
584,9.604,13.732
585,9.555,13.651
586,9.554,13.673
587,9.502,13.601
588,9.502,13.648
589,9.429,13.533
590,9.434,13.558
591,9.382,13.499
592,9.326,13.455
593,9.304,13.411
594,9.309,13.433
595,9.252,13.343
596,9.207,13.274
597,9.379,13.453
598,9.402,13.471
599,9.405,13.448
600,9.338,13.386
601,9.339,13.389
602,9.299,13.353
603,9.265,13.314
604,9.221,13.279
605,9.205,13.242
606,9.370,13.386
607,9.371,13.357
608,9.411,13.410
609,9.348,13.286
610,9.350,13.317
611,9.337,13.270
612,9.339,13.300
613,9.334,13.312
614,9.318,13.284
615,9.297,13.263
616,9.265,13.194
617,9.264,13.230
618,9.375,13.319
619,9.401,13.339
620,9.425,13.338
621,9.385,13.302
622,9.360,13.273
623,9.348,13.256
624,9.373,13.260
625,9.342,13.259
626,9.376,13.307
627,9.344,13.231
628,9.380,13.312
629,9.382,13.248
630,9.465,13.315
631,9.518,13.347
632,9.580,13.401
633,9.664,13.447
634,9.750,13.551
635,9.869,13.641
636,9.885,13.636
637,9.936,13.684
638,10.022,13.776
639,9.904,13.667
640,9.869,13.624
641,9.868,13.616
642,9.883,13.601
643,9.877,13.584
644,9.884,13.599
645,9.890,13.637
646,9.878,13.622
647,9.859,13.588
648,9.881,13.610
649,9.850,13.584
650,9.850,13.607
651,9.838,13.571
652,9.837,13.571
653,9.858,13.598
654,9.863,13.614
655,9.858,13.594
656,9.861,13.586
657,9.840,13.555
658,9.838,13.537
659,9.855,13.577
660,9.816,13.507
661,9.844,13.564
662,9.852,13.556
663,9.825,13.536
664,9.823,13.514
665,9.840,13.557
666,9.846,13.556
667,9.842,13.525
668,9.885,13.627
669,9.893,13.641
670,9.896,13.642
671,9.922,13.665
672,9.943,13.691
673,9.940,13.680
674,9.976,13.750
675,9.945,13.675
676,10.006,13.773
677,10.005,13.744
678,10.030,13.823
679,10.013,13.772
680,10.039,13.797
681,10.097,13.891
682,10.114,13.899
683,10.128,13.903
684,10.155,13.959
685,10.208,14.027
686,10.194,13.972
687,10.193,13.961
688,10.234,14.012
689,10.268,14.071
690,10.255,14.034
691,10.285,14.071
692,10.305,14.102
693,10.303,14.061
694,10.362,14.177
695,10.334,14.135
696,10.342,14.145
697,10.393,14.218
698,10.387,14.198
699,10.425,14.265
700,10.421,14.240
701,10.425,14.268
702,10.449,14.334
703,10.431,14.314
704,10.420,14.267
705,10.370,14.181
706,10.381,14.219
707,10.338,14.150
708,10.272,14.063
709,10.256,14.055
710,10.241,14.083
711,10.203,14.058
712,10.150,13.995
713,10.128,13.961
714,10.082,13.936
715,10.074,13.914
716,10.061,13.930
717,10.061,13.938
718,10.046,13.947
719,10.033,13.919
720,10.009,13.891
721,10.017,13.924
722,9.996,13.920
723,9.935,13.842
724,9.904,13.833
725,9.878,13.804
726,9.830,13.725
727,9.783,13.688
728,9.752,13.665
729,9.712,13.623
730,9.713,13.645
731,9.680,13.609
732,9.612,13.514
733,9.613,13.541
734,9.580,13.499
735,9.548,13.483
736,9.517,13.491
737,9.488,13.456
738,9.495,13.477
739,9.458,13.432
740,9.431,13.406
741,9.429,13.409
742,9.424,13.402
743,9.413,13.413
744,9.351,13.331
745,9.376,13.381
746,9.368,13.404
747,9.335,13.350
748,9.304,13.324
749,9.301,13.328
750,9.285,13.303
751,9.277,13.296
752,9.264,13.287
753,9.270,13.288
754,9.250,13.271
755,9.255,13.280
756,9.457,13.455
757,9.552,13.602
758,9.552,13.576
759,9.506,13.527
760,9.500,13.523
761,9.504,13.545
762,9.506,13.542
763,9.515,13.541
764,9.518,13.560
765,9.529,13.590
766,9.555,13.649
767,9.537,13.591
768,9.549,13.590
769,9.550,13.592
770,9.538,13.563
771,9.569,13.606
772,9.565,13.614
773,9.579,13.620
774,9.540,13.556
775,9.515,13.518
776,9.487,13.487
777,9.496,13.509
778,9.540,13.573
779,9.505,13.513
780,9.479,13.467
781,9.500,13.515
782,9.491,13.498
783,9.436,13.430
784,9.435,13.419
785,9.420,13.391
786,9.399,13.393
787,9.378,13.347
788,9.372,13.364
789,9.363,13.350
790,9.327,13.298
791,9.325,13.293
792,9.355,13.372
793,9.375,13.405
794,9.360,13.358
795,9.356,13.343
796,9.367,13.379
797,9.351,13.315
798,9.338,13.310
799,9.346,13.333
800,9.343,13.329
801,9.355,13.349
802,9.344,13.352
803,9.352,13.349
804,9.364,13.383
805,9.342,13.337
806,9.351,13.370
807,9.346,13.326
808,9.348,13.321
809,9.354,13.351
810,9.360,13.376
811,9.354,13.348
812,9.342,13.316
813,9.546,13.535
814,9.596,13.549
815,9.668,13.629
816,9.660,13.652
817,9.668,13.655
818,9.659,13.657
819,9.656,13.642
820,9.650,13.633
821,9.621,13.588
822,9.616,13.561
823,9.646,13.646
824,9.635,13.589
825,9.632,13.619
826,9.609,13.561
827,9.590,13.551
828,9.558,13.481
829,9.582,13.556
830,9.535,13.472
831,9.585,13.553
832,9.610,13.570
833,9.610,13.559
834,9.652,13.585
835,9.670,13.595
836,9.738,13.706
837,9.761,13.696
838,9.776,13.703
839,9.783,13.687
840,9.820,13.749
841,9.825,13.708
842,9.871,13.733
843,9.891,13.755
844,9.928,13.803
845,9.941,13.809
846,9.946,13.789
847,9.930,13.755
848,9.979,13.803
849,10.006,13.853
850,10.024,13.857
851,10.069,13.921
852,10.084,13.932
853,10.093,13.918
854,10.156,14.013
855,9.992,13.808
856,9.979,13.807
857,9.932,13.744
858,10.001,13.806
859,10.003,13.818
860,10.014,13.815
861,10.041,13.845
862,10.046,13.843
863,10.048,13.829
864,9.923,13.737
865,9.861,13.656
866,9.861,13.676
867,9.891,13.719
868,9.877,13.700
869,9.892,13.732
870,9.906,13.750
871,9.898,13.722
872,9.868,13.667
873,9.865,13.687
874,9.866,13.704
875,9.860,13.659
876,9.860,13.684
877,9.877,13.716
878,9.855,13.670
879,9.888,13.730
880,9.867,13.711
881,9.884,13.742
882,9.875,13.758
883,9.833,13.639
884,9.828,13.656
885,9.826,13.638
886,9.821,13.672
887,9.796,13.622
888,9.807,13.659
889,9.799,13.639
890,9.790,13.645
891,9.727,13.547
892,9.717,13.544
893,9.682,13.483
894,9.706,13.538
895,9.686,13.500
896,9.684,13.516
897,9.654,13.499
898,9.624,13.436
899,9.626,13.469
900,9.768,13.605
901,9.776,13.578
902,9.874,13.696
903,9.825,13.680
904,9.786,13.614
905,9.821,13.669
906,9.803,13.668
907,9.803,13.679
908,9.782,13.634
909,9.772,13.639
910,9.760,13.644
911,9.749,13.608
912,9.737,13.606
913,9.767,13.670
914,9.747,13.657
915,9.721,13.603
916,9.715,13.597
917,9.720,13.617
918,9.703,13.583
919,9.685,13.560
920,9.697,13.582
921,9.714,13.600
922,9.718,13.575
923,9.681,13.530
924,9.710,13.577
925,9.761,13.636
926,9.741,13.630
927,9.737,13.615
928,9.755,13.659
929,9.728,13.578
930,9.770,13.628
931,9.768,13.655
932,9.787,13.660
933,9.823,13.718
934,9.855,13.731
935,9.868,13.695
936,9.909,13.795
937,9.922,13.764
938,9.951,13.788
939,9.945,13.786
940,9.973,13.800
941,10.001,13.810
942,10.020,13.851
943,10.044,13.859
944,10.055,13.875
945,10.041,13.846
946,10.087,13.889
947,10.126,13.947
948,10.138,13.962
949,10.128,13.936
950,10.148,13.965
951,10.152,13.971
952,10.151,13.943
953,10.154,13.995
954,10.174,13.995
955,10.181,14.064
956,10.144,13.999
957,10.098,13.940
958,10.095,13.914
959,10.097,13.920
960,10.051,13.858
961,10.039,13.883
962,10.011,13.855
963,9.998,13.854
964,9.996,13.842
965,9.948,13.763
966,9.972,13.842
967,9.962,13.843
968,9.957,13.819
969,9.996,13.886
970,9.988,13.902
971,9.974,13.846
972,9.993,13.895
973,9.970,13.829
974,9.984,13.893
975,9.973,13.869
976,10.004,13.969
977,10.023,13.981
978,10.022,13.975
979,10.010,13.944
980,10.047,13.997
981,10.044,13.972
982,10.034,13.944
983,10.093,14.048
984,10.079,14.013
985,10.051,13.943
986,10.084,14.021
987,10.070,13.981
988,10.079,14.011
989,10.118,14.087
990,10.088,14.030
991,10.097,14.031
992,10.097,14.002
993,10.097,13.996
994,10.123,14.016
995,10.106,13.991
996,10.133,14.011
997,10.103,13.958
998,10.134,14.041
999,10.144,14.048
1000,10.118,14.003
1001,10.146,14.054
1002,10.162,14.053
1003,10.159,14.055
1004,10.119,13.963
1005,10.142,14.022
1006,10.167,14.025
1007,10.152,14.022
1008,10.148,14.018
1009,10.173,14.040
1010,10.200,14.060
1011,10.157,13.990
1012,10.206,14.057
1013,10.191,14.035
1014,10.048,13.883
1015,10.022,13.836
1016,10.016,13.848
1017,10.060,13.863
1018,10.096,13.931
1019,10.084,13.899
1020,10.071,13.889
1021,10.038,13.816
1022,10.039,13.817
1023,10.016,13.790
1024,10.038,13.825
1025,10.000,13.775
1026,9.978,13.754
1027,9.993,13.816
1028,9.981,13.767
1029,9.925,13.698
1030,9.927,13.720
1031,9.915,13.697
1032,9.894,13.652
1033,9.866,13.626
1034,9.852,13.607
1035,9.815,13.602
1036,9.810,13.577
1037,9.808,13.581
1038,9.770,13.520
1039,9.714,13.428
1040,9.716,13.451
1041,9.699,13.435
1042,9.678,13.426
1043,9.689,13.427
1044,9.667,13.383
1045,9.652,13.385
1046,9.662,13.409
1047,9.616,13.338
1048,9.578,13.298
1049,9.530,13.217
1050,9.551,13.260
1051,9.518,13.231
1052,9.513,13.222
1053,9.500,13.190
1054,9.491,13.207
1055,9.501,13.240
1056,9.499,13.223
1057,9.533,13.317
1058,9.541,13.330
1059,9.533,13.300
1060,9.516,13.261
1061,9.539,13.293
1062,9.536,13.306
1063,9.519,13.263
1064,9.501,13.257
1065,9.539,13.315
1066,9.524,13.259
1067,9.521,13.263
1068,9.543,13.299
1069,9.548,13.307
1070,9.533,13.277
1071,9.559,13.325
1072,9.559,13.345
1073,9.571,13.378
1074,9.543,13.315
1075,9.537,13.315
1076,9.532,13.269
1077,9.516,13.262
1078,9.525,13.268
1079,9.538,13.294
1080,9.562,13.349
1081,9.563,13.355
1082,9.546,13.317
1083,9.553,13.333
1084,9.539,13.306
1085,9.521,13.289
1086,9.512,13.282
1087,9.523,13.278
1088,9.511,13.255
1089,9.495,13.260
1090,9.498,13.246
1091,9.505,13.253
1092,9.507,13.259
1093,9.489,13.239
1094,9.488,13.233
1095,9.483,13.241
1096,9.484,13.246
1097,9.469,13.213
1098,9.475,13.260
1099,9.459,13.227
1100,9.471,13.235
1101,9.490,13.255
1102,9.496,13.254
1103,9.470,13.258
1104,9.482,13.276
1105,9.437,13.201
1106,9.460,13.246
1107,9.466,13.257
1108,9.436,13.190
1109,9.434,13.215
1110,9.437,13.189
1111,9.428,13.203
1112,9.428,13.203
1113,9.400,13.149
1114,9.424,13.187
1115,9.417,13.200
1116,9.431,13.181
1117,9.458,13.245
1118,9.437,13.180
1119,9.451,13.226
1120,9.458,13.231
1121,9.456,13.223
1122,9.468,13.214
1123,9.483,13.244
1124,9.485,13.214
1125,9.516,13.294
1126,9.543,13.282
1127,9.593,13.383
1128,9.604,13.363
1129,9.641,13.417
1130,9.671,13.435
1131,9.705,13.479
1132,9.782,13.590
1133,9.814,13.646
1134,9.818,13.628
1135,9.864,13.666
1136,9.888,13.672
1137,9.860,13.657
1138,9.884,13.684
1139,9.928,13.742
1140,9.987,13.823
1141,10.002,13.839
1142,10.005,13.850
1143,9.983,13.826
1144,9.965,13.826
1145,9.933,13.797
1146,9.874,13.725
1147,9.853,13.743
1148,9.802,13.691
1149,9.796,13.697
1150,9.737,13.665
1151,9.698,13.608
1152,9.693,13.629
1153,9.647,13.582
1154,9.623,13.572
1155,9.605,13.554
1156,9.562,13.512
1157,9.570,13.540
1158,9.563,13.515
1159,9.554,13.517
1160,9.560,13.524
1161,9.516,13.482
1162,9.521,13.477
1163,9.512,13.493
1164,9.525,13.527
1165,9.501,13.462
1166,9.509,13.488
1167,9.501,13.498
1168,9.494,13.455
1169,9.472,13.424
1170,9.439,13.370
1171,9.451,13.413
1172,9.431,13.383
1173,9.432,13.384
1174,9.420,13.385
1175,9.410,13.337
1176,9.417,13.379
1177,9.404,13.362
1178,9.394,13.353
1179,9.385,13.337
1180,9.379,13.339
1181,9.366,13.347
1182,9.391,13.374
1183,9.385,13.369
1184,9.378,13.383
1185,9.359,13.352
1186,9.352,13.347
1187,9.343,13.339
1188,9.330,13.346
1189,9.340,13.321
1190,9.320,13.306
1191,9.327,13.302
1192,9.311,13.277
1193,9.284,13.275
1194,9.464,13.430
1195,9.511,13.528
1196,9.522,13.534
1197,9.483,13.489
1198,9.458,13.467
1199,9.402,13.372
1200,9.423,13.423
1201,9.436,13.466
1202,9.417,13.444
1203,9.609,13.653
1204,9.652,13.691
1205,9.672,13.681
1206,9.644,13.680
1207,9.646,13.705
1208,9.627,13.647
1209,9.594,13.599
1210,9.587,13.617
1211,9.587,13.635
1212,9.777,13.824
1213,9.778,13.820
1214,9.806,13.823
1215,9.815,13.873
1216,9.797,13.847
1217,9.826,13.920
1218,9.806,13.855
1219,9.806,13.853
1220,9.802,13.818
1221,9.812,13.836
1222,9.839,13.858
1223,9.859,13.890
1224,9.900,13.956
1225,9.963,13.994
1226,10.093,14.173
1227,10.185,14.263
1228,10.293,14.348
1229,10.388,14.441
1230,10.494,14.556
1231,10.612,14.673
1232,10.713,14.768
1233,10.607,14.687
1234,10.663,14.771
1235,10.644,14.705
1236,10.559,14.581
1237,10.577,14.652
1238,10.639,14.716
1239,10.626,14.710
1240,10.650,14.748
1241,10.686,14.771
1242,10.686,14.743
1243,10.689,14.764
1244,10.735,14.860
1245,10.707,14.799
1246,10.694,14.804
1247,10.666,14.756
1248,10.679,14.760
1249,10.693,14.791
1250,10.692,14.831
1251,10.645,14.751
1252,10.625,14.765
1253,10.579,14.686
1254,10.544,14.667
1255,10.521,14.659
1256,10.457,14.614
1257,10.392,14.497
1258,10.360,14.486
1259,10.300,14.419
1260,10.253,14.392
1261,10.225,14.357
1262,10.190,14.357
1263,10.141,14.308
1264,10.125,14.334
1265,10.060,14.236
1266,9.996,14.157
1267,9.953,14.100
1268,9.884,14.019
1269,9.856,13.988
1270,9.813,13.974
1271,9.799,13.956
1272,9.736,13.856
1273,9.720,13.865
1274,9.697,13.844
1275,9.638,13.766
1276,9.599,13.725
1277,9.593,13.739
1278,9.758,13.876
1279,9.751,13.849
1280,9.769,13.908
1281,9.900,14.076
1282,9.880,14.002
1283,9.907,14.047
1284,9.839,14.010
1285,9.772,13.899
1286,9.747,13.879
1287,9.716,13.885
1288,9.676,13.839
1289,9.637,13.787
1290,9.591,13.723
1291,9.540,13.647
1292,9.545,13.687
1293,9.503,13.653
1294,9.499,13.665
1295,9.452,13.583
1296,9.628,13.771
1297,9.625,13.760
1298,9.657,13.766
1299,9.603,13.739
1300,9.611,13.756
1301,9.579,13.706
1302,9.617,13.746
1303,9.692,13.828
1304,9.758,13.909
1305,9.831,13.955
1306,9.898,14.049
1307,9.932,14.049
1308,9.956,14.051
1309,10.010,14.125
1310,10.069,14.192
1311,10.118,14.250
1312,10.206,14.331
1313,10.245,14.401
1314,10.188,14.324
1315,10.130,14.265
1316,10.150,14.301
1317,10.058,14.162
1318,10.073,14.210
1319,10.027,14.137
1320,10.088,14.223
1321,10.087,14.184
1322,10.125,14.229
1323,9.992,14.068
1324,9.991,14.085
1325,9.993,14.107
1326,10.066,14.172
1327,10.104,14.227
1328,10.141,14.229
1329,10.194,14.256
1330,10.244,14.283
1331,10.350,14.402
1332,10.324,14.342
1333,10.410,14.455
1334,10.497,14.533
1335,10.550,14.593
1336,10.609,14.633
1337,10.672,14.705
1338,10.741,14.796
1339,10.752,14.766
1340,10.819,14.816
1341,10.882,14.899
1342,10.908,14.946
1343,10.860,14.847
1344,10.814,14.822
1345,10.802,14.797
1346,10.770,14.763
1347,10.757,14.738
1348,10.704,14.685
1349,10.704,14.696
1350,10.658,14.614
1351,10.598,14.539
1352,10.569,14.507
1353,10.526,14.468
1354,10.492,14.445
1355,10.399,14.316
1356,10.351,14.280
1357,10.269,14.201
1358,10.189,14.129
1359,10.079,14.011
1360,10.000,13.912
1361,9.956,13.919
1362,9.906,13.913
1363,9.798,13.790
1364,9.655,13.610
1365,9.551,13.538
1366,9.463,13.468
1367,9.370,13.367
1368,9.266,13.272
1369,9.160,13.147
1370,9.102,13.121
1371,9.268,13.298
1372,9.264,13.282
1373,9.249,13.256
1374,9.448,13.495
1375,9.511,13.552
1376,9.584,13.635
1377,9.500,13.528
1378,9.505,13.563
1379,9.472,13.501
1380,9.496,13.543
1381,9.473,13.518
1382,9.473,13.520
1383,9.495,13.553
1384,9.477,13.528
1385,9.484,13.532
1386,9.677,13.760
1387,9.703,13.788
1388,9.736,13.797
1389,9.701,13.790
1390,9.697,13.763
1391,9.686,13.754
1392,9.713,13.792
1393,9.744,13.800
1394,9.825,13.883
1395,9.916,14.006
1396,9.961,14.001
1397,10.066,14.121
1398,10.158,14.219
1399,10.195,14.224
1400,10.264,14.297
1401,10.343,14.369
1402,10.396,14.390
1403,10.468,14.503
1404,10.380,14.375
1405,10.421,14.445
1406,10.414,14.415
1407,10.402,14.417
1408,10.389,14.435
1409,10.369,14.419
1410,10.289,14.331
1411,10.247,14.277
1412,10.232,14.241
1413,10.267,14.315
1414,10.242,14.245
1415,10.266,14.292
1416,10.269,14.302
1417,10.255,14.239
1418,10.248,14.254
1419,10.250,14.262
1420,10.266,14.298
1421,10.261,14.278
1422,10.277,14.331
1423,10.252,14.280
1424,10.258,14.297
1425,10.241,14.259
1426,10.230,14.236
1427,10.235,14.233
1428,10.223,14.231
1429,10.204,14.206
1430,10.214,14.245
1431,10.198,14.200
1432,10.201,14.218
1433,10.184,14.201
1434,10.185,14.213
1435,10.146,14.155
1436,10.170,14.203
1437,10.154,14.182
1438,10.157,14.174
1439,10.123,14.133
1440,10.113,14.124
1441,10.138,14.165
1442,10.118,14.135
1443,10.102,14.142
1444,10.090,14.098
1445,10.074,14.087
1446,10.053,14.085
1447,10.078,14.109
1448,10.047,14.081
1449,10.024,14.037
1450,10.032,14.050
1451,10.012,14.033
1452,10.015,14.056
1453,9.995,14.050
1454,9.985,14.027
1455,9.938,13.952
1456,9.949,14.005
1457,9.922,13.972
1458,9.898,13.947
1459,9.831,13.845
1460,9.835,13.854
1461,9.811,13.869
1462,9.768,13.786
1463,9.742,13.771
1464,9.719,13.743
1465,9.716,13.749
1466,9.673,13.684
1467,9.637,13.649
1468,9.620,13.630
1469,9.570,13.594
1470,9.721,13.775
1471,9.687,13.701
1472,9.686,13.686
1473,9.651,13.681
1474,9.543,13.526
1475,9.540,13.581
1476,9.490,13.525
1477,9.457,13.525
1478,9.388,13.439
1479,9.497,13.522
1480,9.507,13.569
1481,9.486,13.532
1482,9.415,13.485
1483,9.347,13.385
1484,9.328,13.349
1485,9.428,13.443
1486,9.451,13.483
1487,9.439,13.474
1488,9.388,13.439
1489,9.384,13.473
1490,9.264,13.287
1491,9.263,13.313
1492,9.265,13.357
1493,9.239,13.303
1494,9.385,13.461
1495,9.366,13.419
1496,9.396,13.442
1497,9.380,13.474
1498,9.369,13.452
1499,9.407,13.470
1500,9.510,13.580
1501,9.583,13.637
1502,9.664,13.743
1503,9.801,13.857
1504,9.884,13.968
1505,9.971,14.013
1506,10.053,14.105
1507,10.141,14.167
1508,10.262,14.290
1509,10.258,14.274
1510,10.318,14.342
1511,10.365,14.368
1512,10.343,14.385
1513,10.390,14.407
1514,10.422,14.420
1515,10.441,14.461
1516,10.455,14.470
1517,10.485,14.535
1518,10.500,14.544
1519,10.531,14.589
1520,10.590,14.660
1521,10.647,14.714
1522,10.674,14.691
1523,10.743,14.760
1524,10.783,14.789
1525,10.780,14.765
1526,10.749,14.729
1527,10.749,14.706
1528,10.752,14.688
1529,10.733,14.657
1530,10.712,14.634
1531,10.711,14.645
1532,10.667,14.620
1533,10.661,14.566
1534,10.666,14.571
1535,10.664,14.562
1536,10.662,14.576
1537,10.658,14.556
1538,10.666,14.558
1539,10.616,14.501
1540,10.526,14.454
1541,10.406,14.345
1542,10.273,14.240
1543,10.197,14.175
1544,10.125,14.099
1545,10.085,14.055
1546,10.085,14.059
1547,10.065,14.031
1548,10.049,14.023
1549,10.042,13.987
1550,9.989,13.951
1551,10.006,13.978
1552,10.002,13.921
1553,10.045,13.938
1554,10.068,13.976
1555,10.059,13.948
1556,10.060,13.959
1557,10.059,13.956
1558,10.064,13.953
1559,10.051,13.934
1560,10.050,13.911
1561,10.048,13.907
1562,10.072,13.945
1563,10.083,13.945
1564,10.033,13.898
1565,10.047,13.934
1566,10.006,13.877
1567,9.999,13.851
1568,9.986,13.840
1569,9.989,13.846
1570,10.039,13.895
1571,10.076,13.969
1572,10.084,13.941
1573,10.072,13.915
1574,10.128,14.020
1575,10.124,13.974
1576,10.164,14.012
1577,10.149,13.976
1578,10.194,14.039
1579,10.235,14.081
1580,10.281,14.129
1581,10.324,14.150
1582,10.401,14.240
1583,10.451,14.306
1584,10.496,14.340
1585,10.532,14.347
1586,10.624,14.479
1587,10.667,14.508
1588,10.756,14.599
1589,10.855,14.727
1590,10.878,14.691
1591,10.947,14.782
1592,10.954,14.780
1593,11.002,14.802
1594,10.996,14.806
1595,10.964,14.721
1596,10.991,14.772
1597,10.988,14.733
1598,10.984,14.738
1599,10.941,14.686
1600,10.962,14.721
1601,10.883,14.595
1602,10.844,14.555
1603,10.816,14.518
1604,10.755,14.441
1605,10.723,14.407
1606,10.661,14.334
1607,10.566,14.218
1608,10.491,14.120
1609,10.296,13.874
1610,10.142,13.724
1611,9.961,13.504
1612,9.824,13.357
1613,9.745,13.259
1614,9.808,13.348
1615,9.968,13.538
1616,9.962,13.547
1617,9.936,13.468
1618,9.908,13.455
1619,9.852,13.382
1620,9.846,13.392
1621,9.807,13.313
1622,9.745,13.247
1623,9.717,13.251
1624,9.668,13.178
1625,9.635,13.200
1626,9.618,13.164
1627,9.561,13.086
1628,9.535,13.086
1629,9.491,13.045
1630,9.460,12.976
1631,9.468,13.013
1632,9.420,12.937
1633,9.386,12.891
1634,9.413,12.969
1635,9.384,12.889
1636,9.349,12.858
1637,9.352,12.870
1638,9.345,12.866
1639,9.342,12.839
1640,9.355,12.874
1641,9.347,12.866
1642,9.336,12.862
1643,9.369,12.927
1644,9.369,12.947
1645,9.328,12.908
1646,9.238,12.749
1647,9.208,12.740
1648,9.188,12.710
1649,9.150,12.654
1650,9.149,12.665
1651,9.116,12.609
1652,9.140,12.637
1653,9.134,12.644
1654,9.173,12.693
1655,9.144,12.640
1656,9.170,12.652
1657,9.173,12.695
1658,9.125,12.630
1659,9.156,12.676
1660,9.119,12.629
1661,9.113,12.624
1662,9.086,12.566
1663,9.053,12.517
1664,9.065,12.547
1665,9.039,12.497
1666,9.063,12.568
1667,9.064,12.577
1668,9.064,12.570
1669,9.012,12.482
1670,9.027,12.534
1671,8.983,12.489
1672,8.986,12.527
1673,8.965,12.493
1674,8.968,12.485
1675,8.950,12.482
1676,8.939,12.472
1677,9.030,12.509
1678,9.058,12.557
1679,9.067,12.539
1680,9.065,12.572
1681,9.011,12.496
1682,9.008,12.497
1683,8.984,12.474
1684,8.988,12.473
1685,8.991,12.474
1686,8.973,12.436
1687,8.982,12.448
1688,9.027,12.527
1689,9.005,12.485
1690,9.036,12.503
1691,9.035,12.508
1692,9.047,12.487
1693,9.028,12.485
1694,9.048,12.493
1695,9.046,12.485
1696,9.085,12.541
1697,9.086,12.511
1698,9.119,12.568
1699,9.126,12.585
1700,9.161,12.617
1701,9.148,12.601
1702,9.158,12.591
1703,9.189,12.621
1704,9.163,12.587
1705,9.159,12.575
1706,9.184,12.623
1707,9.154,12.535
1708,9.183,12.599
1709,9.187,12.587
1710,9.201,12.581
1711,9.239,12.636
1712,9.210,12.578
1713,9.242,12.622
1714,9.248,12.635
1715,9.296,12.682
1716,9.292,12.679
1717,9.270,12.642
1718,9.291,12.663
1719,9.295,12.670
1720,9.319,12.703
1721,9.273,12.628
1722,9.260,12.601
1723,9.302,12.666
1724,9.314,12.673
1725,9.328,12.688
1726,9.357,12.763
1727,9.318,12.690
1728,9.344,12.723
1729,9.330,12.712
1730,9.340,12.736
1731,9.331,12.741
1732,9.326,12.711
1733,9.326,12.703
1734,9.342,12.707
1735,9.333,12.711
1736,9.350,12.720
1737,9.333,12.708
1738,9.338,12.693
1739,9.313,12.664
1740,9.343,12.718
1741,9.344,12.728
1742,9.329,12.705
1743,9.309,12.686
1744,9.297,12.700
1745,9.227,12.586
1746,9.220,12.584
1747,9.235,12.611
1748,9.215,12.585
1749,9.198,12.560
1750,9.179,12.530
1751,9.167,12.533
1752,9.146,12.508
1753,9.133,12.474
1754,9.113,12.447
1755,9.108,12.460
1756,9.081,12.424
1757,9.102,12.474
1758,9.174,12.520
1759,9.146,12.455
1760,9.196,12.567
1761,9.117,12.462
1762,9.101,12.450
1763,9.064,12.430
1764,9.139,12.473
1765,9.137,12.494
1766,9.149,12.530
1767,9.115,12.492
1768,9.096,12.458
1769,9.141,12.528
1770,9.144,12.538
1771,9.172,12.547
1772,9.194,12.561
1773,9.251,12.640
1774,9.305,12.706
1775,9.347,12.746
1776,9.345,12.730
1777,9.398,12.795
1778,9.450,12.847
1779,9.497,12.875
1780,9.591,12.988
1781,9.640,13.066
1782,9.564,12.940
1783,9.553,12.911
1784,9.572,12.964
1785,9.676,13.075
1786,9.692,13.105
1787,9.716,13.144
1788,9.579,12.986
1789,9.620,13.066
1790,9.615,13.054
1791,9.684,13.144
1792,9.720,13.175
1793,9.747,13.192
1794,9.739,13.163
1795,9.793,13.254
1796,9.791,13.242
1797,9.796,13.250
1798,9.771,13.220
1799,9.739,13.171
1800,9.742,13.187
1801,9.733,13.178
1802,9.727,13.191
1803,9.638,13.062
1804,9.611,13.028
1805,9.618,13.062
1806,9.661,13.127
1807,9.613,13.009
1808,9.597,12.999
1809,9.586,12.983
1810,9.571,12.967
1811,9.561,12.943
1812,9.572,12.985
1813,9.571,12.983
1814,9.578,13.017
1815,9.581,13.007
1816,9.534,12.924
1817,9.572,12.984
1818,9.564,12.978
1819,9.582,12.996
1820,9.562,12.950
1821,9.495,12.872
1822,9.486,12.882
1823,9.472,12.869
1824,9.496,12.899
1825,9.495,12.899
1826,9.481,12.854
1827,9.523,12.922
1828,9.530,12.930
1829,9.552,12.950
1830,9.578,12.992
1831,9.622,13.046
1832,9.620,13.030
1833,9.640,13.048
1834,9.641,13.042
1835,9.580,12.984
1836,9.584,12.989
1837,9.627,13.061
1838,9.627,13.090
1839,9.609,13.045
1840,9.581,12.998
