0,13.348,15.878
1,13.348,15.876
2,13.355,15.893
3,13.331,15.852
4,13.336,15.856
5,13.326,15.863
6,13.340,15.865
7,13.333,15.855
8,13.347,15.870
9,13.329,15.856
10,13.332,15.858
11,13.340,15.852
12,13.316,15.821
13,13.311,15.812
14,13.330,15.854
15,13.321,15.836
16,13.317,15.848
17,13.332,15.870
18,13.310,15.834
19,13.317,15.839
20,13.325,15.870
21,13.310,15.835
22,13.294,15.801
23,13.309,15.833
24,13.290,15.809
25,13.292,15.807
26,13.289,15.795
27,13.303,15.826
28,13.301,15.817
29,13.296,15.821
30,13.305,15.823
31,13.313,15.832
32,13.314,15.823
33,13.310,15.824
34,13.323,15.836
35,13.344,15.868
36,13.377,15.913
37,13.345,15.868
38,13.346,15.861
39,13.349,15.868
40,13.379,15.919
41,13.386,15.917
42,13.408,15.919
43,13.406,15.923
44,13.406,15.918
45,13.425,15.945
46,13.422,15.949
47,13.397,15.915
48,13.434,15.951
49,13.421,15.938
50,13.421,15.943
51,13.428,15.941
52,13.443,15.966
53,13.436,15.943
54,13.452,15.973
55,13.441,15.957
56,13.472,16.003
57,13.480,16.008
58,13.473,16.006
59,13.466,15.983
60,13.478,15.990
61,13.461,15.971
62,13.463,15.963
63,13.449,15.936
64,13.454,15.929
65,13.467,15.946
66,13.437,15.902
67,13.438,15.897
68,13.457,15.916
69,13.421,15.866
70,13.396,15.806
71,13.384,15.806
72,13.388,15.805
73,13.400,15.827
74,13.378,15.798
75,13.304,15.691
76,13.288,15.678
77,13.273,15.653
78,13.271,15.660
79,13.290,15.691
80,13.282,15.675
81,13.312,15.737
82,13.287,15.699
83,13.310,15.727
84,13.300,15.703
85,13.322,15.733
86,13.310,15.718
87,13.323,15.743
88,13.282,15.686
89,13.257,15.666
90,13.210,15.596
91,13.194,15.570
92,13.188,15.573
93,13.174,15.549
94,13.157,15.516
95,13.140,15.495
96,13.159,15.530
97,13.202,15.598
98,13.202,15.594
99,13.227,15.626
100,13.221,15.624
101,13.228,15.629
102,13.268,15.683
103,13.260,15.683
104,13.279,15.708
105,13.261,15.683
106,13.257,15.692
107,13.240,15.671
108,13.271,15.715
109,13.261,15.708
110,13.274,15.727
111,13.262,15.714
112,13.278,15.726
113,13.291,15.746
114,13.272,15.730
115,13.284,15.747
116,13.279,15.732
117,13.256,15.697
118,13.279,15.728
119,13.253,15.688
120,13.272,15.716
121,13.289,15.742
122,13.286,15.736
123,13.306,15.768
124,13.308,15.777
125,13.312,15.761
126,13.315,15.781
127,13.307,15.773
128,13.295,15.760
129,13.303,15.791
130,13.291,15.754
131,13.240,15.685
132,13.222,15.661
133,13.221,15.658
134,13.219,15.664
135,13.217,15.659
136,13.186,15.611
137,13.166,15.590
138,13.153,15.581
139,13.137,15.547
140,13.137,15.548
141,13.118,15.522
142,13.123,15.521
143,13.125,15.536
144,13.153,15.579
145,13.126,15.533
146,13.141,15.554
147,13.142,15.563
148,13.120,15.543
149,13.134,15.564
150,13.119,15.539
151,13.132,15.564
152,13.120,15.547
153,13.133,15.558
154,13.102,15.523
155,13.126,15.558
156,13.124,15.563
157,13.137,15.571
158,13.129,15.555
159,13.139,15.581
160,13.124,15.561
161,13.108,15.531
162,13.123,15.556
163,13.108,15.529
164,13.124,15.571
165,13.089,15.509
166,13.106,15.544
167,13.121,15.557
168,13.109,15.537
169,13.092,15.517
170,13.087,15.524
171,13.110,15.561
172,13.097,15.538
173,13.098,15.535
174,13.098,15.542
175,13.089,15.515
176,13.090,15.528
177,13.074,15.504
178,13.086,15.528
179,13.090,15.527
180,13.093,15.538
181,13.093,15.536
182,13.092,15.551
183,13.076,15.515
184,13.057,15.478
185,13.097,15.548
186,13.090,15.537
187,13.089,15.541
188,13.097,15.552
189,13.115,15.578
190,13.101,15.564
191,13.107,15.566
192,13.100,15.569
193,13.108,15.577
194,13.124,15.605
195,13.091,15.550
196,13.095,15.556
197,13.106,15.569
198,13.127,15.607
199,13.110,15.578
200,13.100,15.561
201,13.108,15.580
202,13.127,15.608
203,13.112,15.580
204,13.117,15.590
205,13.115,15.590
206,13.100,15.570
207,13.100,15.565
208,13.108,15.581
209,13.105,15.570
210,13.094,15.544
211,13.120,15.597
212,13.106,15.578
213,13.121,15.601
214,13.087,15.544
215,13.108,15.584
216,13.093,15.545
217,13.088,15.540
218,13.061,15.500
219,13.080,15.529
220,13.074,15.520
221,13.075,15.522
222,13.061,15.519
223,13.051,15.499
224,13.072,15.516
225,13.058,15.506
226,13.047,15.486
227,13.045,15.488
228,13.047,15.491
229,13.054,15.498
230,13.055,15.500
231,13.047,15.488
232,13.063,15.508
233,13.052,15.496
234,13.039,15.479
235,13.049,15.487
236,13.050,15.488
237,13.043,15.477
238,13.054,15.507
239,13.060,15.513
240,13.049,15.483
241,13.057,15.501
242,13.051,15.493
243,13.037,15.473
244,13.063,15.510
245,13.051,15.500
246,13.058,15.501
247,13.066,15.526
248,13.058,15.507
249,13.058,15.514
250,13.055,15.499
251,13.063,15.509
252,13.047,15.483
253,13.080,15.533
254,13.057,15.507
255,13.059,15.497
256,13.065,15.509
257,13.058,15.500
258,13.073,15.516
259,13.072,15.526
260,13.081,15.539
261,13.075,15.523
262,13.066,15.511
263,13.084,15.545
264,13.079,15.540
265,13.080,15.536
266,13.065,15.512
267,13.067,15.511
268,13.063,15.512
269,13.083,15.536
270,13.081,15.528
271,13.095,15.552
272,13.098,15.556
273,13.083,15.535
274,13.100,15.556
275,13.087,15.542
276,13.103,15.566
277,13.091,15.539
278,13.099,15.552
279,13.102,15.572
280,13.094,15.559
281,13.090,15.541
282,13.092,15.555
283,13.107,15.575
284,13.108,15.580
285,13.098,15.554
286,13.117,15.589
287,13.117,15.593
288,13.110,15.585
289,13.109,15.581
290,13.094,15.553
291,13.107,15.569
292,13.109,15.574
293,13.109,15.578
294,13.110,15.567
295,13.087,15.541
296,13.108,15.567
297,13.115,15.578
298,13.113,15.580
299,13.098,15.557
300,13.103,15.562
301,13.108,15.559
302,13.082,15.530
303,13.100,15.558
304,13.090,15.531
305,13.104,15.562
306,13.103,15.552
307,13.094,15.541
308,13.100,15.548
309,13.106,15.554
310,13.118,15.574
311,13.102,15.547
312,13.111,15.562
313,13.118,15.572
314,13.098,15.542
315,13.119,15.576
316,13.096,15.533
317,13.112,15.566
318,13.112,15.570
319,13.118,15.577
320,13.106,15.546
321,13.112,15.561
322,13.108,15.534
323,13.107,15.534
324,13.111,15.548
325,13.080,15.499
326,13.114,15.559
327,13.091,15.519
328,13.118,15.540
329,13.104,15.520
330,13.106,15.531
331,13.094,15.509
332,13.108,15.533
333,13.086,15.503
334,13.110,15.536
335,13.097,15.517
336,13.082,15.490
337,13.107,15.523
338,13.126,15.552
339,13.091,15.508
340,13.085,15.505
341,13.089,15.511
342,13.116,15.556
343,13.127,15.562
344,13.105,15.521
345,13.095,15.519
346,13.104,15.543
347,13.109,15.526
348,13.100,15.524
349,13.123,15.556
350,13.108,15.530
351,13.108,15.526
352,13.100,15.530
353,13.095,15.516
354,13.104,15.519
355,13.089,15.502
356,13.104,15.520
357,13.088,15.500
358,13.104,15.534
359,13.094,15.508
360,13.095,15.511
361,13.104,15.531
362,13.091,15.501
363,13.094,15.510
364,13.111,15.547
365,13.113,15.541
366,13.085,15.501
367,13.079,15.492
368,13.098,15.516
369,13.086,15.510
370,13.113,15.539
371,13.090,15.507
372,13.092,15.515
373,13.100,15.536
374,13.096,15.518
375,13.103,15.523
376,13.114,15.550
377,13.096,15.510
378,13.111,15.543
379,13.105,15.546
380,13.095,15.512
381,13.104,15.528
382,13.097,15.506
383,13.088,15.498
384,13.096,15.518
385,13.087,15.500
386,13.113,15.542
387,13.108,15.527
388,13.101,15.525
389,13.094,15.517
390,13.118,15.547
391,13.101,15.519
392,13.077,15.480
393,13.068,15.463
394,13.119,15.550
395,13.089,15.512
396,13.107,15.531
397,13.076,15.489
398,13.103,15.520
399,13.082,15.485
400,13.088,15.491
401,13.095,15.511
402,13.103,15.514
403,13.074,15.481
404,13.086,15.501
405,13.098,15.510
406,13.104,15.525
407,13.109,15.527
408,13.091,15.505
409,13.100,15.522
410,13.110,15.531
411,13.122,15.558
412,13.107,15.523
413,13.103,15.534
414,13.090,15.511
415,13.109,15.540
416,13.124,15.560
417,13.099,15.512
418,13.101,15.520
419,13.146,15.581
420,13.128,15.571
421,13.129,15.572
422,13.120,15.547
423,13.082,15.497
424,13.098,15.527
425,13.115,15.548
426,13.114,15.562
427,13.116,15.561
428,13.132,15.582
429,13.120,15.568
430,13.104,15.536
431,13.112,15.549
432,13.113,15.549
433,13.122,15.559
434,13.115,15.552
435,13.122,15.570
436,13.131,15.587
437,13.148,15.602
438,13.129,15.582
439,13.144,15.603
440,13.120,15.564
441,13.146,15.623
442,13.150,15.608
443,13.133,15.595
444,13.138,15.594
445,13.141,15.602
446,13.144,15.606
447,13.150,15.614
448,13.146,15.607
449,13.178,15.652
450,13.186,15.669
451,13.161,15.639
452,13.170,15.639
453,13.141,15.601
454,13.157,15.635
455,13.156,15.620
456,13.159,15.623
457,13.150,15.603
458,13.151,15.608
459,13.155,15.604
460,13.153,15.610
461,13.143,15.602
462,13.142,15.597
463,13.138,15.589
464,13.154,15.620
465,13.165,15.631
466,13.155,15.613
467,13.168,15.637
468,13.155,15.613
469,13.153,15.612
470,13.171,15.647
471,13.156,15.615
472,13.159,15.612
473,13.175,15.641
474,13.166,15.642
475,13.162,15.634
476,13.179,15.656
477,13.166,15.639
478,13.167,15.629
479,13.169,15.649
480,13.184,15.663
481,13.191,15.672
482,13.166,15.639
483,13.173,15.641
484,13.173,15.653
485,13.178,15.644
486,13.149,15.609
487,13.184,15.649
488,13.178,15.635
489,13.163,15.629
490,13.155,15.619
491,13.157,15.624
492,13.165,15.628
493,13.166,15.629
494,13.178,15.652
495,13.145,15.593
496,13.146,15.597
497,13.146,15.597
498,13.167,15.637
499,13.158,15.615
500,13.150,15.619
501,13.146,15.604
502,13.150,15.615
503,13.147,15.610
504,13.148,15.602
505,13.156,15.615
506,13.140,15.591
507,13.141,15.603
508,13.151,15.613
509,13.139,15.593
510,13.146,15.613
511,13.152,15.607
512,13.152,15.610
513,13.139,15.589
514,13.137,15.599
515,13.134,15.585
516,13.154,15.617
517,13.130,15.592
518,13.147,15.603
519,13.153,15.617
520,13.146,15.617
521,13.139,15.603
522,13.151,15.613
523,13.139,15.587
524,13.155,15.614
525,13.143,15.584
526,13.162,15.619
527,13.167,15.620
528,13.155,15.599
529,13.178,15.639
530,13.196,15.667
531,13.173,15.626
532,13.176,15.643
533,13.167,15.618
534,13.173,15.618
535,13.181,15.645
536,13.187,15.649
537,13.167,15.612
538,13.165,15.615
539,13.172,15.622
540,13.146,15.582
541,13.168,15.616
542,13.160,15.599
543,13.159,15.612
544,13.173,15.627
545,13.156,15.598
546,13.160,15.611
547,13.180,15.647
548,13.146,15.574
549,13.173,15.623
550,13.168,15.602
551,13.179,15.638
552,13.165,15.615
553,13.178,15.626
554,13.202,15.675
555,13.184,15.632
556,13.179,15.636
557,13.191,15.651
558,13.193,15.652
559,13.175,15.634
560,13.180,15.627
561,13.178,15.624
562,13.177,15.626
563,13.183,15.635
564,13.175,15.617
565,13.190,15.636
566,13.178,15.618
567,13.198,15.649
568,13.202,15.655
569,13.177,15.619
570,13.184,15.621
571,13.180,15.624
572,13.172,15.613
573,13.168,15.606
574,13.188,15.631
575,13.165,15.600
576,13.184,15.625
577,13.168,15.592
578,13.181,15.616
579,13.177,15.606
580,13.178,15.609
581,13.172,15.608
582,13.145,15.557
583,13.188,15.625
584,13.163,15.591
585,13.183,15.616
586,13.184,15.620
587,13.166,15.582
588,13.183,15.613
589,13.209,15.663
590,13.202,15.655
591,13.198,15.636
592,13.193,15.629
593,13.207,15.649
594,13.218,15.661
595,13.210,15.661
596,13.209,15.655
597,13.212,15.663
598,13.221,15.666
599,13.233,15.691
600,13.196,15.633
601,13.222,15.679
602,13.218,15.673
603,13.197,15.645
604,13.199,15.639
605,13.188,15.621
606,13.211,15.646
607,13.202,15.645
608,13.191,15.630
609,13.192,15.620
610,13.206,15.651
611,13.200,15.644
612,13.214,15.668
613,13.205,15.647
614,13.219,15.673
615,13.208,15.655
616,13.197,15.642
617,13.211,15.654
618,13.189,15.630
619,13.219,15.665
620,13.225,15.675
621,13.234,15.691
622,13.208,15.649
623,13.218,15.673
624,13.227,15.688
625,13.228,15.682
626,13.243,15.698
627,13.220,15.670
628,13.232,15.679
629,13.245,15.707
630,13.241,15.697
631,13.256,15.718
632,13.256,15.736
633,13.234,15.692
634,13.257,15.722
635,13.271,15.748
636,13.257,15.728
637,13.261,15.741
638,13.275,15.757
639,13.265,15.733
640,13.287,15.770
641,13.287,15.778
642,13.287,15.767
643,13.323,15.821
644,13.306,15.820
645,13.320,15.826
646,13.326,15.833
647,13.322,15.824
648,13.356,15.877
649,13.354,15.886
650,13.348,15.877
651,13.336,15.847
652,13.328,15.836
653,13.321,15.826
654,13.308,15.808
655,13.284,15.766
656,13.280,15.777
657,13.271,15.766
658,13.271,15.780
659,13.278,15.769
660,13.258,15.755
661,13.283,15.795
662,13.262,15.771
663,13.268,15.768
664,13.274,15.782
665,13.271,15.777
666,13.248,15.751
667,13.263,15.773
668,13.278,15.793
669,13.281,15.799
670,13.258,15.774
671,13.286,15.810
672,13.278,15.804
673,13.224,15.710
674,13.234,15.743
675,13.230,15.742
676,13.229,15.728
677,13.235,15.748
678,13.230,15.747
679,13.237,15.746
680,13.269,15.798
681,13.251,15.763
682,13.236,15.740
683,13.253,15.767
684,13.239,15.758
685,13.262,15.787
686,13.234,15.742
687,13.226,15.736
688,13.238,15.760
689,13.233,15.741
690,13.248,15.764
691,13.243,15.742
692,13.266,15.774
693,13.302,15.818
694,13.332,15.870
695,13.309,15.819
696,13.334,15.870
697,13.324,15.840
698,13.330,15.851
699,13.347,15.867
700,13.353,15.862
701,13.362,15.866
702,13.383,15.880
703,13.400,15.893
704,13.442,15.942
705,13.456,15.983
706,13.512,16.030
707,13.528,16.052
708,13.544,16.050
709,13.586,16.098
710,13.604,16.118
711,13.637,16.148
712,13.673,16.191
713,13.668,16.150
714,13.671,16.141
715,13.702,16.186
716,13.716,16.198
717,13.732,16.208
718,13.730,16.222
719,13.706,16.165
720,13.683,16.149
721,13.643,16.074
722,13.735,16.215
723,13.625,16.068
724,13.640,16.104
725,13.609,16.089
726,13.598,16.065
727,13.583,16.063
728,13.556,16.030
729,13.549,16.037
730,13.567,16.065
731,13.555,16.059
732,13.545,16.043
733,13.556,16.077
734,13.548,16.085
735,13.560,16.122
736,13.553,16.105
737,13.575,16.149
738,13.583,16.160
739,13.581,16.160
740,13.603,16.193
741,13.599,16.196
742,13.583,16.182
743,13.581,16.182
744,13.576,16.172
745,13.572,16.169
746,13.568,16.175
747,13.562,16.181
748,13.553,16.152
749,13.533,16.137
750,13.525,16.136
751,13.549,16.169
752,13.518,16.104
753,13.526,16.136
754,13.519,16.118
755,13.557,16.189
756,13.568,16.210
757,13.576,16.222
758,13.590,16.243
759,13.587,16.233
760,13.608,16.270
761,13.571,16.208
762,13.586,16.242
763,13.594,16.245
764,13.603,16.276
765,13.580,16.223
766,13.557,16.200
767,13.567,16.227
768,13.544,16.186
769,13.522,16.156
770,13.511,16.144
771,13.512,16.148
772,13.508,16.145
773,13.473,16.085
774,13.511,16.151
775,13.501,16.131
776,13.516,16.159
777,13.545,16.206
778,13.533,16.185
779,13.542,16.199
780,13.551,16.218
781,13.559,16.246
782,13.576,16.249
783,13.589,16.278
784,13.567,16.235
785,13.586,16.290
786,13.556,16.233
787,13.563,16.240
788,13.555,16.224
789,13.591,16.268
790,13.585,16.261
791,13.608,16.290
792,13.606,16.287
793,13.622,16.311
794,13.622,16.312
795,13.637,16.331
796,13.618,16.308
797,13.607,16.286
798,13.590,16.258
799,13.591,16.271
800,13.566,16.221
801,13.600,16.271
802,13.577,16.230
803,13.574,16.243
804,13.579,16.237
805,13.594,16.258
806,13.569,16.225
807,13.586,16.261
808,13.592,16.257
809,13.600,16.272
810,13.583,16.260
811,13.592,16.258
812,13.586,16.246
813,13.608,16.284
814,13.619,16.287
815,13.636,16.321
816,13.625,16.312
817,13.602,16.272
818,13.601,16.270
819,13.587,16.245
820,13.597,16.263
821,13.555,16.194
822,13.561,16.219
823,13.553,16.183
824,13.534,16.164
825,13.560,16.216
826,13.535,16.168
827,13.549,16.185
828,13.526,16.149
829,13.543,16.175
830,13.541,16.170
831,13.541,16.165
832,13.543,16.180
833,13.498,16.107
834,13.513,16.128
835,13.504,16.133
836,13.517,16.146
837,13.482,16.089
838,13.497,16.108
839,13.520,16.130
840,13.522,16.135
841,13.526,16.151
842,13.524,16.143
843,13.517,16.138
844,13.529,16.155
845,13.530,16.141
846,13.533,16.163
847,13.511,16.131
848,13.532,16.155
849,13.494,16.107
850,13.512,16.132
851,13.501,16.116
852,13.532,16.173
853,13.534,16.166
854,13.533,16.167
855,13.537,16.183
856,13.555,16.208
857,13.551,16.206
858,13.538,16.191
859,13.566,16.242
860,13.547,16.193
861,13.562,16.224
862,13.559,16.232
863,13.529,16.169
864,13.533,16.184
865,13.522,16.166
866,13.530,16.183
867,13.513,16.164
868,13.535,16.194
869,13.517,16.165
870,13.545,16.212
871,13.539,16.209
872,13.546,16.217
873,13.505,16.146
874,13.517,16.160
875,13.538,16.185
876,13.511,16.152
877,13.499,16.137
878,13.496,16.136
879,13.486,16.127
880,13.516,16.173
881,13.505,16.163
882,13.475,16.107
883,13.474,16.105
884,13.489,16.120
885,13.477,16.106
886,13.479,16.126
887,13.474,16.095
888,13.464,16.096
889,13.459,16.093
890,13.463,16.087
891,13.448,16.059
892,13.467,16.081
893,13.465,16.088
894,13.458,16.070
895,13.469,16.101
896,13.466,16.079
897,13.458,16.065
898,13.443,16.052
899,13.454,16.065
900,13.445,16.053
901,13.458,16.075
902,13.465,16.084
903,13.487,16.124
904,13.493,16.132
905,13.501,16.138
906,13.503,16.155
907,13.524,16.165
908,13.545,16.212
909,13.518,16.165
910,13.518,16.171
911,13.539,16.197
912,13.519,16.152
913,13.521,16.162
914,13.528,16.172
915,13.555,16.213
916,13.528,16.167
917,13.546,16.199
918,13.559,16.222
919,13.577,16.248
920,13.573,16.251
921,13.566,16.227
922,13.549,16.211
923,13.568,16.237
924,13.554,16.207
925,13.562,16.217
926,13.564,16.218
927,13.550,16.199
928,13.577,16.245
929,13.581,16.241
930,13.582,16.247
931,13.558,16.219
932,13.572,16.243
933,13.583,16.254
934,13.592,16.275
935,13.606,16.286
936,13.583,16.248
937,13.618,16.296
938,13.600,16.270
939,13.606,16.280
940,13.606,16.282
941,13.626,16.324
942,13.605,16.283
943,13.595,16.267
944,13.588,16.252
945,13.594,16.267
946,13.618,16.296
947,13.585,16.255
948,13.596,16.278
949,13.606,16.275
950,13.616,16.289
951,13.634,16.305
952,13.603,16.273
953,13.633,16.332
954,13.626,16.317
955,13.637,16.320
956,13.637,16.325
957,13.632,16.323
958,13.623,16.302
959,13.638,16.326
960,13.624,16.317
961,13.611,16.296
962,13.625,16.326
963,13.643,16.339
964,13.607,16.301
965,13.596,16.286
966,13.601,16.280
967,13.565,16.230
968,13.580,16.252
969,13.571,16.249
970,13.564,16.214
971,13.520,16.166
972,13.523,16.158
973,13.515,16.153
974,13.534,16.183
975,13.505,16.153
976,13.509,16.143
977,13.508,16.144
978,13.490,16.122
979,13.491,16.128
980,13.473,16.093
981,13.499,16.135
982,13.470,16.104
983,13.464,16.088
984,13.436,16.048
985,13.448,16.077
986,13.431,16.049
987,13.436,16.044
988,13.447,16.055
989,13.438,16.058
990,13.443,16.041
991,13.425,16.017
992,13.449,16.061
993,13.415,16.015
994,13.421,16.022
995,13.423,16.029
996,13.393,15.986
997,13.407,16.001
998,13.385,15.972
999,13.411,16.006
1000,13.356,15.929
1001,13.372,15.950
1002,13.363,15.937
1003,13.378,15.953
1004,13.339,15.900
1005,13.356,15.915
1006,13.351,15.915
1007,13.372,15.942
1008,13.367,15.942
1009,13.392,15.971
1010,13.383,15.966
1011,13.380,15.961
1012,13.406,15.997
1013,13.399,15.982
1014,13.426,16.030
1015,13.420,16.015
1016,13.427,16.020
1017,13.445,16.050
1018,13.405,15.988
1019,13.422,16.010
1020,13.407,15.995
1021,13.406,16.006
1022,13.418,16.016
1023,13.408,15.999
1024,13.406,16.002
1025,13.410,16.014
1026,13.417,16.034
1027,13.393,15.984
1028,13.415,16.032
1029,13.399,15.996
1030,13.451,16.099
1031,13.425,16.045
1032,13.461,16.099
1033,13.463,16.107
1034,13.432,16.052
1035,13.443,16.066
1036,13.430,16.047
1037,13.427,16.044
1038,13.419,16.030
1039,13.422,16.039
1040,13.430,16.048
1041,13.438,16.054
1042,13.464,16.107
1043,13.446,16.068
1044,13.447,16.061
1045,13.474,16.117
1046,13.469,16.103
1047,13.450,16.065
1048,13.440,16.057
1049,13.445,16.078
1050,13.438,16.060
1051,13.436,16.075
1052,13.458,16.093
1053,13.429,16.057
1054,13.433,16.078
1055,13.462,16.101
1056,13.469,16.115
1057,13.463,16.116
1058,13.428,16.055
1059,13.440,16.068
1060,13.448,16.073
1061,13.434,16.065
1062,13.442,16.083
1063,13.440,16.071
1064,13.431,16.056
1065,13.451,16.088
1066,13.428,16.053
1067,13.426,16.046
1068,13.408,16.025
1069,13.409,16.014
1070,13.391,15.988
1071,13.399,16.007
1072,13.415,16.049
1073,13.403,16.027
1074,13.392,16.013
1075,13.391,16.009
1076,13.383,15.991
1077,13.372,15.975
1078,13.385,15.985
1079,13.387,15.997
1080,13.387,15.992
1081,13.406,16.027
1082,13.388,16.011
1083,13.415,16.032
1084,13.400,16.015
1085,13.385,15.992
1086,13.406,16.028
1087,13.419,16.050
1088,13.417,16.040
1089,13.407,16.034
1090,13.407,16.024
1091,13.417,16.039
1092,13.411,16.035
1093,13.411,16.025
1094,13.427,16.052
1095,13.425,16.060
1096,13.419,16.046
1097,13.421,16.036
1098,13.402,16.011
1099,13.426,16.054
1100,13.405,16.027
1101,13.414,16.044
1102,13.410,16.028
1103,13.363,15.957
1104,13.381,15.994
1105,13.404,16.024
1106,13.373,15.980
1107,13.363,15.965
1108,13.386,16.003
1109,13.410,16.036
1110,13.396,16.010
1111,13.425,16.054
1112,13.407,16.031
1113,13.402,16.004
1114,13.406,16.030
1115,13.407,16.034
1116,13.422,16.050
1117,13.406,16.014
1118,13.432,16.050
1119,13.392,15.990
1120,13.390,15.987
1121,13.392,15.994
1122,13.378,15.969
1123,13.395,15.983
1124,13.378,15.959
1125,13.402,15.996
1126,13.395,15.971
1127,13.388,15.959
1128,13.382,15.960
1129,13.380,15.962
1130,13.368,15.940
1131,13.374,15.954
1132,13.387,15.972
1133,13.391,15.974
1134,13.384,15.965
1135,13.362,15.947
1136,13.396,15.994
1137,13.418,16.025
1138,13.403,16.001
1139,13.404,16.013
1140,13.380,15.970
1141,13.393,15.981
1142,13.385,15.976
1143,13.398,16.001
1144,13.406,16.008
1145,13.397,16.001
1146,13.424,16.034
1147,13.409,16.018
1148,13.406,15.999
1149,13.413,16.013
1150,13.417,16.023
1151,13.407,16.014
1152,13.425,16.042
1153,13.420,16.030
1154,13.440,16.053
1155,13.427,16.027
1156,13.419,16.023
1157,13.456,16.074
1158,13.438,16.058
1159,13.435,16.043
1160,13.451,16.064
1161,13.422,16.038
1162,13.450,16.060
1163,13.413,16.016
1164,13.448,16.064
1165,13.436,16.062
1166,13.423,16.019
1167,13.434,16.040
1168,13.407,15.995
1169,13.414,16.005
1170,13.425,16.031
1171,13.403,15.997
1172,13.427,16.031
1173,13.437,16.038
1174,13.411,16.001
1175,13.428,16.041
1176,13.439,16.057
1177,13.432,16.045
1178,13.431,16.039
1179,13.446,16.077
1180,13.442,16.049
1181,13.445,16.060
1182,13.475,16.103
1183,13.459,16.083
1184,13.488,16.116
1185,13.450,16.061
1186,13.503,16.135
1187,13.494,16.134
1188,13.481,16.108
1189,13.483,16.107
1190,13.468,16.088
1191,13.493,16.138
1192,13.467,16.090
1193,13.456,16.076
1194,13.470,16.110
1195,13.459,16.083
1196,13.443,16.062
1197,13.471,16.098
1198,13.472,16.099
1199,13.462,16.095
1200,13.471,16.100
1201,13.461,16.083
1202,13.457,16.095
1203,13.460,16.074
1204,13.444,16.059
1205,13.474,16.124
1206,13.481,16.131
1207,13.429,16.034
1208,13.443,16.069
1209,13.446,16.078
1210,13.452,16.089
1211,13.450,16.096
1212,13.442,16.084
1213,13.461,16.120
1214,13.447,16.086
1215,13.465,16.111
1216,13.461,16.114
1217,13.478,16.138
1218,13.449,16.095
1219,13.460,16.105
1220,13.456,16.104
1221,13.468,16.130
1222,13.465,16.120
1223,13.478,16.143
1224,13.483,16.137
1225,13.509,16.190
1226,13.489,16.171
1227,13.489,16.161
1228,13.488,16.153
1229,13.496,16.175
1230,13.524,16.219
1231,13.503,16.172
1232,13.506,16.179
1233,13.517,16.204
1234,13.517,16.201
1235,13.480,16.145
1236,13.479,16.146
1237,13.495,16.177
1238,13.489,16.168
1239,13.472,16.133
1240,13.445,16.086
1241,13.472,16.128
1242,13.475,16.141
1243,13.472,16.138
1244,13.454,16.107
1245,13.451,16.114
1246,13.443,16.090
1247,13.423,16.058
1248,13.439,16.079
1249,13.442,16.088
1250,13.441,16.079
1251,13.443,16.094
1252,13.468,16.135
1253,13.456,16.118
1254,13.434,16.090
1255,13.471,16.141
1256,13.475,16.151
1257,13.466,16.133
1258,13.461,16.120
1259,13.505,16.194
1260,13.497,16.178
1261,13.492,16.161
1262,13.505,16.199
1263,13.499,16.184
1264,13.497,16.183
1265,13.487,16.170
1266,13.498,16.166
1267,13.476,16.136
1268,13.484,16.124
1269,13.480,16.124
1270,13.468,16.101
1271,13.484,16.113
1272,13.455,16.072
1273,13.448,16.050
1274,13.481,16.111
1275,13.486,16.098
1276,13.495,16.115
1277,13.513,16.121
1278,13.518,16.123
1279,13.515,16.128
1280,13.513,16.119
1281,13.509,16.111
1282,13.496,16.102
1283,13.513,16.125
1284,13.492,16.116
1285,13.521,16.148
1286,13.506,16.120
1287,13.516,16.140
1288,13.530,16.156
1289,13.519,16.137
1290,13.500,16.115
1291,13.489,16.089
1292,13.511,16.131
1293,13.478,16.081
1294,13.489,16.101
1295,13.476,16.070
1296,13.477,16.075
1297,13.476,16.078
1298,13.474,16.068
1299,13.470,16.055
1300,13.502,16.105
1301,13.501,16.103
1302,13.484,16.088
1303,13.501,16.113
1304,13.499,16.101
1305,13.511,16.126
1306,13.465,16.040
1307,13.509,16.116
1308,13.504,16.107
1309,13.491,16.091
1310,13.501,16.110
1311,13.506,16.118
1312,13.482,16.066
1313,13.506,16.103
1314,13.507,16.108
1315,13.523,16.134
1316,13.538,16.158
1317,13.541,16.142
1318,13.570,16.203
1319,13.546,16.172
1320,13.548,16.172
1321,13.544,16.155
1322,13.570,16.196
1323,13.559,16.169
1324,13.573,16.204
1325,13.591,16.218
1326,13.579,16.202
1327,13.581,16.215
1328,13.569,16.204
1329,13.582,16.210
1330,13.594,16.236
1331,13.598,16.238
1332,13.578,16.214
1333,13.598,16.235
1334,13.613,16.266
1335,13.603,16.270
1336,13.626,16.285
1337,13.589,16.231
1338,13.597,16.243
1339,13.603,16.262
1340,13.591,16.248
1341,13.576,16.229
1342,13.587,16.245
1343,13.593,16.254
1344,13.566,16.221
1345,13.603,16.269
1346,13.598,16.267
1347,13.617,16.297
1348,13.619,16.319
1349,13.656,16.372
1350,13.614,16.313
1351,13.630,16.340
1352,13.638,16.347
1353,13.608,16.310
1354,13.632,16.343
1355,13.642,16.368
1356,13.643,16.372
1357,13.639,16.365
1358,13.640,16.371
1359,13.630,16.342
1360,13.608,16.314
1361,13.629,16.335
1362,13.637,16.353
1363,13.604,16.314
1364,13.629,16.339
1365,13.605,16.307
1366,13.627,16.358
1367,13.641,16.377
1368,13.640,16.351
1369,13.619,16.317
1370,13.613,16.307
1371,13.630,16.335
1372,13.596,16.292
1373,13.613,16.313
1374,13.619,16.320
1375,13.611,16.297
1376,13.628,16.325
1377,13.607,16.295
1378,13.630,16.322
1379,13.613,16.306
1380,13.610,16.293
1381,13.599,16.264
1382,13.590,16.253
1383,13.615,16.294
1384,13.584,16.246
1385,13.587,16.247
1386,13.585,16.233
1387,13.598,16.252
1388,13.592,16.249
1389,13.648,16.313
1390,13.631,16.311
1391,13.653,16.347
1392,13.639,16.317
1393,13.644,16.310
1394,13.645,16.322
1395,13.652,16.326
1396,13.650,16.324
1397,13.657,16.322
1398,13.685,16.374
1399,13.694,16.384
1400,13.707,16.387
1401,13.708,16.392
1402,13.690,16.365
1403,13.719,16.390
1404,13.732,16.419
1405,13.756,16.455
1406,13.790,16.494
1407,13.792,16.500
1408,13.806,16.505
1409,13.809,16.514
1410,13.818,16.540
1411,13.799,16.499
1412,13.774,16.469
1413,13.731,16.402
1414,13.737,16.405
1415,13.719,16.385
1416,13.742,16.416
1417,13.752,16.416
1418,13.760,16.425
1419,13.759,16.418
1420,13.768,16.430
1421,13.754,16.409
1422,13.758,16.415
1423,13.752,16.406
1424,13.737,16.377
1425,13.759,16.418
1426,13.769,16.424
1427,13.768,16.438
1428,13.776,16.435
1429,13.783,16.434
1430,13.801,16.472
1431,13.807,16.476
1432,13.795,16.452
1433,13.783,16.451
1434,13.828,16.505
1435,13.803,16.479
1436,13.817,16.491
1437,13.825,16.492
1438,13.816,16.484
1439,13.830,16.513
1440,13.824,16.498
1441,13.838,16.517
1442,13.833,16.519
1443,13.795,16.449
1444,13.798,16.466
1445,13.829,16.499
1446,13.799,16.462
1447,13.791,16.446
1448,13.789,16.441
1449,13.803,16.462
1450,13.794,16.441
1451,13.817,16.487
1452,13.807,16.453
1453,13.805,16.467
1454,13.829,16.495
1455,13.824,16.505
1456,13.838,16.504
1457,13.844,16.520
1458,13.867,16.554
1459,13.875,16.561
1460,13.835,16.491
1461,13.847,16.517
1462,13.872,16.560
1463,13.862,16.546
1464,13.876,16.568
1465,13.875,16.564
1466,13.863,16.531
1467,13.876,16.565
1468,13.860,16.532
1469,13.871,16.550
1470,13.845,16.526
1471,13.859,16.536
1472,13.886,16.578
1473,13.861,16.528
1474,13.879,16.560
1475,13.869,16.548
1476,13.888,16.564
1477,13.869,16.544
1478,13.859,16.530
1479,13.872,16.557
1480,13.860,16.525
1481,13.868,16.536
1482,13.850,16.512
1483,13.843,16.492
1484,13.855,16.506
1485,13.849,16.495
1486,13.832,16.470
1487,13.871,16.528
1488,13.838,16.474
1489,13.864,16.527
1490,13.831,16.467
1491,13.856,16.509
1492,13.848,16.495
1493,13.856,16.500
1494,13.842,16.479
1495,13.826,16.448
1496,13.848,16.492
1497,13.800,16.405
1498,13.815,16.445
1499,13.804,16.418
1500,13.771,16.368
1501,13.796,16.429
1502,13.791,16.405
1503,13.786,16.407
1504,13.760,16.359
1505,13.757,16.372
1506,13.755,16.353
1507,13.747,16.360
1508,13.720,16.310
1509,13.698,16.286
1510,13.705,16.314
1511,13.718,16.323
1512,13.689,16.282
1513,13.672,16.262
1514,13.669,16.258
1515,13.651,16.250
1516,13.652,16.232
1517,13.654,16.251
1518,13.631,16.219
1519,13.642,16.251
1520,13.619,16.217
1521,13.617,16.218
1522,13.594,16.180
1523,13.574,16.165
1524,13.581,16.175
1525,13.603,16.206
1526,13.569,16.159
1527,13.578,16.171
1528,13.559,16.162
1529,13.547,16.146
1530,13.539,16.139
1531,13.541,16.142
1532,13.523,16.111
1533,13.530,16.139
1534,13.552,16.163
1535,13.558,16.185
1536,13.547,16.173
1537,13.571,16.191
1538,13.541,16.152
1539,13.573,16.216
1540,13.572,16.204
1541,13.574,16.219
1542,13.589,16.234
1543,13.576,16.217
1544,13.580,16.226
1545,13.585,16.231
1546,13.599,16.267
1547,13.590,16.247
1548,13.601,16.269
1549,13.579,16.243
1550,13.582,16.242
1551,13.600,16.268
1552,13.592,16.262
1553,13.601,16.278
1554,13.589,16.253
1555,13.587,16.263
1556,13.583,16.237
1557,13.593,16.269
1558,13.598,16.283
1559,13.619,16.321
1560,13.581,16.249
1561,13.590,16.277
1562,13.578,16.264
1563,13.552,16.229
1564,13.555,16.239
1565,13.550,16.233
1566,13.486,16.135
1567,13.490,16.136
1568,13.455,16.082
1569,13.469,16.103
1570,13.445,16.079
1571,13.466,16.107
1572,13.457,16.076
1573,13.464,16.102
1574,13.472,16.115
1575,13.483,16.126
1576,13.479,16.113
1577,13.492,16.131
1578,13.476,16.096
1579,13.473,16.078
1580,13.510,16.146
1581,13.492,16.111
1582,13.488,16.110
1583,13.519,16.144
1584,13.523,16.168
1585,13.505,16.127
1586,13.493,16.112
1587,13.513,16.141
1588,13.484,16.095
1589,13.488,16.102
1590,13.484,16.095
1591,13.513,16.138
1592,13.503,16.127
1593,13.493,16.110
1594,13.513,16.145
1595,13.526,16.164
1596,13.533,16.159
1597,13.525,16.164
1598,13.536,16.185
1599,13.536,16.165
1600,13.555,16.194
1601,13.554,16.185
1602,13.580,16.235
1603,13.597,16.254
1604,13.559,16.195
1605,13.580,16.240
1606,13.583,16.235
1607,13.601,16.268
1608,13.601,16.246
1609,13.623,16.273
1610,13.624,16.258
1611,13.653,16.289
1612,13.643,16.277
1613,13.657,16.293
1614,13.682,16.326
1615,13.689,16.334
1616,13.687,16.322
1617,13.718,16.366
1618,13.730,16.366
1619,13.752,16.414
1620,13.719,16.367
1621,13.691,16.310
1622,13.724,16.361
1623,13.717,16.349
1624,13.721,16.357
1625,13.740,16.392
1626,13.731,16.389
1627,13.728,16.380
1628,13.723,16.388
1629,13.763,16.440
1630,13.784,16.464
1631,13.769,16.458
1632,13.796,16.475
1633,13.816,16.514
1634,13.802,16.497
1635,13.828,16.528
1636,13.832,16.537
1637,13.864,16.584
1638,13.844,16.552
1639,13.846,16.550
1640,13.830,16.529
1641,13.848,16.555
1642,13.843,16.530
1643,13.809,16.491
1644,13.799,16.476
1645,13.797,16.482
1646,13.770,16.412
1647,13.762,16.421
1648,13.753,16.394
1649,13.725,16.366
1650,13.701,16.310
1651,13.674,16.285
1652,13.675,16.281
1653,13.633,16.215
1654,13.599,16.176
1655,13.593,16.154
1656,13.556,16.090
1657,13.537,16.062
1658,13.533,16.055
1659,13.528,16.044
1660,13.509,16.034
1661,13.509,16.029
1662,13.500,16.010
1663,13.475,15.974
1664,13.450,15.952
1665,13.462,15.964
1666,13.446,15.933
1667,13.428,15.927
1668,13.399,15.875
1669,13.373,15.838
1670,13.380,15.861
1671,13.342,15.818
1672,13.331,15.807
1673,13.328,15.788
1674,13.294,15.758
1675,13.295,15.745
1676,13.289,15.750
1677,13.288,15.772
1678,13.289,15.769
1679,13.257,15.729
1680,13.267,15.738
1681,13.280,15.774
1682,13.248,15.724
1683,13.244,15.726
1684,13.254,15.731
1685,13.264,15.757
1686,13.240,15.722
1687,13.213,15.677
1688,13.219,15.698
1689,13.194,15.680
1690,13.205,15.682
1691,13.186,15.661
1692,13.178,15.654
1693,13.162,15.618
1694,13.206,15.683
1695,13.177,15.643
1696,13.171,15.631
1697,13.169,15.632
1698,13.167,15.641
1699,13.160,15.625
1700,13.146,15.607
1701,13.172,15.671
1702,13.179,15.673
1703,13.179,15.674
1704,13.184,15.679
1705,13.213,15.733
1706,13.205,15.717
1707,13.182,15.679
1708,13.198,15.712
1709,13.168,15.669
1710,13.158,15.642
1711,13.165,15.667
1712,13.185,15.694
1713,13.208,15.716
1714,13.202,15.715
1715,13.207,15.730
1716,13.212,15.740
1717,13.230,15.763
1718,13.242,15.796
1719,13.233,15.779
1720,13.244,15.801
1721,13.236,15.779
1722,13.261,15.820
1723,13.301,15.891
1724,13.296,15.881
1725,13.295,15.883
1726,13.304,15.894
1727,13.308,15.900
1728,13.301,15.897
1729,13.300,15.877
1730,13.310,15.901
1731,13.290,15.866
1732,13.302,15.896
1733,13.326,15.926
