0,7.300,9.831
1,7.300,9.828
2,7.307,9.846
3,7.275,9.796
4,7.270,9.790
5,7.247,9.784
6,7.252,9.777
7,7.234,9.756
8,7.239,9.762
9,7.211,9.738
10,7.204,9.729
11,7.204,9.716
12,7.171,9.676
13,7.152,9.653
14,7.158,9.682
15,7.132,9.648
16,7.120,9.652
17,7.123,9.661
18,7.073,9.597
19,7.067,9.589
20,7.050,9.595
21,7.204,9.729
22,7.219,9.726
23,7.256,9.779
24,7.196,9.715
25,7.184,9.698
26,7.178,9.684
27,7.186,9.710
28,7.182,9.699
29,7.167,9.691
30,7.152,9.670
31,7.146,9.664
32,7.141,9.650
33,7.131,9.645
34,7.132,9.645
35,7.139,9.662
36,7.158,9.695
37,7.114,9.638
38,7.105,9.621
39,7.089,9.608
40,7.092,9.632
41,7.076,9.606
42,7.236,9.746
43,7.234,9.751
44,7.252,9.764
45,7.209,9.728
46,7.130,9.657
47,7.034,9.552
48,7.136,9.653
49,7.127,9.644
50,7.143,9.665
51,7.227,9.740
52,7.264,9.787
53,7.302,9.810
54,7.281,9.802
55,7.247,9.763
56,7.278,9.810
57,7.285,9.812
58,7.286,9.819
59,7.298,9.816
60,7.494,10.006
61,7.562,10.072
62,7.652,10.153
63,7.644,10.131
64,7.736,10.212
65,7.850,10.329
66,7.923,10.388
67,8.014,10.473
68,8.144,10.603
69,8.131,10.576
70,8.154,10.564
71,8.205,10.628
72,8.210,10.628
73,8.293,10.719
74,8.334,10.754
75,8.193,10.580
76,8.159,10.549
77,8.119,10.498
78,8.102,10.491
79,8.130,10.531
80,8.138,10.530
81,8.168,10.593
82,8.153,10.565
83,8.204,10.621
84,8.273,10.676
85,8.368,10.780
86,8.420,10.828
87,8.435,10.855
88,8.395,10.799
89,8.406,10.814
90,8.406,10.793
91,8.437,10.813
92,8.476,10.862
93,8.514,10.889
94,8.548,10.907
95,8.568,10.922
96,8.599,10.970
97,8.647,11.042
98,8.649,11.040
99,8.669,11.067
100,8.646,11.050
101,8.621,11.021
102,8.613,11.028
103,8.525,10.949
104,8.468,10.898
105,8.361,10.783
106,8.242,10.676
107,8.128,10.558
108,8.056,10.500
109,7.944,10.391
110,7.864,10.317
111,7.743,10.194
112,7.703,10.151
113,7.687,10.142
114,7.647,10.105
115,7.649,10.113
116,7.630,10.083
117,7.592,10.033
118,7.611,10.060
119,7.585,10.020
120,7.606,10.050
121,7.632,10.086
122,7.642,10.093
123,7.673,10.135
124,7.692,10.161
125,7.708,10.157
126,7.720,10.186
127,7.721,10.186
128,7.716,10.181
129,7.764,10.251
130,7.784,10.247
131,7.760,10.204
132,7.768,10.207
133,7.769,10.205
134,7.769,10.214
135,7.794,10.236
136,7.785,10.209
137,7.787,10.210
138,7.780,10.207
139,7.777,10.187
140,7.751,10.162
141,7.727,10.131
142,7.718,10.116
143,7.710,10.120
144,7.731,10.158
145,7.690,10.097
146,7.700,10.114
147,7.675,10.097
148,7.650,10.072
149,7.650,10.081
150,7.613,10.033
151,7.623,10.055
152,7.600,10.028
153,7.620,10.044
154,7.590,10.011
155,7.617,10.049
156,7.617,10.057
157,7.640,10.073
158,7.641,10.067
159,7.662,10.104
160,7.655,10.092
161,7.638,10.062
162,7.661,10.093
163,7.648,10.069
164,7.662,10.109
165,7.619,10.040
166,7.641,10.080
167,7.646,10.082
168,7.626,10.055
169,7.597,10.022
170,7.574,10.011
171,7.586,10.037
172,7.564,10.004
173,7.527,9.964
174,7.533,9.977
175,7.508,9.935
176,7.484,9.923
177,7.449,9.879
178,7.427,9.870
179,7.410,9.848
180,7.411,9.856
181,7.396,9.839
182,7.383,9.841
183,7.354,9.793
184,7.320,9.741
185,7.353,9.803
186,7.336,9.783
187,7.319,9.772
188,7.333,9.787
189,7.324,9.787
190,7.288,9.751
191,7.285,9.743
192,7.276,9.745
193,7.278,9.747
194,7.267,9.748
195,7.229,9.689
196,7.218,9.679
197,7.216,9.679
198,7.226,9.706
199,7.181,9.650
200,7.156,9.618
201,7.153,9.624
202,7.161,9.642
203,7.136,9.604
204,7.131,9.604
205,7.116,9.591
206,7.085,9.556
207,7.071,9.536
208,7.062,9.534
209,7.024,9.489
210,7.137,9.587
211,7.188,9.665
212,7.182,9.654
213,7.149,9.629
214,7.093,9.550
215,7.104,9.580
216,7.076,9.528
217,7.054,9.506
218,7.011,9.449
219,7.015,9.464
220,6.991,9.438
221,6.976,9.424
222,6.947,9.405
223,6.947,9.395
224,6.962,9.406
225,6.940,9.388
226,6.923,9.361
227,6.910,9.354
228,6.906,9.350
229,6.905,9.349
230,6.918,9.364
231,6.908,9.350
232,6.922,9.367
233,6.911,9.355
234,6.898,9.338
235,6.905,9.342
236,6.906,9.344
237,6.896,9.331
238,6.908,9.361
239,6.913,9.366
240,6.899,9.333
241,6.908,9.352
242,6.898,9.339
243,6.883,9.319
244,6.907,9.354
245,6.893,9.342
246,6.903,9.347
247,6.910,9.370
248,6.903,9.351
249,6.904,9.360
250,6.902,9.346
251,6.906,9.352
252,6.891,9.327
253,6.924,9.376
254,6.901,9.350
255,6.901,9.339
256,6.904,9.349
257,6.895,9.337
258,6.912,9.355
259,6.910,9.364
260,6.918,9.377
261,6.912,9.360
262,6.903,9.348
263,6.920,9.381
264,6.921,9.381
265,6.921,9.377
266,6.905,9.352
267,6.898,9.343
268,6.893,9.342
269,6.912,9.365
270,6.894,9.341
271,6.903,9.361
272,6.906,9.364
273,6.887,9.339
274,6.897,9.354
275,6.883,9.339
276,6.899,9.361
277,6.883,9.332
278,6.889,9.343
279,6.891,9.362
280,6.885,9.350
281,6.878,9.329
282,6.879,9.342
283,6.894,9.362
284,6.891,9.363
285,6.881,9.338
286,6.897,9.369
287,6.897,9.373
288,6.894,9.369
289,6.894,9.365
290,6.876,9.335
291,6.888,9.350
292,6.890,9.355
293,6.890,9.358
294,6.908,9.365
295,6.865,9.319
296,6.887,9.346
297,6.893,9.357
298,6.911,9.378
299,6.894,9.354
300,6.906,9.365
301,6.907,9.358
302,6.882,9.331
303,7.055,9.513
304,7.085,9.527
305,7.134,9.591
306,7.111,9.561
307,7.093,9.540
308,7.095,9.542
309,7.100,9.548
310,7.111,9.566
311,7.098,9.543
312,7.106,9.558
313,7.112,9.566
314,7.099,9.543
315,7.123,9.579
316,7.109,9.546
317,7.147,9.600
318,7.172,9.630
319,7.219,9.678
320,7.237,9.678
321,7.300,9.750
322,7.316,9.742
323,7.338,9.765
324,7.371,9.807
325,7.368,9.787
326,7.433,9.877
327,7.443,9.872
328,7.495,9.917
329,7.507,9.923
330,7.529,9.954
331,7.549,9.963
332,7.589,10.015
333,7.509,9.926
334,7.513,9.939
335,7.484,9.904
336,7.509,9.917
337,7.561,9.977
338,7.598,10.024
339,7.479,9.896
340,7.444,9.864
341,7.424,9.845
342,7.473,9.914
343,7.493,9.927
344,7.471,9.887
345,7.462,9.886
346,7.473,9.911
347,7.479,9.897
348,7.472,9.896
349,7.495,9.927
350,7.480,9.901
351,7.479,9.897
352,7.470,9.901
353,7.467,9.888
354,7.477,9.893
355,7.462,9.875
356,7.475,9.891
357,7.457,9.869
358,7.474,9.904
359,7.463,9.876
360,7.462,9.878
361,7.470,9.897
362,7.457,9.868
363,7.460,9.877
364,7.478,9.914
365,7.485,9.913
366,7.459,9.876
367,7.456,9.868
368,7.475,9.892
369,7.461,9.885
370,7.486,9.912
371,7.464,9.880
372,7.464,9.887
373,7.470,9.906
374,7.463,9.885
375,7.469,9.889
376,7.480,9.916
377,7.462,9.876
378,7.476,9.908
379,7.469,9.910
380,7.459,9.876
381,7.469,9.893
382,7.461,9.871
383,7.452,9.862
384,7.457,9.879
385,7.447,9.860
386,7.471,9.899
387,7.464,9.883
388,7.457,9.882
389,7.453,9.876
390,7.476,9.906
391,7.457,9.875
392,7.434,9.837
393,7.446,9.840
394,7.476,9.908
395,7.465,9.888
396,7.483,9.907
397,7.452,9.865
398,7.480,9.896
399,7.460,9.863
400,7.466,9.869
401,7.471,9.887
402,7.475,9.886
403,7.426,9.833
404,7.435,9.849
405,7.440,9.851
406,7.436,9.857
407,7.436,9.855
408,7.413,9.827
409,7.415,9.837
410,7.415,9.837
411,7.415,9.851
412,7.390,9.805
413,7.371,9.802
414,7.339,9.759
415,7.341,9.772
416,7.342,9.778
417,7.325,9.738
418,7.298,9.717
419,7.334,9.770
420,7.309,9.751
421,7.295,9.737
422,7.297,9.724
423,7.253,9.667
424,7.256,9.686
425,7.259,9.692
426,7.239,9.687
427,7.208,9.653
428,7.216,9.665
429,7.200,9.648
430,7.177,9.608
431,7.177,9.613
432,7.164,9.600
433,7.161,9.598
434,7.134,9.571
435,7.123,9.570
436,7.115,9.572
437,7.114,9.568
438,7.078,9.530
439,7.072,9.531
440,7.032,9.476
441,7.045,9.523
442,7.037,9.496
443,7.006,9.467
444,6.998,9.454
445,6.989,9.450
446,6.975,9.436
447,6.964,9.428
448,6.940,9.401
449,6.958,9.433
450,6.959,9.441
451,6.932,9.410
452,6.937,9.406
453,6.904,9.364
454,6.917,9.394
455,6.915,9.379
456,7.032,9.497
457,7.060,9.513
458,7.117,9.575
459,7.094,9.543
460,7.081,9.538
461,7.069,9.528
462,7.064,9.519
463,7.053,9.504
464,7.060,9.526
465,7.065,9.531
466,7.054,9.512
467,7.070,9.539
468,7.054,9.511
469,7.050,9.509
470,7.087,9.563
471,7.071,9.530
472,7.071,9.525
473,7.083,9.549
474,7.071,9.547
475,7.067,9.539
476,7.079,9.556
477,7.063,9.536
478,7.062,9.524
479,7.059,9.539
480,7.072,9.552
481,7.077,9.558
482,7.055,9.527
483,7.062,9.530
484,7.062,9.542
485,7.068,9.535
486,7.037,9.497
487,7.072,9.537
488,7.064,9.522
489,7.049,9.515
490,7.037,9.501
491,7.039,9.506
492,7.045,9.508
493,7.053,9.517
494,7.073,9.547
495,7.045,9.493
496,7.046,9.497
497,7.051,9.502
498,7.092,9.562
499,7.083,9.539
500,7.077,9.546
501,7.077,9.535
502,7.090,9.555
503,7.086,9.549
504,7.087,9.540
505,7.092,9.551
506,7.078,9.528
507,7.074,9.536
508,7.079,9.541
509,7.066,9.520
510,7.073,9.540
511,7.084,9.539
512,7.091,9.549
513,7.082,9.531
514,7.086,9.548
515,7.086,9.538
516,7.106,9.570
517,7.087,9.548
518,7.108,9.564
519,7.122,9.586
520,7.126,9.597
521,7.124,9.587
522,7.154,9.615
523,7.154,9.602
524,7.181,9.639
525,7.180,9.621
526,7.214,9.671
527,7.232,9.686
528,7.233,9.677
529,7.262,9.723
530,7.290,9.761
531,7.273,9.727
532,7.290,9.758
533,7.295,9.746
534,7.319,9.763
535,7.340,9.804
536,7.362,9.824
537,7.366,9.810
538,7.382,9.832
539,7.377,9.828
540,7.357,9.793
541,7.383,9.831
542,7.376,9.814
543,7.376,9.828
544,7.391,9.846
545,7.378,9.820
546,7.397,9.848
547,7.426,9.893
548,7.401,9.829
549,7.435,9.884
550,7.437,9.871
551,7.454,9.913
552,7.447,9.897
553,7.448,9.896
554,7.475,9.949
555,7.468,9.915
556,7.475,9.932
557,7.497,9.956
558,7.499,9.958
559,7.489,9.948
560,7.502,9.948
561,7.507,9.953
562,7.512,9.962
563,7.524,9.976
564,7.520,9.962
565,7.544,9.990
566,7.536,9.976
567,7.567,10.019
568,7.578,10.032
569,7.560,10.002
570,7.559,9.997
571,7.563,10.007
572,7.563,10.004
573,7.569,10.006
574,7.597,10.039
575,7.580,10.015
576,7.608,10.050
577,7.602,10.026
578,7.621,10.057
579,7.618,10.047
580,7.625,10.056
581,7.623,10.059
582,7.597,10.010
583,7.637,10.074
584,7.615,10.043
585,7.638,10.071
586,7.642,10.078
587,7.624,10.041
588,7.645,10.076
589,7.674,10.128
590,7.673,10.126
591,7.676,10.114
592,7.675,10.111
593,7.688,10.130
594,7.707,10.151
595,7.704,10.156
596,7.712,10.158
597,7.718,10.169
598,7.724,10.169
599,7.737,10.195
600,7.578,10.015
601,7.581,10.037
602,7.550,10.005
603,7.552,10.000
604,7.569,10.009
605,7.562,9.995
606,7.585,10.020
607,7.578,10.021
608,7.588,10.027
609,7.592,10.020
610,7.609,10.055
611,7.598,10.043
612,7.611,10.064
613,7.599,10.041
614,7.607,10.060
615,7.599,10.046
616,7.582,10.027
617,7.594,10.037
618,7.572,10.013
619,7.622,10.067
620,7.628,10.078
621,7.633,10.091
622,7.584,10.025
623,7.590,10.045
624,7.602,10.062
625,7.604,10.058
626,7.601,10.056
627,7.583,10.033
628,7.603,10.050
629,7.619,10.081
630,7.596,10.052
631,7.608,10.070
632,7.615,10.094
633,7.572,10.030
634,7.569,10.033
635,7.581,10.058
636,7.580,10.051
637,7.563,10.043
638,7.578,10.060
639,7.566,10.034
640,7.558,10.041
641,7.565,10.056
642,7.558,10.038
643,7.592,10.090
644,7.573,10.087
645,7.550,10.057
646,7.571,10.078
647,7.548,10.050
648,7.565,10.087
649,7.530,10.062
650,7.480,10.008
651,7.564,10.075
652,7.554,10.062
653,7.550,10.055
654,7.563,10.063
655,7.514,9.996
656,7.479,9.976
657,7.508,10.003
658,7.484,9.993
659,7.486,9.978
660,7.407,9.905
661,7.433,9.945
662,7.389,9.898
663,7.363,9.863
664,7.353,9.862
665,7.339,9.844
666,7.315,9.817
667,7.316,9.826
668,7.338,9.854
669,7.397,9.915
670,7.402,9.917
671,7.464,9.988
672,7.480,10.007
673,7.472,9.959
674,7.518,10.028
675,7.513,10.025
676,7.561,10.061
677,7.611,10.124
678,7.667,10.183
679,7.720,10.229
680,7.781,10.311
681,7.647,10.159
682,7.601,10.105
683,7.588,10.103
684,7.500,10.019
685,7.530,10.056
686,7.467,9.976
687,7.454,9.965
688,7.413,9.934
689,7.445,9.954
690,7.507,10.024
691,7.570,10.069
692,7.664,10.172
693,7.738,10.254
694,7.815,10.352
695,7.825,10.335
696,7.898,10.434
697,7.936,10.452
698,7.998,10.518
699,8.055,10.574
700,8.149,10.658
701,8.264,10.768
702,8.406,10.903
703,8.520,11.013
704,8.662,11.162
705,8.765,11.292
706,8.950,11.467
707,9.066,11.590
708,9.209,11.716
709,9.373,11.885
710,9.534,12.048
711,9.711,12.223
712,9.877,12.395
713,9.965,12.447
714,10.069,12.539
715,10.199,12.683
716,10.303,12.785
717,10.381,12.856
718,10.397,12.889
719,10.302,12.762
720,10.226,12.692
721,9.970,12.401
722,9.889,12.369
723,9.512,11.955
724,9.638,12.102
725,9.631,12.112
726,9.561,12.028
727,9.433,11.913
728,9.276,11.750
729,9.154,11.642
730,9.077,11.575
731,8.946,11.450
732,8.831,11.329
733,8.725,11.245
734,8.603,11.140
735,8.505,11.067
736,8.428,10.980
737,8.401,10.976
738,8.319,10.897
739,8.244,10.822
740,8.193,10.784
741,8.099,10.696
742,8.059,10.658
743,8.026,10.627
744,7.986,10.582
745,7.967,10.565
746,7.940,10.546
747,7.900,10.519
748,7.868,10.467
749,7.791,10.395
750,7.736,10.347
751,7.724,10.345
752,7.649,10.234
753,7.622,10.232
754,7.615,10.214
755,7.641,10.272
756,7.623,10.265
757,7.601,10.247
758,7.589,10.242
759,7.556,10.202
760,7.553,10.215
761,7.501,10.139
762,7.511,10.168
763,7.502,10.152
764,7.490,10.164
765,7.489,10.131
766,7.471,10.114
767,7.469,10.129
768,7.425,10.068
769,7.392,10.027
770,7.366,9.998
771,7.364,10.000
772,7.323,9.960
773,7.265,9.877
774,7.282,9.921
775,7.257,9.887
776,7.245,9.888
777,7.247,9.908
778,7.228,9.879
779,7.221,9.878
780,7.219,9.886
781,7.213,9.900
782,7.203,9.875
783,7.192,9.881
784,7.142,9.811
785,7.128,9.832
786,7.225,9.902
787,7.261,9.938
788,7.266,9.934
789,7.250,9.927
790,7.232,9.907
791,7.240,9.923
792,7.247,9.927
793,7.257,9.946
794,7.261,9.951
795,7.281,9.975
796,7.251,9.941
797,7.257,9.937
798,7.239,9.907
799,7.239,9.919
800,7.219,9.873
801,7.238,9.910
802,7.205,9.857
803,7.198,9.866
804,7.230,9.888
805,7.229,9.893
806,7.221,9.876
807,7.241,9.916
808,7.248,9.913
809,7.243,9.915
810,7.218,9.895
811,7.218,9.884
812,7.212,9.871
813,7.234,9.910
814,7.249,9.918
815,7.270,9.955
816,7.252,9.940
817,7.217,9.887
818,7.214,9.884
819,7.208,9.866
820,7.226,9.892
821,7.212,9.851
822,7.228,9.886
823,7.245,9.875
824,7.234,9.864
825,7.249,9.905
826,7.242,9.875
827,7.264,9.900
828,7.242,9.865
829,7.269,9.902
830,7.273,9.903
831,7.272,9.896
832,7.259,9.895
833,7.217,9.826
834,7.208,9.823
835,7.192,9.820
836,7.206,9.836
837,7.173,9.781
838,7.190,9.800
839,7.199,9.808
840,7.204,9.818
841,7.201,9.826
842,7.203,9.823
843,7.200,9.821
844,7.227,9.853
845,7.229,9.841
846,7.219,9.849
847,7.210,9.829
848,7.214,9.838
849,7.168,9.781
850,7.176,9.796
851,7.161,9.776
852,7.198,9.839
853,7.179,9.811
854,7.172,9.806
855,7.179,9.825
856,7.168,9.821
857,7.158,9.814
858,7.131,9.783
859,7.145,9.820
860,7.142,9.788
861,7.148,9.811
862,7.160,9.833
863,7.142,9.781
864,7.148,9.798
865,7.126,9.771
866,7.118,9.772
867,7.101,9.751
868,7.116,9.776
869,7.105,9.752
870,7.097,9.764
871,7.089,9.759
872,7.100,9.772
873,7.080,9.722
874,7.102,9.746
875,7.145,9.792
876,7.126,9.767
877,7.139,9.777
878,7.157,9.797
879,7.154,9.795
880,7.207,9.864
881,7.197,9.855
882,7.164,9.795
883,7.161,9.792
884,7.168,9.800
885,7.155,9.784
886,7.178,9.825
887,7.178,9.799
888,7.172,9.804
889,7.188,9.822
890,7.206,9.830
891,7.212,9.823
892,7.232,9.846
893,7.242,9.865
894,7.251,9.863
895,7.273,9.906
896,7.260,9.873
897,7.242,9.849
898,7.207,9.816
899,7.209,9.820
900,7.191,9.799
901,7.211,9.828
902,7.220,9.839
903,7.245,9.882
904,7.242,9.881
905,7.252,9.889
906,7.256,9.908
907,7.270,9.911
908,7.302,9.969
909,7.279,9.926
910,7.285,9.938
911,7.310,9.967
912,7.294,9.928
913,7.298,9.939
914,7.285,9.930
915,7.297,9.954
916,7.258,9.897
917,7.268,9.922
918,7.280,9.944
919,7.289,9.960
920,7.286,9.965
921,7.300,9.961
922,7.293,9.955
923,7.317,9.986
924,7.312,9.966
925,7.325,9.979
926,7.331,9.985
927,7.323,9.972
928,7.374,10.042
929,7.388,10.048
930,7.397,10.062
931,7.359,10.021
932,7.367,10.039
933,7.354,10.024
934,7.347,10.030
935,7.358,10.038
936,7.338,10.003
937,7.382,10.060
938,7.373,10.043
939,7.388,10.062
940,7.395,10.071
941,7.428,10.126
942,7.426,10.104
943,7.422,10.094
944,7.434,10.099
945,7.449,10.122
946,7.479,10.157
947,7.460,10.130
948,7.466,10.147
949,7.460,10.130
950,7.469,10.142
951,7.466,10.137
952,7.437,10.107
953,7.459,10.159
954,7.459,10.150
955,7.465,10.147
956,7.470,10.158
957,7.471,10.161
958,7.463,10.142
959,7.500,10.189
960,7.341,10.034
961,7.305,9.990
962,7.325,10.026
963,7.375,10.070
964,7.354,10.047
965,7.361,10.051
966,7.378,10.057
967,7.359,10.024
968,7.382,10.055
969,7.377,10.055
970,7.397,10.047
971,7.372,10.019
972,7.388,10.023
973,7.400,10.038
974,7.431,10.080
975,7.420,10.068
976,7.433,10.067
977,7.442,10.078
978,7.442,10.074
979,7.457,10.094
980,7.461,10.080
981,7.469,10.105
982,7.459,10.094
983,7.462,10.086
984,7.427,10.039
985,7.445,10.074
986,7.434,10.052
987,7.449,10.058
988,7.461,10.069
989,7.462,10.082
990,7.483,10.081
991,7.474,10.067
992,7.512,10.123
993,7.463,10.063
994,7.474,10.075
995,7.476,10.082
996,7.450,10.042
997,7.491,10.085
998,7.476,10.063
999,7.520,10.115
1000,7.490,10.063
1001,7.512,10.090
1002,7.507,10.080
1003,7.526,10.101
1004,7.494,10.055
1005,7.502,10.062
1006,7.506,10.070
1007,7.518,10.089
1008,7.514,10.088
1009,7.532,10.111
1010,7.526,10.109
1011,7.522,10.103
1012,7.550,10.141
1013,7.541,10.125
1014,7.565,10.168
1015,7.560,10.155
1016,7.567,10.160
1017,7.592,10.197
1018,7.523,10.105
1019,7.519,10.107
1020,7.492,10.079
1021,7.469,10.068
1022,7.469,10.067
1023,7.422,10.013
1024,7.407,10.003
1025,7.409,10.013
1026,7.386,10.004
1027,7.359,9.949
1028,7.370,9.987
1029,7.337,9.934
1030,7.349,9.997
1031,7.335,9.955
1032,7.383,10.021
1033,7.404,10.048
1034,7.379,9.998
1035,7.397,10.019
1036,7.392,10.009
1037,7.400,10.016
1038,7.409,10.020
1039,7.391,10.008
1040,7.349,9.967
1041,7.271,9.888
1042,7.277,9.919
1043,7.216,9.838
1044,7.193,9.807
1045,7.211,9.854
1046,7.190,9.824
1047,7.156,9.772
1048,7.136,9.754
1049,7.117,9.750
1050,7.089,9.711
1051,7.081,9.720
1052,7.108,9.743
1053,7.076,9.704
1054,7.078,9.723
1055,7.096,9.736
1056,7.110,9.756
1057,7.088,9.740
1058,7.054,9.681
1059,7.087,9.716
1060,7.105,9.730
1061,7.099,9.730
1062,7.111,9.753
1063,7.104,9.734
1064,7.099,9.724
1065,7.076,9.714
1066,7.034,9.659
1067,7.014,9.634
1068,6.967,9.584
1069,6.941,9.547
1070,6.906,9.503
1071,6.908,9.515
1072,6.910,9.545
1073,6.862,9.486
1074,6.831,9.452
1075,6.801,9.420
1076,6.759,9.367
1077,6.896,9.499
1078,6.926,9.526
1079,6.936,9.546
1080,6.857,9.463
1081,6.816,9.438
1082,6.743,9.366
1083,6.882,9.499
1084,6.898,9.513
1085,6.919,9.527
1086,6.913,9.534
1087,6.926,9.558
1088,6.947,9.570
1089,6.946,9.573
1090,6.936,9.553
1091,6.956,9.578
1092,6.956,9.580
1093,6.950,9.563
1094,6.977,9.603
1095,6.982,9.617
1096,6.968,9.595
1097,6.977,9.591
1098,6.978,9.588
1099,7.005,9.634
1100,6.986,9.608
1101,6.997,9.627
1102,6.996,9.614
1103,6.969,9.563
1104,6.972,9.585
1105,6.966,9.586
1106,6.891,9.498
1107,6.842,9.444
1108,6.827,9.445
1109,6.838,9.464
1110,6.812,9.425
1111,6.844,9.473
1112,6.830,9.454
1113,6.853,9.455
1114,6.897,9.521
1115,6.949,9.577
1116,7.022,9.650
1117,7.064,9.672
1118,7.133,9.752
1119,7.159,9.757
1120,7.193,9.790
1121,7.242,9.844
1122,7.273,9.863
1123,7.340,9.928
1124,7.385,9.965
1125,7.463,10.056
1126,7.493,10.069
1127,7.510,10.081
1128,7.384,9.962
1129,7.359,9.940
1130,7.350,9.922
1131,7.418,9.999
1132,7.454,10.040
1133,7.471,10.054
1134,7.358,9.939
1135,7.308,9.893
1136,7.311,9.910
1137,7.371,9.978
1138,7.366,9.964
1139,7.376,9.986
1140,7.352,9.942
1141,7.373,9.960
1142,7.367,9.958
1143,7.381,9.984
1144,7.391,9.993
1145,7.384,9.987
1146,7.411,10.021
1147,7.385,9.993
1148,7.386,9.980
1149,7.398,9.998
1150,7.405,10.011
1151,7.384,9.991
1152,7.408,10.025
1153,7.399,10.009
1154,7.408,10.020
1155,7.423,10.023
1156,7.416,10.020
1157,7.444,10.061
1158,7.374,9.993
1159,7.366,9.973
1160,7.383,9.996
1161,7.355,9.971
1162,7.383,9.994
1163,7.346,9.948
1164,7.403,10.020
1165,7.395,10.020
1166,7.385,9.980
1167,7.417,10.023
1168,7.393,9.981
1169,7.402,9.993
1170,7.417,10.023
1171,7.395,9.990
1172,7.424,10.029
1173,7.435,10.035
1174,7.415,10.005
1175,7.433,10.046
1176,7.451,10.069
1177,7.446,10.060
1178,7.436,10.044
1179,7.462,10.092
1180,7.448,10.055
1181,7.442,10.056
1182,7.478,10.106
1183,7.445,10.069
1184,7.461,10.089
1185,7.431,10.042
1186,7.489,10.121
1187,7.482,10.122
1188,7.480,10.107
1189,7.476,10.100
1190,7.475,10.096
1191,7.515,10.159
1192,7.501,10.124
1193,7.484,10.104
1194,7.512,10.152
1195,7.505,10.129
1196,7.507,10.127
1197,7.538,10.165
1198,7.537,10.165
1199,7.530,10.162
1200,7.538,10.168
1201,7.525,10.146
1202,7.520,10.158
1203,7.523,10.137
1204,7.504,10.119
1205,7.545,10.195
1206,7.537,10.187
1207,7.447,10.053
1208,7.415,10.041
1209,7.372,10.003
1210,7.329,9.966
1211,7.280,9.926
1212,7.234,9.876
1213,7.234,9.893
1214,7.213,9.852
1215,7.216,9.861
1216,7.191,9.844
1217,7.197,9.857
1218,7.162,9.807
1219,7.159,9.804
1220,7.145,9.793
1221,7.143,9.805
1222,7.132,9.787
1223,7.133,9.797
1224,7.121,9.776
1225,7.131,9.811
1226,7.085,9.767
1227,7.076,9.747
1228,7.066,9.732
1229,7.058,9.738
1230,7.071,9.766
1231,7.040,9.709
1232,7.036,9.709
1233,7.045,9.731
1234,7.031,9.715
1235,6.996,9.662
1236,6.985,9.653
1237,6.971,9.654
1238,6.966,9.646
1239,7.102,9.763
1240,7.102,9.743
1241,7.161,9.817
1242,7.133,9.799
1243,7.128,9.794
1244,7.089,9.743
1245,7.086,9.749
1246,7.070,9.717
1247,7.043,9.679
1248,7.248,9.887
1249,7.222,9.869
1250,7.190,9.827
1251,7.105,9.756
1252,7.107,9.774
1253,7.095,9.756
1254,7.080,9.736
1255,7.099,9.769
1256,7.092,9.768
1257,7.074,9.741
1258,7.069,9.727
1259,7.091,9.780
1260,7.075,9.756
1261,7.058,9.727
1262,7.061,9.756
1263,7.055,9.740
1264,7.062,9.749
1265,7.056,9.739
1266,7.214,9.882
1267,7.378,10.038
1268,7.558,10.198
1269,7.520,10.164
1270,7.500,10.133
1271,7.556,10.185
1272,7.571,10.188
1273,7.595,10.197
1274,7.672,10.302
1275,7.766,10.379
1276,7.828,10.447
1277,7.966,10.575
1278,7.909,10.514
1279,7.927,10.541
1280,7.967,10.572
1281,7.883,10.484
1282,7.877,10.483
1283,7.882,10.494
1284,7.730,10.355
1285,7.748,10.375
1286,7.768,10.382
1287,7.822,10.445
1288,7.854,10.480
1289,7.844,10.462
1290,7.823,10.438
1291,7.826,10.425
1292,7.846,10.466
1293,7.820,10.424
1294,7.841,10.452
1295,7.850,10.444
1296,7.858,10.456
1297,7.863,10.465
1298,7.843,10.436
1299,7.837,10.422
1300,7.855,10.458
1301,7.858,10.459
1302,7.842,10.446
1303,7.862,10.475
1304,7.862,10.463
1305,7.874,10.489
1306,7.847,10.422
1307,7.886,10.494
1308,7.888,10.492
1309,7.871,10.472
1310,7.894,10.503
1311,7.895,10.507
1312,7.856,10.440
1313,7.869,10.465
1314,7.871,10.473
1315,7.894,10.505
1316,7.901,10.521
1317,7.900,10.501
1318,7.936,10.569
1319,7.905,10.531
1320,7.902,10.526
1321,7.910,10.521
1322,7.931,10.557
1323,7.927,10.537
1324,7.945,10.577
1325,7.976,10.603
1326,7.963,10.585
1327,7.971,10.604
1328,7.966,10.600
1329,7.972,10.600
1330,7.978,10.619
1331,7.996,10.636
1332,7.977,10.613
1333,7.998,10.634
1334,7.982,10.635
1335,7.959,10.627
1336,7.959,10.618
1337,7.898,10.540
1338,7.888,10.534
1339,7.872,10.531
1340,7.829,10.486
1341,7.801,10.454
1342,7.781,10.439
1343,7.742,10.404
1344,7.674,10.329
1345,7.690,10.356
1346,7.634,10.303
1347,7.617,10.297
1348,7.575,10.275
1349,7.578,10.293
1350,7.500,10.199
1351,7.487,10.197
1352,7.461,10.171
1353,7.410,10.113
1354,7.387,10.098
1355,7.346,10.072
1356,7.329,10.058
1357,7.313,10.038
1358,7.289,10.020
1359,7.440,10.153
1360,7.448,10.154
1361,7.487,10.192
1362,7.421,10.137
1363,7.379,10.089
1364,7.367,10.076
1365,7.339,10.041
1366,7.338,10.070
1367,7.334,10.070
1368,7.468,10.180
1369,7.472,10.170
1370,7.502,10.196
1371,7.476,10.181
1372,7.433,10.128
1373,7.439,10.139
1374,7.451,10.152
1375,7.436,10.122
1376,7.444,10.140
1377,7.440,10.128
1378,7.460,10.152
1379,7.442,10.134
1380,7.448,10.131
1381,7.442,10.107
1382,7.425,10.088
1383,7.461,10.140
1384,7.422,10.084
1385,7.437,10.098
1386,7.421,10.069
1387,7.414,10.068
1388,7.416,10.073
1389,7.443,10.108
1390,7.424,10.104
1391,7.471,10.165
1392,7.469,10.147
1393,7.490,10.156
1394,7.505,10.182
1395,7.501,10.174
1396,7.509,10.184
1397,7.536,10.201
1398,7.565,10.255
1399,7.593,10.282
1400,7.626,10.307
1401,7.688,10.371
1402,7.726,10.401
1403,7.785,10.456
1404,7.832,10.519
1405,7.885,10.585
1406,7.946,10.649
1407,7.983,10.690
1408,8.016,10.715
1409,8.036,10.742
1410,8.026,10.748
1411,7.968,10.668
1412,7.879,10.574
1413,7.764,10.435
1414,7.736,10.404
1415,7.708,10.375
1416,7.742,10.416
1417,7.765,10.430
1418,7.801,10.467
1419,7.827,10.486
1420,7.862,10.525
1421,7.862,10.517
1422,7.867,10.524
1423,7.873,10.526
1424,7.876,10.516
1425,7.929,10.589
1426,7.938,10.593
1427,7.940,10.610
1428,7.970,10.628
1429,7.982,10.634
1430,8.009,10.680
1431,7.903,10.573
1432,7.878,10.535
1433,7.852,10.520
1434,7.936,10.613
1435,7.928,10.604
1436,7.977,10.651
1437,7.990,10.657
1438,7.992,10.660
1439,8.030,10.712
1440,7.909,10.584
1441,7.894,10.574
1442,7.875,10.561
1443,7.913,10.567
1444,7.942,10.610
1445,7.976,10.646
1446,7.941,10.604
1447,7.946,10.601
1448,7.950,10.602
1449,7.976,10.634
1450,7.972,10.619
1451,7.981,10.650
1452,7.961,10.607
1453,7.952,10.614
1454,7.964,10.630
1455,7.936,10.617
1456,7.938,10.605
1457,7.917,10.593
1458,7.945,10.631
1459,7.956,10.642
1460,7.903,10.559
1461,7.917,10.587
1462,7.932,10.620
1463,7.925,10.609
1464,7.891,10.583
1465,7.879,10.568
1466,7.869,10.537
1467,7.884,10.573
1468,7.876,10.548
1469,7.893,10.573
1470,7.874,10.555
1471,7.900,10.578
1472,7.934,10.627
1473,7.915,10.582
1474,7.927,10.608
1475,7.928,10.606
1476,7.973,10.648
1477,7.961,10.636
1478,7.970,10.641
1479,8.006,10.692
1480,8.017,10.682
1481,8.035,10.703
1482,8.038,10.700
1483,8.048,10.697
1484,8.080,10.731
1485,8.101,10.747
1486,8.106,10.744
1487,8.160,10.817
1488,8.140,10.776
1489,8.183,10.846
1490,8.178,10.815
1491,8.220,10.873
1492,8.233,10.879
1493,8.278,10.922
1494,8.290,10.927
1495,8.301,10.923
1496,8.357,11.002
1497,8.333,10.938
1498,8.361,10.991
1499,8.370,10.984
1500,8.338,10.935
1501,8.378,11.011
1502,8.377,10.990
1503,8.388,11.009
1504,8.357,10.956
1505,8.369,10.984
1506,8.377,10.975
1507,8.391,11.004
1508,8.383,10.973
1509,8.364,10.952
1510,8.376,10.985
1511,8.407,11.011
1512,8.381,10.975
1513,8.367,10.957
1514,8.380,10.969
1515,8.354,10.952
1516,8.370,10.949
1517,8.377,10.974
1518,8.378,10.966
1519,8.396,11.005
1520,8.400,10.998
1521,8.410,11.011
1522,8.389,10.976
1523,8.341,10.932
1524,8.348,10.942
1525,8.362,10.965
1526,8.313,10.903
1527,8.310,10.903
1528,8.268,10.871
1529,8.237,10.837
1530,8.206,10.806
1531,8.185,10.785
1532,8.137,10.724
1533,8.103,10.712
1534,8.088,10.699
1535,8.075,10.702
1536,8.048,10.674
1537,8.050,10.670
1538,7.961,10.572
1539,7.961,10.603
1540,7.924,10.556
1541,7.918,10.563
1542,7.897,10.542
1543,7.891,10.532
1544,7.855,10.501
1545,7.829,10.476
1546,7.823,10.491
1547,7.801,10.459
1548,7.815,10.482
1549,7.783,10.447
1550,7.768,10.428
1551,7.806,10.475
1552,7.770,10.440
1553,7.770,10.447
1554,7.745,10.409
1555,7.735,10.412
1556,7.745,10.400
1557,7.757,10.433
1558,7.754,10.438
1559,7.760,10.462
1560,7.714,10.383
1561,7.708,10.396
1562,7.683,10.369
1563,7.644,10.320
1564,7.633,10.318
1565,7.646,10.328
1566,7.583,10.232
1567,7.583,10.229
1568,7.503,10.130
1569,7.469,10.103
1570,7.405,10.039
1571,7.398,10.039
1572,7.499,10.117
1573,7.505,10.142
1574,7.484,10.128
1575,7.437,10.079
1576,7.419,10.053
1577,7.422,10.061
1578,7.572,10.191
1579,7.597,10.202
1580,7.674,10.310
1581,7.604,10.223
1582,7.582,10.204
1583,7.621,10.246
1584,7.608,10.253
1585,7.597,10.218
1586,7.581,10.200
1587,7.614,10.242
1588,7.572,10.183
1589,7.588,10.202
1590,7.573,10.183
1591,7.586,10.211
1592,7.566,10.191
1593,7.557,10.175
1594,7.581,10.213
1595,7.570,10.208
1596,7.561,10.187
1597,7.541,10.179
1598,7.559,10.208
1599,7.691,10.319
1600,7.728,10.367
1601,7.733,10.365
1602,7.739,10.394
1603,7.745,10.402
1604,7.722,10.358
1605,7.732,10.393
1606,7.759,10.412
1607,7.837,10.503
1608,7.912,10.557
1609,8.004,10.654
1610,8.062,10.696
1611,8.133,10.769
1612,8.199,10.832
1613,8.255,10.891
1614,8.309,10.954
1615,8.374,11.018
1616,8.418,11.054
1617,8.505,11.153
1618,8.566,11.202
1619,8.617,11.279
1620,8.510,11.158
1621,8.490,11.108
1622,8.539,11.175
1623,8.533,11.164
1624,8.539,11.175
1625,8.544,11.196
1626,8.473,11.131
1627,8.450,11.103
1628,8.456,11.121
1629,8.565,11.242
1630,8.596,11.276
1631,8.589,11.278
1632,8.606,11.285
1633,8.623,11.321
1634,8.610,11.305
1635,8.637,11.337
1636,8.653,11.358
1637,8.690,11.410
1638,8.703,11.411
1639,8.716,11.421
1640,8.719,11.417
1641,8.758,11.466
1642,8.769,11.457
1643,8.745,11.428
1644,8.754,11.431
1645,8.769,11.454
1646,8.779,11.421
1647,8.787,11.446
1648,8.793,11.434
1649,8.797,11.439
1650,8.786,11.395
1651,8.790,11.401
1652,8.825,11.431
1653,8.824,11.406
1654,8.809,11.387
1655,8.834,11.396
1656,8.825,11.360
1657,8.835,11.360
1658,8.846,11.368
1659,8.865,11.381
1660,8.847,11.372
1661,8.856,11.376
1662,8.854,11.365
1663,8.819,11.318
1664,8.815,11.317
1665,8.826,11.328
1666,8.780,11.267
1667,8.764,11.263
1668,8.737,11.213
1669,8.687,11.152
1670,8.679,11.160
1671,8.622,11.098
1672,8.596,11.072
1673,8.550,11.010
1674,8.491,10.956
1675,8.458,10.909
1676,8.398,10.858
1677,8.368,10.852
1678,8.343,10.822
1679,8.264,10.736
1680,8.243,10.715
1681,8.208,10.703
1682,8.154,10.630
1683,8.126,10.608
1684,8.091,10.568
1685,8.077,10.570
1686,8.032,10.514
1687,7.982,10.446
1688,7.940,10.419
1689,7.879,10.364
1690,7.867,10.344
1691,7.806,10.281
1692,7.757,10.233
1693,7.722,10.177
1694,7.728,10.206
1695,7.678,10.144
1696,7.669,10.130
1697,7.656,10.119
1698,7.674,10.147
1699,7.643,10.108
1700,7.638,10.099
1701,7.650,10.150
1702,7.634,10.128
1703,7.606,10.101
1704,7.575,10.070
1705,7.593,10.113
1706,7.544,10.057
1707,7.502,9.999
1708,7.486,10.000
1709,7.438,9.938
1710,7.397,9.880
1711,7.362,9.864
1712,7.358,9.867
1713,7.335,9.844
1714,7.297,9.809
1715,7.265,9.788
1716,7.230,9.759
1717,7.226,9.759
1718,7.206,9.761
1719,7.203,9.749
1720,7.201,9.758
1721,7.186,9.729
1722,7.160,9.719
1723,7.160,9.750
1724,7.092,9.677
1725,7.063,9.651
1726,7.042,9.632
1727,7.003,9.595
1728,7.156,9.751
1729,7.178,9.755
1730,7.209,9.800
1731,7.166,9.742
1732,7.161,9.755
1733,7.167,9.766
