0,14.210,16.257
1,14.213,16.249
2,14.231,16.291
3,14.092,16.140
4,13.915,15.971
5,14.099,16.212
6,13.929,16.039
7,13.835,15.942
8,14.035,16.193
9,14.099,16.290
10,14.106,16.282
11,14.104,16.296
12,14.061,16.231
13,13.957,16.115
14,13.781,15.915
15,13.689,15.828
16,13.554,15.666
17,13.363,15.440
18,12.350,14.157
19,12.345,14.116
20,12.394,14.099
21,12.498,14.151
22,12.667,14.258
23,13.021,14.645
24,13.289,14.853
25,13.628,15.134
26,13.958,15.458
27,14.371,15.866
28,14.685,16.169
29,15.068,16.547
30,15.432,16.928
31,15.611,17.129
32,15.854,17.396
33,15.987,17.522
34,16.149,17.681
35,16.235,17.760
36,16.288,17.791
37,16.392,17.912
38,16.446,17.971
39,16.539,18.069
40,16.539,18.046
41,16.600,18.103
42,16.671,18.171
43,16.699,18.203
44,16.755,18.247
45,16.809,18.311
46,16.818,18.302
47,16.851,18.336
48,16.919,18.401
49,16.953,18.437
50,16.978,18.444
51,17.008,18.467
52,17.048,18.494
53,17.077,18.523
54,17.121,18.590
55,17.148,18.574
56,17.225,18.685
57,17.268,18.745
58,17.313,18.760
59,17.352,18.835
60,17.422,18.890
61,17.479,18.969
62,17.489,18.963
63,17.523,18.983
64,17.591,19.053
65,17.656,19.139
66,17.700,19.164
67,17.723,19.194
68,17.766,19.241
69,17.775,19.258
70,17.779,19.241
71,17.788,19.247
72,17.839,19.300
73,17.940,19.407
74,18.033,19.493
75,18.093,19.561
76,18.183,19.649
77,18.247,19.699
78,18.334,19.792
79,18.504,20.025
80,18.572,20.072
81,18.577,20.096
82,18.618,20.113
83,18.719,20.258
84,18.769,20.315
85,18.776,20.345
86,18.929,20.530
87,18.810,20.379
88,18.651,20.156
89,18.550,20.060
90,18.451,19.957
91,18.327,19.832
92,18.152,19.649
93,18.100,19.624
94,17.990,19.530
95,17.898,19.451
96,17.809,19.372
97,17.733,19.301
98,17.599,19.184
99,17.580,19.192
100,17.472,19.085
101,17.415,19.077
102,17.303,18.952
103,17.295,18.991
104,17.201,18.903
105,17.114,18.846
106,17.074,18.849
107,17.068,18.859
108,17.027,18.830
109,17.044,18.895
110,17.058,18.918
111,17.145,19.080
112,17.108,19.031
113,17.182,19.148
114,17.262,19.279
115,17.244,19.242
116,17.336,19.386
117,17.352,19.419
118,17.477,19.587
119,17.521,19.658
120,17.574,19.740
121,17.607,19.808
122,17.563,19.755
123,17.596,19.847
124,17.574,19.816
125,17.625,19.873
126,17.565,19.803
127,17.521,19.770
128,17.502,19.760
129,17.689,20.096
130,17.566,19.876
131,17.550,19.902
132,17.491,19.848
133,17.489,19.879
134,17.412,19.765
135,17.324,19.658
136,17.272,19.636
137,17.223,19.572
138,17.236,19.630
139,17.097,19.443
140,17.050,19.375
141,16.973,19.301
142,16.908,19.210
143,16.906,19.277
144,16.781,19.129
145,16.746,19.077
146,16.741,19.110
147,16.618,18.935
148,16.583,18.906
149,16.544,18.865
150,16.457,18.775
151,16.407,18.710
152,16.420,18.761
153,16.420,18.778
154,16.350,18.665
155,16.304,18.625
156,16.275,18.613
157,16.277,18.623
158,16.164,18.471
159,16.148,18.494
160,16.130,18.500
161,16.179,18.588
162,16.054,18.408
163,16.004,18.353
164,15.936,18.270
165,15.833,18.101
166,15.884,18.221
167,15.861,18.183
168,15.817,18.125
169,15.706,17.959
170,15.855,18.247
171,15.764,18.122
172,15.725,18.067
173,15.663,18.157
174,15.833,18.378
175,15.641,17.991
176,15.672,18.067
177,15.729,18.151
178,15.676,18.058
179,15.662,18.036
180,15.795,18.290
181,15.585,17.922
182,15.575,17.911
183,15.556,17.865
184,15.585,17.927
185,15.536,17.850
186,15.537,17.842
187,15.507,17.824
188,15.509,17.828
189,15.496,17.812
190,15.463,17.780
191,15.499,17.843
192,15.418,17.756
193,15.451,17.783
194,15.426,17.757
195,15.425,17.744
196,15.380,17.714
197,15.343,17.703
198,15.308,17.627
199,15.296,17.677
200,15.456,17.819
201,15.478,17.824
202,15.486,17.826
203,15.416,17.775
204,15.383,17.734
205,15.356,17.703
206,15.486,17.844
207,15.513,17.868
208,15.650,18.103
209,15.550,17.930
210,15.608,18.033
211,15.507,17.861
212,15.543,17.932
213,15.518,17.861
214,15.537,17.885
215,15.442,17.747
216,15.480,17.801
217,15.521,17.879
218,15.438,17.748
219,15.451,17.769
220,15.437,17.726
221,15.502,17.804
222,15.522,17.838
223,15.535,17.834
224,15.557,17.872
225,15.532,17.828
226,15.443,17.712
227,15.651,17.937
228,15.724,18.036
229,15.820,18.141
230,15.722,18.040
231,15.722,17.991
232,15.913,18.373
233,15.759,18.077
234,15.758,18.064
235,15.785,18.068
236,15.940,18.301
237,15.913,18.251
238,15.924,18.257
239,15.951,18.239
240,15.969,18.245
241,16.032,18.318
242,16.102,18.366
243,16.116,18.376
244,16.171,18.427
245,16.217,18.463
246,16.238,18.493
247,16.293,18.538
248,16.188,18.414
249,16.212,18.424
250,16.181,18.405
251,16.054,18.233
252,16.072,18.269
253,16.128,18.334
254,16.103,18.304
255,16.086,18.297
256,16.094,18.325
257,16.041,18.244
258,16.032,18.208
259,16.057,18.237
260,16.055,18.231
261,16.028,18.230
262,16.116,18.346
263,16.044,18.224
264,16.077,18.256
265,15.946,18.060
266,15.969,18.111
267,16.079,18.282
268,16.087,18.275
269,16.122,18.336
270,16.086,18.274
271,16.063,18.268
272,16.094,18.288
273,16.102,18.288
274,16.095,18.301
275,16.126,18.328
276,16.169,18.430
277,16.154,18.371
278,16.121,18.306
279,16.099,18.317
280,16.095,18.303
281,16.056,18.248
282,16.042,18.229
283,16.010,18.189
284,16.017,18.198
285,16.024,18.234
286,15.984,18.176
287,15.948,18.131
288,15.957,18.149
289,15.968,18.164
290,15.960,18.148
291,15.956,18.147
292,16.003,18.195
293,16.011,18.234
294,15.883,18.017
295,15.839,17.952
296,15.876,17.989
297,16.024,18.244
298,15.964,18.144
299,15.990,18.173
300,15.991,18.173
301,15.945,18.116
302,15.952,18.117
303,15.942,18.124
304,15.949,18.147
305,15.926,18.096
306,15.921,18.074
307,15.940,18.107
308,15.888,18.030
309,15.866,18.018
310,15.884,18.044
311,15.848,17.985
312,15.854,17.986
313,15.805,17.944
314,15.792,17.915
315,15.728,17.852
316,15.737,17.874
317,15.690,17.831
318,15.624,17.745
319,15.562,17.644
320,15.531,17.629
321,15.540,17.672
322,15.499,17.601
323,15.483,17.586
324,15.433,17.531
325,15.430,17.530
326,15.522,17.605
327,15.518,17.590
328,15.577,17.657
329,15.486,17.572
330,15.460,17.531
331,15.461,17.530
332,15.583,17.673
333,15.600,17.684
334,15.597,17.689
335,15.541,17.628
336,15.518,17.587
337,15.560,17.642
338,15.623,17.705
339,15.622,17.672
340,15.660,17.692
341,15.618,17.646
342,15.737,17.854
343,15.641,17.684
344,15.618,17.639
345,15.626,17.636
346,15.534,17.526
347,15.602,17.611
348,15.513,17.498
349,15.480,17.470
350,15.496,17.500
351,15.452,17.437
352,15.447,17.452
353,15.436,17.418
354,15.467,17.467
355,15.565,17.579
356,15.614,17.650
357,15.644,17.695
358,15.674,17.697
359,15.717,17.771
360,15.762,17.793
361,15.894,17.989
362,16.036,18.179
363,15.984,18.058
364,15.878,17.982
365,15.905,18.000
366,15.949,18.019
367,15.999,18.073
368,16.066,18.174
369,16.141,18.254
370,16.369,18.493
371,16.324,18.480
372,16.272,18.410
373,16.081,18.140
374,15.839,17.922
375,15.757,17.819
376,15.730,17.786
377,15.645,17.715
378,15.679,17.748
379,15.737,17.849
380,15.788,17.907
381,15.760,17.861
382,15.798,17.934
383,15.780,17.917
384,15.748,17.865
385,15.751,17.915
386,15.759,17.900
387,15.849,18.044
388,15.831,18.001
389,15.806,17.951
390,15.805,17.931
391,15.813,17.965
392,15.781,17.906
393,15.950,18.221
394,15.838,18.024
395,15.783,17.950
396,15.737,17.872
397,15.724,17.829
398,15.718,17.834
399,15.688,17.822
400,15.759,17.940
401,15.844,18.077
402,15.779,17.984
403,15.709,17.829
404,15.746,17.887
405,15.797,17.997
406,15.682,17.774
407,15.836,18.021
408,15.754,17.848
409,15.753,17.862
410,15.800,17.944
411,15.761,17.877
412,15.776,17.883
413,15.788,17.888
414,15.798,17.884
415,15.899,18.043
416,15.891,18.011
417,15.828,17.932
418,15.774,17.868
419,15.768,17.854
420,15.774,17.876
421,15.779,17.858
422,15.735,17.812
423,15.650,17.729
424,15.637,17.709
425,15.560,17.569
426,15.678,17.773
427,15.666,17.740
428,15.674,17.754
429,15.704,17.768
430,15.738,17.823
431,15.699,17.768
432,15.799,17.906
433,15.582,17.663
434,15.554,17.665
435,15.386,17.394
436,15.530,17.636
437,15.510,17.642
438,15.458,17.558
439,15.428,17.502
440,15.570,17.668
441,15.548,17.615
442,15.604,17.702
443,15.463,17.536
444,15.474,17.545
445,15.424,17.507
446,15.380,17.451
447,15.374,17.438
448,15.335,17.398
449,15.298,17.354
450,15.311,17.356
451,15.286,17.348
452,15.420,17.486
453,15.477,17.545
454,15.483,17.562
455,15.415,17.458
456,15.432,17.481
457,15.399,17.450
458,15.378,17.417
459,15.395,17.441
460,15.374,17.421
461,15.379,17.419
462,15.384,17.425
463,15.388,17.429
464,15.358,17.412
465,15.341,17.376
466,15.328,17.379
467,15.474,17.539
468,15.564,17.658
469,15.553,17.639
470,15.502,17.573
471,15.482,17.554
472,15.463,17.560
473,15.589,17.660
474,15.609,17.690
475,15.660,17.720
476,15.571,17.633
477,15.589,17.654
478,15.564,17.625
479,15.625,17.669
480,15.666,17.722
481,15.729,17.792
482,15.752,17.818
483,15.803,17.875
484,15.913,18.022
485,15.957,18.064
486,16.069,18.164
487,16.037,18.113
488,16.181,18.282
489,16.198,18.288
490,16.236,18.311
491,16.185,18.252
492,16.198,18.294
493,16.228,18.316
494,16.273,18.372
495,16.236,18.317
496,16.289,18.390
497,16.170,18.245
498,16.231,18.340
499,16.222,18.340
500,15.993,18.004
501,16.048,18.125
502,15.990,18.057
503,16.031,18.119
504,16.079,18.167
505,16.055,18.148
506,16.047,18.160
507,16.057,18.159
508,16.067,18.148
509,16.067,18.155
510,15.943,17.952
511,15.935,17.942
512,16.132,18.239
513,16.107,18.213
514,15.908,17.902
515,16.103,18.216
516,15.909,17.916
517,16.091,18.204
518,15.896,17.912
519,15.849,17.860
520,15.847,17.843
521,15.847,17.835
522,16.013,18.110
523,15.997,18.098
524,15.994,18.101
525,15.894,17.962
526,15.873,17.950
527,15.853,17.914
528,15.906,18.016
529,15.844,17.932
530,15.654,17.637
531,15.632,17.631
532,15.598,17.596
533,15.550,17.543
534,15.565,17.581
535,15.551,17.557
536,15.538,17.553
537,15.541,17.575
538,15.660,17.770
539,15.590,17.674
540,15.609,17.698
541,15.542,17.624
542,15.558,17.666
543,15.532,17.616
544,15.538,17.657
545,15.510,17.626
546,15.521,17.646
547,15.564,17.715
548,15.517,17.651
549,15.499,17.624
550,15.498,17.641
551,15.482,17.607
552,15.454,17.592
553,15.482,17.619
554,15.374,17.453
555,15.357,17.464
556,15.420,17.568
557,15.446,17.612
558,15.384,17.544
559,15.373,17.524
560,15.371,17.529
561,15.386,17.541
562,15.354,17.520
563,15.564,17.744
564,15.584,17.740
565,15.626,17.790
566,15.883,18.342
567,15.689,17.953
568,15.640,17.859
569,15.622,17.851
570,15.708,17.982
571,15.602,17.782
572,15.581,17.751
573,15.596,17.777
574,15.638,17.827
575,15.755,18.039
576,15.700,17.928
577,15.655,17.846
578,15.659,17.838
579,15.709,17.885
580,15.695,17.882
581,15.721,17.911
582,15.715,17.880
583,15.735,17.922
584,15.737,17.915
585,15.753,17.934
586,15.766,17.957
587,15.772,17.949
588,15.785,17.962
589,15.788,17.984
590,15.817,17.985
591,15.813,18.005
592,15.830,18.024
593,15.863,18.060
594,15.884,18.074
595,15.893,18.117
596,15.892,18.111
597,15.923,18.115
598,15.915,18.126
599,15.916,18.122
600,15.906,18.112
601,15.896,18.104
602,15.905,18.104
603,15.915,18.094
604,15.913,18.100
605,15.898,18.090
606,15.893,18.070
607,15.892,18.081
608,15.926,18.142
609,15.941,18.151
610,15.932,18.133
611,15.935,18.154
612,15.949,18.168
613,15.969,18.223
614,15.966,18.202
615,15.978,18.202
616,15.975,18.203
617,15.977,18.196
618,16.009,18.249
619,16.021,18.248
620,15.996,18.217
621,15.997,18.205
622,16.017,18.226
623,16.014,18.210
624,16.003,18.209
625,16.016,18.187
626,15.995,18.171
627,15.992,18.173
628,15.994,18.181
629,16.014,18.197
630,16.002,18.201
631,15.999,18.147
632,16.029,18.222
633,16.033,18.223
634,16.029,18.214
635,16.041,18.245
636,16.007,18.210
637,15.992,18.183
638,15.978,18.152
639,15.984,18.189
640,16.001,18.231
641,15.980,18.185
642,15.969,18.166
643,15.942,18.120
644,15.947,18.131
645,15.962,18.151
646,15.960,18.139
647,15.942,18.110
648,15.955,18.145
649,15.952,18.137
650,15.964,18.147
651,15.960,18.155
652,15.945,18.114
653,15.946,18.123
654,15.951,18.131
655,15.967,18.148
656,15.975,18.182
657,15.958,18.149
658,15.939,18.145
659,15.963,18.182
660,15.906,18.103
661,15.893,18.091
662,15.902,18.132
663,15.885,18.121
664,15.904,18.131
665,15.897,18.152
666,15.881,18.155
667,15.844,18.096
668,15.851,18.123
669,15.805,18.065
670,15.794,18.053
671,15.745,17.991
672,15.712,17.958
673,15.700,17.968
674,15.685,17.935
675,15.651,17.885
676,15.678,17.963
677,15.639,17.918
678,15.646,17.907
679,15.608,17.856
680,15.586,17.814
681,15.566,17.801
682,15.562,17.823
683,15.551,17.794
684,15.586,17.902
685,15.576,17.894
686,15.484,17.762
687,15.459,17.674
688,15.400,17.623
689,15.540,17.756
690,15.508,17.713
691,15.524,17.708
692,15.446,17.595
693,15.424,17.599
694,15.450,17.609
695,15.535,17.707
696,15.546,17.690
697,15.534,17.682
698,15.463,17.582
699,15.455,17.566
700,15.438,17.544
701,15.420,17.512
702,15.429,17.503
703,15.406,17.512
704,15.427,17.538
705,15.418,17.501
706,15.458,17.544
707,15.412,17.481
708,15.443,17.516
709,15.452,17.520
710,15.505,17.585
711,15.514,17.609
712,15.551,17.629
713,15.584,17.636
714,15.612,17.681
715,15.653,17.729
716,15.746,17.838
717,15.691,17.751
718,15.724,17.754
719,15.791,17.870
720,15.833,17.905
721,15.859,17.945
722,15.727,17.818
723,15.760,17.829
724,15.734,17.802
725,15.824,17.905
726,15.860,17.957
727,15.863,17.944
728,15.743,17.802
729,15.671,17.720
730,15.585,17.634
731,15.471,17.466
732,15.392,17.399
733,15.321,17.318
734,15.330,17.316
735,15.304,17.294
736,15.313,17.302
737,15.301,17.294
738,15.268,17.254
739,15.247,17.242
740,15.204,17.170
741,15.219,17.195
742,15.276,17.261
743,15.268,17.277
744,15.287,17.283
745,15.296,17.286
746,15.267,17.241
747,15.289,17.265
748,15.335,17.337
749,15.334,17.327
750,15.375,17.372
751,15.382,17.383
752,15.373,17.372
753,15.419,17.427
754,15.442,17.453
755,15.310,17.294
756,15.332,17.327
757,15.320,17.313
758,15.387,17.392
759,15.482,17.488
760,15.523,17.548
761,15.553,17.576
762,15.566,17.608
763,15.568,17.594
764,15.581,17.590
765,15.626,17.648
766,15.630,17.650
767,15.657,17.688
768,15.670,17.693
769,15.699,17.720
770,15.697,17.705
771,15.707,17.709
772,15.728,17.751
773,15.743,17.733
774,15.754,17.755
775,15.779,17.754
776,15.791,17.783
777,15.792,17.773
778,15.839,17.825
779,15.815,17.778
780,15.851,17.815
781,15.917,17.883
782,15.917,17.874
783,15.983,17.959
784,15.979,17.947
785,15.974,17.951
786,15.986,17.948
787,15.954,17.936
788,15.916,17.888
789,15.887,17.847
790,15.869,17.822
791,15.866,17.824
792,15.850,17.809
793,15.847,17.811
794,15.787,17.727
795,15.777,17.739
796,15.730,17.661
797,15.716,17.675
798,15.645,17.584
799,15.628,17.584
800,15.555,17.502
801,15.419,17.313
802,15.395,17.281
803,15.364,17.239
804,15.326,17.206
805,15.348,17.245
806,15.297,17.186
807,15.241,17.102
808,15.238,17.108
809,15.193,17.057
810,15.152,17.013
811,15.123,16.957
812,15.081,16.929
813,15.070,16.929
814,15.012,16.873
815,15.016,16.890
816,14.938,16.790
817,14.908,16.768
818,14.850,16.691
819,14.816,16.674
820,14.868,16.767
821,14.810,16.681
822,14.771,16.642
823,14.796,16.709
824,14.779,16.664
825,14.785,16.674
826,14.841,16.722
827,14.823,16.709
828,14.819,16.680
829,14.851,16.734
830,14.856,16.736
831,14.799,16.698
832,14.839,16.720
833,14.875,16.797
834,14.759,16.633
835,14.687,16.556
836,14.706,16.580
837,14.696,16.585
838,14.626,16.473
839,14.628,16.502
840,14.626,16.469
841,14.676,16.550
842,14.663,16.521
843,14.698,16.568
844,14.646,16.502
845,14.640,16.489
846,14.606,16.467
847,14.639,16.508
848,14.621,16.480
849,14.618,16.472
850,14.590,16.427
851,14.595,16.434
852,14.609,16.437
853,14.608,16.453
854,14.566,16.388
855,14.552,16.381
856,14.508,16.318
857,14.485,16.294
858,14.488,16.302
859,14.433,16.217
860,14.455,16.227
861,14.461,16.251
862,14.416,16.164
863,14.460,16.242
864,14.426,16.208
865,14.464,16.244
866,14.478,16.246
867,14.501,16.267
868,14.467,16.232
869,14.507,16.262
870,14.502,16.274
871,14.563,16.311
872,14.539,16.273
873,14.551,16.294
874,14.582,16.320
875,14.627,16.377
876,14.591,16.326
877,14.591,16.338
878,14.598,16.320
879,14.579,16.283
880,14.631,16.357
881,14.615,16.347
882,14.620,16.337
883,14.616,16.304
884,14.649,16.350
885,14.660,16.357
886,14.733,16.457
887,14.735,16.420
888,14.771,16.446
889,14.807,16.471
890,14.868,16.550
891,14.882,16.514
892,14.919,16.570
893,14.943,16.596
894,14.985,16.629
895,14.984,16.604
896,15.056,16.693
897,15.032,16.646
898,15.066,16.675
899,15.068,16.674
900,15.104,16.705
901,15.141,16.747
902,15.173,16.766
903,15.179,16.774
904,15.251,16.849
905,15.208,16.791
906,15.259,16.828
907,15.248,16.824
908,15.306,16.898
909,15.278,16.845
910,15.283,16.843
911,15.271,16.828
912,15.270,16.841
913,15.254,16.818
914,15.233,16.804
915,15.249,16.815
916,15.244,16.813
917,15.292,16.867
918,15.288,16.865
919,15.291,16.878
920,15.253,16.823
921,15.274,16.854
922,15.293,16.874
923,15.298,16.899
924,15.293,16.890
925,15.324,16.938
926,15.329,16.931
927,15.312,16.919
928,15.351,16.955
929,15.311,16.928
930,15.356,16.963
931,15.397,17.034
932,15.401,17.037
933,15.411,17.050
934,15.428,17.058
935,15.436,17.091
936,15.504,17.173
937,15.524,17.202
938,15.502,17.181
939,15.527,17.207
940,15.544,17.238
941,15.548,17.262
942,15.582,17.309
943,15.585,17.321
944,15.594,17.341
945,15.620,17.389
946,15.507,17.228
947,15.485,17.223
948,15.502,17.243
949,15.703,17.540
950,15.734,17.561
951,15.757,17.604
952,15.794,17.644
953,15.869,17.764
954,15.884,17.774
955,15.928,17.841
956,15.951,17.860
957,15.980,17.908
958,16.030,17.970
959,16.013,17.981
960,15.857,17.822
961,15.870,17.847
962,15.900,17.877
963,15.899,17.879
964,15.901,17.893
965,15.936,17.925
966,15.931,17.932
967,15.950,17.952
968,15.930,17.953
969,15.970,17.989
970,15.999,18.058
971,16.048,18.120
972,16.022,18.084
973,15.828,17.877
974,15.865,17.926
975,15.826,17.875
976,15.818,17.886
977,15.840,17.898
978,15.817,17.885
979,15.773,17.826
980,15.776,17.846
981,15.707,17.782
982,15.647,17.708
983,15.587,17.641
984,15.568,17.641
985,15.553,17.620
986,15.493,17.554
987,15.471,17.569
988,15.424,17.503
989,15.417,17.511
990,15.381,17.467
991,15.403,17.506
992,15.379,17.483
993,15.419,17.519
994,15.411,17.523
995,15.361,17.449
996,15.362,17.442
997,15.341,17.446
998,15.255,17.324
999,15.270,17.357
1000,15.249,17.328
1001,15.247,17.334
1002,15.093,17.130
1003,15.143,17.225
1004,15.174,17.185
1005,15.215,17.225
1006,15.465,17.622
1007,15.377,17.517
1008,15.374,17.505
1009,15.350,17.489
1010,15.371,17.534
1011,15.412,17.606
1012,15.368,17.526
1013,15.429,17.601
1014,15.281,17.458
1015,15.247,17.420
1016,15.421,17.582
1017,15.480,17.660
1018,15.513,17.664
1019,15.473,17.638
1020,15.515,17.693
1021,15.500,17.674
1022,15.496,17.672
1023,15.511,17.670
1024,15.478,17.648
1025,15.477,17.635
1026,15.481,17.626
1027,15.380,17.540
1028,15.384,17.551
1029,15.351,17.497
1030,15.335,17.458
1031,15.334,17.477
1032,15.358,17.502
1033,15.341,17.450
1034,15.383,17.527
1035,15.425,17.581
1036,15.407,17.581
1037,15.413,17.575
1038,15.437,17.614
1039,15.413,17.567
1040,15.433,17.615
1041,15.464,17.669
1042,15.444,17.625
1043,15.344,17.468
1044,15.451,17.626
1045,15.466,17.650
1046,15.487,17.688
1047,15.488,17.665
1048,15.529,17.706
1049,15.441,17.561
1050,15.608,17.815
1051,15.618,17.805
1052,15.668,17.868
1053,15.700,17.896
1054,15.732,17.923
1055,15.770,17.952
1056,15.769,17.946
1057,15.846,18.039
1058,15.869,18.038
1059,15.942,18.111
1060,15.950,18.098
1061,15.840,17.998
1062,15.894,18.054
1063,15.851,18.014
1064,15.816,17.903
1065,15.913,18.085
1066,15.892,18.049
1067,15.915,18.075
1068,15.879,17.997
1069,15.892,18.059
1070,15.904,18.072
1071,15.924,18.065
1072,15.987,18.146
1073,16.025,18.197
1074,15.990,18.110
1075,16.164,18.353
1076,16.200,18.406
1077,16.201,18.385
1078,16.212,18.422
1079,16.013,18.207
1080,16.025,18.223
1081,15.997,18.179
1082,16.028,18.229
1083,16.002,18.163
1084,16.055,18.254
1085,16.078,18.264
1086,16.077,18.256
1087,16.139,18.346
1088,16.123,18.317
1089,16.155,18.321
1090,16.192,18.378
1091,16.186,18.359
1092,16.254,18.460
1093,16.250,18.457
1094,16.269,18.445
1095,16.335,18.580
1096,16.193,18.331
1097,16.163,18.277
1098,16.326,18.560
1099,16.325,18.535
1100,16.277,18.481
1101,16.323,18.536
1102,16.334,18.561
1103,16.344,18.570
1104,16.326,18.521
1105,16.326,18.519
1106,16.380,18.626
1107,16.371,18.599
1108,16.224,18.339
1109,16.385,18.608
1110,16.385,18.576
1111,16.446,18.664
1112,16.499,18.719
1113,16.346,18.472
1114,16.550,18.831
1115,16.509,18.752
1116,16.538,18.799
1117,16.488,18.723
1118,16.501,18.701
1119,16.438,18.620
1120,16.482,18.696
1121,16.475,18.672
1122,16.554,18.798
1123,16.520,18.749
1124,16.540,18.786
1125,16.529,18.765
1126,16.517,18.737
1127,16.510,18.720
1128,16.511,18.724
1129,16.497,18.706
1130,16.496,18.712
1131,16.409,18.574
1132,16.434,18.588
1133,16.437,18.621
1134,16.418,18.587
1135,16.405,18.592
1136,16.348,18.517
1137,16.354,18.549
1138,16.311,18.494
1139,16.271,18.453
1140,16.233,18.431
1141,16.249,18.465
1142,16.188,18.391
1143,16.071,18.231
1144,16.061,18.226
1145,16.062,18.249
1146,16.025,18.191
1147,15.989,18.177
1148,15.928,18.091
1149,15.935,18.117
1150,15.912,18.126
1151,15.847,18.020
1152,15.848,18.024
1153,15.815,18.005
1154,15.871,18.084
1155,15.860,18.065
1156,15.790,17.995
1157,15.645,17.762
1158,15.594,17.719
1159,15.679,17.906
1160,15.867,18.079
1161,15.773,17.905
1162,15.951,18.215
1163,15.838,18.072
1164,15.775,17.976
1165,15.739,17.975
1166,15.701,17.904
1167,15.649,17.857
1168,15.691,17.906
1169,15.869,18.053
1170,15.910,18.138
1171,15.974,18.205
1172,15.928,18.149
1173,15.758,17.881
1174,15.693,17.786
1175,15.729,17.849
1176,15.720,17.845
1177,15.849,18.058
1178,15.849,18.056
1179,15.888,18.110
1180,15.803,18.004
1181,15.764,17.933
1182,15.820,17.993
1183,15.770,17.955
1184,15.783,17.953
1185,15.759,17.933
1186,15.798,17.994
1187,15.800,17.996
1188,15.814,18.031
1189,15.809,17.978
1190,15.773,17.957
1191,15.822,18.032
1192,15.631,17.736
1193,15.744,17.914
1194,15.681,17.863
1195,15.673,17.827
1196,15.808,17.959
1197,15.850,17.988
1198,15.951,18.111
1199,15.886,18.013
1200,15.973,18.149
1201,16.040,18.246
1202,16.025,18.211
1203,16.048,18.196
1204,16.072,18.228
1205,16.152,18.304
1206,16.265,18.430
1207,16.348,18.510
1208,16.419,18.579
1209,16.487,18.638
1210,16.588,18.733
1211,16.463,18.597
1212,16.458,18.580
1213,16.481,18.620
1214,16.435,18.559
1215,16.444,18.560
1216,16.436,18.588
1217,16.324,18.456
1218,16.298,18.446
1219,16.293,18.434
1220,16.398,18.536
1221,16.411,18.537
1222,16.393,18.513
1223,16.409,18.529
1224,16.279,18.306
1225,16.447,18.554
1226,16.429,18.536
1227,16.361,18.431
1228,16.344,18.442
1229,16.324,18.400
1230,16.351,18.439
1231,16.394,18.491
1232,16.381,18.491
1233,16.298,18.332
1234,16.508,18.662
1235,16.477,18.606
1236,16.480,18.612
1237,16.476,18.593
1238,16.400,18.512
1239,16.411,18.520
1240,16.448,18.563
1241,16.441,18.562
1242,16.433,18.529
1243,16.453,18.549
1244,16.408,18.505
1245,16.446,18.571
1246,16.459,18.602
1247,16.257,18.271
1248,16.273,18.301
1249,16.358,18.460
1250,16.345,18.461
1251,16.319,18.427
1252,16.351,18.482
1253,16.350,18.477
1254,16.295,18.415
1255,16.334,18.479
1256,16.379,18.525
1257,16.400,18.566
1258,16.285,18.362
1259,16.446,18.629
1260,16.422,18.578
1261,16.436,18.581
1262,16.449,18.614
1263,16.471,18.650
1264,16.474,18.647
1265,16.446,18.609
1266,16.453,18.633
1267,16.406,18.556
1268,16.463,18.656
1269,16.263,18.339
1270,16.233,18.312
1271,16.306,18.458
1272,16.239,18.362
1273,16.209,18.326
1274,16.193,18.341
1275,16.180,18.327
1276,16.133,18.276
1277,16.072,18.223
1278,16.074,18.223
1279,16.042,18.184
1280,16.050,18.213
1281,16.042,18.207
1282,16.050,18.227
1283,16.008,18.177
1284,15.960,18.134
1285,15.908,18.048
1286,15.889,18.025
1287,15.878,18.030
1288,15.828,17.972
1289,15.788,17.958
1290,15.759,17.929
1291,15.763,17.921
1292,15.710,17.858
1293,15.679,17.831
1294,15.647,17.792
1295,15.619,17.770
1296,15.591,17.748
1297,15.583,17.748
1298,15.558,17.721
1299,15.576,17.750
1300,15.553,17.725
1301,15.507,17.673
1302,15.485,17.666
1303,15.450,17.625
1304,15.398,17.602
1305,15.291,17.440
1306,15.409,17.617
1307,15.576,17.787
1308,15.575,17.709
1309,15.669,17.854
1310,15.607,17.797
1311,15.585,17.780
1312,15.631,17.830
1313,15.587,17.782
1314,15.654,17.866
1315,15.656,17.862
1316,15.628,17.811
1317,15.660,17.817
1318,15.638,17.816
1319,15.702,17.898
1320,15.603,17.740
1321,15.586,17.726
1322,15.570,17.706
1323,15.716,17.912
1324,15.672,17.832
1325,15.627,17.778
1326,15.626,17.778
1327,15.619,17.803
1328,15.591,17.752
1329,15.579,17.699
1330,15.590,17.741
1331,15.574,17.715
1332,15.570,17.717
1333,15.557,17.709
1334,15.521,17.651
1335,15.533,17.662
1336,15.544,17.676
1337,15.581,17.716
1338,15.606,17.758
1339,15.576,17.710
1340,15.590,17.749
1341,15.616,17.770
1342,15.605,17.744
1343,15.637,17.793
1344,15.678,17.823
1345,15.693,17.851
1346,15.525,17.667
1347,15.526,17.659
1348,15.577,17.749
1349,15.566,17.714
1350,15.592,17.732
1351,15.568,17.696
1352,15.617,17.756
1353,15.629,17.775
1354,15.666,17.817
1355,15.699,17.860
1356,15.752,17.931
1357,15.787,17.972
1358,15.816,18.014
1359,15.823,17.997
1360,15.786,17.960
1361,15.808,18.029
1362,15.769,17.949
1363,15.733,17.921
1364,15.719,17.923
1365,15.690,17.882
1366,15.608,17.772
1367,15.624,17.818
1368,15.637,17.829
1369,15.649,17.830
1370,15.668,17.876
1371,15.682,17.882
1372,15.714,17.898
1373,15.756,17.955
1374,15.799,17.991
1375,15.850,18.052
1376,15.851,18.040
1377,15.903,18.104
1378,15.982,18.214
1379,16.058,18.299
1380,16.140,18.393
1381,16.093,18.335
1382,16.031,18.265
1383,15.993,18.222
1384,15.951,18.189
1385,15.906,18.146
1386,15.852,18.084
1387,15.719,17.949
1388,15.709,17.932
1389,15.668,17.879
1390,15.680,17.879
1391,15.660,17.859
1392,15.684,17.892
1393,15.675,17.873
1394,15.682,17.889
1395,15.690,17.885
1396,15.684,17.888
1397,15.683,17.906
1398,15.724,17.960
1399,15.705,17.916
1400,15.587,17.779
1401,15.596,17.795
1402,15.573,17.769
1403,15.553,17.745
1404,15.514,17.697
1405,15.515,17.671
1406,15.494,17.663
1407,15.512,17.689
1408,15.519,17.685
1409,15.575,17.779
1410,15.582,17.799
1411,15.564,17.734
1412,15.598,17.820
1413,15.610,17.832
1414,15.609,17.825
1415,15.620,17.848
1416,15.610,17.800
1417,15.636,17.858
1418,15.647,17.860
1419,15.671,17.897
1420,15.695,17.918
1421,15.637,17.886
1422,15.560,17.774
1423,15.548,17.777
1424,15.525,17.747
1425,15.541,17.773
1426,15.569,17.795
1427,15.842,18.113
1428,15.960,18.229
1429,15.904,18.062
1430,16.034,18.287
1431,16.082,18.346
1432,16.095,18.363
1433,16.154,18.445
1434,16.147,18.414
1435,16.149,18.419
1436,16.051,18.260
1437,16.140,18.411
1438,16.116,18.394
1439,16.136,18.420
1440,16.090,18.334
1441,16.153,18.426
1442,16.190,18.503
1443,16.270,18.569
1444,16.437,18.848
1445,16.315,18.638
1446,16.334,18.654
1447,16.404,18.743
1448,16.440,18.811
1449,16.382,18.700
1450,16.398,18.732
1451,16.129,18.467
1452,16.129,18.463
1453,16.045,18.367
1454,15.982,18.364
1455,16.004,18.370
1456,15.968,18.319
1457,16.021,18.376
1458,15.858,18.110
1459,15.913,18.233
1460,15.864,18.149
1461,15.861,18.170
1462,15.852,18.148
1463,15.905,18.246
1464,15.952,18.273
1465,15.829,18.052
1466,16.056,18.425
1467,16.073,18.453
1468,15.966,18.275
1469,16.025,18.364
1470,16.007,18.336
1471,15.950,18.269
1472,15.988,18.331
1473,15.979,18.322
1474,15.947,18.253
1475,15.985,18.321
1476,15.964,18.292
1477,15.989,18.312
1478,15.984,18.316
1479,15.955,18.257
1480,15.974,18.281
1481,15.988,18.312
1482,15.969,18.277
1483,16.038,18.387
1484,16.003,18.333
1485,16.014,18.371
1486,15.845,18.097
1487,15.945,18.259
1488,15.928,18.266
1489,15.907,18.233
1490,15.745,17.974
1491,15.763,18.032
1492,15.862,18.242
1493,15.807,18.186
1494,15.767,18.099
1495,15.712,18.066
1496,15.698,18.082
1497,15.622,17.973
1498,15.654,18.031
1499,15.617,17.996
1500,15.535,17.884
1501,15.469,17.781
1502,15.455,17.788
1503,15.431,17.768
1504,15.383,17.705
1505,15.317,17.629
1506,15.268,17.552
1507,15.225,17.524
1508,15.408,17.703
1509,15.456,17.771
1510,15.332,17.566
1511,15.443,17.676
1512,15.524,17.814
1513,15.520,17.817
1514,15.393,17.675
1515,15.394,17.661
1516,15.291,17.497
1517,15.610,17.902
1518,15.636,17.899
1519,15.685,17.962
1520,15.638,17.912
1521,15.626,17.918
1522,15.623,17.903
1523,15.629,17.896
1524,15.626,17.894
1525,15.647,17.930
1526,15.688,18.000
1527,15.653,17.959
1528,15.680,17.992
1529,15.635,17.917
1530,15.684,17.975
1531,15.758,18.073
1532,15.765,18.051
1533,15.824,18.146
1534,15.857,18.167
1535,15.931,18.234
1536,15.973,18.295
1537,16.069,18.358
1538,16.202,18.513
1539,16.310,18.621
1540,16.388,18.673
1541,16.314,18.618
1542,16.331,18.636
1543,16.326,18.627
1544,16.252,18.559
1545,16.285,18.595
1546,16.161,18.420
1547,16.132,18.395
1548,16.142,18.412
1549,16.143,18.412
1550,16.021,18.285
1551,16.050,18.332
1552,16.038,18.292
1553,16.043,18.311
1554,16.071,18.346
1555,16.088,18.378
1556,16.103,18.385
1557,16.109,18.413
1558,16.178,18.498
1559,16.153,18.460
1560,16.043,18.338
1561,16.024,18.330
1562,15.992,18.282
1563,15.987,18.253
1564,16.010,18.287
1565,15.970,18.268
1566,15.926,18.191
1567,15.916,18.185
1568,15.893,18.155
1569,15.898,18.135
1570,15.886,18.144
1571,15.853,18.103
1572,15.851,18.110
1573,15.890,18.172
1574,15.864,18.133
1575,15.856,18.117
1576,15.880,18.160
1577,15.873,18.132
1578,15.868,18.128
1579,15.862,18.142
1580,15.849,18.099
1581,15.916,18.208
1582,15.853,18.118
1583,15.874,18.155
1584,15.885,18.183
1585,15.893,18.152
1586,15.866,18.129
1587,15.898,18.176
1588,15.896,18.143
1589,15.974,18.275
1590,15.969,18.288
1591,16.027,18.365
1592,16.010,18.330
1593,15.862,18.067
1594,16.055,18.382
1595,16.014,18.331
1596,16.055,18.362
1597,16.117,18.451
1598,16.144,18.479
1599,16.201,18.616
1600,16.168,18.531
1601,16.096,18.460
1602,16.002,18.380
1603,15.998,18.369
1604,16.016,18.402
1605,16.082,18.547
1606,15.955,18.337
1607,15.962,18.327
1608,15.978,18.367
1609,15.949,18.328
1610,15.981,18.375
1611,15.997,18.388
1612,16.001,18.397
1613,16.031,18.461
1614,15.804,18.179
1615,15.746,18.141
1616,15.775,18.172
1617,15.736,18.145
1618,15.775,18.186
1619,15.776,18.188
1620,15.759,18.170
1621,15.757,18.163
1622,15.658,18.031
1623,15.682,18.086
1624,15.656,18.078
1625,15.594,17.985
1626,15.644,18.068
1627,15.630,18.037
1628,15.604,18.021
1629,15.545,17.943
1630,15.601,18.023
1631,15.598,18.031
1632,15.589,18.007
1633,15.566,17.982
1634,15.573,18.008
1635,15.585,18.039
1636,15.542,18.007
1637,15.528,17.993
1638,15.524,18.011
1639,15.443,17.912
1640,15.647,18.114
1641,15.643,18.117
1642,15.667,18.114
1643,15.798,18.271
1644,15.842,18.360
1645,15.822,18.323
1646,15.738,18.225
1647,15.766,18.277
1648,15.724,18.228
1649,15.966,18.461
1650,16.040,18.579
1651,16.090,18.625
1652,15.880,18.302
1653,15.915,18.354
1654,15.885,18.318
1655,15.893,18.311
1656,16.030,18.594
1657,16.077,18.657
1658,16.019,18.576
1659,16.032,18.568
1660,16.035,18.587
1661,16.075,18.637
1662,16.059,18.607
1663,16.136,18.687
1664,16.160,18.716
1665,16.204,18.711
1666,16.279,18.816
1667,16.358,18.877
1668,16.455,19.036
1669,16.555,19.121
1670,16.669,19.207
1671,16.776,19.319
1672,16.888,19.444
1673,16.791,19.337
1674,16.775,19.302
1675,16.822,19.375
1676,16.720,19.241
1677,16.701,19.212
1678,16.654,19.142
1679,16.631,19.141
1680,16.606,19.124
1681,16.629,19.139
1682,16.657,19.160
1683,16.701,19.209
1684,16.710,19.213
1685,16.678,19.145
1686,16.713,19.237
1687,16.774,19.331
1688,16.729,19.238
1689,16.693,19.199
1690,16.691,19.216
1691,16.698,19.214
1692,16.744,19.284
1693,16.725,19.249
1694,16.651,19.161
1695,16.665,19.156
1696,16.685,19.189
1697,16.679,19.189
1698,16.634,19.099
1699,16.656,19.148
1700,16.645,19.138
1701,16.637,19.151
1702,16.648,19.159
1703,16.670,19.175
1704,16.586,19.078
1705,16.600,19.081
1706,16.634,19.141
1707,16.625,19.137
1708,16.654,19.180
1709,16.631,19.164
1710,16.573,19.067
1711,16.609,19.148
1712,16.588,19.117
1713,16.574,19.097
1714,16.527,19.047
1715,16.463,18.946
1716,16.454,18.970
1717,16.465,18.965
1718,16.477,18.993
1719,16.461,18.969
1720,16.449,18.954
1721,16.474,18.988
1722,16.430,18.923
1723,16.476,19.016
1724,16.366,18.861
1725,16.366,18.874
1726,16.333,18.837
1727,16.309,18.802
1728,16.282,18.766
1729,16.246,18.713
1730,16.214,18.690
1731,16.220,18.692
1732,16.219,18.696
1733,16.185,18.648
1734,16.200,18.686
1735,16.104,18.563
1736,16.133,18.621
1737,16.097,18.584
1738,15.983,18.419
1739,16.003,18.484
1740,15.958,18.418
1741,15.892,18.351
1742,15.928,18.423
1743,15.826,18.292
1744,15.894,18.405
1745,15.820,18.307
1746,15.605,17.957
1747,15.522,17.851
1748,15.526,17.873
1749,15.463,17.807
1750,15.602,18.083
1751,15.555,18.013
1752,15.422,17.812
1753,15.392,17.783
1754,15.560,17.952
1755,15.551,17.948
1756,15.569,17.971
1757,15.529,17.930
1758,15.428,17.826
1759,15.591,18.127
1760,15.925,18.570
1761,15.775,18.291
1762,15.918,18.526
1763,15.867,18.467
1764,15.902,18.525
1765,15.916,18.552
1766,16.137,18.782
1767,16.127,18.764
1768,16.132,18.756
1769,16.017,18.627
1770,15.990,18.560
1771,16.037,18.671
1772,15.842,18.333
1773,15.965,18.543
1774,15.908,18.466
1775,15.911,18.469
1776,15.891,18.453
1777,15.878,18.437
1778,16.115,18.675
1779,16.145,18.682
1780,16.222,18.783
1781,16.091,18.607
1782,16.104,18.643
1783,16.077,18.609
1784,16.125,18.657
1785,16.199,18.734
1786,16.237,18.719
1787,16.417,18.916
1788,16.483,18.931
1789,16.670,19.140
1790,16.835,19.288
1791,16.998,19.468
1792,17.145,19.619
1793,16.925,19.311
1794,16.988,19.410
1795,17.013,19.400
1796,16.929,19.354
1797,16.748,19.023
1798,16.834,19.202
1799,16.716,19.086
1800,16.730,19.096
1801,16.782,19.171
1802,16.652,18.934
1803,16.846,19.252
1804,16.825,19.251
1805,16.755,19.129
1806,16.747,19.131
1807,16.741,19.116
1808,16.678,19.026
1809,16.746,19.119
1810,16.739,19.131
1811,16.744,19.129
1812,16.696,19.053
1813,16.722,19.114
1814,16.725,19.095
1815,16.739,19.113
1816,16.721,19.080
1817,16.571,18.813
1818,16.504,18.717
1819,16.518,18.757
1820,16.552,18.779
1821,16.710,19.088
1822,16.733,19.125
1823,16.687,19.070
1824,16.685,19.078
1825,16.671,19.036
1826,16.653,19.032
1827,16.635,18.986
1828,16.672,19.069
1829,16.629,18.977
1830,16.614,18.955
1831,16.547,18.866
1832,16.461,18.715
1833,16.536,18.884
1834,16.448,18.726
1835,16.481,18.772
1836,16.609,18.987
1837,16.574,18.920
1838,16.618,18.986
1839,16.543,18.895
1840,16.605,18.961
1841,16.568,18.900
