0,26.525,26.340
1,26.526,26.341
2,26.535,26.345
3,26.551,26.366
4,26.561,26.397
5,26.482,26.292
6,26.553,26.374
7,26.610,26.428
8,26.691,26.488
9,26.714,26.523
10,26.691,26.462
11,26.814,26.591
12,26.885,26.675
13,26.916,26.694
14,26.939,26.734
15,26.908,26.697
16,26.865,26.655
17,26.869,26.657
18,26.708,26.470
19,26.858,26.623
20,26.905,26.688
21,26.990,26.762
22,26.938,26.686
23,27.088,26.851
24,27.058,26.811
25,27.001,26.779
26,27.062,26.834
27,27.042,26.813
28,27.078,26.836
29,27.092,26.849
30,27.157,26.938
31,26.947,26.704
32,27.111,26.860
33,27.153,26.918
34,27.158,26.919
35,27.183,26.950
36,27.208,26.978
37,27.146,26.909
38,27.170,26.942
39,27.120,26.874
40,27.097,26.853
41,27.182,26.953
42,27.095,26.837
43,27.209,26.959
44,27.186,26.950
45,27.350,27.106
46,27.619,27.377
47,27.541,27.304
48,27.480,27.227
49,27.550,27.294
50,27.577,27.334
51,27.742,27.469
52,27.990,27.717
53,27.890,27.626
54,27.838,27.621
55,28.383,28.165
56,27.648,27.400
57,27.632,27.367
58,27.581,27.316
59,27.500,27.229
60,27.681,27.405
61,27.640,27.372
62,27.679,27.410
63,27.749,27.490
64,27.722,27.462
65,27.644,27.375
66,27.726,27.444
67,27.586,27.299
68,27.725,27.467
69,27.794,27.535
70,27.820,27.575
71,27.858,27.600
72,27.767,27.482
73,27.834,27.575
74,27.925,27.685
75,27.881,27.604
76,28.064,27.801
77,28.051,27.782
78,27.996,27.705
79,28.139,27.884
80,27.822,27.550
81,28.093,27.821
82,28.119,27.862
83,28.123,27.863
84,27.984,27.720
85,28.143,27.880
86,27.867,27.584
87,27.941,27.651
88,27.990,27.738
89,27.932,27.644
90,28.034,27.779
91,28.082,27.813
92,28.020,27.756
93,28.089,27.845
94,28.097,27.872
95,27.894,27.636
96,27.863,27.614
97,27.852,27.619
98,27.896,27.671
99,27.878,27.661
100,27.781,27.546
101,27.846,27.627
102,27.782,27.553
103,27.706,27.486
104,27.721,27.510
105,27.681,27.477
106,27.738,27.521
107,27.667,27.449
108,27.588,27.395
109,27.496,27.294
110,27.515,27.303
111,27.565,27.346
112,27.391,27.170
113,27.465,27.263
114,27.532,27.320
115,27.443,27.258
116,27.437,27.255
117,27.331,27.149
118,27.257,27.049
119,27.152,26.951
120,27.184,26.976
121,27.222,27.036
122,27.216,27.028
123,27.217,27.045
124,27.159,26.985
125,27.054,26.871
126,27.031,26.841
127,27.065,26.870
128,27.068,26.885
129,27.090,26.915
130,27.046,26.866
131,27.049,26.879
132,27.062,26.884
133,27.079,26.899
134,27.069,26.881
135,27.065,26.904
136,27.103,26.932
137,27.163,26.979
138,27.060,26.864
139,27.031,26.858
140,26.988,26.811
141,26.937,26.738
142,26.953,26.775
143,27.013,26.842
144,27.065,26.893
145,27.046,26.876
146,27.063,26.894
147,27.008,26.832
148,27.180,27.022
149,27.329,27.164
150,27.376,27.199
151,27.342,27.169
152,27.371,27.189
153,27.414,27.233
154,27.379,27.206
155,27.352,27.170
156,27.278,27.103
157,27.310,27.147
158,27.260,27.100
159,27.339,27.179
160,27.282,27.124
161,27.451,27.275
162,27.489,27.312
163,27.568,27.395
164,27.583,27.399
165,27.620,27.457
166,27.708,27.544
167,27.749,27.570
168,27.775,27.605
169,27.863,27.695
170,27.812,27.643
171,27.904,27.733
172,27.911,27.743
173,27.809,27.623
174,28.010,27.835
175,27.996,27.822
176,27.916,27.737
177,28.112,27.930
178,27.936,27.768
179,28.066,27.914
180,28.054,27.920
181,27.905,27.738
182,27.983,27.833
183,27.969,27.792
184,28.156,28.009
185,28.067,27.908
186,28.173,28.044
187,28.105,27.951
188,28.201,28.065
189,28.053,27.906
190,27.961,27.802
191,27.961,27.816
192,27.846,27.683
193,27.932,27.782
194,27.974,27.798
195,28.124,27.940
196,28.132,27.947
197,28.189,27.997
198,28.381,28.188
199,28.265,28.057
200,28.218,28.026
201,28.325,28.156
202,28.213,28.020
203,28.172,27.991
204,28.137,27.941
205,28.108,27.915
206,28.047,27.858
207,28.046,27.849
208,28.095,27.904
209,28.114,27.919
210,28.084,27.890
211,28.133,27.949
212,28.119,27.925
213,28.122,27.935
214,28.154,27.957
215,28.156,27.955
216,28.329,28.144
217,28.319,28.123
218,28.448,28.264
219,28.321,28.127
220,28.342,28.160
221,28.278,28.076
222,28.350,28.146
223,28.276,28.064
224,28.342,28.152
225,28.221,28.008
226,28.058,27.864
227,28.073,27.890
228,28.050,27.851
229,28.009,27.817
230,28.063,27.861
231,27.994,27.789
232,27.973,27.763
233,27.905,27.705
234,27.887,27.680
235,28.029,27.818
236,27.987,27.791
237,27.946,27.734
238,27.854,27.643
239,27.808,27.593
240,27.839,27.638
241,27.791,27.584
242,27.810,27.614
243,27.822,27.610
244,27.865,27.646
245,27.877,27.645
246,27.974,27.757
247,27.957,27.748
248,27.895,27.682
249,27.926,27.714
250,27.964,27.751
251,27.938,27.700
252,28.028,27.819
253,28.042,27.856
254,28.052,27.845
255,28.111,27.876
256,28.131,27.900
257,28.249,28.028
258,28.280,28.045
259,28.232,27.978
260,28.230,28.007
261,28.210,27.976
262,28.234,28.005
263,28.187,27.964
264,28.189,27.968
265,28.093,27.854
266,28.276,28.068
267,28.209,27.999
268,28.417,28.207
269,28.229,27.989
270,28.205,27.966
271,28.350,28.137
272,28.271,28.046
273,28.372,28.167
274,28.310,28.083
275,28.316,28.093
276,28.211,27.988
277,28.326,28.104
278,28.248,28.011
279,28.329,28.126
280,28.219,28.007
281,28.147,27.933
282,28.185,27.954
283,28.343,28.141
284,28.159,27.941
285,28.246,28.040
286,28.236,28.028
287,28.286,28.085
288,28.309,28.093
289,28.371,28.164
290,28.450,28.222
291,28.490,28.307
292,28.359,28.140
293,28.303,28.100
294,28.235,28.013
295,28.303,28.102
296,28.402,28.202
297,28.388,28.198
298,28.359,28.159
299,28.249,28.052
300,28.301,28.097
301,28.253,28.061
302,28.155,27.945
303,28.199,27.994
304,28.144,27.965
305,28.118,27.916
306,28.066,27.872
307,28.072,27.879
308,28.072,27.878
309,28.088,27.891
310,28.024,27.812
311,27.911,27.708
312,27.924,27.708
313,27.922,27.711
314,27.886,27.677
315,27.822,27.621
316,27.864,27.640
317,27.793,27.593
318,27.774,27.591
319,27.777,27.556
320,27.637,27.436
321,27.641,27.437
322,27.709,27.520
323,27.645,27.453
324,27.630,27.418
325,27.663,27.436
326,27.582,27.371
327,27.573,27.376
328,27.591,27.391
329,27.618,27.415
330,27.602,27.426
331,27.643,27.466
332,27.650,27.452
333,27.603,27.396
334,27.551,27.349
335,27.508,27.304
336,27.527,27.309
337,27.531,27.335
338,27.480,27.287
339,27.443,27.240
340,27.392,27.189
341,27.349,27.142
342,27.364,27.143
343,27.286,27.067
344,27.305,27.097
345,27.292,27.081
346,27.227,27.023
347,27.256,27.045
348,27.254,27.055
349,27.235,27.049
350,27.202,27.005
351,27.171,26.972
352,27.053,26.855
353,27.015,26.831
354,27.066,26.879
355,27.005,26.795
356,26.960,26.781
357,27.001,26.814
358,26.905,26.728
359,26.956,26.765
360,26.953,26.766
361,26.813,26.631
362,26.838,26.651
363,26.787,26.609
364,26.749,26.566
365,26.726,26.561
366,26.709,26.542
367,26.681,26.513
368,26.627,26.450
369,26.635,26.456
370,26.618,26.451
371,26.602,26.433
372,26.513,26.349
373,26.529,26.378
374,26.514,26.362
375,26.502,26.353
376,26.468,26.315
377,26.501,26.349
378,26.472,26.335
379,26.441,26.285
380,26.406,26.261
381,26.371,26.227
382,26.323,26.188
383,26.305,26.158
384,26.278,26.121
385,26.211,26.049
386,26.299,26.154
387,26.287,26.139
388,26.331,26.157
389,26.419,26.254
390,26.416,26.264
391,26.489,26.326
392,26.521,26.372
393,26.591,26.434
394,26.581,26.429
395,26.575,26.421
396,26.601,26.439
397,26.682,26.522
398,26.645,26.483
399,26.595,26.428
400,26.624,26.461
401,26.572,26.403
402,26.640,26.485
403,26.664,26.509
404,26.654,26.515
405,26.631,26.456
406,26.626,26.455
407,26.682,26.511
408,26.395,26.218
409,26.369,26.205
410,26.734,26.577
411,26.762,26.588
412,26.768,26.596
413,26.784,26.618
414,26.803,26.635
415,26.823,26.652
416,26.798,26.633
417,26.763,26.602
418,26.794,26.631
419,26.786,26.621
420,26.823,26.660
421,26.789,26.608
422,26.769,26.594
423,26.817,26.651
424,26.767,26.590
425,26.709,26.520
426,26.662,26.478
427,26.613,26.425
428,26.588,26.393
429,26.584,26.402
430,26.532,26.340
431,26.561,26.380
432,26.583,26.407
433,26.564,26.378
434,26.499,26.313
435,26.606,26.437
436,26.502,26.313
437,26.460,26.284
438,26.430,26.252
439,26.481,26.288
440,26.517,26.332
441,26.390,26.193
442,26.432,26.240
443,26.377,26.188
444,26.408,26.227
445,26.308,26.113
446,26.408,26.218
447,26.324,26.128
448,26.319,26.115
449,26.280,26.081
450,26.293,26.097
451,26.311,26.110
452,26.246,26.054
453,26.256,26.049
454,26.124,25.927
455,26.125,25.938
456,26.069,25.879
457,26.039,25.826
458,26.041,25.839
459,26.116,25.894
460,26.195,25.977
461,26.352,26.152
462,26.378,26.189
463,26.407,26.229
464,26.426,26.254
465,26.434,26.249
466,26.445,26.270
467,26.495,26.302
468,26.500,26.300
469,26.462,26.271
470,26.452,26.259
471,26.479,26.285
472,26.440,26.260
473,26.441,26.255
474,26.416,26.228
475,26.354,26.164
476,26.454,26.270
477,26.502,26.318
478,26.495,26.309
479,26.436,26.252
480,26.450,26.265
481,26.430,26.237
482,26.380,26.205
483,26.361,26.174
484,26.385,26.191
485,26.366,26.177
486,26.395,26.203
487,26.428,26.251
488,26.383,26.187
489,26.429,26.231
490,26.450,26.256
491,26.404,26.206
492,26.420,26.221
493,26.432,26.230
494,26.410,26.217
495,26.459,26.253
496,26.442,26.256
497,26.449,26.261
498,26.548,26.369
499,26.437,26.252
500,26.467,26.280
501,26.374,26.187
502,26.347,26.147
503,26.292,26.074
504,26.314,26.109
505,26.284,26.065
506,26.412,26.178
507,26.475,26.256
508,26.449,26.229
509,26.487,26.278
510,26.480,26.265
511,26.441,26.226
512,26.414,26.192
513,26.466,26.245
514,26.474,26.232
515,26.492,26.270
516,26.487,26.263
517,26.552,26.342
518,26.563,26.348
519,26.586,26.411
520,26.561,26.380
521,26.587,26.406
522,26.638,26.457
523,26.631,26.446
524,26.633,26.445
525,26.715,26.546
526,26.741,26.592
527,26.830,26.672
528,26.912,26.763
529,26.893,26.754
530,26.994,26.869
531,27.056,26.943
532,27.190,27.078
533,27.195,27.092
534,27.223,27.120
535,27.228,27.133
536,27.302,27.198
537,27.359,27.262
538,27.532,27.450
539,27.536,27.463
540,27.598,27.550
541,27.711,27.662
542,27.914,27.874
543,28.010,27.988
544,28.114,28.099
545,28.013,28.034
546,28.086,28.120
547,28.121,28.159
548,28.202,28.258
549,28.317,28.377
550,28.383,28.457
551,28.587,28.674
552,28.690,28.793
553,28.763,28.909
554,28.773,28.932
555,28.758,28.936
556,28.694,28.885
557,28.726,28.931
558,28.682,28.877
559,28.642,28.862
560,28.588,28.833
561,28.623,28.864
562,28.629,28.871
563,28.610,28.837
564,28.683,28.936
565,28.801,29.064
566,28.812,29.067
567,28.833,29.108
568,28.895,29.175
569,28.935,29.232
570,28.963,29.264
571,28.980,29.272
572,28.905,29.189
573,28.746,29.011
574,28.682,28.932
575,28.637,28.886
576,28.610,28.861
577,28.602,28.870
578,28.604,28.874
579,28.564,28.807
580,28.467,28.705
581,28.371,28.599
582,28.271,28.496
583,28.209,28.426
584,28.146,28.355
585,28.211,28.414
586,28.233,28.452
587,28.341,28.543
588,28.475,28.687
589,28.488,28.696
590,28.545,28.755
591,28.477,28.675
592,28.477,28.686
593,28.467,28.657
594,28.321,28.502
595,28.203,28.366
596,28.072,28.229
597,27.874,28.012
598,27.710,27.845
599,27.669,27.798
600,27.545,27.666
601,27.465,27.582
602,27.358,27.476
603,27.243,27.357
604,27.181,27.286
605,27.161,27.259
606,27.175,27.270
607,27.191,27.279
608,27.186,27.279
609,27.098,27.169
610,27.185,27.248
611,27.100,27.155
612,27.030,27.068
613,27.013,27.048
614,27.086,27.111
615,27.129,27.137
616,27.105,27.094
617,27.320,27.307
618,27.194,27.186
619,27.126,27.120
620,27.034,27.035
621,26.945,26.946
622,26.970,26.938
623,26.893,26.861
624,26.882,26.831
625,26.665,26.631
626,26.631,26.599
627,26.569,26.519
628,26.558,26.485
629,26.420,26.354
630,26.425,26.332
631,26.255,26.182
632,26.199,26.101
633,26.303,26.196
634,26.253,26.146
635,26.203,26.086
636,26.087,25.961
637,25.951,25.827
638,25.901,25.778
639,26.016,25.887
640,25.883,25.767
641,25.843,25.714
642,25.813,25.682
643,25.770,25.639
644,25.594,25.469
645,25.725,25.595
646,25.794,25.651
647,25.867,25.718
648,25.875,25.724
649,25.911,25.750
650,25.972,25.784
651,25.940,25.750
652,25.671,25.488
653,25.908,25.689
654,25.999,25.776
655,25.965,25.751
656,25.965,25.752
657,25.998,25.787
658,25.911,25.715
659,25.948,25.737
660,25.892,25.673
661,25.951,25.755
662,25.948,25.746
663,25.935,25.740
664,25.918,25.735
665,25.860,25.672
666,25.744,25.536
667,25.825,25.617
668,25.838,25.624
669,25.747,25.545
670,25.675,25.477
671,25.661,25.476
672,25.665,25.484
673,25.600,25.426
674,25.689,25.491
675,25.917,25.749
676,25.947,25.791
677,26.024,25.864
678,25.975,25.806
679,26.023,25.857
680,26.037,25.869
681,26.056,25.885
682,26.080,25.909
683,26.123,25.957
684,26.137,25.983
685,26.142,25.986
686,26.095,25.953
687,26.166,26.003
688,26.182,26.041
689,26.140,25.995
690,26.160,26.020
691,26.139,25.999
692,26.200,26.067
693,26.234,26.098
694,26.246,26.094
695,26.216,26.065
696,26.264,26.108
697,26.236,26.099
698,26.259,26.120
699,26.273,26.126
700,26.216,26.068
701,26.211,26.064
702,26.194,26.046
703,26.238,26.084
704,26.248,26.097
705,26.292,26.164
706,26.277,26.143
707,26.278,26.148
708,26.244,26.106
709,26.096,25.953
710,26.163,26.037
711,26.240,26.133
712,26.191,26.057
713,26.290,26.165
714,26.239,26.100
715,26.339,26.218
716,26.354,26.208
717,26.335,26.180
718,26.433,26.300
719,26.334,26.187
720,26.400,26.280
721,26.269,26.121
722,26.422,26.302
723,26.356,26.228
724,26.442,26.310
725,26.447,26.314
726,26.567,26.439
727,26.583,26.447
728,26.589,26.454
729,26.705,26.577
730,26.639,26.488
731,26.675,26.510
732,26.645,26.482
733,26.750,26.594
734,26.686,26.504
735,26.702,26.528
736,26.799,26.626
737,26.778,26.601
738,26.878,26.684
739,26.905,26.741
740,26.828,26.655
741,26.853,26.669
742,26.860,26.677
743,26.864,26.683
744,26.788,26.620
745,26.687,26.519
746,26.706,26.526
747,26.764,26.579
748,26.719,26.536
749,26.691,26.516
750,26.654,26.479
751,26.663,26.500
752,26.657,26.488
753,26.581,26.411
754,26.613,26.451
755,26.656,26.474
756,26.668,26.492
757,26.658,26.477
758,26.639,26.474
759,26.562,26.377
760,26.467,26.303
761,26.400,26.230
762,26.497,26.335
763,26.403,26.229
764,26.351,26.175
765,26.490,26.303
766,26.452,26.274
767,26.377,26.205
768,26.498,26.329
769,26.548,26.375
770,26.447,26.252
771,26.542,26.361
772,26.501,26.327
773,26.435,26.260
774,26.485,26.322
775,26.469,26.289
776,26.531,26.371
777,26.451,26.272
778,26.443,26.273
779,26.469,26.316
780,26.367,26.177
781,26.429,26.273
782,26.513,26.367
783,26.433,26.268
784,26.624,26.469
785,26.621,26.476
786,26.563,26.396
787,26.705,26.537
788,26.621,26.450
789,26.507,26.334
790,26.452,26.277
791,26.445,26.250
792,26.370,26.198
793,26.213,26.033
794,26.343,26.183
795,26.422,26.236
796,26.437,26.268
797,26.340,26.166
798,26.295,26.144
799,26.305,26.149
800,26.239,26.093
801,26.279,26.138
802,26.266,26.128
803,26.360,26.236
804,26.345,26.199
805,26.221,26.081
806,26.182,26.059
807,26.140,26.016
808,26.078,25.953
809,26.048,25.916
810,26.042,25.912
811,26.129,25.997
812,26.181,26.066
813,26.164,26.042
814,26.166,26.046
815,26.168,26.054
816,26.149,26.011
817,26.207,26.071
818,26.231,26.116
819,26.254,26.121
820,26.296,26.158
821,26.320,26.190
822,26.334,26.188
823,26.387,26.241
824,26.387,26.245
825,26.415,26.294
826,26.423,26.292
827,26.441,26.310
828,26.434,26.296
829,26.358,26.229
830,26.387,26.241
831,26.361,26.223
832,26.383,26.237
833,26.378,26.241
834,26.381,26.242
835,26.372,26.238
836,26.379,26.238
837,26.302,26.171
838,26.254,26.112
839,26.263,26.127
840,26.197,26.069
841,26.260,26.134
842,26.103,25.971
843,26.152,26.016
844,26.233,26.095
845,26.248,26.110
846,26.247,26.109
847,26.262,26.123
848,26.326,26.189
849,26.320,26.178
850,26.434,26.297
851,26.315,26.186
852,26.310,26.170
853,26.446,26.311
854,26.717,26.562
855,26.687,26.534
856,26.647,26.485
857,26.629,26.471
858,26.628,26.465
859,26.629,26.470
860,26.690,26.526
861,26.750,26.593
862,26.799,26.632
863,26.854,26.695
864,26.832,26.685
865,26.888,26.733
866,26.520,26.383
867,26.507,26.353
868,27.119,26.947
869,27.193,27.016
870,27.195,27.005
871,27.170,26.981
872,27.172,26.975
873,27.107,26.904
874,27.023,26.833
875,26.965,26.793
876,26.992,26.820
877,27.211,27.033
878,27.245,27.062
879,27.269,27.090
880,27.251,27.076
881,27.210,27.019
882,27.224,27.041
883,27.217,27.027
884,27.209,27.027
885,27.221,27.039
886,27.193,27.017
887,27.216,27.041
888,27.085,26.884
889,27.174,26.991
890,27.095,26.898
891,27.146,26.948
892,27.063,26.852
893,27.109,26.908
894,27.143,26.945
895,26.998,26.789
896,27.090,26.893
897,26.969,26.762
898,27.010,26.802
899,26.920,26.693
900,26.953,26.744
901,26.940,26.714
902,26.985,26.774
903,26.871,26.653
904,26.853,26.640
905,26.819,26.587
906,26.905,26.700
907,26.829,26.609
908,26.754,26.527
909,26.813,26.587
910,26.806,26.574
911,26.786,26.553
912,26.873,26.649
913,26.954,26.739
914,26.976,26.760
915,26.864,26.636
916,26.893,26.668
917,26.948,26.724
918,26.885,26.654
919,26.972,26.747
920,26.880,26.646
921,26.894,26.657
922,26.869,26.625
923,26.851,26.620
924,26.910,26.701
925,26.893,26.657
926,26.824,26.590
927,26.926,26.700
928,26.892,26.666
929,26.836,26.626
930,26.829,26.606
931,26.765,26.541
932,26.761,26.544
933,26.891,26.691
934,26.820,26.598
935,26.949,26.755
936,26.978,26.773
937,26.931,26.733
938,26.873,26.660
939,26.858,26.646
940,26.871,26.679
941,26.895,26.718
942,27.106,26.895
943,27.106,26.886
944,27.083,26.882
945,27.090,26.868
946,27.067,26.836
947,27.111,26.897
948,27.056,26.847
949,27.076,26.867
950,27.052,26.840
951,27.071,26.852
952,27.071,26.873
953,27.109,26.887
954,26.921,26.676
955,26.981,26.774
956,26.967,26.754
957,27.000,26.770
958,26.907,26.670
959,26.941,26.715
960,26.838,26.587
961,26.854,26.639
962,26.867,26.637
963,26.901,26.690
964,26.876,26.659
965,26.715,26.458
966,26.788,26.566
967,26.859,26.623
968,26.887,26.672
969,26.913,26.703
970,26.740,26.510
971,26.846,26.620
972,26.858,26.648
973,26.863,26.649
974,26.854,26.643
975,26.795,26.553
976,26.877,26.644
977,26.873,26.639
978,26.865,26.636
979,26.910,26.674
980,26.858,26.647
981,26.890,26.666
982,26.862,26.658
983,26.820,26.611
984,26.831,26.626
985,26.914,26.695
986,26.942,26.738
987,26.923,26.719
988,26.929,26.724
989,26.957,26.756
990,27.025,26.820
991,26.981,26.776
992,26.936,26.714
993,26.969,26.751
994,26.935,26.726
995,26.923,26.697
996,26.883,26.667
997,26.901,26.685
998,26.883,26.673
999,26.877,26.658
1000,26.865,26.633
1001,26.848,26.621
1002,26.819,26.603
1003,26.812,26.580
1004,26.834,26.636
1005,26.801,26.593
1006,26.811,26.608
1007,26.767,26.557
1008,26.767,26.552
1009,26.736,26.527
1010,26.705,26.494
1011,26.743,26.524
1012,26.700,26.478
1013,26.633,26.426
1014,26.589,26.365
1015,26.547,26.330
1016,26.502,26.302
1017,26.517,26.306
1018,26.497,26.284
1019,26.457,26.234
1020,26.467,26.251
1021,26.384,26.164
1022,26.415,26.200
1023,26.438,26.209
1024,26.434,26.192
1025,26.408,26.160
1026,26.420,26.191
1027,26.398,26.158
1028,26.418,26.160
1029,26.386,26.130
1030,26.416,26.161
1031,26.411,26.167
1032,26.409,26.164
1033,26.325,26.087
1034,26.213,25.984
1035,26.461,26.208
1036,26.447,26.207
1037,26.419,26.203
1038,26.482,26.258
1039,26.395,26.159
1040,26.208,25.980
1041,26.349,26.119
1042,26.465,26.242
1043,26.566,26.354
1044,26.670,26.458
1045,26.612,26.397
1046,26.645,26.421
1047,26.677,26.445
1048,26.693,26.455
1049,26.733,26.495
1050,26.620,26.391
1051,26.709,26.465
1052,26.673,26.414
1053,26.630,26.382
1054,26.539,26.293
1055,26.874,26.595
1056,26.587,26.331
1057,26.693,26.439
1058,26.686,26.433
1059,26.886,26.611
1060,26.969,26.716
1061,26.921,26.664
1062,26.839,26.578
1063,26.953,26.688
1064,26.946,26.669
1065,26.875,26.594
1066,26.929,26.650
1067,26.884,26.612
1068,26.855,26.571
1069,26.920,26.641
1070,26.900,26.633
1071,26.922,26.650
1072,26.894,26.628
1073,26.833,26.558
1074,26.795,26.537
1075,26.784,26.524
1076,26.798,26.542
1077,26.780,26.519
1078,26.823,26.568
1079,26.889,26.626
1080,26.911,26.643
1081,26.963,26.690
1082,27.010,26.734
1083,26.990,26.720
1084,26.975,26.680
1085,26.819,26.558
1086,26.814,26.537
1087,26.837,26.568
1088,27.058,26.768
1089,27.079,26.796
1090,27.049,26.776
1091,27.013,26.751
1092,26.953,26.710
1093,26.914,26.670
1094,26.869,26.607
1095,26.931,26.670
1096,26.929,26.697
1097,26.920,26.677
1098,26.896,26.631
1099,26.919,26.663
1100,26.969,26.727
1101,26.978,26.748
1102,26.854,26.610
1103,26.885,26.636
1104,26.849,26.600
1105,26.840,26.603
1106,26.924,26.689
1107,26.869,26.632
1108,26.926,26.687
1109,26.932,26.690
1110,26.992,26.739
1111,26.980,26.743
1112,27.019,26.805
1113,26.974,26.764
1114,27.007,26.787
1115,26.995,26.783
1116,26.932,26.720
1117,26.962,26.754
1118,27.146,26.946
1119,27.162,26.952
1120,27.230,27.022
1121,27.174,26.970
1122,27.306,27.114
1123,27.252,27.068
1124,27.225,27.045
1125,27.199,27.008
1126,27.240,27.049
1127,27.196,27.006
1128,27.162,26.990
1129,27.187,27.002
1130,27.276,27.089
1131,27.365,27.198
1132,27.437,27.259
1133,27.487,27.330
1134,27.393,27.253
1135,27.259,27.091
1136,27.137,26.930
1137,27.196,27.006
1138,27.277,27.103
1139,27.321,27.138
1140,27.304,27.148
1141,27.330,27.152
1142,27.337,27.145
1143,27.367,27.184
1144,27.423,27.263
1145,27.371,27.210
1146,27.330,27.164
1147,27.348,27.175
1148,27.384,27.215
1149,27.435,27.273
1150,27.385,27.214
1151,27.256,27.076
1152,27.256,27.072
1153,27.294,27.105
1154,27.322,27.148
1155,27.240,27.083
1156,27.103,26.929
1157,27.061,26.881
1158,27.070,26.890
1159,27.080,26.894
1160,27.113,26.927
1161,27.076,26.882
1162,27.050,26.865
1163,27.043,26.861
1164,27.033,26.841
1165,26.948,26.766
1166,26.971,26.783
1167,26.950,26.756
1168,26.896,26.701
1169,26.899,26.689
1170,26.898,26.692
1171,27.000,26.816
1172,26.955,26.759
1173,26.929,26.744
1174,26.877,26.679
1175,26.881,26.681
1176,26.774,26.560
1177,26.801,26.604
1178,26.826,26.631
1179,26.783,26.574
1180,26.737,26.517
1181,26.729,26.502
1182,26.749,26.514
1183,26.766,26.535
1184,26.692,26.469
1185,26.716,26.479
1186,26.818,26.605
1187,26.918,26.701
1188,26.862,26.650
1189,26.834,26.621
1190,26.767,26.552
1191,26.952,26.746
1192,26.816,26.598
1193,26.872,26.651
1194,26.770,26.541
1195,26.766,26.560
1196,26.696,26.467
1197,26.767,26.566
1198,26.766,26.565
1199,26.683,26.477
1200,26.764,26.570
1201,26.627,26.427
1202,26.734,26.551
1203,26.510,26.333
1204,26.553,26.374
1205,26.599,26.407
1206,26.557,26.363
1207,26.701,26.514
1208,26.612,26.425
1209,26.653,26.478
1210,26.547,26.347
1211,26.613,26.422
1212,26.490,26.297
1213,26.468,26.270
1214,26.418,26.223
1215,26.438,26.244
1216,26.409,26.219
1217,26.499,26.326
1218,26.473,26.286
1219,26.419,26.253
1220,26.426,26.254
1221,26.426,26.272
1222,26.506,26.338
1223,26.505,26.342
1224,26.527,26.363
1225,26.470,26.297
1226,26.458,26.282
1227,26.450,26.288
1228,26.493,26.323
1229,26.567,26.390
1230,26.604,26.418
1231,26.670,26.507
1232,26.699,26.545
1233,26.753,26.604
1234,26.719,26.561
1235,26.781,26.614
1236,26.763,26.596
1237,26.752,26.594
1238,26.759,26.592
1239,26.726,26.561
1240,26.747,26.582
1241,26.755,26.600
1242,26.707,26.543
1243,26.717,26.549
1244,26.693,26.523
1245,26.677,26.525
1246,26.708,26.555
1247,26.705,26.542
1248,26.692,26.528
1249,26.730,26.566
1250,26.729,26.581
1251,26.680,26.537
1252,26.694,26.541
1253,26.632,26.484
1254,26.587,26.441
1255,26.574,26.438
1256,26.626,26.485
1257,26.642,26.491
1258,26.680,26.524
1259,26.719,26.566
1260,26.729,26.594
1261,26.745,26.602
1262,26.823,26.675
1263,26.764,26.615
1264,26.811,26.662
1265,27.020,26.865
1266,27.159,27.016
1267,27.068,26.907
1268,27.138,26.985
1269,27.073,26.916
1270,26.991,26.849
1271,26.993,26.842
1272,26.960,26.803
1273,26.965,26.829
1274,27.062,26.911
1275,27.083,26.930
1276,27.066,26.905
1277,27.144,26.993
1278,27.173,27.005
1279,26.915,26.766
1280,26.555,26.381
1281,27.337,27.150
1282,27.464,27.298
1283,27.336,27.154
1284,27.476,27.308
1285,27.491,27.334
1286,27.386,27.201
1287,27.425,27.240
1288,27.376,27.172
1289,27.330,27.144
1290,27.453,27.272
1291,27.368,27.163
1292,27.340,27.123
1293,27.388,27.163
1294,27.388,27.185
1295,27.454,27.274
1296,27.467,27.275
1297,27.368,27.153
1298,27.444,27.254
1299,27.531,27.355
1300,27.352,27.136
1301,27.404,27.203
1302,27.480,27.289
1303,27.315,27.101
1304,27.312,27.100
1305,27.365,27.174
1306,27.406,27.204
1307,27.533,27.344
1308,27.355,27.141
1309,27.387,27.179
1310,27.557,27.370
1311,27.413,27.207
1312,27.423,27.218
1313,27.511,27.322
1314,27.401,27.201
1315,27.409,27.213
1316,27.389,27.182
1317,27.365,27.167
1318,27.349,27.151
1319,27.371,27.144
1320,27.415,27.218
1321,27.455,27.266
1322,27.399,27.198
1323,27.399,27.189
1324,27.367,27.176
1325,27.304,27.100
1326,27.242,27.007
1327,27.223,26.990
1328,27.240,27.011
1329,27.285,27.069
1330,27.241,27.020
1331,27.179,26.955
1332,27.177,26.951
1333,27.132,26.903
1334,27.178,26.951
1335,27.209,26.983
1336,27.198,26.969
1337,27.244,27.010
1338,27.283,27.065
1339,27.174,26.954
1340,27.193,26.969
1341,27.198,26.976
1342,27.195,26.968
1343,27.214,26.990
1344,27.182,26.959
1345,27.224,26.985
1346,27.366,27.148
1347,27.306,27.097
1348,27.318,27.094
1349,27.406,27.200
1350,27.294,27.084
1351,27.415,27.224
1352,27.260,27.039
1353,27.379,27.187
1354,27.266,27.063
1355,27.348,27.143
1356,27.278,27.064
1357,27.343,27.131
1358,27.215,27.010
1359,27.359,27.160
1360,27.275,27.062
1361,27.246,27.046
1362,27.206,26.984
1363,27.294,27.080
1364,27.211,27.006
1365,27.281,27.098
1366,27.180,26.978
1367,27.167,26.958
1368,27.144,26.945
1369,27.219,27.005
1370,27.135,26.920
1371,27.252,27.070
1372,27.109,26.908
1373,27.194,27.000
1374,27.088,26.894
1375,27.169,26.979
1376,27.043,26.833
1377,27.030,26.814
1378,27.115,26.914
1379,27.042,26.850
1380,27.127,26.932
1381,27.016,26.810
1382,27.113,26.919
1383,27.038,26.852
1384,27.147,26.972
1385,27.134,26.957
1386,27.074,26.882
1387,27.182,27.021
1388,27.134,26.957
1389,27.075,26.898
1390,27.125,26.958
1391,27.143,26.987
1392,27.046,26.866
1393,27.074,26.915
1394,27.091,26.920
1395,27.113,26.954
1396,26.990,26.808
1397,27.100,26.931
1398,27.095,26.941
1399,27.057,26.907
1400,26.987,26.814
1401,27.080,26.933
1402,27.086,26.923
1403,27.081,26.925
1404,27.077,26.929
1405,26.958,26.778
1406,27.114,26.944
1407,27.088,26.923
1408,27.108,26.965
1409,27.146,26.985
1410,27.089,26.932
1411,27.150,27.011
1412,27.126,26.979
1413,27.072,26.922
1414,26.949,26.793
1415,27.038,26.893
1416,26.994,26.858
1417,26.926,26.779
1418,26.999,26.852
1419,26.974,26.831
1420,26.957,26.833
1421,26.819,26.680
1422,26.919,26.791
1423,26.917,26.788
1424,26.869,26.728
1425,26.784,26.647
1426,26.730,26.598
1427,26.685,26.546
1428,26.576,26.426
1429,26.644,26.502
1430,26.646,26.497
1431,26.609,26.472
1432,26.434,26.276
1433,26.617,26.462
1434,26.625,26.474
1435,26.716,26.580
1436,26.604,26.452
1437,26.785,26.645
1438,26.828,26.713
1439,26.838,26.704
1440,26.822,26.672
1441,26.837,26.692
1442,26.755,26.600
1443,26.777,26.624
1444,26.769,26.621
1445,26.851,26.690
1446,26.809,26.658
1447,26.829,26.682
1448,26.793,26.648
1449,26.759,26.606
1450,26.861,26.712
1451,26.924,26.783
1452,26.824,26.665
1453,26.841,26.690
1454,26.840,26.683
1455,26.841,26.674
1456,26.887,26.723
1457,27.017,26.859
1458,27.011,26.869
1459,27.010,26.861
1460,27.001,26.859
1461,26.999,26.850
1462,26.987,26.843
1463,26.999,26.849
1464,27.057,26.904
1465,26.949,26.819
1466,27.039,26.899
1467,26.997,26.869
1468,26.882,26.736
1469,26.948,26.798
1470,26.984,26.839
1471,26.958,26.802
1472,27.011,26.852
1473,27.062,26.901
1474,26.959,26.806
1475,26.976,26.830
1476,26.887,26.731
1477,26.917,26.772
1478,26.896,26.746
1479,26.870,26.706
1480,26.789,26.631
1481,26.762,26.602
1482,26.698,26.553
1483,26.690,26.526
1484,26.687,26.527
1485,26.696,26.516
1486,26.500,26.333
1487,26.440,26.280
1488,26.488,26.326
1489,26.701,26.534
1490,26.686,26.511
1491,26.658,26.489
1492,26.610,26.438
1493,26.714,26.552
1494,26.436,26.268
1495,26.403,26.229
1496,26.607,26.404
1497,26.498,26.308
1498,26.572,26.387
1499,26.502,26.316
1500,26.493,26.306
1501,26.459,26.252
1502,26.448,26.256
1503,26.431,26.239
1504,26.382,26.198
1505,26.406,26.221
1506,26.419,26.232
1507,26.330,26.122
1508,26.346,26.151
1509,26.373,26.182
1510,26.391,26.200
1511,26.363,26.166
1512,26.357,26.155
1513,26.347,26.133
1514,26.337,26.134
1515,26.289,26.082
1516,26.232,26.029
1517,26.165,25.980
1518,26.317,26.118
1519,26.231,26.051
1520,26.041,25.856
1521,26.101,25.924
1522,26.309,26.116
1523,26.069,25.893
1524,26.404,26.222
1525,26.348,26.176
1526,26.322,26.153
1527,26.372,26.205
1528,26.224,26.037
1529,26.342,26.162
1530,26.345,26.147
1531,26.381,26.190
1532,26.311,26.123
1533,26.386,26.195
1534,26.359,26.165
1535,26.355,26.139
1536,26.307,26.121
1537,26.352,26.160
1538,26.367,26.164
1539,26.412,26.191
1540,26.336,26.129
1541,26.374,26.169
1542,26.402,26.198
1543,26.360,26.138
1544,26.509,26.292
1545,26.378,26.158
1546,26.375,26.166
1547,26.386,26.167
1548,26.419,26.207
1549,26.431,26.209
1550,26.627,26.409
1551,26.374,26.144
1552,26.387,26.171
1553,26.436,26.220
1554,26.329,26.111
1555,26.475,26.271
1556,26.364,26.151
1557,26.345,26.119
1558,26.339,26.114
1559,26.329,26.099
1560,26.432,26.201
1561,26.456,26.218
1562,26.343,26.092
1563,26.472,26.250
1564,26.438,26.214
1565,26.395,26.163
1566,26.320,26.099
1567,26.467,26.227
1568,26.377,26.146
1569,26.336,26.105
1570,26.331,26.097
1571,26.432,26.212
1572,26.342,26.116
1573,26.333,26.100
1574,26.472,26.245
1575,26.369,26.151
1576,26.422,26.207
1577,26.320,26.112
1578,26.392,26.181
1579,26.304,26.077
1580,26.302,26.068
1581,26.390,26.171
1582,26.357,26.144
1583,26.436,26.235
1584,26.301,26.081
1585,26.229,25.998
1586,26.254,26.035
1587,26.161,25.941
1588,26.266,26.067
1589,26.158,25.961
1590,26.185,25.986
1591,26.094,25.888
1592,26.166,25.973
1593,26.034,25.845
1594,26.162,25.967
1595,26.089,25.909
1596,26.169,25.979
1597,26.058,25.870
1598,26.168,25.995
1599,26.025,25.841
1600,26.101,25.931
1601,26.121,25.950
1602,26.129,25.951
1603,26.106,25.902
1604,26.210,26.035
1605,26.208,26.046
1606,26.229,26.047
1607,26.274,26.086
1608,26.268,26.086
1609,26.405,26.234
1610,26.365,26.193
1611,26.390,26.216
1612,26.383,26.207
1613,26.414,26.236
1614,26.317,26.158
1615,26.408,26.250
1616,26.416,26.247
1617,26.279,26.089
1618,26.301,26.125
1619,26.321,26.134
1620,26.288,26.105
1621,26.287,26.104
1622,26.213,26.026
1623,26.216,26.048
1624,26.167,25.991
1625,26.154,25.999
1626,26.098,25.951
1627,26.116,25.956
1628,26.113,25.951
1629,25.995,25.798
1630,26.041,25.870
1631,26.025,25.865
1632,25.989,25.827
1633,25.932,25.787
1634,26.001,25.851
1635,25.886,25.741
1636,25.983,25.839
1637,25.866,25.704
1638,25.819,25.664
1639,25.923,25.767
1640,25.886,25.728
1641,25.852,25.684
1642,25.946,25.794
1643,25.836,25.683
1644,25.898,25.742
1645,25.890,25.721
1646,25.863,25.704
1647,25.928,25.767
1648,25.902,25.751
1649,25.976,25.812
1650,26.113,25.962
1651,25.986,25.817
1652,25.909,25.738
1653,25.940,25.772
1654,25.906,25.737
1655,26.004,25.858
1656,25.912,25.752
1657,25.978,25.809
1658,25.963,25.799
1659,25.921,25.758
1660,25.879,25.716
1661,26.019,25.879
1662,25.965,25.811
1663,25.925,25.763
1664,25.880,25.721
1665,25.861,25.709
1666,25.806,25.642
1667,25.985,25.836
1668,25.726,25.563
1669,25.679,25.527
1670,25.825,25.687
1671,25.815,25.665
1672,25.797,25.655
1673,25.839,25.707
1674,25.750,25.593
1675,25.746,25.593
1676,25.774,25.625
1677,25.896,25.754
1678,25.886,25.738
1679,25.859,25.706
1680,25.878,25.725
1681,26.292,26.142
1682,26.164,26.024
1683,26.157,26.026
1684,26.177,26.045
1685,26.147,26.005
1686,26.116,25.982
1687,26.128,25.996
1688,26.165,26.041
1689,26.143,26.012
1690,26.106,25.980
1691,26.117,25.983
1692,26.133,26.001
1693,26.128,26.005
1694,26.128,25.996
1695,26.141,25.988
1696,26.160,26.021
1697,25.861,25.735
1698,25.824,25.694
1699,25.844,25.715
1700,26.529,26.399
1701,26.527,26.393
1702,26.539,26.403
1703,26.565,26.434
1704,26.484,26.348
1705,26.445,26.315
1706,26.386,26.242
1707,26.402,26.257
1708,26.403,26.249
1709,26.440,26.291
1710,26.392,26.243
1711,26.419,26.287
1712,26.436,26.294
1713,26.459,26.320
1714,26.457,26.306
1715,26.419,26.265
1716,26.338,26.168
1717,26.311,26.137
1718,26.385,26.223
1719,26.288,26.111
1720,26.268,26.103
1721,26.340,26.182
1722,26.301,26.135
1723,26.431,26.282
1724,26.295,26.132
1725,26.340,26.175
1726,26.310,26.157
1727,26.373,26.197
1728,26.316,26.130
1729,26.312,26.130
1730,26.259,26.064
1731,26.279,26.090
1732,26.281,26.087
1733,26.290,26.110
1734,26.270,26.082
1735,26.348,26.167
1736,26.325,26.134
1737,26.335,26.147
1738,26.343,26.163
1739,26.354,26.183
1740,26.409,26.240
1741,26.350,26.172
1742,26.396,26.228
1743,26.348,26.174
1744,26.335,26.170
1745,26.283,26.116
1746,26.276,26.098
1747,26.240,26.061
1748,26.260,26.089
1749,26.252,26.082
1750,26.238,26.060
1751,26.301,26.123
1752,26.554,26.396
1753,26.572,26.404
1754,26.568,26.398
1755,26.566,26.408
1756,26.580,26.420
1757,26.524,26.361
1758,26.563,26.386
1759,26.459,26.291
1760,26.249,26.050
1761,26.250,26.088
1762,26.296,26.111
1763,26.298,26.126
1764,26.268,26.091
1765,26.268,26.098
1766,26.243,26.068
1767,26.234,26.062
1768,26.266,26.092
1769,26.228,26.046
1770,26.295,26.127
1771,26.304,26.142
1772,26.287,26.099
1773,26.291,26.098
1774,26.269,26.078
1775,26.284,26.093
1776,26.298,26.110
1777,26.315,26.129
1778,26.285,26.112
1779,26.308,26.132
1780,26.298,26.116
1781,26.295,26.124
1782,26.321,26.152
1783,26.335,26.166
1784,26.346,26.168
1785,26.319,26.150
1786,26.389,26.206
1787,26.382,26.204
1788,26.394,26.219
1789,26.383,26.206
1790,26.424,26.250
1791,26.497,26.333
1792,26.483,26.319
1793,26.443,26.280
1794,26.536,26.378
1795,26.600,26.453
1796,26.601,26.445
1797,26.565,26.406
1798,26.602,26.444
1799,26.513,26.355
1800,26.457,26.302
1801,26.442,26.279
1802,26.419,26.260
1803,26.380,26.191
1804,26.402,26.240
1805,26.433,26.269
1806,26.480,26.309
1807,26.424,26.238
1808,26.474,26.310
1809,26.509,26.345
1810,26.495,26.314
1811,26.478,26.304
1812,26.498,26.306
1813,26.398,26.198
1814,26.486,26.292
1815,26.517,26.332
1816,26.489,26.310
1817,26.517,26.345
1818,26.512,26.340
1819,26.502,26.334
1820,26.507,26.345
1821,26.550,26.389
1822,26.515,26.366
1823,26.532,26.371
1824,26.508,26.351
1825,26.509,26.338
1826,26.522,26.366
1827,26.488,26.330
1828,26.496,26.354
1829,26.486,26.327
1830,26.480,26.322
1831,26.471,26.312
1832,26.474,26.316
1833,26.449,26.293
1834,26.460,26.303
1835,26.472,26.307
1836,26.422,26.252
1837,26.449,26.293
1838,26.421,26.255
1839,26.416,26.256
1840,26.423,26.266
