0,13.648,16.303
1,13.652,16.305
2,13.670,16.349
3,13.727,16.417
4,13.722,16.376
5,13.698,16.350
6,13.720,16.387
7,13.714,16.362
8,13.776,16.498
9,13.717,16.416
10,13.715,16.387
11,13.749,16.439
12,13.754,16.456
13,13.799,16.524
14,13.806,16.522
15,13.813,16.546
16,13.838,16.569
17,13.883,16.638
18,13.894,16.653
19,13.846,16.580
20,13.837,16.550
21,13.829,16.532
22,13.839,16.545
23,13.861,16.560
24,13.846,16.547
25,13.861,16.562
26,13.855,16.553
27,13.881,16.583
28,13.863,16.566
29,13.891,16.607
30,13.892,16.618
31,13.904,16.655
32,13.975,16.773
33,14.052,16.897
34,14.054,16.914
35,14.024,16.860
36,13.987,16.805
37,13.979,16.798
38,13.939,16.743
39,13.947,16.748
40,13.919,16.702
41,13.939,16.760
42,13.889,16.663
43,13.875,16.630
44,13.800,16.536
45,13.735,16.428
46,13.666,16.319
47,13.620,16.249
48,13.603,16.221
49,13.648,16.294
50,13.634,16.251
51,13.627,16.229
52,13.627,16.221
53,13.594,16.181
54,13.573,16.143
55,13.570,16.132
56,13.555,16.118
57,13.608,16.210
58,13.578,16.177
59,13.591,16.189
60,13.597,16.188
61,13.588,16.162
62,13.610,16.215
63,13.619,16.217
64,13.670,16.298
65,13.692,16.332
66,13.713,16.349
67,13.749,16.400
68,13.705,16.334
69,13.658,16.257
70,13.642,16.240
71,13.671,16.281
72,13.661,16.262
73,13.654,16.238
74,13.660,16.251
75,13.667,16.263
76,13.670,16.258
77,13.697,16.311
78,13.656,16.208
79,13.629,16.208
80,13.646,16.236
81,13.636,16.222
82,13.616,16.191
83,13.630,16.228
84,13.618,16.217
85,13.582,16.182
86,13.604,16.207
87,13.625,16.249
88,13.663,16.312
89,13.696,16.372
90,13.669,16.310
91,13.703,16.418
92,13.640,16.261
93,13.626,16.242
94,13.676,16.332
95,13.668,16.305
96,13.629,16.239
97,13.617,16.220
98,13.617,16.237
99,13.602,16.201
100,13.582,16.184
101,13.574,16.159
102,13.603,16.199
103,13.644,16.262
104,13.628,16.228
105,13.643,16.253
106,13.686,16.316
107,13.669,16.315
108,13.623,16.228
109,13.605,16.184
110,13.592,16.175
111,13.555,16.107
112,13.509,16.012
113,13.484,15.981
114,13.505,16.004
115,13.480,15.969
116,13.464,15.949
117,13.483,15.970
118,13.517,16.005
119,13.573,16.102
120,13.617,16.146
121,13.684,16.282
122,13.634,16.180
123,13.661,16.227
124,13.660,16.216
125,13.681,16.241
126,13.715,16.281
127,13.736,16.318
128,13.773,16.373
129,13.786,16.403
130,13.828,16.486
131,13.794,16.416
132,13.824,16.469
133,13.857,16.507
134,13.913,16.583
135,13.928,16.610
136,13.979,16.692
137,14.013,16.759
138,14.031,16.799
139,13.990,16.732
140,14.157,16.985
141,14.146,16.982
142,14.105,16.906
143,14.165,17.002
144,14.113,16.922
145,14.109,16.943
146,14.055,16.846
147,14.061,16.859
148,14.101,16.914
149,14.116,16.939
150,14.035,16.823
151,14.128,16.951
152,14.135,16.959
153,14.154,17.015
154,14.000,16.786
155,13.958,16.721
156,13.976,16.755
157,13.994,16.781
158,13.960,16.760
159,13.974,16.790
160,13.953,16.756
161,13.857,16.578
162,13.818,16.529
163,13.748,16.411
164,13.753,16.430
165,13.698,16.334
166,13.680,16.313
167,13.643,16.259
168,13.623,16.218
169,13.652,16.267
170,13.712,16.391
171,13.683,16.329
172,13.720,16.400
173,13.721,16.392
174,13.734,16.418
175,13.732,16.396
176,13.724,16.397
177,13.743,16.427
178,13.762,16.445
179,13.761,16.457
180,13.780,16.473
181,13.777,16.489
182,13.780,16.485
183,13.833,16.595
184,13.804,16.530
185,13.776,16.474
186,13.744,16.426
187,13.686,16.326
188,13.693,16.342
189,13.686,16.317
190,13.706,16.347
191,13.684,16.286
192,13.702,16.331
193,13.654,16.236
194,13.664,16.263
195,13.638,16.211
196,13.624,16.179
197,13.596,16.165
198,13.566,16.117
199,13.560,16.110
200,13.524,16.059
201,13.522,16.061
202,13.486,16.005
203,13.486,16.001
204,13.477,15.999
205,13.474,15.987
206,13.483,15.997
207,13.508,16.043
208,13.497,16.009
209,13.524,16.052
210,13.553,16.084
211,13.559,16.121
212,13.583,16.152
213,13.596,16.165
214,13.620,16.181
215,13.665,16.265
216,13.725,16.344
217,13.753,16.400
218,13.818,16.480
219,13.908,16.622
220,14.001,16.766
221,14.002,16.763
222,14.001,16.756
223,13.940,16.670
224,13.907,16.602
225,13.895,16.591
226,13.834,16.512
227,13.819,16.487
228,13.807,16.453
229,13.833,16.504
230,13.923,16.613
231,13.837,16.475
232,13.763,16.361
233,13.695,16.250
234,13.629,16.149
235,13.622,16.128
236,13.639,16.153
237,13.631,16.126
238,13.676,16.223
239,13.736,16.319
240,13.677,16.232
241,13.758,16.327
242,13.791,16.366
243,13.815,16.389
244,13.769,16.333
245,13.747,16.318
246,13.750,16.314
247,13.779,16.378
248,13.852,16.483
249,13.847,16.508
250,13.852,16.515
251,13.894,16.572
252,13.932,16.623
253,13.920,16.606
254,13.902,16.575
255,13.925,16.608
256,13.970,16.687
257,14.067,16.842
258,14.228,17.090
259,14.125,16.918
260,14.027,16.774
261,13.962,16.656
262,13.843,16.457
263,13.771,16.358
264,13.712,16.267
265,13.666,16.207
266,13.671,16.226
267,13.662,16.193
268,13.674,16.203
269,13.711,16.281
270,13.726,16.277
271,13.729,16.299
272,13.773,16.364
273,13.773,16.357
274,13.842,16.457
275,13.733,16.320
276,13.766,16.384
277,13.757,16.352
278,13.776,16.395
279,13.836,16.473
280,13.889,16.549
281,13.968,16.677
282,14.035,16.802
283,14.069,16.856
284,14.112,16.929
285,14.093,16.900
286,14.076,16.867
287,14.055,16.819
288,14.052,16.813
289,14.062,16.837
290,14.036,16.798
291,14.104,16.933
292,14.072,16.859
293,14.272,17.186
294,14.258,17.107
295,14.211,17.046
296,14.073,16.840
297,13.964,16.655
298,13.877,16.533
299,13.733,16.318
300,13.634,16.169
301,13.589,16.102
302,13.590,16.119
303,13.587,16.123
304,13.570,16.102
305,13.543,16.071
306,13.544,16.060
307,13.573,16.109
308,13.521,16.035
309,13.520,16.037
310,13.529,16.037
311,13.500,16.009
312,13.511,16.029
313,13.513,16.031
314,13.490,16.000
315,13.482,15.980
316,13.513,16.046
317,13.491,16.027
318,13.467,15.969
319,13.439,15.938
320,13.453,15.978
321,13.421,15.924
322,13.438,15.959
323,13.431,15.958
324,13.440,15.974
325,13.449,15.991
326,13.483,16.050
327,13.464,16.011
328,13.502,16.086
329,13.495,16.082
330,13.498,16.085
331,13.539,16.145
332,13.504,16.109
333,13.441,16.014
334,13.397,15.941
335,13.377,15.906
336,13.352,15.879
337,13.340,15.863
338,13.311,15.821
339,13.318,15.845
340,13.291,15.807
341,13.304,15.830
342,13.316,15.848
343,13.261,15.757
344,13.277,15.775
345,13.292,15.798
346,13.277,15.794
347,13.260,15.756
348,13.246,15.738
349,13.259,15.767
350,13.221,15.707
351,13.221,15.706
352,13.220,15.711
353,13.196,15.674
354,13.191,15.676
355,13.180,15.651
356,13.169,15.642
357,13.140,15.595
358,13.178,15.647
359,13.166,15.638
360,13.191,15.678
361,13.205,15.696
362,13.206,15.690
363,13.208,15.703
364,13.182,15.652
365,13.194,15.684
366,13.178,15.650
367,13.182,15.664
368,13.169,15.656
369,13.169,15.659
370,13.142,15.615
371,13.147,15.633
372,13.160,15.641
373,13.146,15.620
374,13.136,15.617
375,13.140,15.617
376,13.146,15.630
377,13.135,15.614
378,13.131,15.617
379,13.118,15.588
380,13.112,15.569
381,13.139,15.609
382,13.129,15.602
383,13.156,15.645
384,13.158,15.644
385,13.188,15.698
386,13.152,15.630
387,13.176,15.666
388,13.171,15.658
389,13.185,15.678
390,13.206,15.712
391,13.197,15.706
392,13.215,15.717
393,13.210,15.716
394,13.188,15.680
395,13.177,15.657
396,13.177,15.660
397,13.188,15.686
398,13.162,15.634
399,13.188,15.666
400,13.209,15.696
401,13.225,15.721
402,13.231,15.744
403,13.237,15.737
404,13.228,15.732
405,13.230,15.727
406,13.229,15.738
407,13.236,15.739
408,13.252,15.774
409,13.222,15.719
410,13.222,15.725
411,13.232,15.729
412,13.195,15.688
413,13.235,15.746
414,13.223,15.734
415,13.209,15.713
416,13.197,15.690
417,13.189,15.675
418,13.206,15.718
419,13.209,15.723
420,13.196,15.698
421,13.208,15.719
422,13.242,15.768
423,13.222,15.741
424,13.245,15.767
425,13.250,15.775
426,13.225,15.735
427,13.234,15.748
428,13.248,15.766
429,13.222,15.731
430,13.277,15.811
431,13.285,15.823
432,13.258,15.777
433,13.254,15.764
434,13.262,15.774
435,13.259,15.784
436,13.261,15.779
437,13.284,15.803
438,13.256,15.772
439,13.292,15.826
440,13.270,15.786
441,13.284,15.812
442,13.300,15.829
443,13.306,15.836
444,13.297,15.831
445,13.315,15.860
446,13.317,15.851
447,13.318,15.857
448,13.303,15.835
449,13.310,15.843
450,13.297,15.830
451,13.308,15.863
452,13.312,15.848
453,13.277,15.800
454,13.288,15.818
455,13.308,15.867
456,13.264,15.799
457,13.265,15.796
458,13.264,15.791
459,13.254,15.766
460,13.254,15.760
461,13.242,15.752
462,13.268,15.783
463,13.265,15.785
464,13.285,15.827
465,13.286,15.810
466,13.286,15.810
467,13.300,15.834
468,13.284,15.806
469,13.308,15.850
470,13.314,15.847
471,13.305,15.828
472,13.310,15.848
473,13.330,15.890
474,13.304,15.846
475,13.300,15.833
476,13.260,15.777
477,13.261,15.789
478,13.266,15.781
479,13.266,15.781
480,13.257,15.760
481,13.253,15.765
482,13.264,15.785
483,13.264,15.778
484,13.284,15.808
485,13.280,15.804
486,13.272,15.789
487,13.250,15.749
488,13.231,15.724
489,13.229,15.720
490,13.237,15.721
491,13.243,15.739
492,13.258,15.764
493,13.251,15.750
494,13.241,15.723
495,13.226,15.715
496,13.245,15.747
497,13.251,15.753
498,13.255,15.758
499,13.258,15.760
500,13.245,15.745
501,13.271,15.786
502,13.255,15.763
503,13.240,15.735
504,13.262,15.793
505,13.255,15.775
506,13.266,15.793
507,13.285,15.816
508,13.274,15.803
509,13.283,15.816
510,13.280,15.797
511,13.288,15.820
512,13.273,15.796
513,13.278,15.805
514,13.285,15.825
515,13.295,15.830
516,13.259,15.769
517,13.269,15.778
518,13.266,15.773
519,13.263,15.769
520,13.264,15.778
521,13.279,15.791
522,13.306,15.835
523,13.291,15.803
524,13.315,15.844
525,13.333,15.879
526,13.325,15.862
527,13.332,15.864
528,13.324,15.859
529,13.336,15.879
530,13.352,15.911
531,13.352,15.905
532,13.330,15.864
533,13.358,15.915
534,13.353,15.915
535,13.362,15.917
536,13.295,15.824
537,13.323,15.867
538,13.305,15.838
539,13.300,15.817
540,13.318,15.842
541,13.322,15.859
542,13.332,15.870
543,13.349,15.900
544,13.303,15.833
545,13.319,15.857
546,13.335,15.878
547,13.295,15.818
548,13.292,15.815
549,13.298,15.820
550,13.271,15.772
551,13.257,15.772
552,13.233,15.728
553,13.237,15.742
554,13.251,15.759
555,13.241,15.763
556,13.203,15.699
557,13.192,15.683
558,13.182,15.665
559,13.174,15.657
560,13.179,15.657
561,13.132,15.589
562,13.147,15.603
563,13.133,15.589
564,13.129,15.586
565,13.120,15.575
566,13.138,15.592
567,13.130,15.591
568,13.132,15.580
569,13.124,15.579
570,13.116,15.572
571,13.170,15.653
572,13.125,15.578
573,13.144,15.613
574,13.135,15.584
575,13.156,15.634
576,13.156,15.621
577,13.148,15.609
578,13.153,15.611
579,13.143,15.607
580,13.139,15.602
581,13.148,15.608
582,13.156,15.626
583,13.141,15.604
584,13.165,15.629
585,13.178,15.662
586,13.170,15.643
587,13.183,15.662
588,13.207,15.693
589,13.198,15.678
590,13.198,15.690
591,13.186,15.667
592,13.182,15.657
593,13.205,15.690
594,13.209,15.705
595,13.192,15.687
596,13.201,15.709
597,13.201,15.705
598,13.191,15.679
599,13.187,15.668
600,13.210,15.707
601,13.174,15.650
602,13.158,15.634
603,13.203,15.701
604,13.170,15.656
605,13.191,15.690
606,13.165,15.642
607,13.163,15.635
608,13.145,15.608
609,13.163,15.645
610,13.155,15.635
611,13.177,15.664
612,13.156,15.634
613,13.152,15.627
614,13.154,15.632
615,13.154,15.631
616,13.134,15.610
617,13.128,15.589
618,13.124,15.592
619,13.134,15.609
620,13.112,15.573
621,13.108,15.566
622,13.102,15.568
623,13.115,15.584
624,13.106,15.567
625,13.089,15.547
626,13.083,15.544
627,13.089,15.556
628,13.083,15.538
629,13.091,15.548
630,13.091,15.546
631,13.117,15.582
632,13.115,15.590
633,13.106,15.572
634,13.100,15.552
635,13.112,15.580
636,13.111,15.581
637,13.128,15.604
638,13.097,15.551
639,13.105,15.568
640,13.122,15.590
641,13.100,15.560
642,13.099,15.558
643,13.096,15.550
644,13.082,15.510
645,13.100,15.559
646,13.079,15.537
647,13.080,15.520
648,13.076,15.530
649,13.085,15.543
650,13.108,15.570
651,13.102,15.561
652,13.106,15.560
653,13.133,15.595
654,13.141,15.612
655,13.172,15.665
656,13.188,15.685
657,13.187,15.679
658,13.191,15.678
659,13.212,15.712
660,13.205,15.701
661,13.211,15.716
662,13.216,15.736
663,13.230,15.750
664,13.222,15.724
665,13.237,15.747
666,13.232,15.746
667,13.248,15.776
668,13.217,15.731
669,13.189,15.681
670,13.232,15.753
671,13.209,15.714
672,13.194,15.692
673,13.185,15.680
674,13.165,15.636
675,13.215,15.726
676,13.223,15.740
677,13.203,15.711
678,13.228,15.742
679,13.248,15.773
680,13.241,15.769
681,13.204,15.700
682,13.204,15.711
683,13.176,15.668
684,13.207,15.726
685,13.224,15.732
686,13.243,15.765
687,13.257,15.791
688,13.290,15.833
689,13.291,15.837
690,13.292,15.853
691,13.276,15.820
692,13.293,15.841
693,13.298,15.858
694,13.295,15.837
695,13.290,15.837
696,13.269,15.809
697,13.260,15.797
698,13.224,15.739
699,13.202,15.702
700,13.208,15.712
701,13.207,15.710
702,13.217,15.724
703,13.213,15.717
704,13.249,15.774
705,13.257,15.787
706,13.300,15.861
707,13.286,15.835
708,13.307,15.856
709,13.355,15.929
710,13.365,15.933
711,13.354,15.918
712,13.337,15.882
713,13.321,15.858
714,13.341,15.893
715,13.352,15.904
716,13.350,15.889
717,13.373,15.921
718,13.394,15.960
719,13.381,15.935
720,13.386,15.952
721,13.392,15.955
722,13.409,15.981
723,13.430,16.005
724,13.441,16.040
725,13.457,16.058
726,13.454,16.060
727,13.472,16.088
728,13.453,16.054
729,13.449,16.028
730,13.437,16.018
731,13.421,15.995
732,13.452,16.034
733,13.478,16.091
734,13.449,16.039
735,13.427,16.011
736,13.463,16.062
737,13.464,16.072
738,13.515,16.147
739,13.488,16.105
740,13.524,16.169
741,13.497,16.113
742,13.525,16.154
743,13.505,16.130
744,13.518,16.155
745,13.495,16.117
746,13.503,16.136
747,13.499,16.130
748,13.451,16.056
749,13.419,16.010
750,13.406,15.989
751,13.392,15.964
752,13.325,15.878
753,13.328,15.870
754,13.296,15.829
755,13.300,15.829
756,13.289,15.826
757,13.287,15.842
758,13.301,15.853
759,13.273,15.816
760,13.235,15.755
761,13.238,15.763
762,13.213,15.731
763,13.182,15.681
764,13.165,15.649
765,13.172,15.676
766,13.146,15.632
767,13.140,15.621
768,13.136,15.602
769,13.149,15.628
770,13.143,15.619
771,13.197,15.696
772,13.188,15.695
773,13.190,15.683
774,13.228,15.741
775,13.248,15.776
776,13.255,15.786
777,13.273,15.815
778,13.267,15.806
779,13.283,15.833
780,13.303,15.860
781,13.302,15.858
782,13.317,15.878
783,13.312,15.856
784,13.341,15.917
785,13.331,15.900
786,13.331,15.881
787,13.304,15.849
788,13.312,15.851
789,13.295,15.837
790,13.272,15.797
791,13.283,15.818
792,13.280,15.817
793,13.270,15.801
794,13.249,15.766
795,13.276,15.802
796,13.253,15.765
797,13.248,15.753
798,13.237,15.730
799,13.240,15.746
800,13.191,15.675
801,13.197,15.696
802,13.167,15.640
803,13.175,15.656
804,13.172,15.660
805,13.171,15.642
806,13.169,15.662
807,13.174,15.650
808,13.178,15.658
809,13.177,15.669
810,13.196,15.686
811,13.218,15.719
812,13.225,15.746
813,13.192,15.689
814,13.206,15.706
815,13.195,15.693
816,13.199,15.707
817,13.196,15.696
818,13.205,15.716
819,13.213,15.726
820,13.213,15.715
821,13.211,15.717
822,13.191,15.683
823,13.226,15.743
824,13.202,15.688
825,13.197,15.684
826,13.201,15.697
827,13.177,15.661
828,13.203,15.705
829,13.185,15.672
830,13.184,15.679
831,13.173,15.662
832,13.165,15.651
833,13.152,15.627
834,13.179,15.677
835,13.176,15.666
836,13.217,15.732
837,13.266,15.797
838,13.296,15.841
839,13.292,15.829
840,13.290,15.831
841,13.290,15.824
842,13.292,15.815
843,13.253,15.754
844,13.275,15.796
845,13.258,15.752
846,13.231,15.716
847,13.240,15.739
848,13.261,15.778
849,13.259,15.767
850,13.283,15.790
851,13.255,15.762
852,13.264,15.775
853,13.266,15.780
854,13.259,15.770
855,13.277,15.806
856,13.261,15.785
857,13.263,15.780
858,13.237,15.736
859,13.243,15.751
860,13.205,15.691
861,13.193,15.669
862,13.196,15.678
863,13.170,15.640
864,13.215,15.719
865,13.234,15.738
866,13.256,15.780
867,13.282,15.816
868,13.280,15.811
869,13.279,15.812
870,13.274,15.799
871,13.267,15.791
872,13.289,15.825
873,13.330,15.887
874,13.358,15.931
875,13.373,15.960
876,13.391,15.986
877,13.379,15.965
878,13.384,15.963
879,13.373,15.942
880,13.378,15.952
881,13.366,15.943
882,13.380,15.962
883,13.368,15.942
884,13.380,15.959
885,13.393,15.993
886,13.415,16.017
887,13.408,16.016
888,13.403,16.000
889,13.366,15.951
890,13.393,16.002
891,13.364,15.947
892,13.360,15.940
893,13.346,15.919
894,13.306,15.867
895,13.302,15.849
896,13.301,15.856
897,13.256,15.777
898,13.255,15.795
899,13.249,15.778
900,13.262,15.794
901,13.298,15.841
902,13.315,15.871
903,13.382,15.962
904,13.401,15.986
905,13.519,16.173
906,13.530,16.169
907,13.575,16.234
908,13.624,16.304
909,13.675,16.388
910,13.692,16.407
911,13.760,16.503
912,13.783,16.539
913,13.769,16.518
914,13.783,16.546
915,13.768,16.516
916,13.792,16.546
917,13.823,16.585
918,13.835,16.610
919,13.880,16.657
920,13.884,16.679
921,13.865,16.652
922,13.906,16.700
923,13.892,16.671
924,13.874,16.636
925,13.924,16.699
926,13.800,16.517
927,13.792,16.501
928,13.801,16.515
929,13.727,16.414
930,13.684,16.362
931,13.672,16.352
932,13.660,16.324
933,13.642,16.298
934,13.672,16.343
935,13.699,16.385
936,13.697,16.380
937,13.699,16.380
938,13.703,16.407
939,13.728,16.436
940,13.721,16.426
941,13.686,16.363
942,13.709,16.398
943,13.721,16.427
944,13.697,16.366
945,13.731,16.428
946,13.662,16.314
947,13.679,16.337
948,13.659,16.310
949,13.649,16.295
950,13.638,16.266
951,13.633,16.294
952,13.599,16.231
953,13.577,16.210
954,13.515,16.105
955,13.489,16.089
956,13.448,16.035
957,13.406,15.972
958,13.383,15.934
959,13.355,15.904
960,13.354,15.888
961,13.347,15.894
962,13.363,15.910
963,13.380,15.946
964,13.400,15.984
965,13.414,15.990
966,13.421,16.018
967,13.417,15.997
968,13.427,16.020
969,13.399,15.972
970,13.406,15.979
971,13.417,15.989
972,13.459,16.060
973,13.502,16.136
974,13.502,16.135
975,13.514,16.136
976,13.482,16.099
977,13.486,16.100
978,13.477,16.094
979,13.525,16.173
980,13.548,16.206
981,13.570,16.245
982,13.543,16.197
983,13.532,16.177
984,13.504,16.139
985,13.519,16.158
986,13.452,16.053
987,13.467,16.081
988,13.440,16.041
989,13.427,16.026
990,13.392,15.961
991,13.367,15.929
992,13.375,15.939
993,13.363,15.920
994,13.333,15.881
995,13.341,15.895
996,13.311,15.866
997,13.307,15.858
998,13.316,15.877
999,13.301,15.833
1000,13.278,15.814
1001,13.281,15.825
1002,13.247,15.765
1003,13.257,15.786
1004,13.276,15.821
1005,13.277,15.806
1006,13.269,15.811
1007,13.290,15.836
1008,13.278,15.818
1009,13.311,15.867
1010,13.289,15.826
1011,13.288,15.824
1012,13.313,15.878
1013,13.308,15.854
1014,13.303,15.852
1015,13.329,15.893
1016,13.307,15.856
1017,13.339,15.907
1018,13.313,15.863
1019,13.335,15.888
1020,13.335,15.901
1021,13.350,15.916
1022,13.354,15.934
1023,13.378,15.957
1024,13.381,15.972
1025,13.394,15.979
1026,13.419,16.016
1027,13.449,16.058
1028,13.469,16.101
1029,13.492,16.134
1030,13.513,16.157
1031,13.564,16.240
1032,13.578,16.254
1033,13.594,16.282
1034,13.608,16.314
1035,13.618,16.317
1036,13.640,16.354
1037,13.651,16.374
1038,13.683,16.405
1039,13.656,16.388
1040,13.704,16.464
1041,13.734,16.506
1042,13.762,16.552
1043,13.748,16.510
1044,13.732,16.477
1045,13.706,16.437
1046,13.719,16.462
1047,13.643,16.339
1048,13.647,16.337
1049,13.637,16.337
1050,13.631,16.312
1051,13.647,16.348
1052,13.651,16.348
1053,13.669,16.363
1054,13.698,16.414
1055,13.655,16.344
1056,13.617,16.269
1057,13.668,16.352
1058,13.548,16.171
1059,13.540,16.152
1060,13.513,16.104
1061,13.421,15.989
1062,13.430,15.991
1063,13.412,15.954
1064,13.425,15.981
1065,13.444,15.996
1066,13.458,16.011
1067,13.472,16.037
1068,13.503,16.077
1069,13.511,16.084
1070,13.526,16.119
1071,13.509,16.090
1072,13.514,16.079
1073,13.470,16.016
1074,13.460,16.006
1075,13.438,15.970
1076,13.488,16.057
1077,13.500,16.062
1078,13.479,16.053
1079,13.526,16.105
1080,13.547,16.146
1081,13.557,16.155
1082,13.593,16.217
1083,13.621,16.264
1084,13.597,16.228
1085,13.586,16.216
1086,13.556,16.169
1087,13.547,16.165
1088,13.527,16.115
1089,13.504,16.087
1090,13.507,16.093
1091,13.529,16.141
1092,13.486,16.086
1093,13.466,16.040
1094,13.418,15.974
1095,13.397,15.938
1096,13.395,15.957
1097,13.335,15.878
1098,13.369,15.929
1099,13.370,15.933
1100,13.371,15.939
1101,13.350,15.897
1102,13.330,15.869
1103,13.339,15.885
1104,13.325,15.863
1105,13.306,15.836
1106,13.281,15.805
1107,13.302,15.843
1108,13.274,15.782
1109,13.289,15.823
1110,13.297,15.841
1111,13.275,15.809
1112,13.289,15.827
1113,13.283,15.801
1114,13.290,15.837
1115,13.274,15.821
1116,13.261,15.793
1117,13.268,15.802
1118,13.257,15.781
1119,13.272,15.816
1120,13.249,15.772
1121,13.247,15.781
1122,13.241,15.764
1123,13.240,15.769
1124,13.227,15.748
1125,13.199,15.706
1126,13.214,15.732
1127,13.208,15.725
1128,13.195,15.698
1129,13.220,15.746
1130,13.234,15.761
1131,13.260,15.791
1132,13.277,15.825
1133,13.304,15.873
1134,13.296,15.850
1135,13.329,15.913
1136,13.349,15.932
1137,13.342,15.921
1138,13.350,15.951
1139,13.366,15.959
1140,13.357,15.958
1141,13.357,15.960
1142,13.379,16.006
1143,13.396,16.025
1144,13.408,16.056
1145,13.406,16.058
1146,13.374,16.002
1147,13.393,16.035
1148,13.409,16.055
1149,13.403,16.042
1150,13.417,16.052
1151,13.411,16.047
1152,13.414,16.045
1153,13.406,16.026
1154,13.392,15.997
1155,13.369,15.956
1156,13.357,15.939
1157,13.327,15.900
1158,13.329,15.909
1159,13.328,15.905
1160,13.258,15.790
1161,13.276,15.824
1162,13.270,15.799
1163,13.255,15.771
1164,13.237,15.744
1165,13.220,15.713
1166,13.188,15.669
1167,13.174,15.660
1168,13.170,15.665
1169,13.176,15.670
1170,13.169,15.663
1171,13.192,15.695
1172,13.165,15.648
1173,13.174,15.664
1174,13.180,15.677
1175,13.184,15.670
1176,13.176,15.678
1177,13.177,15.664
1178,13.181,15.674
1179,13.205,15.717
1180,13.192,15.692
1181,13.203,15.704
1182,13.223,15.738
1183,13.233,15.737
1184,13.249,15.775
1185,13.230,15.749
1186,13.241,15.765
1187,13.214,15.711
1188,13.217,15.717
1189,13.231,15.732
1190,13.219,15.709
1191,13.218,15.708
1192,13.244,15.749
1193,13.220,15.700
1194,13.234,15.727
1195,13.273,15.781
1196,13.294,15.808
1197,13.309,15.834
1198,13.329,15.857
1199,13.354,15.907
1200,13.314,15.835
1201,13.320,15.842
1202,13.338,15.883
1203,13.340,15.878
1204,13.310,15.837
1205,13.310,15.829
1206,13.310,15.840
1207,13.320,15.848
1208,13.325,15.855
1209,13.250,15.744
1210,13.239,15.739
1211,13.218,15.703
1212,13.212,15.694
1213,13.194,15.665
1214,13.157,15.631
1215,13.197,15.684
1216,13.143,15.610
1217,13.150,15.621
1218,13.131,15.594
1219,13.163,15.653
1220,13.132,15.605
1221,13.117,15.591
1222,13.129,15.595
1223,13.140,15.619
1224,13.159,15.644
1225,13.153,15.628
1226,13.183,15.676
1227,13.182,15.658
1228,13.187,15.674
1229,13.203,15.691
1230,13.206,15.706
1231,13.198,15.695
1232,13.204,15.697
1233,13.220,15.727
1234,13.190,15.676
1235,13.200,15.692
1236,13.206,15.715
1237,13.211,15.714
1238,13.186,15.674
1239,13.194,15.689
1240,13.194,15.695
1241,13.224,15.727
1242,13.255,15.781
1243,13.263,15.786
1244,13.295,15.837
1245,13.319,15.879
1246,13.343,15.909
1247,13.392,15.987
1248,13.392,15.983
1249,13.403,16.002
1250,13.429,16.032
1251,13.443,16.056
1252,13.459,16.095
1253,13.446,16.048
1254,13.432,16.038
1255,13.409,15.998
1256,13.403,15.995
1257,13.354,15.920
1258,13.355,15.921
1259,13.324,15.875
1260,13.315,15.866
1261,13.273,15.803
1262,13.250,15.778
1263,13.249,15.769
1264,13.256,15.780
1265,13.241,15.752
1266,13.254,15.754
1267,13.284,15.805
1268,13.303,15.826
1269,13.291,15.805
1270,13.350,15.899
1271,13.332,15.863
1272,13.316,15.840
1273,13.344,15.883
1274,13.346,15.874
1275,13.324,15.856
1276,13.334,15.877
1277,13.339,15.881
1278,13.325,15.846
1279,13.346,15.891
1280,13.339,15.858
1281,13.352,15.889
1282,13.360,15.893
1283,13.352,15.883
1284,13.395,15.949
1285,13.388,15.932
1286,13.376,15.902
1287,13.384,15.916
1288,13.386,15.933
1289,13.406,15.949
1290,13.424,15.985
1291,13.455,16.040
1292,13.462,16.048
1293,13.513,16.127
1294,13.523,16.144
1295,13.574,16.226
1296,13.633,16.316
1297,13.670,16.370
1298,13.701,16.421
1299,13.729,16.457
1300,13.706,16.438
1301,13.741,16.475
1302,13.766,16.522
1303,13.765,16.525
1304,13.776,16.538
1305,13.753,16.507
1306,13.716,16.450
1307,13.692,16.399
1308,13.677,16.382
1309,13.615,16.283
1310,13.626,16.312
1311,13.594,16.254
1312,13.593,16.253
1313,13.591,16.255
1314,13.595,16.265
1315,13.568,16.246
1316,13.523,16.150
1317,13.518,16.145
1318,13.474,16.075
1319,13.430,16.009
1320,13.402,15.959
1321,13.406,15.977
1322,13.405,15.969
1323,13.424,15.995
1324,13.408,15.966
1325,13.396,15.951
1326,13.405,15.964
1327,13.375,15.918
1328,13.354,15.899
1329,13.325,15.847
1330,13.325,15.849
1331,13.300,15.820
1332,13.282,15.791
1333,13.291,15.810
1334,13.256,15.751
1335,13.247,15.758
1336,13.242,15.732
1337,13.212,15.698
1338,13.224,15.723
1339,13.219,15.710
1340,13.215,15.718
1341,13.181,15.670
1342,13.191,15.686
1343,13.199,15.692
1344,13.181,15.660
1345,13.189,15.685
1346,13.208,15.700
1347,13.203,15.686
1348,13.213,15.706
1349,13.223,15.723
1350,13.235,15.747
1351,13.258,15.778
1352,13.254,15.771
1353,13.259,15.772
1354,13.266,15.797
1355,13.248,15.745
1356,13.241,15.757
1357,13.262,15.781
1358,13.253,15.764
1359,13.265,15.786
1360,13.320,15.868
1361,13.336,15.894
1362,13.351,15.918
1363,13.409,15.995
1364,13.425,16.023
1365,13.449,16.063
1366,13.470,16.084
1367,13.534,16.171
1368,13.560,16.213
1369,13.557,16.213
1370,13.581,16.261
1371,13.532,16.188
1372,13.547,16.193
1373,13.542,16.185
1374,13.521,16.158
1375,13.525,16.145
1376,13.516,16.142
1377,13.517,16.150
1378,13.498,16.141
1379,13.443,16.045
1380,13.448,16.048
1381,13.449,16.047
1382,13.442,16.052
1383,13.447,16.048
1384,13.457,16.072
1385,13.439,16.036
1386,13.424,16.023
1387,13.442,16.041
1388,13.453,16.054
1389,13.517,16.147
1390,13.622,16.295
1391,13.636,16.312
1392,13.702,16.423
1393,13.708,16.435
1394,13.731,16.474
1395,13.752,16.523
1396,13.804,16.600
1397,13.830,16.628
1398,13.865,16.687
1399,13.883,16.711
1400,13.921,16.774
1401,13.908,16.768
1402,13.887,16.739
1403,13.908,16.757
1404,13.902,16.748
1405,13.918,16.757
1406,13.916,16.747
1407,13.898,16.721
1408,13.902,16.737
1409,13.922,16.754
1410,13.916,16.744
1411,13.907,16.734
1412,13.896,16.709
1413,13.958,16.804
1414,13.930,16.758
1415,13.961,16.822
1416,13.970,16.821
1417,14.000,16.858
1418,13.868,16.672
1419,13.841,16.611
1420,13.870,16.660
1421,13.862,16.637
1422,13.878,16.651
1423,13.893,16.689
1424,13.905,16.706
1425,13.914,16.720
1426,13.890,16.679
1427,13.857,16.608
1428,13.846,16.609
1429,13.858,16.630
1430,13.859,16.613
1431,13.837,16.579
1432,13.840,16.601
1433,13.829,16.573
1434,13.849,16.597
1435,13.817,16.564
1436,13.840,16.608
1437,13.849,16.606
1438,13.868,16.648
1439,13.868,16.630
1440,13.872,16.642
1441,13.907,16.698
1442,13.862,16.619
1443,13.888,16.662
1444,13.917,16.708
1445,13.903,16.679
1446,13.870,16.623
1447,13.920,16.711
1448,13.905,16.695
1449,13.920,16.711
1450,13.904,16.693
1451,13.901,16.706
1452,13.863,16.633
1453,13.852,16.619
1454,13.803,16.554
1455,13.776,16.527
1456,13.752,16.488
1457,13.727,16.453
1458,13.706,16.434
1459,13.662,16.382
1460,13.613,16.304
1461,13.574,16.244
1462,13.547,16.215
1463,13.544,16.217
1464,13.526,16.187
1465,13.499,16.154
1466,13.468,16.125
1467,13.460,16.119
1468,13.443,16.098
1469,13.402,16.030
1470,13.377,15.988
1471,13.392,16.017
1472,13.401,16.030
1473,13.391,16.022
1474,13.367,15.982
1475,13.364,15.987
1476,13.338,15.933
1477,13.315,15.913
1478,13.347,15.957
1479,13.312,15.900
1480,13.304,15.893
1481,13.260,15.829
1482,13.248,15.812
1483,13.249,15.812
1484,13.230,15.796
1485,13.226,15.794
1486,13.199,15.756
1487,13.195,15.734
1488,13.165,15.695
1489,13.168,15.704
1490,13.179,15.721
1491,13.187,15.734
1492,13.186,15.742
1493,13.189,15.730
1494,13.205,15.771
1495,13.218,15.785
1496,13.204,15.756
1497,13.211,15.777
1498,13.224,15.802
1499,13.250,15.844
1500,13.218,15.790
1501,13.183,15.734
1502,13.204,15.774
1503,13.207,15.774
1504,13.220,15.797
1505,13.190,15.761
1506,13.179,15.737
1507,13.177,15.743
1508,13.176,15.752
1509,13.148,15.698
1510,13.180,15.748
1511,13.160,15.724
1512,13.132,15.678
1513,13.143,15.699
1514,13.113,15.647
1515,13.111,15.651
1516,13.105,15.640
1517,13.080,15.594
1518,13.087,15.608
1519,13.100,15.621
1520,13.104,15.633
1521,13.117,15.659
1522,13.141,15.685
1523,13.165,15.720
1524,13.166,15.711
1525,13.197,15.760
1526,13.222,15.788
1527,13.275,15.880
1528,13.276,15.873
1529,13.289,15.893
1530,13.320,15.935
1531,13.364,16.011
1532,13.356,15.992
1533,13.382,16.025
1534,13.395,16.025
1535,13.400,16.035
1536,13.411,16.060
1537,13.459,16.126
1538,13.444,16.102
1539,13.434,16.069
1540,13.429,16.070
1541,13.443,16.100
1542,13.442,16.082
1543,13.410,16.035
1544,13.423,16.057
1545,13.425,16.053
1546,13.429,16.047
1547,13.455,16.088
1548,13.434,16.056
1549,13.455,16.091
1550,13.455,16.092
1551,13.448,16.062
1552,13.443,16.051
1553,13.442,16.051
1554,13.448,16.069
1555,13.461,16.077
1556,13.468,16.101
1557,13.467,16.092
1558,13.514,16.165
1559,13.537,16.200
1560,13.548,16.199
1561,13.545,16.184
1562,13.583,16.240
1563,13.597,16.264
1564,13.591,16.251
1565,13.618,16.285
1566,13.617,16.283
1567,13.654,16.353
1568,13.665,16.367
1569,13.682,16.392
1570,13.730,16.478
1571,13.750,16.513
1572,13.739,16.498
1573,13.758,16.534
1574,13.805,16.601
1575,13.836,16.628
1576,13.872,16.694
1577,13.936,16.801
1578,13.997,16.896
1579,14.023,16.919
1580,13.975,16.856
1581,14.003,16.896
1582,14.011,16.900
1583,13.999,16.880
1584,14.018,16.907
1585,14.037,16.942
1586,14.009,16.896
1587,14.018,16.902
1588,14.038,16.927
1589,14.019,16.909
1590,14.025,16.907
1591,14.027,16.919
1592,14.038,16.932
1593,14.042,16.943
1594,14.001,16.878
1595,14.011,16.881
1596,14.019,16.901
1597,14.004,16.868
1598,13.995,16.855
1599,13.994,16.866
1600,14.025,16.904
1601,13.996,16.863
1602,14.021,16.914
1603,14.040,16.926
1604,14.033,16.930
1605,14.030,16.911
1606,14.045,16.942
1607,14.026,16.904
1608,14.013,16.886
1609,14.026,16.910
1610,14.022,16.892
1611,14.028,16.919
1612,14.027,16.900
1613,14.021,16.898
1614,14.018,16.892
1615,14.004,16.862
1616,14.016,16.894
1617,14.006,16.880
1618,14.028,16.917
1619,13.991,16.856
1620,14.005,16.867
1621,14.001,16.876
1622,14.016,16.902
1623,13.999,16.873
1624,13.982,16.830
1625,13.971,16.804
1626,13.961,16.790
1627,13.987,16.830
1628,13.989,16.845
1629,13.985,16.834
1630,13.983,16.832
1631,13.964,16.806
1632,13.996,16.852
1633,13.999,16.859
1634,13.984,16.850
1635,13.984,16.851
1636,13.942,16.768
1637,13.957,16.786
1638,13.946,16.777
1639,13.959,16.797
1640,13.941,16.766
1641,13.936,16.752
1642,13.947,16.787
1643,13.935,16.755
1644,13.939,16.782
1645,13.931,16.751
1646,13.915,16.733
1647,13.897,16.704
1648,13.894,16.680
1649,13.899,16.698
1650,13.893,16.681
1651,13.903,16.711
1652,13.930,16.752
1653,13.946,16.768
1654,13.946,16.761
1655,13.929,16.744
1656,13.952,16.781
1657,13.939,16.752
1658,13.968,16.805
1659,13.988,16.838
1660,14.033,16.904
1661,14.017,16.867
1662,14.009,16.862
1663,14.001,16.853
1664,14.058,16.931
1665,14.028,16.897
1666,14.052,16.925
1667,14.034,16.895
1668,14.046,16.916
1669,14.038,16.909
1670,14.064,16.940
1671,14.070,16.950
1672,14.094,16.997
1673,14.079,16.966
1674,14.080,16.967
1675,14.075,16.960
1676,14.138,17.052
1677,14.143,17.059
1678,14.164,17.100
1679,14.237,17.205
1680,14.261,17.250
1681,14.295,17.296
1682,14.309,17.322
1683,14.338,17.367
1684,14.371,17.411
1685,14.386,17.425
1686,14.419,17.481
1687,14.468,17.577
1688,14.510,17.618
1689,14.500,17.587
1690,14.514,17.625
1691,14.518,17.636
1692,14.502,17.613
1693,14.530,17.658
1694,14.527,17.616
1695,14.532,17.627
1696,14.552,17.669
1697,14.525,17.625
1698,14.526,17.617
1699,14.533,17.627
1700,14.504,17.565
1701,14.504,17.560
1702,14.526,17.594
1703,14.477,17.510
1704,14.470,17.485
1705,14.496,17.524
1706,14.458,17.443
