0,19.069,20.114
1,19.067,20.112
2,19.093,20.143
3,19.298,20.424
4,19.208,20.341
5,18.967,20.098
6,18.775,19.909
7,18.629,19.773
8,18.360,19.468
9,18.639,19.765
10,18.561,19.686
11,18.422,19.542
12,18.622,19.735
13,18.456,19.588
14,18.390,19.538
15,18.877,20.046
16,18.871,20.021
17,18.903,20.063
18,19.214,20.373
19,19.277,20.427
20,19.227,20.373
21,19.382,20.555
22,19.308,20.483
23,19.230,20.423
24,19.496,20.664
25,19.527,20.695
26,19.708,20.856
27,19.863,20.977
28,20.200,21.297
29,20.379,21.489
30,20.433,21.549
31,20.433,21.544
32,20.694,21.780
33,20.663,21.733
34,20.537,21.607
35,20.554,21.641
36,20.631,21.731
37,20.991,22.114
38,21.067,22.127
39,20.834,21.874
40,20.775,21.804
41,20.825,21.864
42,20.740,21.771
43,20.919,21.919
44,20.948,21.908
45,20.917,21.866
46,20.881,21.828
47,20.738,21.641
48,20.836,21.714
49,20.866,21.723
50,20.909,21.773
51,21.147,22.068
52,21.178,22.064
53,21.442,22.326
54,21.440,22.322
55,21.363,22.199
56,21.380,22.227
57,21.347,22.158
58,21.887,22.740
59,21.602,22.389
60,20.792,21.509
61,20.603,21.266
62,20.775,21.489
63,21.658,22.461
64,20.705,21.374
65,20.775,21.462
66,20.271,20.890
67,20.345,20.944
68,20.523,21.159
69,20.533,21.156
70,20.609,21.215
71,20.620,21.245
72,20.628,21.245
73,20.681,21.285
74,20.714,21.327
75,20.606,21.159
76,20.785,21.333
77,20.598,21.125
78,20.584,21.098
79,20.650,21.161
80,20.551,21.060
81,20.636,21.150
82,20.622,21.131
83,20.591,21.097
84,20.372,20.874
85,20.369,20.872
86,20.447,20.977
87,20.270,20.763
88,20.285,20.799
89,20.196,20.716
90,20.177,20.719
91,20.130,20.673
92,19.960,20.501
93,19.904,20.431
94,19.844,20.376
95,19.894,20.435
96,19.839,20.365
97,19.488,19.982
98,19.669,20.195
99,19.401,19.916
100,19.557,20.091
101,19.684,20.288
102,19.345,19.905
103,19.308,19.852
104,19.170,19.725
105,19.181,19.763
106,19.045,19.624
107,18.944,19.507
108,18.945,19.517
109,18.959,19.556
110,18.974,19.563
111,18.921,19.529
112,18.943,19.565
113,19.033,19.684
114,18.945,19.563
115,18.890,19.501
116,18.961,19.597
117,18.860,19.467
118,18.891,19.495
119,18.856,19.454
120,18.838,19.430
121,18.770,19.387
122,18.766,19.381
123,18.769,19.379
124,18.756,19.374
125,18.747,19.355
126,18.722,19.344
127,18.566,19.161
128,18.520,19.135
129,18.388,18.984
130,18.351,18.946
131,18.356,18.967
132,18.339,18.949
133,18.306,18.905
134,18.323,18.913
135,18.338,18.933
136,18.269,18.843
137,18.388,18.990
138,18.413,19.004
139,18.455,19.034
140,18.313,18.865
141,18.579,19.182
142,18.530,19.111
143,18.315,18.870
144,18.505,19.102
145,18.351,18.904
146,18.396,18.981
147,18.349,18.942
148,18.301,18.894
149,18.358,18.955
150,18.321,18.915
151,18.331,18.934
152,18.303,18.888
153,18.326,18.932
154,18.294,18.891
155,18.361,18.980
156,18.284,18.888
157,18.325,18.957
158,18.297,18.907
159,18.355,18.978
160,18.280,18.879
161,18.344,18.976
162,18.294,18.890
163,18.215,18.811
164,18.124,18.705
165,18.398,19.042
166,18.325,18.945
167,18.396,19.031
168,18.046,18.631
169,18.032,18.614
170,18.311,18.952
171,18.171,18.789
172,18.113,18.724
173,18.127,18.777
174,17.994,18.619
175,18.072,18.730
176,17.982,18.607
177,18.128,18.764
178,18.223,18.869
179,18.009,18.615
180,18.163,18.810
181,18.254,18.925
182,18.199,18.852
183,18.308,19.004
184,18.259,18.926
185,18.242,18.907
186,18.301,18.989
187,18.190,18.839
188,18.159,18.815
189,18.265,18.958
190,18.169,18.830
191,18.210,18.889
192,18.228,18.890
193,18.224,18.883
194,18.261,18.918
195,18.318,18.968
196,18.430,19.143
197,18.396,19.066
198,18.402,19.080
199,18.396,19.085
200,18.484,19.183
201,18.540,19.231
202,18.648,19.367
203,18.674,19.398
204,18.716,19.455
205,18.778,19.526
206,18.742,19.474
207,18.877,19.624
208,18.883,19.617
209,18.760,19.467
210,18.761,19.497
211,18.614,19.322
212,18.565,19.289
213,18.409,19.109
214,18.320,19.043
215,18.140,18.847
216,18.099,18.821
217,17.964,18.676
218,17.904,18.589
219,18.251,18.958
220,18.391,19.104
221,18.441,19.158
222,18.353,19.023
223,18.380,19.090
224,18.391,19.062
225,18.475,19.180
226,18.456,19.146
227,18.542,19.261
228,18.492,19.206
229,18.331,19.055
230,18.208,18.924
231,18.147,18.848
232,18.179,18.885
233,18.211,18.920
234,18.165,18.842
235,18.184,18.870
236,18.149,18.826
237,18.167,18.841
238,18.198,18.875
239,18.189,18.849
240,18.221,18.892
241,18.200,18.861
242,18.236,18.927
243,18.126,18.782
244,18.259,18.935
245,18.261,18.946
246,18.227,18.899
247,18.245,18.909
248,18.195,18.851
249,18.251,18.910
250,18.259,18.932
251,18.218,18.905
252,18.125,18.784
253,18.185,18.849
254,18.184,18.841
255,18.151,18.804
256,18.212,18.879
257,18.242,18.915
258,18.276,18.945
259,18.161,18.793
260,18.220,18.884
261,18.257,18.926
262,18.206,18.876
263,18.152,18.784
264,18.209,18.873
265,18.177,18.844
266,18.215,18.869
267,18.248,18.902
268,18.288,18.958
269,18.226,18.851
270,18.339,18.976
271,18.314,18.979
272,18.371,19.038
273,18.371,19.035
274,18.416,19.084
275,18.417,19.090
276,18.421,19.079
277,18.425,19.071
278,18.412,19.069
279,18.408,19.056
280,18.390,19.034
281,18.427,19.085
282,18.338,18.979
283,18.319,18.965
284,18.289,18.938
285,18.330,18.982
286,18.417,19.067
287,18.490,19.149
288,18.430,19.065
289,18.487,19.151
290,18.467,19.126
291,18.465,19.121
292,18.471,19.114
293,18.458,19.081
294,18.539,19.202
295,18.545,19.182
296,18.538,19.179
297,18.512,19.157
298,18.594,19.247
299,18.630,19.288
300,18.620,19.288
301,18.722,19.392
302,18.342,18.942
303,18.478,19.121
304,18.307,18.906
305,18.338,18.951
306,18.922,19.658
307,18.763,19.456
308,18.681,19.370
309,18.616,19.309
310,18.614,19.316
311,18.640,19.347
312,18.578,19.281
313,18.691,19.435
314,18.674,19.418
315,18.279,18.955
316,18.187,18.857
317,18.353,19.080
318,18.319,19.037
319,18.306,19.041
320,18.295,19.030
321,18.479,19.210
322,18.641,19.417
323,18.660,19.458
324,18.540,19.311
325,18.555,19.324
326,18.574,19.349
327,18.601,19.360
328,18.606,19.370
329,18.645,19.410
330,18.668,19.441
331,18.670,19.435
332,18.671,19.446
333,18.662,19.438
334,18.668,19.431
335,18.702,19.460
336,18.710,19.480
337,18.724,19.479
338,18.777,19.538
339,18.729,19.467
340,18.710,19.459
341,18.854,19.631
342,18.520,19.213
343,18.526,19.214
344,18.780,19.512
345,18.747,19.484
346,18.733,19.485
347,18.830,19.587
348,18.800,19.542
349,18.595,19.298
350,18.901,19.654
351,18.848,19.584
352,18.872,19.617
353,18.873,19.610
354,18.827,19.565
355,18.811,19.526
356,18.821,19.530
357,18.828,19.554
358,18.815,19.524
359,18.784,19.497
360,18.809,19.518
361,18.787,19.493
362,18.738,19.441
363,18.763,19.454
364,18.755,19.439
365,18.745,19.435
366,18.742,19.440
367,18.754,19.454
368,18.814,19.518
369,18.845,19.551
370,18.869,19.594
371,18.837,19.558
372,18.556,19.212
373,18.592,19.237
374,18.603,19.252
375,18.625,19.291
376,18.627,19.302
377,18.682,19.374
378,18.922,19.642
379,18.644,19.315
380,18.662,19.348
381,18.652,19.330
382,19.012,19.764
383,18.893,19.641
384,18.961,19.718
385,18.945,19.691
386,18.996,19.781
387,19.044,19.835
388,19.023,19.818
389,18.979,19.760
390,19.084,19.876
391,18.847,19.569
392,18.806,19.522
393,18.919,19.685
394,18.932,19.692
395,18.722,19.442
396,19.077,19.863
397,19.050,19.838
398,19.092,19.882
399,19.018,19.812
400,19.056,19.846
401,19.051,19.842
402,19.071,19.881
403,19.023,19.815
404,18.997,19.779
405,19.025,19.818
406,19.026,19.828
407,18.792,19.538
408,18.794,19.543
409,18.989,19.775
410,18.952,19.734
411,18.884,19.660
412,18.916,19.704
413,18.877,19.667
414,18.823,19.576
415,18.805,19.556
416,18.617,19.344
417,18.875,19.662
418,18.878,19.653
419,18.792,19.556
420,18.823,19.578
421,18.838,19.615
422,18.842,19.601
423,18.884,19.667
424,18.612,19.341
425,18.649,19.374
426,18.939,19.737
427,18.832,19.604
428,18.821,19.598
429,18.863,19.649
430,18.827,19.614
431,18.886,19.703
432,18.659,19.425
433,18.641,19.408
434,18.889,19.722
435,18.893,19.741
436,18.889,19.742
437,18.896,19.753
438,18.875,19.741
439,18.882,19.748
440,18.937,19.809
441,18.936,19.817
442,18.938,19.803
443,18.911,19.763
444,18.885,19.758
445,18.849,19.726
446,18.806,19.648
447,18.791,19.660
448,18.799,19.673
449,18.817,19.696
450,18.791,19.653
451,18.770,19.630
452,18.772,19.630
453,18.795,19.650
454,18.729,19.586
455,18.775,19.627
456,18.736,19.586
457,18.750,19.602
458,18.763,19.603
459,18.776,19.594
460,18.786,19.611
461,18.772,19.591
462,18.811,19.646
463,18.827,19.644
464,18.823,19.655
465,18.838,19.655
466,18.817,19.622
467,18.809,19.628
468,18.827,19.654
469,18.820,19.641
470,18.844,19.673
471,18.875,19.703
472,18.956,19.818
473,18.984,19.840
474,19.022,19.889
475,19.062,19.923
476,19.078,19.937
477,19.066,19.930
478,19.063,19.931
479,19.096,19.957
480,19.070,19.937
481,19.065,19.926
482,19.074,19.928
483,19.067,19.932
484,19.028,19.881
485,19.021,19.885
486,18.990,19.838
487,18.962,19.816
488,18.958,19.815
489,18.977,19.839
490,18.984,19.831
491,18.943,19.789
492,18.969,19.820
493,18.967,19.811
494,19.000,19.846
495,19.004,19.846
496,19.005,19.841
497,18.981,19.807
498,18.985,19.812
499,19.003,19.824
500,19.105,19.930
501,19.133,19.959
502,19.199,20.034
503,19.269,20.084
504,19.415,20.246
505,19.529,20.374
506,19.674,20.533
507,19.776,20.639
508,19.898,20.756
509,19.968,20.822
510,20.057,20.907
511,20.021,20.875
512,20.065,20.953
513,20.045,20.914
514,19.961,20.835
515,19.892,20.792
516,19.889,20.790
517,19.869,20.771
518,19.856,20.751
519,20.008,20.939
520,19.990,20.914
521,20.058,21.000
522,20.105,21.052
523,20.110,21.040
524,20.138,21.075
525,20.119,21.036
526,20.187,21.139
527,20.060,20.995
528,20.080,21.017
529,20.118,21.071
530,20.118,21.068
531,20.220,21.194
532,20.162,21.116
533,20.113,21.054
534,20.111,21.052
535,20.100,21.034
536,20.111,21.046
537,20.095,21.037
538,20.115,21.057
539,20.154,21.084
540,20.095,21.022
541,20.061,20.993
542,20.052,20.986
543,20.028,20.966
544,19.990,20.928
545,20.001,20.944
546,20.023,20.959
547,20.129,21.095
548,20.139,21.098
549,20.234,21.214
550,20.318,21.305
551,20.300,21.251
552,20.357,21.329
553,20.367,21.346
554,20.313,21.278
555,20.384,21.360
556,20.303,21.264
557,20.410,21.401
558,20.328,21.294
559,20.353,21.317
560,20.361,21.349
561,20.241,21.194
562,20.331,21.307
563,20.337,21.287
564,20.323,21.286
565,20.231,21.205
566,20.304,21.311
567,20.239,21.198
568,20.292,21.279
569,20.263,21.256
570,20.223,21.216
571,20.202,21.191
572,20.199,21.191
573,20.193,21.191
574,20.155,21.156
575,20.156,21.167
576,20.040,21.052
577,20.011,21.036
578,19.933,20.948
579,19.975,21.020
580,19.871,20.895
581,19.833,20.861
582,19.871,20.895
583,19.874,20.900
584,19.893,20.933
585,19.921,20.984
586,19.789,20.820
587,19.750,20.794
588,19.860,20.898
589,19.767,20.790
590,19.730,20.752
591,19.803,20.832
592,19.725,20.734
593,19.682,20.682
594,19.947,21.036
595,19.685,20.717
596,19.680,20.719
597,19.614,20.643
598,19.554,20.592
599,19.461,20.508
600,19.504,20.524
601,19.502,20.548
602,19.577,20.652
603,19.575,20.621
604,19.596,20.640
605,19.656,20.664
606,19.705,20.736
607,19.721,20.728
608,19.810,20.838
609,19.856,20.848
610,19.971,20.996
611,20.107,21.132
612,20.034,21.033
613,20.117,21.131
614,20.200,21.218
615,20.216,21.226
616,20.343,21.379
617,20.360,21.383
618,20.424,21.455
619,20.338,21.354
620,20.390,21.424
621,20.300,21.352
622,20.238,21.275
623,20.342,21.401
624,20.435,21.459
625,20.556,21.616
626,20.666,21.727
627,20.639,21.721
628,20.620,21.664
629,20.710,21.774
630,20.523,21.578
631,20.593,21.665
632,20.668,21.713
633,20.565,21.641
634,20.552,21.589
635,20.624,21.671
636,20.555,21.597
637,20.518,21.552
638,20.505,21.550
639,20.300,21.302
640,20.414,21.464
641,20.568,21.585
642,20.747,21.809
643,20.766,21.817
644,20.756,21.831
645,20.589,21.654
646,20.547,21.619
647,20.477,21.534
648,20.526,21.598
649,20.474,21.528
650,20.455,21.497
651,20.451,21.506
652,20.504,21.583
653,20.503,21.580
654,20.472,21.549
655,20.482,21.557
656,20.486,21.554
657,20.539,21.642
658,20.487,21.555
659,20.493,21.543
660,20.481,21.535
661,20.536,21.612
662,20.517,21.572
663,20.540,21.588
664,20.576,21.647
665,20.542,21.579
666,20.525,21.555
667,20.493,21.519
668,20.570,21.606
669,20.487,21.523
670,20.460,21.499
671,20.495,21.533
672,20.397,21.412
673,20.422,21.464
674,20.394,21.425
675,20.394,21.434
676,20.468,21.533
677,20.440,21.514
678,20.375,21.427
679,20.338,21.376
680,20.410,21.469
681,20.456,21.534
682,20.437,21.517
683,20.433,21.525
684,20.457,21.540
685,20.451,21.519
686,20.469,21.538
687,20.414,21.464
688,20.420,21.474
689,20.493,21.548
690,20.575,21.638
691,20.556,21.604
692,20.584,21.624
693,20.621,21.685
694,20.560,21.589
695,20.586,21.625
696,20.523,21.547
697,20.539,21.577
698,20.597,21.636
699,20.556,21.591
700,20.567,21.591
701,20.552,21.583
702,20.527,21.564
703,20.564,21.637
704,20.588,21.657
705,20.489,21.538
706,20.496,21.536
707,20.562,21.603
708,20.494,21.528
709,20.530,21.600
710,20.443,21.495
711,20.401,21.430
712,20.319,21.351
713,20.273,21.297
714,20.257,21.303
715,20.161,21.177
716,20.128,21.136
717,20.088,21.123
718,19.976,21.020
719,19.928,20.953
720,20.029,21.060
721,20.031,21.037
722,20.044,21.045
723,20.107,21.136
724,20.058,21.076
725,20.030,21.046
726,20.030,21.040
727,19.996,21.010
728,20.041,21.058
729,20.020,21.033
730,20.078,21.116
731,19.906,20.937
732,19.879,20.906
733,19.891,20.931
734,19.849,20.859
735,19.874,20.915
736,19.850,20.869
737,19.816,20.816
738,19.817,20.824
739,19.799,20.801
740,19.803,20.819
741,19.752,20.766
742,19.689,20.703
743,19.581,20.592
744,19.534,20.572
745,19.429,20.457
746,19.428,20.464
747,19.368,20.391
748,19.402,20.422
749,19.437,20.450
750,19.404,20.426
751,19.421,20.481
752,19.305,20.330
753,19.236,20.259
754,19.203,20.238
755,19.163,20.191
756,19.205,20.231
757,19.174,20.208
758,19.177,20.195
759,19.137,20.166
760,19.238,20.291
761,19.254,20.299
762,19.242,20.275
763,19.208,20.226
764,19.211,20.248
765,19.248,20.287
766,19.266,20.287
767,19.278,20.311
768,19.359,20.376
769,19.302,20.319
770,19.309,20.326
771,19.398,20.425
772,19.376,20.382
773,19.398,20.384
774,19.519,20.508
775,19.538,20.527
776,19.505,20.513
777,19.505,20.498
778,19.371,20.356
779,19.336,20.327
780,19.343,20.315
781,19.276,20.262
782,19.165,20.137
783,19.245,20.223
784,19.147,20.110
785,19.120,20.087
786,19.383,20.345
787,19.457,20.445
788,19.469,20.445
789,19.434,20.409
790,19.411,20.376
791,19.448,20.409
792,19.404,20.391
793,19.386,20.364
794,19.404,20.390
795,19.301,20.261
796,19.322,20.294
797,19.355,20.319
798,19.372,20.324
799,19.442,20.393
800,19.439,20.381
801,19.469,20.408
802,19.556,20.484
803,19.582,20.510
804,19.638,20.553
805,19.698,20.610
806,19.753,20.639
807,19.752,20.625
808,19.795,20.695
809,19.836,20.746
810,19.696,20.606
811,19.619,20.527
812,19.594,20.478
813,19.503,20.389
814,19.509,20.396
815,19.516,20.392
816,19.447,20.312
817,19.406,20.260
818,19.414,20.264
819,19.378,20.222
820,19.392,20.230
821,19.411,20.239
822,19.337,20.158
823,19.377,20.202
824,19.391,20.202
825,19.352,20.161
826,19.378,20.180
827,19.380,20.171
828,19.330,20.130
829,19.315,20.104
830,19.355,20.145
831,19.266,20.052
832,19.241,20.033
833,19.272,20.033
834,19.186,19.961
835,19.143,19.910
836,19.071,19.828
837,19.027,19.790
838,18.998,19.770
839,18.969,19.713
840,18.962,19.706
841,18.940,19.687
842,18.878,19.623
843,18.856,19.579
844,18.828,19.563
845,18.776,19.503
846,18.729,19.450
847,18.741,19.465
848,18.684,19.410
849,18.631,19.347
850,18.570,19.268
851,18.551,19.259
852,18.543,19.239
853,18.464,19.157
854,18.429,19.120
855,18.413,19.098
856,18.400,19.106
857,18.364,19.068
858,18.339,19.041
859,18.338,19.035
860,18.292,18.981
861,18.313,18.996
862,18.324,19.029
863,18.319,19.028
864,18.323,19.028
865,18.341,19.050
866,18.275,18.984
867,18.288,18.982
868,18.197,18.880
869,18.194,18.877
870,18.145,18.830
871,18.104,18.783
872,18.067,18.741
873,18.021,18.684
874,17.995,18.665
875,17.969,18.639
876,17.943,18.623
877,17.944,18.626
878,17.920,18.609
879,17.831,18.499
880,17.780,18.432
881,17.788,18.452
882,17.693,18.359
883,17.597,18.234
884,17.540,18.179
885,17.525,18.163
886,17.455,18.092
887,17.420,18.053
888,17.482,18.134
889,17.351,17.993
890,17.385,18.034
891,17.289,17.925
892,17.243,17.887
893,17.247,17.885
894,17.273,17.927
895,17.343,18.020
896,17.221,17.879
897,17.213,17.871
898,17.218,17.880
899,17.205,17.862
900,17.183,17.837
901,17.184,17.833
902,17.174,17.821
903,17.171,17.832
904,17.160,17.817
905,17.161,17.812
906,17.124,17.773
907,17.159,17.809
908,17.111,17.754
909,17.167,17.842
910,17.112,17.781
911,17.103,17.764
912,17.049,17.712
913,17.093,17.761
914,17.055,17.705
915,17.069,17.717
916,17.058,17.704
917,17.071,17.719
918,17.060,17.713
919,17.026,17.678
920,16.986,17.640
921,16.952,17.619
922,17.021,17.711
923,16.994,17.681
924,16.945,17.640
925,17.006,17.696
926,16.945,17.626
927,16.973,17.658
928,16.954,17.638
929,16.999,17.687
930,16.976,17.663
931,16.972,17.650
932,16.971,17.651
933,17.036,17.712
934,17.025,17.691
935,17.056,17.724
936,17.084,17.768
937,17.057,17.731
938,17.069,17.748
939,17.052,17.717
940,17.008,17.686
941,16.950,17.626
942,16.921,17.592
943,16.904,17.581
944,16.862,17.537
945,16.936,17.619
946,16.950,17.645
947,16.966,17.656
948,16.952,17.649
949,16.982,17.684
950,16.977,17.670
951,16.966,17.666
952,16.994,17.685
953,16.980,17.677
954,16.971,17.658
955,16.974,17.667
956,16.991,17.689
957,16.991,17.692
958,17.016,17.715
959,16.982,17.659
960,17.002,17.692
961,17.000,17.685
962,17.026,17.721
963,17.013,17.704
964,17.008,17.698
965,17.022,17.713
966,17.025,17.718
967,17.009,17.700
968,17.010,17.692
969,17.035,17.717
970,17.021,17.696
971,17.015,17.703
972,17.042,17.718
973,17.004,17.675
974,17.030,17.716
975,17.022,17.689
976,17.059,17.738
977,17.069,17.730
978,17.062,17.727
979,17.093,17.760
980,17.091,17.774
981,17.102,17.763
982,17.102,17.777
983,17.127,17.809
984,17.110,17.790
985,17.111,17.784
986,17.100,17.769
987,17.104,17.763
988,17.089,17.752
989,17.119,17.785
990,17.099,17.756
991,17.111,17.770
992,17.101,17.763
993,17.119,17.779
994,17.102,17.760
995,17.114,17.775
996,17.102,17.769
997,17.111,17.757
998,17.106,17.754
999,17.127,17.776
1000,17.131,17.777
1001,17.130,17.778
1002,17.151,17.797
1003,17.144,17.794
1004,17.154,17.810
1005,17.157,17.820
1006,17.141,17.798
1007,17.154,17.806
1008,17.142,17.797
1009,17.131,17.786
1010,17.139,17.804
1011,17.136,17.797
1012,17.154,17.819
1013,17.150,17.801
1014,17.131,17.777
1015,17.151,17.790
1016,17.160,17.810
1017,17.151,17.796
1018,17.146,17.792
1019,17.151,17.800
1020,17.137,17.793
1021,17.155,17.799
1022,17.143,17.793
1023,17.148,17.791
1024,17.182,17.842
1025,17.200,17.860
1026,17.199,17.863
1027,17.212,17.882
1028,17.218,17.879
1029,17.218,17.878
1030,17.212,17.870
1031,17.237,17.904
1032,17.222,17.884
1033,17.221,17.880
1034,17.213,17.873
1035,17.255,17.905
1036,17.248,17.901
1037,17.246,17.898
1038,17.213,17.855
1039,17.233,17.870
1040,17.233,17.876
1041,17.225,17.867
1042,17.213,17.858
1043,17.217,17.858
1044,17.231,17.869
1045,17.221,17.863
1046,17.218,17.860
1047,17.241,17.893
1048,17.259,17.904
1049,17.284,17.928
1050,17.268,17.914
1051,17.264,17.916
1052,17.255,17.887
1053,17.265,17.898
1054,17.251,17.878
1055,17.253,17.881
1056,17.268,17.899
1057,17.294,17.924
1058,17.284,17.923
1059,17.289,17.924
1060,17.281,17.910
1061,17.284,17.917
1062,17.283,17.913
1063,17.273,17.891
1064,17.256,17.878
1065,17.245,17.870
1066,17.238,17.862
1067,17.258,17.890
1068,17.240,17.865
1069,17.244,17.876
1070,17.257,17.882
1071,17.251,17.873
1072,17.258,17.888
1073,17.235,17.856
1074,17.226,17.850
1075,17.219,17.836
1076,17.230,17.860
1077,17.195,17.818
1078,17.202,17.824
1079,17.212,17.837
1080,17.207,17.842
1081,17.201,17.821
1082,17.202,17.828
1083,17.202,17.832
1084,17.182,17.805
1085,17.201,17.825
1086,17.191,17.807
1087,17.203,17.837
1088,17.212,17.850
1089,17.200,17.832
1090,17.197,17.826
1091,17.207,17.838
1092,17.207,17.834
1093,17.227,17.856
1094,17.228,17.860
1095,17.213,17.843
1096,17.227,17.867
1097,17.237,17.869
1098,17.237,17.873
1099,17.247,17.888
1100,17.241,17.884
1101,17.239,17.880
1102,17.225,17.860
1103,17.231,17.868
1104,17.224,17.871
1105,17.240,17.879
1106,17.229,17.865
1107,17.241,17.878
1108,17.229,17.868
1109,17.215,17.850
1110,17.210,17.848
1111,17.220,17.864
1112,17.221,17.863
1113,17.223,17.864
1114,17.228,17.868
1115,17.246,17.883
1116,17.231,17.869
1117,17.248,17.884
1118,17.236,17.873
1119,17.234,17.872
1120,17.233,17.871
1121,17.255,17.892
1122,17.254,17.900
1123,17.260,17.901
1124,17.257,17.891
1125,17.265,17.905
1126,17.266,17.897
1127,17.280,17.924
1128,17.282,17.922
1129,17.285,17.919
1130,17.291,17.925
1131,17.271,17.911
1132,17.262,17.894
1133,17.265,17.909
1134,17.270,17.909
1135,17.276,17.909
1136,17.268,17.891
1137,17.279,17.922
1138,17.247,17.878
1139,17.314,17.951
1140,17.269,17.896
1141,17.339,17.975
1142,17.324,17.983
1143,17.281,17.912
1144,17.282,17.921
1145,17.277,17.918
1146,17.286,17.927
1147,17.353,17.995
1148,17.337,17.985
1149,17.352,17.996
1150,17.358,18.001
1151,17.345,17.988
1152,17.362,18.003
1153,17.344,17.989
1154,17.352,17.993
1155,17.360,18.011
1156,17.346,17.988
1157,17.366,17.995
1158,17.367,18.015
1159,17.396,18.070
1160,17.391,18.077
1161,17.392,18.062
1162,17.383,18.046
1163,17.388,18.059
1164,17.376,18.047
1165,17.365,18.021
1166,17.366,18.020
1167,17.383,18.040
1168,17.399,18.055
1169,17.397,18.053
1170,17.413,18.066
1171,17.398,18.057
1172,17.419,18.075
1173,17.429,18.078
1174,17.434,18.088
1175,17.423,18.067
1176,17.416,18.057
1177,17.427,18.069
1178,17.407,18.054
1179,17.400,18.041
1180,17.428,18.070
1181,17.413,18.046
1182,17.422,18.061
1183,17.435,18.067
1184,17.437,18.073
1185,17.432,18.070
1186,17.450,18.087
1187,17.445,18.080
1188,17.461,18.103
1189,17.475,18.109
1190,17.468,18.103
1191,17.491,18.134
1192,17.475,18.126
1193,17.482,18.123
1194,17.493,18.130
1195,17.483,18.136
1196,17.486,18.132
1197,17.496,18.158
1198,17.478,18.112
1199,17.467,18.103
1200,17.456,18.109
1201,17.463,18.109
1202,17.448,18.090
1203,17.400,18.047
1204,17.385,18.028
1205,17.364,17.997
1206,17.369,17.998
1207,17.386,18.027
1208,17.382,18.018
1209,17.374,18.020
1210,17.383,18.020
1211,17.372,18.014
1212,17.367,18.008
1213,17.394,18.030
1214,17.378,18.013
1215,17.365,18.010
1216,17.380,18.020
1217,17.371,18.015
1218,17.361,18.012
1219,17.355,17.998
1220,17.340,17.984
1221,17.337,17.979
1222,17.336,17.971
1223,17.345,17.989
1224,17.349,17.994
1225,17.335,17.976
1226,17.347,17.994
1227,17.346,17.993
1228,17.314,17.951
1229,17.304,17.944
1230,17.303,17.946
1231,17.313,17.950
1232,17.317,17.962
1233,17.314,17.955
1234,17.316,17.955
1235,17.316,17.954
1236,17.298,17.932
1237,17.307,17.947
1238,17.295,17.920
1239,17.318,17.959
1240,17.318,17.959
1241,17.303,17.938
1242,17.349,17.998
1243,17.353,18.009
1244,17.360,18.005
1245,17.372,18.022
1246,17.358,18.013
1247,17.352,17.993
1248,17.395,18.039
1249,17.422,18.073
1250,17.411,18.058
1251,17.429,18.083
1252,17.403,18.047
1253,17.409,18.054
1254,17.381,18.025
1255,17.374,18.021
1256,17.400,18.047
1257,17.149,17.745
1258,17.150,17.754
1259,17.161,17.751
1260,17.152,17.749
1261,17.180,17.772
1262,17.156,17.754
1263,17.165,17.753
1264,17.169,17.761
1265,17.153,17.744
1266,17.180,17.770
1267,17.200,17.795
1268,17.235,17.842
1269,17.255,17.861
1270,17.269,17.869
1271,17.274,17.875
1272,17.519,18.172
1273,17.509,18.175
1274,17.483,18.135
1275,17.490,18.142
1276,17.496,18.136
1277,17.509,18.158
1278,17.501,18.150
1279,17.269,17.860
1280,17.269,17.871
1281,17.270,17.860
1282,17.274,17.862
1283,17.270,17.866
1284,17.254,17.846
1285,17.479,18.113
1286,17.440,18.066
1287,17.471,18.104
1288,17.452,18.084
1289,17.464,18.108
1290,17.447,18.071
1291,17.462,18.098
1292,17.460,18.100
1293,17.505,18.149
1294,17.517,18.168
1295,17.503,18.150
1296,17.299,17.899
1297,17.304,17.904
1298,17.291,17.885
1299,17.528,18.173
1300,17.508,18.155
1301,17.513,18.160
1302,17.508,18.162
1303,17.541,18.182
1304,17.526,18.177
1305,17.547,18.191
1306,17.582,18.233
1307,17.574,18.229
1308,17.399,18.009
1309,17.420,18.032
1310,17.406,18.010
1311,17.429,18.036
1312,17.432,18.048
1313,17.679,18.342
1314,17.653,18.317
1315,17.661,18.331
1316,17.629,18.298
1317,17.604,18.259
1318,17.597,18.260
1319,17.620,18.274
1320,17.601,18.257
1321,17.624,18.287
1322,17.631,18.277
1323,17.651,18.308
1324,17.657,18.305
1325,17.614,18.268
1326,17.575,18.230
1327,17.521,18.174
1328,17.430,18.078
1329,17.504,18.171
1330,17.534,18.213
1331,17.592,18.286
1332,17.547,18.236
1333,17.551,18.243
1334,17.534,18.227
1335,17.533,18.220
1336,17.542,18.230
1337,17.568,18.251
1338,17.597,18.274
1339,17.590,18.265
1340,17.572,18.250
1341,17.574,18.250
1342,17.568,18.254
1343,17.583,18.267
1344,17.601,18.280
1345,17.577,18.248
1346,17.576,18.256
1347,17.542,18.213
1348,17.564,18.237
1349,17.557,18.228
1350,17.562,18.230
1351,17.540,18.210
1352,17.575,18.268
1353,17.576,18.248
1354,17.595,18.280
1355,17.598,18.279
1356,17.576,18.271
1357,17.561,18.234
1358,17.581,18.250
1359,17.566,18.234
1360,17.582,18.256
1361,17.602,18.288
1362,17.616,18.282
1363,17.637,18.304
1364,17.623,18.296
1365,17.630,18.299
1366,17.638,18.303
1367,17.653,18.320
1368,17.664,18.337
1369,17.599,18.266
1370,17.642,18.312
1371,17.635,18.307
1372,17.665,18.334
1373,17.452,18.074
1374,17.453,18.086
1375,17.465,18.104
1376,17.446,18.079
1377,17.457,18.087
1378,17.659,18.317
1379,17.702,18.392
1380,17.649,18.327
1381,17.651,18.317
1382,17.616,18.276
1383,17.623,18.278
1384,17.632,18.285
1385,17.436,18.055
1386,17.436,18.057
1387,17.434,18.050
1388,17.423,18.042
1389,17.649,18.319
1390,17.652,18.327
1391,17.683,18.366
1392,17.427,18.046
1393,17.433,18.063
1394,17.422,18.041
1395,17.420,18.045
1396,17.653,18.306
1397,17.670,18.331
1398,17.659,18.330
1399,17.618,18.289
1400,17.396,18.033
1401,17.405,18.039
1402,17.578,18.242
1403,17.586,18.245
1404,17.603,18.265
1405,17.543,18.206
1406,17.504,18.154
1407,17.458,18.103
1408,17.504,18.155
1409,17.494,18.134
1410,17.295,17.903
1411,17.319,17.934
1412,17.311,17.926
1413,17.557,18.207
1414,17.543,18.195
1415,17.577,18.240
1416,17.329,17.950
1417,17.305,17.925
1418,17.308,17.920
1419,17.299,17.896
1420,17.320,17.942
1421,17.307,17.909
1422,17.305,17.917
1423,17.302,17.917
1424,17.288,17.896
1425,17.549,18.209
1426,17.534,18.178
1427,17.551,18.198
1428,17.539,18.176
1429,17.533,18.187
1430,17.549,18.194
1431,17.509,18.149
1432,17.504,18.143
1433,17.473,18.103
1434,17.505,18.143
1435,17.438,18.069
1436,17.485,18.118
1437,17.469,18.102
1438,17.457,18.078
1439,17.450,18.061
1440,17.445,18.071
1441,17.446,18.069
1442,17.446,18.068
1443,17.487,18.125
1444,17.433,18.062
1445,17.452,18.091
1446,17.430,18.060
1447,17.418,18.044
1448,17.423,18.052
1449,17.445,18.076
1450,17.455,18.075
1451,17.432,18.047
1452,17.421,18.034
1453,17.406,18.011
1454,17.406,18.017
1455,17.398,18.016
1456,17.380,18.011
1457,17.387,18.010
1458,17.380,18.010
1459,17.382,18.005
1460,17.373,17.994
1461,17.396,18.031
1462,17.397,18.026
1463,17.411,18.035
1464,17.409,18.049
1465,17.440,18.064
1466,17.450,18.074
1467,17.455,18.082
1468,17.450,18.085
1469,17.427,18.053
1470,17.410,18.034
1471,17.438,18.071
1472,17.420,18.050
1473,17.433,18.052
1474,17.425,18.038
1475,17.414,18.037
1476,17.423,18.054
1477,17.431,18.052
1478,17.399,18.011
1479,17.416,18.040
1480,17.418,18.041
1481,17.399,18.015
1482,17.405,18.026
1483,17.416,18.037
1484,17.428,18.051
1485,17.433,18.055
1486,17.429,18.042
1487,17.425,18.045
1488,17.432,18.060
1489,17.448,18.073
1490,17.441,18.060
1491,17.432,18.054
1492,17.440,18.053
1493,17.439,18.041
1494,17.422,18.033
1495,17.426,18.042
1496,17.428,18.041
1497,17.432,18.059
1498,17.431,18.042
1499,17.400,18.013
1500,17.383,17.997
1501,17.370,17.985
1502,17.376,17.991
1503,17.376,17.986
1504,17.386,17.985
1505,17.375,17.976
1506,17.371,17.977
1507,17.384,17.985
1508,17.366,17.963
1509,17.348,17.941
1510,17.370,17.964
1511,17.360,17.963
1512,17.356,17.972
1513,17.329,17.938
1514,17.317,17.920
1515,17.318,17.923
1516,17.321,17.918
1517,17.329,17.932
1518,17.303,17.910
1519,17.296,17.898
1520,17.338,17.951
1521,17.339,17.944
1522,17.303,17.915
1523,17.335,17.945
1524,17.324,17.926
1525,17.323,17.928
1526,17.328,17.926
1527,17.326,17.930
1528,17.313,17.910
1529,17.312,17.915
1530,17.348,17.953
1531,17.338,17.935
1532,17.349,17.948
1533,17.364,17.964
1534,17.379,17.984
1535,17.381,17.984
1536,17.390,17.990
1537,17.402,18.010
1538,17.438,18.050
1539,17.421,18.024
1540,17.427,18.031
1541,17.409,18.005
1542,17.417,18.022
1543,17.394,17.985
1544,17.388,17.977
1545,17.382,17.984
1546,17.371,17.959
1547,17.381,17.979
1548,17.392,17.981
1549,17.384,17.983
1550,17.375,17.961
1551,17.394,17.981
1552,17.400,17.985
1553,17.394,17.992
1554,17.389,17.975
1555,17.376,17.960
1556,17.385,17.977
1557,17.410,17.995
1558,17.413,18.008
1559,17.441,18.028
1560,17.439,18.035
1561,17.448,18.045
1562,17.439,18.035
1563,17.446,18.039
1564,17.420,18.017
1565,17.410,18.000
1566,17.407,17.995
1567,17.391,17.975
1568,17.386,17.975
1569,17.377,17.960
1570,17.388,17.971
1571,17.385,17.957
1572,17.384,17.973
1573,17.382,17.977
1574,17.413,18.008
1575,17.419,18.010
1576,17.405,18.000
1577,17.420,18.007
1578,17.420,18.010
1579,17.431,18.017
1580,17.399,17.986
1581,17.430,18.025
1582,17.415,18.006
1583,17.433,18.031
1584,17.406,17.993
1585,17.427,18.021
1586,17.404,17.996
1587,17.420,18.008
1588,17.418,18.015
1589,17.417,18.023
1590,17.400,17.984
1591,17.405,18.009
1592,17.389,17.973
1593,17.407,18.006
1594,17.396,17.992
1595,17.383,17.972
1596,17.412,18.009
1597,17.400,17.997
1598,17.393,17.980
1599,17.439,18.032
1600,17.437,18.031
1601,17.440,18.042
1602,17.452,18.061
1603,17.470,18.072
1604,17.458,18.061
1605,17.472,18.078
1606,17.468,18.077
1607,17.469,18.072
1608,17.463,18.074
1609,17.490,18.095
1610,17.488,18.092
1611,17.462,18.063
1612,17.435,18.028
1613,17.447,18.043
1614,17.451,18.052
1615,17.463,18.073
1616,17.466,18.075
1617,17.461,18.050
1618,17.466,18.065
1619,17.472,18.080
1620,17.478,18.069
1621,17.469,18.063
1622,17.469,18.067
1623,17.483,18.075
1624,17.483,18.085
1625,17.475,18.073
1626,17.471,18.058
1627,17.486,18.080
1628,17.478,18.067
1629,17.445,18.040
1630,17.464,18.062
1631,17.446,18.043
1632,17.454,18.055
1633,17.435,18.036
1634,17.436,18.036
1635,17.416,18.014
1636,17.419,18.025
1637,17.421,18.019
1638,17.419,18.023
1639,17.461,18.077
1640,17.425,18.043
1641,17.455,18.062
1642,17.483,18.085
1643,17.505,18.108
1644,17.497,18.107
1645,17.495,18.107
1646,17.514,18.127
1647,17.483,18.103
1648,17.495,18.119
1649,17.525,18.139
1650,17.517,18.131
1651,17.524,18.132
1652,17.547,18.154
1653,17.531,18.138
1654,17.507,18.110
1655,17.514,18.116
1656,17.579,18.186
1657,17.547,18.144
1658,17.558,18.169
1659,17.544,18.148
1660,17.568,18.178
1661,17.377,17.944
1662,17.358,17.920
1663,17.378,17.938
1664,17.384,17.939
1665,17.574,18.161
1666,17.564,18.167
1667,17.574,18.159
1668,17.527,18.123
1669,17.526,18.124
1670,17.503,18.097
1671,17.499,18.091
1672,17.457,18.043
1673,17.440,18.028
1674,17.412,17.989
1675,17.404,17.985
1676,17.410,17.990
1677,17.401,17.980
1678,17.388,17.976
1679,17.400,17.985
1680,17.437,18.027
1681,17.463,18.039
1682,17.467,18.052
1683,17.270,17.825
1684,17.325,17.889
1685,17.531,18.125
1686,17.567,18.166
1687,17.580,18.183
1688,17.499,18.090
1689,17.500,18.089
1690,17.550,18.136
1691,17.545,18.132
1692,17.504,18.088
1693,17.277,17.831
1694,17.263,17.819
1695,17.264,17.818
1696,17.263,17.814
1697,17.271,17.833
1698,17.276,17.826
1699,17.515,18.103
1700,17.536,18.128
1701,17.530,18.121
1702,17.520,18.108
1703,17.504,18.095
1704,17.534,18.120
1705,17.487,18.090
1706,17.490,18.098
1707,17.534,18.137
1708,17.547,18.151
1709,17.559,18.171
1710,17.629,18.249
1711,17.644,18.267
1712,17.419,18.009
1713,17.412,18.004
1714,17.610,18.232
1715,17.614,18.233
1716,17.568,18.189
1717,17.537,18.169
1718,17.520,18.149
1719,17.520,18.139
1720,17.497,18.114
1721,17.472,18.090
1722,17.473,18.091
1723,17.504,18.125
1724,17.491,18.113
1725,17.463,18.092
1726,17.467,18.102
1727,17.457,18.091
1728,17.462,18.095
1729,17.453,18.089
1730,17.459,18.111
1731,17.457,18.095
1732,17.441,18.073
1733,17.442,18.093
1734,17.417,18.056
1735,17.369,17.997
1736,17.355,17.976
1737,17.331,17.950
1738,17.393,18.031
1739,17.382,18.006
1740,17.375,17.981
1741,17.403,18.016
1742,17.455,18.074
1743,17.432,18.040
1744,17.398,18.007
1745,17.408,18.029
1746,17.394,18.013
1747,17.382,17.994
1748,17.382,18.007
1749,17.404,18.027
1750,17.381,18.000
1751,17.365,17.986
1752,17.397,18.009
1753,17.387,17.989
1754,17.382,17.994
1755,17.407,18.025
1756,17.414,18.024
1757,17.387,17.990
1758,17.489,18.108
1759,17.482,18.099
1760,17.496,18.114
1761,17.473,18.093
1762,17.428,18.051
1763,17.429,18.053
1764,17.460,18.078
1765,17.460,18.072
1766,17.459,18.080
1767,17.512,18.124
1768,17.528,18.141
1769,17.554,18.164
1770,17.512,18.115
1771,17.532,18.138
1772,17.536,18.152
1773,17.563,18.172
1774,17.575,18.187
1775,17.550,18.170
1776,17.547,18.150
1777,17.551,18.155
1778,17.554,18.161
1779,17.565,18.169
1780,17.557,18.153
1781,17.567,18.164
1782,17.568,18.166
1783,17.562,18.160
1784,17.565,18.175
