0,15.635,19.302
1,15.654,19.325
2,15.630,19.301
3,15.621,19.291
4,15.622,19.279
5,15.634,19.293
6,15.647,19.324
7,15.639,19.315
8,15.629,19.300
9,15.640,19.320
10,15.648,19.316
11,15.627,19.278
12,15.634,19.313
13,15.636,19.305
14,15.618,19.276
15,15.615,19.248
16,15.620,19.277
17,15.627,19.275
18,15.624,19.269
19,15.602,19.227
20,15.636,19.303
21,15.623,19.262
22,15.620,19.263
23,15.622,19.262
24,15.619,19.254
25,15.621,19.247
26,15.631,19.286
27,15.620,19.260
28,15.623,19.258
29,15.618,19.276
30,15.635,19.303
31,15.635,19.290
32,15.630,19.282
33,15.630,19.301
34,15.636,19.293
35,15.653,19.336
36,15.655,19.325
37,15.655,19.331
38,15.642,19.319
39,15.656,19.320
40,15.647,19.317
41,15.653,19.305
42,15.635,19.289
43,15.642,19.303
44,15.636,19.285
45,15.677,19.387
46,15.655,19.310
47,15.667,19.344
48,15.644,19.304
49,15.669,19.343
50,15.642,19.294
51,15.669,19.335
52,15.667,19.338
53,15.672,19.346
54,15.664,19.323
55,15.665,19.327
56,15.685,19.359
57,15.691,19.373
58,15.687,19.354
59,15.704,19.405
60,15.715,19.403
61,15.685,19.359
62,15.672,19.294
63,15.682,19.354
64,15.676,19.328
65,15.704,19.376
66,15.726,19.412
67,15.678,19.326
68,15.704,19.390
69,15.706,19.373
70,15.704,19.372
71,15.696,19.360
72,15.679,19.319
73,15.702,19.360
74,15.697,19.351
75,15.753,19.422
76,15.743,19.395
77,15.747,19.398
78,15.729,19.349
79,15.726,19.325
80,15.753,19.385
81,15.742,19.347
82,15.756,19.348
83,15.764,19.340
84,15.779,19.378
85,15.797,19.394
86,15.795,19.398
87,15.785,19.376
88,15.787,19.383
89,15.765,19.318
90,15.757,19.337
91,15.793,19.371
92,15.761,19.318
93,15.765,19.321
94,15.794,19.404
95,15.771,19.375
96,15.751,19.325
97,15.760,19.399
98,15.749,19.362
99,15.770,19.395
100,15.727,19.338
101,15.724,19.327
102,15.709,19.336
103,15.699,19.335
104,15.682,19.314
105,15.678,19.322
106,15.668,19.282
107,15.696,19.348
108,15.672,19.294
109,15.687,19.320
110,15.680,19.321
111,15.675,19.306
112,15.688,19.323
113,15.696,19.357
114,15.682,19.322
115,15.682,19.325
116,15.698,19.365
117,15.675,19.309
118,15.687,19.334
119,15.696,19.345
120,15.696,19.348
121,15.700,19.348
122,15.672,19.309
123,15.667,19.302
124,15.683,19.326
125,15.675,19.296
126,15.690,19.330
127,15.675,19.305
128,15.679,19.310
129,15.681,19.312
130,15.682,19.333
131,15.676,19.319
132,15.694,19.355
133,15.675,19.313
134,15.663,19.298
135,15.684,19.326
136,15.682,19.320
137,15.672,19.296
138,15.670,19.335
139,15.673,19.309
140,15.668,19.293
141,15.664,19.307
142,15.687,19.333
143,15.687,19.348
144,15.681,19.351
145,15.682,19.324
146,15.679,19.296
147,15.695,19.338
148,15.709,19.363
149,15.744,19.407
150,15.757,19.421
151,15.774,19.450
152,15.771,19.422
153,15.762,19.390
154,15.778,19.420
155,15.802,19.462
156,15.845,19.518
157,15.828,19.480
158,15.827,19.457
159,15.853,19.486
160,15.853,19.497
161,15.852,19.484
162,15.864,19.504
163,15.883,19.553
164,15.890,19.557
165,15.885,19.548
166,15.844,19.480
167,15.849,19.480
168,15.858,19.511
169,15.835,19.487
170,15.806,19.430
171,15.808,19.455
172,15.781,19.397
173,15.745,19.370
174,15.689,19.273
175,15.659,19.250
176,15.671,19.282
177,15.668,19.276
178,15.663,19.273
179,15.646,19.231
180,15.666,19.254
181,15.671,19.282
182,15.680,19.294
183,15.666,19.267
184,15.678,19.287
185,15.685,19.307
186,15.698,19.328
187,15.697,19.320
188,15.690,19.315
189,15.695,19.315
190,15.690,19.290
191,15.687,19.307
192,15.674,19.264
193,15.694,19.319
194,15.717,19.347
195,15.718,19.364
196,15.706,19.351
197,15.712,19.346
198,15.715,19.334
199,15.696,19.327
200,15.715,19.365
201,15.719,19.366
202,15.720,19.376
203,15.709,19.347
204,15.705,19.333
205,15.718,19.368
206,15.694,19.310
207,15.702,19.329
208,15.708,19.347
209,15.700,19.328
210,15.704,19.329
211,15.732,19.394
212,15.708,19.327
213,15.724,19.358
214,15.704,19.312
215,15.723,19.348
216,15.716,19.350
217,15.730,19.374
218,15.748,19.409
219,15.714,19.354
220,15.724,19.331
221,15.748,19.384
222,15.724,19.345
223,15.722,19.366
224,15.729,19.365
225,15.711,19.331
226,15.717,19.348
227,15.725,19.340
228,15.729,19.370
229,15.711,19.362
230,15.718,19.353
231,15.710,19.346
232,15.724,19.364
233,15.723,19.369
234,15.708,19.326
235,15.713,19.337
236,15.720,19.339
237,15.706,19.334
238,15.715,19.361
239,15.724,19.357
240,15.712,19.327
241,15.756,19.392
242,15.738,19.328
243,15.777,19.370
244,15.841,19.460
245,15.847,19.438
246,15.884,19.504
247,15.906,19.523
248,15.926,19.533
249,15.964,19.594
250,16.027,19.666
251,16.084,19.742
252,16.080,19.701
253,16.122,19.748
254,16.180,19.821
255,16.219,19.879
256,16.238,19.895
257,16.282,19.966
258,16.268,19.926
259,16.262,19.896
260,16.236,19.853
261,16.208,19.838
262,16.160,19.790
263,16.137,19.771
264,16.091,19.708
265,16.077,19.694
266,16.019,19.654
267,15.981,19.624
268,15.945,19.562
269,15.916,19.560
270,15.873,19.517
271,15.803,19.426
272,15.744,19.361
273,15.730,19.354
274,15.685,19.290
275,15.698,19.335
276,15.698,19.313
277,15.687,19.303
278,15.692,19.326
279,15.693,19.312
280,15.686,19.308
281,15.709,19.372
282,15.690,19.306
283,15.696,19.332
284,15.689,19.324
285,15.689,19.328
286,15.675,19.285
287,15.708,19.344
288,15.675,19.296
289,15.689,19.332
290,15.677,19.310
291,15.683,19.305
292,15.673,19.286
293,15.713,19.366
294,15.720,19.381
295,15.715,19.356
296,15.727,19.377
297,15.737,19.392
298,15.779,19.460
299,15.798,19.480
300,15.807,19.501
301,15.812,19.483
302,15.791,19.446
303,15.808,19.454
304,15.805,19.460
305,15.865,19.536
306,15.853,19.540
307,15.856,19.538
308,15.870,19.532
309,15.840,19.484
310,15.843,19.476
311,15.863,19.512
312,15.872,19.505
313,15.859,19.480
314,15.878,19.540
315,15.866,19.505
316,15.885,19.548
317,15.869,19.544
318,15.851,19.505
319,15.842,19.499
320,15.834,19.509
321,15.823,19.492
322,15.788,19.431
323,15.793,19.442
324,15.789,19.434
325,15.740,19.347
326,15.798,19.459
327,15.796,19.450
328,15.793,19.468
329,15.791,19.460
330,15.789,19.466
331,15.797,19.447
332,15.786,19.473
333,15.797,19.473
334,15.782,19.433
335,15.787,19.453
336,15.806,19.488
337,15.800,19.475
338,15.803,19.477
339,15.794,19.447
340,15.792,19.443
341,15.769,19.401
342,15.788,19.453
343,15.796,19.478
344,15.781,19.436
345,15.778,19.422
346,15.760,19.403
347,15.767,19.402
348,15.797,19.466
349,15.787,19.461
350,15.782,19.437
351,15.793,19.449
352,15.779,19.428
353,15.771,19.413
354,15.768,19.424
355,15.789,19.448
356,15.797,19.486
357,15.792,19.442
358,15.815,19.510
359,15.793,19.448
360,15.762,19.403
361,15.760,19.401
362,15.757,19.397
363,15.742,19.398
364,15.734,19.366
365,15.776,19.430
366,15.739,19.383
367,15.745,19.368
368,15.744,19.374
369,15.740,19.355
370,15.790,19.423
371,15.782,19.391
372,15.828,19.475
373,15.829,19.467
374,15.832,19.430
375,15.862,19.474
376,15.858,19.467
377,15.903,19.538
378,15.935,19.549
379,15.947,19.554
380,15.992,19.628
381,15.985,19.630
382,15.976,19.641
383,15.962,19.599
384,15.965,19.602
385,15.960,19.603
386,15.968,19.643
387,15.936,19.607
388,15.900,19.547
389,15.920,19.565
390,15.889,19.512
391,15.876,19.489
392,15.877,19.502
393,15.874,19.470
394,15.859,19.467
395,15.814,19.424
396,15.797,19.375
397,15.775,19.362
398,15.757,19.342
399,15.744,19.341
400,15.743,19.359
401,15.737,19.340
402,15.739,19.336
403,15.743,19.372
404,15.742,19.363
405,15.738,19.371
406,15.730,19.359
407,15.738,19.384
408,15.726,19.375
409,15.723,19.363
410,15.720,19.367
411,15.732,19.398
412,15.723,19.360
413,15.665,19.264
414,15.675,19.294
415,15.698,19.331
416,15.688,19.313
417,15.693,19.327
418,15.671,19.258
419,15.649,19.227
420,15.693,19.307
421,15.666,19.266
422,15.663,19.267
423,15.688,19.327
424,15.680,19.313
425,15.675,19.305
426,15.662,19.279
427,15.680,19.321
428,15.683,19.319
429,15.682,19.309
430,15.677,19.284
431,15.691,19.312
432,15.686,19.305
433,15.698,19.328
434,15.703,19.309
435,15.693,19.304
436,15.705,19.339
437,15.719,19.347
438,15.734,19.365
439,15.744,19.399
440,15.756,19.374
441,15.764,19.385
442,15.770,19.420
443,15.778,19.429
444,15.783,19.422
445,15.786,19.426
446,15.784,19.415
447,15.753,19.360
448,15.774,19.405
449,15.768,19.389
450,15.762,19.375
451,15.740,19.340
452,15.768,19.399
453,15.772,19.403
454,15.779,19.413
455,15.800,19.440
456,15.840,19.488
457,15.857,19.522
458,15.873,19.538
459,15.902,19.594
460,15.896,19.568
461,15.926,19.603
462,15.929,19.588
463,15.956,19.619
464,15.996,19.677
465,15.994,19.692
466,16.001,19.678
467,16.000,19.669
468,15.985,19.658
469,15.991,19.648
470,16.002,19.686
471,15.999,19.680
472,15.986,19.674
473,16.006,19.704
474,16.042,19.760
475,16.119,19.870
476,16.164,19.958
477,16.198,20.031
478,16.118,19.915
479,16.124,19.928
480,16.157,20.006
481,16.114,19.952
482,16.110,19.889
483,16.156,19.966
484,16.192,20.037
485,16.204,20.056
486,16.228,20.092
487,16.182,19.987
488,16.228,20.024
489,16.204,19.975
490,16.186,19.938
491,16.142,19.855
492,16.190,19.948
493,16.153,19.893
494,16.148,19.875
495,16.107,19.808
496,16.076,19.756
497,16.012,19.676
498,15.997,19.665
499,15.941,19.564
500,15.917,19.558
501,15.881,19.501
502,15.859,19.486
503,15.845,19.471
504,15.816,19.405
505,15.790,19.381
506,15.765,19.328
507,15.750,19.332
508,15.730,19.286
509,15.723,19.302
510,15.711,19.293
511,15.698,19.241
512,15.695,19.249
513,15.696,19.270
514,15.685,19.260
515,15.671,19.249
516,15.707,19.314
517,15.711,19.342
518,15.675,19.257
519,15.719,19.378
520,15.727,19.400
521,15.719,19.386
522,15.692,19.326
523,15.706,19.348
524,15.699,19.352
525,15.702,19.358
526,15.675,19.320
527,15.687,19.334
528,15.665,19.304
529,15.670,19.286
530,15.679,19.312
531,15.665,19.307
532,15.677,19.331
533,15.683,19.322
534,15.668,19.301
535,15.671,19.304
536,15.641,19.255
537,15.666,19.309
538,15.658,19.304
539,15.667,19.306
540,15.664,19.304
541,15.662,19.320
542,15.661,19.307
543,15.645,19.272
544,15.662,19.300
545,15.657,19.279
546,15.662,19.300
547,15.645,19.280
548,15.655,19.292
549,15.667,19.310
550,15.668,19.300
551,15.653,19.282
552,15.636,19.257
553,15.645,19.273
554,15.651,19.284
555,15.661,19.322
556,15.659,19.315
557,15.669,19.339
558,15.650,19.297
559,15.666,19.328
560,15.674,19.350
561,15.666,19.310
562,15.657,19.312
563,15.665,19.340
564,15.679,19.342
565,15.635,19.269
566,15.651,19.306
567,15.669,19.343
568,15.670,19.309
569,15.682,19.332
570,15.734,19.412
571,15.737,19.423
572,15.744,19.406
573,15.813,19.513
574,15.856,19.604
575,15.893,19.653
576,15.922,19.678
577,15.938,19.689
578,15.970,19.699
579,16.011,19.807
580,15.975,19.744
581,16.006,19.764
582,16.016,19.768
583,15.993,19.705
584,15.987,19.704
585,16.002,19.742
586,15.988,19.699
587,16.002,19.753
588,16.007,19.735
589,15.999,19.738
590,16.032,19.823
591,16.007,19.791
592,15.947,19.687
593,15.927,19.655
594,15.897,19.628
595,15.879,19.616
596,15.875,19.591
597,15.851,19.589
598,15.808,19.494
599,15.816,19.487
600,15.830,19.535
601,15.778,19.426
602,15.817,19.480
603,15.861,19.555
604,15.896,19.611
605,15.919,19.630
606,15.890,19.592
607,15.891,19.574
608,15.879,19.537
609,15.881,19.568
610,15.855,19.516
611,15.861,19.543
612,15.859,19.546
613,15.861,19.556
614,15.861,19.553
615,15.858,19.556
616,15.857,19.556
617,15.875,19.602
618,15.864,19.582
619,15.896,19.644
620,15.871,19.591
621,15.873,19.620
622,15.864,19.580
623,15.879,19.620
624,15.852,19.568
625,15.838,19.525
626,15.817,19.513
627,15.809,19.487
628,15.787,19.483
629,15.799,19.468
630,15.760,19.422
631,15.761,19.416
632,15.747,19.402
633,15.728,19.374
634,15.731,19.393
635,15.718,19.374
636,15.710,19.349
637,15.699,19.334
638,15.700,19.348
639,15.680,19.297
640,15.675,19.293
641,15.659,19.248
642,15.664,19.285
643,15.687,19.342
644,15.660,19.275
645,15.664,19.303
646,15.645,19.257
647,15.669,19.297
648,15.681,19.325
649,15.652,19.277
650,15.641,19.266
651,15.654,19.283
652,15.643,19.274
653,15.665,19.314
654,15.646,19.246
655,15.624,19.234
656,15.646,19.268
657,15.659,19.298
658,15.648,19.281
659,15.635,19.279
660,15.623,19.238
661,15.632,19.253
662,15.641,19.260
663,15.639,19.275
664,15.648,19.289
665,15.656,19.289
666,15.633,19.263
667,15.646,19.279
668,15.630,19.259
669,15.649,19.283
670,15.646,19.292
671,15.648,19.274
672,15.636,19.264
673,15.647,19.317
674,15.635,19.278
675,15.633,19.288
676,15.637,19.283
677,15.656,19.322
678,15.642,19.285
679,15.638,19.277
680,15.640,19.289
681,15.651,19.319
682,15.653,19.310
683,15.632,19.271
684,15.652,19.298
685,15.651,19.312
686,15.632,19.275
687,15.633,19.293
688,15.647,19.314
689,15.647,19.315
690,15.640,19.284
691,15.641,19.286
692,15.623,19.248
693,15.619,19.241
694,15.631,19.270
695,15.635,19.277
696,15.623,19.271
697,15.621,19.250
698,15.643,19.299
699,15.625,19.243
700,15.622,19.236
701,15.618,19.233
702,15.635,19.303
703,15.619,19.268
704,15.623,19.258
705,15.608,19.219
706,15.614,19.239
707,15.635,19.292
708,15.631,19.279
709,15.619,19.242
710,15.637,19.297
711,15.623,19.250
712,15.618,19.240
713,15.613,19.238
714,15.626,19.274
715,15.611,19.256
716,15.638,19.289
717,15.606,19.217
718,15.618,19.251
719,15.612,19.253
720,15.620,19.261
721,15.614,19.250
722,15.612,19.240
723,15.619,19.267
724,15.610,19.218
725,15.615,19.248
726,15.598,19.202
727,15.619,19.242
728,15.635,19.297
729,15.617,19.249
730,15.605,19.219
731,15.620,19.252
732,15.622,19.260
733,15.610,19.212
734,15.627,19.255
735,15.619,19.231
736,15.609,19.225
737,15.616,19.227
738,15.636,19.260
739,15.663,19.331
740,15.641,19.274
741,15.641,19.280
742,15.619,19.230
743,15.615,19.245
744,15.621,19.231
745,15.646,19.295
746,15.655,19.282
747,15.642,19.271
748,15.618,19.223
749,15.649,19.283
750,15.631,19.262
751,15.633,19.262
752,15.639,19.268
753,15.636,19.276
754,15.632,19.271
755,15.649,19.288
756,15.619,19.238
757,15.642,19.285
758,15.601,19.213
759,15.602,19.231
760,15.640,19.287
761,15.620,19.267
762,15.608,19.229
763,15.616,19.249
764,15.638,19.283
765,15.616,19.261
766,15.615,19.236
767,15.617,19.251
768,15.610,19.238
769,15.613,19.251
770,15.616,19.274
771,15.609,19.252
772,15.623,19.268
773,15.619,19.249
774,15.621,19.301
775,15.612,19.259
776,15.615,19.270
777,15.622,19.283
778,15.608,19.262
779,15.602,19.237
780,15.599,19.243
781,15.582,19.201
782,15.605,19.231
783,15.600,19.240
784,15.609,19.260
785,15.594,19.235
786,15.626,19.291
787,15.587,19.212
788,15.597,19.222
789,15.574,19.182
790,15.574,19.158
791,15.553,19.132
792,15.594,19.201
793,15.580,19.204
794,15.593,19.228
795,15.587,19.207
796,15.559,19.158
797,15.581,19.192
798,15.590,19.193
799,15.567,19.166
800,15.565,19.155
801,15.596,19.223
802,15.585,19.212
803,15.566,19.171
804,15.595,19.229
805,15.594,19.234
806,15.585,19.198
807,15.577,19.206
808,15.598,19.236
809,15.573,19.209
810,15.565,19.183
811,15.574,19.207
812,15.554,19.153
813,15.551,19.151
814,15.566,19.196
815,15.558,19.179
816,15.551,19.151
817,15.550,19.176
818,15.576,19.206
819,15.547,19.164
820,15.573,19.213
821,15.558,19.166
822,15.547,19.173
823,15.536,19.138
824,15.569,19.188
825,15.538,19.152
826,15.562,19.193
827,15.549,19.175
828,15.546,19.159
829,15.583,19.232
830,15.560,19.173
831,15.574,19.209
832,15.585,19.254
833,15.571,19.197
834,15.585,19.247
835,15.569,19.182
836,15.579,19.219
837,15.590,19.253
838,15.586,19.232
839,15.574,19.225
840,15.591,19.239
841,15.571,19.201
842,15.583,19.234
843,15.561,19.184
844,15.572,19.234
845,15.572,19.205
846,15.594,19.265
847,15.580,19.214
848,15.578,19.243
849,15.588,19.233
850,15.596,19.266
851,15.572,19.218
852,15.600,19.288
853,15.589,19.250
854,15.582,19.259
855,15.573,19.231
856,15.577,19.255
857,15.593,19.256
858,15.585,19.233
859,15.590,19.246
860,15.563,19.203
861,15.552,19.204
862,15.571,19.218
863,15.554,19.180
864,15.564,19.210
865,15.551,19.193
866,15.577,19.231
867,15.571,19.209
868,15.563,19.188
869,15.567,19.211
870,15.550,19.174
871,15.576,19.231
872,15.563,19.203
873,15.553,19.186
874,15.550,19.184
875,15.597,19.265
876,15.560,19.185
877,15.557,19.181
878,15.585,19.222
879,15.595,19.271
880,15.588,19.251
881,15.584,19.227
882,15.592,19.255
883,15.598,19.266
884,15.604,19.281
885,15.612,19.293
886,15.582,19.242
887,15.603,19.277
888,15.625,19.295
889,15.618,19.295
890,15.610,19.290
891,15.607,19.284
892,15.602,19.270
893,15.616,19.302
894,15.632,19.334
895,15.598,19.277
896,15.590,19.248
897,15.570,19.225
898,15.576,19.222
899,15.597,19.276
900,15.584,19.245
901,15.587,19.264
902,15.594,19.248
903,15.598,19.262
904,15.597,19.261
905,15.583,19.241
906,15.591,19.247
907,15.583,19.232
908,15.587,19.255
909,15.591,19.246
910,15.599,19.282
911,15.564,19.197
912,15.576,19.232
913,15.584,19.242
914,15.589,19.228
915,15.600,19.266
916,15.573,19.202
917,15.598,19.276
918,15.593,19.267
919,15.566,19.205
920,15.571,19.215
921,15.580,19.248
922,15.575,19.226
923,15.578,19.242
924,15.578,19.233
925,15.574,19.221
926,15.584,19.259
927,15.546,19.169
928,15.578,19.233
929,15.560,19.192
930,15.565,19.204
931,15.575,19.225
932,15.588,19.245
933,15.575,19.213
934,15.563,19.188
935,15.599,19.279
936,15.586,19.255
937,15.557,19.169
938,15.577,19.215
939,15.576,19.266
940,15.584,19.279
941,15.594,19.295
942,15.606,19.333
943,15.582,19.265
944,15.572,19.231
945,15.565,19.223
946,15.578,19.241
947,15.565,19.221
948,15.561,19.217
949,15.535,19.163
950,15.566,19.232
951,15.573,19.242
952,15.563,19.218
953,15.566,19.243
954,15.568,19.235
955,15.568,19.243
956,15.553,19.199
957,15.541,19.171
958,15.549,19.188
959,15.543,19.174
960,15.559,19.203
961,15.534,19.162
962,15.546,19.191
963,15.525,19.142
964,15.554,19.209
965,15.564,19.204
966,15.552,19.181
967,15.561,19.211
968,15.546,19.179
969,15.573,19.247
970,15.558,19.208
971,15.541,19.165
972,15.569,19.232
973,15.568,19.212
974,15.545,19.198
975,15.579,19.222
976,15.567,19.215
977,15.576,19.226
978,15.559,19.195
979,15.571,19.219
980,15.550,19.185
981,15.577,19.235
982,15.576,19.239
983,15.566,19.201
984,15.567,19.219
985,15.574,19.213
986,15.578,19.244
987,15.567,19.219
988,15.568,19.237
989,15.580,19.266
990,15.572,19.251
991,15.547,19.188
992,15.567,19.238
993,15.585,19.269
994,15.570,19.237
995,15.591,19.305
996,15.598,19.308
997,15.624,19.365
998,15.635,19.396
999,15.679,19.475
1000,15.679,19.458
1001,15.697,19.475
1002,15.697,19.470
1003,15.748,19.575
1004,15.780,19.636
1005,15.811,19.673
1006,15.807,19.670
1007,15.825,19.697
1008,15.847,19.761
1009,15.836,19.729
1010,15.831,19.743
1011,15.842,19.728
1012,15.865,19.774
1013,15.849,19.742
1014,15.836,19.733
1015,15.822,19.706
1016,15.847,19.774
1017,15.825,19.722
1018,15.813,19.717
1019,15.821,19.725
1020,15.802,19.700
1021,15.837,19.776
1022,15.831,19.753
1023,15.827,19.741
1024,15.794,19.687
1025,15.770,19.638
1026,15.782,19.650
1027,15.781,19.662
1028,15.791,19.682
1029,15.770,19.650
1030,15.785,19.688
1031,15.784,19.705
1032,15.795,19.722
1033,15.798,19.729
1034,15.770,19.685
1035,15.776,19.715
1036,15.767,19.686
1037,15.791,19.741
1038,15.785,19.707
1039,15.761,19.676
1040,15.777,19.715
1041,15.774,19.718
1042,15.751,19.644
1043,15.761,19.712
1044,15.754,19.661
1045,15.775,19.751
1046,15.770,19.721
1047,15.708,19.578
1048,15.787,19.718
1049,15.752,19.667
1050,15.744,19.656
1051,15.733,19.640
1052,15.745,19.643
1053,15.765,19.695
1054,15.748,19.656
1055,15.754,19.698
1056,15.756,19.689
1057,15.783,19.730
1058,15.777,19.712
1059,15.758,19.664
1060,15.750,19.677
1061,15.757,19.699
1062,15.748,19.678
1063,15.763,19.691
1064,15.727,19.614
1065,15.695,19.555
1066,15.733,19.606
1067,15.730,19.631
1068,15.724,19.621
1069,15.723,19.641
1070,15.730,19.643
1071,15.703,19.603
1072,15.675,19.523
1073,15.693,19.580
1074,15.691,19.562
1075,15.669,19.528
1076,15.645,19.478
1077,15.649,19.493
1078,15.678,19.568
1079,15.621,19.450
1080,15.647,19.502
1081,15.656,19.514
1082,15.606,19.423
1083,15.623,19.461
1084,15.625,19.456
1085,15.643,19.501
1086,15.588,19.387
1087,15.607,19.429
1088,15.615,19.458
1089,15.625,19.482
1090,15.606,19.455
1091,15.579,19.392
1092,15.594,19.420
1093,15.585,19.401
1094,15.579,19.392
1095,15.549,19.330
1096,15.587,19.385
1097,15.625,19.464
1098,15.598,19.419
1099,15.601,19.434
1100,15.601,19.425
1101,15.610,19.440
1102,15.583,19.390
1103,15.624,19.476
1104,15.612,19.450
1105,15.622,19.480
1106,15.656,19.537
1107,15.629,19.478
1108,15.624,19.471
1109,15.643,19.545
1110,15.636,19.511
1111,15.648,19.544
1112,15.643,19.522
1113,15.635,19.501
1114,15.624,19.483
1115,15.657,19.548
1116,15.641,19.518
1117,15.675,19.569
1118,15.709,19.627
1119,15.702,19.618
1120,15.681,19.583
1121,15.723,19.650
1122,15.729,19.666
1123,15.735,19.691
1124,15.740,19.685
1125,15.746,19.703
1126,15.756,19.718
1127,15.766,19.766
1128,15.746,19.711
1129,15.820,19.858
1130,15.816,19.838
1131,15.841,19.898
1132,15.889,19.967
1133,15.952,20.082
1134,15.978,20.106
1135,15.987,20.093
1136,16.042,20.176
1137,16.050,20.171
1138,16.031,20.131
1139,16.069,20.213
1140,16.065,20.182
1141,16.080,20.179
1142,16.144,20.268
1143,16.197,20.304
1144,16.205,20.284
1145,16.226,20.311
1146,16.278,20.348
1147,16.288,20.374
1148,16.288,20.337
1149,16.349,20.428
1150,16.338,20.407
1151,16.348,20.378
1152,16.367,20.391
1153,16.404,20.421
1154,16.411,20.369
1155,16.438,20.378
1156,16.444,20.373
1157,16.492,20.407
1158,16.539,20.482
1159,16.545,20.443
1160,16.586,20.487
1161,16.606,20.504
1162,16.620,20.497
1163,16.631,20.502
1164,16.685,20.573
1165,16.664,20.540
1166,16.700,20.589
1167,16.729,20.613
1168,16.715,20.603
1169,16.695,20.587
1170,16.666,20.523
1171,16.642,20.494
1172,16.604,20.453
1173,16.569,20.405
1174,16.567,20.420
1175,16.565,20.456
1176,16.534,20.432
1177,16.523,20.431
1178,16.483,20.400
1179,16.467,20.411
1180,16.452,20.407
1181,16.414,20.392
1182,16.375,20.345
1183,16.369,20.353
1184,16.337,20.321
1185,16.337,20.349
1186,16.297,20.281
1187,16.295,20.299
1188,16.269,20.240
1189,16.246,20.220
1190,16.217,20.159
1191,16.188,20.160
1192,16.172,20.103
1193,16.144,20.064
1194,16.119,20.035
1195,16.093,20.032
1196,16.069,19.987
1197,16.067,20.041
1198,16.069,20.079
1199,16.047,20.039
1200,16.038,20.024
1201,16.020,20.011
1202,16.002,19.965
1203,15.956,19.886
1204,15.943,19.920
1205,15.939,19.940
1206,15.956,19.995
1207,15.920,19.917
1208,15.932,19.954
1209,15.923,19.959
1210,15.934,19.966
1211,15.905,19.905
1212,15.920,19.954
1213,15.946,20.005
1214,15.942,19.988
1215,15.981,20.088
1216,15.980,20.116
1217,15.955,20.026
1218,15.947,20.011
1219,15.948,20.004
1220,15.953,20.006
1221,15.981,20.070
1222,15.985,20.073
1223,15.989,20.080
1224,15.981,20.056
1225,15.994,20.065
1226,15.977,20.032
1227,16.004,20.087
1228,15.999,20.068
1229,15.990,20.044
1230,15.995,20.068
1231,16.005,20.062
1232,16.019,20.107
1233,16.007,20.054
1234,15.992,20.054
1235,16.004,20.068
1236,15.994,20.030
1237,15.982,20.030
1238,15.984,20.012
1239,16.000,20.020
1240,15.974,19.979
1241,15.960,19.953
1242,15.969,20.000
1243,15.964,19.963
1244,15.986,20.012
1245,15.972,19.968
1246,15.973,19.995
1247,15.958,19.949
1248,15.934,19.924
1249,15.954,19.943
1250,15.913,19.878
1251,15.911,19.873
1252,15.934,19.910
1253,15.927,19.902
1254,15.913,19.843
1255,15.934,19.910
1256,15.918,19.867
1257,15.903,19.843
1258,15.898,19.851
1259,15.889,19.832
1260,15.873,19.799
1261,15.874,19.783
1262,15.860,19.750
1263,15.849,19.749
1264,15.876,19.811
1265,15.885,19.848
1266,15.865,19.784
1267,15.863,19.798
1268,15.876,19.802
1269,15.855,19.765
1270,15.852,19.766
1271,15.828,19.727
1272,15.846,19.768
1273,15.847,19.750
1274,15.833,19.747
1275,15.816,19.696
1276,15.836,19.755
1277,15.811,19.694
1278,15.805,19.682
1279,15.825,19.711
1280,15.807,19.677
1281,15.788,19.668
1282,15.743,19.592
1283,15.762,19.639
1284,15.744,19.592
1285,15.755,19.615
1286,15.745,19.591
1287,15.739,19.575
1288,15.736,19.572
1289,15.725,19.560
1290,15.734,19.563
1291,15.750,19.594
1292,15.746,19.587
1293,15.739,19.575
1294,15.749,19.598
1295,15.757,19.606
1296,15.756,19.597
1297,15.754,19.581
1298,15.735,19.570
1299,15.719,19.524
1300,15.725,19.537
1301,15.707,19.509
1302,15.706,19.504
1303,15.734,19.574
1304,15.717,19.533
1305,15.745,19.583
1306,15.747,19.592
1307,15.755,19.592
1308,15.749,19.590
1309,15.742,19.578
1310,15.756,19.590
1311,15.776,19.645
1312,15.760,19.588
1313,15.764,19.628
1314,15.760,19.595
1315,15.755,19.584
1316,15.742,19.576
1317,15.771,19.619
1318,15.775,19.639
1319,15.753,19.603
1320,15.772,19.680
1321,15.747,19.586
1322,15.764,19.633
1323,15.752,19.620
1324,15.766,19.643
1325,15.746,19.592
1326,15.753,19.620
1327,15.745,19.596
1328,15.738,19.596
1329,15.775,19.672
1330,15.764,19.640
1331,15.756,19.619
1332,15.736,19.592
1333,15.736,19.583
1334,15.768,19.654
1335,15.746,19.594
1336,15.747,19.623
1337,15.738,19.624
1338,15.721,19.578
1339,15.743,19.627
1340,15.744,19.637
1341,15.745,19.658
1342,15.724,19.588
1343,15.753,19.663
1344,15.758,19.678
1345,15.762,19.677
1346,15.784,19.714
1347,15.775,19.698
1348,15.763,19.695
1349,15.785,19.694
1350,15.780,19.714
1351,15.786,19.707
1352,15.794,19.705
1353,15.797,19.765
1354,15.800,19.760
1355,15.784,19.709
1356,15.766,19.696
1357,15.768,19.682
1358,15.823,19.788
1359,15.797,19.736
1360,15.795,19.721
1361,15.828,19.782
1362,15.838,19.796
1363,15.811,19.760
1364,15.829,19.782
1365,15.839,19.824
1366,15.824,19.791
1367,15.825,19.778
1368,15.861,19.861
1369,15.841,19.833
1370,15.805,19.752
1371,15.814,19.762
1372,15.815,19.746
1373,15.823,19.768
1374,15.837,19.804
1375,15.792,19.692
1376,15.811,19.742
1377,15.787,19.688
1378,15.818,19.745
1379,15.782,19.665
1380,15.802,19.710
1381,15.812,19.740
1382,15.802,19.712
1383,15.813,19.732
1384,15.794,19.678
1385,15.784,19.649
1386,15.806,19.735
1387,15.783,19.689
1388,15.793,19.675
1389,15.797,19.680
1390,15.780,19.649
1391,15.758,19.610
1392,15.770,19.657
1393,15.762,19.602
1394,15.774,19.629
1395,15.756,19.566
1396,15.782,19.627
1397,15.773,19.610
1398,15.745,19.560
1399,15.777,19.624
1400,15.760,19.569
1401,15.762,19.572
1402,15.785,19.596
1403,15.788,19.596
1404,15.791,19.597
1405,15.790,19.613
1406,15.781,19.555
1407,15.800,19.609
1408,15.803,19.615
1409,15.798,19.598
1410,15.812,19.617
1411,15.804,19.593
1412,15.790,19.562
1413,15.808,19.593
1414,15.803,19.568
1415,15.799,19.574
1416,15.819,19.593
1417,15.797,19.555
1418,15.798,19.541
1419,15.803,19.560
1420,15.802,19.569
1421,15.794,19.548
1422,15.805,19.549
1423,15.802,19.543
1424,15.797,19.535
1425,15.805,19.549
1426,15.834,19.591
1427,15.795,19.514
1428,15.804,19.546
1429,15.833,19.603
1430,15.811,19.544
1431,15.807,19.518
1432,15.803,19.529
1433,15.796,19.515
1434,15.835,19.541
1435,15.823,19.540
1436,15.823,19.526
1437,15.817,19.520
1438,15.864,19.608
1439,15.842,19.578
1440,15.841,19.546
1441,15.848,19.570
1442,15.825,19.503
1443,15.857,19.571
1444,15.859,19.569
1445,15.876,19.624
1446,15.860,19.612
1447,15.841,19.561
1448,15.845,19.576
1449,15.824,19.527
1450,15.839,19.557
1451,15.840,19.567
1452,15.822,19.539
1453,15.855,19.602
1454,15.840,19.562
1455,15.840,19.590
1456,15.836,19.558
1457,15.851,19.583
1458,15.821,19.536
1459,15.842,19.599
1460,15.809,19.543
1461,15.795,19.494
1462,15.793,19.507
1463,15.779,19.490
1464,15.753,19.451
1465,15.729,19.428
1466,15.738,19.442
1467,15.736,19.458
1468,15.730,19.456
1469,15.708,19.402
1470,15.691,19.381
1471,15.694,19.375
1472,15.713,19.415
1473,15.697,19.382
1474,15.689,19.366
1475,15.687,19.345
1476,15.703,19.399
1477,15.705,19.410
1478,15.694,19.369
1479,15.723,19.407
1480,15.699,19.357
1481,15.751,19.428
1482,15.752,19.434
1483,15.738,19.387
1484,15.781,19.452
1485,15.784,19.444
1486,15.791,19.425
1487,15.794,19.425
1488,15.823,19.478
1489,15.807,19.437
1490,15.834,19.470
1491,15.826,19.441
1492,15.854,19.464
1493,15.826,19.377
1494,15.861,19.434
1495,15.880,19.432
1496,15.897,19.448
1497,15.904,19.463
1498,15.899,19.471
1499,15.909,19.471
1500,15.915,19.497
1501,15.889,19.455
1502,15.925,19.533
1503,15.893,19.484
1504,15.923,19.536
1505,15.916,19.550
1506,15.919,19.562
1507,15.937,19.598
1508,15.935,19.601
1509,15.913,19.551
1510,15.938,19.581
1511,15.954,19.599
1512,15.964,19.602
1513,15.962,19.612
1514,16.000,19.652
1515,16.021,19.690
1516,16.033,19.701
1517,16.005,19.627
1518,16.021,19.674
1519,15.991,19.627
1520,15.985,19.661
1521,15.976,19.655
1522,15.964,19.631
1523,15.953,19.635
1524,15.921,19.638
1525,15.919,19.639
1526,15.937,19.673
1527,15.900,19.613
1528,15.888,19.625
1529,15.875,19.629
1530,15.882,19.624
1531,15.901,19.647
1532,15.900,19.685
1533,15.910,19.692
1534,15.922,19.730
1535,15.936,19.756
1536,15.921,19.705
1537,15.956,19.776
1538,15.973,19.809
1539,15.909,19.687
1540,15.919,19.717
1541,15.957,19.783
1542,15.948,19.759
1543,15.957,19.758
1544,15.963,19.777
1545,15.987,19.803
1546,15.995,19.829
1547,16.012,19.844
1548,16.002,19.818
1549,16.014,19.854
1550,16.022,19.836
1551,16.015,19.836
1552,16.037,19.859
1553,16.062,19.902
1554,16.064,19.914
1555,16.077,19.931
1556,16.110,19.990
1557,16.106,19.974
1558,16.118,19.985
1559,16.136,20.036
1560,16.123,20.034
1561,16.105,19.953
1562,16.113,20.039
1563,16.077,19.964
1564,16.065,19.946
1565,16.046,19.938
1566,16.033,19.934
1567,16.031,19.957
1568,16.020,19.944
1569,16.006,19.933
1570,15.975,19.879
1571,15.980,19.941
1572,15.964,19.897
1573,15.928,19.841
1574,15.909,19.796
1575,15.896,19.770
1576,15.889,19.788
1577,15.904,19.849
1578,15.893,19.801
1579,15.894,19.815
1580,15.905,19.840
1581,15.895,19.819
1582,15.914,19.857
1583,15.893,19.816
1584,15.919,19.869
1585,15.929,19.878
1586,15.938,19.894
1587,15.940,19.921
1588,15.945,19.913
1589,15.932,19.876
1590,15.932,19.908
1591,15.959,19.947
1592,15.947,19.919
1593,15.934,19.904
1594,15.954,19.917
1595,15.953,19.932
1596,15.955,19.919
1597,15.965,19.951
1598,15.986,19.957
1599,15.992,20.001
1600,15.980,19.962
1601,15.992,19.998
1602,16.011,20.015
1603,16.016,20.036
1604,16.014,20.007
1605,16.023,20.016
1606,16.048,20.091
1607,16.029,20.065
1608,16.055,20.135
1609,16.055,20.115
1610,16.076,20.128
1611,16.058,20.151
1612,16.072,20.173
1613,16.059,20.160
1614,16.080,20.167
1615,16.082,20.176
1616,16.088,20.191
1617,16.082,20.205
1618,16.089,20.229
1619,16.106,20.229
1620,16.136,20.292
1621,16.132,20.270
1622,16.134,20.285
1623,16.161,20.328
1624,16.154,20.324
1625,16.191,20.400
1626,16.188,20.412
1627,16.195,20.421
1628,16.191,20.395
1629,16.200,20.432
1630,16.211,20.438
1631,16.224,20.437
1632,16.246,20.497
1633,16.220,20.465
1634,16.243,20.482
1635,16.254,20.519
1636,16.233,20.472
1637,16.254,20.506
1638,16.254,20.502
1639,16.267,20.541
1640,16.276,20.562
1641,16.265,20.525
1642,16.295,20.590
1643,16.287,20.564
1644,16.286,20.566
1645,16.308,20.593
1646,16.310,20.599
1647,16.303,20.593
1648,16.297,20.593
1649,16.319,20.615
1650,16.344,20.654
1651,16.324,20.629
1652,16.304,20.584
1653,16.312,20.617
1654,16.310,20.580
1655,16.312,20.609
1656,16.297,20.594
1657,16.257,20.512
1658,16.260,20.561
1659,16.256,20.510
1660,16.238,20.500
1661,16.250,20.528
1662,16.230,20.492
1663,16.205,20.449
1664,16.206,20.471
1665,16.221,20.444
1666,16.193,20.415
1667,16.193,20.414
1668,16.195,20.418
1669,16.191,20.410
1670,16.181,20.411
1671,16.159,20.372
1672,16.156,20.361
1673,16.139,20.330
1674,16.108,20.290
1675,16.091,20.254
1676,16.094,20.257
1677,16.051,20.157
1678,16.057,20.171
1679,16.056,20.172
1680,16.035,20.130
1681,16.045,20.163
1682,16.038,20.106
1683,16.038,20.122
1684,16.056,20.146
1685,16.025,20.081
1686,16.010,20.065
1687,16.010,20.057
1688,15.983,19.996
1689,16.006,20.060
1690,15.991,20.036
1691,16.004,20.069
1692,15.993,20.040
1693,15.990,20.027
1694,15.996,20.044
1695,15.980,20.010
1696,15.992,20.053
1697,16.010,20.057
1698,15.991,20.025
1699,15.983,20.010
1700,15.970,19.996
1701,15.961,19.967
1702,15.960,19.954
1703,15.964,19.973
1704,15.956,19.958
1705,15.955,19.944
1706,15.979,19.982
1707,15.953,19.914
1708,15.980,19.994
1709,15.956,19.932
1710,15.951,19.896
1711,15.951,19.912
1712,15.931,19.866
1713,15.941,19.876
1714,15.959,19.917
1715,15.991,19.983
1716,15.987,19.992
1717,16.002,19.994
1718,16.011,19.990
1719,16.037,20.046
1720,16.056,20.059
1721,16.035,20.040
1722,16.032,20.011
1723,16.028,19.990
1724,16.039,20.027
1725,16.031,20.000
1726,16.027,19.954
1727,16.024,19.946
1728,16.033,19.979
1729,16.025,19.912
1730,16.049,19.958
1731,16.038,19.968
1732,16.068,19.989
1733,16.039,19.918
1734,16.057,19.954
1735,16.029,19.911
1736,16.039,19.931
1737,16.059,19.981
1738,16.055,19.980
1739,16.031,19.907
1740,16.040,19.931
1741,16.047,19.946
1742,16.072,19.991
1743,16.059,19.963
1744,16.076,19.990
1745,16.068,19.958
1746,16.085,19.982
1747,16.091,20.019
1748,16.081,19.975
1749,16.063,19.939
1750,16.077,19.954
1751,16.089,19.995
1752,16.092,19.994
1753,16.098,20.006
1754,16.104,20.001
1755,16.111,20.008
1756,16.114,20.032
1757,16.126,20.041
1758,16.124,20.050
1759,16.104,19.987
1760,16.130,20.055
1761,16.147,20.083
1762,16.148,20.077
1763,16.134,20.076
1764,16.149,20.066
1765,16.168,20.124
1766,16.148,20.064
1767,16.186,20.150
1768,16.198,20.161
1769,16.186,20.138
1770,16.201,20.158
1771,16.193,20.165
1772,16.199,20.142
1773,16.206,20.184
1774,16.201,20.151
1775,16.222,20.169
1776,16.206,20.150
1777,16.242,20.225
1778,16.250,20.230
1779,16.225,20.152
1780,16.260,20.235
1781,16.271,20.264
1782,16.287,20.296
1783,16.307,20.347
1784,16.302,20.318
1785,16.329,20.378
1786,16.334,20.404
1787,16.321,20.378
1788,16.343,20.407
1789,16.331,20.421
1790,16.336,20.395
1791,16.358,20.469
1792,16.343,20.425
1793,16.359,20.475
1794,16.377,20.513
1795,16.352,20.485
1796,16.371,20.528
1797,16.363,20.515
1798,16.363,20.502
1799,16.387,20.562
