155 93 183 17 57 0.43
159 341 21 13 35 0.31
174 89 180 24 63 0.32
294 117 187 22 56 0.61
299 123 188 15 57 0.46
355 199 160 17 42 0.43
453 2 184 49 83 0.74
887 1 90 77 168 0.46
1071 57 193 33 101 0.52
1072 66 195 31 79 0.32
1073 72 191 33 95 0.32
1074 80 194 33 87 0.51
1075 85 187 35 89 0.65
1077 88 184 59 108 0.47
1078 100 189 54 108 0.89
1079 123 182 32 95 0.38
1080 130 183 37 95 0.38
1081 136 181 40 122 0.58
1081 395 163 31 118 0.45
1082 149 177 38 116 0.88
1083 162 184 34 109 0.54
1085 174 181 41 91 0.57
1086 169 179 56 121 0.57
1088 189 179 56 107 0.70
1090 213 180 55 126 0.87
1091 238 180 37 93 0.59
1092 235 179 51 126 0.49
1093 240 178 59 125 0.71
1094 250 171 59 131 0.96
1095 284 173 39 131 0.46
1096 272 178 60 127 0.87
1097 285 179 61 126 0.65
1097 305 178 36 82 0.36
1098 300 177 60 127 0.77
1098 318 178 41 88 0.39
1099 312 172 59 134 0.90
1101 338 174 54 121 0.46
1102 365 173 41 112 0.84
1103 377 171 42 129 0.62
1104 384 169 47 141 0.53
1105 400 169 46 125 0.93
1106 398 170 62 124 0.75
1106 419 168 39 102 0.52
1108 435 176 53 128 0.52
1109 458 168 41 122 0.32
1113 487 158 72 132 0.60
1114 521 150 55 135 0.67
1114 529 149 42 73 0.49
1115 543 155 45 128 0.32
1118 404 157 77 161 0.35
1188 131 78 31 124 0.46
1201 55 98 5 20 0.33
1205 71 99 10 17 0.31
1207 80 99 9 19 0.33
1208 282 171 26 56 0.46
1213 104 95 6 18 0.43
1216 312 177 16 43 0.40
1259 367 44 39 143 0.32
1272 380 35 46 166 0.37
1285 455 173 33 67 0.65
1286 457 166 33 71 0.31
1288 461 170 32 65 0.51
1289 459 174 35 65 0.55
1290 462 174 35 64 0.72
1294 465 177 39 59 0.57
1295 467 178 33 57 0.37
1296 467 169 36 67 0.56
1296 108 175 36 60 0.33
1298 471 167 36 74 0.76
1299 473 167 33 68 0.38
1301 475 172 33 68 0.54
1303 478 180 34 60 0.37
1304 480 164 36 73 0.66
1307 483 161 36 82 0.56
1307 99 185 27 53 0.31
1308 483 181 38 58 0.36
1314 490 172 37 64 0.47
1316 491 160 37 79 0.67
1317 491 163 36 76 0.91
1319 496 176 38 62 0.45
1325 497 155 39 83 0.87
1328 503 155 34 84 0.42
1331 500 170 42 74 0.31
1333 502 175 42 66 0.45
1334 504 157 42 88 0.43
1335 505 149 41 94 0.76
1339 506 159 41 83 0.66
1341 506 155 42 88 0.54
1342 509 162 43 83 0.51
1344 511 168 38 78 0.81
1345 509 156 43 90 0.51
1345 273 146 25 30 0.32
1346 510 143 46 105 0.39
1348 512 141 42 111 0.55
1350 513 143 39 107 0.61
1351 514 159 39 91 0.52
1352 514 169 41 80 0.62
1353 513 161 40 89 0.54
1356 512 160 45 91 0.82
1357 514 163 43 88 0.77
1359 517 167 45 88 0.79
1360 518 169 41 80 0.72
1362 516 165 49 89 0.40
1364 516 157 49 101 0.77
1365 514 166 48 90 0.50
1366 266 142 32 45 0.32
1371 520 157 46 105 0.39
1372 519 162 49 102 0.84
1373 517 159 51 111 0.37
1374 519 150 49 117 0.54
1375 270 141 33 50 0.83
1375 512 159 57 108 0.62
1376 524 148 46 122 0.58
1377 520 152 49 118 0.74
1380 527 152 43 119 0.67
1381 525 126 50 143 0.31
1382 529 150 41 119 0.54
1384 530 77 47 191 0.37
1385 525 139 52 132 0.46
1386 524 125 53 147 0.76
1387 528 153 48 120 0.86
1389 530 154 46 118 0.52
1390 525 138 55 138 0.50
1391 532 140 48 132 0.38
1391 269 156 28 41 0.36
1392 523 138 60 134 0.53
1393 530 149 54 122 0.37
1394 528 148 56 128 0.85
1395 533 91 52 181 0.49
1396 524 105 61 171 0.70
1397 268 156 29 38 0.36
1398 533 107 59 172 0.53
1403 270 154 30 45 0.61
1403 540 142 55 141 0.49
1404 544 192 51 92 0.52
1405 534 120 61 167 0.60
1407 538 71 61 211 0.56
1407 267 155 32 40 0.55
1407 542 157 55 128 0.38
1408 549 161 51 127 0.62
1410 548 163 58 122 0.58
1413 551 173 58 123 0.32
1420 555 175 66 120 0.69
1422 269 157 27 39 0.59
1423 271 160 24 33 0.45
1424 566 147 59 160 0.53
1430 405 149 36 82 0.30
1437 99 148 34 106 0.35
1452 265 154 30 42 0.33
1466 3 221 19 54 0.31
1471 86 152 42 91 0.32
1498 442 73 41 161 0.44
1501 451 178 32 70 0.69
1505 449 187 45 66 0.32
1522 242 176 24 28 0.60
1527 237 169 29 45 0.63
1534 238 173 26 32 0.35
1564 240 177 26 37 0.49
1570 244 161 26 49 0.47
1571 242 172 28 33 0.49
1583 252 168 33 43 0.39
1586 255 174 27 37 0.41
1592 400 151 42 102 0.32
1601 128 164 34 90 0.45
1622 331 169 25 37 0.44
1636 511 153 38 109 0.37
1645 545 154 39 111 0.33
1653 449 172 25 26 0.33
1685 1 167 31 94 0.34
1713 190 20 14 37 0.41
