0,21.106,22.987
1,21.126,23.007
2,21.109,22.993
3,21.021,22.838
4,21.095,22.995
5,21.079,22.944
6,21.099,22.981
7,21.001,22.855
8,21.061,22.926
9,21.058,22.925
10,20.994,22.832
11,21.001,22.846
12,20.999,22.843
13,21.008,22.855
14,20.958,22.793
15,20.956,22.794
16,20.971,22.802
17,20.983,22.839
18,21.002,22.880
19,20.972,22.813
20,20.981,22.832
21,20.975,22.822
22,20.998,22.852
23,20.959,22.798
24,21.003,22.861
25,20.982,22.843
26,21.018,22.880
27,20.969,22.816
28,20.977,22.843
29,20.970,22.834
30,20.960,22.807
31,20.971,22.845
32,20.935,22.797
33,20.981,22.845
34,20.910,22.751
35,20.948,22.809
36,20.947,22.820
37,20.950,22.815
38,20.883,22.730
39,20.919,22.771
40,20.940,22.815
41,20.903,22.746
42,20.906,22.756
43,20.900,22.741
44,20.907,22.743
45,20.864,22.686
46,20.888,22.715
47,20.822,22.630
48,20.809,22.619
49,20.833,22.648
50,20.807,22.616
51,20.811,22.608
52,20.826,22.638
53,20.858,22.696
54,20.843,22.653
55,20.866,22.687
56,20.861,22.692
57,20.905,22.765
58,20.872,22.712
59,20.853,22.676
60,20.843,22.691
61,20.819,22.646
62,20.866,22.737
63,20.836,22.690
64,20.839,22.694
65,20.899,22.782
66,20.807,22.652
67,20.864,22.721
68,20.835,22.688
69,20.842,22.710
70,20.790,22.645
71,20.844,22.718
72,20.845,22.717
73,20.848,22.724
74,20.818,22.666
75,20.826,22.684
76,20.908,22.818
77,20.872,22.750
78,20.844,22.697
79,20.871,22.732
80,20.939,22.826
81,20.945,22.817
82,20.950,22.818
83,20.958,22.822
84,20.975,22.843
85,20.993,22.871
86,21.022,22.900
87,20.984,22.836
88,20.977,22.846
89,20.967,22.820
90,20.996,22.885
91,21.020,22.925
92,21.035,22.936
93,20.997,22.866
94,20.969,22.839
95,20.937,22.811
96,20.947,22.822
97,21.027,22.947
98,21.060,23.004
99,21.004,22.922
100,20.908,22.787
101,20.848,22.709
102,20.819,22.683
103,20.955,22.867
104,20.947,22.859
105,20.894,22.756
106,20.922,22.802
107,20.945,22.829
108,20.906,22.752
109,20.961,22.820
110,20.941,22.792
111,20.997,22.869
112,21.048,22.928
113,21.010,22.863
114,20.977,22.820
115,21.028,22.871
116,21.052,22.908
117,21.071,22.922
118,21.189,23.083
119,21.087,22.922
120,21.016,22.827
121,20.936,22.695
122,20.951,22.721
123,20.951,22.723
124,20.957,22.726
125,20.974,22.767
126,20.934,22.712
127,20.888,22.678
128,20.926,22.713
129,20.969,22.784
130,20.909,22.700
131,20.961,22.791
132,20.982,22.828
133,20.961,22.802
134,20.906,22.736
135,20.966,22.829
136,20.889,22.732
137,20.899,22.744
138,20.872,22.738
139,20.904,22.788
140,20.901,22.803
141,20.918,22.842
142,20.952,22.905
143,20.907,22.856
144,20.877,22.803
145,20.895,22.836
146,20.869,22.820
147,20.901,22.889
148,20.914,22.898
149,20.908,22.889
150,20.931,22.917
151,20.896,22.900
152,20.895,22.900
153,20.943,22.956
154,20.968,22.983
155,20.934,22.959
156,20.855,22.846
157,20.834,22.802
158,20.831,22.777
159,20.844,22.799
160,20.827,22.772
161,20.851,22.805
162,20.883,22.838
163,20.910,22.857
164,20.909,22.842
165,21.037,23.018
166,20.944,22.898
167,20.938,22.847
168,20.925,22.846
169,20.872,22.764
170,20.910,22.818
171,20.910,22.820
172,20.812,22.685
173,20.794,22.664
174,20.832,22.661
175,20.870,22.709
176,20.878,22.708
177,20.836,22.645
178,20.835,22.652
179,20.818,22.582
180,20.885,22.648
181,20.876,22.641
182,20.911,22.677
183,20.957,22.738
184,20.942,22.668
185,21.106,22.922
186,21.050,22.814
187,21.197,23.000
188,21.274,23.109
189,21.170,22.959
190,21.047,22.783
191,20.983,22.676
192,21.006,22.718
193,21.276,23.087
194,21.292,23.094
195,21.543,23.487
196,21.353,23.222
197,20.964,22.636
198,21.061,22.738
199,21.147,22.849
200,21.502,23.369
201,21.672,23.604
202,21.504,23.350
203,21.119,22.778
204,20.904,22.453
205,21.037,22.662
206,21.112,22.793
207,21.208,22.913
208,21.284,23.029
209,21.332,23.095
210,21.366,23.115
211,21.330,23.039
212,21.371,23.107
213,21.284,22.976
214,21.283,22.977
215,21.278,22.958
216,21.340,23.052
217,21.342,23.067
218,21.294,23.013
219,21.420,23.188
220,21.400,23.188
221,21.425,23.215
222,21.339,23.110
223,21.283,23.019
224,21.291,23.030
225,21.330,23.096
226,21.319,23.061
227,21.370,23.138
228,21.389,23.156
229,21.452,23.269
230,21.475,23.312
231,21.530,23.385
232,21.459,23.287
233,21.447,23.256
234,21.571,23.445
235,21.560,23.456
236,21.596,23.503
237,21.622,23.542
238,21.621,23.530
239,21.663,23.602
240,21.690,23.666
241,21.722,23.693
242,21.803,23.838
243,21.789,23.814
244,21.842,23.881
245,21.821,23.865
246,21.846,23.905
247,21.836,23.891
248,21.911,23.994
249,21.904,24.013
250,21.951,24.113
251,21.855,23.971
252,21.933,24.096
253,21.881,24.056
254,21.992,24.279
255,21.872,24.102
256,21.954,24.237
257,22.173,24.644
258,22.210,24.687
259,21.971,24.245
260,22.008,24.318
261,21.859,24.075
262,21.906,24.140
263,22.068,24.403
264,21.873,24.088
265,21.762,23.940
266,21.730,23.877
267,21.692,23.825
268,21.807,24.038
269,21.954,24.307
270,21.940,24.260
271,22.011,24.381
272,21.864,24.099
273,21.699,23.892
274,21.752,23.951
275,21.734,23.912
276,21.693,23.863
277,21.715,23.905
278,21.742,23.918
279,21.715,23.895
280,21.735,23.939
281,21.721,23.898
282,21.711,23.895
283,21.833,24.082
284,21.770,23.957
285,21.797,24.033
286,21.733,23.917
287,21.779,23.995
288,21.758,23.935
289,21.754,23.952
290,21.775,23.970
291,21.791,24.011
292,21.762,23.959
293,21.775,23.988
294,21.780,23.978
295,21.739,23.938
296,21.754,23.922
297,21.740,23.931
298,21.702,23.860
299,21.702,23.893
300,21.690,23.886
301,21.710,23.909
302,21.676,23.860
303,21.675,23.854
304,21.683,23.887
305,21.706,23.897
306,21.717,23.914
307,21.708,23.907
308,21.700,23.876
309,21.704,23.911
310,21.726,23.918
311,21.809,24.068
312,21.779,24.006
313,21.813,24.048
314,21.816,24.050
315,21.797,24.041
316,21.811,24.042
317,21.805,24.042
318,21.781,24.022
319,21.798,24.021
320,21.788,24.000
321,21.787,24.012
322,21.765,23.961
323,21.847,24.083
324,22.152,24.636
325,21.824,24.034
326,22.069,24.442
327,21.852,24.071
328,21.914,24.148
329,21.895,24.116
330,21.898,24.115
331,21.909,24.135
332,21.879,24.086
333,21.865,24.080
334,21.864,24.128
335,21.846,24.079
336,21.805,24.024
337,21.800,24.033
338,21.845,24.123
339,21.837,24.103
340,21.853,24.120
341,21.876,24.148
342,21.944,24.252
343,21.926,24.219
344,22.006,24.340
345,21.925,24.214
346,21.950,24.245
347,21.984,24.308
348,21.934,24.246
349,21.976,24.290
350,21.955,24.266
351,21.974,24.306
352,21.977,24.320
353,21.942,24.269
354,21.950,24.293
355,21.967,24.327
356,21.949,24.298
357,21.959,24.313
358,21.950,24.308
359,21.970,24.319
360,21.947,24.284
361,21.963,24.331
362,21.915,24.249
363,21.914,24.238
364,21.918,24.233
365,21.912,24.211
366,21.899,24.213
367,21.874,24.176
368,21.885,24.184
369,21.882,24.174
370,21.871,24.188
371,21.866,24.165
372,21.901,24.205
373,21.889,24.199
374,21.894,24.199
375,21.858,24.134
376,21.902,24.205
377,21.907,24.199
378,21.921,24.239
379,21.885,24.159
380,21.871,24.126
381,21.915,24.211
382,21.860,24.123
383,21.888,24.159
384,21.871,24.142
385,21.842,24.088
386,21.793,24.007
387,21.813,24.022
388,21.803,24.032
389,21.783,23.978
390,21.803,24.029
391,21.838,24.067
392,21.820,24.038
393,21.768,23.943
394,21.819,24.003
395,21.798,23.956
396,21.812,23.966
397,21.793,23.934
398,21.761,23.871
399,21.763,23.902
400,21.777,23.894
401,21.742,23.835
402,21.739,23.822
403,21.765,23.863
404,21.779,23.878
405,21.745,23.789
406,21.757,23.822
407,21.765,23.811
408,21.740,23.759
409,21.745,23.780
410,21.730,23.745
411,21.739,23.726
412,21.673,23.629
413,21.703,23.675
414,21.759,23.801
415,21.757,23.764
416,21.685,23.637
417,21.633,23.539
418,21.637,23.580
419,21.680,23.640
420,21.593,23.510
421,21.589,23.531
422,21.607,23.548
423,21.577,23.505
424,21.583,23.518
425,21.590,23.524
426,21.572,23.487
427,21.564,23.479
428,21.591,23.535
429,21.576,23.499
430,21.587,23.521
431,21.598,23.542
432,21.663,23.608
433,21.644,23.592
434,21.624,23.573
435,21.634,23.576
436,21.615,23.549
437,21.635,23.575
438,21.630,23.576
439,21.632,23.577
440,21.621,23.566
441,21.624,23.564
442,21.626,23.558
443,21.616,23.579
444,21.571,23.506
445,21.562,23.495
446,21.583,23.548
447,21.609,23.565
448,21.647,23.632
449,21.660,23.656
450,21.679,23.656
451,21.697,23.688
452,21.711,23.705
453,21.736,23.737
454,21.744,23.720
455,21.751,23.734
456,21.861,23.911
457,21.793,23.834
458,21.908,23.990
459,21.810,23.824
460,21.784,23.785
461,21.866,23.933
462,21.849,23.914
463,21.777,23.801
464,21.712,23.684
465,21.856,23.934
466,21.707,23.693
467,21.717,23.707
468,21.748,23.707
469,21.744,23.723
470,21.773,23.773
471,21.833,23.874
472,21.755,23.719
473,21.722,23.663
474,21.785,23.764
475,21.733,23.689
476,21.769,23.733
477,21.701,23.624
478,21.722,23.660
479,21.701,23.660
480,21.662,23.587
481,21.682,23.614
482,21.743,23.700
483,21.703,23.648
484,21.641,23.562
485,21.665,23.577
486,21.648,23.555
487,21.619,23.523
488,21.618,23.504
489,21.607,23.494
490,21.577,23.455
491,21.576,23.455
492,21.549,23.413
493,21.513,23.387
494,21.501,23.363
495,21.484,23.313
496,21.487,23.324
497,21.471,23.294
498,21.445,23.265
499,21.481,23.312
500,21.480,23.314
501,21.497,23.334
502,21.506,23.308
503,21.462,23.268
504,21.465,23.261
505,21.472,23.267
506,21.454,23.224
507,21.448,23.222
508,21.451,23.238
509,21.480,23.275
510,21.469,23.262
511,21.547,23.385
512,21.461,23.236
513,21.466,23.240
514,21.469,23.256
515,21.447,23.220
516,21.519,23.295
517,21.471,23.229
518,21.491,23.267
519,21.407,23.140
520,21.389,23.106
521,21.399,23.122
522,21.355,23.069
523,21.364,23.092
524,21.355,23.067
525,21.351,23.095
526,21.330,23.058
527,21.295,22.998
528,21.275,22.971
529,21.283,22.986
530,21.286,22.999
531,21.278,23.000
532,21.297,23.008
533,21.287,22.981
534,21.290,22.977
535,21.332,23.058
536,21.335,23.047
537,21.375,23.100
538,21.386,23.121
539,21.413,23.153
540,21.396,23.123
541,21.409,23.139
542,21.412,23.157
543,21.401,23.137
544,21.429,23.168
545,21.426,23.186
546,21.444,23.203
547,21.412,23.190
548,21.416,23.176
549,21.416,23.183
550,21.426,23.202
551,21.440,23.225
552,21.418,23.184
553,21.453,23.226
554,21.445,23.217
555,21.443,23.227
556,21.479,23.286
557,21.502,23.312
558,21.521,23.342
559,21.513,23.328
560,21.540,23.364
561,21.578,23.411
562,21.579,23.429
563,21.590,23.450
564,21.599,23.445
565,21.612,23.475
566,21.637,23.515
567,21.636,23.504
568,21.663,23.565
569,21.673,23.572
570,21.696,23.615
571,21.698,23.620
572,21.742,23.676
573,21.728,23.650
574,21.737,23.667
575,21.723,23.649
576,21.751,23.691
577,21.753,23.690
578,21.772,23.709
579,21.781,23.710
580,21.766,23.712
581,21.757,23.697
582,21.772,23.705
583,21.754,23.692
584,21.773,23.722
585,21.773,23.707
586,21.786,23.712
587,21.805,23.759
588,21.777,23.699
589,21.778,23.703
590,21.740,23.658
591,21.769,23.679
592,21.766,23.678
593,21.804,23.732
594,21.799,23.701
595,21.776,23.675
596,21.765,23.668
597,21.756,23.633
598,21.742,23.610
599,21.741,23.616
600,21.694,23.554
601,21.702,23.539
602,21.698,23.572
603,21.663,23.520
604,21.671,23.541
605,21.630,23.453
606,21.614,23.436
607,21.575,23.403
608,21.592,23.406
609,21.531,23.336
610,21.524,23.331
611,21.495,23.280
612,21.508,23.307
613,21.491,23.298
614,21.497,23.295
615,21.511,23.320
616,21.511,23.308
617,21.513,23.333
618,21.527,23.340
619,21.497,23.287
620,21.516,23.298
621,21.526,23.306
622,21.536,23.331
623,21.549,23.355
624,21.550,23.350
625,21.563,23.354
626,21.502,23.286
627,21.542,23.336
628,21.577,23.386
629,21.584,23.408
630,21.593,23.411
631,21.599,23.418
632,21.586,23.409
633,21.582,23.408
634,21.635,23.495
635,21.639,23.520
636,21.717,23.660
637,21.686,23.601
638,21.651,23.542
639,21.729,23.678
640,21.728,23.674
641,21.719,23.666
642,21.761,23.727
643,21.778,23.773
644,21.758,23.749
645,21.739,23.722
646,21.755,23.747
647,21.828,23.835
648,21.832,23.891
649,21.866,23.929
650,21.876,23.916
651,21.891,23.947
652,21.930,24.027
653,22.056,24.216
654,21.972,24.071
655,22.010,24.093
656,21.960,24.029
657,21.949,24.000
658,21.928,23.940
659,21.950,23.986
660,21.959,23.993
661,21.956,23.965
662,21.972,23.982
663,21.989,24.014
664,21.987,24.016
665,21.988,24.006
666,21.944,23.935
667,21.984,23.990
668,22.008,24.015
669,22.060,24.069
670,22.057,24.059
671,22.094,24.112
672,22.118,24.123
673,22.112,24.128
674,22.091,24.089
675,22.074,24.068
676,22.084,24.063
677,22.056,24.034
678,22.012,23.965
679,21.953,23.876
680,21.928,23.844
681,21.920,23.827
682,21.959,23.882
683,21.881,23.779
684,21.853,23.689
685,21.846,23.696
686,21.808,23.634
687,21.781,23.589
688,21.770,23.563
689,21.698,23.470
690,21.702,23.478
691,21.679,23.448
692,21.719,23.507
693,21.671,23.443
694,21.632,23.388
695,21.618,23.356
696,21.603,23.337
697,21.575,23.294
698,21.618,23.374
699,21.569,23.281
700,21.583,23.287
701,21.596,23.303
702,21.602,23.299
703,21.561,23.248
704,21.573,23.265
705,21.543,23.216
706,21.600,23.282
707,21.568,23.236
708,21.576,23.240
709,21.571,23.235
710,21.550,23.193
711,21.560,23.196
712,21.537,23.161
713,21.596,23.258
714,21.558,23.190
715,21.524,23.142
716,21.550,23.192
717,21.547,23.177
718,21.521,23.154
719,21.592,23.249
720,21.708,23.419
721,21.575,23.236
722,21.592,23.243
723,21.640,23.294
724,21.632,23.291
725,21.910,23.721
726,21.649,23.331
727,21.685,23.363
728,21.635,23.269
729,21.672,23.350
730,21.649,23.321
731,21.709,23.419
732,21.818,23.606
733,21.872,23.659
734,21.749,23.493
735,21.697,23.418
736,21.687,23.399
737,21.629,23.341
738,21.657,23.367
739,21.705,23.456
740,21.712,23.479
741,21.751,23.519
742,21.797,23.624
743,21.726,23.500
744,21.775,23.582
745,21.758,23.566
746,21.751,23.563
747,21.730,23.557
748,21.767,23.576
749,21.819,23.653
750,21.800,23.616
751,21.795,23.615
752,21.773,23.574
753,21.811,23.634
754,21.852,23.690
755,21.881,23.704
756,21.782,23.576
757,21.871,23.720
758,21.879,23.733
759,21.906,23.771
760,21.873,23.735
761,21.926,23.836
762,21.942,23.840
763,21.878,23.751
764,21.918,23.812
765,21.923,23.827
766,21.934,23.845
767,22.151,24.206
768,22.072,24.085
769,21.955,23.889
770,21.930,23.849
771,21.834,23.701
772,21.818,23.687
773,21.822,23.688
774,21.895,23.816
775,21.915,23.854
776,21.758,23.620
777,21.727,23.580
778,21.676,23.520
779,21.654,23.471
780,21.693,23.547
781,21.665,23.498
782,21.654,23.478
783,21.689,23.542
784,21.680,23.538
785,21.642,23.450
786,21.655,23.479
787,21.675,23.528
788,21.646,23.485
789,21.643,23.481
790,21.654,23.493
791,21.758,23.671
792,21.680,23.549
793,21.631,23.478
794,21.638,23.495
795,21.628,23.467
796,21.627,23.456
797,21.638,23.477
798,21.671,23.530
799,21.691,23.543
800,21.646,23.493
801,21.673,23.524
802,21.622,23.459
803,21.616,23.470
804,21.614,23.449
805,21.605,23.445
806,21.598,23.452
807,21.579,23.444
808,21.585,23.431
809,21.564,23.398
810,21.537,23.357
811,21.511,23.330
812,21.611,23.463
813,21.484,23.283
814,21.571,23.410
815,21.565,23.391
816,21.558,23.388
817,21.561,23.414
818,21.584,23.445
819,21.584,23.435
820,21.737,23.678
821,21.617,23.508
822,21.641,23.555
823,21.564,23.461
824,21.558,23.450
825,21.583,23.489
826,21.536,23.418
827,21.542,23.429
828,21.560,23.490
829,21.531,23.441
830,21.510,23.417
831,21.518,23.425
832,21.512,23.421
833,21.457,23.358
834,21.421,23.282
835,21.433,23.306
836,21.406,23.286
837,21.358,23.226
838,21.342,23.203
839,21.310,23.163
840,21.321,23.172
841,21.312,23.165
842,21.292,23.150
843,21.306,23.160
844,21.285,23.108
845,21.294,23.124
846,21.285,23.106
847,21.284,23.110
848,21.335,23.162
849,21.259,23.063
850,21.256,23.072
851,21.280,23.098
852,21.287,23.118
853,21.297,23.136
854,21.327,23.180
855,21.362,23.242
856,21.381,23.262
857,21.417,23.289
858,21.385,23.258
859,21.366,23.241
860,21.361,23.255
861,21.352,23.232
862,21.338,23.222
863,21.309,23.168
864,21.357,23.225
865,21.369,23.252
866,21.396,23.290
867,21.410,23.295
868,21.379,23.256
869,21.426,23.334
870,21.405,23.297
871,21.363,23.232
872,21.381,23.258
873,21.263,23.100
874,21.318,23.188
875,21.356,23.250
876,21.422,23.330
877,21.415,23.322
878,21.426,23.325
879,21.405,23.322
880,21.419,23.340
881,21.438,23.365
882,21.438,23.344
883,21.470,23.369
884,21.481,23.385
885,21.425,23.308
886,21.437,23.319
887,21.450,23.348
888,21.436,23.329
889,21.450,23.330
890,21.446,23.326
891,21.438,23.304
892,21.437,23.307
893,21.456,23.328
894,21.417,23.264
895,21.453,23.316
896,21.434,23.285
897,21.477,23.312
898,21.473,23.300
899,21.449,23.246
900,21.427,23.208
901,21.438,23.220
902,21.407,23.174
903,21.388,23.144
904,21.436,23.211
905,21.445,23.201
906,21.416,23.168
907,21.452,23.187
908,21.409,23.116
909,21.409,23.099
910,21.406,23.086
911,21.399,23.096
912,21.450,23.166
913,21.433,23.134
914,21.444,23.149
915,21.448,23.154
916,21.440,23.163
917,21.437,23.152
918,21.471,23.194
919,21.421,23.137
920,21.401,23.090
921,21.430,23.136
922,21.435,23.147
923,21.408,23.110
924,21.431,23.141
925,21.431,23.158
926,21.434,23.170
927,21.449,23.182
928,21.436,23.169
929,21.451,23.170
930,21.542,23.319
931,21.430,23.144
932,21.441,23.166
933,21.498,23.260
934,21.434,23.149
935,21.445,23.189
936,21.448,23.183
937,21.430,23.154
938,21.426,23.130
939,21.446,23.155
940,21.488,23.233
941,21.443,23.174
942,21.452,23.173
943,21.473,23.189
944,21.526,23.284
945,21.494,23.254
946,21.497,23.225
947,21.533,23.290
948,21.524,23.263
949,21.650,23.464
950,21.602,23.370
951,21.641,23.444
952,21.557,23.302
953,21.581,23.349
954,21.565,23.300
955,21.592,23.334
956,21.600,23.361
957,21.607,23.385
958,21.630,23.383
959,21.657,23.445
960,21.720,23.524
961,21.727,23.541
962,21.762,23.579
963,21.768,23.607
964,21.796,23.642
965,21.774,23.603
966,21.811,23.667
967,21.829,23.710
968,21.806,23.661
969,21.787,23.633
970,21.810,23.661
971,21.817,23.675
972,21.810,23.649
973,21.814,23.677
974,21.841,23.709
975,21.818,23.692
976,21.846,23.741
977,21.840,23.719
978,21.917,23.850
979,21.840,23.718
980,21.821,23.699
981,21.832,23.713
982,21.848,23.741
983,21.857,23.733
984,21.900,23.807
985,21.889,23.840
986,21.892,23.820
987,21.913,23.872
988,22.052,24.113
989,21.917,23.879
990,21.946,23.944
991,21.959,23.965
992,22.079,24.149
993,22.313,24.565
994,21.954,23.970
995,22.003,24.068
996,22.200,24.388
997,22.010,24.094
998,21.918,23.959
999,22.149,24.352
1000,21.915,23.982
1001,21.967,24.054
1002,21.905,23.972
1003,21.947,24.056
1004,21.893,24.006
1005,21.886,23.977
1006,21.863,23.953
1007,21.860,23.978
1008,21.849,23.977
1009,21.796,23.882
1010,21.839,23.985
1011,21.802,23.940
1012,21.804,23.950
1013,21.809,23.956
1014,21.830,23.997
1015,21.780,23.930
1016,21.810,23.965
1017,21.844,24.021
1018,21.796,23.935
1019,21.819,23.970
1020,21.883,24.106
1021,21.835,24.021
1022,21.827,23.999
1023,21.820,24.003
1024,21.828,24.032
1025,21.828,24.015
1026,21.850,24.037
1027,21.813,24.014
1028,21.833,24.039
1029,21.836,24.019
1030,21.817,24.020
1031,21.836,24.029
1032,21.860,24.073
1033,21.872,24.099
1034,21.837,24.028
1035,21.864,24.071
1036,21.816,24.016
1037,21.850,24.043
1038,21.778,23.943
1039,21.744,23.891
1040,21.765,23.915
1041,21.738,23.885
1042,21.919,24.187
1043,22.055,24.391
1044,21.773,23.920
1045,21.810,23.966
1046,21.910,24.158
1047,21.856,24.077
1048,21.749,23.900
1049,21.713,23.828
1050,21.680,23.788
1051,21.694,23.773
1052,21.726,23.824
1053,21.677,23.753
1054,21.683,23.783
1055,21.667,23.745
1056,21.883,24.108
1057,21.764,23.895
1058,21.711,23.831
1059,21.741,23.850
1060,21.682,23.778
1061,21.651,23.706
1062,21.783,23.914
1063,21.718,23.773
1064,21.739,23.816
1065,21.660,23.705
1066,21.674,23.721
1067,21.650,23.676
1068,21.675,23.706
1069,21.620,23.623
1070,21.658,23.688
1071,21.649,23.656
1072,21.641,23.638
1073,21.604,23.585
1074,21.616,23.620
1075,21.627,23.639
1076,21.563,23.547
1077,21.599,23.602
1078,21.578,23.547
1079,21.589,23.571
1080,21.581,23.531
1081,21.593,23.554
1082,21.595,23.569
1083,21.572,23.524
1084,21.573,23.539
1085,21.576,23.500
1086,21.611,23.537
1087,21.622,23.533
1088,21.635,23.538
1089,21.659,23.535
1090,21.675,23.538
1091,21.642,23.458
1092,21.616,23.419
1093,21.666,23.509
1094,21.659,23.484
1095,21.601,23.392
1096,21.624,23.427
1097,21.606,23.399
1098,21.663,23.496
1099,21.668,23.501
1100,21.604,23.439
1101,21.636,23.449
1102,21.620,23.450
1103,21.713,23.595
1104,21.641,23.489
1105,21.624,23.456
1106,21.610,23.420
1107,21.661,23.504
1108,22.008,24.046
1109,21.859,23.800
1110,21.711,23.536
1111,21.801,23.686
1112,21.793,23.683
1113,22.091,24.192
1114,21.635,23.441
1115,21.581,23.388
1116,21.782,23.698
1117,21.575,23.362
1118,21.647,23.479
1119,21.661,23.477
1120,21.720,23.593
1121,21.755,23.644
1122,21.721,23.557
1123,22.184,24.311
1124,22.154,24.231
1125,21.714,23.533
1126,21.686,23.482
1127,21.646,23.411
1128,21.658,23.405
1129,21.683,23.420
1130,21.687,23.437
1131,21.695,23.454
1132,22.018,23.968
1133,21.797,23.624
1134,21.812,23.641
1135,21.729,23.504
1136,21.680,23.420
1137,21.761,23.552
1138,21.704,23.460
1139,21.764,23.513
1140,21.782,23.549
1141,21.781,23.551
1142,21.806,23.592
1143,21.796,23.592
1144,21.795,23.614
1145,21.769,23.591
1146,21.790,23.646
1147,21.756,23.596
1148,21.751,23.602
1149,21.759,23.621
1150,21.733,23.584
1151,21.765,23.652
1152,21.780,23.684
1153,21.823,23.741
1154,21.899,23.872
1155,21.908,23.884
1156,21.948,23.947
1157,21.961,23.960
1158,21.926,23.930
1159,21.953,23.973
1160,22.061,24.128
1161,21.975,24.028
1162,21.969,23.997
1163,21.971,24.018
1164,21.938,23.972
1165,21.954,23.980
1166,21.952,23.991
1167,21.920,23.927
1168,21.929,23.961
1169,21.923,23.964
1170,21.926,23.985
1171,21.909,23.921
1172,21.848,23.851
1173,21.904,23.934
1174,21.870,23.876
1175,21.841,23.832
1176,21.841,23.841
1177,21.804,23.748
1178,21.866,23.870
1179,21.838,23.828
1180,21.884,23.885
1181,21.937,23.986
1182,21.904,23.930
1183,21.914,23.938
1184,21.899,23.921
1185,21.895,23.923
1186,21.878,23.903
1187,21.881,23.904
1188,21.860,23.865
1189,21.862,23.864
1190,21.845,23.859
1191,21.836,23.865
1192,21.835,23.839
1193,21.818,23.812
1194,21.850,23.884
1195,21.818,23.838
1196,21.801,23.799
1197,21.811,23.839
1198,21.837,23.872
1199,21.817,23.855
1200,21.877,23.955
1201,21.819,23.874
1202,21.837,23.881
1203,21.833,23.882
1204,21.790,23.811
1205,21.797,23.863
1206,21.776,23.795
1207,21.788,23.853
1208,21.853,23.971
1209,21.760,23.801
1210,21.770,23.796
1211,21.752,23.811
1212,21.750,23.787
1213,21.728,23.790
1214,21.723,23.763
1215,21.692,23.714
1216,21.728,23.783
1217,21.723,23.751
1218,21.663,23.673
1219,21.618,23.613
1220,21.614,23.609
1221,21.632,23.626
1222,21.653,23.652
1223,21.655,23.671
1224,21.694,23.736
1225,21.694,23.736
1226,21.726,23.786
1227,21.759,23.830
1228,21.805,23.900
1229,21.809,23.918
1230,21.823,23.918
1231,21.892,24.034
1232,21.890,24.022
1233,21.857,23.946
1234,21.837,23.939
1235,21.874,23.962
1236,21.923,24.025
1237,21.894,23.998
1238,21.904,24.010
1239,21.957,24.101
1240,21.949,24.065
1241,21.919,24.035
1242,21.946,24.097
1243,21.969,24.113
1244,21.928,24.083
1245,21.922,24.059
1246,21.958,24.124
1247,21.967,24.127
1248,21.959,24.135
1249,21.917,24.051
1250,21.945,24.128
1251,21.962,24.155
1252,22.083,24.351
1253,21.967,24.154
1254,22.016,24.193
1255,22.065,24.302
1256,21.979,24.152
1257,21.979,24.140
1258,22.004,24.197
1259,22.092,24.344
1260,22.039,24.220
1261,22.019,24.195
1262,22.023,24.195
1263,22.103,24.283
1264,22.055,24.194
1265,21.995,24.101
1266,21.955,24.067
1267,21.964,24.080
1268,21.906,23.986
1269,21.911,23.982
1270,21.915,23.980
1271,21.930,23.999
1272,21.997,24.140
1273,21.914,24.008
1274,21.896,23.996
1275,21.879,23.961
1276,21.879,23.944
1277,21.901,23.972
1278,21.910,23.968
1279,21.900,23.954
1280,21.900,23.969
1281,22.001,24.123
1282,22.009,24.175
1283,22.038,24.192
1284,22.151,24.389
1285,21.990,24.107
1286,21.960,24.050
1287,22.004,24.122
1288,21.954,24.053
1289,22.002,24.107
1290,21.902,23.977
1291,21.997,24.112
1292,22.062,24.241
1293,21.924,23.996
1294,21.907,23.998
1295,21.848,23.898
1296,21.867,23.913
1297,21.858,23.901
1298,21.851,23.895
1299,21.865,23.911
1300,21.887,23.952
1301,21.863,23.922
1302,21.894,23.946
1303,21.894,23.953
1304,21.895,23.939
1305,21.883,23.928
1306,21.887,23.921
1307,21.935,24.018
1308,21.900,23.939
1309,21.891,23.926
1310,21.890,23.933
1311,21.883,23.931
1312,21.906,23.960
1313,21.876,23.934
1314,21.868,23.923
1315,21.852,23.886
1316,21.864,23.878
1317,21.880,23.927
1318,21.874,23.904
1319,21.897,23.962
1320,21.853,23.865
1321,21.830,23.838
1322,21.922,23.982
1323,21.843,23.870
1324,21.867,23.881
1325,21.886,23.943
1326,21.857,23.900
1327,21.854,23.889
1328,21.817,23.825
1329,21.859,23.890
1330,21.825,23.833
1331,21.864,23.913
1332,21.852,23.886
1333,21.851,23.878
1334,21.827,23.823
1335,21.857,23.891
1336,21.813,23.826
1337,21.860,23.902
1338,21.870,23.899
1339,21.833,23.832
1340,21.796,23.782
1341,21.783,23.772
1342,21.798,23.778
1343,21.798,23.774
1344,21.774,23.729
1345,21.803,23.775
1346,21.754,23.694
1347,21.809,23.791
1348,21.797,23.786
1349,21.762,23.702
1350,21.794,23.758
1351,21.721,23.651
1352,21.746,23.676
1353,21.710,23.623
1354,21.739,23.657
1355,21.709,23.613
1356,21.670,23.558
1357,21.677,23.550
1358,21.657,23.540
1359,21.653,23.523
1360,21.628,23.484
1361,21.673,23.550
1362,21.649,23.517
1363,21.654,23.522
1364,21.684,23.565
1365,21.627,23.472
1366,21.620,23.450
1367,21.607,23.429
1368,21.622,23.438
1369,21.579,23.377
1370,21.639,23.449
1371,21.535,23.304
1372,21.571,23.361
1373,21.577,23.381
1374,21.583,23.375
1375,21.575,23.372
1376,21.567,23.348
1377,21.562,23.338
1378,21.512,23.277
1379,21.512,23.257
1380,21.525,23.263
1381,21.535,23.290
1382,21.517,23.267
1383,21.569,23.315
1384,21.565,23.317
1385,21.509,23.230
1386,21.566,23.303
1387,21.612,23.367
1388,21.563,23.295
1389,21.592,23.319
1390,21.599,23.300
1391,21.537,23.222
1392,21.558,23.249
1393,21.591,23.275
1394,21.557,23.226
1395,21.560,23.247
1396,21.598,23.293
1397,21.538,23.206
1398,21.513,23.167
1399,21.545,23.218
1400,21.525,23.206
1401,21.513,23.177
1402,21.519,23.169
1403,21.523,23.177
1404,21.580,23.265
1405,21.593,23.281
1406,21.589,23.288
1407,21.621,23.341
1408,21.583,23.295
1409,21.638,23.375
1410,21.718,23.498
1411,21.636,23.388
1412,21.637,23.363
1413,21.651,23.381
1414,21.690,23.420
1415,21.654,23.397
1416,21.661,23.392
1417,21.602,23.308
1418,21.558,23.256
1419,21.579,23.288
1420,21.524,23.211
1421,21.605,23.334
1422,21.557,23.247
1423,21.507,23.201
1424,21.460,23.113
1425,21.526,23.213
1426,21.490,23.152
1427,21.468,23.124
1428,21.499,23.177
1429,21.492,23.178
1430,21.499,23.166
1431,21.522,23.193
1432,21.512,23.163
1433,21.496,23.157
1434,21.472,23.128
1435,21.465,23.099
1436,21.467,23.124
1437,21.491,23.163
1438,21.468,23.113
1439,21.456,23.104
1440,21.462,23.112
1441,21.495,23.143
1442,21.493,23.135
1443,21.497,23.138
1444,21.455,23.085
1445,21.461,23.105
1446,21.437,23.045
1447,21.467,23.101
1448,21.493,23.127
1449,21.459,23.087
1450,21.447,23.060
1451,21.442,23.045
1452,21.439,23.037
1453,21.439,23.046
1454,21.451,23.057
1455,21.419,23.026
1456,21.426,23.037
1457,21.437,23.050
1458,21.396,22.993
1459,21.425,23.025
1460,21.458,23.076
1461,21.473,23.068
1462,21.459,23.076
1463,21.429,23.014
1464,21.465,23.065
1465,21.493,23.106
1466,21.479,23.079
1467,21.490,23.098
1468,21.488,23.104
1469,21.473,23.082
1470,21.452,23.044
1471,21.454,23.037
1472,21.457,23.022
1473,21.458,23.035
1474,21.404,22.971
1475,21.386,22.938
1476,21.370,22.931
1477,21.376,22.936
1478,21.343,22.883
1479,21.348,22.910
1480,21.336,22.881
1481,21.393,22.950
1482,21.364,22.922
1483,21.375,22.953
1484,21.409,22.993
1485,21.417,22.997
1486,21.433,23.008
1487,21.487,23.090
1488,21.441,23.027
1489,21.495,23.101
1490,21.492,23.103
1491,21.472,23.055
1492,21.477,23.072
1493,21.466,23.064
1494,21.494,23.079
1495,21.538,23.137
1496,21.530,23.141
1497,21.565,23.187
1498,21.556,23.157
1499,21.576,23.181
1500,21.610,23.240
1501,21.624,23.263
1502,21.636,23.280
1503,21.598,23.216
1504,21.606,23.245
1505,21.680,23.364
1506,21.697,23.373
1507,21.712,23.393
1508,21.727,23.401
1509,21.745,23.443
1510,21.750,23.431
1511,21.725,23.400
1512,21.740,23.428
1513,21.739,23.418
1514,21.743,23.426
1515,21.724,23.380
1516,21.784,23.467
1517,21.796,23.490
1518,21.819,23.500
1519,21.808,23.509
1520,21.811,23.502
1521,21.811,23.506
1522,21.832,23.529
1523,21.853,23.556
1524,21.851,23.568
1525,21.865,23.571
1526,21.867,23.585
1527,21.862,23.571
1528,21.890,23.606
1529,21.893,23.598
1530,21.905,23.633
1531,21.926,23.646
1532,21.926,23.662
1533,21.915,23.632
1534,21.919,23.641
1535,21.926,23.647
1536,21.905,23.640
1537,21.899,23.631
1538,21.903,23.631
1539,21.928,23.653
1540,21.912,23.641
1541,21.937,23.668
1542,21.956,23.687
1543,21.991,23.743
1544,21.970,23.708
1545,21.986,23.728
1546,22.006,23.756
1547,22.024,23.806
1548,22.030,23.797
1549,22.021,23.779
1550,22.036,23.793
1551,22.040,23.800
1552,22.043,23.807
1553,22.033,23.806
1554,22.058,23.838
1555,22.081,23.876
1556,22.071,23.858
1557,22.026,23.779
1558,22.019,23.780
1559,22.049,23.810
1560,21.996,23.730
1561,21.995,23.713
1562,22.013,23.754
1563,21.991,23.726
1564,21.978,23.707
1565,21.982,23.716
1566,21.985,23.721
1567,21.980,23.693
1568,21.990,23.700
1569,21.978,23.687
1570,21.988,23.678
1571,21.971,23.651
1572,21.950,23.662
1573,21.954,23.659
1574,21.972,23.690
1575,21.951,23.650
1576,21.954,23.646
1577,21.952,23.643
1578,21.977,23.670
1579,21.972,23.672
1580,21.984,23.687
1581,21.979,23.679
1582,21.972,23.664
1583,21.949,23.640
1584,21.962,23.649
1585,21.987,23.682
1586,21.966,23.655
1587,21.964,23.634
1588,21.952,23.653
1589,21.970,23.658
1590,21.956,23.647
1591,21.948,23.637
1592,21.940,23.631
1593,21.918,23.594
1594,21.933,23.612
1595,21.927,23.609
1596,21.938,23.629
1597,21.953,23.653
1598,21.962,23.671
1599,21.945,23.638
1600,21.966,23.668
1601,21.965,23.665
1602,21.956,23.647
1603,21.934,23.630
1604,21.931,23.617
1605,21.965,23.673
1606,21.961,23.646
1607,21.960,23.652
1608,21.940,23.628
1609,21.962,23.663
1610,21.942,23.633
1611,21.945,23.621
1612,21.943,23.627
1613,21.933,23.610
1614,21.912,23.590
1615,21.931,23.613
1616,21.926,23.598
1617,21.913,23.584
1618,21.912,23.577
1619,21.927,23.598
1620,21.930,23.610
1621,21.934,23.618
1622,21.940,23.620
1623,21.924,23.602
1624,21.923,23.606
1625,21.894,23.558
1626,21.917,23.579
1627,21.915,23.591
1628,21.927,23.611
1629,21.943,23.622
1630,21.917,23.594
1631,21.925,23.592
1632,21.919,23.612
1633,21.912,23.595
1634,21.915,23.572
1635,21.910,23.574
1636,21.895,23.563
1637,21.904,23.586
1638,21.894,23.582
1639,21.893,23.567
1640,21.888,23.553
1641,21.874,23.540
1642,21.900,23.565
1643,21.898,23.560
1644,21.887,23.567
1645,21.900,23.588
1646,21.894,23.578
1647,21.923,23.615
1648,21.879,23.544
1649,21.871,23.548
1650,21.888,23.562
1651,21.910,23.590
1652,21.903,23.585
1653,21.917,23.603
1654,21.918,23.600
1655,21.900,23.582
1656,21.903,23.570
1657,21.910,23.589
1658,21.907,23.579
1659,21.903,23.575
1660,21.909,23.577
1661,21.904,23.580
1662,21.914,23.600
1663,21.915,23.594
1664,21.912,23.581
1665,21.908,23.607
1666,21.890,23.577
1667,21.918,23.605
1668,21.926,23.612
1669,21.927,23.610
1670,21.918,23.604
1671,21.893,23.571
1672,21.898,23.576
1673,21.892,23.569
1674,21.890,23.559
1675,21.867,23.536
1676,21.860,23.536
1677,21.855,23.513
1678,21.834,23.486
1679,21.810,23.449
1680,21.815,23.446
1681,21.789,23.430
1682,21.786,23.405
1683,21.768,23.397
1684,21.764,23.382
1685,21.758,23.372
1686,21.746,23.366
1687,21.747,23.363
1688,21.736,23.356
1689,21.750,23.372
1690,21.751,23.379
1691,21.734,23.352
1692,21.741,23.347
1693,21.729,23.351
1694,21.752,23.369
1695,21.749,23.354
1696,21.766,23.386
1697,21.752,23.359
1698,21.728,23.330
1699,21.732,23.335
1700,21.728,23.333
1701,21.701,23.299
1702,21.688,23.269
1703,21.663,23.241
1704,21.628,23.197
1705,21.604,23.149
1706,21.584,23.140
1707,21.600,23.144
1708,21.587,23.134
1709,21.595,23.145
1710,21.608,23.171
1711,21.632,23.188
1712,21.621,23.180
1713,21.638,23.202
1714,21.659,23.209
1715,21.690,23.269
1716,21.717,23.319
1717,21.737,23.345
1718,21.698,23.295
1719,21.696,23.293
1720,21.729,23.327
1721,21.734,23.344
1722,21.724,23.324
1723,21.734,23.344
1724,21.708,23.304
1725,21.682,23.258
1726,21.707,23.301
1727,21.745,23.359
1728,21.758,23.372
1729,21.834,23.464
1730,21.876,23.529
1731,21.866,23.531
1732,21.892,23.554
1733,21.896,23.593
1734,21.909,23.600
1735,21.907,23.583
1736,21.915,23.593
1737,21.907,23.590
1738,21.912,23.582
1739,21.904,23.580
1740,21.880,23.536
1741,21.891,23.552
1742,21.901,23.567
1743,21.897,23.568
1744,21.879,23.552
1745,21.907,23.574
1746,21.888,23.560
1747,21.877,23.549
1748,21.862,23.525
1749,21.883,23.564
1750,21.889,23.556
1751,21.879,23.547
1752,21.897,23.554
1753,21.875,23.537
1754,21.853,23.510
1755,21.862,23.526
1756,21.862,23.511
1757,21.868,23.555
1758,21.856,23.523
1759,21.866,23.543
1760,21.855,23.518
1761,21.840,23.513
1762,21.851,23.521
1763,21.834,23.506
1764,21.845,23.505
1765,21.850,23.501
1766,21.818,23.484
1767,21.820,23.474
1768,21.839,23.503
1769,21.812,23.466
1770,21.820,23.478
1771,21.843,23.516
1772,21.846,23.506
1773,21.813,23.477
1774,21.812,23.467
1775,21.814,23.475
1776,21.819,23.483
1777,21.794,23.447
1778,21.811,23.464
1779,21.808,23.480
1780,21.805,23.456
1781,21.784,23.445
1782,21.772,23.433
1783,21.800,23.449
1784,21.780,23.446
1785,21.776,23.428
1786,21.802,23.454
1787,21.787,23.457
1788,21.795,23.454
1789,21.765,23.416
1790,21.767,23.427
1791,21.778,23.422
1792,21.783,23.433
1793,21.764,23.429
1794,21.785,23.453
1795,21.770,23.427
1796,21.750,23.405
1797,21.760,23.411
1798,21.751,23.407
1799,21.775,23.413
1800,21.745,23.382
1801,21.769,23.419
1802,21.754,23.400
1803,21.749,23.397
1804,21.760,23.405
1805,21.766,23.399
1806,21.769,23.405
1807,21.761,23.410
1808,21.777,23.433
1809,21.761,23.403
1810,21.757,23.393
1811,21.758,23.395
1812,21.757,23.385
1813,21.762,23.420
1814,21.754,23.398
1815,21.740,23.394
1816,21.757,23.385
1817,21.750,23.392
1818,21.747,23.398
1819,21.785,23.430
1820,21.763,23.408
1821,21.752,23.379
1822,21.770,23.420
1823,21.775,23.426
1824,21.752,23.399
1825,21.754,23.384
1826,21.753,23.395
1827,21.757,23.401
1828,21.727,23.362
1829,21.748,23.400
1830,21.759,23.390
1831,21.747,23.377
1832,21.752,23.397
1833,21.752,23.420
1834,21.749,23.396
1835,21.735,23.392
1836,21.735,23.393
1837,21.745,23.393
1838,21.731,23.369
1839,21.721,23.368
1840,21.727,23.374
1841,21.731,23.369
1842,21.756,23.401
1843,21.709,23.339
1844,21.734,23.379
1845,21.714,23.341
1846,21.733,23.352
1847,21.720,23.366
1848,21.728,23.369
1849,21.704,23.331
1850,21.719,23.335
1851,21.710,23.333
1852,21.706,23.347
1853,21.706,23.340
1854,21.709,23.329
1855,21.703,23.332
1856,21.707,23.325
1857,21.722,23.355
1858,21.709,23.331
1859,21.729,23.363
1860,21.715,23.339
1861,21.722,23.358
1862,21.709,23.333
1863,21.708,23.337
1864,21.714,23.335
1865,21.710,23.326
1866,21.709,23.335
1867,21.698,23.315
1868,21.710,23.335
1869,21.675,23.298
1870,21.695,23.311
1871,21.692,23.318
1872,21.706,23.321
1873,21.692,23.305
1874,21.681,23.296
1875,21.698,23.316
1876,21.692,23.327
1877,21.677,23.304
1878,21.684,23.312
1879,21.681,23.306
1880,21.652,23.265
1881,21.713,23.334
1882,21.683,23.290
1883,21.688,23.300
1884,21.683,23.313
1885,21.674,23.284
1886,21.678,23.285
1887,21.666,23.273
1888,21.664,23.272
1889,21.651,23.248
1890,21.659,23.265
1891,21.662,23.284
1892,21.670,23.285
1893,21.669,23.279
1894,21.667,23.273
1895,21.668,23.276
1896,21.666,23.278
1897,21.668,23.265
1898,21.658,23.265
1899,21.672,23.293
1900,21.662,23.267
1901,21.649,23.246
1902,21.673,23.279
1903,21.684,23.297
1904,21.667,23.274
1905,21.668,23.273
1906,21.680,23.295
1907,21.671,23.288
1908,21.667,23.275
1909,21.680,23.291
1910,21.670,23.276
1911,21.662,23.270
1912,21.663,23.268
1913,21.666,23.294
1914,21.654,23.264
1915,21.662,23.292
1916,21.678,23.296
1917,21.670,23.287
1918,21.709,23.355
1919,21.684,23.318
1920,21.694,23.329
1921,21.685,23.314
1922,21.671,23.289
1923,21.677,23.313
1924,21.665,23.283
1925,21.650,23.280
1926,21.671,23.300
1927,21.659,23.283
1928,21.681,23.318
1929,21.667,23.291
1930,21.668,23.290
1931,21.669,23.300
1932,21.679,23.333
1933,21.688,23.324
1934,21.696,23.344
1935,21.758,23.431
1936,21.745,23.413
1937,21.744,23.423
1938,21.735,23.387
1939,21.734,23.385
1940,21.754,23.423
1941,21.758,23.420
1942,21.737,23.380
1943,21.754,23.412
1944,21.718,23.364
1945,21.727,23.390
1946,21.714,23.345
1947,21.720,23.359
1948,21.730,23.376
1949,21.717,23.362
1950,21.712,23.367
1951,21.728,23.362
1952,21.727,23.375
1953,21.740,23.398
1954,21.741,23.373
1955,21.733,23.376
1956,21.720,23.375
1957,21.744,23.388
1958,21.765,23.425
1959,21.754,23.413
1960,21.777,23.443
