0,14.923,16.736
1,14.938,16.765
2,14.968,16.788
3,15.014,16.846
4,15.020,16.830
5,15.116,16.957
6,15.166,16.985
7,15.170,16.979
8,15.196,17.029
9,15.269,17.109
10,15.298,17.129
11,15.342,17.153
12,15.415,17.249
13,15.451,17.278
14,15.504,17.351
15,15.521,17.333
16,15.443,17.280
17,15.489,17.320
18,15.454,17.286
19,15.405,17.247
20,15.351,17.173
21,15.288,17.102
22,15.261,17.067
23,15.192,16.991
24,15.206,17.050
25,15.219,17.035
26,15.219,17.036
27,15.181,16.996
28,15.060,16.854
29,15.074,16.876
30,15.063,16.870
31,14.985,16.762
32,14.996,16.812
33,14.964,16.755
34,14.965,16.754
35,14.971,16.781
36,15.024,16.857
37,14.969,16.773
38,14.963,16.757
39,14.943,16.749
40,14.961,16.757
41,14.923,16.709
42,14.952,16.745
43,14.911,16.667
44,15.007,16.813
45,15.038,16.850
46,15.029,16.822
47,15.051,16.861
48,15.082,16.894
49,15.120,16.954
50,15.157,17.001
51,15.161,17.032
52,15.054,16.857
53,15.044,16.867
54,15.014,16.826
55,15.076,16.937
56,15.082,16.932
57,15.171,17.012
58,15.228,17.063
59,15.416,17.251
60,15.825,17.805
61,15.801,17.725
62,16.101,18.198
63,15.753,17.630
64,15.711,17.544
65,15.675,17.503
66,15.813,17.704
67,16.006,18.006
68,15.917,17.869
69,15.755,17.616
70,15.668,17.554
71,15.527,17.381
72,15.555,17.471
73,15.420,17.281
74,15.384,17.243
75,15.304,17.146
76,15.402,17.274
77,15.358,17.191
78,15.496,17.388
79,15.553,17.462
80,15.494,17.319
81,15.559,17.398
82,15.697,17.581
83,15.677,17.556
84,15.590,17.404
85,15.678,17.539
86,15.661,17.522
87,15.650,17.489
88,15.517,17.313
89,15.550,17.365
90,15.548,17.390
91,15.669,17.589
92,15.601,17.465
93,15.553,17.387
94,15.581,17.465
95,15.479,17.290
96,15.472,17.286
97,15.618,17.516
98,15.526,17.425
99,15.302,17.097
100,15.384,17.256
101,15.309,17.172
102,15.258,17.131
103,15.246,17.100
104,15.118,16.951
105,15.180,17.064
106,14.974,16.784
107,15.127,17.014
108,15.056,16.903
109,15.105,16.995
110,15.113,16.987
111,15.348,17.379
112,15.180,17.152
113,15.006,16.844
114,15.047,16.917
115,14.998,16.879
116,14.931,16.779
117,14.925,16.778
118,14.842,16.664
119,14.837,16.682
120,14.761,16.579
121,14.703,16.546
122,14.709,16.563
123,14.681,16.559
124,14.653,16.519
125,14.579,16.427
126,14.511,16.354
127,14.660,16.519
128,14.693,16.550
129,14.658,16.487
130,14.768,16.606
131,14.755,16.582
132,14.784,16.628
133,14.813,16.647
134,14.805,16.640
135,14.869,16.746
136,14.778,16.631
137,14.757,16.600
138,14.771,16.615
139,14.735,16.556
140,14.732,16.563
141,14.745,16.577
142,14.702,16.530
143,14.766,16.606
144,14.658,16.461
145,14.805,16.655
146,14.853,16.690
147,14.929,16.783
148,14.829,16.615
149,14.966,16.819
150,15.160,17.002
151,15.288,17.191
152,15.339,17.225
153,15.299,17.149
154,15.345,17.193
155,15.434,17.297
156,15.568,17.450
157,15.520,17.387
158,15.632,17.551
159,15.598,17.479
160,15.709,17.670
161,15.714,17.697
162,15.713,17.654
163,15.632,17.543
164,15.617,17.538
165,15.662,17.599
166,15.613,17.545
167,15.605,17.549
168,15.649,17.603
169,15.658,17.581
170,15.680,17.615
171,15.684,17.615
172,15.616,17.485
173,15.754,17.698
174,15.717,17.654
175,15.716,17.659
176,15.688,17.611
177,15.649,17.549
178,15.662,17.567
179,15.659,17.569
180,15.635,17.550
181,15.592,17.487
182,15.629,17.505
183,15.605,17.480
184,15.583,17.458
185,15.561,17.437
186,15.575,17.463
187,15.554,17.426
188,15.519,17.401
189,15.522,17.399
190,15.506,17.381
191,15.486,17.355
192,15.456,17.341
193,15.441,17.321
194,15.393,17.254
195,15.396,17.282
196,15.411,17.300
197,15.405,17.301
198,15.417,17.313
199,15.386,17.279
200,15.403,17.285
201,15.369,17.253
202,15.352,17.246
203,15.346,17.230
204,15.269,17.138
205,15.275,17.147
206,15.205,17.064
207,15.184,17.050
208,15.137,16.996
209,15.102,16.962
210,15.058,16.912
211,15.018,16.872
212,14.943,16.800
213,14.915,16.768
214,14.869,16.722
215,14.850,16.736
216,14.729,16.595
217,14.714,16.611
218,14.642,16.499
219,14.611,16.499
220,14.584,16.455
221,14.533,16.408
222,14.494,16.385
223,14.459,16.351
224,14.437,16.316
225,14.388,16.270
226,14.383,16.252
227,14.336,16.206
228,14.331,16.208
229,14.311,16.192
230,14.308,16.192
231,14.244,16.113
232,14.246,16.101
233,14.239,16.096
234,14.213,16.055
235,14.367,16.218
236,14.343,16.193
237,14.352,16.202
238,14.270,16.130
239,14.190,16.031
240,14.169,16.010
241,14.252,16.107
242,14.334,16.215
243,14.324,16.192
244,14.417,16.294
245,14.459,16.310
246,14.393,16.197
247,14.356,16.160
248,14.429,16.267
249,14.359,16.193
250,14.356,16.193
251,14.317,16.144
252,14.287,16.113
253,14.302,16.135
254,14.309,16.146
255,14.291,16.109
256,14.279,16.105
257,14.266,16.093
258,14.232,16.045
259,14.209,16.021
260,14.220,16.036
261,14.197,16.029
262,14.309,16.135
263,14.354,16.172
264,14.494,16.319
265,14.480,16.320
266,14.536,16.385
267,14.607,16.445
268,14.710,16.552
269,14.796,16.649
270,14.904,16.763
271,15.001,16.874
272,15.154,17.028
273,15.205,17.099
274,15.093,16.948
275,15.142,17.014
276,15.197,17.071
277,15.153,17.034
278,15.166,17.044
279,15.065,16.887
280,14.949,16.769
281,14.995,16.804
282,15.017,16.847
283,15.018,16.827
284,15.065,16.900
285,15.033,16.856
286,15.022,16.831
287,15.026,16.847
288,14.992,16.821
289,14.988,16.832
290,15.020,16.862
291,15.086,16.992
292,15.099,17.007
293,15.083,16.990
294,15.116,17.020
295,15.072,16.968
296,15.007,16.892
297,15.006,16.891
298,14.971,16.825
299,14.997,16.884
300,14.992,16.859
301,14.956,16.791
302,14.978,16.827
303,14.879,16.671
304,15.008,16.878
305,14.997,16.874
306,14.930,16.774
307,14.925,16.789
308,14.922,16.776
309,14.901,16.741
310,14.875,16.722
311,14.892,16.747
312,14.867,16.726
313,14.864,16.718
314,14.831,16.661
315,14.842,16.684
316,14.819,16.658
317,14.789,16.622
318,14.740,16.579
319,14.713,16.534
320,14.682,16.513
321,14.622,16.397
322,14.600,16.355
323,14.549,16.300
324,14.536,16.302
325,14.512,16.271
326,14.508,16.266
327,14.573,16.401
328,14.510,16.301
329,14.480,16.277
330,14.425,16.226
331,14.414,16.189
332,14.391,16.200
333,14.323,16.117
334,14.314,16.098
335,14.269,16.041
336,14.254,16.032
337,14.220,15.991
338,14.203,15.964
339,14.182,15.960
340,14.129,15.879
341,14.104,15.856
342,14.106,15.861
343,14.057,15.793
344,14.118,15.881
345,14.096,15.863
346,14.045,15.791
347,13.976,15.701
348,14.042,15.779
349,14.022,15.766
350,14.014,15.759
351,13.964,15.716
352,13.898,15.622
353,13.930,15.669
354,13.928,15.678
355,13.818,15.499
356,13.774,15.469
357,13.779,15.469
358,13.944,15.654
359,13.993,15.717
360,14.022,15.747
361,13.989,15.701
362,13.963,15.670
363,13.980,15.692
364,13.987,15.697
365,14.026,15.740
366,13.943,15.607
367,14.028,15.698
368,14.043,15.712
369,14.054,15.722
370,14.068,15.758
371,14.049,15.716
372,14.041,15.698
373,14.068,15.738
374,14.050,15.721
375,14.072,15.763
376,14.057,15.758
377,14.026,15.696
378,14.051,15.738
379,14.033,15.728
380,14.026,15.709
381,14.063,15.767
382,14.054,15.752
383,14.140,15.868
384,14.107,15.811
385,14.189,15.917
386,14.229,15.961
387,14.220,15.950
388,14.267,16.001
389,14.268,15.979
390,14.254,15.969
391,14.327,16.032
392,14.402,16.168
393,14.429,16.197
394,14.407,16.188
395,14.300,16.025
396,14.314,16.073
397,14.335,16.110
398,14.357,16.114
399,14.389,16.168
400,14.392,16.178
401,14.329,16.058
402,14.299,16.021
403,14.399,16.174
404,14.371,16.125
405,14.395,16.169
406,14.388,16.159
407,14.418,16.195
408,14.396,16.159
409,14.380,16.125
410,14.331,16.059
411,14.426,16.236
412,14.423,16.214
413,14.417,16.212
414,14.330,16.094
415,14.366,16.156
416,14.381,16.182
417,14.306,16.096
418,14.343,16.167
419,14.339,16.140
420,14.377,16.212
421,14.377,16.214
422,14.264,16.018
423,14.372,16.187
424,14.236,15.975
425,14.360,16.176
426,14.377,16.180
427,14.405,16.220
428,14.393,16.207
429,14.443,16.276
430,14.422,16.229
431,14.461,16.288
432,14.439,16.265
433,14.423,16.219
434,14.458,16.272
435,14.415,16.224
436,14.397,16.217
437,14.395,16.210
438,14.383,16.206
439,14.390,16.191
440,14.416,16.247
441,14.343,16.128
442,14.332,16.093
443,14.363,16.131
444,14.345,16.098
445,14.372,16.120
446,14.368,16.106
447,14.380,16.126
448,14.439,16.193
449,14.497,16.303
450,14.514,16.340
451,14.529,16.321
452,14.535,16.347
453,14.544,16.352
454,14.556,16.368
455,14.547,16.365
456,14.529,16.338
457,14.452,16.202
458,14.437,16.204
459,14.406,16.167
460,14.426,16.219
461,14.401,16.169
462,14.424,16.209
463,14.418,16.180
464,14.414,16.180
465,14.443,16.213
466,14.449,16.213
467,14.459,16.220
468,14.459,16.205
469,14.491,16.272
470,14.491,16.247
471,14.462,16.219
472,14.489,16.229
473,14.557,16.327
474,14.557,16.299
475,14.721,16.573
476,14.707,16.545
477,14.706,16.518
478,14.699,16.514
479,14.660,16.459
480,14.660,16.447
481,14.724,16.549
482,14.695,16.506
483,14.707,16.515
484,14.695,16.502
485,14.706,16.514
486,14.663,16.477
487,14.686,16.498
488,14.694,16.524
489,14.675,16.487
490,14.691,16.483
491,14.668,16.470
492,14.710,16.530
493,14.713,16.503
494,14.737,16.551
495,14.736,16.532
496,14.756,16.563
497,14.748,16.524
498,14.779,16.580
499,14.745,16.527
500,14.737,16.521
501,14.734,16.531
502,14.716,16.503
503,14.717,16.522
504,14.731,16.547
505,14.709,16.508
506,14.744,16.546
507,14.776,16.579
508,14.756,16.548
509,14.741,16.530
510,14.798,16.595
511,14.774,16.559
512,14.804,16.595
513,14.790,16.590
514,14.788,16.575
515,14.792,16.581
516,14.811,16.606
517,14.805,16.605
518,14.830,16.648
519,14.833,16.650
520,14.797,16.625
521,14.749,16.550
522,14.712,16.531
523,14.678,16.498
524,14.638,16.431
525,14.632,16.452
526,14.595,16.400
527,14.615,16.430
528,14.639,16.424
529,14.625,16.442
530,14.553,16.343
531,14.582,16.381
532,14.578,16.363
533,14.637,16.448
534,14.625,16.442
535,14.646,16.472
536,14.649,16.489
537,14.654,16.493
538,14.689,16.526
539,14.595,16.387
540,14.583,16.386
541,14.611,16.450
542,14.551,16.348
543,14.586,16.413
544,14.590,16.428
545,14.617,16.465
546,14.616,16.455
547,14.666,16.522
548,14.654,16.471
549,14.755,16.619
550,14.709,16.525
551,14.806,16.673
552,14.807,16.654
553,14.842,16.680
554,14.874,16.725
555,14.894,16.750
556,14.888,16.731
557,14.873,16.695
558,14.865,16.685
559,14.909,16.760
560,14.917,16.771
561,14.931,16.782
562,14.934,16.796
563,14.925,16.789
564,14.857,16.677
565,14.819,16.618
566,14.891,16.748
567,14.852,16.699
568,14.884,16.734
569,14.808,16.648
570,14.795,16.615
571,14.717,16.510
572,14.821,16.663
573,14.804,16.660
574,14.792,16.613
575,14.777,16.597
576,14.801,16.624
577,14.732,16.540
578,14.715,16.533
579,14.689,16.481
580,14.742,16.549
581,14.684,16.462
582,14.737,16.547
583,14.708,16.510
584,14.715,16.501
585,14.766,16.586
586,14.749,16.562
587,14.759,16.579
588,14.711,16.523
589,14.776,16.581
590,14.733,16.527
591,14.761,16.571
592,14.749,16.559
593,14.784,16.599
594,14.762,16.562
595,14.799,16.603
596,14.804,16.619
597,14.803,16.616
598,14.823,16.650
599,14.862,16.694
600,14.809,16.619
601,14.734,16.558
602,14.634,16.460
603,14.579,16.409
604,14.600,16.435
605,14.649,16.503
606,14.663,16.519
607,14.695,16.565
608,14.706,16.566
609,14.654,16.497
610,14.590,16.459
611,14.559,16.431
612,14.481,16.351
613,14.449,16.326
614,14.443,16.303
615,14.458,16.327
616,14.422,16.274
617,14.427,16.298
618,14.424,16.277
619,14.416,16.265
620,14.425,16.276
621,14.434,16.284
622,14.405,16.238
623,14.413,16.254
624,14.403,16.218
625,14.380,16.197
626,14.333,16.120
627,14.362,16.183
628,14.300,16.090
629,14.345,16.157
630,14.352,16.135
631,14.301,16.073
632,14.340,16.139
633,14.332,16.118
634,14.361,16.174
635,14.347,16.123
636,14.411,16.221
637,14.420,16.234
638,14.470,16.293
639,14.449,16.261
640,14.478,16.294
641,14.517,16.335
642,14.541,16.390
643,14.520,16.333
644,14.555,16.384
645,14.592,16.422
646,14.609,16.430
647,14.674,16.542
648,14.664,16.501
649,14.714,16.569
650,14.780,16.638
651,14.798,16.643
652,14.776,16.631
653,14.720,16.568
654,14.664,16.534
655,14.599,16.473
656,14.634,16.540
657,14.628,16.492
658,14.680,16.565
659,14.711,16.580
660,14.808,16.714
661,14.784,16.699
662,14.645,16.522
663,14.551,16.439
664,14.502,16.396
665,14.469,16.364
666,14.463,16.355
667,14.423,16.292
668,14.418,16.278
669,14.431,16.316
670,14.448,16.318
671,14.457,16.344
672,14.477,16.356
673,14.500,16.382
674,14.559,16.465
675,14.554,16.443
676,14.558,16.432
677,14.588,16.451
678,14.591,16.480
679,14.596,16.480
680,14.636,16.523
681,14.650,16.534
682,14.676,16.582
683,14.690,16.599
684,14.674,16.557
685,14.703,16.620
686,14.678,16.554
687,14.596,16.428
688,14.564,16.372
689,14.560,16.382
690,14.635,16.503
691,14.594,16.462
692,14.592,16.451
693,14.559,16.396
694,14.562,16.399
695,14.505,16.345
696,14.510,16.340
697,14.457,16.256
698,14.420,16.219
699,14.391,16.189
700,14.419,16.235
701,14.420,16.221
702,14.478,16.301
703,14.425,16.208
704,14.445,16.255
705,14.441,16.246
706,14.475,16.301
707,14.363,16.167
708,14.393,16.226
709,14.378,16.216
710,14.345,16.184
711,14.313,16.145
712,14.355,16.178
713,14.325,16.138
714,14.412,16.244
715,14.414,16.247
716,14.376,16.199
717,14.388,16.214
718,14.395,16.225
719,14.399,16.229
720,14.414,16.262
721,14.428,16.247
722,14.408,16.226
723,14.420,16.239
724,14.385,16.204
725,14.345,16.155
726,14.312,16.108
727,14.294,16.100
728,14.275,16.105
729,14.302,16.146
730,14.315,16.163
731,14.345,16.175
732,14.331,16.167
733,14.360,16.170
734,14.397,16.207
735,14.398,16.222
736,14.424,16.256
737,14.409,16.245
738,14.468,16.317
739,14.475,16.304
740,14.500,16.332
741,14.508,16.332
742,14.506,16.330
743,14.535,16.358
744,14.520,16.346
745,14.487,16.312
746,14.485,16.330
747,14.473,16.297
748,14.486,16.303
749,14.486,16.320
750,14.499,16.321
751,14.524,16.345
752,14.515,16.319
753,14.504,16.301
754,14.515,16.295
755,14.522,16.313
756,14.545,16.353
757,14.567,16.349
758,14.609,16.408
759,14.680,16.495
760,14.649,16.459
761,14.658,16.458
762,14.646,16.443
763,14.618,16.398
764,14.634,16.440
765,14.654,16.445
766,14.657,16.445
767,14.690,16.495
768,14.694,16.483
769,14.735,16.531
770,14.756,16.558
771,14.776,16.562
772,14.776,16.548
773,14.802,16.595
774,14.788,16.559
775,14.809,16.584
776,14.816,16.564
777,14.816,16.570
778,14.834,16.618
779,14.782,16.532
780,14.786,16.543
781,14.770,16.534
782,14.750,16.530
783,14.742,16.510
784,14.769,16.557
785,14.778,16.539
786,14.775,16.535
787,14.778,16.535
788,14.767,16.506
789,14.747,16.479
790,14.786,16.512
791,14.821,16.568
792,14.800,16.535
793,14.821,16.555
794,14.821,16.581
795,14.797,16.536
796,14.784,16.520
797,14.776,16.551
798,14.790,16.551
799,14.778,16.543
800,14.759,16.531
801,14.753,16.528
802,14.765,16.559
803,14.649,16.368
804,14.719,16.479
805,14.730,16.495
806,14.751,16.521
807,14.775,16.560
808,14.818,16.583
809,14.855,16.651
810,14.891,16.664
811,14.835,16.592
812,14.947,16.753
813,14.974,16.766
814,14.967,16.780
815,14.979,16.765
816,15.044,16.854
817,14.916,16.728
818,14.906,16.719
819,14.910,16.740
820,14.970,16.802
821,14.916,16.735
822,14.856,16.607
823,14.868,16.649
824,14.903,16.705
825,14.937,16.718
826,14.881,16.653
827,14.835,16.598
828,14.881,16.694
829,14.863,16.673
830,14.855,16.643
831,14.760,16.507
832,14.849,16.653
833,14.849,16.643
834,14.780,16.565
835,14.754,16.540
836,14.754,16.556
837,14.718,16.503
838,14.726,16.512
839,14.742,16.537
840,14.688,16.480
841,14.690,16.462
842,14.735,16.543
843,14.708,16.488
844,14.720,16.508
845,14.767,16.579
846,14.746,16.543
847,14.754,16.542
848,14.814,16.628
849,14.787,16.594
850,14.835,16.649
851,14.890,16.719
852,14.900,16.733
853,14.879,16.720
854,14.843,16.688
855,14.812,16.643
856,14.779,16.630
857,14.706,16.555
858,14.684,16.555
859,14.725,16.553
860,14.757,16.638
861,14.762,16.627
862,14.753,16.623
863,14.759,16.630
864,14.746,16.617
865,14.788,16.661
866,14.829,16.720
867,14.908,16.794
868,14.870,16.758
869,14.815,16.693
870,14.796,16.676
871,14.744,16.617
872,14.709,16.564
873,14.688,16.559
874,14.822,16.694
875,14.734,16.608
876,14.732,16.606
877,14.721,16.610
878,14.726,16.599
879,14.735,16.614
880,14.703,16.566
881,14.754,16.631
882,14.737,16.591
883,14.709,16.564
884,14.740,16.585
885,14.728,16.586
886,14.755,16.610
887,14.735,16.585
888,14.746,16.611
889,14.716,16.567
890,14.744,16.613
891,14.724,16.576
892,14.740,16.569
893,14.747,16.589
894,14.728,16.573
895,14.751,16.596
896,14.751,16.578
897,14.766,16.595
898,14.745,16.563
899,14.774,16.618
900,14.785,16.625
901,14.762,16.605
902,14.784,16.617
903,14.764,16.608
904,14.794,16.608
905,14.803,16.619
906,14.805,16.622
907,14.779,16.579
908,14.830,16.627
909,14.847,16.640
910,14.881,16.689
911,14.962,16.779
912,14.997,16.804
913,15.053,16.886
914,15.069,16.896
915,15.110,16.932
916,15.136,16.953
917,15.139,16.956
918,15.175,16.995
919,15.212,17.036
920,15.240,17.076
921,15.255,17.090
922,15.158,16.974
923,15.157,16.981
924,15.156,16.982
925,15.204,17.026
926,15.216,17.030
927,15.260,17.100
928,15.302,17.124
929,15.318,17.144
930,15.332,17.154
931,15.236,17.060
932,15.240,17.068
933,15.210,17.038
934,15.266,17.093
935,15.301,17.126
936,15.308,17.155
937,15.312,17.149
938,15.284,17.117
939,15.269,17.091
940,15.287,17.107
941,15.308,17.130
942,15.296,17.117
943,15.296,17.119
944,15.305,17.134
945,15.329,17.146
946,15.283,17.099
947,15.282,17.098
948,15.292,17.128
949,15.329,17.181
950,15.310,17.133
951,15.307,17.132
952,15.308,17.145
953,15.311,17.127
954,15.322,17.139
955,15.294,17.110
956,15.313,17.142
957,15.310,17.130
958,15.308,17.144
959,15.309,17.139
960,15.332,17.161
961,15.314,17.134
962,15.316,17.152
963,15.321,17.167
964,15.321,17.135
965,15.272,17.104
966,15.320,17.144
967,15.288,17.126
968,15.305,17.141
969,15.292,17.101
970,15.296,17.119
971,15.312,17.144
972,15.291,17.126
973,15.321,17.184
974,15.330,17.170
975,15.308,17.129
976,15.324,17.154
977,15.322,17.156
978,15.331,17.158
979,15.334,17.160
980,15.315,17.145
981,15.336,17.160
982,15.341,17.163
983,15.343,17.169
984,15.323,17.136
985,15.322,17.145
986,15.314,17.121
987,15.303,17.120
988,15.265,17.088
989,15.281,17.093
990,15.267,17.096
991,15.232,17.045
992,15.229,17.060
993,15.230,17.081
994,15.187,17.019
995,15.187,17.016
996,15.181,17.013
997,15.142,16.985
998,15.100,16.929
999,15.085,16.934
1000,15.066,16.896
1001,15.037,16.875
1002,14.997,16.828
1003,14.991,16.807
1004,15.006,16.842
1005,14.979,16.798
1006,14.979,16.806
1007,14.946,16.762
1008,14.930,16.743
1009,14.937,16.743
1010,14.894,16.697
1011,14.894,16.700
1012,14.854,16.665
1013,14.892,16.711
1014,14.881,16.688
1015,14.932,16.738
1016,14.928,16.724
1017,14.928,16.747
1018,14.918,16.737
1019,14.911,16.723
1020,14.937,16.754
1021,15.080,16.895
1022,15.136,16.949
1023,15.122,16.950
1024,15.089,16.899
1025,15.105,16.922
1026,15.108,16.943
1027,15.083,16.901
1028,15.119,16.944
1029,15.113,16.941
1030,15.116,16.951
1031,15.108,16.937
1032,15.114,16.932
1033,15.109,16.943
1034,15.100,16.917
1035,15.094,16.909
1036,15.107,16.913
1037,15.103,16.908
1038,15.151,16.963
1039,15.192,17.003
1040,15.207,17.023
1041,15.179,16.984
1042,15.231,17.030
1043,15.179,16.971
1044,15.145,16.939
1045,15.157,16.974
1046,15.142,16.959
1047,15.156,16.983
1048,15.158,16.975
1049,15.222,17.048
1050,15.201,17.036
1051,15.215,17.042
1052,15.206,17.029
1053,15.214,17.026
1054,15.233,17.044
1055,15.207,17.016
1056,15.230,17.025
1057,15.233,17.030
1058,15.288,17.098
1059,15.347,17.167
1060,15.365,17.184
1061,15.333,17.162
1062,15.377,17.203
1063,15.357,17.177
1064,15.387,17.206
1065,15.395,17.223
1066,15.399,17.239
1067,15.419,17.239
1068,15.375,17.198
1069,15.384,17.221
1070,15.392,17.237
1071,15.393,17.228
1072,15.404,17.251
1073,15.398,17.228
1074,15.392,17.226
1075,15.377,17.216
1076,15.382,17.224
1077,15.368,17.201
1078,15.412,17.251
1079,15.358,17.175
1080,15.342,17.171
1081,15.379,17.196
1082,15.412,17.245
1083,15.373,17.192
1084,15.365,17.197
1085,15.383,17.201
1086,15.385,17.188
1087,15.416,17.229
1088,15.447,17.274
1089,15.442,17.266
1090,15.459,17.268
1091,15.453,17.253
1092,15.457,17.264
1093,15.454,17.258
1094,15.437,17.210
1095,15.451,17.231
1096,15.415,17.186
1097,15.418,17.165
1098,15.421,17.175
1099,15.441,17.200
1100,15.453,17.195
1101,15.462,17.207
1102,15.429,17.180
1103,15.462,17.229
1104,15.441,17.166
1105,15.446,17.184
1106,15.456,17.176
1107,15.450,17.169
1108,15.451,17.169
1109,15.417,17.136
1110,15.393,17.128
1111,15.405,17.127
1112,15.425,17.144
1113,15.430,17.172
1114,15.436,17.172
1115,15.414,17.141
1116,15.376,17.116
1117,15.406,17.136
1118,15.406,17.141
1119,15.387,17.116
1120,15.402,17.148
1121,15.405,17.141
1122,15.388,17.122
1123,15.390,17.122
1124,15.372,17.088
1125,15.360,17.073
1126,15.360,17.063
1127,15.377,17.081
1128,15.369,17.083
1129,15.365,17.072
1130,15.350,17.045
1131,15.371,17.075
1132,15.358,17.064
1133,15.382,17.085
1134,15.382,17.099
1135,15.385,17.096
1136,15.366,17.071
1137,15.377,17.085
1138,15.395,17.122
1139,15.379,17.085
1140,15.399,17.114
1141,15.377,17.100
1142,15.399,17.114
1143,15.427,17.154
1144,15.401,17.122
1145,15.447,17.172
1146,15.458,17.181
1147,15.456,17.181
1148,15.458,17.198
1149,15.495,17.247
1150,15.468,17.199
1151,15.501,17.241
1152,15.466,17.196
1153,15.449,17.166
1154,15.464,17.197
1155,15.461,17.202
1156,15.481,17.216
1157,15.492,17.221
1158,15.515,17.258
1159,15.515,17.257
1160,15.489,17.231
1161,15.490,17.210
1162,15.489,17.214
1163,15.472,17.191
1164,15.479,17.202
1165,15.502,17.241
1166,15.469,17.189
1167,15.474,17.204
1168,15.459,17.197
1169,15.480,17.221
1170,15.478,17.192
1171,15.494,17.213
1172,15.478,17.208
1173,15.478,17.194
1174,15.497,17.211
1175,15.481,17.189
1176,15.491,17.207
1177,15.491,17.201
1178,15.495,17.200
1179,15.496,17.215
1180,15.492,17.192
1181,15.517,17.213
1182,15.520,17.222
1183,15.523,17.221
1184,15.517,17.222
1185,15.524,17.227
1186,15.504,17.193
1187,15.502,17.186
1188,15.516,17.202
1189,15.532,17.224
1190,15.556,17.252
1191,15.533,17.218
1192,15.570,17.255
1193,15.563,17.254
1194,15.591,17.295
1195,15.550,17.239
1196,15.570,17.258
1197,15.566,17.254
1198,15.562,17.255
1199,15.525,17.217
1200,15.521,17.215
1201,15.536,17.231
1202,15.545,17.242
1203,15.550,17.232
1204,15.542,17.232
1205,15.560,17.247
1206,15.568,17.260
1207,15.549,17.239
1208,15.539,17.236
1209,15.548,17.242
1210,15.532,17.224
1211,15.517,17.202
1212,15.537,17.229
1213,15.513,17.218
1214,15.500,17.195
1215,15.539,17.239
1216,15.516,17.211
1217,15.512,17.216
1218,15.492,17.182
1219,15.510,17.193
1220,15.483,17.159
1221,15.499,17.188
1222,15.498,17.184
1223,15.481,17.170
1224,15.472,17.170
1225,15.481,17.187
1226,15.487,17.168
1227,15.450,17.142
1228,15.493,17.175
1229,15.478,17.165
1230,15.481,17.171
1231,15.496,17.177
1232,15.495,17.180
1233,15.492,17.176
1234,15.497,17.193
1235,15.490,17.178
1236,15.497,17.183
1237,15.493,17.187
1238,15.501,17.191
1239,15.503,17.184
1240,15.498,17.186
1241,15.506,17.203
1242,15.507,17.199
1243,15.510,17.214
1244,15.515,17.214
1245,15.523,17.234
1246,15.520,17.223
1247,15.534,17.237
1248,15.499,17.209
1249,15.511,17.203
1250,15.520,17.213
1251,15.485,17.177
1252,15.507,17.222
1253,15.526,17.230
1254,15.498,17.199
1255,15.493,17.187
1256,15.486,17.176
1257,15.476,17.167
1258,15.475,17.172
1259,15.471,17.147
1260,15.461,17.152
1261,15.470,17.169
1262,15.464,17.155
1263,15.515,17.225
1264,15.479,17.166
1265,15.495,17.203
1266,15.478,17.172
1267,15.470,17.165
1268,15.447,17.143
1269,15.462,17.135
1270,15.460,17.156
1271,15.455,17.142
1272,15.474,17.164
1273,15.460,17.164
1274,15.437,17.118
1275,15.427,17.111
1276,15.429,17.121
1277,15.449,17.138
1278,15.449,17.144
1279,15.432,17.125
1280,15.420,17.104
1281,15.412,17.093
1282,15.397,17.076
1283,15.408,17.097
1284,15.395,17.072
1285,15.368,17.043
1286,15.362,17.034
1287,15.325,17.004
1288,15.315,16.987
1289,15.304,16.982
1290,15.290,16.970
1291,15.273,16.949
1292,15.266,16.930
1293,15.237,16.908
1294,15.238,16.890
1295,15.260,16.932
1296,15.244,16.914
1297,15.233,16.895
1298,15.229,16.892
1299,15.228,16.880
1300,15.241,16.922
1301,15.211,16.882
1302,15.211,16.886
1303,15.203,16.882
1304,15.217,16.892
1305,15.217,16.885
1306,15.090,16.712
1307,15.051,16.654
1308,15.059,16.662
1309,15.192,16.872
1310,15.058,16.663
1311,15.066,16.671
1312,15.022,16.619
1313,15.024,16.645
1314,15.016,16.638
1315,15.046,16.669
1316,15.034,16.652
1317,15.049,16.664
1318,15.002,16.618
1319,15.020,16.643
1320,15.026,16.638
1321,15.034,16.653
1322,15.068,16.684
1323,15.053,16.675
1324,15.058,16.689
1325,15.072,16.695
1326,15.065,16.699
1327,15.093,16.739
1328,15.052,16.675
1329,15.056,16.698
1330,15.031,16.663
1331,15.037,16.664
1332,15.030,16.662
1333,15.033,16.681
1334,15.025,16.670
1335,15.042,16.687
1336,15.029,16.670
1337,15.044,16.708
1338,15.060,16.720
1339,15.065,16.732
1340,15.053,16.701
1341,15.040,16.680
1342,15.057,16.709
1343,15.038,16.686
1344,15.006,16.644
1345,15.024,16.673
1346,15.012,16.668
1347,15.003,16.653
1348,14.995,16.637
1349,14.980,16.624
1350,14.954,16.591
1351,14.949,16.586
1352,14.932,16.569
1353,15.051,16.755
1354,14.869,16.514
1355,14.880,16.524
1356,14.864,16.510
1357,14.993,16.680
1358,14.986,16.694
1359,14.980,16.686
1360,14.971,16.676
1361,14.946,16.649
1362,14.974,16.675
1363,14.965,16.665
1364,14.980,16.686
1365,14.973,16.678
1366,14.991,16.688
1367,14.974,16.663
1368,14.989,16.696
1369,14.997,16.710
1370,15.009,16.717
1371,15.006,16.702
1372,15.015,16.712
1373,15.024,16.705
1374,15.010,16.682
1375,15.043,16.731
1376,15.051,16.755
1377,15.064,16.753
1378,15.056,16.753
1379,15.076,16.791
1380,15.076,16.768
1381,15.093,16.796
1382,15.103,16.812
1383,15.083,16.763
1384,15.119,16.821
1385,15.132,16.825
1386,15.128,16.835
1387,15.151,16.844
1388,15.131,16.831
1389,15.140,16.837
1390,15.145,16.833
1391,15.121,16.819
1392,15.125,16.813
1393,15.119,16.809
1394,15.139,16.804
1395,15.125,16.792
1396,15.126,16.796
1397,15.108,16.782
1398,15.118,16.792
1399,15.131,16.801
1400,15.104,16.762
1401,15.128,16.788
1402,15.144,16.817
1403,15.122,16.784
1404,15.150,16.829
1405,15.131,16.806
1406,15.170,16.842
1407,15.168,16.852
1408,15.196,16.878
1409,15.180,16.854
1410,15.180,16.862
1411,15.202,16.891
1412,15.191,16.868
1413,15.201,16.876
1414,15.219,16.903
1415,15.215,16.918
1416,15.209,16.896
1417,15.215,16.880
1418,15.214,16.894
1419,15.220,16.905
1420,15.206,16.882
1421,15.227,16.922
1422,15.227,16.933
1423,15.221,16.912
1424,15.211,16.896
1425,15.232,16.932
1426,15.211,16.908
1427,15.208,16.900
1428,15.203,16.880
1429,15.199,16.886
1430,15.230,16.944
1431,15.202,16.905
1432,15.195,16.895
1433,15.200,16.913
1434,15.194,16.904
1435,15.216,16.922
1436,15.166,16.859
1437,15.197,16.894
1438,15.182,16.889
1439,15.155,16.864
1440,15.192,16.896
1441,15.194,16.896
1442,15.188,16.905
1443,15.191,16.901
1444,15.175,16.874
1445,15.184,16.900
1446,15.177,16.880
1447,15.181,16.877
1448,15.168,16.862
1449,15.191,16.902
1450,15.191,16.888
1451,15.210,16.910
1452,15.203,16.899
1453,15.221,16.936
1454,15.230,16.931
1455,15.243,16.954
1456,15.224,16.935
1457,15.244,16.938
1458,15.241,16.935
1459,15.246,16.942
1460,15.267,16.953
1461,15.263,16.958
1462,15.262,16.970
1463,15.258,16.950
1464,15.242,16.946
1465,15.255,16.948
1466,15.261,16.957
1467,15.261,16.960
1468,15.242,16.947
1469,15.261,16.949
1470,15.248,16.950
1471,15.247,16.943
1472,15.240,16.927
1473,15.238,16.938
1474,15.227,16.915
1475,15.242,16.948
1476,15.238,16.938
1477,15.232,16.924
1478,15.244,16.951
1479,15.234,16.924
1480,15.239,16.925
1481,15.228,16.924
1482,15.214,16.913
1483,15.220,16.923
1484,15.209,16.902
1485,15.225,16.916
1486,15.239,16.933
1487,15.212,16.905
1488,15.224,16.912
1489,15.223,16.901
1490,15.217,16.914
1491,15.236,16.930
1492,15.217,16.920
1493,15.218,16.898
1494,15.216,16.899
1495,15.226,16.919
1496,15.224,16.916
1497,15.228,16.932
1498,15.196,16.893
1499,15.211,16.903
1500,15.231,16.926
1501,15.218,16.911
1502,15.184,16.868
1503,15.195,16.896
1504,15.193,16.899
1505,15.220,16.917
1506,15.187,16.889
1507,15.209,16.899
1508,15.225,16.916
1509,15.224,16.925
1510,15.205,16.897
1511,15.237,16.948
1512,15.215,16.903
1513,15.211,16.908
1514,15.214,16.915
1515,15.211,16.908
1516,15.242,16.953
1517,15.210,16.912
1518,15.227,16.919
1519,15.225,16.930
1520,15.223,16.924
1521,15.204,16.909
1522,15.221,16.936
1523,15.215,16.913
1524,15.207,16.916
1525,15.200,16.905
1526,15.220,16.917
1527,15.202,16.912
1528,15.215,16.938
1529,15.204,16.905
1530,15.213,16.913
1531,15.213,16.921
1532,15.192,16.893
1533,15.215,16.913
1534,15.208,16.913
1535,15.203,16.909
1536,15.194,16.882
1537,15.208,16.916
1538,15.219,16.920
1539,15.222,16.938
1540,15.228,16.927
1541,15.220,16.923
1542,15.215,16.934
1543,15.241,16.933
1544,15.252,16.956
1545,15.221,16.923
1546,15.231,16.943
1547,15.223,16.932
1548,15.253,16.954
1549,15.249,16.959
1550,15.268,16.975
1551,15.239,16.953
1552,15.251,16.939
1553,15.264,16.979
1554,15.260,16.973
1555,15.232,16.932
1556,15.250,16.972
1557,15.240,16.964
1558,15.261,16.980
1559,15.245,16.951
1560,15.263,16.988
1561,15.250,16.970
1562,15.234,16.941
1563,15.239,16.945
1564,15.246,16.959
1565,15.250,16.965
1566,15.270,16.977
1567,15.281,17.006
1568,15.268,16.989
1569,15.266,16.969
1570,15.282,17.003
1571,15.266,16.969
1572,15.282,16.980
1573,15.273,16.989
1574,15.257,16.963
1575,15.272,16.983
1576,15.280,16.987
1577,15.304,17.025
1578,15.297,17.017
1579,15.305,17.014
1580,15.303,17.014
1581,15.293,17.008
1582,15.281,16.984
1583,15.287,16.992
1584,15.286,16.992
1585,15.290,16.993
1586,15.269,16.946
1587,15.273,16.975
1588,15.278,16.984
1589,15.287,16.999
1590,15.290,17.003
1591,15.269,16.969
1592,15.288,17.009
1593,15.252,16.945
1594,15.282,16.977
1595,15.267,16.960
1596,15.295,16.993
1597,15.267,16.971
1598,15.250,16.948
1599,15.236,16.940
1600,15.245,16.943
1601,15.250,16.958
1602,15.219,16.914
1603,15.236,16.937
1604,15.207,16.899
1605,15.231,16.929
1606,15.208,16.895
1607,15.208,16.899
1608,15.210,16.905
1609,15.215,16.915
1610,15.072,16.715
1611,15.077,16.708
1612,15.038,16.670
1613,15.066,16.693
1614,15.072,16.710
1615,15.059,16.687
1616,15.052,16.678
1617,15.056,16.689
1618,15.063,16.692
1619,15.054,16.683
1620,15.045,16.681
1621,15.047,16.671
1622,15.059,16.694
1623,15.051,16.677
1624,15.046,16.674
1625,15.044,16.674
1626,15.063,16.702
1627,15.069,16.693
1628,15.058,16.682
1629,15.066,16.691
1630,15.086,16.707
1631,15.184,16.871
1632,15.194,16.866
1633,15.202,16.887
1634,15.197,16.889
1635,15.195,16.871
1636,15.188,16.864
1637,15.207,16.895
1638,15.185,16.859
1639,15.204,16.909
1640,15.205,16.889
1641,15.188,16.881
1642,15.165,16.842
1643,15.195,16.882
1644,15.200,16.887
1645,15.193,16.886
1646,15.182,16.873
1647,15.220,16.925
1648,15.178,16.876
1649,15.186,16.864
1650,15.175,16.860
1651,15.192,16.867
1652,15.168,16.861
1653,15.185,16.881
1654,15.184,16.873
1655,15.175,16.873
1656,15.169,16.847
1657,15.149,16.834
1658,15.178,16.865
1659,15.177,16.874
1660,15.165,16.860
1661,15.154,16.843
1662,15.178,16.877
1663,15.170,16.870
1664,15.156,16.839
1665,15.144,16.836
1666,15.150,16.829
1667,15.146,16.835
1668,15.140,16.804
1669,15.157,16.851
1670,15.131,16.814
1671,15.126,16.803
1672,15.113,16.788
1673,15.114,16.789
1674,15.108,16.790
1675,15.116,16.804
1676,15.118,16.810
1677,15.109,16.788
1678,15.112,16.789
1679,15.117,16.805
1680,15.127,16.818
1681,15.115,16.800
1682,15.100,16.775
1683,15.106,16.797
1684,15.144,16.817
1685,15.102,16.789
1686,15.083,16.756
1687,15.098,16.782
1688,15.138,16.820
1689,15.094,16.760
1690,15.100,16.781
1691,15.090,16.768
1692,15.104,16.798
1693,15.068,16.750
1694,15.103,16.780
1695,15.116,16.810
1696,15.076,16.762
1697,15.086,16.774
1698,15.067,16.765
1699,15.087,16.780
1700,15.075,16.774
1701,15.067,16.762
1702,15.109,16.799
1703,15.077,16.758
1704,15.059,16.762
1705,15.072,16.768
1706,15.067,16.777
1707,15.071,16.772
1708,15.071,16.778
1709,15.076,16.773
1710,15.080,16.763
1711,15.067,16.754
1712,15.082,16.785
1713,15.085,16.782
1714,15.056,16.774
1715,15.082,16.771
1716,15.049,16.744
1717,15.068,16.764
1718,15.054,16.752
1719,15.060,16.748
1720,15.048,16.742
1721,15.040,16.719
1722,15.056,16.761
1723,15.036,16.719
1724,15.039,16.724
1725,15.059,16.761
1726,15.040,16.735
1727,15.059,16.752
1728,15.027,16.716
1729,15.054,16.745
1730,15.020,16.709
1731,15.035,16.733
1732,15.039,16.738
1733,15.047,16.744
1734,15.049,16.740
1735,15.024,16.726
1736,15.051,16.758
1737,15.050,16.748
1738,15.049,16.750
1739,15.039,16.735
1740,15.022,16.713
1741,15.046,16.735
1742,15.028,16.726
1743,15.053,16.752
1744,15.063,16.771
1745,15.043,16.734
1746,15.063,16.768
1747,15.049,16.758
1748,15.059,16.768
1749,15.064,16.777
1750,15.102,16.816
1751,15.055,16.765
1752,15.086,16.787
1753,15.067,16.782
1754,15.066,16.775
1755,15.073,16.774
1756,15.058,16.759
1757,15.064,16.763
1758,15.063,16.779
1759,15.066,16.778
1760,15.072,16.773
1761,15.065,16.766
1762,15.094,16.824
1763,15.103,16.809
1764,15.094,16.814
1765,15.085,16.793
1766,15.098,16.810
1767,15.094,16.805
1768,14.972,16.630
1769,14.988,16.640
1770,14.953,16.614
1771,14.972,16.630
1772,14.984,16.646
1773,14.982,16.644
1774,14.963,16.628
1775,14.965,16.623
1776,14.962,16.621
1777,14.976,16.629
1778,15.005,16.672
1779,14.978,16.637
1780,14.989,16.640
1781,14.964,16.621
1782,14.971,16.647
1783,14.982,16.634
1784,14.975,16.633
1785,14.980,16.622
1786,14.993,16.652
1787,14.976,16.639
1788,15.003,16.672
1789,15.004,16.666
1790,14.973,16.631
1791,14.979,16.628
1792,14.995,16.651
1793,15.006,16.675
1794,14.994,16.660
1795,14.995,16.647
1796,15.005,16.660
1797,14.984,16.638
1798,14.997,16.647
1799,15.005,16.663
1800,15.007,16.673
1801,14.995,16.654
1802,15.153,16.885
1803,15.146,16.868
1804,15.150,16.881
1805,15.024,16.692
1806,15.146,16.876
1807,15.140,16.866
1808,15.167,16.907
1809,15.166,16.902
1810,15.158,16.908
1811,15.158,16.907
1812,15.160,16.896
1813,15.163,16.901
1814,15.166,16.902
1815,15.157,16.894
1816,15.175,16.920
1817,15.177,16.919
1818,15.166,16.910
1819,15.168,16.911
1820,15.154,16.875
1821,15.172,16.918
1822,15.163,16.894
1823,15.179,16.907
1824,15.167,16.884
1825,15.150,16.894
1826,15.149,16.869
1827,15.152,16.887
1828,15.169,16.888
1829,15.177,16.900
1830,15.154,16.882
1831,15.157,16.892
1832,15.155,16.889
1833,15.159,16.892
1834,15.133,16.864
1835,15.148,16.877
1836,15.147,16.881
1837,15.140,16.873
1838,15.155,16.879
1839,15.164,16.903
1840,15.170,16.903
1841,15.134,16.862
