0,24.620,25.095
1,24.633,25.117
2,24.632,25.111
3,24.624,25.120
4,24.660,25.149
5,24.660,25.164
6,24.670,25.167
7,24.673,25.171
8,24.659,25.152
9,24.660,25.150
10,24.559,25.041
11,24.567,25.047
12,24.548,25.028
13,24.549,25.027
14,24.553,25.022
15,24.554,25.034
16,24.554,25.033
17,24.556,25.026
18,24.549,25.031
19,24.639,25.134
20,24.649,25.142
21,24.628,25.111
22,24.623,25.120
23,24.629,25.114
24,24.603,25.076
25,24.621,25.087
26,24.602,25.096
27,24.626,25.109
28,24.619,25.099
29,24.631,25.110
30,24.617,25.103
31,24.627,25.116
32,24.617,25.098
33,24.623,25.114
34,24.638,25.130
35,24.647,25.141
36,24.634,25.121
37,24.631,25.116
38,24.633,25.124
39,24.647,25.144
40,24.645,25.141
41,24.644,25.140
42,24.625,25.111
43,24.651,25.130
44,24.645,25.131
45,24.655,25.144
46,24.654,25.148
47,24.648,25.132
48,24.639,25.127
49,24.643,25.133
50,24.650,25.148
51,24.653,25.147
52,24.644,25.139
53,24.651,25.153
54,24.651,25.134
55,24.651,25.134
56,24.671,25.156
57,24.676,25.157
58,24.682,25.174
59,24.663,25.155
60,24.672,25.156
61,24.682,25.172
62,24.675,25.169
63,24.595,25.060
64,24.605,25.073
65,24.605,25.082
66,24.608,25.080
67,24.621,25.104
68,24.590,25.066
69,24.592,25.055
70,24.579,25.053
71,24.570,25.045
72,24.571,25.042
73,24.551,25.018
74,24.559,25.025
75,24.577,25.050
76,24.572,25.046
77,24.565,25.040
78,24.527,24.991
79,24.553,25.002
80,24.651,25.161
81,24.633,25.135
82,24.630,25.126
83,24.613,25.105
84,24.594,25.087
85,24.599,25.092
86,24.590,25.088
87,24.588,25.085
88,24.588,25.085
89,24.552,25.030
90,24.561,25.035
91,24.578,25.051
92,24.555,25.032
93,24.578,25.061
94,24.578,25.048
95,24.566,25.029
96,24.547,25.028
97,24.525,24.990
98,24.542,25.010
99,24.521,24.989
100,24.539,25.005
101,24.529,25.000
102,24.540,25.002
103,24.535,25.007
104,24.531,24.993
105,24.547,25.013
106,24.538,24.997
107,24.546,25.015
108,24.547,25.012
109,24.550,25.016
110,24.553,25.021
111,24.655,25.135
112,24.642,25.117
113,24.564,25.024
114,24.539,25.002
115,24.640,25.110
116,24.646,25.127
117,24.639,25.111
118,24.643,25.127
119,24.634,25.112
120,24.658,25.128
121,24.652,25.132
122,24.655,25.130
123,24.651,25.131
124,24.655,25.130
125,24.653,25.132
126,24.663,25.138
127,24.653,25.141
128,24.646,25.131
129,24.662,25.140
130,24.645,25.134
131,24.626,25.107
132,24.627,25.107
133,24.628,25.112
134,24.646,25.124
135,24.643,25.126
136,24.646,25.121
137,24.639,25.119
138,24.621,25.093
139,24.623,25.104
140,24.625,25.103
141,24.645,25.118
142,24.629,25.121
143,24.648,25.129
144,24.640,25.123
145,24.638,25.114
146,24.624,25.101
147,24.635,25.122
148,24.639,25.124
149,24.644,25.136
150,24.648,25.146
151,24.619,25.107
152,24.653,25.133
153,24.651,25.141
154,24.629,25.120
155,24.628,25.118
156,24.654,25.144
157,24.654,25.157
158,24.667,25.162
159,24.677,25.169
160,24.659,25.155
161,24.681,25.172
162,24.650,25.133
163,24.649,25.137
164,24.664,25.158
165,24.662,25.151
166,24.672,25.168
167,24.675,25.164
168,24.667,25.166
169,24.685,25.169
170,24.669,25.158
171,24.708,25.194
172,24.697,25.185
173,24.695,25.183
174,24.694,25.189
175,24.715,25.205
176,24.740,25.221
177,24.719,25.209
178,24.699,25.179
179,24.699,25.178
180,24.685,25.170
181,24.691,25.162
182,24.676,25.137
183,24.687,25.153
184,24.669,25.152
185,24.704,25.189
186,24.693,25.171
187,24.706,25.188
188,24.611,25.078
189,24.617,25.094
190,24.631,25.111
191,24.791,25.301
192,24.788,25.312
193,24.781,25.294
194,24.795,25.318
195,24.808,25.326
196,24.768,25.276
197,24.771,25.271
198,24.749,25.245
199,24.747,25.243
200,24.741,25.231
201,24.742,25.239
202,24.746,25.247
203,24.725,25.220
204,24.746,25.250
205,24.733,25.228
206,24.773,25.281
207,24.766,25.263
208,24.778,25.279
209,24.779,25.296
210,24.795,25.285
211,24.786,25.291
212,24.752,25.249
213,24.760,25.254
214,24.750,25.256
215,24.771,25.281
216,24.788,25.294
217,24.791,25.293
218,24.793,25.298
219,24.792,25.310
220,24.828,25.337
221,24.833,25.348
222,24.813,25.328
223,24.837,25.349
224,24.825,25.341
225,24.877,25.389
226,24.854,25.368
227,24.895,25.398
228,24.891,25.397
229,24.930,25.439
230,24.924,25.443
231,24.964,25.477
232,24.946,25.455
233,24.963,25.481
234,24.969,25.486
235,25.064,25.628
236,24.978,25.513
237,25.052,25.602
238,25.012,25.577
239,24.962,25.495
240,25.002,25.555
241,24.939,25.472
242,25.007,25.556
243,24.964,25.505
244,25.013,25.561
245,24.955,25.490
246,25.005,25.552
247,25.040,25.599
248,24.986,25.515
249,25.039,25.588
250,24.982,25.519
251,25.049,25.607
252,25.050,25.602
253,24.974,25.501
254,25.021,25.570
255,25.006,25.560
256,24.968,25.505
257,25.001,25.548
258,25.017,25.576
259,25.020,25.568
260,25.040,25.589
261,25.038,25.588
262,25.041,25.593
263,25.028,25.591
264,24.965,25.499
265,25.006,25.572
266,25.018,25.570
267,25.028,25.595
268,25.025,25.589
269,25.012,25.572
270,25.020,25.584
271,25.016,25.574
272,25.020,25.583
273,25.039,25.602
274,25.036,25.593
275,24.980,25.542
276,24.978,25.542
277,24.966,25.541
278,25.016,25.594
279,25.013,25.591
280,25.011,25.581
281,25.031,25.612
282,25.037,25.612
283,25.036,25.617
284,25.015,25.592
285,25.037,25.603
286,25.040,25.610
287,25.012,25.579
288,25.012,25.585
289,24.994,25.568
290,24.978,25.542
291,24.956,25.518
292,24.941,25.501
293,24.979,25.545
294,24.951,25.520
295,24.882,25.431
296,24.929,25.488
297,24.920,25.484
298,24.914,25.467
299,24.902,25.460
300,24.900,25.460
301,24.926,25.496
302,24.841,25.382
303,24.905,25.468
304,24.909,25.472
305,24.888,25.447
306,24.893,25.450
307,24.874,25.441
308,24.873,25.433
309,24.873,25.429
310,24.873,25.432
311,24.837,25.396
312,24.825,25.381
313,24.838,25.396
314,24.850,25.416
315,24.868,25.429
316,24.800,25.342
317,24.848,25.406
318,24.891,25.443
319,24.912,25.481
320,24.736,25.248
321,24.888,25.436
322,24.934,25.511
323,24.930,25.499
324,24.955,25.526
325,24.979,25.552
326,25.006,25.572
327,24.979,25.550
328,24.965,25.540
329,25.013,25.593
330,25.014,25.598
331,25.046,25.637
332,25.061,25.653
333,25.055,25.639
334,25.040,25.611
335,25.034,25.612
336,25.026,25.607
337,25.015,25.586
338,25.047,25.626
339,25.084,25.669
340,25.142,25.730
341,25.124,25.724
342,25.149,25.746
343,25.131,25.727
344,25.162,25.766
345,25.159,25.770
346,25.200,25.797
347,25.197,25.793
348,25.196,25.773
349,25.194,25.781
350,25.231,25.811
351,25.204,25.800
352,25.166,25.755
353,25.203,25.791
354,25.175,25.771
355,25.225,25.814
356,25.206,25.797
357,25.244,25.825
358,25.226,25.806
359,25.225,25.811
360,25.188,25.769
361,25.164,25.741
362,25.040,25.612
363,25.017,25.582
364,25.008,25.570
365,24.972,25.537
366,24.993,25.564
367,25.014,25.589
368,25.090,25.671
369,25.066,25.634
370,25.105,25.669
371,25.177,25.757
372,25.252,25.842
373,25.225,25.824
374,25.227,25.818
375,25.241,25.839
376,25.221,25.823
377,25.147,25.732
378,25.083,25.663
379,25.107,25.695
380,25.263,25.886
381,25.271,25.903
382,25.237,25.866
383,25.221,25.853
384,25.215,25.826
385,25.213,25.823
386,25.238,25.843
387,25.268,25.872
388,25.291,25.908
389,25.328,25.952
390,25.328,25.952
391,25.294,25.929
392,25.251,25.874
393,25.265,25.911
394,25.156,25.754
395,25.226,25.855
396,25.249,25.883
397,25.280,25.916
398,25.249,25.885
399,25.276,25.904
400,25.243,25.868
401,25.286,25.919
402,25.320,25.963
403,25.321,25.964
404,25.306,25.923
405,25.383,26.019
406,25.427,26.080
407,25.447,26.107
408,25.426,26.077
409,25.567,26.239
410,25.578,26.260
411,25.619,26.308
412,25.548,26.215
413,25.629,26.322
414,25.645,26.330
415,25.621,26.281
416,25.714,26.419
417,25.755,26.460
418,25.730,26.430
419,25.633,26.308
420,25.753,26.458
421,25.772,26.495
422,25.760,26.463
423,25.697,26.387
424,25.671,26.368
425,25.605,26.289
426,25.642,26.338
427,25.587,26.266
428,25.609,26.291
429,25.643,26.313
430,25.724,26.419
431,25.761,26.457
432,25.777,26.496
433,25.760,26.472
434,25.829,26.546
435,25.845,26.575
436,25.818,26.552
437,25.847,26.587
438,25.815,26.545
439,25.807,26.540
440,25.743,26.464
441,25.709,26.413
442,25.603,26.277
443,25.687,26.399
444,25.657,26.358
445,25.674,26.383
446,25.661,26.377
447,25.614,26.307
448,25.582,26.259
449,25.593,26.286
450,25.606,26.309
451,25.624,26.309
452,25.621,26.308
453,25.609,26.294
454,25.548,26.235
455,25.543,26.228
456,25.540,26.208
457,25.515,26.193
458,25.501,26.167
459,25.456,26.116
460,25.445,26.108
461,25.420,26.081
462,25.355,26.003
463,25.339,25.995
464,25.325,25.974
465,25.258,25.871
466,25.239,25.855
467,25.238,25.857
468,25.228,25.834
469,25.156,25.744
470,25.122,25.714
471,25.130,25.724
472,25.109,25.700
473,25.105,25.695
474,25.111,25.693
475,25.098,25.666
476,25.054,25.631
477,25.084,25.652
478,25.111,25.687
479,25.090,25.640
480,25.041,25.601
481,25.051,25.604
482,24.987,25.529
483,25.044,25.618
484,24.948,25.489
485,24.909,25.449
486,24.974,25.516
487,24.921,25.467
488,25.019,25.585
489,24.913,25.458
490,24.895,25.457
491,24.818,25.352
492,24.829,25.385
493,24.761,25.301
494,24.882,25.437
495,24.666,25.147
496,24.878,25.401
497,24.755,25.237
498,24.818,25.341
499,24.736,25.228
500,24.823,25.327
501,24.839,25.349
502,24.791,25.278
503,24.912,25.424
504,24.964,25.500
505,24.859,25.364
506,24.952,25.482
507,24.849,25.356
508,24.887,25.406
509,24.971,25.490
510,24.947,25.448
511,24.942,25.450
512,24.857,25.350
513,25.000,25.518
514,24.687,25.175
515,24.911,25.452
516,24.912,25.442
517,24.920,25.447
518,24.886,25.424
519,24.875,25.405
520,24.838,25.361
521,24.855,25.383
522,24.882,25.421
523,24.843,25.375
524,24.866,25.385
525,24.913,25.451
526,24.888,25.445
527,24.928,25.470
528,24.959,25.501
529,25.023,25.566
530,24.831,25.385
531,24.904,25.444
532,24.751,25.288
533,24.770,25.316
534,24.855,25.411
535,24.867,25.410
536,24.864,25.403
537,24.864,25.410
538,24.846,25.397
539,24.882,25.435
540,24.891,25.445
541,24.929,25.482
542,25.018,25.592
543,25.069,25.630
544,25.162,25.733
545,25.156,25.728
546,25.171,25.744
547,25.201,25.784
548,25.205,25.771
549,25.401,25.997
550,25.270,25.846
551,25.327,25.908
552,25.367,25.962
553,25.345,25.927
554,25.441,26.045
555,25.413,26.000
556,25.393,25.989
557,25.415,25.996
558,25.463,26.057
559,25.470,26.053
560,25.403,26.009
561,25.481,26.092
562,25.489,26.113
563,25.464,26.078
564,25.502,26.116
565,25.582,26.200
566,25.629,26.270
567,25.606,26.243
568,25.753,26.395
569,25.820,26.473
570,25.856,26.518
571,25.865,26.547
572,25.933,26.632
573,25.934,26.616
574,25.726,26.392
575,26.029,26.766
576,26.055,26.805
577,26.051,26.812
578,26.001,26.747
579,26.036,26.776
580,26.046,26.814
581,26.092,26.871
582,26.113,26.898
583,26.103,26.887
584,26.099,26.891
585,26.112,26.905
586,26.139,26.947
587,26.208,27.033
588,26.163,26.991
589,26.103,26.891
590,26.182,26.994
591,26.084,26.859
592,26.108,26.933
593,26.058,26.844
594,26.026,26.806
595,26.122,26.951
596,25.999,26.801
597,25.948,26.747
598,26.017,26.839
599,25.939,26.746
600,25.956,26.774
601,25.872,26.674
602,25.839,26.627
603,25.873,26.671
604,25.803,26.574
605,25.818,26.606
606,25.796,26.575
607,25.826,26.626
608,25.810,26.618
609,25.726,26.488
610,25.787,26.581
611,25.770,26.575
612,25.775,26.589
613,25.673,26.453
614,25.685,26.473
615,25.708,26.522
616,25.648,26.471
617,25.590,26.369
618,25.623,26.430
619,25.658,26.461
620,25.663,26.456
621,25.713,26.549
622,25.709,26.537
623,25.772,26.608
624,25.784,26.621
625,25.662,26.467
626,25.788,26.636
627,25.771,26.601
628,25.716,26.512
629,25.769,26.593
630,25.676,26.477
631,25.764,26.586
632,25.764,26.588
633,25.684,26.466
634,25.700,26.508
635,25.621,26.386
636,25.708,26.501
637,25.640,26.405
638,25.729,26.512
639,25.683,26.457
640,25.706,26.464
641,25.743,26.530
642,25.738,26.516
643,25.648,26.391
644,25.713,26.507
645,25.713,26.485
646,25.719,26.498
647,25.591,26.306
648,25.653,26.397
649,25.649,26.371
650,25.602,26.319
651,25.521,26.230
652,25.529,26.235
653,25.533,26.244
654,25.520,26.256
655,25.522,26.244
656,25.536,26.260
657,25.528,26.256
658,25.462,26.178
659,25.479,26.187
660,25.435,26.126
661,25.373,26.073
662,25.319,26.006
663,25.320,26.000
664,25.294,25.998
665,24.977,25.702
666,24.843,25.556
667,24.909,25.614
668,24.874,25.578
669,25.071,25.770
670,24.958,25.643
671,24.905,25.554
672,24.911,25.552
673,24.931,25.564
674,24.919,25.602
675,24.936,25.580
676,24.980,25.631
677,24.963,25.615
678,24.934,25.577
679,24.908,25.550
680,24.955,25.608
681,24.922,25.575
682,24.913,25.567
683,24.908,25.577
684,24.896,25.547
685,24.899,25.555
686,24.917,25.573
687,24.906,25.567
688,24.915,25.571
689,24.974,25.636
690,25.031,25.696
691,25.103,25.777
692,25.149,25.820
693,25.178,25.840
694,25.251,25.896
695,25.351,26.009
696,25.342,25.986
697,25.423,26.045
698,25.518,26.154
699,25.574,26.217
700,25.537,26.155
701,25.604,26.243
702,25.605,26.260
703,25.595,26.229
704,25.750,26.413
705,25.818,26.479
706,25.724,26.397
707,25.834,26.521
708,25.668,26.325
709,25.895,26.586
710,25.907,26.621
711,25.847,26.541
712,25.930,26.649
713,25.815,26.507
714,25.818,26.508
715,25.766,26.456
716,25.776,26.462
717,25.734,26.408
718,25.762,26.459
719,25.675,26.362
720,25.695,26.396
721,25.683,26.381
722,25.658,26.353
723,25.666,26.367
724,25.656,26.353
725,25.683,26.397
726,25.679,26.390
727,25.707,26.419
728,25.719,26.434
729,25.698,26.433
730,25.670,26.401
731,25.715,26.438
732,25.657,26.394
733,25.654,26.392
734,25.683,26.422
735,25.710,26.456
736,25.693,26.440
737,25.702,26.463
738,25.723,26.495
739,25.755,26.547
740,25.773,26.575
741,25.772,26.556
742,25.775,26.553
743,25.825,26.619
744,25.862,26.681
745,25.867,26.676
746,25.882,26.693
747,25.874,26.684
748,25.897,26.729
749,25.912,26.742
750,25.901,26.735
751,25.936,26.782
752,26.006,26.866
753,26.088,27.002
754,26.145,27.056
755,26.150,27.068
756,26.072,26.951
757,26.065,26.968
758,26.063,26.955
759,26.209,27.124
760,26.908,28.050
761,26.138,27.050
762,26.091,26.994
763,26.245,27.174
764,26.068,26.933
765,26.033,26.880
766,26.169,27.051
767,26.008,26.841
768,25.952,26.783
769,25.945,26.757
770,25.979,26.787
771,25.975,26.779
772,25.972,26.793
773,25.994,26.816
774,25.980,26.784
775,25.992,26.817
776,25.952,26.791
777,25.978,26.815
778,25.993,26.839
779,25.919,26.726
780,25.870,26.650
781,25.830,26.610
782,25.782,26.561
783,25.738,26.504
784,25.713,26.448
785,25.696,26.433
786,25.716,26.460
787,25.681,26.404
788,25.778,26.499
789,25.755,26.472
790,25.831,26.570
791,25.851,26.583
792,25.839,26.579
793,25.695,26.366
794,25.965,26.703
795,25.954,26.719
796,26.035,26.833
797,26.104,26.909
798,25.991,26.753
799,26.000,26.760
800,25.994,26.774
801,26.063,26.869
802,26.075,26.878
803,26.094,26.911
804,26.322,27.175
805,26.171,27.000
806,26.131,26.922
807,26.110,26.911
808,26.094,26.875
809,26.130,26.939
810,26.132,26.936
811,26.113,26.919
812,26.194,27.021
813,26.135,26.961
814,26.101,26.898
815,26.119,26.932
816,26.123,26.940
817,26.120,26.934
818,26.095,26.897
819,26.171,27.036
820,26.155,26.972
821,26.136,26.965
822,26.248,27.134
823,26.204,27.049
824,26.211,27.045
825,26.250,27.121
826,26.174,27.036
827,26.198,27.060
828,26.163,27.036
829,26.225,27.125
830,26.202,27.079
831,26.141,26.997
832,26.054,26.883
833,25.929,26.720
834,25.892,26.684
835,25.977,26.806
836,25.921,26.723
837,25.962,26.782
838,25.983,26.826
839,25.965,26.778
840,26.022,26.844
841,25.951,26.747
842,26.009,26.840
843,25.930,26.708
844,25.934,26.729
845,25.862,26.633
846,25.888,26.681
847,25.879,26.673
848,25.916,26.711
849,25.812,26.562
850,25.906,26.720
851,25.925,26.713
852,25.945,26.725
853,26.031,26.815
854,26.034,26.826
855,25.964,26.720
856,25.993,26.742
857,25.995,26.745
858,26.000,26.726
859,26.060,26.794
860,26.097,26.848
861,26.083,26.830
862,26.077,26.801
863,26.067,26.795
864,26.063,26.787
865,26.038,26.769
866,26.063,26.813
867,26.033,26.764
868,26.017,26.738
869,26.018,26.726
870,26.019,26.727
871,26.039,26.745
872,26.029,26.718
873,26.070,26.773
874,26.057,26.769
875,26.011,26.696
876,25.935,26.603
877,25.800,26.467
878,25.708,26.354
879,25.866,26.546
880,25.866,26.540
881,25.831,26.496
882,25.679,26.334
883,25.469,26.102
884,25.689,26.325
885,25.786,26.457
886,25.757,26.408
887,25.820,26.499
888,25.799,26.476
889,25.739,26.390
890,25.738,26.401
891,25.592,26.221
892,25.613,26.241
893,25.618,26.262
894,25.681,26.331
895,25.462,26.087
896,25.562,26.221
897,25.406,26.035
898,25.340,25.977
899,25.393,26.031
900,25.371,25.986
901,25.382,26.016
902,25.377,26.013
903,25.392,26.037
904,25.436,26.082
905,25.381,26.012
906,25.398,26.037
907,25.343,25.984
908,25.384,26.052
909,25.331,25.985
910,25.369,26.036
911,25.406,26.070
912,25.343,25.986
913,25.353,26.003
914,25.331,25.985
915,25.372,26.036
916,25.339,26.009
917,25.210,25.843
918,25.272,25.912
919,25.262,25.926
920,25.268,25.911
921,25.296,25.938
922,25.388,26.038
923,25.434,26.093
924,25.427,26.080
925,25.442,26.090
926,25.459,26.103
927,25.384,26.031
928,25.005,25.588
929,25.020,25.617
930,25.065,25.655
931,25.136,25.738
932,25.098,25.691
933,25.098,25.669
934,25.153,25.731
935,25.394,26.007
936,25.480,26.078
937,25.530,26.154
938,25.271,25.850
939,25.318,25.903
940,25.361,25.945
941,25.502,26.093
942,25.455,26.046
943,25.491,26.076
944,25.475,26.074
945,25.547,26.142
946,25.531,26.144
947,25.546,26.157
948,25.616,26.231
949,25.611,26.240
950,25.583,26.194
951,25.589,26.182
952,25.569,26.168
953,25.709,26.320
954,25.988,26.631
955,26.005,26.654
956,25.934,26.538
957,25.800,26.409
958,25.913,26.534
959,26.004,26.632
960,26.074,26.710
961,26.104,26.756
962,26.187,26.843
963,26.213,26.880
964,26.272,26.936
965,26.290,26.940
966,26.022,26.685
967,26.024,26.680
968,26.024,26.697
969,25.949,26.597
970,26.032,26.698
971,26.064,26.740
972,26.059,26.736
973,25.995,26.645
974,25.988,26.637
975,25.998,26.645
976,25.917,26.540
977,25.887,26.521
978,25.999,26.640
979,25.876,26.509
980,25.863,26.486
981,25.838,26.450
982,26.027,26.685
983,26.028,26.660
984,26.114,26.792
985,26.182,26.879
986,26.162,26.843
987,26.083,26.780
988,26.071,26.754
989,26.023,26.717
990,25.976,26.661
991,26.030,26.715
992,25.992,26.673
993,26.087,26.798
994,26.015,26.725
995,26.040,26.753
996,25.970,26.673
997,25.862,26.551
998,25.785,26.464
999,25.763,26.435
1000,25.837,26.532
1001,25.875,26.596
1002,25.760,26.439
1003,25.707,26.385
1004,25.690,26.344
1005,25.674,26.326
1006,25.715,26.401
1007,25.721,26.396
1008,25.679,26.355
1009,25.692,26.351
1010,25.697,26.361
1011,25.639,26.291
1012,25.739,26.420
1013,25.637,26.301
1014,25.639,26.302
1015,25.616,26.295
1016,25.668,26.366
1017,25.620,26.311
1018,25.573,26.244
1019,25.511,26.192
1020,25.445,26.120
1021,25.422,26.087
1022,25.350,26.005
1023,25.369,26.032
1024,25.356,26.017
1025,25.375,26.069
1026,25.359,26.041
1027,25.299,25.965
1028,25.345,26.015
1029,25.318,25.990
1030,25.286,25.977
1031,25.287,25.969
1032,25.309,26.002
1033,25.280,25.972
1034,25.372,26.078
1035,25.344,26.056
1036,25.406,26.130
1037,25.341,26.059
1038,25.377,26.097
1039,25.379,26.102
1040,25.252,25.926
1041,25.531,26.281
1042,25.524,26.276
1043,25.497,26.249
1044,25.618,26.391
1045,25.539,26.281
1046,25.594,26.356
1047,25.522,26.270
1048,25.603,26.362
1049,25.521,26.277
1050,25.492,26.244
1051,25.572,26.339
1052,25.505,26.256
1053,25.451,26.187
1054,25.471,26.217
1055,25.400,26.138
1056,25.432,26.174
1057,25.417,26.179
1058,25.451,26.203
1059,25.467,26.222
1060,25.438,26.184
1061,25.431,26.177
1062,25.458,26.199
1063,25.473,26.224
1064,25.467,26.215
1065,25.462,26.193
1066,25.424,26.160
1067,25.441,26.185
1068,25.516,26.270
1069,25.464,26.199
1070,25.430,26.167
1071,25.434,26.164
1072,25.416,26.139
1073,25.373,26.092
1074,25.404,26.144
1075,25.335,26.068
1076,25.288,26.000
1077,25.240,25.944
1078,25.253,25.963
1079,25.277,25.981
1080,25.286,26.006
1081,25.207,25.903
1082,25.179,25.858
1083,25.204,25.895
1084,25.158,25.838
1085,25.104,25.775
1086,25.166,25.867
1087,25.143,25.831
1088,25.107,25.771
1089,25.106,25.775
1090,25.089,25.765
1091,25.131,25.794
1092,25.113,25.800
1093,25.160,25.847
1094,25.232,25.906
1095,25.124,25.794
1096,25.034,25.687
1097,25.074,25.744
1098,25.092,25.747
1099,25.079,25.750
1100,25.095,25.747
1101,25.076,25.729
1102,25.070,25.713
1103,25.105,25.737
1104,25.144,25.778
1105,25.142,25.761
1106,25.092,25.697
1107,25.085,25.702
1108,24.842,25.426
1109,24.820,25.382
1110,24.972,25.532
1111,24.986,25.545
1112,24.910,25.460
1113,24.964,25.505
1114,25.016,25.572
1115,25.005,25.570
1116,25.075,25.637
1117,25.120,25.699
1118,25.066,25.643
1119,24.999,25.561
1120,25.111,25.700
1121,25.095,25.673
1122,25.166,25.761
1123,25.140,25.731
1124,25.089,25.691
1125,24.927,25.534
1126,25.180,25.820
1127,25.294,25.947
1128,25.351,26.027
1129,25.193,25.827
1130,25.255,25.898
1131,25.343,25.994
1132,25.444,26.121
1133,25.430,26.098
1134,25.474,26.145
1135,25.505,26.189
1136,25.549,26.234
1137,25.560,26.258
1138,25.609,26.307
1139,25.636,26.337
1140,25.664,26.388
1141,25.666,26.383
1142,25.747,26.501
1143,25.702,26.443
1144,25.672,26.420
1145,25.637,26.373
1146,25.603,26.333
1147,25.635,26.360
1148,25.680,26.421
1149,25.706,26.475
1150,25.683,26.441
1151,25.622,26.383
1152,25.565,26.292
1153,25.570,26.315
1154,25.606,26.370
1155,25.572,26.353
1156,25.581,26.346
1157,25.615,26.384
1158,25.572,26.341
1159,25.538,26.294
1160,25.525,26.271
1161,25.514,26.281
1162,25.543,26.314
1163,25.476,26.218
1164,25.434,26.182
1165,25.441,26.181
1166,25.443,26.176
1167,25.426,26.170
1168,25.335,26.063
1169,25.307,26.035
1170,25.277,25.984
1171,25.314,26.020
1172,25.314,26.032
1173,25.281,25.993
1174,25.312,26.038
1175,25.314,26.037
1176,25.322,26.049
1177,25.328,26.056
1178,25.345,26.087
1179,25.341,26.052
1180,25.293,26.004
1181,25.283,26.008
1182,25.295,26.014
1183,25.293,26.014
1184,25.295,26.027
1185,25.300,26.033
1186,25.263,25.981
1187,25.253,25.967
1188,25.316,26.052
1189,25.383,26.112
1190,25.396,26.109
1191,25.371,26.105
1192,25.337,26.047
1193,25.356,26.058
1194,25.373,26.082
1195,25.367,26.079
1196,25.352,26.062
1197,25.321,26.027
1198,25.307,26.015
1199,25.247,25.953
1200,25.231,25.911
1201,25.152,25.835
1202,25.098,25.764
1203,25.045,25.707
1204,25.006,25.678
1205,25.004,25.668
1206,24.980,25.647
1207,24.917,25.573
1208,24.903,25.559
1209,24.888,25.541
1210,24.953,25.611
1211,25.006,25.673
1212,25.058,25.742
1213,25.059,25.741
1214,25.061,25.754
1215,25.056,25.728
1216,25.058,25.727
1217,25.110,25.805
1218,25.050,25.747
1219,24.786,25.467
1220,24.810,25.497
1221,24.828,25.496
1222,24.823,25.488
1223,24.900,25.558
1224,24.976,25.640
1225,25.056,25.724
1226,25.152,25.817
1227,25.260,25.926
1228,25.429,26.119
1229,25.290,25.948
1230,25.315,25.975
1231,25.383,26.039
1232,25.380,26.054
1233,25.427,26.107
1234,25.461,26.155
1235,25.502,26.205
1236,25.592,26.305
1237,25.748,26.466
1238,25.706,26.431
1239,25.754,26.487
1240,25.750,26.468
1241,25.777,26.510
1242,25.575,26.266
1243,25.721,26.431
1244,25.773,26.489
1245,25.796,26.537
1246,25.731,26.435
1247,25.810,26.538
1248,25.794,26.504
1249,25.844,26.572
1250,25.855,26.587
1251,25.781,26.491
1252,25.854,26.583
1253,25.798,26.500
1254,25.881,26.606
1255,25.903,26.631
1256,25.855,26.565
1257,25.765,26.455
1258,25.804,26.502
1259,25.811,26.520
1260,25.834,26.563
1261,25.767,26.487
1262,25.736,26.443
1263,25.742,26.462
1264,25.651,26.363
1265,25.681,26.403
1266,25.677,26.402
1267,25.651,26.371
1268,25.634,26.351
1269,25.602,26.306
1270,25.595,26.313
1271,25.559,26.284
1272,25.569,26.297
1273,25.591,26.337
1274,25.606,26.342
1275,25.574,26.316
1276,25.577,26.312
1277,25.554,26.297
1278,25.626,26.379
1279,25.616,26.361
1280,25.506,26.230
1281,25.514,26.263
1282,25.622,26.389
1283,25.656,26.440
1284,25.649,26.435
1285,25.645,26.428
1286,25.642,26.407
1287,25.636,26.419
1288,25.650,26.437
1289,25.677,26.480
1290,25.757,26.554
1291,25.748,26.550
1292,25.590,26.323
1293,25.564,26.294
1294,25.613,26.357
1295,25.593,26.328
1296,25.626,26.360
1297,25.614,26.354
1298,25.632,26.353
1299,25.728,26.505
1300,25.778,26.553
1301,25.814,26.598
1302,25.731,26.518
1303,25.732,26.521
1304,25.692,26.451
1305,25.627,26.385
1306,25.652,26.400
1307,25.648,26.402
1308,25.646,26.403
1309,25.582,26.322
1310,25.611,26.370
1311,25.572,26.322
1312,25.576,26.319
1313,25.611,26.359
1314,25.567,26.319
1315,25.549,26.299
1316,25.575,26.340
1317,25.509,26.246
1318,25.492,26.239
1319,25.431,26.161
1320,25.416,26.136
1321,25.392,26.102
1322,25.410,26.120
1323,25.407,26.119
1324,25.423,26.135
1325,25.399,26.109
1326,25.442,26.160
1327,25.409,26.124
1328,25.458,26.180
1329,25.519,26.243
1330,25.584,26.301
1331,25.570,26.286
1332,25.337,26.011
1333,25.214,25.864
1334,25.174,25.811
1335,25.150,25.788
1336,25.170,25.802
1337,25.175,25.782
1338,25.198,25.798
1339,25.234,25.829
1340,25.461,26.070
1341,25.325,25.929
1342,25.193,25.783
1343,25.145,25.718
1344,25.185,25.772
1345,25.138,25.720
1346,25.191,25.794
1347,25.171,25.765
1348,25.145,25.735
1349,25.259,25.860
1350,25.559,26.173
1351,25.607,26.237
1352,25.300,25.902
1353,25.334,25.957
1354,25.307,25.898
1355,25.239,25.828
1356,25.323,25.921
1357,25.257,25.851
1358,25.271,25.877
1359,25.322,25.929
1360,25.307,25.918
1361,25.315,25.930
1362,25.302,25.927
1363,25.277,25.905
1364,25.334,25.964
1365,25.418,26.069
1366,25.415,26.058
1367,25.410,26.048
1368,25.440,26.070
1369,25.500,26.131
1370,25.604,26.264
1371,25.774,26.439
1372,25.598,26.259
1373,25.638,26.305
1374,25.660,26.334
1375,25.727,26.390
1376,25.697,26.353
1377,25.760,26.449
1378,25.762,26.436
1379,25.782,26.468
1380,25.837,26.520
1381,25.784,26.468
1382,25.824,26.524
1383,25.865,26.571
1384,25.908,26.632
1385,25.841,26.555
1386,25.831,26.556
1387,25.938,26.676
1388,25.908,26.626
1389,26.082,26.828
1390,25.997,26.744
1391,26.062,26.814
1392,25.958,26.708
1393,26.053,26.832
1394,26.081,26.866
1395,26.235,27.033
1396,26.307,27.170
1397,26.419,27.317
1398,26.427,27.341
1399,26.401,27.300
1400,26.453,27.374
1401,26.540,27.501
1402,26.548,27.512
1403,26.476,27.427
1404,26.469,27.439
1405,26.387,27.314
1406,26.275,27.196
1407,26.319,27.233
1408,26.330,27.257
1409,26.268,27.203
1410,26.253,27.184
1411,26.278,27.234
1412,26.154,27.077
1413,26.057,26.930
1414,26.051,26.960
1415,25.943,26.811
1416,25.898,26.744
1417,25.886,26.758
1418,25.815,26.649
1419,25.786,26.605
1420,25.769,26.589
1421,25.776,26.583
1422,25.594,26.379
1423,25.737,26.570
1424,25.795,26.638
1425,25.795,26.622
1426,25.786,26.625
1427,25.762,26.593
1428,25.774,26.599
1429,25.794,26.622
1430,25.775,26.597
1431,25.744,26.566
1432,25.590,26.398
1433,25.612,26.411
1434,25.685,26.505
1435,25.671,26.476
1436,25.659,26.436
1437,25.619,26.396
1438,25.600,26.365
1439,25.540,26.308
1440,25.576,26.335
1441,25.616,26.404
1442,25.624,26.407
1443,25.451,26.187
1444,25.397,26.114
1445,25.429,26.155
1446,25.509,26.227
1447,25.523,26.239
1448,25.546,26.274
1449,25.287,26.002
1450,25.481,26.195
1451,25.566,26.262
1452,25.374,26.090
1453,25.425,26.108
1454,25.249,25.948
1455,25.233,25.936
1456,25.197,25.889
1457,25.128,25.805
1458,25.139,25.802
1459,25.189,25.852
1460,25.167,25.813
1461,25.142,25.775
1462,25.145,25.759
1463,25.174,25.786
1464,25.163,25.790
1465,25.174,25.786
1466,25.039,25.592
1467,25.065,25.638
1468,25.112,25.678
1469,25.145,25.711
1470,25.238,25.819
1471,25.242,25.806
1472,25.261,25.833
1473,25.255,25.833
1474,25.247,25.809
1475,25.301,25.864
1476,25.359,25.932
1477,25.424,25.991
1478,25.495,26.065
1479,25.502,26.083
1480,25.604,26.205
1481,25.730,26.332
1482,25.642,26.229
1483,25.589,26.163
1484,25.566,26.141
1485,25.553,26.139
1486,25.526,26.110
1487,25.619,26.219
1488,25.463,26.046
1489,25.425,26.018
1490,25.371,25.950
1491,25.504,26.103
1492,25.683,26.306
1493,25.761,26.403
1494,25.758,26.416
1495,25.741,26.396
1496,25.542,26.180
1497,25.456,26.070
1498,25.338,25.972
1499,25.244,25.867
1500,25.172,25.784
1501,25.137,25.760
1502,25.071,25.667
1503,25.098,25.705
1504,25.042,25.645
1505,24.994,25.600
1506,24.978,25.592
1507,24.870,25.469
1508,24.795,25.407
1509,24.773,25.378
1510,24.764,25.360
1511,24.749,25.358
1512,24.735,25.322
1513,24.720,25.327
1514,24.839,25.449
1515,24.719,25.327
1516,24.799,25.396
1517,24.795,25.402
1518,24.760,25.367
1519,24.669,25.249
1520,24.558,25.133
1521,24.624,25.205
1522,24.676,25.255
1523,24.713,25.283
1524,24.747,25.311
1525,24.800,25.366
1526,24.846,25.421
1527,24.914,25.499
1528,24.921,25.495
1529,24.953,25.530
1530,24.934,25.510
1531,24.973,25.565
1532,24.990,25.589
1533,24.983,25.588
1534,24.973,25.565
1535,24.956,25.560
1536,25.047,25.662
1537,25.086,25.716
1538,25.105,25.723
1539,25.084,25.705
1540,25.058,25.686
1541,25.021,25.628
1542,25.051,25.672
1543,24.951,25.555
1544,24.989,25.613
1545,24.936,25.537
1546,24.874,25.480
1547,24.903,25.518
1548,24.894,25.507
1549,24.926,25.547
1550,24.890,25.507
1551,24.949,25.588
1552,24.895,25.503
1553,24.915,25.539
1554,24.866,25.479
1555,24.930,25.557
1556,24.873,25.485
1557,25.002,25.626
1558,25.030,25.678
1559,25.046,25.691
1560,25.058,25.711
1561,25.119,25.788
1562,25.066,25.700
1563,25.118,25.759
1564,25.146,25.793
1565,25.169,25.831
1566,25.144,25.800
1567,25.166,25.833
1568,25.206,25.875
1569,25.143,25.789
1570,25.150,25.800
1571,25.244,25.926
1572,25.271,25.959
1573,25.253,25.934
1574,25.257,25.943
1575,25.261,25.960
1576,25.150,25.824
1577,25.189,25.862
1578,25.169,25.838
1579,25.213,25.894
1580,25.223,25.908
1581,25.091,25.751
1582,25.145,25.821
1583,25.162,25.843
1584,25.153,25.834
1585,25.245,25.962
1586,25.181,25.866
1587,25.249,25.957
1588,25.237,25.948
1589,25.247,25.968
1590,25.240,25.952
1591,25.260,25.960
1592,25.355,26.100
1593,25.367,26.104
1594,25.388,26.127
1595,25.313,26.017
1596,25.325,26.064
1597,25.382,26.124
1598,25.386,26.134
1599,25.374,26.110
1600,25.283,25.977
1601,25.365,26.091
1602,25.378,26.118
1603,25.457,26.208
1604,25.328,26.038
1605,25.359,26.071
1606,25.346,26.072
1607,25.294,26.013
1608,25.339,26.040
1609,25.343,26.070
1610,25.321,26.035
1611,25.329,26.031
1612,25.302,25.996
1613,25.332,26.048
1614,25.311,26.029
1615,25.286,25.994
1616,25.275,25.980
1617,25.285,25.986
1618,25.229,25.904
1619,25.256,25.959
1620,25.225,25.917
1621,25.269,25.968
1622,25.325,26.030
1623,25.323,26.045
1624,25.312,26.026
1625,25.287,26.020
1626,25.293,26.006
1627,25.227,25.943
1628,25.211,25.922
1629,25.165,25.842
1630,25.210,25.909
1631,25.265,25.972
1632,25.282,25.989
1633,25.210,25.907
1634,25.325,26.040
1635,25.282,25.979
1636,25.317,26.026
1637,25.292,25.999
1638,25.338,26.066
1639,25.285,26.005
1640,25.269,25.971
1641,25.337,26.056
1642,25.298,26.000
1643,25.309,26.024
1644,25.475,26.212
1645,25.324,26.030
1646,25.428,26.151
1647,25.362,26.075
1648,25.428,26.156
1649,25.493,26.238
1650,25.454,26.182
1651,25.324,26.021
1652,25.366,26.100
1653,25.318,26.039
1654,25.377,26.125
1655,25.307,25.994
1656,25.321,26.017
1657,25.370,26.086
1658,25.244,25.929
1659,25.298,26.000
1660,25.302,26.019
1661,25.239,25.919
1662,25.251,25.961
1663,25.322,26.059
1664,25.339,26.043
1665,25.342,26.041
1666,25.278,25.955
1667,25.264,25.964
1668,25.217,25.900
1669,25.226,25.916
1670,25.178,25.861
1671,25.148,25.814
1672,25.131,25.793
1673,25.097,25.749
1674,25.071,25.733
1675,25.046,25.694
1676,25.099,25.758
1677,25.093,25.741
1678,25.091,25.733
1679,25.047,25.674
1680,25.025,25.653
1681,25.022,25.644
1682,25.022,25.642
1683,24.930,25.526
1684,24.913,25.505
1685,24.859,25.449
1686,24.835,25.426
1687,24.772,25.331
1688,24.766,25.325
1689,24.727,25.291
1690,24.738,25.316
1691,24.725,25.281
1692,24.685,25.239
1693,24.694,25.234
1694,24.666,25.216
1695,24.737,25.302
1696,24.775,25.349
1697,24.710,25.264
1698,24.700,25.263
1699,24.691,25.244
1700,24.643,25.192
1701,24.712,25.276
1702,24.657,25.209
1703,24.816,25.390
1704,24.825,25.401
1705,24.830,25.395
1706,24.923,25.495
1707,25.027,25.628
1708,25.022,25.609
1709,25.043,25.640
1710,25.041,25.635
1711,25.088,25.698
1712,25.138,25.755
1713,25.241,25.858
1714,25.212,25.823
1715,25.229,25.853
1716,25.270,25.917
1717,25.297,25.937
1718,25.289,25.920
1719,25.291,25.934
1720,25.376,26.035
1721,25.346,26.022
1722,25.381,26.046
1723,25.405,26.084
1724,25.438,26.114
1725,25.462,26.159
1726,25.476,26.173
1727,25.471,26.165
1728,25.503,26.204
1729,25.516,26.237
1730,25.583,26.309
1731,25.601,26.319
1732,25.587,26.329
1733,25.551,26.299
1734,25.584,26.318
1735,25.592,26.343
1736,25.594,26.358
1737,25.595,26.347
1738,25.558,26.284
1739,25.566,26.320
1740,25.559,26.309
1741,25.558,26.317
1742,25.588,26.347
1743,25.560,26.323
1744,25.569,26.358
1745,25.603,26.407
1746,25.615,26.402
1747,25.572,26.360
1748,25.595,26.403
1749,25.633,26.447
1750,25.631,26.447
1751,25.615,26.436
1752,25.617,26.466
1753,25.639,26.485
1754,25.681,26.552
1755,25.658,26.520
1756,25.611,26.452
1757,25.681,26.554
1758,25.655,26.514
1759,25.674,26.511
1760,25.621,26.485
1761,25.683,26.560
1762,25.694,26.603
1763,25.786,26.714
1764,25.720,26.636
1765,25.764,26.691
1766,25.699,26.622
1767,25.671,26.588
1768,25.697,26.609
1769,25.747,26.681
1770,25.652,26.546
1771,25.697,26.622
1772,25.641,26.539
1773,25.697,26.624
1774,25.633,26.550
1775,25.607,26.516
1776,25.532,26.393
1777,25.530,26.412
1778,25.378,26.225
1779,25.440,26.316
1780,25.412,26.294
1781,25.348,26.184
1782,25.446,26.301
1783,25.495,26.360
1784,25.524,26.370
1785,25.598,26.471
1786,25.681,26.571
1787,25.662,26.542
1788,25.642,26.508
1789,25.746,26.632
1790,25.766,26.633
1791,25.824,26.704
1792,25.821,26.688
1793,25.812,26.673
1794,25.816,26.680
1795,25.870,26.731
1796,25.848,26.714
1797,25.828,26.692
1798,25.855,26.727
1799,25.976,26.871
1800,25.900,26.764
1801,25.925,26.792
1802,25.865,26.709
1803,25.937,26.793
1804,25.898,26.731
1805,25.892,26.712
1806,25.905,26.712
1807,25.923,26.744
1808,25.949,26.768
1809,25.858,26.641
1810,25.834,26.618
1811,25.838,26.609
1812,25.771,26.503
1813,25.798,26.547
1814,25.807,26.577
1815,25.756,26.496
1816,25.745,26.486
1817,25.568,26.276
1818,25.713,26.421
1819,25.696,26.386
1820,25.688,26.396
1821,25.724,26.432
1822,25.710,26.395
1823,25.648,26.323
1824,25.600,26.257
1825,25.542,26.171
1826,25.526,26.158
1827,25.440,26.065
1828,25.474,26.088
1829,25.458,26.063
1830,25.453,26.071
1831,25.431,26.037
1832,25.445,26.043
1833,25.418,26.021
1834,25.412,25.997
1835,25.200,25.790
1836,24.771,25.322
1837,24.857,25.406
1838,25.123,25.681
1839,24.819,25.377
1840,24.743,25.296
