0,15.126,16.961
1,15.131,16.955
2,15.119,16.938
3,15.068,16.865
4,15.103,16.918
5,15.104,16.930
6,15.096,16.924
7,15.053,16.847
8,15.031,16.816
9,15.049,16.849
10,14.981,16.751
11,14.997,16.783
12,14.961,16.732
13,14.971,16.751
14,14.873,16.603
15,14.890,16.627
16,14.820,16.556
17,14.824,16.547
18,14.863,16.603
19,14.792,16.534
20,14.901,16.631
21,14.857,16.549
22,14.903,16.648
23,14.834,16.564
24,14.895,16.649
25,14.866,16.606
26,14.833,16.580
27,14.867,16.617
28,14.879,16.611
29,14.849,16.563
30,14.864,16.548
31,14.896,16.599
32,14.951,16.663
33,15.044,16.780
34,15.080,16.838
35,15.101,16.855
36,15.096,16.837
37,15.038,16.745
38,14.937,16.633
39,14.967,16.701
40,14.901,16.588
41,14.911,16.580
42,14.896,16.573
43,14.942,16.614
44,14.861,16.543
45,14.878,16.570
46,14.799,16.488
47,14.897,16.593
48,14.900,16.611
49,14.834,16.489
50,14.882,16.573
51,14.866,16.538
52,14.881,16.551
53,14.979,16.685
54,14.973,16.661
55,14.972,16.668
56,14.968,16.634
57,15.046,16.725
58,15.103,16.819
59,15.165,16.876
60,15.210,16.919
61,15.255,16.968
62,15.198,16.910
63,15.234,16.940
64,15.203,16.891
65,15.271,16.979
66,15.317,17.023
67,15.395,17.122
68,15.456,17.206
69,15.421,17.137
70,15.478,17.182
71,15.516,17.228
72,15.575,17.287
73,15.506,17.178
74,15.683,17.419
75,15.654,17.385
76,15.701,17.430
77,15.837,17.600
78,15.877,17.642
79,15.864,17.605
80,15.941,17.702
81,15.941,17.696
82,15.976,17.739
83,16.000,17.769
84,16.009,17.785
85,16.047,17.830
86,16.041,17.830
87,16.069,17.848
88,16.101,17.872
89,16.242,18.083
90,16.219,18.021
91,16.175,17.944
92,16.190,17.935
93,16.427,18.284
94,16.415,18.249
95,16.415,18.233
96,16.365,18.149
97,16.408,18.229
98,16.427,18.259
99,16.473,18.341
100,16.389,18.238
101,16.322,18.162
102,16.325,18.161
103,16.272,18.096
104,16.333,18.223
105,16.256,18.095
106,16.276,18.136
107,16.234,18.086
108,16.129,17.965
109,16.100,17.907
110,16.070,17.872
111,16.142,17.977
112,16.128,17.958
113,16.089,17.902
114,15.914,17.657
115,15.861,17.596
116,15.908,17.676
117,15.783,17.493
118,15.725,17.423
119,15.828,17.587
120,15.864,17.653
121,15.782,17.546
122,15.746,17.505
123,15.775,17.569
124,15.706,17.486
125,15.658,17.420
126,15.640,17.407
127,15.628,17.415
128,15.539,17.306
129,15.491,17.233
130,15.502,17.260
131,15.465,17.238
132,15.455,17.214
133,15.403,17.163
134,15.509,17.276
135,15.519,17.277
136,15.525,17.300
137,15.398,17.090
138,15.553,17.322
139,15.378,17.070
140,15.290,16.984
141,15.256,16.951
142,15.182,16.870
143,15.473,17.249
144,15.509,17.285
145,15.423,17.176
146,15.353,17.078
147,15.268,16.943
148,15.259,16.941
149,15.115,16.796
150,15.058,16.709
151,14.940,16.602
152,15.021,16.675
153,15.072,16.762
154,14.997,16.668
155,15.264,17.023
156,15.203,16.899
157,15.297,17.026
158,15.231,16.937
159,15.195,16.855
160,15.226,16.867
161,15.307,16.961
162,15.586,17.328
163,15.713,17.464
164,15.892,17.685
165,15.993,17.791
166,16.085,17.872
167,15.964,17.766
168,16.072,17.893
169,16.113,17.952
170,16.043,17.855
171,16.096,17.912
172,16.105,17.931
173,15.947,17.732
174,15.999,17.798
175,16.220,18.130
176,16.085,17.961
177,16.047,17.856
178,16.084,17.948
179,16.048,17.881
180,16.149,18.068
181,16.173,18.084
182,16.089,17.943
183,16.043,17.836
184,16.178,18.048
185,16.239,18.110
186,16.272,18.159
187,16.291,18.137
188,16.338,18.208
189,16.363,18.244
190,16.342,18.209
191,16.397,18.269
192,16.399,18.239
193,16.479,18.358
194,16.633,18.605
195,16.594,18.510
196,16.602,18.496
197,16.607,18.506
198,16.668,18.586
199,16.731,18.643
200,16.776,18.694
201,16.761,18.660
202,16.827,18.748
203,16.978,19.035
204,16.829,18.825
205,16.732,18.691
206,16.636,18.554
207,16.632,18.565
208,16.550,18.467
209,16.483,18.406
210,16.456,18.377
211,16.333,18.230
212,16.383,18.326
213,16.325,18.252
214,16.110,17.941
215,16.161,18.051
216,16.099,17.958
217,16.044,17.916
218,15.845,17.629
219,15.841,17.627
220,15.994,17.905
221,16.033,17.990
222,15.914,17.802
223,15.843,17.716
224,15.776,17.645
225,15.750,17.611
226,15.705,17.561
227,15.661,17.490
228,15.725,17.598
229,15.699,17.572
230,15.665,17.530
231,15.690,17.571
232,15.719,17.614
233,15.645,17.511
234,15.623,17.496
235,15.575,17.424
236,15.561,17.416
237,15.525,17.372
238,15.572,17.433
239,15.526,17.376
240,15.504,17.351
241,15.506,17.356
242,15.460,17.290
243,15.437,17.264
244,15.392,17.210
245,15.406,17.233
246,15.415,17.246
247,15.414,17.242
248,15.407,17.223
249,15.395,17.212
250,15.406,17.243
251,15.425,17.251
252,15.396,17.189
253,15.496,17.339
254,15.480,17.277
255,15.503,17.324
256,15.496,17.286
257,15.482,17.287
258,15.574,17.400
259,15.563,17.380
260,15.687,17.570
261,15.669,17.544
262,15.618,17.487
263,15.690,17.529
264,15.712,17.572
265,15.503,17.328
266,15.489,17.333
267,15.502,17.333
268,15.319,17.173
269,15.316,17.216
270,15.332,17.227
271,15.299,17.166
272,15.287,17.147
273,15.307,17.168
274,15.327,17.184
275,15.394,17.299
276,15.376,17.244
277,15.406,17.279
278,15.405,17.274
279,15.184,17.068
280,15.183,17.046
281,15.161,17.022
282,15.184,17.055
283,15.160,17.038
284,15.297,17.243
285,15.264,17.201
286,15.129,16.996
287,15.095,16.948
288,15.053,16.898
289,15.063,16.921
290,15.014,16.862
291,15.007,16.838
292,14.963,16.782
293,15.016,16.859
294,14.985,16.814
295,14.937,16.761
296,14.992,16.833
297,14.993,16.797
298,15.027,16.855
299,15.215,17.059
300,15.351,17.197
301,15.442,17.310
302,15.432,17.317
303,15.490,17.411
304,15.461,17.382
305,15.359,17.238
306,15.371,17.273
307,15.312,17.183
308,15.333,17.206
309,15.231,17.104
310,15.113,17.013
311,15.129,17.070
312,15.117,17.029
313,15.050,16.904
314,15.253,17.143
315,15.360,17.296
316,15.350,17.274
317,15.282,17.197
318,15.314,17.266
319,15.266,17.212
320,15.121,17.037
321,14.915,16.846
322,14.932,16.886
323,15.094,17.064
324,15.093,16.997
325,15.124,17.049
326,15.188,17.113
327,15.211,17.123
328,15.234,17.167
329,15.185,17.137
330,15.192,17.146
331,15.111,17.029
332,15.071,16.999
333,15.141,17.107
334,15.181,17.116
335,15.237,17.183
336,15.249,17.194
337,15.283,17.188
338,15.364,17.304
339,15.397,17.326
340,15.436,17.370
341,15.470,17.417
342,15.464,17.390
343,15.501,17.407
344,15.490,17.401
345,15.481,17.376
346,15.460,17.336
347,15.307,17.197
348,15.231,17.096
349,15.125,16.985
350,15.140,16.993
351,15.057,16.914
352,14.917,16.731
353,14.659,16.453
354,14.564,16.373
355,14.462,16.261
356,14.474,16.286
357,14.356,16.157
358,14.293,16.091
359,14.277,16.080
360,14.178,15.941
361,14.150,15.912
362,14.189,15.951
363,14.183,15.934
364,14.229,15.983
365,14.240,15.993
366,14.323,16.078
367,14.291,16.009
368,14.271,16.019
369,14.289,16.039
370,14.144,15.846
371,14.114,15.782
372,14.123,15.792
373,14.190,15.868
374,14.144,15.822
375,14.121,15.783
376,14.211,15.897
377,14.163,15.817
378,14.175,15.808
379,14.258,15.928
380,14.304,15.965
381,14.295,15.934
382,14.336,15.964
383,14.326,15.934
384,14.385,15.997
385,14.428,16.052
386,14.434,16.058
387,14.518,16.151
388,14.587,16.229
389,14.627,16.259
390,14.689,16.325
391,14.757,16.411
392,14.817,16.474
393,14.882,16.544
394,14.935,16.584
395,15.009,16.656
396,15.125,16.768
397,15.265,16.939
398,15.378,17.060
399,15.309,16.963
400,15.378,17.047
401,15.432,17.087
402,15.524,17.210
403,15.550,17.216
404,15.643,17.289
405,15.724,17.392
406,15.807,17.496
407,15.931,17.629
408,15.980,17.674
409,15.959,17.658
410,15.979,17.669
411,15.987,17.682
412,15.942,17.614
413,15.943,17.636
414,15.898,17.586
415,15.860,17.525
416,15.873,17.563
417,15.807,17.471
418,15.759,17.412
419,15.798,17.474
420,15.718,17.384
421,15.723,17.397
422,15.692,17.378
423,15.646,17.317
424,15.640,17.293
425,15.679,17.394
426,15.665,17.375
427,15.610,17.318
428,15.523,17.196
429,15.531,17.209
430,15.434,17.061
431,15.440,17.060
432,15.491,17.157
433,15.505,17.191
434,15.468,17.135
435,15.506,17.173
436,15.508,17.181
437,15.547,17.224
438,15.605,17.291
439,15.576,17.237
440,15.658,17.337
441,15.588,17.231
442,15.556,17.188
443,15.618,17.293
444,15.576,17.209
445,15.604,17.239
446,15.653,17.300
447,15.695,17.384
448,15.712,17.404
449,15.728,17.419
450,15.802,17.516
451,15.839,17.563
452,15.834,17.575
453,15.797,17.517
454,15.832,17.557
455,15.859,17.611
456,15.838,17.558
457,15.837,17.559
458,15.797,17.515
459,15.787,17.514
460,15.796,17.537
461,15.786,17.499
462,15.819,17.541
463,15.835,17.580
464,15.795,17.508
465,15.803,17.513
466,15.828,17.572
467,15.816,17.548
468,15.772,17.496
469,15.760,17.484
470,15.708,17.428
471,15.594,17.297
472,15.695,17.424
473,15.695,17.426
474,15.694,17.432
475,15.760,17.521
476,15.706,17.452
477,15.672,17.379
478,15.626,17.331
479,15.625,17.350
480,15.643,17.350
481,15.683,17.419
482,15.645,17.376
483,15.686,17.418
484,15.701,17.413
485,15.665,17.371
486,15.657,17.389
487,15.660,17.396
488,15.663,17.396
489,15.664,17.398
490,15.661,17.423
491,15.630,17.376
492,15.653,17.396
493,15.597,17.331
494,15.618,17.383
495,15.707,17.496
496,15.616,17.367
497,15.537,17.264
498,15.605,17.344
499,15.606,17.351
500,15.664,17.443
501,15.632,17.397
502,15.581,17.329
503,15.570,17.293
504,15.609,17.354
505,15.527,17.262
506,15.569,17.317
507,15.519,17.243
508,15.491,17.209
509,15.490,17.217
510,15.484,17.205
511,15.473,17.208
512,15.480,17.216
513,15.388,17.107
514,15.379,17.087
515,15.333,17.041
516,15.283,16.983
517,15.342,17.086
518,15.283,16.999
519,15.288,17.000
520,15.336,17.087
521,15.308,17.060
522,15.279,17.021
523,15.256,17.011
524,15.382,17.128
525,15.331,17.070
526,15.568,17.411
527,15.349,17.133
528,15.310,17.073
529,15.288,17.062
530,15.264,17.038
531,15.268,17.055
532,15.268,17.053
533,15.439,17.249
534,15.446,17.236
535,15.501,17.273
536,15.442,17.214
537,15.410,17.167
538,15.357,17.101
539,15.311,17.054
540,15.382,17.179
541,15.361,17.186
542,15.365,17.143
543,15.348,17.130
544,15.244,17.000
545,15.282,17.030
546,15.376,17.159
547,15.284,17.030
548,15.316,17.093
549,15.186,16.926
550,15.094,16.803
551,14.885,16.577
552,14.885,16.603
553,14.824,16.491
554,15.146,16.885
555,15.233,16.975
556,15.431,17.167
557,15.640,17.493
558,15.759,17.619
559,15.758,17.554
560,15.702,17.482
561,15.769,17.558
562,15.887,17.700
563,15.862,17.654
564,15.932,17.729
565,16.288,18.233
566,15.984,17.789
567,15.995,17.802
568,16.163,18.025
569,16.005,17.826
570,16.061,17.888
571,16.206,18.046
572,16.281,18.105
573,16.374,18.227
574,16.415,18.252
575,16.502,18.353
576,16.501,18.318
577,16.562,18.390
578,16.549,18.358
579,16.597,18.407
580,16.659,18.457
581,16.711,18.533
582,16.687,18.469
583,16.780,18.592
584,16.786,18.600
585,16.855,18.712
586,16.844,18.657
587,16.894,18.736
588,16.934,18.775
589,16.991,18.824
590,17.026,18.886
591,17.067,18.933
592,17.055,18.905
593,17.077,18.926
594,17.105,18.977
595,17.173,19.080
596,17.077,18.940
597,17.038,18.909
598,16.981,18.870
599,16.947,18.827
600,16.927,18.812
601,16.922,18.845
602,16.874,18.791
603,16.816,18.725
604,16.780,18.688
605,16.676,18.555
606,16.722,18.635
607,16.726,18.666
608,16.594,18.494
609,16.611,18.523
610,16.540,18.432
611,16.479,18.344
612,16.430,18.310
613,16.402,18.278
614,16.373,18.252
615,16.382,18.288
616,16.354,18.251
617,16.319,18.217
618,16.270,18.158
619,16.238,18.121
620,16.196,18.047
621,16.189,18.046
622,16.198,18.069
623,16.188,18.064
624,16.200,18.106
625,16.221,18.116
626,16.238,18.143
627,16.267,18.176
628,16.241,18.144
629,16.258,18.160
630,16.239,18.124
631,16.191,18.063
632,16.201,18.093
633,16.212,18.119
634,16.167,18.051
635,16.140,18.051
636,16.180,18.115
637,16.120,18.008
638,16.116,18.037
639,16.085,17.997
640,16.096,18.012
641,16.045,17.945
642,16.079,17.996
643,16.067,18.000
644,16.053,17.959
645,16.085,18.024
646,16.062,17.992
647,16.033,17.970
648,15.972,17.896
649,16.021,17.959
650,16.059,18.042
651,15.935,17.880
652,15.935,17.857
653,15.880,17.804
654,15.793,17.744
655,15.801,17.765
656,15.828,17.800
657,15.748,17.658
658,15.828,17.778
659,15.823,17.766
660,15.796,17.711
661,15.885,17.805
662,15.929,17.881
663,15.864,17.782
664,15.824,17.760
665,15.815,17.758
666,15.920,17.939
667,15.803,17.757
668,15.756,17.679
669,15.713,17.647
670,15.612,17.498
671,15.619,17.494
672,15.618,17.491
673,15.619,17.506
674,15.624,17.523
675,15.634,17.544
676,15.558,17.426
677,15.614,17.501
678,15.587,17.472
679,15.595,17.479
680,15.574,17.460
681,15.530,17.406
682,15.498,17.362
683,15.506,17.386
684,15.543,17.415
685,15.553,17.440
686,15.522,17.405
687,15.500,17.415
688,15.447,17.341
689,15.338,17.212
690,15.335,17.199
691,15.282,17.134
692,15.280,17.179
693,15.203,17.084
694,15.209,17.123
695,15.264,17.133
696,15.315,17.201
697,15.278,17.128
698,15.272,17.143
699,15.135,16.989
700,15.069,16.923
701,15.037,16.919
702,15.027,16.914
703,14.977,16.852
704,15.144,17.057
705,15.127,17.031
706,15.082,16.938
707,15.068,16.938
708,15.085,16.973
709,14.906,16.774
710,14.828,16.698
711,14.797,16.643
712,14.704,16.527
713,14.769,16.573
714,14.862,16.708
715,14.890,16.724
716,14.842,16.698
717,14.685,16.482
718,14.701,16.518
719,14.766,16.633
720,14.724,16.559
721,14.703,16.552
722,14.692,16.543
723,14.696,16.536
724,14.758,16.611
725,14.874,16.765
726,14.988,16.891
727,14.985,16.871
728,14.984,16.854
729,15.090,16.966
730,15.106,16.958
731,15.199,17.043
732,15.289,17.147
733,15.375,17.234
734,15.372,17.245
735,15.446,17.332
736,15.563,17.504
737,15.414,17.305
738,15.425,17.302
739,15.466,17.352
740,15.448,17.326
741,15.489,17.354
742,15.526,17.411
743,15.612,17.514
744,15.615,17.499
745,15.688,17.614
746,15.696,17.605
747,15.687,17.572
748,15.729,17.633
749,15.728,17.620
750,15.775,17.662
751,15.794,17.687
752,15.786,17.673
753,15.809,17.671
754,15.849,17.725
755,15.928,17.828
756,15.964,17.847
757,16.049,17.959
758,16.064,17.958
759,16.073,17.954
760,16.096,17.962
761,16.147,18.037
762,16.169,18.064
763,16.182,18.049
764,16.185,18.078
765,16.204,18.059
766,16.237,18.105
767,16.234,18.109
768,16.264,18.122
769,16.284,18.148
770,16.337,18.218
771,16.393,18.279
772,16.373,18.247
773,16.385,18.261
774,16.378,18.249
775,16.379,18.249
776,16.278,18.133
777,16.230,18.085
778,16.217,18.074
779,16.137,17.951
780,16.079,17.921
781,16.017,17.838
782,15.966,17.784
783,15.934,17.758
784,15.830,17.633
785,15.788,17.591
786,15.722,17.526
787,15.725,17.524
788,15.675,17.474
789,15.748,17.612
790,15.604,17.396
791,15.677,17.491
792,15.642,17.437
793,15.621,17.430
794,15.634,17.452
795,15.576,17.365
796,15.551,17.325
797,15.522,17.296
798,15.544,17.354
799,15.546,17.343
800,15.497,17.278
801,15.467,17.257
802,15.429,17.220
803,15.437,17.248
804,15.342,17.119
805,15.399,17.217
806,15.245,17.033
807,15.185,16.949
808,15.146,16.930
809,15.106,16.873
810,15.089,16.882
811,14.957,16.710
812,14.959,16.713
813,14.885,16.643
814,14.916,16.682
815,14.901,16.688
816,14.849,16.616
817,14.803,16.571
818,14.780,16.550
819,14.787,16.570
820,14.750,16.497
821,14.800,16.572
822,14.787,16.539
823,14.839,16.608
824,14.850,16.625
825,14.911,16.713
826,15.011,16.845
827,14.898,16.658
828,14.964,16.762
829,14.995,16.814
830,15.119,16.968
831,15.046,16.854
832,15.103,16.925
833,15.198,17.020
834,15.190,16.991
835,15.141,16.930
836,15.082,16.878
837,15.013,16.775
838,15.031,16.799
839,15.079,16.849
840,15.126,16.919
841,15.189,17.009
842,15.196,17.012
843,15.197,17.002
844,15.274,17.085
845,15.201,16.985
846,15.238,17.012
847,15.261,17.065
848,15.227,17.011
849,15.243,17.054
850,15.250,17.053
851,15.254,17.049
852,15.254,17.058
853,15.293,17.086
854,15.344,17.135
855,15.385,17.190
856,15.391,17.194
857,15.517,17.371
858,15.500,17.326
859,15.453,17.271
860,15.481,17.295
861,15.450,17.237
862,15.418,17.201
863,15.472,17.285
864,15.421,17.244
865,15.439,17.281
866,15.428,17.250
867,15.397,17.225
868,15.461,17.295
869,15.474,17.292
870,15.518,17.345
871,15.505,17.324
872,15.526,17.334
873,15.551,17.352
874,15.583,17.391
875,15.594,17.403
876,15.604,17.410
877,15.714,17.548
878,15.755,17.595
879,15.795,17.633
880,15.888,17.732
881,15.911,17.775
882,15.876,17.736
883,15.952,17.808
884,15.920,17.774
885,15.987,17.902
886,15.957,17.887
887,15.999,17.984
888,15.787,17.666
889,15.669,17.539
890,15.640,17.542
891,15.582,17.447
892,15.632,17.529
893,15.669,17.564
894,15.619,17.498
895,15.700,17.630
896,15.598,17.449
897,15.639,17.517
898,15.616,17.483
899,15.589,17.435
900,15.677,17.570
901,15.654,17.525
902,15.654,17.533
903,15.651,17.501
904,15.638,17.479
905,15.686,17.581
906,15.631,17.523
907,15.637,17.514
908,15.648,17.531
909,15.578,17.429
910,15.589,17.456
911,15.558,17.387
912,15.602,17.468
913,15.493,17.288
914,15.519,17.336
915,15.521,17.353
916,15.535,17.365
917,15.549,17.392
918,15.614,17.473
919,15.547,17.371
920,15.527,17.340
921,15.516,17.322
922,15.518,17.305
923,15.636,17.493
924,15.565,17.385
925,15.540,17.342
926,15.517,17.304
927,15.537,17.324
928,15.582,17.386
929,15.557,17.345
930,15.556,17.364
931,15.548,17.345
932,15.580,17.378
933,15.567,17.359
934,15.565,17.360
935,15.577,17.368
936,15.653,17.519
937,15.592,17.410
938,15.607,17.445
939,15.578,17.395
940,15.465,17.237
941,15.480,17.261
942,15.478,17.258
943,15.475,17.260
944,15.501,17.284
945,15.503,17.296
946,15.648,17.513
947,15.557,17.366
948,15.620,17.441
949,15.640,17.478
950,15.644,17.460
951,15.652,17.470
952,15.663,17.478
953,15.450,17.245
954,15.499,17.299
955,15.602,17.459
956,15.386,17.208
957,15.376,17.225
958,15.416,17.266
959,15.442,17.288
960,15.472,17.341
961,15.515,17.382
962,15.511,17.365
963,15.589,17.446
964,15.656,17.518
965,15.655,17.510
966,15.481,17.309
967,15.494,17.364
968,15.488,17.342
969,15.451,17.298
970,15.446,17.298
971,15.432,17.275
972,15.423,17.281
973,15.405,17.255
974,15.376,17.212
975,15.388,17.210
976,15.397,17.235
977,15.350,17.164
978,15.393,17.213
979,15.449,17.263
980,15.425,17.244
981,15.521,17.340
982,15.574,17.394
983,15.633,17.465
984,15.636,17.465
985,15.701,17.535
986,15.726,17.570
987,15.714,17.559
988,15.761,17.633
989,15.766,17.612
990,15.749,17.591
991,15.754,17.599
992,15.749,17.587
993,15.687,17.514
994,15.681,17.515
995,15.673,17.525
996,15.748,17.653
997,15.692,17.593
998,15.667,17.544
999,15.686,17.563
1000,15.692,17.582
1001,15.584,17.441
1002,15.723,17.632
1003,15.665,17.517
1004,15.673,17.525
1005,15.687,17.667
1006,15.708,17.718
1007,15.684,17.672
1008,15.390,17.201
1009,15.463,17.300
1010,15.449,17.286
1011,15.484,17.319
1012,15.769,17.754
1013,15.908,17.970
1014,15.522,17.314
1015,15.718,17.658
1016,15.519,17.389
1017,15.483,17.357
1018,15.443,17.304
1019,15.393,17.225
1020,15.350,17.182
1021,15.297,17.116
1022,15.354,17.228
1023,15.324,17.183
1024,15.477,17.444
1025,15.307,17.175
1026,15.329,17.212
1027,15.185,16.994
1028,15.199,17.011
1029,15.188,16.972
1030,15.184,16.984
1031,15.205,17.021
1032,15.131,16.902
1033,15.117,16.897
1034,15.222,17.034
1035,15.225,17.046
1036,15.223,17.042
1037,15.202,17.029
1038,15.267,17.127
1039,15.196,17.007
1040,15.225,17.028
1041,15.193,16.960
1042,15.228,17.022
1043,15.209,16.986
1044,15.211,16.971
1045,15.217,16.978
1046,15.164,16.923
1047,15.188,16.934
1048,15.259,17.053
1049,15.180,16.919
1050,15.214,16.972
1051,15.170,16.914
1052,15.177,16.928
1053,15.134,16.853
1054,15.148,16.880
1055,15.173,16.930
1056,15.115,16.839
1057,15.123,16.851
1058,15.092,16.807
1059,15.051,16.771
1060,15.122,16.860
1061,15.103,16.834
1062,15.054,16.767
1063,15.046,16.778
1064,15.014,16.722
1065,14.997,16.704
1066,14.981,16.677
1067,14.998,16.704
1068,14.955,16.627
1069,14.975,16.683
1070,14.916,16.619
1071,14.916,16.618
1072,14.899,16.586
1073,14.889,16.572
1074,14.891,16.586
1075,14.888,16.579
1076,14.856,16.534
1077,14.865,16.554
1078,14.866,16.540
1079,14.863,16.547
1080,14.863,16.549
1081,14.824,16.504
1082,14.809,16.468
1083,14.768,16.428
1084,14.800,16.462
1085,14.799,16.453
1086,14.793,16.460
1087,14.792,16.446
1088,14.794,16.466
1089,14.839,16.531
1090,14.802,16.460
1091,14.822,16.520
1092,14.802,16.487
1093,14.873,16.581
1094,14.841,16.536
1095,14.763,16.446
1096,14.766,16.473
1097,14.712,16.406
1098,14.732,16.432
1099,14.694,16.386
1100,14.685,16.381
1101,14.676,16.349
1102,14.720,16.423
1103,14.726,16.432
1104,14.708,16.391
1105,14.724,16.396
1106,14.739,16.407
1107,14.775,16.472
1108,14.779,16.490
1109,14.795,16.506
1110,14.776,16.479
1111,14.780,16.489
1112,14.757,16.463
1113,14.742,16.454
1114,14.736,16.430
1115,14.749,16.416
1116,14.830,16.542
1117,14.756,16.439
1118,14.749,16.445
1119,14.697,16.351
1120,14.713,16.378
1121,14.732,16.399
1122,14.761,16.432
1123,14.740,16.415
1124,14.703,16.368
1125,14.745,16.409
1126,14.771,16.433
1127,14.758,16.421
1128,14.772,16.420
1129,14.795,16.463
1130,14.810,16.474
1131,14.789,16.444
1132,14.804,16.480
1133,14.788,16.447
1134,14.820,16.480
1135,14.800,16.447
1136,14.788,16.437
1137,14.800,16.454
1138,14.806,16.462
1139,14.842,16.503
1140,14.825,16.480
1141,14.829,16.483
1142,14.862,16.529
1143,14.883,16.543
1144,14.913,16.565
1145,14.953,16.605
1146,14.954,16.608
1147,14.965,16.628
1148,14.960,16.621
1149,15.001,16.659
1150,15.019,16.675
1151,15.053,16.717
1152,15.063,16.724
1153,15.031,16.689
1154,15.047,16.714
1155,15.066,16.741
1156,15.092,16.768
1157,15.093,16.782
1158,15.081,16.759
1159,15.148,16.841
1160,15.033,16.718
1161,15.051,16.737
1162,15.043,16.729
1163,15.111,16.806
1164,15.107,16.790
1165,15.113,16.791
1166,15.105,16.770
1167,15.094,16.761
1168,15.121,16.783
1169,15.115,16.781
1170,15.111,16.766
1171,15.120,16.775
1172,15.115,16.765
1173,15.098,16.753
1174,15.085,16.728
1175,15.118,16.765
1176,15.112,16.749
1177,15.156,16.821
1178,15.219,16.926
1179,15.190,16.839
1180,15.184,16.844
1181,15.254,16.930
1182,15.177,16.831
1183,15.129,16.769
1184,15.219,16.865
1185,15.174,16.817
1186,15.182,16.831
1187,15.159,16.801
1188,15.166,16.820
1189,15.123,16.763
1190,15.204,16.881
1191,15.175,16.850
1192,15.242,16.932
1193,15.210,16.895
1194,15.190,16.848
1195,15.157,16.834
1196,15.161,16.831
1197,15.362,17.144
1198,15.209,16.946
1199,15.227,16.952
1200,15.122,16.804
1201,15.201,16.900
1202,15.213,16.918
1203,15.197,16.905
1204,15.175,16.882
1205,15.142,16.827
1206,15.107,16.771
1207,15.107,16.781
1208,15.120,16.811
1209,15.066,16.735
1210,15.139,16.848
1211,15.154,16.877
1212,15.096,16.781
1213,15.052,16.742
1214,15.058,16.732
1215,15.045,16.744
1216,15.016,16.689
1217,15.035,16.734
1218,14.994,16.685
1219,14.992,16.699
1220,15.023,16.722
1221,14.981,16.698
1222,14.958,16.655
1223,14.962,16.654
1224,14.910,16.621
1225,14.917,16.634
1226,14.882,16.578
1227,14.883,16.579
1228,14.891,16.588
1229,14.878,16.550
1230,14.843,16.540
1231,14.842,16.567
1232,14.854,16.577
1233,14.801,16.497
1234,14.817,16.522
1235,14.791,16.517
1236,14.758,16.430
1237,14.776,16.475
1238,14.756,16.438
1239,14.744,16.429
1240,14.691,16.346
1241,14.694,16.376
1242,14.692,16.375
1243,14.716,16.415
1244,14.723,16.406
1245,14.691,16.374
1246,14.689,16.388
1247,14.635,16.296
1248,14.632,16.312
1249,14.575,16.242
1250,14.616,16.285
1251,14.570,16.218
1252,14.565,16.211
1253,14.565,16.223
1254,14.595,16.275
1255,14.605,16.282
1256,14.549,16.200
1257,14.589,16.259
1258,14.579,16.256
1259,14.555,16.220
1260,14.517,16.172
1261,14.552,16.218
1262,14.666,16.350
1263,14.700,16.371
1264,14.726,16.397
1265,14.663,16.297
1266,14.712,16.392
1267,14.642,16.297
1268,14.714,16.380
1269,14.700,16.354
1270,14.667,16.300
1271,14.701,16.353
1272,14.724,16.376
1273,14.648,16.261
1274,14.679,16.300
1275,14.716,16.382
1276,14.700,16.338
1277,14.720,16.372
1278,14.719,16.371
1279,14.718,16.344
1280,14.729,16.373
1281,14.685,16.305
1282,14.719,16.367
1283,14.713,16.337
1284,14.708,16.345
1285,14.706,16.320
1286,14.730,16.369
1287,14.726,16.359
1288,14.716,16.340
1289,14.727,16.354
1290,14.763,16.420
1291,14.759,16.396
1292,14.732,16.344
1293,14.755,16.379
1294,14.713,16.321
1295,14.760,16.376
1296,14.766,16.402
1297,14.765,16.380
1298,14.817,16.461
1299,14.824,16.487
1300,14.785,16.404
1301,14.816,16.449
1302,14.805,16.428
1303,14.825,16.448
1304,14.785,16.399
1305,14.815,16.448
1306,14.856,16.495
1307,14.832,16.469
1308,14.858,16.509
1309,14.851,16.507
1310,14.870,16.515
1311,14.877,16.529
1312,14.830,16.448
1313,14.860,16.505
1314,14.823,16.456
1315,14.806,16.443
1316,14.801,16.408
1317,14.810,16.437
1318,14.771,16.381
1319,14.794,16.403
1320,14.779,16.384
1321,14.788,16.394
1322,14.784,16.379
1323,14.827,16.460
1324,14.845,16.482
1325,14.820,16.456
1326,14.820,16.444
1327,14.806,16.447
1328,14.808,16.436
1329,14.792,16.423
1330,14.839,16.479
1331,14.828,16.473
1332,14.778,16.407
1333,14.833,16.480
1334,14.777,16.384
1335,14.782,16.419
1336,14.783,16.417
1337,14.828,16.482
1338,14.819,16.460
1339,14.826,16.467
1340,14.853,16.511
1341,14.788,16.407
1342,14.756,16.362
1343,14.714,16.310
1344,14.749,16.357
1345,14.760,16.364
1346,14.800,16.436
1347,14.750,16.356
1348,14.767,16.387
1349,14.789,16.400
1350,14.776,16.399
1351,14.803,16.431
1352,14.717,16.306
1353,14.748,16.349
1354,14.723,16.321
1355,14.701,16.294
1356,14.731,16.332
1357,14.704,16.295
1358,14.663,16.249
1359,14.692,16.279
1360,14.689,16.282
1361,14.712,16.320
1362,14.741,16.344
1363,14.737,16.334
1364,14.747,16.358
1365,14.716,16.294
1366,14.751,16.335
1367,14.743,16.355
1368,14.735,16.324
1369,14.727,16.306
1370,14.722,16.279
1371,14.763,16.343
1372,14.728,16.293
1373,14.761,16.340
1374,14.712,16.267
1375,14.754,16.308
1376,14.793,16.384
1377,14.780,16.355
1378,14.754,16.297
1379,14.794,16.363
1380,14.823,16.382
1381,14.828,16.399
1382,14.826,16.366
1383,14.862,16.432
1384,14.919,16.499
1385,14.825,16.378
1386,14.840,16.393
1387,14.818,16.347
1388,14.841,16.357
1389,14.835,16.353
1390,14.843,16.367
1391,14.838,16.335
1392,14.873,16.386
1393,14.873,16.376
1394,14.897,16.420
1395,14.920,16.444
1396,14.920,16.428
1397,14.933,16.457
1398,14.949,16.458
1399,14.975,16.498
1400,14.942,16.447
1401,14.979,16.497
1402,14.940,16.427
1403,14.961,16.465
1404,14.959,16.447
1405,15.007,16.504
1406,15.053,16.568
1407,15.103,16.655
1408,15.095,16.649
1409,15.097,16.635
1410,15.145,16.708
1411,15.095,16.633
1412,15.101,16.643
1413,15.107,16.683
1414,15.117,16.664
1415,15.069,16.606
1416,15.073,16.606
1417,15.085,16.621
1418,15.116,16.666
1419,15.080,16.631
1420,15.099,16.641
1421,15.076,16.613
1422,15.093,16.626
1423,15.030,16.551
1424,15.091,16.644
1425,15.096,16.640
1426,15.095,16.629
1427,15.099,16.634
1428,15.079,16.625
1429,15.074,16.619
1430,14.929,16.451
1431,14.943,16.487
1432,14.952,16.500
1433,14.962,16.512
1434,14.983,16.527
1435,14.973,16.505
1436,14.957,16.485
1437,14.944,16.480
1438,14.926,16.458
1439,14.944,16.484
1440,14.916,16.434
1441,14.938,16.472
1442,14.973,16.511
1443,14.966,16.508
1444,14.997,16.531
1445,14.998,16.546
1446,15.020,16.579
1447,15.037,16.596
1448,15.050,16.602
1449,14.952,16.479
1450,14.979,16.513
1451,14.985,16.501
1452,15.022,16.546
1453,15.026,16.568
1454,14.991,16.512
1455,14.955,16.455
1456,14.986,16.509
1457,15.009,16.523
1458,15.099,16.669
1459,15.063,16.615
1460,15.079,16.643
1461,15.087,16.642
1462,15.079,16.620
1463,15.046,16.602
1464,15.070,16.633
1465,15.071,16.623
1466,15.024,16.568
1467,15.057,16.603
1468,15.052,16.599
1469,15.055,16.600
1470,15.098,16.642
1471,15.099,16.650
1472,15.119,16.675
1473,15.162,16.710
1474,15.159,16.717
1475,15.154,16.722
1476,15.195,16.765
1477,15.260,16.853
1478,15.289,16.879
1479,15.276,16.842
1480,15.263,16.844
1481,15.272,16.825
1482,15.346,16.942
1483,15.241,16.802
1484,15.246,16.793
1485,15.300,16.877
1486,15.299,16.888
1487,15.319,16.914
1488,15.282,16.861
1489,15.305,16.900
1490,15.300,16.881
1491,15.295,16.856
1492,15.254,16.811
1493,15.250,16.802
1494,15.247,16.793
1495,15.232,16.792
1496,15.182,16.729
1497,15.198,16.754
1498,15.165,16.713
1499,15.196,16.753
1500,15.126,16.674
1501,15.186,16.766
1502,15.150,16.718
1503,15.126,16.684
1504,15.102,16.663
1505,15.063,16.611
1506,15.100,16.661
1507,15.038,16.584
1508,15.111,16.691
1509,15.102,16.689
1510,14.991,16.518
1511,15.017,16.567
1512,15.123,16.733
1513,14.996,16.546
1514,14.936,16.452
1515,14.940,16.482
1516,15.073,16.679
1517,15.033,16.611
1518,15.021,16.610
1519,14.972,16.565
1520,14.988,16.560
1521,14.944,16.496
1522,15.021,16.620
1523,15.029,16.640
1524,14.903,16.456
1525,14.892,16.452
1526,15.015,16.642
1527,15.013,16.639
1528,14.953,16.549
1529,14.956,16.552
1530,14.886,16.459
1531,14.925,16.535
1532,14.739,16.270
1533,14.853,16.448
1534,14.778,16.365
1535,14.856,16.418
1536,14.868,16.459
1537,14.916,16.513
1538,14.852,16.455
1539,14.833,16.432
1540,14.808,16.398
1541,14.968,16.582
1542,15.012,16.625
1543,15.021,16.634
1544,14.996,16.621
1545,14.956,16.558
1546,14.966,16.598
1547,14.989,16.621
1548,14.943,16.557
1549,14.969,16.608
1550,14.929,16.552
1551,14.933,16.586
1552,14.907,16.535
1553,14.953,16.616
1554,14.890,16.543
1555,14.922,16.594
1556,15.003,16.655
1557,15.026,16.687
1558,15.016,16.669
1559,15.038,16.701
1560,14.974,16.624
1561,15.027,16.690
1562,15.110,16.753
1563,15.136,16.780
1564,15.169,16.799
1565,15.203,16.876
1566,15.188,16.844
1567,15.241,16.908
1568,15.290,16.975
1569,15.383,17.084
1570,15.445,17.136
1571,15.525,17.227
1572,15.617,17.332
1573,15.716,17.430
1574,15.750,17.444
1575,15.825,17.539
1576,15.935,17.676
1577,15.882,17.614
1578,15.861,17.572
1579,15.914,17.637
1580,15.909,17.628
1581,15.925,17.646
1582,15.875,17.586
1583,15.790,17.493
1584,15.741,17.449
1585,15.772,17.477
1586,15.780,17.462
1587,15.767,17.440
1588,15.750,17.420
1589,15.784,17.482
1590,15.757,17.435
1591,15.763,17.442
1592,15.774,17.449
1593,15.644,17.273
1594,15.685,17.323
1595,15.701,17.353
1596,15.774,17.455
1597,15.807,17.510
1598,15.818,17.515
1599,15.845,17.543
1600,15.824,17.515
1601,15.783,17.447
1602,15.833,17.532
1603,15.877,17.589
1604,15.831,17.529
1605,15.822,17.522
1606,15.722,17.374
1607,15.702,17.373
1608,15.700,17.361
1609,15.669,17.306
1610,15.638,17.303
1611,15.622,17.269
1612,15.638,17.297
1613,15.612,17.264
1614,15.595,17.240
1615,15.572,17.220
1616,15.563,17.197
1617,15.602,17.265
1618,15.555,17.211
1619,15.550,17.199
1620,15.537,17.192
1621,15.521,17.168
1622,15.533,17.187
1623,15.475,17.110
1624,15.463,17.095
1625,15.405,17.044
1626,15.372,16.995
1627,15.341,16.970
1628,15.311,16.930
1629,15.285,16.912
1630,15.250,16.862
1631,15.196,16.801
1632,15.206,16.825
1633,15.205,16.822
1634,15.191,16.811
1635,15.162,16.782
1636,15.117,16.748
1637,15.118,16.725
1638,15.080,16.680
1639,15.082,16.707
1640,15.048,16.673
1641,14.996,16.597
1642,15.010,16.626
1643,15.020,16.640
1644,15.026,16.664
1645,14.987,16.633
1646,15.006,16.632
1647,14.936,16.570
1648,14.920,16.553
1649,14.890,16.513
1650,14.870,16.500
1651,14.861,16.490
1652,14.820,16.451
1653,14.775,16.400
1654,14.775,16.402
1655,14.794,16.425
1656,14.804,16.455
1657,14.814,16.450
1658,14.783,16.410
1659,14.791,16.437
1660,14.762,16.399
1661,14.756,16.409
1662,14.721,16.351
1663,14.734,16.362
1664,14.727,16.366
1665,14.700,16.332
1666,14.742,16.377
1667,14.688,16.314
1668,14.702,16.341
1669,14.699,16.342
1670,14.655,16.288
1671,14.673,16.302
1672,14.660,16.274
1673,14.728,16.363
1674,14.702,16.336
1675,14.738,16.382
1676,14.714,16.341
1677,14.691,16.291
1678,14.674,16.279
1679,14.675,16.273
1680,14.714,16.316
1681,14.654,16.210
1682,14.725,16.315
1683,14.710,16.283
1684,14.788,16.367
1685,14.692,16.243
1686,14.710,16.258
1687,14.756,16.310
1688,14.770,16.330
1689,14.791,16.346
1690,14.721,16.249
1691,14.754,16.268
1692,14.773,16.282
1693,14.778,16.291
1694,14.791,16.317
1695,14.765,16.268
1696,14.783,16.293
1697,14.809,16.301
1698,14.826,16.342
1699,14.787,16.275
1700,14.855,16.344
1701,14.851,16.336
1702,14.875,16.364
1703,14.839,16.315
1704,14.835,16.292
1705,14.828,16.279
1706,14.865,16.327
1707,14.854,16.313
1708,14.842,16.286
1709,14.843,16.279
1710,14.822,16.252
1711,14.793,16.208
1712,14.770,16.175
1713,14.803,16.231
1714,14.778,16.187
1715,14.762,16.150
1716,14.776,16.180
1717,14.744,16.119
1718,14.767,16.153
1719,14.762,16.140
1720,14.742,16.109
1721,14.772,16.133
1722,14.726,16.065
1723,14.724,16.072
1724,14.722,16.051
1725,14.736,16.069
1726,14.723,16.046
1727,14.743,16.065
1728,14.715,16.044
1729,14.730,16.037
1730,14.709,16.010
1731,14.685,15.974
1732,14.739,16.049
1733,14.735,16.039
1734,14.693,15.985
1735,14.770,16.069
1736,14.750,16.043
1737,14.739,16.033
1738,14.774,16.066
1739,14.723,16.005
1740,14.715,16.000
1741,14.737,16.026
1742,14.721,15.999
1743,14.737,16.031
1744,14.698,15.992
1745,14.735,16.013
1746,14.690,15.970
1747,14.753,16.055
1748,14.696,15.982
1749,14.678,15.971
1750,14.683,15.975
1751,14.685,15.973
1752,14.682,15.963
1753,14.657,15.964
1754,14.657,15.957
1755,14.691,16.011
1756,14.666,15.987
1757,14.635,15.944
1758,14.603,15.916
1759,14.597,15.922
1760,14.634,15.965
1761,14.560,15.873
1762,14.547,15.859
1763,14.525,15.837
1764,14.509,15.823
1765,14.498,15.818
1766,14.470,15.784
1767,14.463,15.783
1768,14.426,15.740
1769,14.398,15.698
1770,14.385,15.692
1771,14.398,15.722
1772,14.425,15.755
1773,14.395,15.723
1774,14.394,15.730
1775,14.375,15.700
1776,14.374,15.698
1777,14.322,15.646
1778,14.336,15.657
1779,14.283,15.590
1780,14.291,15.610
1781,14.280,15.610
1782,14.251,15.573
1783,14.244,15.568
1784,14.189,15.522
1785,14.192,15.521
1786,14.184,15.512
1787,14.158,15.495
1788,14.151,15.492
1789,14.124,15.478
1790,14.130,15.482
1791,14.117,15.465
1792,14.109,15.473
1793,14.109,15.484
1794,14.108,15.464
1795,14.126,15.488
1796,14.132,15.486
1797,14.149,15.525
1798,14.153,15.524
1799,14.164,15.540
1800,14.142,15.522
1801,14.127,15.499
1802,14.139,15.511
1803,14.133,15.512
1804,14.096,15.474
1805,14.085,15.462
1806,14.026,15.403
1807,14.015,15.387
1808,13.998,15.373
1809,13.995,15.368
1810,13.983,15.350
1811,13.940,15.317
1812,13.946,15.309
1813,13.898,15.261
1814,13.871,15.219
1815,13.842,15.191
1816,13.846,15.197
1817,13.855,15.209
1818,13.838,15.202
1819,13.871,15.249
1820,13.869,15.247
1821,13.822,15.189
1822,13.817,15.192
1823,13.833,15.209
1824,13.834,15.220
1825,13.823,15.212
1826,13.947,15.351
1827,13.952,15.358
1828,13.967,15.380
1829,13.932,15.340
1830,13.917,15.327
1831,13.911,15.326
1832,13.889,15.303
1833,13.881,15.289
1834,13.872,15.271
1835,13.893,15.301
1836,13.867,15.276
1837,13.862,15.266
1838,13.836,15.245
1839,13.844,15.250
1840,13.845,15.255
