0,24.873,25.628
1,24.869,25.633
2,24.886,25.648
3,24.921,25.687
4,24.617,25.313
5,24.607,25.314
6,24.593,25.303
7,24.624,25.329
8,24.592,25.283
9,24.608,25.300
10,24.600,25.288
11,24.589,25.287
12,24.598,25.293
13,24.617,25.323
14,24.915,25.676
15,24.950,25.713
16,24.864,25.617
17,24.860,25.615
18,24.859,25.609
19,24.917,25.673
20,24.947,25.715
21,24.652,25.352
22,24.936,25.695
23,24.944,25.687
24,24.854,25.596
25,24.866,25.601
26,24.841,25.563
27,24.835,25.559
28,24.797,25.519
29,24.834,25.570
30,24.859,25.597
31,24.593,25.284
32,24.871,25.620
33,24.955,25.716
34,24.896,25.648
35,24.842,25.581
36,24.814,25.556
37,24.859,25.602
38,24.866,25.597
39,24.828,25.564
40,24.829,25.572
41,24.817,25.550
42,24.809,25.542
43,24.785,25.506
44,24.783,25.512
45,24.753,25.481
46,24.758,25.480
47,24.746,25.470
48,24.785,25.519
49,24.748,25.464
50,24.784,25.493
51,24.757,25.469
52,24.769,25.479
53,24.768,25.490
54,24.781,25.500
55,24.791,25.515
56,24.785,25.503
57,24.789,25.495
58,24.803,25.519
59,24.799,25.518
60,24.780,25.486
61,24.809,25.537
62,24.826,25.546
63,24.803,25.520
64,24.851,25.576
65,24.880,25.617
66,24.881,25.620
67,24.869,25.613
68,24.873,25.622
69,24.897,25.646
70,24.900,25.647
71,24.901,25.643
72,24.915,25.667
73,24.924,25.667
74,24.946,25.683
75,24.975,25.719
76,25.053,25.813
77,25.041,25.804
78,25.040,25.802
79,25.031,25.773
80,25.076,25.821
81,25.072,25.821
82,25.085,25.839
83,25.145,25.906
84,25.170,25.936
85,25.181,25.933
86,25.232,26.001
87,25.271,26.036
88,25.315,26.094
89,25.354,26.136
90,25.353,26.140
91,25.381,26.168
92,25.414,26.204
93,25.345,26.116
94,25.423,26.205
95,25.438,26.235
96,25.439,26.232
97,25.430,26.221
98,25.464,26.246
99,25.466,26.240
100,25.452,26.236
101,25.428,26.205
102,25.452,26.226
103,25.477,26.272
104,25.456,26.234
105,25.423,26.195
106,25.423,26.195
107,25.427,26.198
108,25.434,26.222
109,25.426,26.209
110,25.403,26.179
111,25.415,26.197
112,25.421,26.201
113,25.396,26.179
114,25.406,26.187
115,25.408,26.198
116,25.428,26.236
117,25.480,26.312
118,25.566,26.409
119,25.572,26.400
120,25.548,26.380
121,25.563,26.390
122,25.585,26.414
123,25.582,26.417
124,25.601,26.424
125,25.603,26.439
126,25.595,26.414
127,25.644,26.472
128,25.612,26.424
129,25.635,26.469
130,25.607,26.446
131,25.583,26.422
132,25.579,26.406
133,25.585,26.424
134,25.554,26.353
135,25.563,26.371
136,25.576,26.393
137,25.555,26.354
138,25.560,26.361
139,25.563,26.371
140,25.545,26.353
141,25.478,26.267
142,25.529,26.316
143,25.535,26.318
144,25.553,26.374
145,25.567,26.370
146,25.554,26.360
147,25.592,26.389
148,25.570,26.371
149,25.571,26.380
150,25.578,26.387
151,25.589,26.398
152,25.588,26.367
153,25.573,26.368
154,25.571,26.371
155,25.584,26.380
156,25.517,26.296
157,25.519,26.300
158,25.502,26.275
159,25.462,26.248
160,25.490,26.284
161,25.488,26.281
162,25.500,26.291
163,25.472,26.267
164,25.432,26.224
165,25.449,26.249
166,25.451,26.256
167,25.435,26.242
168,25.434,26.251
169,25.451,26.275
170,25.424,26.243
171,25.430,26.250
172,25.417,26.249
173,25.396,26.212
174,25.420,26.241
175,25.457,26.289
176,25.440,26.275
177,25.441,26.261
178,25.439,26.272
179,25.435,26.244
180,25.477,26.325
181,25.459,26.297
182,25.434,26.270
183,25.429,26.268
184,25.434,26.269
185,25.489,26.329
186,25.472,26.310
187,25.413,26.217
188,25.425,26.241
189,25.091,25.851
190,25.103,25.864
191,25.118,25.887
192,25.051,25.785
193,25.400,26.216
194,25.410,26.237
195,25.306,26.117
196,25.291,26.106
197,25.306,26.124
198,25.274,26.078
199,25.269,26.077
200,25.211,26.002
201,25.254,26.043
202,25.191,25.978
203,25.189,25.991
204,25.215,26.020
205,25.260,26.074
206,25.249,26.067
207,25.283,26.101
208,25.273,26.070
209,25.306,26.125
210,25.311,26.128
211,25.304,26.113
212,25.322,26.126
213,25.348,26.169
214,25.364,26.192
215,25.364,26.181
216,25.344,26.152
217,25.374,26.191
218,25.472,26.302
219,25.460,26.295
220,25.432,26.245
221,25.437,26.255
222,25.398,26.187
223,25.419,26.232
224,25.433,26.247
225,25.394,26.195
226,25.415,26.223
227,25.454,26.277
228,25.529,26.369
229,25.524,26.344
230,25.633,26.495
231,25.564,26.425
232,25.534,26.385
233,25.516,26.353
234,25.541,26.399
235,25.526,26.391
236,25.526,26.389
237,25.513,26.347
238,25.528,26.369
239,25.502,26.342
240,25.481,26.331
241,25.449,26.293
242,25.463,26.319
243,25.485,26.333
244,25.400,26.220
245,25.455,26.305
246,25.424,26.269
247,25.405,26.230
248,25.532,26.392
249,25.626,26.529
250,25.509,26.347
251,25.163,25.944
252,25.183,25.968
253,25.454,26.285
254,25.524,26.371
255,25.161,25.948
256,25.139,25.912
257,25.197,25.979
258,25.650,26.540
259,25.622,26.495
260,25.572,26.448
261,25.512,26.363
262,25.584,26.449
263,25.587,26.470
264,25.583,26.453
265,25.572,26.434
266,25.550,26.393
267,25.516,26.349
268,25.589,26.463
269,25.588,26.442
270,25.654,26.536
271,25.597,26.456
272,25.181,25.956
273,25.163,25.927
274,25.179,25.957
275,25.149,25.913
276,25.167,25.950
277,25.144,25.910
278,25.166,25.938
279,25.156,25.910
280,25.185,25.945
281,25.135,25.885
282,25.611,26.490
283,25.611,26.472
284,25.681,26.561
285,25.646,26.503
286,25.643,26.517
287,25.608,26.481
288,25.633,26.499
289,25.613,26.478
290,25.615,26.498
291,25.628,26.525
292,25.610,26.488
293,25.195,25.993
294,25.212,26.008
295,25.615,26.493
296,25.586,26.470
297,25.537,26.412
298,25.544,26.440
299,25.553,26.459
300,25.522,26.417
301,25.548,26.436
302,25.558,26.428
303,25.654,26.556
304,25.213,26.023
305,25.530,26.406
306,25.503,26.369
307,25.507,26.377
308,25.449,26.298
309,25.576,26.434
310,25.564,26.427
311,25.551,26.428
312,25.120,25.899
313,25.148,25.932
314,25.597,26.493
315,25.528,26.401
316,25.483,26.330
317,25.525,26.377
318,25.495,26.338
319,25.645,26.508
320,25.172,25.939
321,25.181,25.940
322,25.188,25.962
323,25.210,25.997
324,25.175,25.938
325,25.198,25.969
326,25.222,25.999
327,25.190,25.957
328,25.224,26.008
329,25.257,26.054
330,25.207,25.974
331,25.261,26.047
332,25.197,25.971
333,25.213,25.994
334,25.614,26.489
335,25.649,26.542
336,25.560,26.425
337,25.522,26.374
338,25.564,26.435
339,25.573,26.461
340,25.563,26.417
341,25.552,26.418
342,25.490,26.342
343,25.538,26.396
344,25.463,26.308
345,25.525,26.382
346,25.500,26.363
347,25.514,26.376
348,25.548,26.408
349,25.474,26.299
350,25.512,26.344
351,25.522,26.371
352,25.556,26.409
353,25.490,26.305
354,25.542,26.372
355,25.517,26.335
356,25.475,26.267
357,25.476,26.294
358,25.093,25.824
359,25.519,26.335
360,25.365,26.140
361,25.420,26.190
362,25.402,26.182
363,25.422,26.198
364,25.435,26.220
365,25.517,26.306
366,25.604,26.423
367,25.609,26.449
368,25.657,26.474
369,25.645,26.454
370,25.642,26.447
371,25.629,26.456
372,25.650,26.483
373,25.621,26.437
374,25.637,26.469
375,25.668,26.518
376,25.630,26.477
377,25.285,26.042
378,25.697,26.548
379,25.565,26.389
380,25.548,26.372
381,25.569,26.391
382,25.543,26.352
383,25.641,26.478
384,25.227,25.985
385,25.702,26.551
386,25.652,26.502
387,25.589,26.413
388,25.621,26.465
389,25.563,26.388
390,25.600,26.439
391,25.601,26.462
392,25.563,26.392
393,25.584,26.433
394,25.564,26.414
395,25.584,26.410
396,25.225,25.984
397,25.548,26.381
398,25.491,26.300
399,25.498,26.309
400,25.499,26.323
401,25.509,26.332
402,25.444,26.236
403,25.471,26.276
404,25.482,26.304
405,25.472,26.284
406,25.441,26.251
407,25.419,26.215
408,25.406,26.214
409,25.468,26.286
410,25.403,26.218
411,25.444,26.266
412,25.404,26.199
413,25.365,26.170
414,25.369,26.164
415,25.338,26.118
416,25.422,26.235
417,25.430,26.254
418,25.089,25.843
419,25.468,26.299
420,25.345,26.138
421,25.394,26.207
422,25.420,26.239
423,25.404,26.213
424,25.345,26.128
425,25.402,26.218
426,25.451,26.284
427,25.428,26.255
428,25.425,26.256
429,25.373,26.188
430,25.472,26.313
431,25.418,26.243
432,25.459,26.286
433,25.436,26.271
434,25.421,26.215
435,25.420,26.236
436,25.454,26.285
437,25.427,26.217
438,25.559,26.405
439,25.565,26.391
440,25.595,26.428
441,25.176,25.913
442,25.622,26.480
443,25.549,26.381
444,25.576,26.418
445,25.539,26.357
446,25.590,26.431
447,25.659,26.506
448,25.600,26.411
449,25.629,26.475
450,25.172,25.909
451,25.197,25.942
452,25.177,25.918
453,25.133,25.858
454,25.129,25.871
455,25.112,25.821
456,25.563,26.370
457,25.541,26.320
458,25.480,26.274
459,25.492,26.295
460,25.447,26.234
461,25.380,26.151
462,25.433,26.212
463,25.489,26.274
464,25.537,26.315
465,25.453,26.224
466,25.420,26.169
467,25.427,26.163
468,25.013,25.692
469,25.428,26.173
470,25.452,26.187
471,25.412,26.157
472,25.359,26.098
473,25.347,26.077
474,25.333,26.064
475,25.341,26.067
476,25.350,26.084
477,25.338,26.067
478,25.343,26.074
479,25.328,26.043
480,25.334,26.065
481,25.314,26.040
482,25.324,26.065
483,25.366,26.116
484,25.370,26.096
485,25.354,26.088
486,25.366,26.104
487,25.336,26.068
488,25.340,26.082
489,25.302,26.039
490,25.304,26.039
491,25.313,26.042
492,25.320,26.058
493,25.292,26.026
494,25.319,26.061
495,25.367,26.105
496,25.373,26.107
497,25.359,26.094
498,25.386,26.130
499,25.400,26.157
500,25.415,26.172
501,25.092,25.787
502,25.091,25.769
503,25.088,25.777
504,25.071,25.746
505,25.075,25.756
506,25.084,25.769
507,25.063,25.747
508,25.086,25.772
509,25.093,25.782
510,25.072,25.756
511,25.416,26.158
512,25.402,26.137
513,25.341,26.077
514,25.355,26.094
515,25.324,26.052
516,25.325,26.057
517,25.324,26.046
518,25.328,26.073
519,25.379,26.131
520,25.459,26.210
521,25.445,26.194
522,25.450,26.212
523,25.462,26.223
524,25.476,26.249
525,25.483,26.247
526,25.492,26.263
527,25.421,26.154
528,25.463,26.223
529,25.478,26.242
530,25.513,26.267
531,25.214,25.931
532,25.228,25.952
533,25.234,25.955
534,25.519,26.304
535,25.555,26.337
536,25.449,26.202
537,25.530,26.301
538,25.541,26.322
539,25.538,26.320
540,25.532,26.320
541,25.523,26.313
542,25.534,26.304
543,25.547,26.321
544,25.577,26.379
545,25.560,26.356
546,25.546,26.330
547,25.524,26.294
548,25.571,26.359
549,25.610,26.398
550,25.547,26.304
551,25.594,26.395
552,25.577,26.355
553,25.557,26.331
554,25.578,26.371
555,25.582,26.346
556,25.587,26.369
557,25.545,26.308
558,25.586,26.365
559,25.604,26.396
560,25.612,26.395
561,25.641,26.454
562,25.570,26.348
563,25.604,26.398
564,25.618,26.405
565,25.589,26.376
566,25.608,26.413
567,25.565,26.350
568,25.583,26.371
569,25.570,26.348
570,25.559,26.352
571,25.573,26.358
572,25.515,26.296
573,25.541,26.335
574,25.516,26.286
575,25.564,26.340
576,25.596,26.389
577,25.499,26.266
578,25.581,26.363
579,25.562,26.339
580,25.536,26.299
581,25.557,26.343
582,25.578,26.355
583,25.590,26.393
584,25.554,26.324
585,25.574,26.370
586,25.582,26.364
587,25.542,26.320
588,25.562,26.366
589,25.531,26.302
590,25.534,26.317
591,25.502,26.257
592,25.508,26.258
593,25.520,26.290
594,25.508,26.274
595,25.535,26.309
596,25.536,26.311
597,25.518,26.271
598,25.518,26.299
599,25.510,26.271
600,25.501,26.284
601,25.497,26.265
602,25.510,26.289
603,25.472,26.239
604,25.484,26.265
605,25.451,26.221
606,25.507,26.297
607,25.516,26.298
608,25.459,26.219
609,25.458,26.206
610,25.456,26.207
611,25.431,26.159
612,25.418,26.162
613,25.370,26.096
614,25.391,26.124
615,25.401,26.143
616,25.393,26.138
617,25.342,26.046
618,25.329,26.049
619,25.325,26.056
620,25.326,26.044
621,25.259,25.968
622,25.256,25.972
623,25.259,25.978
624,25.267,26.000
625,25.273,25.998
626,25.213,25.919
627,25.248,25.978
628,25.235,25.963
629,25.213,25.925
630,25.199,25.916
631,25.164,25.873
632,25.136,25.826
633,25.135,25.831
634,25.131,25.844
635,25.146,25.850
636,25.151,25.856
637,25.107,25.784
638,25.145,25.843
639,25.118,25.816
640,25.094,25.777
641,25.099,25.794
642,25.110,25.806
643,25.062,25.737
644,25.114,25.805
645,25.097,25.810
646,25.082,25.786
647,25.040,25.730
648,25.086,25.773
649,25.080,25.784
650,25.056,25.737
651,25.073,25.757
652,25.027,25.719
653,24.995,25.670
654,25.019,25.706
655,25.015,25.689
656,25.016,25.707
657,25.031,25.732
658,25.027,25.712
659,25.033,25.734
660,25.017,25.714
661,24.975,25.649
662,24.998,25.686
663,24.975,25.653
664,24.981,25.668
665,24.983,25.678
666,24.940,25.613
667,24.952,25.627
668,24.935,25.606
669,24.944,25.622
670,24.904,25.574
671,24.944,25.620
672,24.920,25.588
673,24.923,25.603
674,24.897,25.566
675,24.921,25.605
676,24.880,25.546
677,24.876,25.546
678,24.893,25.567
679,24.877,25.544
680,24.898,25.583
681,24.880,25.551
682,24.902,25.590
683,24.881,25.562
684,24.876,25.558
685,24.867,25.537
686,24.879,25.559
687,24.858,25.535
688,24.873,25.544
689,24.883,25.559
690,24.879,25.551
691,24.878,25.561
692,24.881,25.570
693,24.847,25.507
694,24.863,25.541
695,24.833,25.510
696,24.847,25.527
697,24.856,25.534
698,24.844,25.511
699,24.825,25.493
700,24.836,25.508
701,24.828,25.492
702,24.836,25.514
703,24.794,25.461
704,24.819,25.490
705,24.813,25.480
706,24.814,25.484
707,24.809,25.486
708,24.804,25.486
709,24.790,25.465
710,24.807,25.494
711,24.807,25.495
712,24.794,25.477
713,24.818,25.491
714,24.838,25.517
715,24.840,25.522
716,24.823,25.504
717,24.799,25.475
718,24.789,25.468
719,24.797,25.466
720,24.773,25.435
721,24.789,25.445
722,24.797,25.449
723,24.817,25.483
724,24.787,25.446
725,24.779,25.433
726,24.770,25.434
727,24.782,25.440
728,24.787,25.459
729,24.785,25.445
730,24.763,25.423
731,24.793,25.456
732,24.772,25.429
733,24.786,25.441
734,24.798,25.458
735,24.781,25.450
736,24.779,25.445
737,24.770,25.435
738,24.778,25.444
739,24.765,25.426
740,24.789,25.451
741,24.787,25.455
742,24.788,25.459
743,24.793,25.469
744,24.803,25.464
745,24.791,25.457
746,24.800,25.459
747,24.784,25.451
748,24.796,25.460
749,24.781,25.441
750,24.793,25.452
751,24.784,25.452
752,24.803,25.466
753,24.784,25.445
754,24.769,25.438
755,24.767,25.437
756,24.792,25.465
757,24.782,25.451
758,24.783,25.452
759,24.785,25.458
760,24.781,25.451
761,24.788,25.446
762,24.775,25.442
763,24.752,25.422
764,24.764,25.432
765,24.750,25.404
766,24.743,25.406
767,24.746,25.404
768,24.747,25.406
769,24.747,25.403
770,24.745,25.400
771,24.760,25.410
772,24.757,25.405
773,24.763,25.414
774,24.763,25.416
775,24.785,25.441
776,24.794,25.456
777,24.824,25.486
778,24.804,25.464
779,24.817,25.480
780,24.796,25.448
781,24.810,25.474
782,24.797,25.453
783,24.819,25.476
784,24.826,25.476
785,24.822,25.474
786,24.809,25.452
787,24.846,25.521
788,24.807,25.456
789,24.841,25.507
790,24.849,25.509
791,24.844,25.510
792,24.830,25.477
793,24.862,25.521
794,24.865,25.536
795,24.863,25.517
796,24.891,25.556
797,24.885,25.541
798,24.896,25.571
799,24.901,25.568
800,24.901,25.575
801,24.920,25.588
802,24.915,25.578
803,24.957,25.627
804,24.916,25.571
805,24.964,25.637
806,25.020,25.686
807,25.036,25.706
808,25.023,25.686
809,25.024,25.683
810,25.049,25.733
811,25.031,25.696
812,25.052,25.727
813,25.051,25.720
814,25.056,25.729
815,25.038,25.697
816,25.048,25.710
817,25.064,25.737
818,25.071,25.739
819,25.056,25.732
820,25.081,25.749
821,25.072,25.744
822,25.113,25.785
823,25.079,25.739
824,25.109,25.786
825,25.090,25.763
826,25.110,25.794
827,25.094,25.778
828,25.117,25.806
829,25.098,25.788
830,25.026,25.694
831,25.038,25.717
832,25.048,25.714
833,25.114,25.796
834,25.124,25.806
835,25.117,25.787
836,25.067,25.750
837,25.035,25.692
838,25.087,25.763
839,25.099,25.787
840,25.082,25.756
841,25.093,25.771
842,25.111,25.792
843,25.120,25.805
844,25.120,25.806
845,25.137,25.833
846,25.131,25.815
847,25.182,25.881
848,25.172,25.875
849,25.126,25.804
850,25.182,25.874
851,25.188,25.891
852,25.183,25.887
853,25.202,25.916
854,25.181,25.888
855,25.205,25.910
856,25.188,25.890
857,25.198,25.900
858,25.173,25.874
859,25.185,25.889
860,25.169,25.871
861,25.190,25.891
862,25.170,25.863
863,25.179,25.875
864,25.160,25.854
865,25.181,25.872
866,25.157,25.842
867,25.165,25.857
868,25.150,25.838
869,25.164,25.850
870,25.117,25.810
871,25.114,25.797
872,25.118,25.802
873,25.116,25.805
874,25.164,25.852
875,25.125,25.813
876,25.103,25.792
877,25.106,25.799
878,25.094,25.780
879,25.065,25.722
880,25.092,25.772
881,25.108,25.784
882,25.109,25.793
883,25.102,25.778
884,25.076,25.749
885,25.091,25.765
886,25.100,25.795
887,25.108,25.797
888,25.128,25.815
889,25.118,25.821
890,25.143,25.857
891,25.098,25.762
892,25.148,25.840
893,25.151,25.845
894,25.167,25.873
895,25.157,25.868
896,25.167,25.866
897,25.159,25.863
898,25.147,25.841
899,25.143,25.836
900,25.174,25.879
901,25.157,25.853
902,25.163,25.857
903,25.167,25.854
904,25.161,25.840
905,25.173,25.872
906,25.186,25.904
907,25.200,25.921
908,25.188,25.903
909,25.249,25.977
910,25.247,25.963
911,25.225,25.929
912,25.243,25.956
913,25.273,26.013
914,24.979,25.644
915,24.987,25.668
916,24.996,25.678
917,25.234,25.960
918,25.245,25.971
919,25.239,25.958
920,25.238,25.962
921,25.233,25.944
922,25.261,25.988
923,24.970,25.622
924,25.007,25.687
925,24.992,25.668
926,24.976,25.659
927,25.000,25.672
928,24.990,25.681
929,24.979,25.660
930,24.938,25.598
931,25.193,25.918
932,25.200,25.919
933,25.234,25.954
934,25.196,25.912
935,25.195,25.915
936,25.190,25.895
937,25.183,25.911
938,25.176,25.904
939,25.194,25.916
940,25.201,25.942
941,25.233,25.974
942,25.229,25.966
943,25.200,25.920
944,25.246,25.968
945,25.276,25.998
946,25.258,25.986
947,25.350,26.105
948,25.371,26.137
949,25.105,25.822
950,25.085,25.797
951,25.058,25.750
952,25.074,25.782
953,25.356,26.127
954,25.330,26.086
955,25.326,26.067
956,25.033,25.731
957,25.055,25.758
958,24.985,25.661
959,25.025,25.713
960,25.016,25.699
961,25.017,25.719
962,25.027,25.726
963,25.017,25.708
964,24.973,25.654
965,24.989,25.678
966,24.971,25.640
967,25.213,25.919
968,25.208,25.915
969,25.205,25.927
970,25.197,25.917
971,25.191,25.901
972,25.195,25.902
973,25.158,25.864
974,25.160,25.869
975,25.180,25.900
976,25.133,25.841
977,25.094,25.794
978,25.108,25.816
979,25.104,25.814
980,25.084,25.794
981,25.032,25.737
982,25.033,25.739
983,25.025,25.714
984,25.044,25.748
985,24.986,25.685
986,25.007,25.701
987,24.988,25.697
988,25.011,25.706
989,25.098,25.812
990,25.097,25.809
991,24.782,25.434
992,24.779,25.433
993,24.755,25.400
994,24.749,25.393
995,24.725,25.358
996,24.705,25.348
997,24.694,25.326
998,24.689,25.311
999,24.664,25.289
1000,24.658,25.283
1001,24.619,25.256
1002,24.595,25.204
1003,24.597,25.216
1004,24.582,25.205
1005,24.946,25.623
1006,24.904,25.574
1007,24.861,25.527
1008,24.827,25.473
1009,24.803,25.466
1010,24.799,25.461
1011,24.813,25.466
1012,24.802,25.462
1013,24.764,25.409
1014,24.773,25.419
1015,24.739,25.375
1016,24.847,25.513
1017,24.822,25.478
1018,24.489,25.093
1019,24.860,25.523
1020,24.854,25.516
1021,24.739,25.384
1022,24.710,25.348
1023,24.696,25.317
1024,24.692,25.314
1025,24.640,25.251
1026,24.615,25.220
1027,24.586,25.191
1028,24.572,25.184
1029,24.579,25.186
1030,24.547,25.152
1031,24.546,25.160
1032,24.613,25.220
1033,24.619,25.227
1034,24.227,24.783
1035,24.269,24.833
1036,24.237,24.805
1037,24.263,24.829
1038,24.243,24.807
1039,24.263,24.823
1040,24.293,24.859
1041,24.329,24.893
1042,24.283,24.853
1043,24.643,25.264
1044,24.678,25.320
1045,24.691,25.333
1046,24.681,25.309
1047,24.682,25.313
1048,24.735,25.387
1049,24.711,25.345
1050,24.731,25.367
1051,24.766,25.422
1052,24.445,25.036
1053,24.722,25.370
1054,24.730,25.367
1055,24.683,25.318
1056,24.674,25.312
1057,24.746,25.381
1058,24.671,25.297
1059,24.656,25.304
1060,24.683,25.326
1061,24.673,25.318
1062,24.659,25.303
1063,24.642,25.270
1064,24.656,25.281
1065,24.695,25.338
1066,24.655,25.298
1067,24.710,25.349
1068,24.709,25.349
1069,24.433,25.030
1070,24.427,25.026
1071,24.428,25.028
1072,24.440,25.040
1073,24.797,25.451
1074,24.781,25.429
1075,24.766,25.409
1076,24.759,25.416
1077,24.782,25.429
1078,24.785,25.438
1079,24.791,25.452
1080,24.816,25.481
1081,24.796,25.464
1082,24.735,25.396
1083,24.737,25.389
1084,24.731,25.377
1085,24.775,25.425
1086,24.768,25.426
1087,24.741,25.393
1088,24.728,25.387
1089,24.750,25.404
1090,24.764,25.419
1091,24.825,25.483
1092,24.851,25.515
1093,24.822,25.485
1094,24.493,25.106
1095,24.461,25.082
1096,24.444,25.052
1097,24.801,25.474
1098,24.860,25.541
1099,24.841,25.529
1100,24.806,25.480
1101,24.714,25.386
1102,24.690,25.360
1103,24.698,25.364
1104,24.743,25.412
1105,24.766,25.438
1106,24.705,25.373
1107,24.813,25.497
1108,24.746,25.421
1109,24.768,25.441
1110,24.771,25.447
1111,24.367,24.982
1112,24.796,25.478
1113,24.760,25.436
1114,24.774,25.449
1115,24.770,25.448
1116,24.781,25.472
1117,24.807,25.493
1118,24.757,25.436
1119,24.750,25.425
1120,24.761,25.420
1121,24.804,25.474
1122,24.777,25.460
1123,24.780,25.452
1124,24.811,25.488
1125,24.811,25.488
1126,24.798,25.482
1127,24.799,25.478
1128,24.804,25.490
1129,24.836,25.510
1130,24.830,25.506
1131,24.813,25.497
1132,24.862,25.552
1133,24.826,25.514
1134,24.846,25.535
1135,24.876,25.566
1136,24.860,25.539
1137,24.884,25.571
1138,24.892,25.575
1139,24.894,25.575
1140,24.919,25.599
1141,24.979,25.660
1142,24.733,25.370
1143,24.963,25.652
1144,24.974,25.674
1145,24.973,25.671
1146,25.021,25.732
1147,25.031,25.726
1148,25.065,25.764
1149,24.812,25.470
1150,25.071,25.778
1151,24.989,25.696
1152,25.015,25.719
1153,25.032,25.748
1154,25.033,25.749
1155,25.020,25.733
1156,25.057,25.763
1157,25.050,25.766
1158,25.015,25.728
1159,25.049,25.772
1160,25.036,25.754
1161,25.043,25.769
1162,25.076,25.798
1163,25.089,25.820
1164,25.088,25.817
1165,25.114,25.853
1166,25.118,25.858
1167,25.150,25.909
1168,25.161,25.919
1169,25.178,25.940
1170,25.175,25.934
1171,25.171,25.931
1172,25.154,25.916
1173,25.192,25.970
1174,25.175,25.944
1175,25.233,26.013
1176,25.212,25.990
1177,25.259,26.049
1178,25.290,26.069
1179,25.303,26.095
1180,25.264,26.039
1181,25.319,26.124
1182,25.306,26.113
1183,25.313,26.106
1184,25.291,26.099
1185,25.352,26.151
1186,25.310,26.110
1187,25.451,26.282
1188,25.523,26.355
1189,25.534,26.372
1190,25.530,26.370
1191,25.504,26.325
1192,25.579,26.424
1193,25.572,26.416
1194,25.632,26.472
1195,25.667,26.505
1196,25.655,26.501
1197,25.701,26.561
1198,25.544,26.379
1199,25.678,26.554
1200,25.715,26.581
1201,25.699,26.573
1202,25.716,26.583
1203,25.760,26.649
1204,25.657,26.518
1205,25.664,26.525
1206,25.653,26.536
1207,25.658,26.529
1208,25.671,26.542
1209,25.640,26.520
1210,25.659,26.533
1211,25.699,26.604
1212,25.650,26.536
1213,25.654,26.546
1214,25.644,26.544
1215,25.673,26.580
1216,25.685,26.595
1217,25.744,26.668
1218,25.731,26.664
1219,25.808,26.766
1220,25.903,26.873
1221,25.867,26.814
1222,25.880,26.833
1223,25.857,26.802
1224,25.865,26.790
1225,25.910,26.859
1226,25.929,26.878
1227,25.920,26.872
1228,25.879,26.817
1229,25.852,26.779
1230,25.833,26.751
1231,25.790,26.682
1232,25.786,26.681
1233,25.763,26.668
1234,25.710,26.585
1235,25.720,26.600
1236,25.702,26.591
1237,25.689,26.554
1238,25.674,26.541
1239,25.596,26.442
1240,25.559,26.412
1241,25.594,26.453
1242,25.580,26.444
1243,25.570,26.415
1244,25.579,26.424
1245,25.588,26.426
1246,25.586,26.421
1247,25.564,26.383
1248,25.558,26.383
1249,25.540,26.349
1250,25.566,26.389
1251,25.563,26.376
1252,25.561,26.369
1253,25.519,26.321
1254,25.451,26.248
1255,25.421,26.200
1256,25.414,26.213
1257,25.421,26.223
1258,25.430,26.235
1259,25.416,26.211
1260,25.416,26.211
1261,25.460,26.269
1262,25.498,26.312
1263,25.492,26.327
1264,25.530,26.369
1265,25.571,26.417
1266,25.586,26.445
1267,25.629,26.496
1268,25.571,26.422
1269,25.578,26.430
1270,25.716,26.595
1271,25.702,26.571
1272,25.731,26.587
1273,25.729,26.608
1274,25.793,26.679
1275,25.776,26.675
1276,25.770,26.640
1277,25.767,26.647
1278,25.785,26.681
1279,25.827,26.734
1280,25.828,26.727
1281,25.847,26.731
1282,25.859,26.743
1283,25.849,26.724
1284,25.896,26.767
1285,25.885,26.742
1286,25.916,26.801
1287,25.884,26.750
1288,25.864,26.724
1289,25.848,26.726
1290,25.847,26.704
1291,25.835,26.698
1292,25.809,26.658
1293,25.838,26.697
1294,25.809,26.672
1295,25.773,26.630
1296,25.736,26.572
1297,25.786,26.653
1298,25.731,26.585
1299,25.743,26.577
1300,25.553,26.352
1301,25.545,26.335
1302,25.716,26.555
1303,25.519,26.302
1304,25.546,26.352
1305,25.685,26.523
1306,25.704,26.534
1307,25.656,26.483
1308,25.669,26.487
1309,25.630,26.438
1310,25.604,26.433
1311,25.611,26.421
1312,25.580,26.390
1313,25.561,26.367
1314,25.579,26.370
1315,25.536,26.323
1316,25.576,26.375
1317,25.590,26.412
1318,25.618,26.432
1319,25.620,26.420
1320,25.682,26.494
1321,25.662,26.460
1322,25.624,26.431
1323,25.675,26.500
1324,25.653,26.463
1325,25.623,26.426
1326,25.665,26.482
1327,25.677,26.482
1328,25.668,26.475
1329,25.665,26.469
1330,25.565,26.342
1331,25.534,26.306
1332,25.516,26.283
1333,25.566,26.341
1334,25.505,26.273
1335,25.502,26.267
1336,25.508,26.285
1337,25.510,26.287
1338,25.484,26.264
1339,25.460,26.230
1340,25.494,26.288
1341,25.512,26.300
1342,25.499,26.283
1343,25.548,26.334
1344,25.570,26.365
1345,25.550,26.360
1346,25.551,26.337
1347,25.512,26.302
1348,25.524,26.319
1349,25.561,26.371
1350,25.562,26.362
1351,25.560,26.362
1352,25.568,26.373
1353,25.581,26.393
1354,25.589,26.406
1355,25.594,26.400
1356,25.559,26.354
1357,25.579,26.385
1358,25.615,26.429
1359,25.628,26.442
1360,25.644,26.469
1361,25.657,26.488
1362,25.674,26.508
1363,25.644,26.468
1364,25.650,26.485
1365,25.636,26.461
1366,25.652,26.479
1367,25.642,26.467
1368,25.649,26.469
1369,25.648,26.491
1370,25.694,26.549
1371,25.711,26.562
1372,25.515,26.329
1373,25.548,26.373
1374,25.751,26.618
1375,25.716,26.575
1376,25.742,26.604
1377,25.595,26.439
1378,25.763,26.644
1379,25.707,26.579
1380,25.745,26.614
1381,25.713,26.565
1382,25.722,26.594
1383,25.706,26.571
1384,25.674,26.521
1385,25.690,26.546
1386,25.714,26.582
1387,25.734,26.579
1388,25.700,26.565
1389,25.680,26.524
1390,25.701,26.548
1391,25.486,26.275
1392,25.510,26.320
1393,25.679,26.525
1394,25.645,26.476
1395,25.621,26.438
1396,25.601,26.437
1397,25.639,26.464
1398,25.622,26.463
1399,25.453,26.249
1400,25.444,26.239
1401,25.631,26.462
1402,25.601,26.429
1403,25.627,26.455
1404,25.603,26.420
1405,25.595,26.388
1406,25.571,26.368
1407,25.565,26.375
1408,25.574,26.383
1409,25.557,26.372
1410,25.556,26.348
1411,25.592,26.419
1412,25.564,26.383
1413,25.556,26.370
1414,25.569,26.385
1415,25.574,26.380
1416,25.615,26.436
1417,25.608,26.429
1418,25.583,26.400
1419,25.595,26.413
1420,25.606,26.425
1421,25.581,26.391
1422,25.598,26.424
1423,25.627,26.450
1424,25.602,26.427
1425,25.602,26.421
1426,25.364,26.131
1427,25.538,26.349
1428,25.534,26.340
1429,25.493,26.299
1430,25.471,26.264
1431,25.482,26.273
1432,25.331,26.098
1433,25.448,26.239
1434,25.460,26.234
1435,25.475,26.253
1436,25.451,26.238
1437,25.455,26.225
1438,25.449,26.226
1439,25.417,26.193
1440,25.419,26.185
1441,25.417,26.184
1442,25.386,26.164
1443,25.426,26.209
1444,25.463,26.238
1445,25.472,26.261
1446,25.469,26.247
1447,25.500,26.286
1448,25.296,26.028
1449,25.304,26.045
1450,25.270,26.014
1451,25.262,25.994
1452,25.440,26.224
1453,25.486,26.273
1454,25.494,26.278
1455,25.503,26.274
1456,25.494,26.256
1457,25.527,26.328
1458,25.319,26.064
1459,25.335,26.063
1460,25.518,26.296
1461,25.526,26.317
1462,25.555,26.358
1463,25.529,26.317
1464,25.552,26.353
1465,25.590,26.407
1466,25.330,26.073
1467,25.518,26.305
1468,25.484,26.262
1469,25.432,26.211
1470,25.463,26.243
1471,25.482,26.254
1472,25.504,26.287
1473,25.497,26.265
1474,25.513,26.306
1475,25.503,26.297
1476,25.525,26.313
1477,25.513,26.298
1478,25.544,26.330
1479,25.545,26.320
1480,25.533,26.326
1481,25.528,26.306
1482,25.484,26.266
1483,25.540,26.324
1484,25.494,26.266
1485,25.559,26.344
1486,25.579,26.378
1487,25.578,26.372
1488,25.587,26.397
1489,25.598,26.416
1490,25.361,26.117
1491,25.415,26.180
1492,25.359,26.108
1493,25.409,26.166
1494,25.383,26.143
1495,25.398,26.155
1496,25.360,26.122
1497,25.396,26.165
1498,25.559,26.352
1499,25.566,26.370
1500,25.526,26.320
1501,25.512,26.305
1502,25.496,26.284
1503,25.507,26.286
1504,25.474,26.242
1505,25.524,26.293
1506,25.497,26.268
1507,25.541,26.323
1508,25.527,26.304
1509,25.567,26.381
1510,25.556,26.353
1511,25.570,26.381
1512,25.598,26.409
1513,25.660,26.473
1514,25.645,26.470
1515,25.692,26.520
1516,25.678,26.505
1517,25.722,26.564
1518,25.666,26.492
1519,25.678,26.511
1520,25.637,26.459
1521,25.677,26.513
1522,25.733,26.575
1523,25.505,26.287
1524,25.772,26.649
1525,25.743,26.601
1526,25.761,26.619
1527,25.752,26.614
1528,25.740,26.588
1529,25.756,26.612
1530,25.745,26.585
1531,25.767,26.623
1532,25.748,26.589
1533,25.714,26.555
1534,25.727,26.581
1535,25.759,26.605
1536,25.672,26.517
1537,25.711,26.552
1538,25.716,26.566
1539,25.686,26.530
1540,25.710,26.565
1541,25.663,26.489
1542,25.657,26.485
1543,25.646,26.487
1544,25.662,26.485
1545,25.752,26.591
1546,25.735,26.566
1547,25.721,26.548
1548,25.717,26.542
1549,25.762,26.595
1550,25.750,26.575
1551,25.727,26.553
1552,25.707,26.510
1553,25.762,26.594
1554,25.687,26.478
1555,25.765,26.573
1556,25.738,26.569
1557,25.732,26.550
1558,25.715,26.537
1559,25.739,26.569
1560,25.747,26.571
1561,25.755,26.592
1562,25.705,26.538
1563,25.712,26.541
1564,25.703,26.519
1565,25.750,26.591
1566,25.748,26.581
1567,25.772,26.608
1568,25.768,26.599
1569,25.798,26.636
1570,25.792,26.630
1571,25.781,26.635
1572,25.786,26.634
1573,25.785,26.633
1574,25.732,26.541
1575,25.798,26.634
1576,25.772,26.616
1577,25.814,26.658
1578,25.828,26.694
1579,25.842,26.705
1580,25.794,26.648
1581,25.792,26.647
1582,25.787,26.632
1583,25.824,26.700
1584,25.800,26.649
1585,25.823,26.699
1586,25.802,26.666
1587,25.793,26.643
1588,25.791,26.647
1589,25.822,26.687
1590,25.838,26.704
1591,25.805,26.659
1592,25.834,26.686
1593,25.842,26.701
1594,25.801,26.619
1595,25.839,26.695
1596,25.825,26.672
1597,25.798,26.628
1598,25.841,26.686
1599,25.841,26.710
1600,25.780,26.610
1601,25.841,26.697
1602,25.831,26.692
1603,25.815,26.656
1604,25.810,26.661
1605,25.852,26.705
1606,25.807,26.639
1607,25.808,26.655
1608,25.779,26.594
1609,25.821,26.657
1610,25.829,26.665
1611,25.759,26.584
1612,25.763,26.603
1613,25.795,26.645
1614,25.758,26.580
1615,25.792,26.624
1616,25.761,26.605
1617,25.747,26.569
1618,25.775,26.605
1619,25.767,26.602
1620,25.706,26.518
1621,25.740,26.567
1622,25.729,26.563
1623,25.710,26.522
1624,25.710,26.545
1625,25.730,26.580
1626,25.723,26.570
1627,25.679,26.494
1628,25.687,26.528
1629,25.706,26.542
1630,25.721,26.558
1631,25.669,26.490
1632,25.692,26.516
1633,25.689,26.526
1634,25.700,26.529
1635,25.672,26.497
1636,25.691,26.532
1637,25.713,26.541
1638,25.710,26.550
1639,25.655,26.460
1640,25.663,26.503
1641,25.734,26.581
1642,25.681,26.534
1643,25.682,26.548
1644,25.685,26.533
1645,25.669,26.504
1646,25.653,26.488
1647,25.615,26.419
1648,25.614,26.447
1649,25.638,26.466
1650,25.623,26.442
1651,25.602,26.409
1652,25.610,26.430
1653,25.618,26.448
1654,25.605,26.441
1655,25.668,26.512
1656,25.656,26.503
1657,25.625,26.474
1658,25.614,26.445
1659,25.543,26.341
1660,25.543,26.365
1661,25.528,26.343
1662,25.538,26.356
1663,25.560,26.382
1664,25.533,26.348
1665,25.484,26.271
1666,25.439,26.211
1667,25.506,26.303
1668,25.527,26.353
1669,25.529,26.352
1670,25.538,26.358
1671,25.529,26.358
1672,25.503,26.312
1673,25.512,26.328
1674,25.494,26.300
1675,25.502,26.337
1676,25.486,26.303
1677,25.500,26.310
1678,25.442,26.249
1679,25.477,26.287
1680,25.476,26.285
1681,25.504,26.311
1682,25.423,26.234
1683,25.424,26.233
1684,25.425,26.232
1685,25.405,26.193
1686,25.395,26.185
1687,25.414,26.213
1688,25.431,26.231
1689,25.430,26.224
1690,25.415,26.212
1691,25.399,26.197
1692,25.426,26.219
1693,25.436,26.234
1694,25.410,26.205
1695,25.412,26.216
1696,25.402,26.195
1697,25.411,26.211
1698,25.420,26.216
1699,25.386,26.177
1700,25.377,26.171
1701,25.342,26.121
1702,25.359,26.142
1703,25.322,26.115
1704,25.336,26.119
1705,25.341,26.127
1706,25.347,26.128
1707,25.350,26.141
1708,25.363,26.156
1709,25.398,26.194
1710,25.407,26.206
1711,25.412,26.207
1712,25.438,26.236
1713,25.451,26.256
1714,25.422,26.226
1715,25.444,26.251
1716,25.420,26.228
1717,25.382,26.183
1718,25.420,26.222
1719,25.404,26.203
1720,25.368,26.179
1721,25.377,26.182
1722,25.376,26.178
1723,25.348,26.134
1724,25.325,26.113
1725,25.300,26.088
1726,25.323,26.115
1727,25.308,26.091
1728,25.305,26.085
1729,25.248,26.002
1730,25.254,26.022
1731,25.278,26.050
1732,25.276,26.055
1733,25.271,26.051
1734,25.274,26.054
1735,25.303,26.076
1736,25.309,26.093
1737,25.295,26.076
1738,25.287,26.063
1739,25.292,26.078
1740,25.294,26.093
1741,25.288,26.084
1742,25.288,26.079
1743,25.295,26.080
1744,25.289,26.073
1745,25.253,26.041
1746,25.226,25.993
1747,25.203,25.963
1748,25.231,25.995
1749,25.200,25.956
1750,25.215,25.975
1751,25.198,25.955
1752,25.211,25.976
1753,25.130,25.876
1754,25.154,25.899
1755,25.133,25.886
1756,25.138,25.873
1757,25.144,25.887
1758,25.161,25.918
1759,25.121,25.857
1760,25.135,25.890
1761,25.102,25.830
1762,25.117,25.853
1763,25.089,25.809
1764,25.110,25.853
1765,25.097,25.826
1766,25.101,25.840
1767,25.087,25.812
1768,25.095,25.823
1769,25.083,25.810
1770,25.083,25.801
1771,25.074,25.797
1772,25.062,25.792
1773,25.061,25.797
1774,25.073,25.812
1775,25.055,25.781
1776,25.047,25.768
1777,25.040,25.777
1778,25.067,25.800
1779,25.044,25.768
1780,25.072,25.799
1781,25.043,25.761
1782,25.053,25.772
1783,25.053,25.779
1784,25.048,25.767
1785,25.047,25.771
1786,25.046,25.765
1787,25.025,25.738
1788,25.030,25.751
1789,25.028,25.734
1790,25.032,25.742
1791,25.036,25.740
1792,25.049,25.754
1793,25.039,25.747
1794,25.038,25.732
1795,25.043,25.738
1796,25.043,25.748
1797,25.025,25.732
1798,25.038,25.733
1799,25.022,25.727
1800,25.026,25.726
1801,25.002,25.692
1802,25.017,25.716
1803,25.003,25.698
1804,25.020,25.719
1805,25.027,25.738
1806,25.021,25.720
1807,24.992,25.676
1808,25.010,25.702
1809,25.005,25.692
1810,25.012,25.705
1811,25.004,25.677
1812,25.021,25.698
1813,25.016,25.698
1814,25.010,25.683
1815,25.010,25.689
1816,25.024,25.684
1817,24.993,25.661
1818,25.021,25.692
1819,25.007,25.673
1820,24.995,25.672
1821,25.017,25.695
1822,25.005,25.680
1823,24.995,25.667
1824,25.012,25.698
1825,25.001,25.671
1826,25.020,25.701
1827,25.002,25.673
1828,24.994,25.678
1829,24.994,25.683
1830,25.000,25.685
1831,24.994,25.681
1832,24.999,25.683
1833,24.997,25.673
1834,25.007,25.696
1835,24.985,25.658
1836,24.980,25.650
1837,24.991,25.662
1838,24.985,25.653
1839,24.994,25.670
1840,24.996,25.670
1841,24.992,25.672
1842,24.995,25.673
1843,24.986,25.659
1844,24.999,25.669
1845,24.976,25.655
1846,25.006,25.671
1847,24.987,25.661
1848,24.989,25.668
1849,24.989,25.653
1850,24.979,25.653
1851,24.972,25.643
1852,24.976,25.643
1853,24.965,25.635
1854,24.970,25.648
1855,24.973,25.645
1856,24.974,25.653
1857,24.975,25.649
1858,24.977,25.654
1859,24.978,25.654
1860,24.971,25.648
1861,24.986,25.661
1862,24.984,25.656
1863,24.979,25.657
1864,24.999,25.672
1865,24.993,25.662
1866,24.983,25.657
1867,24.997,25.675
1868,24.992,25.666
1869,25.007,25.691
1870,24.998,25.670
1871,24.975,25.661
1872,24.989,25.667
1873,24.996,25.686
1874,24.983,25.665
1875,24.997,25.691
1876,24.986,25.664
1877,24.986,25.673
1878,24.970,25.650
1879,24.984,25.668
1880,24.986,25.675
1881,24.983,25.668
1882,24.960,25.642
1883,24.995,25.679
1884,24.978,25.653
1885,24.968,25.654
1886,24.971,25.651
1887,24.984,25.662
1888,24.975,25.654
1889,24.986,25.669
1890,24.984,25.668
1891,24.994,25.675
1892,24.975,25.656
1893,24.972,25.665
1894,24.969,25.666
1895,24.985,25.669
1896,24.969,25.666
1897,24.991,25.688
1898,24.959,25.663
1899,24.984,25.672
1900,24.964,25.648
1901,24.989,25.683
1902,24.983,25.681
1903,24.980,25.681
1904,24.965,25.660
1905,25.022,25.727
1906,24.988,25.702
1907,25.051,25.772
1908,25.022,25.744
1909,25.028,25.750
1910,25.021,25.744
1911,25.028,25.752
1912,25.010,25.734
1913,25.028,25.736
1914,25.007,25.714
1915,25.028,25.755
1916,25.005,25.726
1917,25.023,25.746
1918,25.024,25.751
1919,25.030,25.759
1920,25.025,25.747
1921,25.013,25.734
1922,25.019,25.740
1923,25.018,25.740
1924,25.018,25.743
1925,25.025,25.752
1926,25.019,25.735
1927,25.025,25.743
1928,25.011,25.729
1929,25.027,25.749
1930,25.008,25.724
1931,25.027,25.737
1932,25.013,25.726
1933,25.027,25.751
1934,25.019,25.736
1935,25.033,25.761
1936,25.027,25.757
1937,25.033,25.767
1938,25.018,25.748
1939,25.034,25.747
1940,25.022,25.750
1941,25.022,25.742
1942,25.014,25.736
1943,25.055,25.788
1944,25.031,25.759
1945,25.044,25.759
1946,25.031,25.757
1947,25.015,25.737
1948,25.013,25.745
1949,25.014,25.737
1950,25.020,25.759
1951,25.019,25.740
1952,25.021,25.751
1953,25.022,25.741
1954,25.020,25.747
1955,24.996,25.717
1956,25.006,25.721
1957,25.012,25.736
1958,25.006,25.729
1959,24.990,25.704
1960,25.004,25.724
1961,25.000,25.724
1962,24.997,25.724
1963,24.974,25.692
1964,24.987,25.712
1965,24.975,25.696
1966,24.984,25.708
1967,24.984,25.703
1968,24.999,25.717
1969,24.977,25.704
1970,24.994,25.713
1971,24.982,25.698
1972,24.984,25.700
1973,24.960,25.674
1974,24.979,25.700
1975,24.978,25.691
1976,24.991,25.713
1977,24.972,25.686
1978,24.962,25.678
1979,24.984,25.703
1980,25.000,25.704
1981,24.997,25.721
1982,24.996,25.712
1983,24.982,25.699
1984,24.994,25.717
1985,24.993,25.699
1986,24.993,25.710
1987,24.974,25.690
1988,24.997,25.724
1989,24.992,25.715
1990,24.970,25.688
1991,24.975,25.706
1992,24.984,25.709
1993,24.960,25.672
1994,24.968,25.684
1995,24.964,25.677
1996,24.964,25.683
1997,24.963,25.673
1998,24.962,25.679
1999,24.969,25.697
2000,24.964,25.678
2001,24.967,25.692
2002,24.981,25.699
2003,24.953,25.663
2004,24.963,25.680
2005,24.975,25.696
2006,24.956,25.660
2007,24.947,25.657
2008,24.950,25.666
2009,24.955,25.664
2010,24.959,25.668
2011,24.961,25.685
2012,24.965,25.691
2013,24.946,25.658
2014,24.958,25.683
2015,24.957,25.680
2016,24.950,25.666
2017,24.952,25.677
2018,24.954,25.675
2019,24.963,25.681
2020,24.957,25.677
2021,24.971,25.694
2022,24.966,25.692
2023,24.938,25.652
2024,24.964,25.668
2025,24.949,25.669
2026,24.961,25.681
2027,24.939,25.655
2028,24.949,25.653
2029,24.961,25.670
2030,24.957,25.660
2031,24.951,25.669
2032,24.938,25.650
2033,24.945,25.648
2034,24.939,25.647
2035,24.953,25.670
2036,24.949,25.668
2037,24.930,25.639
2038,24.931,25.631
2039,24.922,25.626
2040,24.916,25.616
2041,24.924,25.626
2042,24.905,25.589
2043,24.925,25.630
2044,24.906,25.612
2045,24.908,25.610
2046,24.887,25.581
2047,24.897,25.594
2048,24.888,25.586
2049,24.896,25.594
2050,24.874,25.571
2051,24.897,25.591
2052,24.864,25.558
2053,24.885,25.585
2054,24.869,25.567
2055,24.873,25.560
2056,24.855,25.541
2057,24.872,25.566
2058,24.845,25.529
2059,24.872,25.561
2060,24.866,25.559
2061,24.867,25.552
2062,24.890,25.593
2063,24.899,25.592
2064,24.893,25.591
2065,24.906,25.597
2066,24.910,25.599
2067,24.898,25.595
2068,24.914,25.608
2069,24.929,25.629
2070,24.944,25.649
2071,24.930,25.628
2072,24.943,25.631
2073,24.943,25.640
2074,24.956,25.644
2075,24.953,25.639
2076,24.970,25.672
2077,24.986,25.695
2078,24.968,25.659
2079,24.976,25.677
2080,24.984,25.688
2081,24.976,25.676
2082,24.980,25.688
2083,24.985,25.684
2084,25.003,25.706
2085,25.014,25.728
2086,25.002,25.712
2087,25.012,25.726
2088,25.024,25.729
2089,25.009,25.721
2090,25.046,25.746
2091,25.014,25.729
2092,25.028,25.752
2093,25.007,25.717
2094,25.015,25.725
2095,25.010,25.729
2096,25.018,25.729
2097,25.010,25.719
2098,25.029,25.736
2099,25.034,25.757
2100,25.024,25.740
2101,25.012,25.725
2102,25.020,25.745
2103,25.012,25.724
2104,25.033,25.752
2105,25.016,25.730
2106,25.013,25.728
2107,25.003,25.716
2108,25.026,25.737
2109,25.000,25.705
2110,25.026,25.735
2111,25.002,25.712
2112,25.031,25.735
2113,25.004,25.710
2114,25.010,25.716
2115,25.021,25.733
2116,25.022,25.730
2117,25.029,25.746
2118,25.016,25.724
2119,25.032,25.749
2120,25.031,25.736
2121,25.011,25.729
2122,25.015,25.736
2123,25.013,25.719
2124,25.012,25.724
2125,25.037,25.740
2126,25.017,25.726
2127,25.025,25.747
2128,25.036,25.751
2129,25.023,25.733
2130,25.025,25.743
2131,25.032,25.738
2132,25.038,25.753
2133,25.035,25.740
2134,25.012,25.725
2135,25.013,25.718
2136,25.031,25.738
2137,25.017,25.725
2138,25.019,25.737
2139,25.045,25.764
2140,25.029,25.752
2141,25.043,25.764
2142,25.032,25.749
2143,25.032,25.755
2144,25.038,25.763
2145,25.038,25.763
2146,25.076,25.824
2147,25.038,25.768
2148,25.052,25.790
2149,25.038,25.758
2150,25.012,25.734
2151,25.014,25.725
2152,25.012,25.725
2153,25.007,25.721
2154,24.997,25.710
2155,25.031,25.739
2156,25.047,25.770
2157,25.044,25.763
2158,25.011,25.724
2159,25.042,25.749
2160,25.047,25.754
2161,25.063,25.786
2162,25.053,25.781
2163,25.055,25.769
2164,25.048,25.756
2165,25.061,25.778
2166,25.035,25.742
2167,25.040,25.755
2168,25.043,25.752
2169,25.054,25.768
2170,25.050,25.767
2171,25.042,25.746
2172,25.038,25.748
2173,25.030,25.744
2174,25.023,25.734
