0,21.377,21.238
1,21.382,21.242
2,21.376,21.237
3,21.295,21.137
4,21.347,21.196
5,21.366,21.185
6,21.410,21.234
7,21.385,21.193
8,21.393,21.190
9,21.426,21.238
10,21.418,21.218
11,21.396,21.205
12,21.381,21.186
13,21.328,21.143
14,21.123,20.927
15,20.782,20.603
16,20.388,20.225
17,19.973,19.817
18,19.449,19.303
19,18.675,18.552
20,17.917,17.808
21,17.371,17.272
22,17.120,17.022
23,18.907,18.790
24,19.116,18.987
25,19.448,19.322
26,19.734,19.589
27,20.081,19.943
28,20.784,20.639
29,21.365,21.214
30,21.523,21.385
31,21.527,21.389
32,20.914,20.781
33,20.896,20.766
34,21.038,20.915
35,20.834,20.704
36,20.875,20.741
37,20.812,20.680
38,20.737,20.590
39,20.861,20.716
40,21.066,20.901
41,21.291,21.114
42,21.455,21.277
43,21.634,21.445
44,21.715,21.502
45,21.780,21.585
46,21.794,21.592
47,21.812,21.594
48,21.849,21.646
49,21.843,21.641
50,21.856,21.643
51,21.789,21.569
52,21.692,21.482
53,21.530,21.323
54,21.410,21.194
55,21.352,21.137
56,21.190,20.979
57,20.983,20.775
58,20.851,20.650
59,20.893,20.707
60,20.898,20.711
61,20.836,20.654
62,20.701,20.533
63,20.732,20.557
64,20.831,20.669
65,20.812,20.638
66,20.755,20.594
67,20.847,20.679
68,20.960,20.781
69,21.062,20.879
70,21.117,20.934
71,21.242,21.042
72,21.336,21.141
73,21.273,21.084
74,21.252,21.050
75,21.259,21.064
76,21.254,21.067
77,21.245,21.056
78,21.237,21.061
79,21.248,21.066
80,21.216,21.027
81,21.246,21.071
82,21.227,21.055
83,21.211,21.031
84,21.196,21.020
85,21.216,21.049
86,21.192,21.019
87,21.197,21.021
88,21.104,20.941
89,20.816,20.655
90,20.328,20.184
91,19.794,19.670
92,19.284,19.169
93,18.491,18.385
94,17.200,17.115
95,16.465,16.408
96,15.641,15.572
97,15.894,15.817
98,18.102,17.943
99,18.987,18.807
100,19.626,19.453
101,20.040,19.881
102,20.398,20.246
103,20.627,20.487
104,20.440,20.321
105,20.850,20.725
106,21.052,20.929
107,20.945,20.830
108,21.018,20.905
109,21.038,20.928
110,21.047,20.927
111,21.171,21.044
112,21.280,21.134
113,21.372,21.193
114,21.517,21.334
115,21.638,21.446
116,21.717,21.495
117,21.766,21.538
118,21.657,21.434
119,21.572,21.351
120,21.596,21.377
121,21.693,21.484
122,21.784,21.577
123,21.837,21.637
124,21.912,21.705
125,21.949,21.747
126,21.978,21.785
127,21.952,21.756
128,21.961,21.767
129,21.960,21.757
130,21.979,21.783
131,21.968,21.767
132,21.951,21.756
133,21.949,21.749
134,21.924,21.723
135,21.881,21.686
136,21.811,21.607
137,21.729,21.516
138,21.679,21.467
139,21.635,21.432
140,21.570,21.366
141,21.537,21.338
142,21.441,21.240
143,21.409,21.208
144,21.405,21.214
145,21.393,21.198
146,21.333,21.140
147,21.320,21.124
148,21.321,21.132
149,21.275,21.087
150,21.271,21.084
151,21.274,21.095
152,21.271,21.097
153,21.208,21.025
154,21.120,20.952
155,21.030,20.869
156,20.871,20.710
157,20.716,20.559
158,20.391,20.258
159,20.005,19.880
160,19.594,19.504
161,19.364,19.291
162,19.252,19.184
163,19.008,18.956
164,19.116,19.071
165,19.478,19.413
166,19.747,19.678
167,20.416,20.314
168,20.662,20.544
169,20.893,20.766
170,21.027,20.887
171,21.229,21.072
172,21.388,21.214
173,21.327,21.146
174,21.474,21.291
175,21.485,21.312
176,21.261,21.098
177,21.269,21.112
178,21.258,21.098
179,21.270,21.106
180,21.257,21.106
181,21.283,21.114
182,21.277,21.103
183,21.274,21.109
184,21.267,21.086
185,21.245,21.066
186,21.264,21.092
187,21.263,21.092
188,21.264,21.085
189,21.247,21.065
190,21.246,21.075
191,21.115,20.944
192,20.931,20.764
193,20.601,20.455
194,20.111,19.975
195,19.520,19.404
196,18.579,18.507
197,17.173,17.162
198,15.111,15.155
199,14.617,14.730
200,16.751,16.770
201,17.284,17.321
202,18.202,18.229
203,20.048,20.008
204,20.950,20.859
205,21.457,21.326
206,21.848,21.684
207,22.068,21.880
208,22.123,21.927
209,22.075,21.871
210,22.016,21.811
211,21.983,21.784
212,21.966,21.778
213,22.017,21.827
214,21.977,21.775
215,22.000,21.807
216,22.005,21.807
217,22.021,21.808
218,21.984,21.775
219,22.004,21.803
220,21.999,21.789
221,21.961,21.748
222,22.001,21.800
223,22.101,21.894
224,22.141,21.938
225,22.136,21.928
226,22.096,21.900
227,22.069,21.855
228,21.946,21.745
229,21.884,21.685
230,21.790,21.577
231,21.652,21.447
232,21.389,21.196
233,21.261,21.072
234,21.205,21.022
235,20.942,20.764
236,20.693,20.520
237,20.525,20.348
238,20.388,20.219
239,20.382,20.200
240,20.555,20.373
241,20.806,20.621
242,20.845,20.701
243,20.907,20.766
244,20.986,20.833
245,21.156,20.994
246,21.280,21.108
247,21.402,21.235
248,21.552,21.372
249,21.699,21.509
250,21.866,21.662
251,21.913,21.713
252,21.853,21.655
253,21.827,21.638
254,21.794,21.598
255,21.711,21.526
256,21.652,21.468
257,21.614,21.431
258,21.577,21.392
259,21.529,21.351
260,21.473,21.291
261,21.445,21.275
262,21.419,21.238
263,21.394,21.223
264,21.368,21.192
265,21.368,21.194
266,21.315,21.140
267,21.303,21.128
268,21.312,21.141
269,21.301,21.128
270,21.290,21.123
271,21.267,21.086
272,21.261,21.100
273,21.250,21.077
274,21.276,21.107
275,21.221,21.050
276,21.221,21.062
277,21.200,21.033
278,21.219,21.062
279,21.218,21.056
280,21.198,21.030
281,21.215,21.051
282,21.217,21.058
283,21.224,21.063
284,21.232,21.073
285,21.208,21.044
286,21.182,21.021
287,21.195,21.039
288,21.206,21.061
289,21.192,21.045
290,21.197,21.045
291,21.165,21.016
292,21.182,21.041
293,21.174,21.032
294,21.159,21.006
295,21.147,21.014
296,21.166,21.021
297,21.150,21.005
298,21.176,21.037
299,21.178,21.033
300,21.176,21.030
301,21.160,21.028
302,21.178,21.042
303,21.167,21.029
304,21.152,21.004
305,21.156,21.023
306,21.122,20.982
307,21.144,21.009
308,21.133,20.991
309,21.103,20.960
310,21.104,20.965
311,21.119,20.988
312,21.120,20.980
313,21.086,20.946
314,21.073,20.941
315,21.041,20.903
316,21.010,20.877
317,20.988,20.864
318,20.973,20.852
319,20.956,20.823
320,20.967,20.847
321,20.955,20.828
322,20.954,20.831
323,20.954,20.817
324,20.932,20.817
325,20.938,20.809
326,20.968,20.841
327,20.954,20.831
328,20.960,20.825
329,20.874,20.749
330,20.868,20.746
331,20.848,20.729
332,20.913,20.802
333,20.930,20.820
334,20.929,20.804
335,20.910,20.797
336,20.868,20.751
337,20.852,20.732
338,20.867,20.750
339,20.853,20.739
340,20.887,20.769
341,20.901,20.779
342,20.919,20.804
343,20.893,20.772
344,20.932,20.821
345,20.945,20.823
346,20.960,20.834
347,20.963,20.847
348,20.955,20.827
349,20.978,20.845
350,20.989,20.868
351,20.985,20.859
352,20.985,20.851
353,21.017,20.892
354,21.031,20.910
355,20.992,20.862
356,21.034,20.918
357,21.067,20.955
358,21.020,20.906
359,21.016,20.887
360,21.038,20.913
361,21.062,20.932
362,21.066,20.939
363,21.061,20.944
364,21.071,20.947
365,21.077,20.946
366,21.083,20.949
367,21.121,20.991
368,21.096,20.961
369,21.123,20.975
370,21.137,21.003
371,21.123,20.981
372,21.122,20.993
373,21.133,20.993
374,21.156,21.015
375,21.154,21.017
376,21.181,21.047
377,21.175,21.033
378,21.203,21.066
379,21.195,21.055
380,21.204,21.065
381,21.186,21.045
382,21.160,21.009
383,21.201,21.053
384,21.202,21.057
385,21.180,21.033
386,21.168,21.017
387,21.188,21.047
388,21.187,21.040
389,21.185,21.039
390,21.164,21.032
391,21.189,21.059
392,21.181,21.048
393,21.173,21.036
394,21.181,21.047
395,21.174,21.028
396,21.152,21.027
397,21.124,20.998
398,21.088,20.964
399,21.087,20.979
400,21.153,21.058
401,21.224,21.119
402,21.174,21.075
403,21.130,21.015
404,21.074,20.972
405,21.006,20.879
406,20.981,20.871
407,20.952,20.833
408,20.944,20.826
409,20.909,20.792
410,20.872,20.758
411,20.907,20.791
412,20.906,20.794
413,20.922,20.815
414,20.905,20.810
415,20.807,20.715
416,20.773,20.679
417,20.703,20.610
418,20.618,20.529
419,20.562,20.476
420,20.413,20.339
421,20.104,20.034
422,20.091,20.025
423,19.920,19.850
424,19.663,19.596
425,19.863,19.772
426,19.806,19.715
427,20.138,20.036
428,20.682,20.565
429,20.896,20.767
430,21.304,21.180
431,21.423,21.274
432,21.677,21.534
433,21.855,21.708
434,21.985,21.836
435,22.191,22.048
436,22.091,21.944
437,21.828,21.685
438,21.702,21.556
439,21.560,21.422
440,21.545,21.397
441,21.580,21.430
442,21.512,21.356
443,21.433,21.295
444,21.385,21.247
445,21.376,21.234
446,21.424,21.278
447,21.466,21.325
448,21.503,21.362
449,21.546,21.404
450,21.465,21.292
451,21.666,21.517
452,21.539,21.367
453,21.636,21.468
454,21.565,21.388
455,21.697,21.546
456,21.713,21.561
457,21.636,21.466
458,21.724,21.572
459,21.607,21.447
460,21.536,21.356
461,21.619,21.447
462,21.696,21.539
463,21.635,21.454
464,21.682,21.503
465,21.580,21.397
466,21.679,21.509
467,21.616,21.440
468,21.581,21.402
469,21.646,21.490
470,21.669,21.483
471,21.604,21.436
472,21.608,21.461
473,21.768,21.641
474,21.618,21.481
475,21.661,21.545
476,21.482,21.357
477,21.544,21.434
478,21.397,21.251
479,21.394,21.255
480,21.306,21.147
481,21.365,21.229
482,21.224,21.095
483,21.327,21.207
484,21.366,21.263
485,21.228,21.120
486,21.382,21.254
487,21.233,21.120
488,21.264,21.158
489,21.129,21.032
490,20.976,20.871
491,20.755,20.633
492,20.823,20.721
493,20.821,20.714
494,20.736,20.619
495,20.613,20.510
496,20.458,20.357
497,20.604,20.507
498,20.607,20.507
499,20.583,20.509
500,20.426,20.307
501,20.430,20.320
502,20.511,20.416
503,20.478,20.378
504,20.348,20.231
505,20.414,20.295
506,20.488,20.362
507,20.517,20.403
508,20.603,20.492
509,20.494,20.365
510,20.563,20.421
511,20.692,20.564
512,20.688,20.558
513,20.720,20.590
514,20.788,20.655
515,20.839,20.702
516,20.766,20.643
517,20.701,20.564
518,20.881,20.745
519,20.823,20.690
520,20.844,20.695
521,20.688,20.534
522,20.705,20.545
523,20.651,20.488
524,20.701,20.553
525,20.682,20.527
526,20.665,20.527
527,20.628,20.466
528,20.581,20.429
529,20.601,20.434
530,20.740,20.597
531,20.689,20.537
532,20.879,20.733
533,21.047,20.895
534,21.060,20.917
535,20.785,20.638
536,20.903,20.780
537,20.868,20.747
538,20.684,20.562
539,20.664,20.540
540,20.760,20.644
541,20.611,20.510
542,20.644,20.532
543,20.490,20.380
544,20.462,20.345
545,20.371,20.255
546,20.469,20.360
547,20.296,20.184
548,20.262,20.140
549,20.166,20.050
550,20.198,20.077
551,20.176,20.042
552,20.230,20.113
553,20.339,20.186
554,20.271,20.108
555,20.076,19.941
556,20.022,19.885
557,19.975,19.840
558,20.002,19.861
559,19.998,19.844
560,19.926,19.790
561,19.935,19.793
562,19.936,19.793
563,19.888,19.740
564,19.869,19.715
565,19.843,19.692
566,19.682,19.540
567,19.723,19.575
568,19.854,19.696
569,19.816,19.662
570,19.513,19.361
571,19.135,18.984
572,19.533,19.379
573,19.342,19.178
574,19.146,18.988
575,19.058,18.898
576,18.716,18.557
577,18.171,18.011
578,18.123,17.958
579,18.061,17.896
580,18.699,18.505
581,19.330,19.133
582,18.903,18.717
583,18.424,18.264
584,18.278,18.132
585,18.489,18.347
586,18.299,18.160
587,18.250,18.089
588,18.257,18.110
589,18.288,18.141
590,18.300,18.158
591,18.422,18.283
592,18.535,18.394
593,18.565,18.426
594,18.609,18.469
595,18.748,18.602
596,18.758,18.619
597,19.415,19.265
598,19.041,18.887
599,19.253,19.083
600,20.128,19.921
601,19.989,19.800
602,20.259,20.072
603,19.316,19.155
604,18.989,18.832
605,18.473,18.315
606,18.479,18.330
607,18.350,18.212
608,18.232,18.086
609,18.687,18.560
610,19.533,19.370
611,17.798,17.680
612,17.889,17.760
613,17.198,17.098
614,17.900,17.776
615,18.137,18.028
616,17.673,17.556
617,17.554,17.429
618,17.618,17.492
619,18.149,18.019
620,18.443,18.305
621,18.157,18.028
622,17.915,17.802
623,17.693,17.574
624,17.879,17.757
625,18.143,18.014
626,17.770,17.657
627,17.611,17.502
628,17.648,17.540
629,17.432,17.319
630,17.445,17.336
631,17.405,17.302
632,17.589,17.499
633,17.616,17.522
634,17.731,17.625
635,17.655,17.553
636,17.570,17.463
637,17.612,17.508
638,17.638,17.529
639,17.527,17.434
640,17.658,17.563
641,18.491,18.379
642,19.455,19.310
643,19.803,19.664
644,19.807,19.672
645,19.677,19.546
646,19.599,19.460
647,19.653,19.514
648,19.577,19.445
649,19.554,19.415
650,19.649,19.513
651,19.572,19.444
652,19.578,19.453
653,19.633,19.502
654,19.747,19.626
655,19.729,19.602
656,19.559,19.433
657,18.626,18.514
658,19.080,18.957
659,19.607,19.456
660,19.622,19.489
661,19.475,19.339
662,19.420,19.274
663,19.285,19.157
664,18.280,18.157
665,17.491,17.386
666,17.414,17.300
667,17.335,17.230
668,17.654,17.544
669,17.386,17.287
670,17.658,17.542
671,17.753,17.646
672,17.745,17.639
673,17.924,17.824
674,18.037,17.933
675,18.286,18.178
676,18.714,18.594
677,18.910,18.783
678,18.847,18.731
679,17.719,17.620
680,17.772,17.660
681,18.338,18.230
682,18.018,17.909
683,17.817,17.705
684,17.878,17.778
685,17.995,17.896
686,18.149,18.049
687,18.204,18.104
688,18.410,18.311
689,18.425,18.314
690,19.006,18.903
691,19.788,19.664
692,19.517,19.404
693,19.504,19.389
694,19.353,19.237
695,19.352,19.242
696,19.394,19.277
697,19.339,19.216
698,19.283,19.157
699,19.178,19.055
700,19.253,19.133
701,19.307,19.176
702,19.343,19.201
703,19.313,19.173
704,19.103,18.978
705,18.956,18.830
706,19.011,18.886
707,19.053,18.929
708,19.092,18.957
709,18.933,18.796
710,18.842,18.719
711,18.697,18.556
712,19.024,18.890
713,19.571,19.430
714,19.714,19.569
715,19.612,19.466
716,19.548,19.403
717,19.527,19.385
718,19.434,19.294
719,19.388,19.240
720,19.492,19.355
721,19.713,19.571
722,19.420,19.298
723,19.310,19.191
724,19.115,18.999
725,18.920,18.805
726,18.939,18.811
727,18.659,18.537
728,18.596,18.477
729,18.432,18.314
730,18.384,18.264
731,18.242,18.107
732,18.069,17.926
733,17.832,17.693
734,17.299,17.172
735,17.015,16.899
736,17.597,17.448
737,17.857,17.710
738,17.709,17.577
739,17.499,17.367
740,17.558,17.426
741,17.511,17.373
742,17.617,17.474
743,17.648,17.502
744,17.595,17.461
745,17.583,17.455
746,17.563,17.435
747,17.710,17.580
748,17.732,17.609
749,17.932,17.810
750,18.103,17.966
751,18.257,18.116
752,18.148,18.017
753,17.163,17.045
754,16.615,16.509
755,16.801,16.677
756,16.922,16.807
757,16.599,16.486
758,16.437,16.330
759,16.513,16.398
760,16.565,16.455
761,16.457,16.342
762,16.283,16.167
763,16.228,16.120
764,16.216,16.113
765,16.256,16.152
766,16.345,16.246
767,17.035,16.930
768,17.130,17.025
769,17.460,17.330
770,16.972,16.847
771,16.920,16.805
772,17.490,17.348
773,16.985,16.859
774,17.285,17.152
775,17.619,17.483
776,17.887,17.758
777,17.990,17.849
778,18.084,17.951
779,17.865,17.746
780,17.777,17.652
781,17.871,17.732
782,16.897,16.795
783,16.808,16.713
784,16.924,16.830
785,17.069,16.972
786,16.885,16.797
787,17.113,17.016
788,16.946,16.843
789,17.220,17.108
790,17.420,17.314
791,16.983,16.890
792,17.211,17.111
793,17.254,17.165
794,17.648,17.538
795,17.606,17.498
796,18.045,17.925
797,17.525,17.427
798,17.565,17.462
799,17.361,17.268
800,17.376,17.268
801,17.683,17.564
802,18.720,18.571
803,19.062,18.907
804,18.425,18.291
805,17.724,17.604
806,17.656,17.534
807,17.600,17.488
808,17.742,17.624
809,17.806,17.693
810,17.891,17.774
811,18.148,18.030
812,17.874,17.770
813,17.881,17.769
814,17.941,17.833
815,18.195,18.088
816,18.270,18.154
817,18.385,18.273
818,18.927,18.802
819,18.286,18.169
820,18.128,18.013
821,18.076,17.963
822,17.932,17.818
823,17.992,17.874
824,18.111,17.990
825,18.013,17.892
826,17.773,17.655
827,17.575,17.465
828,17.437,17.331
829,17.201,17.086
830,17.315,17.190
831,17.020,16.893
832,16.810,16.693
833,16.664,16.542
834,16.674,16.556
835,16.604,16.489
836,16.897,16.767
837,17.082,16.946
838,16.934,16.809
839,16.952,16.819
840,18.615,18.440
841,19.528,19.330
842,20.024,19.835
843,19.921,19.738
844,19.594,19.397
845,19.586,19.396
846,19.533,19.327
847,19.448,19.229
848,19.241,19.021
849,18.698,18.490
850,18.417,18.209
851,18.138,17.949
852,17.354,17.196
853,18.005,17.840
854,18.232,18.086
855,18.930,18.799
856,19.506,19.393
857,19.473,19.368
858,19.694,19.648
859,19.167,19.143
860,18.443,18.407
861,16.545,16.487
862,15.978,15.918
863,16.873,16.790
864,19.203,19.068
865,19.954,19.808
866,20.516,20.378
867,21.133,21.003
868,21.317,21.210
869,21.153,21.034
870,20.791,20.684
871,20.100,19.999
872,19.000,18.846
873,17.767,17.607
874,18.066,17.900
875,17.418,17.256
876,17.561,17.408
877,17.727,17.575
878,17.969,17.811
879,17.944,17.799
880,18.099,17.956
881,17.933,17.790
882,17.817,17.678
883,17.641,17.500
884,17.556,17.407
885,17.563,17.410
886,17.635,17.482
887,17.871,17.694
888,18.134,17.954
889,18.577,18.383
890,17.974,17.790
891,17.975,17.803
892,17.848,17.687
893,17.810,17.642
894,17.761,17.606
895,17.685,17.526
896,17.736,17.585
897,17.783,17.630
898,17.788,17.643
899,18.016,17.863
900,18.184,18.029
901,18.095,17.938
902,18.002,17.844
903,18.086,17.928
904,18.371,18.206
905,18.667,18.499
906,18.488,18.320
907,18.380,18.217
908,18.242,18.081
909,18.290,18.121
910,18.429,18.260
911,18.572,18.399
912,18.708,18.542
913,18.482,18.301
914,18.495,18.320
915,18.901,18.722
916,19.298,19.097
917,19.024,18.831
918,19.072,18.892
919,19.030,18.860
920,18.881,18.707
921,18.936,18.761
922,19.180,18.998
923,19.431,19.240
924,19.646,19.454
925,19.747,19.563
926,19.709,19.515
927,19.463,19.268
928,19.393,19.206
929,19.452,19.272
930,19.436,19.244
931,19.436,19.250
932,19.467,19.285
933,19.421,19.243
934,19.563,19.374
935,19.551,19.356
936,19.536,19.347
937,19.457,19.268
938,19.329,19.139
939,19.278,19.082
940,19.241,19.052
941,19.273,19.089
942,19.360,19.180
943,19.398,19.209
944,19.260,19.068
945,19.283,19.084
946,19.136,18.948
947,19.067,18.879
948,19.120,18.936
949,18.969,18.779
950,18.911,18.717
951,18.949,18.761
952,18.999,18.808
953,19.344,19.140
954,19.407,19.209
955,19.411,19.208
956,19.273,19.078
957,18.919,18.740
958,19.253,19.051
959,19.394,19.210
960,19.462,19.267
961,19.362,19.170
962,19.017,18.815
963,19.286,19.098
964,19.274,19.094
965,19.263,19.087
966,19.225,19.039
967,19.224,19.044
968,19.154,18.988
969,19.122,18.948
970,19.159,18.993
971,19.121,18.950
972,19.180,19.000
973,19.055,18.874
974,19.001,18.833
975,19.016,18.836
976,19.064,18.900
977,18.993,18.830
978,18.965,18.809
979,18.951,18.795
980,18.952,18.789
981,18.951,18.800
982,18.932,18.761
983,18.859,18.688
984,18.836,18.689
985,18.783,18.629
986,18.764,18.607
987,18.730,18.587
988,18.707,18.562
989,18.727,18.575
990,18.677,18.518
991,18.663,18.499
992,18.723,18.576
993,18.716,18.571
994,18.753,18.607
995,18.741,18.593
996,18.696,18.551
997,18.692,18.550
998,18.718,18.573
999,18.799,18.642
1000,18.849,18.700
1001,18.853,18.701
1002,18.879,18.736
1003,18.934,18.784
1004,18.860,18.713
1005,18.930,18.779
1006,18.991,18.826
1007,18.867,18.712
1008,18.900,18.739
1009,18.877,18.714
1010,18.884,18.724
1011,18.913,18.746
1012,18.920,18.751
1013,18.979,18.829
1014,18.940,18.789
1015,18.921,18.755
1016,19.040,18.879
1017,19.208,19.040
1018,19.312,19.144
1019,19.185,19.020
1020,19.383,19.224
1021,19.184,19.030
1022,19.130,18.980
1023,19.258,19.094
1024,19.278,19.114
1025,19.053,18.881
1026,19.262,19.105
1027,19.250,19.104
1028,19.313,19.162
1029,19.386,19.222
1030,19.434,19.277
1031,19.461,19.313
1032,19.507,19.358
1033,19.580,19.429
1034,19.539,19.385
1035,19.570,19.418
1036,19.559,19.407
1037,19.308,19.139
1038,19.546,19.374
1039,19.332,19.180
1040,19.250,19.099
1041,19.240,19.095
1042,19.391,19.252
1043,19.469,19.316
1044,19.516,19.355
1045,19.513,19.366
1046,19.406,19.248
1047,19.348,19.208
1048,19.289,19.138
1049,19.263,19.107
1050,19.251,19.105
1051,19.262,19.125
1052,19.275,19.136
1053,19.266,19.130
1054,19.163,19.020
1055,19.129,18.993
1056,19.108,18.964
1057,19.071,18.925
1058,19.073,18.927
1059,19.048,18.902
1060,19.026,18.888
1061,18.996,18.856
1062,19.003,18.863
1063,18.910,18.754
1064,18.962,18.817
1065,19.013,18.865
1066,18.983,18.838
1067,18.988,18.842
1068,18.946,18.787
1069,18.985,18.821
1070,18.966,18.804
1071,18.994,18.831
1072,18.975,18.817
1073,19.009,18.847
1074,18.965,18.814
1075,18.961,18.801
1076,19.028,18.879
1077,19.039,18.888
1078,19.038,18.895
1079,19.022,18.869
1080,19.060,18.906
1081,19.070,18.910
1082,19.012,18.857
1083,19.013,18.859
1084,18.999,18.837
1085,19.005,18.847
1086,19.025,18.867
1087,19.024,18.859
1088,18.985,18.824
1089,18.980,18.823
1090,19.015,18.859
1091,19.044,18.890
1092,19.001,18.845
1093,19.005,18.849
1094,18.993,18.841
1095,19.074,18.925
1096,19.090,18.939
1097,19.125,18.977
1098,19.210,19.059
1099,19.109,18.971
1100,19.144,19.002
1101,19.104,18.969
1102,19.213,19.072
1103,19.160,19.020
1104,19.169,19.018
1105,19.172,19.018
1106,19.186,19.039
1107,19.155,19.009
1108,19.207,19.071
1109,19.209,19.062
1110,19.266,19.127
1111,19.296,19.167
1112,19.177,19.029
1113,19.155,19.003
1114,19.177,19.028
1115,19.299,19.146
1116,19.244,19.077
1117,19.161,18.999
1118,19.118,18.965
1119,19.095,18.945
1120,19.085,18.933
1121,19.062,18.919
1122,19.028,18.879
1123,18.985,18.827
1124,19.021,18.865
1125,19.005,18.855
1126,19.028,18.863
1127,19.068,18.911
1128,19.094,18.935
1129,19.127,18.973
1130,19.065,18.904
1131,19.077,18.909
1132,19.079,18.910
1133,19.130,18.963
1134,19.060,18.892
1135,19.072,18.912
1136,19.133,18.962
1137,19.121,18.953
1138,19.096,18.930
1139,19.184,19.003
1140,19.119,18.947
1141,19.068,18.889
1142,19.116,18.946
1143,19.123,18.943
1144,19.098,18.926
1145,19.132,18.963
1146,19.169,18.987
1147,19.221,19.045
1148,19.243,19.084
1149,19.274,19.099
1150,19.320,19.137
1151,19.426,19.253
1152,19.402,19.230
1153,19.432,19.265
1154,19.472,19.293
1155,19.159,18.978
1156,19.371,19.195
1157,19.552,19.375
1158,19.487,19.307
1159,19.498,19.318
1160,19.742,19.573
1161,19.720,19.546
1162,19.582,19.384
1163,19.619,19.448
1164,19.458,19.284
1165,19.327,19.159
1166,19.339,19.186
1167,19.326,19.174
1168,19.243,19.096
1169,19.452,19.305
1170,19.594,19.446
1171,19.791,19.648
1172,19.663,19.521
1173,19.605,19.451
1174,19.504,19.348
1175,19.462,19.302
1176,19.424,19.240
1177,19.418,19.248
1178,19.420,19.270
1179,19.407,19.248
1180,19.496,19.330
1181,19.601,19.447
1182,19.321,19.160
1183,19.304,19.139
1184,19.253,19.091
1185,19.553,19.407
1186,19.465,19.308
1187,19.600,19.449
1188,19.544,19.377
1189,19.667,19.490
1190,19.734,19.574
1191,19.746,19.596
1192,19.714,19.543
1193,19.707,19.543
1194,19.732,19.589
1195,19.756,19.606
1196,19.572,19.406
1197,19.661,19.505
1198,19.652,19.506
1199,19.651,19.503
1200,19.640,19.502
1201,19.578,19.417
1202,19.216,19.066
1203,19.398,19.247
1204,19.464,19.318
1205,19.495,19.347
1206,19.503,19.355
1207,19.488,19.353
1208,19.513,19.367
1209,19.496,19.350
1210,19.436,19.287
1211,19.406,19.255
1212,19.454,19.307
1213,19.474,19.317
1214,19.522,19.376
1215,19.543,19.378
1216,19.554,19.391
1217,19.527,19.372
1218,19.535,19.371
1219,19.557,19.407
1220,19.544,19.388
1221,19.483,19.328
1222,19.469,19.312
1223,19.486,19.326
1224,19.588,19.431
1225,19.754,19.592
1226,19.699,19.549
1227,19.499,19.364
1228,19.527,19.384
1229,19.634,19.484
1230,19.579,19.426
1231,19.623,19.468
1232,19.586,19.443
1233,19.482,19.347
1234,19.514,19.374
1235,19.527,19.382
1236,19.494,19.354
1237,19.526,19.389
1238,19.538,19.397
1239,19.551,19.410
1240,19.471,19.341
1241,19.400,19.256
1242,19.421,19.285
1243,19.438,19.296
1244,19.351,19.214
1245,19.266,19.130
1246,19.283,19.144
1247,19.257,19.120
1248,19.111,18.978
1249,18.932,18.794
1250,18.873,18.743
1251,18.857,18.746
1252,18.802,18.698
1253,18.719,18.590
1254,18.797,18.685
1255,18.705,18.577
1256,18.795,18.692
1257,18.813,18.694
1258,18.792,18.689
1259,18.643,18.545
1260,18.638,18.538
1261,18.560,18.443
1262,18.721,18.613
1263,18.610,18.515
1264,18.521,18.417
1265,18.511,18.416
1266,18.528,18.439
1267,18.347,18.263
1268,18.360,18.276
1269,18.442,18.359
1270,18.430,18.342
1271,18.733,18.634
1272,19.082,18.992
1273,19.189,19.102
1274,19.580,19.499
1275,19.542,19.450
1276,19.698,19.604
1277,19.273,19.171
1278,18.819,18.722
1279,18.507,18.403
1280,18.500,18.403
1281,18.525,18.431
1282,18.564,18.474
1283,18.754,18.659
1284,18.955,18.873
1285,19.181,19.097
1286,19.605,19.510
1287,19.746,19.649
1288,19.990,19.892
1289,20.337,20.231
1290,20.866,20.764
1291,21.422,21.337
1292,21.532,21.447
1293,21.813,21.752
1294,21.889,21.819
1295,21.770,21.700
1296,21.124,21.058
1297,20.838,20.770
1298,20.465,20.399
1299,20.373,20.305
1300,20.519,20.445
1301,20.683,20.612
1302,21.102,21.026
1303,21.335,21.258
1304,21.568,21.486
1305,21.295,21.215
1306,21.240,21.151
1307,20.976,20.883
1308,20.757,20.662
1309,20.193,20.090
1310,20.247,20.142
1311,20.094,19.985
1312,20.019,19.923
1313,19.741,19.633
1314,20.129,20.033
1315,19.686,19.583
1316,19.517,19.425
1317,19.377,19.291
1318,19.251,19.167
1319,19.118,19.026
1320,19.171,19.081
1321,19.183,19.077
1322,19.151,19.057
1323,19.074,18.978
1324,18.965,18.867
1325,19.060,18.963
1326,18.965,18.865
1327,18.957,18.862
1328,18.722,18.625
1329,18.808,18.725
1330,18.910,18.813
1331,18.974,18.895
1332,18.999,18.913
1333,18.878,18.782
1334,19.001,18.916
1335,18.986,18.895
1336,18.928,18.848
1337,18.883,18.814
1338,18.867,18.793
1339,18.816,18.735
1340,18.861,18.800
1341,18.701,18.633
1342,18.752,18.682
1343,18.735,18.662
1344,18.500,18.426
1345,18.496,18.424
1346,18.497,18.426
1347,18.396,18.326
1348,18.424,18.357
1349,18.299,18.231
1350,18.340,18.270
1351,18.348,18.269
1352,18.305,18.238
1353,18.047,17.965
1354,17.767,17.707
1355,18.074,18.006
1356,18.199,18.132
1357,18.088,18.023
1358,18.084,18.021
1359,18.029,17.967
1360,18.066,18.001
1361,17.955,17.887
1362,17.855,17.790
1363,17.718,17.657
1364,17.765,17.690
1365,17.698,17.623
1366,17.614,17.557
1367,17.613,17.546
1368,17.572,17.502
1369,17.646,17.571
1370,17.993,17.913
1371,17.908,17.823
1372,17.743,17.667
1373,17.895,17.807
1374,17.907,17.820
1375,17.839,17.758
1376,17.938,17.855
1377,18.096,18.010
1378,18.374,18.284
1379,18.287,18.197
1380,18.237,18.157
1381,18.336,18.257
1382,18.213,18.133
1383,18.336,18.252
1384,18.279,18.192
1385,18.267,18.175
1386,18.432,18.340
1387,18.402,18.309
1388,18.415,18.319
1389,18.572,18.473
1390,16.880,16.804
1391,16.195,16.130
1392,16.230,16.171
1393,16.317,16.253
1394,16.498,16.435
1395,16.503,16.445
1396,16.585,16.518
1397,16.736,16.673
1398,16.740,16.669
1399,16.676,16.612
1400,17.120,17.035
1401,17.278,17.186
1402,17.488,17.394
1403,17.432,17.330
1404,17.301,17.210
1405,17.122,17.025
1406,17.556,17.446
1407,17.044,16.951
1408,17.016,16.931
1409,17.082,16.989
1410,17.401,17.300
1411,17.641,17.536
1412,17.858,17.741
1413,18.024,17.896
1414,18.138,18.006
1415,17.705,17.590
1416,17.158,17.060
1417,17.494,17.394
1418,18.158,18.028
1419,17.997,17.887
1420,17.435,17.336
1421,17.518,17.423
1422,17.971,17.860
1423,18.516,18.387
1424,17.526,17.431
1425,17.479,17.390
1426,17.854,17.749
1427,19.067,18.927
1428,18.737,18.606
1429,18.472,18.347
1430,17.880,17.761
1431,18.972,18.830
1432,19.116,18.957
1433,17.901,17.775
1434,17.466,17.349
1435,17.332,17.226
1436,17.740,17.620
1437,17.776,17.668
1438,17.941,17.828
1439,17.679,17.569
1440,17.447,17.347
1441,17.511,17.409
1442,17.127,17.032
1443,17.420,17.322
1444,17.723,17.619
1445,18.024,17.915
1446,17.982,17.870
1447,19.196,19.055
1448,19.508,19.356
1449,19.638,19.484
1450,19.635,19.476
1451,19.658,19.495
1452,18.922,18.779
1453,18.916,18.773
1454,18.641,18.503
1455,18.403,18.264
1456,18.344,18.206
1457,18.455,18.325
1458,18.820,18.689
1459,19.129,18.988
1460,18.999,18.860
1461,18.704,18.567
1462,18.820,18.686
1463,19.063,18.923
1464,19.874,19.707
1465,19.576,19.407
1466,19.293,19.144
1467,19.709,19.552
1468,19.262,19.116
1469,19.348,19.202
1470,19.483,19.347
1471,19.490,19.359
1472,19.405,19.269
1473,19.426,19.302
1474,19.239,19.101
1475,19.128,19.008
1476,18.994,18.876
1477,18.923,18.807
1478,18.991,18.874
1479,18.943,18.831
1480,18.868,18.753
1481,18.898,18.788
1482,19.111,19.003
1483,19.057,18.941
1484,19.113,19.007
1485,19.494,19.366
1486,19.357,19.245
1487,19.629,19.511
1488,19.956,19.836
1489,20.111,19.987
1490,20.087,19.971
1491,20.087,19.967
1492,19.983,19.867
1493,20.014,19.893
1494,19.951,19.825
1495,19.853,19.716
1496,19.965,19.844
1497,19.858,19.732
1498,19.843,19.722
1499,19.716,19.592
1500,19.740,19.613
1501,19.767,19.651
1502,19.675,19.550
1503,19.701,19.584
1504,19.683,19.569
1505,19.595,19.469
1506,19.640,19.517
1507,19.510,19.369
1508,19.507,19.385
1509,19.415,19.281
1510,19.312,19.178
1511,19.281,19.151
1512,19.333,19.203
1513,19.242,19.110
1514,19.226,19.094
1515,19.308,19.188
1516,19.152,19.036
1517,19.182,19.055
1518,19.006,18.867
1519,19.115,18.995
1520,19.029,18.909
1521,19.089,18.974
1522,19.073,18.954
1523,18.999,18.872
1524,19.297,19.184
1525,19.018,18.883
1526,18.929,18.780
1527,18.996,18.845
1528,18.972,18.837
1529,18.836,18.689
1530,18.860,18.723
1531,18.700,18.552
1532,18.756,18.619
1533,18.621,18.484
1534,18.854,18.735
1535,18.620,18.477
1536,18.673,18.527
1537,18.583,18.438
1538,18.581,18.450
1539,18.532,18.403
1540,18.484,18.354
1541,18.547,18.413
1542,18.586,18.460
1543,18.436,18.298
1544,18.534,18.401
1545,18.576,18.450
1546,18.513,18.380
1547,18.435,18.303
1548,18.538,18.397
1549,18.241,18.105
1550,18.510,18.374
1551,18.504,18.374
1552,18.480,18.347
1553,18.499,18.358
1554,18.696,18.557
1555,18.904,18.749
1556,18.856,18.717
1557,19.021,18.893
1558,19.420,19.285
1559,19.301,19.170
1560,19.241,19.104
1561,19.350,19.207
1562,19.407,19.272
1563,19.482,19.356
1564,19.422,19.304
1565,19.654,19.526
1566,19.512,19.385
1567,19.404,19.273
1568,19.300,19.175
1569,19.213,19.091
1570,19.071,18.938
1571,18.660,18.525
1572,18.718,18.583
1573,18.822,18.692
1574,19.013,18.873
1575,19.011,18.881
1576,19.172,19.037
1577,19.228,19.085
1578,19.277,19.140
1579,19.215,19.077
1580,19.369,19.224
1581,19.177,19.042
1582,19.120,18.992
1583,19.156,19.024
1584,19.212,19.083
1585,19.348,19.216
1586,19.368,19.226
1587,19.445,19.307
1588,19.763,19.636
1589,19.810,19.675
1590,19.818,19.682
1591,19.913,19.771
1592,19.935,19.790
1593,19.954,19.811
1594,20.009,19.862
1595,20.084,19.937
1596,20.069,19.928
1597,19.732,19.585
1598,19.763,19.618
1599,19.045,18.909
1600,19.100,18.953
1601,19.332,19.185
1602,19.190,19.050
1603,19.144,18.997
1604,19.145,19.004
1605,19.221,19.085
1606,19.578,19.437
1607,19.935,19.774
1608,20.100,19.939
1609,20.103,19.939
1610,20.103,19.931
1611,19.542,19.391
1612,19.948,19.788
1613,20.102,19.948
1614,19.935,19.769
1615,19.709,19.569
1616,20.114,19.956
1617,20.098,19.929
1618,19.694,19.538
1619,20.075,19.912
1620,20.043,19.884
1621,19.978,19.811
1622,19.916,19.768
1623,19.841,19.709
1624,19.759,19.600
1625,19.736,19.603
1626,19.682,19.545
1627,19.589,19.458
1628,19.554,19.429
1629,19.592,19.464
1630,19.531,19.410
1631,19.519,19.402
1632,19.487,19.362
1633,19.480,19.354
1634,19.392,19.262
1635,19.310,19.172
1636,19.274,19.139
1637,19.243,19.107
1638,19.205,19.074
1639,19.116,18.990
1640,19.009,18.886
1641,18.935,18.819
1642,18.897,18.774
1643,18.848,18.719
1644,18.774,18.654
1645,18.707,18.588
1646,18.742,18.621
1647,18.777,18.654
1648,18.689,18.572
1649,18.700,18.583
1650,18.572,18.451
1651,18.622,18.503
1652,18.730,18.611
1653,18.557,18.439
1654,18.469,18.349
1655,18.451,18.345
1656,18.461,18.345
1657,18.440,18.317
1658,18.398,18.276
1659,18.324,18.203
1660,18.353,18.237
1661,18.322,18.198
1662,18.275,18.160
1663,18.230,18.107
1664,18.213,18.102
1665,18.176,18.054
1666,18.146,18.032
1667,18.204,18.091
1668,18.180,18.074
1669,18.208,18.080
1670,18.147,18.024
1671,18.095,17.973
1672,18.102,17.981
1673,18.133,18.012
1674,18.072,17.950
1675,18.009,17.885
1676,18.126,18.001
1677,18.195,18.073
1678,18.222,18.097
1679,18.151,18.039
1680,18.246,18.128
1681,18.241,18.122
1682,17.936,17.807
1683,18.080,17.965
1684,18.045,17.937
1685,18.099,17.979
1686,18.136,18.022
1687,18.021,17.907
1688,17.928,17.819
1689,17.893,17.785
1690,17.880,17.776
1691,17.981,17.879
1692,17.958,17.859
1693,18.105,18.000
1694,18.198,18.100
1695,18.121,18.022
1696,17.497,17.405
1697,17.920,17.815
1698,18.323,18.219
1699,18.557,18.457
1700,18.731,18.623
1701,18.801,18.679
1702,18.958,18.829
1703,19.078,18.943
1704,19.858,19.721
1705,20.741,20.597
1706,20.480,20.322
1707,20.463,20.306
1708,20.571,20.402
1709,19.994,19.814
1710,19.790,19.613
1711,19.973,19.777
1712,19.413,19.239
1713,19.106,18.954
1714,20.389,20.226
1715,20.703,20.583
1716,21.326,21.239
1717,21.608,21.548
1718,21.844,21.784
1719,22.448,22.420
1720,22.398,22.373
1721,22.057,21.998
1722,20.685,20.602
1723,20.338,20.250
1724,20.893,20.812
1725,21.539,21.448
1726,22.150,22.044
1727,22.200,22.117
1728,22.005,21.909
1729,21.620,21.519
1730,21.236,21.120
1731,20.725,20.604
1732,19.714,19.541
1733,18.848,18.653
1734,18.902,18.718
1735,19.234,19.058
1736,20.009,19.829
1737,20.763,20.602
1738,21.116,20.972
1739,21.416,21.285
1740,21.005,20.883
1741,20.570,20.430
1742,19.371,19.220
1743,19.183,19.034
1744,19.267,19.109
1745,19.554,19.379
1746,19.779,19.605
1747,20.082,19.895
1748,19.662,19.472
1749,19.513,19.315
1750,19.143,18.953
1751,18.903,18.721
1752,18.554,18.371
1753,18.195,18.029
1754,18.093,17.942
1755,18.117,17.963
1756,18.282,18.128
1757,18.123,17.970
1758,18.038,17.885
1759,18.024,17.867
1760,17.978,17.830
1761,17.911,17.753
1762,17.864,17.704
1763,17.899,17.734
1764,18.019,17.860
1765,18.095,17.926
1766,18.292,18.112
1767,18.265,18.104
1768,18.307,18.134
1769,18.313,18.146
1770,18.428,18.256
1771,18.552,18.381
1772,18.603,18.421
1773,18.715,18.537
1774,18.854,18.666
1775,18.877,18.701
1776,18.887,18.713
1777,19.096,18.918
1778,19.030,18.844
1779,19.190,19.004
1780,18.492,18.296
1781,18.348,18.181
1782,18.244,18.089
1783,18.231,18.063
1784,18.197,18.023
1785,18.147,18.005
1786,18.140,17.983
1787,18.048,17.902
1788,18.049,17.910
1789,17.971,17.846
1790,17.975,17.854
1791,17.958,17.840
1792,18.792,18.649
1793,19.017,18.874
1794,18.849,18.706
1795,18.824,18.696
1796,18.639,18.492
1797,18.743,18.602
1798,18.802,18.658
1799,18.481,18.346
1800,18.438,18.293
1801,18.376,18.232
1802,18.665,18.510
1803,18.527,18.384
1804,18.501,18.345
1805,18.395,18.247
1806,18.217,18.065
1807,18.282,18.130
1808,18.321,18.173
1809,18.247,18.099
1810,18.362,18.201
1811,18.406,18.257
1812,18.370,18.215
1813,18.389,18.226
1814,18.524,18.361
1815,18.507,18.345
1816,18.427,18.267
1817,18.403,18.259
1818,18.594,18.426
1819,18.522,18.351
1820,18.091,17.945
1821,17.991,17.854
1822,17.803,17.664
1823,18.273,18.130
1824,18.221,18.087
1825,18.464,18.306
1826,18.891,18.728
1827,18.541,18.387
1828,18.570,18.427
1829,18.533,18.389
1830,18.583,18.444
1831,18.377,18.232
1832,18.467,18.323
1833,18.378,18.241
1834,18.426,18.283
1835,18.409,18.273
1836,18.553,18.400
1837,18.618,18.460
1838,18.647,18.496
1839,18.495,18.353
1840,18.802,18.666
1841,19.313,19.152
