0,6.874,9.473
1,6.873,9.486
2,6.882,9.498
3,6.876,9.489
4,6.867,9.472
5,6.866,9.476
6,6.862,9.473
7,6.859,9.461
8,6.858,9.470
9,6.862,9.465
10,6.872,9.491
11,6.862,9.474
12,6.830,9.428
13,6.852,9.466
14,6.849,9.476
15,6.838,9.442
16,6.816,9.423
17,6.810,9.416
18,6.833,9.471
19,6.814,9.438
20,6.813,9.429
21,6.789,9.410
22,6.778,9.381
23,6.947,9.582
24,6.978,9.602
25,7.027,9.656
26,6.986,9.625
27,6.954,9.568
28,6.965,9.591
29,6.937,9.563
30,6.917,9.549
31,6.903,9.548
32,6.900,9.561
33,6.885,9.544
34,6.872,9.546
35,6.846,9.490
36,6.856,9.518
37,6.868,9.541
38,6.868,9.558
39,6.898,9.586
40,6.895,9.582
41,6.882,9.579
42,6.838,9.524
43,6.836,9.524
44,6.808,9.511
45,6.790,9.496
46,6.766,9.468
47,6.862,9.548
48,6.876,9.563
49,6.924,9.591
50,6.990,9.664
51,6.994,9.666
52,7.014,9.699
53,7.085,9.768
54,7.135,9.812
55,7.246,9.916
56,7.356,10.019
57,7.484,10.153
58,7.631,10.304
59,7.692,10.362
60,7.814,10.483
61,7.980,10.638
62,8.106,10.748
63,8.287,10.940
64,8.456,11.111
65,8.443,11.110
66,8.553,11.219
67,8.651,11.323
68,8.626,11.285
69,8.759,11.456
70,8.934,11.642
71,8.973,11.680
72,9.134,11.858
73,9.287,12.022
74,9.503,12.255
75,9.678,12.425
76,9.855,12.631
77,10.067,12.867
78,10.188,12.976
79,10.309,13.145
80,10.396,13.221
81,10.454,13.279
82,10.519,13.370
83,10.582,13.431
84,10.608,13.453
85,10.596,13.426
86,10.460,13.297
87,10.271,13.104
88,10.076,12.907
89,9.868,12.682
90,9.682,12.475
91,9.464,12.247
92,9.291,12.068
93,9.078,11.838
94,8.910,11.670
95,8.677,11.410
96,8.577,11.291
97,8.476,11.189
98,8.377,11.090
99,8.248,10.935
100,8.109,10.794
101,8.023,10.705
102,7.993,10.673
103,7.922,10.600
104,7.825,10.499
105,7.804,10.469
106,7.753,10.419
107,7.699,10.368
108,7.663,10.329
109,7.648,10.336
110,7.623,10.300
111,7.615,10.286
112,7.588,10.264
113,7.516,10.175
114,7.538,10.211
115,7.518,10.212
116,7.447,10.124
117,7.440,10.126
118,7.399,10.087
119,7.402,10.098
120,7.388,10.075
121,7.341,10.010
122,7.359,10.050
123,7.349,10.047
124,7.337,10.031
125,7.324,10.009
126,7.322,10.003
127,7.322,10.013
128,7.295,9.980
129,7.305,10.015
130,7.313,10.021
131,7.291,9.982
132,7.325,10.052
133,7.263,9.972
134,7.215,9.910
135,7.186,9.883
136,7.169,9.865
137,7.149,9.854
138,7.100,9.794
139,7.111,9.821
140,7.087,9.818
141,7.016,9.724
142,6.956,9.666
143,7.057,9.793
144,7.003,9.739
145,6.951,9.685
146,7.001,9.751
147,6.968,9.732
148,6.939,9.709
149,6.989,9.774
150,7.009,9.809
151,6.993,9.803
152,7.042,9.870
153,7.078,9.911
154,7.073,9.904
155,6.955,9.792
156,6.875,9.705
157,6.820,9.669
158,6.889,9.722
159,6.918,9.800
160,6.918,9.788
161,7.000,9.884
162,7.091,10.020
163,7.232,10.196
164,7.534,10.540
165,7.669,10.681
166,7.808,10.837
167,7.864,10.905
168,7.959,11.038
169,8.082,11.173
170,8.181,11.289
171,8.257,11.362
172,8.354,11.489
173,8.279,11.412
174,8.266,11.417
175,8.267,11.403
176,8.419,11.615
177,8.451,11.645
178,8.497,11.698
179,8.521,11.740
180,8.588,11.828
181,8.640,11.898
182,8.614,11.833
183,8.748,12.012
184,8.806,12.098
185,8.752,12.032
186,8.814,12.099
187,8.899,12.186
188,8.935,12.246
189,8.978,12.271
190,9.030,12.322
191,8.939,12.224
192,8.921,12.217
193,8.851,12.096
194,8.741,11.968
195,8.789,11.986
196,8.815,12.002
197,8.807,11.964
198,8.821,11.978
199,8.843,11.969
200,8.829,11.949
201,8.817,11.946
202,8.846,11.963
203,8.850,11.946
204,8.823,11.896
205,8.840,11.881
206,8.908,11.954
207,8.904,11.913
208,9.011,12.015
209,9.116,12.073
210,9.255,12.223
211,9.395,12.337
212,9.608,12.543
213,9.766,12.674
214,9.852,12.791
215,9.885,12.783
216,9.867,12.736
217,9.934,12.824
218,9.947,12.814
219,9.949,12.792
220,9.971,12.808
221,10.024,12.872
222,10.045,12.867
223,9.974,12.770
224,9.824,12.601
225,9.697,12.452
226,9.538,12.299
227,9.386,12.100
228,9.242,11.937
229,9.127,11.808
230,8.961,11.618
231,8.840,11.497
232,8.726,11.371
233,8.626,11.279
234,8.517,11.159
235,8.433,11.083
236,8.278,10.918
237,8.183,10.821
238,8.100,10.754
239,8.029,10.683
240,7.976,10.629
241,7.937,10.593
242,7.867,10.520
243,7.816,10.467
244,7.812,10.490
245,7.779,10.467
246,7.727,10.411
247,7.745,10.421
248,7.730,10.411
249,7.726,10.419
250,7.707,10.414
251,7.692,10.389
252,7.654,10.332
253,7.637,10.336
254,7.648,10.323
255,7.631,10.319
256,7.615,10.305
257,7.608,10.304
258,7.627,10.340
259,7.548,10.234
260,7.497,10.201
261,7.432,10.114
262,7.376,10.039
263,7.371,10.051
264,7.333,10.009
265,7.300,9.982
266,7.253,9.941
267,7.190,9.862
268,7.170,9.842
269,7.157,9.836
270,7.136,9.799
271,7.130,9.801
272,7.064,9.709
273,7.077,9.741
274,7.058,9.701
275,7.045,9.673
276,7.039,9.663
277,7.042,9.662
278,7.037,9.655
279,7.021,9.629
280,7.033,9.642
281,7.000,9.602
282,6.977,9.585
283,6.963,9.580
284,6.937,9.547
285,6.915,9.529
286,6.880,9.477
287,6.875,9.506
288,6.827,9.439
289,6.800,9.418
290,6.796,9.415
291,6.754,9.363
292,6.736,9.352
293,6.736,9.354
294,6.689,9.310
295,6.670,9.278
296,6.642,9.244
297,6.644,9.268
298,6.576,9.170
299,6.537,9.137
300,6.505,9.113
301,6.456,9.060
302,6.400,8.990
303,6.387,8.992
304,6.367,8.967
305,6.353,8.961
306,6.320,8.914
307,6.314,8.927
308,6.390,8.962
309,6.407,8.996
310,6.436,9.039
311,6.322,8.908
312,6.314,8.909
313,6.270,8.851
314,6.385,8.962
315,6.400,8.971
316,6.408,8.986
317,6.337,8.911
318,6.302,8.882
319,6.281,8.859
320,6.376,8.951
321,6.374,8.955
322,6.378,8.952
323,6.292,8.866
324,6.278,8.860
325,6.253,8.844
326,6.211,8.792
327,6.209,8.804
328,6.170,8.750
329,6.293,8.884
330,6.325,8.914
331,6.338,8.910
332,6.284,8.845
333,6.316,8.889
334,6.342,8.936
335,6.383,8.966
336,6.461,9.051
337,6.533,9.119
338,6.607,9.198
339,6.702,9.278
340,6.775,9.347
341,6.869,9.456
342,6.959,9.529
343,7.039,9.601
344,7.027,9.588
345,7.100,9.666
346,7.120,9.682
347,7.112,9.686
348,7.123,9.689
349,7.121,9.712
350,6.981,9.539
351,7.061,9.624
352,7.077,9.671
353,7.141,9.710
354,7.169,9.746
355,7.167,9.725
356,7.191,9.767
357,7.226,9.798
358,7.215,9.748
359,7.276,9.812
360,7.282,9.825
361,7.319,9.853
362,7.360,9.892
363,7.351,9.883
364,7.336,9.854
365,7.311,9.825
366,7.276,9.770
367,7.288,9.787
368,7.262,9.751
369,7.262,9.752
370,7.235,9.731
371,7.172,9.640
372,7.175,9.654
373,7.117,9.580
374,7.123,9.577
375,7.104,9.558
376,7.070,9.520
377,7.001,9.438
378,6.964,9.392
379,6.919,9.346
380,6.872,9.299
381,6.823,9.242
382,6.788,9.215
383,6.772,9.207
384,6.736,9.157
385,6.711,9.143
386,6.693,9.101
387,6.671,9.090
388,6.684,9.115
389,6.666,9.091
390,6.666,9.088
391,6.633,9.067
392,6.637,9.080
393,6.630,9.071
394,6.602,9.051
395,6.592,9.056
396,6.548,9.017
397,6.537,9.032
398,6.520,9.013
399,6.516,9.012
400,6.508,9.035
401,6.492,9.035
402,6.492,9.023
403,6.511,9.068
404,6.597,9.138
405,6.610,9.139
406,6.658,9.192
407,6.662,9.210
408,6.670,9.220
409,6.666,9.215
410,6.712,9.250
411,6.723,9.256
412,6.738,9.253
413,6.763,9.285
414,6.766,9.281
415,6.808,9.323
416,6.836,9.354
417,6.861,9.376
418,6.829,9.332
419,6.864,9.404
420,6.891,9.433
421,6.913,9.443
422,6.929,9.455
423,6.951,9.470
424,7.006,9.521
425,7.022,9.526
426,7.037,9.530
427,7.071,9.571
428,6.992,9.502
429,6.983,9.493
430,7.035,9.540
431,7.098,9.585
432,7.132,9.608
433,7.174,9.664
434,7.220,9.689
435,7.237,9.682
436,7.271,9.727
437,7.338,9.805
438,7.348,9.811
439,7.332,9.793
440,7.307,9.754
441,7.308,9.766
442,7.280,9.719
443,7.262,9.716
444,7.235,9.688
445,7.200,9.651
446,7.189,9.646
447,7.134,9.578
448,7.084,9.541
449,7.041,9.495
450,6.972,9.415
451,6.940,9.407
452,6.889,9.340
453,6.859,9.310
454,6.825,9.281
455,6.802,9.259
456,6.820,9.272
457,6.834,9.291
458,6.761,9.211
459,6.760,9.229
460,6.706,9.173
461,6.679,9.161
462,6.666,9.162
463,6.675,9.176
464,6.626,9.120
465,6.638,9.144
466,6.636,9.155
467,6.651,9.162
468,6.661,9.188
469,6.702,9.250
470,6.709,9.248
471,6.701,9.243
472,6.723,9.261
473,6.711,9.237
474,6.726,9.269
475,6.739,9.286
476,6.751,9.314
477,6.762,9.315
478,6.780,9.348
479,6.790,9.373
480,6.740,9.305
481,6.737,9.307
482,6.755,9.337
483,6.757,9.354
484,6.769,9.365
485,6.803,9.413
486,6.805,9.395
487,6.792,9.377
488,6.833,9.430
489,6.856,9.452
490,6.850,9.437
491,6.861,9.440
492,6.848,9.423
493,6.875,9.446
494,6.897,9.469
495,6.886,9.452
496,6.871,9.438
497,6.842,9.396
498,6.844,9.416
499,6.816,9.372
500,6.810,9.387
501,6.776,9.348
502,6.734,9.295
503,6.740,9.301
504,6.739,9.301
505,6.710,9.267
506,6.704,9.259
507,6.692,9.247
508,6.672,9.201
509,6.660,9.203
510,6.648,9.189
511,6.626,9.168
512,6.616,9.167
513,6.602,9.153
514,6.573,9.122
515,6.569,9.125
516,6.550,9.098
517,6.514,9.080
518,6.500,9.058
519,6.463,9.012
520,6.473,9.036
521,6.451,9.025
522,6.414,8.976
523,6.398,8.953
524,6.528,9.100
525,6.540,9.085
526,6.564,9.120
527,6.465,9.013
528,6.453,8.995
529,6.443,8.986
530,6.528,9.056
531,6.550,9.069
532,6.566,9.105
533,6.498,9.032
534,6.454,8.998
535,6.440,8.983
536,6.388,8.945
537,6.366,8.937
538,6.340,8.907
539,6.449,9.015
540,6.439,9.005
541,6.466,9.046
542,6.400,8.982
543,6.418,9.009
544,6.422,9.013
545,6.429,9.029
546,6.412,9.015
547,6.440,9.056
548,6.417,9.018
549,6.428,9.031
550,6.464,9.056
551,6.489,9.081
552,6.589,9.176
553,6.703,9.272
554,6.774,9.346
555,6.837,9.393
556,6.939,9.478
557,7.011,9.549
558,7.063,9.595
559,7.137,9.669
560,7.089,9.613
561,7.141,9.680
562,7.169,9.707
563,7.144,9.681
564,7.178,9.712
565,7.186,9.723
566,7.118,9.660
567,7.156,9.705
568,7.136,9.682
569,7.148,9.705
570,7.143,9.692
571,7.153,9.695
572,7.191,9.743
573,7.203,9.772
574,7.195,9.753
575,7.217,9.774
576,7.231,9.795
577,7.244,9.822
578,7.244,9.810
579,7.264,9.842
580,7.260,9.830
581,7.271,9.858
582,7.306,9.895
583,7.299,9.880
584,7.310,9.905
585,7.329,9.919
586,7.315,9.893
587,7.320,9.904
588,7.292,9.870
589,7.316,9.895
590,7.325,9.891
591,7.323,9.878
592,7.310,9.858
593,7.346,9.891
594,7.352,9.900
595,7.371,9.913
596,7.404,9.975
597,7.397,9.946
598,7.405,9.966
599,7.430,9.984
600,7.424,9.962
601,7.459,10.012
602,7.470,10.025
603,7.480,10.027
604,7.472,10.014
605,7.516,10.058
606,7.527,10.066
607,7.539,10.087
608,7.569,10.117
609,7.566,10.112
610,7.593,10.141
611,7.592,10.160
612,7.621,10.159
613,7.607,10.158
614,7.632,10.183
615,7.603,10.147
616,7.620,10.177
617,7.567,10.114
618,7.549,10.104
619,7.536,10.076
620,7.521,10.069
621,7.487,10.036
622,7.490,10.064
623,7.460,10.019
624,7.447,10.013
625,7.373,9.937
626,7.357,9.942
627,7.297,9.886
628,7.245,9.842
629,7.209,9.818
630,7.138,9.732
631,7.136,9.748
632,7.108,9.716
633,7.156,9.766
634,7.146,9.756
635,7.160,9.763
636,7.164,9.749
637,7.193,9.772
638,7.235,9.796
639,7.230,9.786
640,7.193,9.739
641,7.190,9.727
642,7.169,9.702
643,7.174,9.707
644,7.154,9.670
645,7.160,9.682
646,7.177,9.718
647,7.174,9.707
648,7.144,9.686
649,7.133,9.690
650,7.100,9.664
651,7.052,9.629
652,7.018,9.577
653,6.974,9.551
654,6.938,9.498
655,6.933,9.521
656,6.928,9.491
657,6.964,9.552
658,6.979,9.564
659,7.008,9.584
660,6.961,9.524
661,6.950,9.528
662,6.929,9.502
663,6.892,9.439
664,6.895,9.458
665,6.887,9.441
666,6.899,9.470
667,6.967,9.574
668,6.978,9.595
669,7.013,9.656
670,7.035,9.696
671,7.020,9.662
672,6.993,9.634
673,6.971,9.606
674,6.973,9.625
675,6.992,9.641
676,6.960,9.597
677,6.924,9.552
678,6.897,9.524
679,6.857,9.493
680,6.861,9.503
681,6.844,9.465
682,6.811,9.432
683,6.834,9.481
684,6.868,9.532
685,6.845,9.486
686,6.827,9.464
687,6.853,9.513
688,6.833,9.486
689,6.834,9.495
690,6.828,9.498
691,6.800,9.470
692,6.907,9.565
693,6.926,9.576
694,6.933,9.603
695,6.972,9.628
696,7.010,9.670
697,6.984,9.625
698,6.898,9.527
699,6.867,9.497
700,6.827,9.460
701,6.919,9.545
702,6.898,9.495
703,6.907,9.500
704,6.838,9.450
705,6.819,9.440
706,6.786,9.396
707,6.811,9.415
708,6.817,9.416
709,6.789,9.374
710,6.687,9.281
711,6.636,9.216
712,6.605,9.198
713,6.655,9.236
714,6.642,9.211
715,6.662,9.214
716,6.777,9.316
717,6.859,9.393
718,6.912,9.412
719,6.898,9.413
720,6.879,9.365
721,6.919,9.400
722,6.953,9.419
723,6.991,9.443
724,6.998,9.419
725,7.107,9.532
726,7.191,9.612
727,7.278,9.701
728,7.199,9.610
729,7.236,9.648
730,7.257,9.654
731,7.199,9.614
732,7.187,9.591
733,7.212,9.612
734,7.104,9.485
735,7.116,9.488
736,7.133,9.509
737,7.118,9.484
738,7.093,9.452
739,7.086,9.452
740,7.057,9.408
741,7.048,9.393
742,6.997,9.335
743,6.957,9.289
744,6.913,9.233
745,6.917,9.251
746,6.880,9.213
747,6.860,9.214
748,6.833,9.170
749,6.839,9.190
750,6.810,9.147
751,6.834,9.184
752,6.843,9.213
753,6.839,9.205
754,6.843,9.221
755,6.827,9.192
756,6.810,9.167
757,6.804,9.172
758,6.819,9.181
759,6.808,9.163
760,6.814,9.188
761,6.813,9.192
762,6.799,9.174
763,6.796,9.168
764,6.808,9.188
765,6.812,9.201
766,6.826,9.214
767,6.821,9.216
768,6.822,9.229
769,6.859,9.282
770,6.811,9.221
771,6.813,9.234
772,6.818,9.253
773,6.822,9.266
774,6.821,9.259
775,6.862,9.323
776,6.853,9.310
777,6.863,9.318
778,6.889,9.359
779,6.922,9.386
780,6.898,9.352
781,6.891,9.351
782,6.875,9.325
783,6.890,9.346
784,6.881,9.330
785,6.880,9.345
786,6.854,9.316
787,6.835,9.295
788,6.845,9.299
789,6.865,9.338
790,6.837,9.304
791,6.794,9.249
792,6.813,9.288
793,6.819,9.314
794,6.777,9.273
795,6.752,9.253
796,6.733,9.244
797,6.697,9.202
798,6.652,9.161
799,6.650,9.158
800,6.631,9.157
801,6.589,9.109
802,6.578,9.089
803,6.556,9.089
804,6.507,9.032
805,6.465,8.990
806,6.435,8.951
807,6.427,8.961
808,6.419,8.955
809,6.416,8.959
810,6.407,8.952
811,6.403,8.933
812,6.414,8.958
813,6.402,8.938
814,6.387,8.933
815,6.369,8.912
816,6.359,8.914
817,6.344,8.909
818,6.328,8.888
819,6.310,8.867
820,6.313,8.880
821,6.307,8.880
822,6.319,8.879
823,6.328,8.894
824,6.378,8.958
825,6.372,8.928
826,6.374,8.923
827,6.390,8.925
828,6.402,8.949
829,6.333,8.846
830,6.314,8.845
831,6.255,8.765
832,6.261,8.775
833,6.349,8.846
834,6.388,8.892
835,6.416,8.906
836,6.360,8.861
837,6.380,8.885
838,6.357,8.862
839,6.355,8.885
840,6.328,8.849
841,6.327,8.848
842,6.314,8.850
843,6.309,8.839
844,6.296,8.835
845,6.298,8.833
846,6.314,8.843
847,6.327,8.851
848,6.365,8.898
849,6.314,8.829
850,6.270,8.795
851,6.326,8.822
852,6.338,8.820
853,6.323,8.788
854,6.282,8.753
855,6.294,8.765
856,6.358,8.855
857,6.397,8.901
858,6.457,9.006
859,6.498,9.051
860,6.522,9.072
861,6.547,9.108
862,6.521,9.045
863,6.552,9.082
864,6.549,9.090
865,6.534,9.079
866,6.494,9.031
867,6.466,9.012
868,6.420,8.957
869,6.386,8.926
870,6.382,8.921
871,6.358,8.889
872,6.343,8.891
873,6.348,8.885
874,6.361,8.894
875,6.387,8.929
876,6.427,8.965
877,6.471,9.023
878,6.521,9.068
879,6.581,9.121
880,6.607,9.127
881,6.634,9.126
882,6.698,9.212
883,6.715,9.209
884,6.744,9.246
885,6.767,9.249
886,6.778,9.232
887,6.805,9.252
888,6.826,9.286
889,6.831,9.283
890,6.846,9.310
891,6.850,9.300
892,6.869,9.296
893,6.825,9.265
894,6.805,9.242
895,6.821,9.276
896,6.850,9.290
897,6.867,9.305
898,6.891,9.336
899,6.825,9.280
900,6.826,9.301
901,6.809,9.299
902,6.822,9.285
903,6.844,9.322
904,6.861,9.351
905,6.866,9.363
906,6.858,9.355
907,6.851,9.346
908,6.826,9.336
909,6.850,9.383
910,6.844,9.362
911,6.854,9.379
912,6.853,9.399
913,6.872,9.411
914,6.865,9.416
915,6.884,9.432
916,6.889,9.458
917,6.882,9.454
918,6.891,9.463
919,6.898,9.469
920,6.893,9.477
921,6.921,9.511
922,6.926,9.519
923,6.928,9.536
924,6.963,9.583
925,6.966,9.581
926,6.989,9.616
927,7.002,9.628
928,7.044,9.678
929,7.091,9.734
930,7.114,9.747
931,7.146,9.784
932,7.196,9.834
933,7.223,9.860
934,7.246,9.873
935,7.288,9.931
936,7.320,9.963
937,7.369,10.021
938,7.378,10.012
939,7.422,10.067
940,7.425,10.068
941,7.494,10.155
942,7.514,10.156
943,7.537,10.168
944,7.583,10.215
945,7.615,10.250
946,7.634,10.265
947,7.697,10.340
948,7.705,10.332
949,7.764,10.394
950,7.779,10.418
951,7.797,10.422
952,7.805,10.423
953,7.823,10.446
954,7.832,10.443
955,7.837,10.466
956,7.798,10.403
957,7.770,10.375
958,7.785,10.373
959,7.772,10.376
960,7.781,10.378
961,7.795,10.384
962,7.773,10.346
963,7.760,10.332
964,7.759,10.318
965,7.755,10.304
966,7.719,10.245
967,7.692,10.202
968,7.683,10.207
969,7.694,10.216
970,7.645,10.147
971,7.626,10.123
972,7.618,10.104
973,7.601,10.076
974,7.579,10.053
975,7.572,10.038
976,7.530,9.994
977,7.509,9.978
978,7.473,9.935
979,7.458,9.919
980,7.427,9.886
981,7.400,9.859
982,7.361,9.784
983,7.355,9.817
984,7.327,9.771
985,7.266,9.694
986,7.279,9.713
987,7.248,9.672
988,7.229,9.651
989,7.190,9.620
990,7.148,9.565
991,7.155,9.603
992,7.097,9.539
993,7.057,9.502
994,7.055,9.495
995,7.000,9.417
996,6.981,9.409
997,6.959,9.394
998,6.908,9.336
999,6.900,9.339
1000,6.832,9.269
1001,6.799,9.224
1002,6.785,9.223
1003,6.723,9.156
1004,6.718,9.158
1005,6.682,9.119
1006,6.647,9.074
1007,6.645,9.086
1008,6.619,9.055
1009,6.613,9.069
1010,6.584,9.036
1011,6.581,9.035
1012,6.540,8.990
1013,6.533,8.976
1014,6.522,8.972
1015,6.477,8.940
1016,6.452,8.917
1017,6.422,8.892
1018,6.387,8.864
1019,6.378,8.858
1020,6.388,8.888
1021,6.369,8.867
1022,6.335,8.823
1023,6.351,8.867
1024,6.304,8.817
1025,6.290,8.817
1026,6.272,8.814
1027,6.246,8.795
1028,6.337,8.865
1029,6.316,8.820
1030,6.356,8.862
1031,6.326,8.836
1032,6.339,8.867
1033,6.363,8.895
1034,6.343,8.877
1035,6.347,8.893
1036,6.357,8.903
1037,6.449,8.991
1038,6.449,8.982
1039,6.489,9.031
1040,6.453,9.051
1041,6.466,9.075
1042,6.510,9.124
1043,6.536,9.172
1044,6.537,9.176
1045,6.559,9.205
1046,6.558,9.185
1047,6.619,9.252
1048,6.621,9.255
1049,6.666,9.308
1050,6.681,9.309
1051,6.724,9.370
1052,6.728,9.362
1053,6.716,9.351
1054,6.744,9.380
1055,6.783,9.444
1056,6.786,9.451
1057,6.803,9.441
1058,6.851,9.497
1059,6.877,9.531
1060,6.909,9.559
1061,6.931,9.571
1062,6.953,9.596
1063,6.987,9.645
1064,7.055,9.709
1065,7.090,9.740
1066,7.104,9.736
1067,7.138,9.775
1068,7.190,9.824
1069,7.210,9.834
1070,7.206,9.854
1071,7.227,9.877
1072,7.244,9.885
1073,7.278,9.911
1074,7.329,9.953
1075,7.344,9.960
1076,7.292,9.928
1077,7.327,9.959
1078,7.325,9.935
1079,7.371,9.980
1080,7.384,9.962
1081,7.424,9.980
1082,7.437,9.977
1083,7.463,10.002
1084,7.476,9.987
1085,7.476,9.976
1086,7.507,9.986
1087,7.499,9.970
1088,7.526,9.981
1089,7.526,9.985
1090,7.521,9.949
1091,7.567,10.006
1092,7.561,9.999
1093,7.567,9.990
1094,7.586,9.999
1095,7.620,10.038
1096,7.645,10.048
1097,7.669,10.080
1098,7.693,10.095
1099,7.716,10.109
1100,7.727,10.123
1101,7.753,10.126
1102,7.816,10.200
1103,7.787,10.158
1104,7.845,10.221
1105,7.856,10.241
1106,7.870,10.236
1107,7.847,10.213
1108,7.875,10.251
1109,7.852,10.237
1110,7.807,10.179
1111,7.799,10.174
1112,7.794,10.180
1113,7.734,10.135
1114,7.712,10.117
1115,7.715,10.129
1116,7.666,10.077
1117,7.639,10.068
1118,7.634,10.072
1119,7.629,10.067
1120,7.637,10.085
1121,7.604,10.068
1122,7.595,10.063
1123,7.558,10.025
1124,7.542,10.027
1125,7.576,10.046
1126,7.569,10.060
1127,7.552,10.047
1128,7.533,10.026
1129,7.512,10.028
1130,7.546,10.064
1131,7.506,10.033
1132,7.513,10.046
1133,7.509,10.032
1134,7.479,10.014
1135,7.505,10.049
1136,7.504,10.041
1137,7.477,9.995
1138,7.500,10.030
1139,7.486,10.010
1140,7.491,10.014
1141,7.475,10.003
1142,7.484,10.015
1143,7.490,10.015
1144,7.487,10.009
1145,7.540,10.063
1146,7.519,10.006
1147,7.523,10.023
1148,7.544,10.040
1149,7.584,10.078
1150,7.605,10.081
1151,7.530,9.983
1152,7.525,9.981
1153,7.516,9.971
1154,7.489,9.926
1155,7.451,9.899
1156,7.462,9.899
1157,7.437,9.880
1158,7.425,9.866
1159,7.395,9.833
1160,7.367,9.801
1161,7.347,9.784
1162,7.330,9.767
1163,7.277,9.705
1164,7.282,9.710
1165,7.285,9.718
1166,7.273,9.720
1167,7.258,9.676
1168,7.259,9.697
1169,7.224,9.662
1170,7.177,9.624
1171,7.131,9.559
1172,7.136,9.572
1173,7.136,9.588
1174,7.120,9.569
1175,7.100,9.543
1176,7.081,9.519
1177,7.073,9.521
1178,7.032,9.481
1179,7.056,9.502
1180,7.019,9.456
1181,7.015,9.456
1182,6.989,9.429
1183,6.994,9.444
1184,6.987,9.421
1185,7.030,9.478
1186,7.013,9.444
1187,7.015,9.454
1188,7.025,9.460
1189,7.022,9.464
1190,6.982,9.403
1191,7.037,9.471
1192,7.009,9.441
1193,7.025,9.471
1194,7.051,9.505
1195,7.017,9.457
1196,7.010,9.456
1197,7.002,9.449
1198,6.969,9.426
1199,6.912,9.384
1200,6.910,9.376
1201,6.878,9.345
1202,6.823,9.286
1203,6.858,9.345
1204,6.802,9.287
1205,6.813,9.299
1206,6.800,9.289
1207,6.813,9.312
1208,6.825,9.324
1209,6.803,9.294
1210,6.842,9.343
1211,6.840,9.341
1212,6.843,9.339
1213,6.857,9.360
1214,6.843,9.326
1215,6.854,9.325
1216,6.857,9.314
1217,6.842,9.303
1218,6.791,9.251
1219,6.786,9.237
1220,6.767,9.221
1221,6.753,9.200
1222,6.745,9.200
1223,6.746,9.203
1224,6.753,9.218
1225,6.757,9.249
1226,6.729,9.211
1227,6.708,9.233
1228,6.685,9.199
1229,6.684,9.209
1230,6.663,9.219
1231,6.652,9.194
1232,6.604,9.142
1233,6.587,9.129
1234,6.589,9.143
1235,6.606,9.159
1236,6.577,9.106
1237,6.604,9.137
1238,6.589,9.122
1239,6.611,9.142
1240,6.625,9.165
1241,6.601,9.147
1242,6.588,9.113
1243,6.598,9.144
1244,6.691,9.214
1245,6.717,9.260
1246,6.726,9.258
1247,6.694,9.239
1248,6.711,9.266
1249,6.699,9.253
1250,6.715,9.273
1251,6.707,9.275
1252,6.722,9.304
1253,6.704,9.278
1254,6.732,9.316
1255,6.741,9.329
1256,6.743,9.330
1257,6.744,9.348
1258,6.749,9.354
1259,6.792,9.399
1260,6.772,9.389
1261,6.789,9.413
1262,6.805,9.434
1263,6.816,9.449
1264,6.840,9.489
1265,6.836,9.470
1266,6.837,9.469
1267,6.831,9.436
1268,6.835,9.428
1269,6.824,9.403
1270,6.817,9.383
1271,6.823,9.385
1272,6.841,9.407
1273,6.837,9.384
1274,6.848,9.408
1275,6.841,9.398
1276,6.867,9.427
1277,6.884,9.440
1278,6.889,9.437
1279,6.881,9.425
1280,6.896,9.466
1281,6.882,9.439
1282,6.905,9.462
1283,6.900,9.454
1284,6.918,9.475
1285,6.885,9.436
1286,6.871,9.426
1287,6.901,9.483
1288,6.882,9.459
1289,6.887,9.458
1290,6.899,9.478
1291,6.889,9.467
1292,6.911,9.489
1293,6.928,9.527
1294,6.908,9.478
1295,6.923,9.503
1296,6.910,9.502
1297,6.938,9.536
1298,6.931,9.540
1299,6.936,9.553
1300,6.949,9.574
1301,6.920,9.562
1302,6.926,9.579
1303,6.911,9.550
1304,6.832,9.494
1305,6.806,9.463
1306,6.848,9.513
1307,6.897,9.567
1308,6.935,9.599
1309,6.967,9.613
1310,7.011,9.650
1311,7.030,9.643
1312,7.052,9.631
1313,7.084,9.652
1314,7.062,9.602
1315,7.067,9.611
1316,7.029,9.552
1317,7.054,9.595
1318,7.107,9.676
1319,7.105,9.676
1320,7.067,9.640
1321,7.081,9.674
1322,7.062,9.661
1323,7.081,9.702
1324,7.065,9.666
1325,7.052,9.662
1326,7.053,9.651
1327,7.089,9.708
1328,7.092,9.712
1329,7.123,9.745
1330,7.169,9.790
1331,7.185,9.782
1332,7.140,9.723
1333,7.090,9.645
1334,7.099,9.661
1335,7.097,9.648
1336,7.172,9.753
1337,7.238,9.863
1338,7.320,9.969
1339,7.409,10.062
1340,7.508,10.158
1341,7.503,10.172
1342,7.478,10.128
1343,7.425,10.065
1344,7.460,10.117
1345,7.464,10.115
1346,7.475,10.115
1347,7.488,10.138
1348,7.490,10.109
1349,7.432,10.039
1350,7.393,9.999
1351,7.349,9.939
1352,7.315,9.910
1353,7.316,9.912
1354,7.290,9.896
1355,7.292,9.900
1356,7.322,9.949
1357,7.331,9.966
1358,7.331,9.952
1359,7.312,9.940
1360,7.295,9.919
1361,7.269,9.910
1362,7.249,9.893
1363,7.190,9.820
1364,7.166,9.812
1365,7.127,9.774
1366,7.109,9.762
1367,7.149,9.779
1368,7.189,9.814
1369,7.200,9.830
1370,7.137,9.762
1371,7.097,9.722
1372,7.061,9.675
1373,7.136,9.752
1374,7.112,9.715
1375,7.109,9.721
1376,7.146,9.752
1377,7.113,9.719
1378,7.068,9.638
1379,7.004,9.601
1380,6.935,9.527
1381,6.865,9.475
1382,6.830,9.455
1383,6.855,9.492
1384,6.838,9.485
1385,6.864,9.515
1386,6.876,9.523
1387,6.886,9.554
1388,6.871,9.519
1389,6.878,9.522
1390,6.893,9.521
1391,6.912,9.510
1392,6.912,9.500
1393,6.920,9.510
1394,6.981,9.529
1395,6.979,9.517
1396,7.005,9.533
1397,6.961,9.472
1398,6.956,9.453
1399,6.998,9.507
1400,7.061,9.557
1401,7.106,9.594
1402,7.196,9.676
1403,7.303,9.776
1404,7.467,9.967
1405,7.530,10.031
1406,7.538,10.051
1407,7.579,10.079
1408,7.588,10.084
1409,7.522,10.014
1410,7.531,10.039
1411,7.533,10.042
1412,7.444,9.959
1413,7.470,9.976
1414,7.488,9.981
1415,7.493,9.965
1416,7.478,9.949
1417,7.454,9.946
1418,7.422,9.907
1419,7.410,9.895
1420,7.388,9.867
1421,7.392,9.894
1422,7.357,9.848
1423,7.367,9.862
1424,7.372,9.880
1425,7.381,9.895
1426,7.336,9.837
1427,7.340,9.863
1428,7.332,9.859
1429,7.288,9.813
1430,7.270,9.804
1431,7.263,9.805
1432,7.228,9.758
1433,7.240,9.797
1434,7.229,9.797
1435,7.209,9.767
1436,7.212,9.777
1437,7.232,9.803
1438,7.262,9.840
1439,7.235,9.794
1440,7.244,9.809
1441,7.253,9.814
1442,7.238,9.785
1443,7.270,9.834
1444,7.285,9.860
1445,7.274,9.839
1446,7.310,9.876
1447,7.350,9.923
1448,7.348,9.914
1449,7.352,9.917
1450,7.361,9.928
1451,7.393,9.962
1452,7.354,9.905
1453,7.380,9.947
1454,7.411,9.990
1455,7.405,9.976
1456,7.427,10.033
1457,7.418,9.984
1458,7.431,10.016
1459,7.444,10.028
1460,7.437,10.021
1461,7.441,10.026
1462,7.437,10.009
1463,7.454,10.026
1464,7.453,10.031
1465,7.479,10.064
1466,7.479,10.071
1467,7.464,10.050
1468,7.461,10.067
1469,7.460,10.075
1470,7.462,10.094
1471,7.464,10.115
1472,7.443,10.092
1473,7.455,10.126
1474,7.428,10.079
1475,7.443,10.108
1476,7.443,10.102
1477,7.451,10.108
1478,7.491,10.159
1479,7.470,10.139
1480,7.388,10.041
1481,7.316,9.968
1482,7.224,9.857
1483,7.150,9.785
1484,7.100,9.718
1485,7.092,9.730
1486,7.103,9.739
1487,7.107,9.729
1488,7.154,9.785
1489,7.190,9.808
1490,7.252,9.883
1491,7.280,9.909
1492,7.330,9.975
1493,7.271,9.901
1494,7.222,9.843
1495,7.133,9.762
1496,7.042,9.682
1497,6.943,9.577
1498,6.881,9.519
1499,6.939,9.536
1500,6.988,9.572
1501,7.105,9.684
1502,7.343,9.935
1503,7.545,10.151
1504,7.702,10.305
1505,7.788,10.387
1506,7.856,10.438
1507,7.889,10.469
1508,7.733,10.349
1509,7.745,10.347
1510,7.734,10.355
1511,7.664,10.279
1512,7.573,10.171
1513,7.514,10.120
1514,7.457,10.052
1515,7.398,9.980
1516,7.384,9.956
1517,7.381,9.948
1518,7.411,9.971
1519,7.434,9.990
1520,7.511,10.074
1521,7.531,10.080
1522,7.594,10.157
1523,7.650,10.203
1524,7.688,10.240
1525,7.697,10.267
1526,7.700,10.244
1527,7.694,10.241
1528,7.700,10.242
1529,7.686,10.226
1530,7.648,10.178
1531,7.635,10.177
1532,7.579,10.118
1533,7.528,10.064
1534,7.510,10.039
1535,7.497,10.044
1536,7.506,10.035
1537,7.487,10.027
1538,7.509,10.053
1539,7.507,10.068
1540,7.500,10.080
1541,7.510,10.076
1542,7.554,10.134
1543,7.541,10.134
1544,7.559,10.163
1545,7.529,10.122
1546,7.532,10.138
1547,7.537,10.145
1548,7.560,10.192
1549,7.550,10.190
1550,7.555,10.220
1551,7.536,10.198
1552,7.547,10.253
1553,7.544,10.238
1554,7.555,10.271
1555,7.551,10.305
1556,7.572,10.316
1557,7.570,10.322
1558,7.571,10.328
1559,7.563,10.316
1560,7.592,10.334
1561,7.585,10.348
1562,7.588,10.365
1563,7.638,10.410
1564,7.604,10.373
1565,7.616,10.375
1566,7.610,10.356
1567,7.625,10.385
1568,7.636,10.391
1569,7.620,10.380
1570,7.640,10.392
1571,7.683,10.394
1572,7.680,10.372
1573,7.668,10.358
1574,7.697,10.366
1575,7.729,10.392
1576,7.738,10.416
1577,7.727,10.408
1578,7.686,10.352
1579,7.728,10.403
1580,7.675,10.311
1581,7.691,10.326
1582,7.671,10.295
1583,7.714,10.331
1584,7.676,10.289
1585,7.688,10.280
1586,7.682,10.257
1587,7.607,10.169
1588,7.577,10.161
1589,7.518,10.108
1590,7.515,10.120
1591,7.457,10.032
1592,7.473,10.038
1593,7.475,10.029
1594,7.459,10.001
1595,7.409,9.963
1596,7.385,9.945
1597,7.335,9.873
1598,7.321,9.894
1599,7.273,9.814
1600,7.274,9.809
1601,7.305,9.830
1602,7.330,9.851
1603,7.392,9.922
1604,7.411,9.922
1605,7.461,9.952
1606,7.504,9.995
1607,7.576,10.058
1608,7.598,10.069
1609,7.639,10.115
1610,7.603,10.097
1611,7.607,10.095
1612,7.622,10.104
1613,7.575,10.063
1614,7.616,10.115
1615,7.584,10.078
1616,7.537,10.033
1617,7.549,10.050
1618,7.589,10.076
1619,7.626,10.126
1620,7.667,10.160
1621,7.705,10.188
1622,7.682,10.140
1623,7.727,10.196
1624,7.741,10.203
1625,7.773,10.244
1626,7.755,10.202
1627,7.798,10.266
1628,7.784,10.243
1629,7.758,10.206
1630,7.747,10.184
1631,7.770,10.230
1632,7.758,10.207
1633,7.786,10.223
1634,7.801,10.262
1635,7.801,10.261
1636,7.776,10.222
1637,7.774,10.228
1638,7.756,10.213
1639,7.776,10.238
1640,7.785,10.241
1641,7.794,10.238
1642,7.797,10.235
1643,7.806,10.250
1644,7.816,10.266
1645,7.833,10.269
1646,7.864,10.305
1647,7.857,10.296
1648,7.875,10.329
1649,7.889,10.351
1650,7.887,10.350
1651,7.895,10.346
1652,7.874,10.313
1653,7.901,10.358
1654,7.888,10.331
1655,7.904,10.348
1656,7.893,10.334
1657,7.893,10.312
1658,7.894,10.334
1659,7.882,10.327
1660,7.871,10.304
1661,7.849,10.297
1662,7.829,10.264
1663,7.813,10.264
1664,7.821,10.285
1665,7.827,10.302
1666,7.834,10.305
1667,7.784,10.247
1668,7.779,10.240
1669,7.780,10.251
1670,7.738,10.196
1671,7.714,10.185
1672,7.684,10.163
1673,7.640,10.112
1674,7.604,10.078
1675,7.552,10.006
1676,7.510,9.972
1677,7.487,9.959
1678,7.427,9.888
1679,7.421,9.922
1680,7.386,9.860
1681,7.371,9.850
1682,7.346,9.822
1683,7.320,9.799
1684,7.289,9.771
1685,7.284,9.789
1686,7.243,9.733
1687,7.192,9.677
1688,7.205,9.713
1689,7.172,9.655
1690,7.149,9.639
1691,7.136,9.617
1692,7.143,9.635
1693,7.114,9.585
1694,7.100,9.573
1695,7.107,9.575
1696,7.089,9.563
1697,7.051,9.493
1698,7.046,9.485
1699,7.032,9.480
1700,7.006,9.449
1701,6.982,9.442
1702,6.993,9.461
1703,6.937,9.393
1704,6.893,9.352
1705,6.866,9.311
1706,6.860,9.327
1707,6.832,9.314
1708,6.777,9.253
1709,6.773,9.273
1710,6.711,9.197
1711,6.693,9.187
1712,6.668,9.167
1713,6.661,9.170
1714,6.659,9.193
1715,6.752,9.249
1716,6.776,9.297
1717,6.813,9.356
1718,6.721,9.267
1719,6.699,9.251
1720,6.694,9.288
1721,6.797,9.373
1722,6.825,9.381
1723,6.842,9.442
1724,6.872,9.487
1725,6.873,9.501
1726,6.905,9.550
1727,6.879,9.548
1728,6.883,9.566
1729,6.898,9.590
1730,7.028,9.714
1731,7.054,9.704
1732,7.083,9.704
1733,7.100,9.712
1734,7.100,9.700
1735,7.091,9.680
1736,7.110,9.689
1737,7.153,9.708
1738,7.257,9.782
1739,7.318,9.820
1740,7.372,9.834
1741,7.487,9.945
1742,7.411,9.861
1743,7.450,9.903
1744,7.492,9.941
1745,7.521,9.990
1746,7.488,9.926
1747,7.542,10.008
1748,7.465,9.934
1749,7.488,9.968
1750,7.527,10.001
1751,7.602,10.075
1752,7.653,10.127
1753,7.818,10.270
1754,7.895,10.358
1755,7.945,10.418
1756,7.925,10.403
1757,7.879,10.342
1758,7.861,10.345
1759,7.832,10.314
1760,7.759,10.230
1761,7.788,10.269
1762,7.766,10.236
1763,7.745,10.235
1764,7.768,10.256
1765,7.738,10.220
1766,7.775,10.243
1767,7.768,10.226
1768,7.765,10.214
1769,7.780,10.225
1770,7.772,10.215
1771,7.760,10.198
1772,7.739,10.181
1773,7.723,10.156
1774,7.697,10.137
1775,7.655,10.089
1776,7.658,10.095
1777,7.679,10.136
1778,7.668,10.125
1779,7.692,10.169
1780,7.687,10.154
1781,7.642,10.112
1782,7.643,10.123
1783,7.678,10.179
1784,7.645,10.136
1785,7.621,10.100
1786,7.579,10.054
1787,7.556,10.024
1788,7.516,9.973
1789,7.472,9.932
1790,7.453,9.909
1791,7.424,9.874
1792,7.398,9.848
1793,7.410,9.856
1794,7.419,9.866
1795,7.403,9.830
1796,7.398,9.829
1797,7.373,9.786
1798,7.396,9.817
1799,7.364,9.776
1800,7.378,9.780
1801,7.392,9.798
1802,7.326,9.729
1803,7.343,9.765
1804,7.267,9.665
1805,7.241,9.648
1806,7.188,9.597
1807,7.163,9.567
1808,7.105,9.513
1809,7.073,9.491
1810,7.043,9.468
1811,7.000,9.434
1812,6.978,9.415
1813,6.970,9.406
1814,6.948,9.394
1815,6.938,9.376
1816,6.895,9.322
1817,6.901,9.337
1818,6.879,9.326
1819,6.865,9.316
1820,6.827,9.296
1821,6.814,9.279
1822,6.781,9.240
1823,6.774,9.241
1824,6.773,9.258
1825,6.738,9.217
1826,6.844,9.313
1827,6.890,9.371
1828,6.900,9.372
1829,6.864,9.352
1830,6.878,9.363
1831,6.876,9.346
1832,6.883,9.351
1833,6.903,9.372
1834,6.890,9.348
1835,6.881,9.337
1836,6.899,9.351
1837,6.868,9.296
1838,6.980,9.419
1839,7.010,9.452
1840,7.065,9.530
