0,18.260,18.830
1,18.266,18.844
2,18.269,18.840
3,18.114,18.671
4,18.074,18.634
5,18.065,18.618
6,17.995,18.551
7,17.977,18.532
8,18.049,18.613
9,18.045,18.622
10,18.057,18.629
11,17.998,18.565
12,17.946,18.523
13,17.989,18.584
14,18.085,18.685
15,18.162,18.765
16,18.194,18.792
17,18.162,18.761
18,18.070,18.650
19,18.154,18.738
20,18.184,18.759
21,18.220,18.794
22,18.202,18.769
23,18.106,18.666
24,18.141,18.705
25,18.151,18.707
26,18.177,18.735
27,18.183,18.741
28,18.120,18.664
29,18.066,18.589
30,18.148,18.690
31,18.136,18.678
32,18.103,18.644
33,18.060,18.582
34,18.126,18.661
35,18.129,18.668
36,18.123,18.660
37,18.150,18.677
38,18.243,18.778
39,18.297,18.812
40,18.326,18.846
41,18.295,18.812
42,18.311,18.834
43,18.352,18.859
44,18.362,18.871
45,18.416,18.923
46,18.459,18.971
47,18.507,19.016
48,18.627,19.156
49,18.627,19.139
50,18.635,19.149
51,18.711,19.230
52,18.740,19.255
53,18.751,19.263
54,18.773,19.288
55,18.808,19.317
56,18.746,19.246
57,18.743,19.262
58,18.785,19.311
59,18.747,19.256
60,18.755,19.283
61,18.749,19.272
62,18.654,19.177
63,18.604,19.112
64,18.579,19.095
65,18.435,18.934
66,18.458,18.966
67,18.430,18.935
68,18.359,18.860
69,18.390,18.915
70,18.315,18.818
71,18.354,18.882
72,18.216,18.720
73,18.361,18.897
74,18.323,18.845
75,18.324,18.859
76,18.311,18.852
77,18.259,18.783
78,18.283,18.819
79,18.327,18.867
80,18.289,18.839
81,18.243,18.777
82,18.257,18.812
83,18.268,18.830
84,18.197,18.733
85,18.227,18.767
86,18.199,18.747
87,18.149,18.696
88,18.126,18.659
89,18.123,18.676
90,18.129,18.689
91,18.074,18.615
92,18.098,18.649
93,18.033,18.574
94,18.056,18.607
95,18.028,18.582
96,17.922,18.452
97,17.941,18.483
98,17.859,18.394
99,17.910,18.449
100,17.861,18.390
101,17.861,18.391
102,17.852,18.374
103,17.865,18.397
104,17.841,18.372
105,17.834,18.370
106,17.791,18.323
107,17.764,18.294
108,17.788,18.321
109,17.761,18.287
110,17.706,18.235
111,17.722,18.250
112,17.749,18.280
113,17.748,18.282
114,17.736,18.270
115,17.728,18.266
116,17.728,18.262
117,17.734,18.274
118,17.738,18.298
119,17.663,18.211
120,17.638,18.203
121,17.638,18.193
122,17.662,18.210
123,17.679,18.217
124,17.681,18.221
125,17.732,18.263
126,17.786,18.317
127,17.792,18.329
128,17.773,18.316
129,17.782,18.323
130,17.788,18.333
131,17.790,18.327
132,17.765,18.310
133,17.757,18.293
134,17.760,18.285
135,17.748,18.274
136,17.784,18.309
137,17.818,18.352
138,17.825,18.359
139,17.850,18.389
140,17.879,18.417
141,17.905,18.442
142,17.898,18.431
143,17.909,18.430
144,17.920,18.439
145,17.939,18.466
146,18.017,18.571
147,18.033,18.569
148,18.059,18.599
149,18.083,18.616
150,18.103,18.636
151,18.094,18.618
152,18.117,18.652
153,18.139,18.672
154,18.170,18.696
155,18.212,18.743
156,18.236,18.771
157,18.256,18.770
158,18.313,18.846
159,18.322,18.847
160,18.345,18.869
161,18.353,18.873
162,18.341,18.866
163,18.346,18.871
164,18.343,18.860
165,18.491,19.002
166,18.503,19.005
167,18.547,19.050
168,18.285,18.757
169,18.317,18.785
170,18.354,18.827
171,18.385,18.850
172,18.646,19.135
173,18.639,19.129
174,18.645,19.129
175,18.685,19.164
176,18.657,19.136
177,18.672,19.156
178,18.688,19.167
179,18.656,19.140
180,18.658,19.134
181,18.635,19.102
182,18.587,19.056
183,18.580,19.060
184,18.522,18.997
185,18.531,18.999
186,18.569,19.044
187,18.589,19.062
188,18.624,19.107
189,18.645,19.131
190,18.690,19.177
191,18.673,19.146
192,18.651,19.128
193,18.633,19.106
194,18.625,19.118
195,18.614,19.097
196,18.571,19.061
197,18.557,19.055
198,18.583,19.066
199,18.585,19.075
200,18.597,19.087
201,18.603,19.090
202,18.613,19.095
203,18.629,19.129
204,18.649,19.140
205,18.627,19.110
206,18.698,19.204
207,18.612,19.095
208,18.659,19.142
209,18.671,19.161
210,18.609,19.096
211,18.640,19.136
212,18.672,19.172
213,18.721,19.228
214,18.772,19.286
215,18.713,19.223
216,18.528,19.005
217,18.516,18.992
218,18.572,19.041
219,18.648,19.140
220,18.595,19.071
221,18.577,19.059
222,18.602,19.082
223,18.585,19.078
224,18.559,19.045
225,18.562,19.055
226,18.493,18.979
227,18.573,19.060
228,18.571,19.066
229,18.477,18.952
230,18.476,18.960
231,18.454,18.935
232,18.748,19.267
233,18.706,19.214
234,18.584,19.102
235,18.582,19.103
236,18.544,19.067
237,18.507,19.031
238,18.476,18.992
239,18.429,18.942
240,18.425,18.952
241,18.384,18.903
242,18.365,18.883
243,18.361,18.888
244,18.378,18.915
245,18.341,18.872
246,18.299,18.844
247,18.278,18.813
248,18.246,18.774
249,18.257,18.790
250,18.239,18.778
251,18.186,18.733
252,18.146,18.682
253,18.173,18.725
254,18.154,18.693
255,18.145,18.695
256,18.178,18.737
257,18.104,18.651
258,18.061,18.613
259,18.103,18.662
260,18.061,18.613
261,18.049,18.610
262,18.021,18.571
263,17.966,18.529
264,17.987,18.545
265,17.962,18.522
266,17.936,18.497
267,17.955,18.528
268,17.934,18.505
269,17.902,18.472
270,17.881,18.456
271,17.850,18.423
272,17.884,18.456
273,17.894,18.473
274,17.844,18.413
275,17.879,18.446
276,17.869,18.435
277,17.867,18.439
278,17.965,18.535
279,17.989,18.555
280,17.971,18.540
281,17.955,18.519
282,17.939,18.491
283,17.963,18.519
284,17.937,18.481
285,17.936,18.493
286,17.939,18.488
287,17.955,18.516
288,17.977,18.542
289,17.995,18.558
290,18.019,18.585
291,18.032,18.588
292,18.041,18.607
293,18.025,18.581
294,18.015,18.571
295,17.979,18.535
296,17.978,18.528
297,17.977,18.531
298,17.997,18.541
299,18.021,18.563
300,18.078,18.626
301,18.098,18.649
302,18.140,18.694
303,18.186,18.711
304,18.180,18.715
305,18.203,18.731
306,18.249,18.773
307,18.274,18.789
308,18.328,18.850
309,18.386,18.902
310,18.439,18.964
311,18.487,19.008
312,18.642,19.171
313,18.658,19.202
314,18.653,19.185
315,18.638,19.163
316,18.639,19.159
317,18.585,19.106
318,18.586,19.103
319,18.577,19.092
320,18.521,19.034
321,18.520,19.032
322,18.550,19.063
323,18.546,19.052
324,18.563,19.082
325,18.595,19.107
326,18.602,19.123
327,18.568,19.071
328,18.558,19.071
329,18.574,19.078
330,18.576,19.095
331,18.595,19.106
332,18.606,19.116
333,18.596,19.101
334,18.576,19.092
335,18.589,19.097
336,18.592,19.103
337,18.626,19.138
338,18.595,19.106
339,18.608,19.110
340,18.628,19.130
341,18.619,19.120
342,18.635,19.129
343,18.630,19.137
344,18.601,19.099
345,18.639,19.136
346,18.636,19.146
347,18.613,19.120
348,18.583,19.090
349,18.596,19.103
350,18.589,19.097
351,18.576,19.075
352,18.564,19.072
353,18.554,19.060
354,18.531,19.035
355,18.511,19.014
356,18.548,19.056
357,18.580,19.094
358,18.575,19.079
359,18.603,19.108
360,18.634,19.147
361,18.607,19.121
362,18.577,19.087
363,18.551,19.069
364,18.555,19.079
365,18.554,19.078
366,18.522,19.050
367,18.512,19.042
368,18.513,19.029
369,18.474,19.002
370,18.440,18.959
371,18.420,18.940
372,18.431,18.952
373,18.409,18.933
374,18.382,18.902
375,18.394,18.918
376,18.376,18.896
377,18.380,18.900
378,18.346,18.861
379,18.315,18.839
380,18.307,18.835
381,18.299,18.822
382,18.254,18.773
383,18.240,18.759
384,18.236,18.758
385,18.226,18.753
386,18.217,18.741
387,18.210,18.732
388,18.182,18.707
389,18.201,18.729
390,18.211,18.739
391,18.210,18.741
392,18.224,18.750
393,18.223,18.754
394,18.243,18.782
395,18.307,18.844
396,18.379,18.915
397,18.333,18.867
398,18.312,18.837
399,18.294,18.817
400,18.331,18.860
401,18.344,18.875
402,18.349,18.881
403,18.348,18.890
404,18.318,18.852
405,18.284,18.808
406,18.271,18.811
407,18.227,18.763
408,18.206,18.731
409,18.159,18.693
410,18.134,18.671
411,18.110,18.652
412,18.058,18.590
413,18.123,18.661
414,18.136,18.678
415,18.134,18.663
416,18.136,18.682
417,18.115,18.657
418,18.102,18.652
419,18.080,18.619
420,18.068,18.621
421,18.068,18.600
422,18.064,18.601
423,18.072,18.610
424,18.099,18.648
425,18.183,18.733
426,18.200,18.750
427,18.110,18.649
428,18.100,18.644
429,18.073,18.622
430,18.067,18.616
431,18.071,18.621
432,18.091,18.651
433,18.098,18.648
434,18.091,18.641
435,18.087,18.629
436,18.088,18.641
437,18.100,18.661
438,18.191,18.749
439,18.214,18.772
440,18.206,18.758
441,18.236,18.781
442,17.944,18.452
443,17.924,18.434
444,17.951,18.458
445,18.164,18.697
446,18.163,18.696
447,18.143,18.674
448,18.134,18.672
449,18.141,18.662
450,18.157,18.684
451,18.136,18.648
452,18.179,18.715
453,18.196,18.719
454,18.217,18.740
455,18.204,18.723
456,18.236,18.768
457,18.245,18.767
458,18.284,18.803
459,18.280,18.804
460,18.307,18.837
461,18.298,18.819
462,18.333,18.847
463,18.314,18.823
464,18.315,18.831
465,18.344,18.857
466,18.391,18.909
467,18.402,18.913
468,18.453,18.962
469,18.462,18.960
470,18.425,18.935
471,18.415,18.923
472,18.575,19.092
473,18.334,18.844
474,18.256,18.770
475,18.240,18.746
476,18.252,18.756
477,18.277,18.782
478,18.299,18.796
479,18.308,18.818
480,18.290,18.788
481,18.298,18.799
482,18.293,18.800
483,18.273,18.780
484,18.268,18.758
485,18.279,18.785
486,18.297,18.789
487,18.258,18.742
488,18.288,18.773
489,18.370,18.854
490,18.402,18.894
491,18.425,18.920
492,18.440,18.943
493,18.406,18.903
494,18.400,18.897
495,18.383,18.875
496,18.385,18.863
497,18.401,18.887
498,18.421,18.906
499,18.401,18.888
500,18.382,18.864
501,18.386,18.871
502,18.408,18.894
503,18.396,18.881
504,18.414,18.904
505,18.418,18.911
506,18.392,18.877
507,18.456,18.968
508,18.460,18.961
509,18.472,18.982
510,18.504,19.020
511,18.524,19.025
512,18.519,19.020
513,18.569,19.081
514,18.559,19.066
515,18.577,19.080
516,18.605,19.108
517,18.669,19.188
518,18.593,19.098
519,18.674,19.192
520,18.612,19.115
521,18.634,19.137
522,18.611,19.111
523,18.629,19.133
524,18.667,19.192
525,18.547,19.069
526,18.644,19.178
527,18.504,19.035
528,18.535,19.072
529,18.497,19.039
530,18.434,18.969
531,18.335,18.861
532,18.364,18.908
533,18.342,18.893
534,18.317,18.870
535,18.226,18.762
536,18.278,18.841
537,18.230,18.785
538,18.269,18.840
539,18.248,18.828
540,18.229,18.800
541,18.095,18.642
542,18.107,18.666
543,18.104,18.662
544,18.088,18.642
545,18.072,18.642
546,18.053,18.628
547,18.057,18.629
548,18.042,18.631
549,18.005,18.590
550,17.907,18.478
551,17.953,18.528
552,17.813,18.346
553,17.841,18.391
554,17.897,18.448
555,17.926,18.480
556,17.956,18.521
557,18.044,18.606
558,18.102,18.662
559,18.150,18.706
560,18.153,18.717
561,18.111,18.666
562,18.100,18.658
563,18.098,18.649
564,18.072,18.628
565,18.119,18.676
566,18.079,18.633
567,18.046,18.601
568,18.076,18.640
569,18.078,18.646
570,18.166,18.740
571,18.127,18.695
572,18.191,18.770
573,18.110,18.664
574,18.112,18.683
575,18.071,18.629
576,18.025,18.591
577,18.071,18.640
578,18.015,18.572
579,18.076,18.625
580,18.038,18.565
581,18.129,18.682
582,18.157,18.708
583,18.132,18.664
584,18.218,18.757
585,18.260,18.804
586,18.237,18.768
587,18.292,18.834
588,18.276,18.798
589,18.304,18.831
590,18.405,18.937
591,18.451,18.970
592,18.540,19.071
593,18.555,19.065
594,18.342,18.835
595,18.309,18.794
596,18.347,18.833
597,18.388,18.857
598,18.427,18.896
599,18.383,18.848
600,18.455,18.941
601,18.732,19.226
602,18.736,19.248
603,18.757,19.273
604,18.555,19.060
605,18.771,19.304
606,18.702,19.219
607,18.464,18.959
608,18.432,18.926
609,18.360,18.839
610,18.399,18.878
611,18.397,18.864
612,18.729,19.248
613,18.736,19.262
614,18.732,19.270
615,18.705,19.245
616,18.743,19.284
617,18.683,19.218
618,18.763,19.328
619,18.696,19.254
620,18.650,19.193
621,18.664,19.219
622,18.684,19.243
623,18.576,19.134
624,18.659,19.220
625,18.647,19.214
626,18.645,19.214
627,18.686,19.281
628,18.647,19.247
629,18.589,19.178
630,18.554,19.136
631,18.535,19.129
632,18.535,19.140
633,18.390,18.967
634,18.427,19.005
635,18.370,18.952
636,18.395,18.991
637,18.437,19.023
638,18.364,18.949
639,18.447,19.037
640,18.452,19.049
641,18.463,19.046
642,18.485,19.069
643,18.475,19.072
644,18.507,19.102
645,18.437,19.018
646,18.441,19.024
647,18.380,18.953
648,18.406,18.993
649,18.339,18.931
650,18.309,18.912
651,18.228,18.836
652,18.217,18.832
653,18.237,18.870
654,18.133,18.750
655,18.173,18.801
656,18.143,18.750
657,18.281,18.901
658,18.329,18.946
659,18.343,18.948
660,18.414,19.039
661,18.358,18.960
662,18.350,18.969
663,18.273,18.884
664,18.211,18.816
665,18.119,18.709
666,18.070,18.682
667,18.116,18.738
668,18.083,18.694
669,18.099,18.717
670,18.048,18.659
671,18.077,18.693
672,18.069,18.692
673,18.141,18.767
674,18.097,18.703
675,18.077,18.684
676,18.069,18.679
677,18.053,18.656
678,18.110,18.728
679,18.081,18.701
680,18.110,18.730
681,18.137,18.754
682,18.121,18.743
683,18.144,18.778
684,18.154,18.780
685,18.138,18.758
686,18.128,18.738
687,18.084,18.693
688,18.117,18.728
689,18.083,18.699
690,18.100,18.713
691,18.099,18.705
692,18.096,18.708
693,18.084,18.689
694,18.084,18.699
695,18.043,18.657
696,18.020,18.638
697,18.021,18.638
698,18.034,18.650
699,18.024,18.645
700,17.975,18.603
701,18.067,18.676
702,18.074,18.687
703,18.102,18.710
704,18.074,18.698
705,18.102,18.713
706,18.147,18.761
707,18.156,18.771
708,18.152,18.769
709,18.138,18.748
710,18.114,18.729
711,18.060,18.671
712,18.027,18.632
713,18.047,18.646
714,18.092,18.694
715,18.109,18.720
716,18.137,18.741
717,18.162,18.771
718,18.181,18.798
719,18.154,18.757
720,18.131,18.742
721,18.130,18.751
722,18.131,18.737
723,18.084,18.689
724,18.051,18.657
725,18.032,18.629
726,17.987,18.573
727,17.992,18.592
728,17.987,18.585
729,18.031,18.624
730,18.054,18.647
731,18.177,18.765
732,18.211,18.793
733,18.258,18.849
734,18.266,18.868
735,18.269,18.869
736,18.263,18.861
737,18.216,18.811
738,18.169,18.759
739,18.209,18.807
740,18.241,18.840
741,18.235,18.833
742,18.205,18.801
743,18.161,18.742
744,18.180,18.773
745,18.210,18.799
746,18.238,18.831
747,18.313,18.910
748,18.367,18.963
749,18.412,19.002
750,18.410,18.998
751,18.468,19.055
752,18.483,19.068
753,18.508,19.094
754,18.552,19.147
755,18.605,19.187
756,18.663,19.243
757,18.742,19.313
758,18.751,19.316
759,18.757,19.325
760,18.740,19.302
761,18.684,19.245
762,18.664,19.216
763,18.672,19.237
764,18.661,19.239
765,18.673,19.238
766,18.699,19.269
767,18.770,19.344
768,18.800,19.386
769,18.798,19.377
770,18.799,19.380
771,18.772,19.341
772,18.785,19.357
773,18.802,19.371
774,18.765,19.330
775,18.784,19.355
776,18.807,19.376
777,18.822,19.380
778,18.877,19.435
779,18.876,19.434
780,18.870,19.425
781,18.876,19.429
782,18.859,19.406
783,18.867,19.421
784,18.852,19.406
785,18.896,19.447
786,18.879,19.426
787,18.863,19.419
788,18.870,19.432
789,18.835,19.394
790,18.784,19.354
791,18.743,19.311
792,18.761,19.356
793,18.691,19.265
794,18.680,19.260
795,18.729,19.322
796,18.727,19.322
797,18.767,19.363
798,18.745,19.332
799,18.766,19.340
800,18.763,19.348
801,18.769,19.334
802,18.773,19.336
803,18.774,19.333
804,18.775,19.344
805,18.786,19.338
806,18.764,19.327
807,18.767,19.330
808,18.758,19.327
809,18.771,19.339
810,18.756,19.329
811,18.684,19.254
812,18.696,19.277
813,18.701,19.290
814,18.705,19.289
815,18.718,19.294
816,18.741,19.321
817,18.777,19.350
818,18.787,19.354
819,18.773,19.343
820,18.752,19.325
821,18.749,19.328
822,18.709,19.302
823,18.651,19.239
824,18.631,19.219
825,18.582,19.164
826,18.562,19.159
827,18.513,19.102
828,18.542,19.124
829,18.532,19.118
830,18.544,19.133
831,18.541,19.128
832,18.531,19.125
833,18.512,19.102
834,18.494,19.082
835,18.532,19.132
836,18.537,19.128
837,18.551,19.147
838,18.494,19.082
839,18.480,19.062
840,18.439,19.019
841,18.371,18.948
842,18.364,18.952
843,18.366,18.944
844,18.304,18.888
845,18.260,18.839
846,18.240,18.827
847,18.223,18.817
848,18.210,18.809
849,18.200,18.798
850,18.230,18.835
851,18.241,18.849
852,18.229,18.830
853,18.247,18.851
854,18.241,18.845
855,18.226,18.827
856,18.218,18.829
857,18.224,18.831
858,18.236,18.844
859,18.257,18.865
860,18.270,18.883
861,18.242,18.855
862,18.215,18.826
863,18.194,18.801
864,18.094,18.700
865,18.072,18.680
866,18.073,18.679
867,18.082,18.689
868,18.111,18.718
869,18.333,18.951
870,18.206,18.814
871,18.316,18.927
872,18.255,18.852
873,18.254,18.869
874,18.236,18.848
875,18.263,18.869
876,18.272,18.878
877,18.269,18.875
878,18.247,18.867
879,18.229,18.842
880,18.237,18.854
881,18.298,18.906
882,18.303,18.915
883,18.334,18.937
884,18.332,18.949
885,18.364,18.979
886,18.347,18.964
887,18.378,18.996
888,18.396,19.009
889,18.399,19.015
890,18.401,19.003
891,18.394,19.005
892,18.386,18.994
893,18.391,18.999
894,18.404,19.021
895,18.399,19.005
896,18.394,19.008
897,18.388,18.993
898,18.379,18.980
899,18.362,18.971
900,18.404,19.013
901,18.469,19.085
902,18.500,19.123
903,18.510,19.129
904,18.519,19.134
905,18.532,19.147
906,18.552,19.169
907,18.574,19.179
908,18.679,19.292
909,18.782,19.389
910,18.853,19.456
911,18.901,19.497
912,18.882,19.465
913,18.874,19.458
914,18.836,19.414
915,18.822,19.395
916,18.810,19.388
917,18.891,19.457
918,18.910,19.485
919,18.930,19.495
920,18.839,19.419
921,18.824,19.398
922,18.824,19.406
923,18.873,19.445
924,18.878,19.452
925,18.911,19.478
926,18.882,19.457
927,18.934,19.512
928,18.974,19.558
929,18.962,19.533
930,18.972,19.546
931,18.955,19.526
932,18.920,19.499
933,18.853,19.411
934,18.819,19.393
935,18.778,19.347
936,18.776,19.348
937,18.778,19.348
938,18.793,19.375
939,18.784,19.360
940,18.763,19.337
941,18.763,19.344
942,18.759,19.338
943,18.716,19.300
944,18.684,19.258
945,18.702,19.277
946,18.722,19.297
947,18.740,19.312
948,18.762,19.334
949,18.774,19.351
950,18.771,19.356
951,18.771,19.337
952,18.780,19.348
953,18.774,19.344
954,18.759,19.328
955,18.761,19.330
956,18.759,19.331
957,18.769,19.342
958,18.771,19.354
959,18.747,19.326
960,18.752,19.333
961,18.730,19.300
962,18.742,19.321
963,18.707,19.297
964,18.708,19.276
965,18.684,19.246
966,18.700,19.269
967,18.706,19.287
968,18.698,19.270
969,18.730,19.310
970,18.758,19.326
971,18.789,19.362
972,18.802,19.376
973,18.844,19.415
974,18.824,19.391
975,18.832,19.409
976,18.829,19.418
977,18.772,19.354
978,18.771,19.353
979,18.739,19.308
980,18.738,19.321
981,18.725,19.308
982,18.679,19.259
983,18.692,19.275
984,18.670,19.253
985,18.666,19.269
986,18.633,19.225
987,18.594,19.193
988,18.578,19.175
989,18.543,19.148
990,18.507,19.098
991,18.475,19.079
992,18.464,19.059
993,18.448,19.035
994,18.476,19.076
995,18.465,19.062
996,18.433,19.036
997,18.461,19.073
998,18.443,19.049
999,18.427,19.040
1000,18.443,19.067
1001,18.427,19.049
1002,18.416,19.051
1003,18.363,18.980
1004,18.368,18.976
1005,18.372,18.970
1006,18.366,18.969
1007,18.336,18.940
1008,18.298,18.900
1009,18.274,18.880
1010,18.249,18.861
1011,18.223,18.836
1012,18.189,18.805
1013,18.279,18.894
1014,18.328,18.944
1015,18.311,18.928
1016,18.323,18.944
1017,18.297,18.905
1018,18.347,18.955
1019,18.401,19.005
1020,18.427,19.034
1021,18.438,19.030
1022,18.467,19.055
1023,18.429,19.021
1024,18.370,18.955
1025,18.370,18.961
1026,18.360,18.957
1027,18.363,18.952
1028,18.357,18.949
1029,18.348,18.944
1030,18.344,18.941
1031,18.340,18.931
1032,18.381,18.987
1033,18.385,18.989
1034,18.395,19.006
1035,18.401,19.018
1036,18.393,19.000
1037,18.388,18.993
1038,18.386,18.990
1039,18.364,18.969
1040,18.395,18.994
1041,18.368,18.967
1042,18.378,18.984
1043,18.384,18.987
1044,18.372,18.968
1045,18.384,18.974
1046,18.400,19.007
1047,18.368,18.967
1048,18.362,18.970
1049,18.363,18.968
1050,18.354,18.967
1051,18.330,18.935
1052,18.303,18.911
1053,18.290,18.908
1054,18.296,18.905
1055,18.285,18.896
1056,18.300,18.917
1057,18.273,18.889
1058,18.292,18.920
1059,18.296,18.905
1060,18.299,18.903
1061,18.296,18.895
1062,18.325,18.929
1063,18.330,18.928
1064,18.363,18.963
1065,18.365,18.966
1066,18.371,18.961
1067,18.377,18.979
1068,18.371,18.972
1069,18.373,18.969
1070,18.378,18.975
1071,18.388,18.986
1072,18.361,18.970
1073,18.342,18.942
1074,18.338,18.943
1075,18.315,18.922
1076,18.312,18.920
1077,18.309,18.924
1078,18.306,18.919
1079,18.302,18.911
1080,18.315,18.918
1081,18.305,18.915
1082,18.284,18.890
1083,18.278,18.878
1084,18.300,18.912
1085,18.281,18.879
1086,18.289,18.894
1087,18.278,18.871
1088,18.297,18.886
1089,18.295,18.887
1090,18.306,18.897
1091,18.318,18.920
1092,18.347,18.948
1093,18.320,18.922
1094,18.327,18.947
1095,18.296,18.898
1096,18.280,18.876
1097,18.251,18.848
1098,18.287,18.887
1099,18.295,18.905
1100,18.313,18.923
1101,18.284,18.874
1102,18.302,18.909
1103,18.318,18.922
1104,18.350,18.944
1105,18.342,18.930
1106,18.340,18.942
1107,18.331,18.936
1108,18.289,18.893
1109,18.306,18.903
1110,18.287,18.892
1111,18.289,18.883
1112,18.288,18.897
1113,18.307,18.913
1114,18.294,18.900
1115,18.351,18.967
1116,18.369,18.985
1117,18.399,19.018
1118,18.386,19.000
1119,18.366,18.981
1120,18.351,18.965
1121,18.356,18.971
1122,18.334,18.932
1123,18.347,18.962
1124,18.378,18.970
1125,18.358,18.952
1126,18.369,18.977
1127,18.371,18.958
1128,18.367,18.960
1129,18.368,18.959
1130,18.349,18.950
1131,18.357,18.953
1132,18.338,18.943
1133,18.298,18.886
1134,18.310,18.899
1135,18.277,18.879
1136,18.294,18.893
1137,18.281,18.888
1138,18.306,18.916
1139,18.325,18.929
1140,18.321,18.938
1141,18.312,18.925
1142,18.311,18.924
1143,18.308,18.907
1144,18.301,18.906
1145,18.307,18.902
1146,18.300,18.907
1147,18.303,18.895
1148,18.294,18.895
1149,18.303,18.901
1150,18.299,18.891
1151,18.295,18.885
1152,18.295,18.906
1153,18.295,18.899
1154,18.286,18.893
1155,18.288,18.902
1156,18.272,18.880
1157,18.235,18.835
1158,18.253,18.862
1159,18.242,18.837
1160,18.362,18.956
1161,18.368,18.971
1162,18.435,19.031
1163,18.401,19.009
1164,18.353,18.954
1165,18.355,18.964
1166,18.357,18.970
1167,18.351,18.951
1168,18.338,18.948
1169,18.365,18.975
1170,18.367,18.966
1171,18.388,18.992
1172,18.390,18.977
1173,18.410,18.992
1174,18.405,19.005
1175,18.383,18.972
1176,18.388,18.988
1177,18.389,18.983
1178,18.353,18.954
1179,18.355,18.959
1180,18.351,18.956
1181,18.346,18.952
1182,18.322,18.914
1183,18.331,18.932
1184,18.333,18.928
1185,18.332,18.925
1186,18.328,18.925
1187,18.336,18.931
1188,18.383,18.978
1189,18.408,19.005
1190,18.398,18.996
1191,18.381,18.983
1192,18.366,18.965
1193,18.376,18.978
1194,18.368,18.968
1195,18.366,18.959
1196,18.375,18.975
1197,18.389,18.985
1198,18.443,19.049
1199,18.532,19.125
1200,18.572,19.180
1201,18.596,19.185
1202,18.591,19.190
1203,18.607,19.191
1204,18.567,19.156
1205,18.580,19.164
1206,18.584,19.164
1207,18.588,19.175
1208,18.590,19.177
1209,18.615,19.195
1210,18.635,19.215
1211,18.652,19.242
1212,18.671,19.268
1213,18.705,19.295
1214,18.732,19.317
1215,18.767,19.348
1216,18.801,19.381
1217,18.827,19.403
1218,18.897,19.479
1219,18.928,19.500
1220,18.898,19.469
1221,18.854,19.437
1222,18.825,19.409
1223,18.757,19.332
1224,18.705,19.280
1225,18.687,19.268
1226,18.706,19.281
1227,18.684,19.270
1228,18.683,19.257
1229,18.692,19.261
1230,18.683,19.256
1231,18.671,19.242
1232,18.670,19.256
1233,18.662,19.237
1234,18.669,19.243
1235,18.632,19.212
1236,18.624,19.207
1237,18.636,19.220
1238,18.589,19.186
1239,18.565,19.160
1240,18.538,19.123
1241,18.503,19.086
1242,18.483,19.082
1243,18.496,19.084
1244,18.549,19.146
1245,18.560,19.141
1246,18.590,19.169
1247,18.619,19.195
1248,18.613,19.195
1249,18.627,19.215
1250,18.630,19.212
1251,18.618,19.209
1252,18.589,19.173
1253,18.581,19.160
1254,18.552,19.140
1255,18.494,19.079
1256,18.474,19.063
1257,18.456,19.039
1258,18.452,19.037
1259,18.484,19.056
1260,18.488,19.085
1261,18.517,19.091
1262,18.577,19.161
1263,18.603,19.177
1264,18.620,19.190
1265,18.632,19.196
1266,18.661,19.238
1267,18.674,19.249
1268,18.672,19.254
1269,18.680,19.270
1270,18.671,19.260
1271,18.639,19.216
1272,18.661,19.246
1273,18.653,19.230
1274,18.650,19.245
1275,18.653,19.245
1276,18.712,19.313
1277,18.690,19.283
1278,18.704,19.295
1279,18.685,19.271
1280,18.653,19.242
1281,18.623,19.199
1282,18.608,19.194
1283,18.583,19.162
1284,18.592,19.181
1285,18.563,19.150
1286,18.555,19.147
1287,18.544,19.130
1288,18.517,19.100
1289,18.500,19.077
1290,18.504,19.096
1291,18.458,19.044
1292,18.474,19.067
1293,18.440,19.026
1294,18.409,19.001
1295,18.434,19.039
1296,18.456,19.067
1297,18.412,19.022
1298,18.409,19.029
1299,18.375,18.986
1300,18.399,19.015
1301,18.399,19.019
1302,18.428,19.059
1303,18.411,19.041
1304,18.388,18.993
1305,18.370,18.978
1306,18.347,18.943
1307,18.335,18.928
1308,18.329,18.918
1309,18.320,18.913
1310,18.328,18.927
1311,18.283,18.887
1312,18.291,18.889
1313,18.267,18.868
1314,18.253,18.851
1315,18.279,18.884
1316,18.284,18.888
1317,18.279,18.895
1318,18.259,18.869
1319,18.192,18.806
1320,18.192,18.812
1321,18.213,18.846
1322,18.275,18.897
1323,18.278,18.903
1324,18.358,18.982
1325,18.400,19.033
1326,18.397,19.014
1327,18.426,19.039
1328,18.398,19.011
1329,18.401,19.010
1330,18.366,18.974
1331,18.348,18.941
1332,18.357,18.953
1333,18.369,18.969
1334,18.385,18.984
1335,18.396,18.994
1336,18.378,18.969
1337,18.380,18.967
1338,18.389,18.983
1339,18.371,18.982
1340,18.378,18.983
1341,18.381,18.976
1342,18.368,18.968
1343,18.399,19.003
1344,18.416,19.015
1345,18.441,19.042
1346,18.455,19.056
1347,18.497,19.101
1348,18.515,19.119
1349,18.501,19.102
1350,18.486,19.083
1351,18.471,19.066
1352,18.463,19.066
1353,18.437,19.026
1354,18.446,19.041
1355,18.419,19.010
1356,18.398,18.992
1357,18.402,18.997
1358,18.411,19.004
1359,18.402,19.004
1360,18.401,18.994
1361,18.395,18.992
1362,18.405,18.998
1363,18.393,18.997
1364,18.381,18.993
1365,18.398,18.998
1366,18.417,19.019
1367,18.433,19.038
1368,18.439,19.039
1369,18.450,19.063
1370,18.465,19.069
1371,18.476,19.063
1372,18.496,19.092
1373,18.504,19.095
1374,18.523,19.123
1375,18.523,19.117
1376,18.535,19.134
1377,18.557,19.151
1378,18.584,19.186
1379,18.599,19.194
1380,18.659,19.251
1381,18.669,19.266
1382,18.656,19.247
1383,18.728,19.322
1384,18.760,19.355
1385,18.799,19.398
1386,18.772,19.362
1387,18.764,19.348
1388,18.818,19.398
1389,18.890,19.466
1390,18.937,19.511
1391,18.902,19.478
1392,18.921,19.503
1393,18.906,19.494
1394,18.790,19.378
1395,18.779,19.368
1396,18.782,19.367
1397,18.808,19.392
1398,18.786,19.365
1399,18.800,19.380
1400,18.827,19.399
1401,18.861,19.436
1402,18.869,19.450
1403,18.843,19.414
1404,18.823,19.389
1405,18.853,19.427
1406,18.844,19.419
1407,18.844,19.420
1408,18.833,19.414
1409,18.770,19.346
1410,18.755,19.322
1411,18.739,19.316
1412,18.734,19.294
1413,18.732,19.308
1414,18.748,19.326
1415,18.736,19.308
1416,18.739,19.300
1417,18.777,19.347
1418,18.774,19.342
1419,18.776,19.347
1420,18.790,19.362
1421,18.770,19.349
1422,18.764,19.341
1423,18.736,19.312
1424,18.706,19.286
1425,18.674,19.263
1426,18.634,19.214
1427,18.647,19.228
1428,18.622,19.217
1429,18.630,19.210
1430,18.610,19.198
1431,18.605,19.182
1432,18.632,19.206
1433,18.654,19.228
1434,18.697,19.270
1435,18.742,19.320
1436,18.751,19.316
1437,18.753,19.315
1438,18.751,19.310
1439,18.732,19.315
1440,18.752,19.322
1441,18.744,19.312
1442,18.737,19.316
1443,18.701,19.295
1444,18.675,19.269
1445,18.641,19.241
1446,18.605,19.216
1447,18.614,19.229
1448,18.547,19.145
1449,18.553,19.161
1450,18.533,19.139
1451,18.495,19.074
1452,18.508,19.085
1453,18.555,19.131
1454,18.538,19.104
1455,18.597,19.172
1456,18.597,19.162
1457,18.622,19.194
1458,18.630,19.199
1459,18.642,19.222
1460,18.640,19.208
1461,18.609,19.183
1462,18.584,19.154
1463,18.587,19.166
1464,18.537,19.117
1465,18.548,19.140
1466,18.502,19.097
1467,18.508,19.098
1468,18.439,19.030
1469,18.453,19.051
1470,18.430,19.042
1471,18.406,19.015
1472,18.364,18.971
1473,18.334,18.936
1474,18.341,18.953
1475,18.337,18.936
1476,18.349,18.949
1477,18.379,18.977
1478,18.423,19.019
1479,18.422,19.004
1480,18.403,18.995
1481,18.388,18.980
1482,18.379,18.970
1483,18.366,18.949
1484,18.325,18.910
1485,18.303,18.892
1486,18.288,18.891
1487,18.278,18.892
1488,18.201,18.808
1489,18.202,18.823
1490,18.146,18.754
1491,18.172,18.785
1492,18.233,18.851
1493,18.314,18.932
1494,18.323,18.944
1495,18.341,18.952
1496,18.319,18.928
1497,18.318,18.930
1498,18.277,18.892
1499,18.352,18.964
1500,18.370,18.974
1501,18.403,19.005
1502,18.415,19.015
1503,18.433,19.026
1504,18.431,19.029
1505,18.434,19.028
1506,18.436,19.032
1507,18.430,19.037
1508,18.429,19.027
1509,18.392,18.995
1510,18.422,19.025
1511,18.375,18.983
1512,18.375,18.991
1513,18.377,19.000
1514,18.394,19.013
1515,18.403,19.020
1516,18.423,19.051
1517,18.434,19.068
1518,18.448,19.075
1519,18.457,19.075
1520,18.454,19.073
1521,18.463,19.085
1522,18.450,19.059
1523,18.490,19.096
1524,18.475,19.078
1525,18.431,19.032
1526,18.440,19.042
1527,18.397,18.999
1528,18.388,19.004
1529,18.368,18.972
1530,18.335,18.951
1531,18.291,18.903
1532,18.271,18.884
1533,18.275,18.884
1534,18.303,18.906
1535,18.451,19.065
1536,18.520,19.124
1537,18.593,19.193
1538,18.576,19.174
1539,18.591,19.201
1540,18.597,19.191
1541,18.617,19.206
1542,18.623,19.212
1543,18.647,19.252
1544,18.704,19.310
1545,18.735,19.326
1546,18.749,19.350
1547,18.753,19.346
1548,18.790,19.375
1549,18.828,19.421
1550,18.878,19.463
1551,18.943,19.516
1552,18.980,19.555
1553,18.936,19.503
1554,18.916,19.496
1555,18.950,19.524
1556,18.941,19.514
1557,18.994,19.571
1558,19.008,19.586
1559,19.105,19.673
1560,19.078,19.647
1561,19.037,19.611
1562,18.908,19.481
1563,18.897,19.470
1564,18.873,19.441
1565,18.894,19.454
1566,18.899,19.470
1567,18.893,19.458
1568,18.898,19.462
1569,18.872,19.440
1570,18.915,19.495
1571,18.891,19.453
1572,18.899,19.462
1573,18.892,19.458
1574,18.866,19.434
1575,18.840,19.406
1576,18.839,19.407
1577,18.860,19.426
1578,18.868,19.434
1579,18.912,19.475
1580,18.934,19.504
1581,18.939,19.515
1582,18.917,19.482
1583,18.915,19.482
1584,18.882,19.448
1585,18.863,19.414
1586,18.840,19.398
1587,18.824,19.379
1588,18.833,19.390
1589,18.811,19.367
1590,18.793,19.351
1591,18.805,19.359
1592,18.814,19.384
1593,18.812,19.366
1594,18.817,19.385
1595,18.823,19.391
1596,18.687,19.259
1597,18.674,19.243
1598,18.682,19.247
1599,18.687,19.259
1600,18.696,19.273
1601,18.678,19.247
1602,18.705,19.281
1603,18.698,19.278
1604,18.723,19.282
1605,18.739,19.310
1606,18.741,19.320
1607,18.776,19.346
1608,18.772,19.354
1609,18.749,19.319
1610,18.775,19.348
1611,18.923,19.493
1612,18.926,19.482
1613,18.587,19.100
1614,18.605,19.120
1615,18.853,19.384
1616,18.863,19.402
1617,18.833,19.380
1618,18.829,19.384
1619,18.855,19.410
1620,18.885,19.418
1621,18.955,19.512
1622,18.938,19.491
1623,19.012,19.564
1624,18.993,19.557
1625,19.027,19.601
1626,18.974,19.523
1627,19.023,19.575
1628,19.000,19.542
1629,19.058,19.617
1630,19.129,19.690
1631,19.166,19.733
1632,19.195,19.762
1633,19.168,19.729
1634,19.193,19.756
1635,19.177,19.745
1636,19.170,19.740
1637,19.198,19.772
1638,19.176,19.735
1639,19.175,19.734
1640,19.192,19.757
1641,19.200,19.757
1642,19.206,19.772
1643,19.206,19.765
1644,19.255,19.815
1645,19.215,19.769
1646,19.261,19.824
1647,19.213,19.751
1648,19.234,19.782
1649,19.253,19.808
1650,19.236,19.788
1651,19.140,19.674
1652,19.183,19.729
1653,19.135,19.680
1654,19.144,19.685
1655,19.132,19.668
1656,19.130,19.687
1657,19.106,19.643
1658,19.045,19.587
1659,19.006,19.546
1660,18.999,19.542
1661,18.955,19.526
1662,18.921,19.472
1663,18.956,19.495
1664,18.946,19.508
1665,18.912,19.486
1666,18.894,19.459
1667,18.827,19.407
1668,18.831,19.415
1669,18.804,19.391
1670,18.764,19.358
1671,18.720,19.315
1672,18.711,19.310
1673,18.560,19.126
1674,18.598,19.187
1675,18.605,19.195
1676,18.505,19.071
1677,18.354,18.917
1678,18.351,18.910
1679,18.329,18.913
1680,18.307,18.877
1681,18.326,18.903
1682,18.290,18.868
1683,18.318,18.878
1684,18.297,18.867
1685,18.291,18.854
1686,18.274,18.813
1687,18.293,18.818
1688,18.373,18.913
1689,18.431,18.979
1690,18.456,19.009
1691,18.474,19.005
1692,18.539,19.070
1693,18.563,19.086
1694,18.538,19.051
1695,18.571,19.097
1696,18.608,19.127
1697,18.581,19.102
1698,18.573,19.101
1699,18.545,19.062
1700,18.544,19.049
1701,18.590,19.104
1702,18.565,19.057
1703,18.554,19.067
1704,18.535,19.027
1705,18.542,19.048
1706,18.567,19.073
1707,18.551,19.059
1708,18.505,19.025
1709,18.477,18.993
1710,18.458,18.971
1711,18.472,19.003
1712,18.382,18.903
1713,18.320,18.842
1714,18.279,18.796
1715,18.153,18.666
1716,18.146,18.658
1717,18.123,18.658
1718,18.132,18.662
1719,18.183,18.709
1720,18.249,18.780
1721,18.205,18.749
1722,18.220,18.754
1723,18.191,18.739
1724,18.298,18.868
1725,18.313,18.905
1726,18.284,18.882
1727,18.329,18.922
1728,18.376,18.986
1729,18.395,19.018
1730,18.534,19.185
1731,18.579,19.216
1732,18.608,19.262
1733,18.707,19.355
1734,18.737,19.377
1735,18.743,19.404
1736,18.731,19.399
1737,18.607,19.273
1738,18.494,19.156
1739,18.576,19.231
1740,18.598,19.259
1741,18.623,19.303
1742,18.642,19.320
1743,18.650,19.320
1744,18.845,19.543
1745,18.948,19.620
1746,19.006,19.676
1747,19.065,19.739
1748,19.033,19.715
1749,19.062,19.739
1750,19.086,19.738
1751,19.141,19.797
1752,19.066,19.696
1753,19.110,19.752
1754,18.892,19.518
1755,18.924,19.570
1756,19.045,19.703
1757,19.050,19.693
1758,19.104,19.734
1759,19.165,19.797
1760,19.189,19.832
1761,19.353,20.019
1762,19.512,20.158
1763,19.515,20.134
1764,19.626,20.262
1765,19.687,20.320
1766,19.595,20.219
1767,19.570,20.174
1768,19.567,20.150
1769,19.292,19.880
1770,19.300,19.877
1771,19.175,19.739
1772,19.100,19.663
1773,19.177,19.741
1774,19.247,19.819
1775,19.323,19.891
1776,19.306,19.871
1777,19.261,19.829
1778,19.288,19.846
1779,19.283,19.852
1780,19.329,19.908
1781,19.458,20.042
1782,19.504,20.087
1783,19.558,20.142
1784,19.662,20.252
1785,19.777,20.364
1786,19.865,20.468
1787,19.976,20.572
1788,20.063,20.660
1789,20.195,20.800
1790,20.326,20.922
1791,20.420,21.011
1792,20.543,21.132
1793,20.588,21.155
1794,20.711,21.280
1795,20.733,21.299
1796,20.741,21.321
1797,20.716,21.290
1798,20.722,21.307
1799,20.663,21.236
1800,20.680,21.254
1801,20.698,21.279
1802,20.591,21.186
1803,20.604,21.190
1804,20.442,20.998
1805,20.449,21.010
1806,20.332,20.885
1807,20.528,21.132
1808,20.455,21.063
1809,20.444,21.058
1810,20.290,20.874
1811,20.172,20.735
1812,20.146,20.718
1813,20.123,20.700
1814,20.075,20.649
1815,20.016,20.595
1816,19.964,20.541
1817,19.935,20.518
1818,19.939,20.537
1819,19.807,20.400
1820,19.905,20.485
1821,19.869,20.451
1822,19.646,20.197
1823,19.599,20.157
1824,19.695,20.262
1825,19.514,20.058
1826,19.652,20.233
1827,19.612,20.195
1828,19.535,20.120
1829,19.479,20.058
1830,19.488,20.068
1831,19.469,20.060
1832,19.445,20.038
1833,19.470,20.049
1834,19.458,20.030
1835,19.409,19.986
1836,19.384,19.962
1837,19.355,19.943
1838,19.278,19.864
1839,19.271,19.867
1840,19.206,19.796
