0,16.540,20.100
1,16.544,20.103
2,16.553,20.117
3,16.552,20.116
4,16.536,20.081
5,16.554,20.117
6,16.550,20.118
7,16.579,20.191
8,16.570,20.167
9,16.573,20.175
10,16.553,20.158
11,16.543,20.118
12,16.551,20.133
13,16.560,20.173
14,16.567,20.197
15,16.545,20.147
16,16.563,20.172
17,16.589,20.221
18,16.601,20.244
19,16.615,20.283
20,16.598,20.240
21,16.620,20.285
22,16.626,20.282
23,16.629,20.290
24,16.617,20.262
25,16.632,20.293
26,16.653,20.340
27,16.634,20.318
28,16.640,20.323
29,16.648,20.333
30,16.658,20.366
31,16.659,20.396
32,16.649,20.358
33,16.663,20.385
34,16.655,20.377
35,16.660,20.406
36,16.695,20.467
37,16.667,20.416
38,16.678,20.452
39,16.700,20.515
40,16.674,20.479
41,16.674,20.454
42,16.687,20.514
43,16.691,20.524
44,16.667,20.473
45,16.683,20.545
46,16.683,20.500
47,16.697,20.566
48,16.678,20.545
49,16.693,20.570
50,16.690,20.578
51,16.671,20.494
52,16.661,20.481
53,16.662,20.488
54,16.673,20.518
55,16.680,20.547
56,16.658,20.513
57,16.644,20.481
58,16.652,20.492
59,16.660,20.527
60,16.636,20.492
61,16.650,20.498
62,16.651,20.516
63,16.638,20.525
64,16.639,20.503
65,16.633,20.488
66,16.648,20.535
67,16.630,20.491
68,16.619,20.488
69,16.626,20.493
70,16.653,20.525
71,16.687,20.588
72,16.685,20.593
73,16.666,20.570
74,16.667,20.517
75,16.655,20.522
76,16.652,20.524
77,16.636,20.523
78,16.613,20.484
79,16.611,20.485
80,16.608,20.459
81,16.569,20.461
82,16.577,20.498
83,16.556,20.446
84,16.555,20.458
85,16.554,20.471
86,16.524,20.453
87,16.547,20.493
88,16.531,20.490
89,16.537,20.485
90,16.522,20.469
91,16.534,20.516
92,16.534,20.528
93,16.527,20.555
94,16.557,20.599
95,16.537,20.595
96,16.538,20.512
97,16.534,20.511
98,16.515,20.483
99,16.528,20.477
100,16.507,20.405
101,16.512,20.402
102,16.500,20.379
103,16.506,20.391
104,16.525,20.397
105,16.519,20.400
106,16.543,20.479
107,16.547,20.466
108,16.545,20.486
109,16.563,20.483
110,16.553,20.462
111,16.544,20.439
112,16.580,20.528
113,16.570,20.478
114,16.578,20.462
115,16.555,20.373
116,16.563,20.378
117,16.540,20.302
118,16.535,20.279
119,16.532,20.279
120,16.563,20.306
121,16.550,20.286
122,16.531,20.260
123,16.535,20.269
124,16.545,20.277
125,16.531,20.224
126,16.522,20.226
127,16.535,20.248
128,16.523,20.240
129,16.560,20.301
130,16.533,20.254
131,16.552,20.288
132,16.572,20.316
133,16.561,20.288
134,16.603,20.352
135,16.588,20.319
136,16.566,20.296
137,16.573,20.312
138,16.563,20.303
139,16.572,20.338
140,16.592,20.379
141,16.549,20.352
142,16.556,20.364
143,16.535,20.349
144,16.541,20.332
145,16.549,20.370
146,16.541,20.374
147,16.524,20.336
148,16.533,20.364
149,16.551,20.435
150,16.521,20.348
151,16.527,20.381
152,16.560,20.462
153,16.568,20.480
154,16.564,20.485
155,16.561,20.461
156,16.568,20.437
157,16.562,20.458
158,16.565,20.443
159,16.571,20.463
160,16.547,20.398
161,16.572,20.466
162,16.550,20.404
163,16.539,20.381
164,16.550,20.416
165,16.552,20.418
166,16.546,20.413
167,16.556,20.446
168,16.553,20.420
169,16.535,20.397
170,16.549,20.441
171,16.541,20.405
172,16.562,20.441
173,16.553,20.452
174,16.548,20.448
175,16.577,20.491
176,16.589,20.516
177,16.575,20.496
178,16.557,20.456
179,16.563,20.490
180,16.535,20.403
181,16.500,20.332
182,16.521,20.400
183,16.537,20.418
184,16.555,20.455
185,16.565,20.490
186,16.543,20.418
187,16.526,20.391
188,16.525,20.386
189,16.511,20.376
190,16.519,20.395
191,16.554,20.451
192,16.530,20.438
193,16.547,20.484
194,16.524,20.425
195,16.544,20.458
196,16.542,20.470
197,16.523,20.468
198,16.489,20.367
199,16.470,20.328
200,16.465,20.333
201,16.474,20.351
202,16.469,20.347
203,16.477,20.360
204,16.489,20.371
205,16.492,20.373
206,16.520,20.418
207,16.503,20.398
208,16.503,20.379
209,16.530,20.455
210,16.502,20.404
211,16.531,20.462
212,16.528,20.496
213,16.535,20.470
214,16.522,20.408
215,16.498,20.357
216,16.494,20.334
217,16.475,20.308
218,16.485,20.316
219,16.468,20.316
220,16.462,20.255
221,16.449,20.222
222,16.454,20.255
223,16.482,20.309
224,16.463,20.283
225,16.491,20.315
226,16.435,20.181
227,16.457,20.264
228,16.468,20.277
229,16.453,20.239
230,16.454,20.257
231,16.489,20.322
232,16.496,20.335
233,16.490,20.332
234,16.487,20.315
235,16.485,20.324
236,16.489,20.310
237,16.471,20.289
238,16.475,20.307
239,16.459,20.252
240,16.486,20.319
241,16.463,20.304
242,16.501,20.371
243,16.471,20.313
244,16.467,20.309
245,16.474,20.317
246,16.461,20.274
247,16.464,20.270
248,16.487,20.353
249,16.496,20.353
250,16.470,20.314
251,16.464,20.295
252,16.481,20.332
253,16.466,20.306
254,16.483,20.346
255,16.480,20.338
256,16.473,20.338
257,16.453,20.335
258,16.443,20.303
259,16.442,20.312
260,16.429,20.281
261,16.394,20.199
262,16.372,20.137
263,16.375,20.152
264,16.343,20.108
265,16.306,20.008
266,16.389,20.203
267,16.388,20.242
268,16.345,20.128
269,16.340,20.155
270,16.356,20.170
271,16.286,20.005
272,16.302,20.032
273,16.318,20.098
274,16.343,20.142
275,16.331,20.117
276,16.310,20.089
277,16.298,20.048
278,16.285,20.020
279,16.315,20.079
280,16.305,20.062
281,16.313,20.057
282,16.323,20.068
283,16.315,20.086
284,16.303,20.068
285,16.293,20.035
286,16.284,20.056
287,16.314,20.093
288,16.271,20.046
289,16.254,20.000
290,16.254,20.003
291,16.247,19.984
292,16.242,19.989
293,16.245,20.034
294,16.201,19.930
295,16.173,19.874
296,16.173,19.877
297,16.175,19.870
298,16.168,19.879
299,16.187,19.901
300,16.172,19.845
301,16.150,19.833
302,16.159,19.846
303,16.108,19.778
304,16.077,19.721
305,16.060,19.694
306,16.044,19.692
307,16.020,19.637
308,16.019,19.643
309,16.018,19.629
310,16.001,19.601
311,15.985,19.586
312,15.994,19.619
313,15.974,19.574
314,15.989,19.590
315,15.967,19.543
316,15.959,19.538
317,15.938,19.520
318,15.938,19.518
319,15.933,19.492
320,15.950,19.561
321,15.924,19.523
322,15.901,19.474
323,15.896,19.491
324,15.911,19.499
325,15.891,19.461
326,15.879,19.465
327,15.853,19.401
328,15.881,19.462
329,15.859,19.444
330,15.907,19.511
331,15.906,19.506
332,15.916,19.546
333,15.928,19.555
334,15.936,19.557
335,15.962,19.589
336,15.946,19.529
337,15.957,19.568
338,15.955,19.552
339,15.964,19.584
340,15.963,19.581
341,15.938,19.528
342,15.942,19.562
343,15.913,19.543
344,15.928,19.564
345,15.916,19.542
346,15.877,19.485
347,15.865,19.478
348,15.794,19.350
349,15.772,19.316
350,15.813,19.417
351,15.811,19.418
352,15.788,19.361
353,15.799,19.394
354,15.797,19.380
355,15.789,19.379
356,15.784,19.344
357,15.778,19.353
358,15.785,19.370
359,15.783,19.373
360,15.766,19.337
361,15.776,19.365
362,15.750,19.322
363,15.740,19.324
364,15.721,19.293
365,15.737,19.335
366,15.712,19.294
367,15.701,19.264
368,15.712,19.313
369,15.690,19.284
370,15.683,19.263
371,15.710,19.303
372,15.715,19.361
373,15.696,19.306
374,15.690,19.302
375,15.709,19.349
376,15.699,19.318
377,15.734,19.383
378,15.717,19.359
379,15.719,19.354
380,15.710,19.327
381,15.701,19.308
382,15.719,19.355
383,15.727,19.366
384,15.730,19.371
385,15.722,19.310
386,15.707,19.285
387,15.706,19.307
388,15.726,19.348
389,15.718,19.319
390,15.732,19.342
391,15.734,19.348
392,15.728,19.324
393,15.739,19.342
394,15.747,19.371
395,15.733,19.322
396,15.732,19.326
397,15.736,19.323
398,15.756,19.359
399,15.724,19.291
400,15.749,19.348
401,15.736,19.311
402,15.748,19.334
403,15.758,19.349
404,15.721,19.277
405,15.763,19.325
406,15.768,19.365
407,15.780,19.378
408,15.762,19.329
409,15.787,19.382
410,15.790,19.369
411,15.787,19.358
412,15.793,19.365
413,15.793,19.366
414,15.792,19.363
415,15.794,19.361
416,15.796,19.383
417,15.789,19.364
418,15.768,19.335
419,15.792,19.382
420,15.805,19.420
421,15.779,19.371
422,15.790,19.373
423,15.773,19.363
424,15.774,19.371
425,15.772,19.355
426,15.794,19.394
427,15.774,19.358
428,15.773,19.355
429,15.790,19.383
430,15.829,19.449
431,15.799,19.388
432,15.826,19.429
433,15.818,19.408
434,15.807,19.381
435,15.807,19.377
436,15.819,19.399
437,15.817,19.409
438,15.832,19.425
439,15.830,19.436
440,15.832,19.414
441,15.860,19.481
442,15.829,19.443
443,15.837,19.421
444,15.850,19.436
445,15.824,19.374
446,15.869,19.470
447,15.860,19.456
448,15.873,19.453
449,15.898,19.519
450,15.899,19.500
451,15.901,19.500
452,15.894,19.473
453,15.944,19.573
454,15.954,19.569
455,15.998,19.654
456,15.995,19.624
457,16.016,19.643
458,16.038,19.680
459,16.001,19.603
460,15.984,19.633
461,16.020,19.697
462,16.004,19.651
463,16.029,19.692
464,16.054,19.712
465,16.068,19.717
466,16.085,19.743
467,16.086,19.726
468,16.124,19.781
469,16.140,19.752
470,16.212,19.877
471,16.203,19.835
472,16.243,19.902
473,16.271,19.954
474,16.306,19.996
475,16.294,19.948
476,16.250,19.890
477,16.225,19.896
478,16.217,19.870
479,16.207,19.877
480,16.185,19.840
481,16.169,19.853
482,16.175,19.870
483,16.117,19.769
484,16.117,19.773
485,16.087,19.751
486,16.085,19.761
487,16.070,19.764
488,16.030,19.687
489,16.003,19.644
490,16.003,19.671
491,15.954,19.631
492,15.944,19.659
493,15.886,19.546
494,15.822,19.499
495,15.787,19.506
496,15.745,19.448
497,15.757,19.496
498,15.752,19.497
499,15.754,19.476
500,15.762,19.466
501,15.760,19.470
502,15.757,19.468
503,15.750,19.454
504,15.792,19.549
505,15.812,19.597
506,15.802,19.585
507,15.818,19.624
508,15.805,19.592
509,15.851,19.684
510,15.849,19.699
511,15.847,19.684
512,15.854,19.687
513,15.877,19.764
514,15.926,19.823
515,15.899,19.756
516,15.881,19.756
517,15.898,19.775
518,15.920,19.845
519,15.876,19.746
520,15.896,19.803
521,15.873,19.780
522,15.855,19.730
523,15.877,19.784
524,15.861,19.759
525,15.850,19.748
526,15.850,19.762
527,15.851,19.756
528,15.879,19.826
529,15.857,19.758
530,15.871,19.794
531,15.867,19.773
532,15.860,19.770
533,15.887,19.797
534,15.900,19.821
535,15.877,19.811
536,15.887,19.820
537,15.864,19.762
538,15.916,19.884
539,15.923,19.877
540,15.908,19.835
541,15.911,19.859
542,15.927,19.819
543,15.928,19.861
544,15.918,19.824
545,15.949,19.892
546,15.945,19.870
547,15.957,19.880
548,15.938,19.879
549,15.926,19.842
550,15.937,19.872
551,15.973,19.978
552,15.946,19.896
553,15.935,19.880
554,15.927,19.853
555,15.919,19.860
556,15.905,19.814
557,15.916,19.878
558,15.903,19.817
559,15.935,19.879
560,15.908,19.825
561,15.910,19.801
562,15.904,19.816
563,15.907,19.786
564,15.919,19.807
565,15.910,19.802
566,15.919,19.823
567,15.926,19.822
568,15.901,19.778
569,15.929,19.838
570,15.942,19.837
571,15.899,19.786
572,15.926,19.829
573,15.927,19.819
574,15.934,19.830
575,15.926,19.818
576,15.912,19.779
577,15.895,19.743
578,15.898,19.747
579,15.900,19.747
580,15.899,19.741
581,15.877,19.700
582,15.880,19.714
583,15.865,19.668
584,15.850,19.644
585,15.865,19.671
586,15.836,19.616
587,15.834,19.632
588,15.861,19.678
589,15.853,19.632
590,15.845,19.617
591,15.853,19.630
592,15.868,19.644
593,15.869,19.643
594,15.859,19.618
595,15.861,19.583
596,15.900,19.683
597,15.902,19.681
598,15.929,19.708
599,15.933,19.711
600,15.935,19.718
601,15.950,19.726
602,15.964,19.771
603,15.976,19.784
604,15.954,19.733
605,15.972,19.786
606,15.971,19.770
607,15.974,19.782
608,15.997,19.835
609,16.023,19.868
610,16.032,19.901
611,16.055,19.922
612,16.051,19.932
613,16.094,19.998
614,16.097,19.995
615,16.091,19.989
616,16.106,19.989
617,16.132,20.032
618,16.170,20.110
619,16.175,20.105
620,16.188,20.090
621,16.192,20.108
622,16.172,20.079
623,16.179,20.086
624,16.219,20.160
625,16.233,20.189
626,16.232,20.177
627,16.207,20.158
628,16.203,20.124
629,16.199,20.101
630,16.204,20.140
631,16.189,20.089
632,16.199,20.075
633,16.174,20.066
634,16.186,20.064
635,16.187,20.044
636,16.194,20.078
637,16.218,20.101
638,16.218,20.082
639,16.247,20.147
640,16.245,20.140
641,16.231,20.116
642,16.205,20.098
643,16.202,20.053
644,16.191,20.060
645,16.153,19.983
646,16.121,19.931
647,16.108,19.922
648,16.082,19.866
649,16.086,19.879
650,16.073,19.849
651,16.063,19.848
652,16.061,19.853
653,16.073,19.870
654,16.086,19.879
655,16.070,19.873
656,16.053,19.825
657,16.041,19.816
658,16.023,19.785
659,16.030,19.778
660,16.021,19.775
661,15.997,19.745
662,15.996,19.738
663,15.991,19.724
664,15.964,19.686
665,15.958,19.698
666,15.916,19.601
667,15.914,19.622
668,15.914,19.640
669,15.924,19.655
670,15.889,19.603
671,15.878,19.588
672,15.846,19.533
673,15.838,19.546
674,15.826,19.518
675,15.845,19.564
676,15.842,19.547
677,15.843,19.563
678,15.861,19.596
679,15.841,19.557
680,15.811,19.491
681,15.827,19.520
682,15.815,19.517
683,15.818,19.524
684,15.818,19.521
685,15.814,19.503
686,15.802,19.503
687,15.796,19.485
688,15.820,19.543
689,15.768,19.414
690,15.823,19.544
691,15.805,19.482
692,15.813,19.519
693,15.809,19.474
694,15.826,19.531
695,15.837,19.554
696,15.826,19.544
697,15.819,19.527
698,15.830,19.579
699,15.827,19.555
700,15.813,19.545
701,15.794,19.503
702,15.809,19.547
703,15.778,19.500
704,15.732,19.411
705,15.765,19.510
706,15.752,19.492
707,15.731,19.446
708,15.737,19.452
709,15.720,19.423
710,15.724,19.448
711,15.729,19.454
712,15.711,19.422
713,15.750,19.496
714,15.770,19.538
715,15.735,19.475
716,15.755,19.500
717,15.737,19.463
718,15.753,19.496
719,15.736,19.471
720,15.743,19.481
721,15.756,19.489
722,15.739,19.436
723,15.753,19.483
724,15.748,19.443
725,15.741,19.455
726,15.765,19.502
727,15.764,19.498
728,15.747,19.470
729,15.766,19.494
730,15.750,19.483
731,15.757,19.499
732,15.758,19.510
733,15.761,19.524
734,15.737,19.497
735,15.751,19.500
736,15.749,19.481
737,15.751,19.484
738,15.738,19.460
739,15.746,19.511
740,15.728,19.467
741,15.744,19.484
742,15.739,19.482
743,15.766,19.509
744,15.742,19.492
745,15.732,19.432
746,15.741,19.464
747,15.735,19.472
748,15.729,19.457
749,15.752,19.487
750,15.729,19.442
751,15.731,19.441
752,15.756,19.492
753,15.744,19.461
754,15.761,19.488
755,15.780,19.508
756,15.784,19.528
757,15.781,19.499
758,15.799,19.541
759,15.789,19.525
760,15.810,19.557
761,15.821,19.558
762,15.823,19.569
763,15.824,19.561
764,15.842,19.612
765,15.837,19.594
766,15.851,19.627
767,15.836,19.588
768,15.835,19.562
769,15.834,19.555
770,15.834,19.547
771,15.837,19.537
772,15.848,19.558
773,15.849,19.529
774,15.873,19.577
775,15.872,19.567
776,15.891,19.605
777,15.869,19.566
778,15.887,19.590
779,15.898,19.577
780,15.881,19.546
781,15.901,19.581
782,15.915,19.578
783,15.930,19.595
784,15.974,19.648
785,16.000,19.695
786,16.006,19.702
787,16.026,19.747
788,16.030,19.725
789,16.037,19.716
790,16.031,19.723
791,16.060,19.770
792,16.052,19.739
793,16.101,19.850
794,16.070,19.786
795,16.042,19.771
796,15.992,19.688
797,15.974,19.688
798,15.962,19.704
799,15.923,19.631
800,15.913,19.672
801,15.905,19.673
802,15.860,19.604
803,15.834,19.581
804,15.816,19.600
805,15.793,19.567
806,15.804,19.600
807,15.726,19.481
808,15.741,19.500
809,15.755,19.539
810,15.740,19.498
811,15.741,19.490
812,15.742,19.473
813,15.760,19.525
814,15.766,19.532
815,15.765,19.519
816,15.795,19.589
817,15.806,19.595
818,15.806,19.608
819,15.821,19.647
820,15.810,19.628
821,15.806,19.611
822,15.809,19.621
823,15.822,19.647
824,15.826,19.673
825,15.835,19.677
826,15.829,19.650
827,15.816,19.628
828,15.801,19.596
829,15.840,19.669
830,15.796,19.592
831,15.844,19.657
832,15.838,19.670
833,15.818,19.611
834,15.829,19.631
835,15.845,19.664
836,15.861,19.710
837,15.837,19.641
838,15.844,19.662
839,15.826,19.617
840,15.849,19.667
841,15.865,19.685
842,15.856,19.634
843,15.858,19.671
844,15.873,19.671
845,15.875,19.679
846,15.866,19.651
847,15.887,19.687
848,15.866,19.628
849,15.858,19.639
850,15.877,19.672
851,15.853,19.644
852,15.854,19.658
853,15.838,19.620
854,15.827,19.617
855,15.819,19.603
856,15.802,19.545
857,15.817,19.609
858,15.826,19.621
859,15.797,19.585
860,15.812,19.623
861,15.815,19.607
862,15.815,19.636
863,15.794,19.553
864,15.837,19.655
865,15.821,19.631
866,15.793,19.578
867,15.819,19.613
868,15.809,19.599
869,15.791,19.548
870,15.798,19.569
871,15.787,19.549
872,15.794,19.558
873,15.810,19.569
874,15.816,19.576
875,15.812,19.581
876,15.848,19.633
877,15.820,19.566
878,15.835,19.601
879,15.819,19.549
880,15.826,19.554
881,15.818,19.549
882,15.827,19.551
883,15.818,19.536
884,15.827,19.564
885,15.814,19.515
886,15.798,19.516
887,15.833,19.580
888,15.864,19.613
889,15.846,19.576
890,15.859,19.588
891,15.849,19.589
892,15.855,19.585
893,15.872,19.593
894,15.890,19.633
895,15.856,19.580
896,15.872,19.602
897,15.881,19.596
898,15.888,19.609
899,15.880,19.612
900,15.890,19.634
901,15.870,19.624
902,15.869,19.618
903,15.850,19.563
904,15.850,19.563
905,15.856,19.613
906,15.857,19.601
907,15.863,19.605
908,15.860,19.596
909,15.839,19.547
910,15.847,19.582
911,15.851,19.590
912,15.870,19.620
913,15.855,19.580
914,15.857,19.567
915,15.848,19.556
916,15.872,19.618
917,15.853,19.592
918,15.878,19.630
919,15.885,19.672
920,15.860,19.605
921,15.831,19.565
922,15.834,19.579
923,15.833,19.567
924,15.815,19.550
925,15.829,19.573
926,15.815,19.536
927,15.815,19.558
928,15.792,19.520
929,15.806,19.559
930,15.798,19.541
931,15.797,19.542
932,15.787,19.531
933,15.785,19.506
934,15.766,19.465
935,15.778,19.509
936,15.798,19.528
937,15.790,19.497
938,15.799,19.539
939,15.817,19.554
940,15.815,19.537
941,15.803,19.515
942,15.816,19.551
943,15.825,19.560
944,15.837,19.597
945,15.817,19.534
946,15.845,19.582
947,15.833,19.596
948,15.848,19.602
949,15.845,19.602
950,15.842,19.576
951,15.843,19.589
952,15.844,19.600
953,15.867,19.619
954,15.833,19.571
955,15.834,19.570
956,15.849,19.616
957,15.820,19.553
958,15.833,19.597
959,15.844,19.606
960,15.806,19.524
961,15.822,19.539
962,15.821,19.547
963,15.819,19.540
964,15.820,19.541
965,15.809,19.516
966,15.838,19.580
967,15.829,19.545
968,15.829,19.558
969,15.843,19.583
970,15.839,19.556
971,15.843,19.563
972,15.843,19.549
973,15.848,19.573
974,15.866,19.598
975,15.881,19.609
976,15.856,19.560
977,15.868,19.583
978,15.842,19.554
979,15.845,19.565
980,15.853,19.564
981,15.842,19.540
982,15.833,19.548
983,15.834,19.538
984,15.820,19.520
985,15.819,19.489
986,15.820,19.501
987,15.803,19.481
988,15.795,19.475
989,15.764,19.389
990,15.796,19.463
991,15.775,19.424
992,15.751,19.374
993,15.755,19.363
994,15.769,19.391
995,15.767,19.369
996,15.780,19.403
997,15.766,19.370
998,15.779,19.402
999,15.769,19.382
1000,15.814,19.474
1001,15.801,19.436
1002,15.816,19.435
1003,15.826,19.459
1004,15.836,19.479
1005,15.816,19.436
1006,15.832,19.460
1007,15.820,19.436
1008,15.837,19.466
1009,15.843,19.465
1010,15.823,19.408
1011,15.826,19.421
1012,15.839,19.461
1013,15.858,19.478
1014,15.849,19.451
1015,15.831,19.407
1016,15.853,19.437
1017,15.859,19.460
1018,15.887,19.495
1019,15.847,19.406
1020,15.862,19.432
1021,15.866,19.449
1022,15.857,19.426
1023,15.866,19.444
1024,15.868,19.457
1025,15.873,19.438
1026,15.876,19.464
1027,15.893,19.508
1028,15.847,19.406
1029,15.861,19.452
1030,15.852,19.429
1031,15.878,19.471
1032,15.894,19.485
1033,15.884,19.469
1034,15.917,19.526
1035,15.903,19.499
1036,15.895,19.491
1037,15.913,19.544
1038,15.907,19.533
1039,15.913,19.560
1040,15.928,19.542
1041,15.926,19.555
1042,15.923,19.550
1043,15.936,19.575
1044,15.961,19.607
1045,15.973,19.618
1046,15.974,19.611
1047,15.991,19.624
1048,16.009,19.667
1049,16.021,19.678
1050,16.004,19.631
1051,16.032,19.683
1052,16.044,19.717
1053,16.077,19.772
1054,16.107,19.808
1055,16.101,19.778
1056,16.131,19.835
1057,16.125,19.802
1058,16.140,19.831
1059,16.149,19.829
1060,16.156,19.851
1061,16.188,19.941
1062,16.183,19.887
1063,16.187,19.910
1064,16.202,19.909
1065,16.187,19.900
1066,16.200,19.922
1067,16.216,19.935
1068,16.223,19.923
1069,16.205,19.880
1070,16.231,19.950
1071,16.231,19.950
1072,16.244,19.956
1073,16.257,19.985
1074,16.268,20.039
1075,16.261,19.990
1076,16.251,19.999
1077,16.271,20.027
1078,16.267,20.031
1079,16.253,19.986
1080,16.278,20.003
1081,16.274,20.021
1082,16.271,20.005
1083,16.303,20.057
1084,16.305,20.062
1085,16.283,20.012
1086,16.313,20.053
1087,16.297,20.036
1088,16.311,20.042
1089,16.331,20.069
1090,16.321,20.035
1091,16.356,20.102
1092,16.340,20.079
1093,16.338,20.055
1094,16.356,20.082
1095,16.371,20.115
1096,16.384,20.129
1097,16.400,20.171
1098,16.409,20.185
1099,16.402,20.169
1100,16.411,20.183
1101,16.443,20.250
1102,16.446,20.219
1103,16.474,20.265
1104,16.482,20.308
1105,16.505,20.359
1106,16.454,20.233
1107,16.427,20.164
1108,16.418,20.181
1109,16.401,20.148
1110,16.422,20.229
1111,16.430,20.226
1112,16.440,20.232
1113,16.461,20.298
1114,16.437,20.198
1115,16.444,20.204
1116,16.460,20.263
1117,16.481,20.298
1118,16.498,20.331
1119,16.476,20.314
1120,16.473,20.301
1121,16.476,20.294
1122,16.448,20.262
1123,16.429,20.208
1124,16.403,20.175
1125,16.422,20.233
1126,16.422,20.212
1127,16.449,20.271
1128,16.397,20.196
1129,16.384,20.144
1130,16.364,20.125
1131,16.391,20.173
1132,16.393,20.170
1133,16.421,20.235
1134,16.406,20.191
1135,16.397,20.207
1136,16.403,20.205
1137,16.403,20.212
1138,16.360,20.133
1139,16.323,20.066
1140,16.333,20.123
1141,16.287,20.036
1142,16.287,20.040
1143,16.260,19.991
1144,16.216,19.921
1145,16.191,19.868
1146,16.186,19.889
1147,16.170,19.862
1148,16.126,19.777
1149,16.147,19.834
1150,16.166,19.871
1151,16.148,19.820
1152,16.149,19.836
1153,16.147,19.830
1154,16.149,19.805
1155,16.135,19.800
1156,16.135,19.810
1157,16.160,19.852
1158,16.149,19.863
1159,16.150,19.871
1160,16.163,19.866
1161,16.133,19.832
1162,16.148,19.848
1163,16.130,19.816
1164,16.140,19.836
1165,16.148,19.858
1166,16.137,19.840
1167,16.119,19.800
1168,16.139,19.838
1169,16.126,19.830
1170,16.123,19.814
1171,16.103,19.775
1172,16.102,19.785
1173,16.115,19.815
1174,16.100,19.800
1175,16.117,19.848
1176,16.114,19.804
1177,16.112,19.798
1178,16.105,19.810
1179,16.095,19.777
1180,16.095,19.783
1181,16.101,19.811
1182,16.094,19.775
1183,16.096,19.784
1184,16.095,19.799
1185,16.086,19.745
1186,16.088,19.781
1187,16.090,19.777
1188,16.085,19.756
1189,16.089,19.777
1190,16.095,19.773
1191,16.095,19.783
1192,16.095,19.786
1193,16.103,19.809
1194,16.087,19.770
1195,16.094,19.766
1196,16.108,19.810
1197,16.095,19.823
1198,16.121,19.820
1199,16.104,19.787
1200,16.126,19.840
1201,16.123,19.815
1202,16.119,19.822
1203,16.113,19.800
1204,16.127,19.851
1205,16.134,19.857
1206,16.116,19.846
1207,16.117,19.822
1208,16.139,19.878
1209,16.126,19.869
1210,16.122,19.861
1211,16.103,19.801
1212,16.085,19.768
1213,16.071,19.753
1214,16.064,19.747
1215,16.060,19.751
1216,16.074,19.787
1217,16.065,19.754
1218,16.048,19.713
1219,16.057,19.726
1220,16.050,19.738
1221,16.050,19.738
1222,16.028,19.697
1223,16.039,19.693
1224,16.043,19.727
1225,16.043,19.725
1226,16.046,19.727
1227,16.027,19.694
1228,16.032,19.705
1229,16.040,19.711
1230,16.011,19.652
1231,16.032,19.682
1232,16.046,19.741
1233,16.026,19.676
1234,16.048,19.725
1235,16.023,19.676
1236,16.007,19.649
1237,16.009,19.648
1238,16.025,19.689
1239,16.028,19.662
1240,16.029,19.672
1241,16.057,19.728
1242,16.056,19.713
1243,16.073,19.752
1244,16.098,19.796
1245,16.057,19.715
1246,16.103,19.786
1247,16.079,19.765
1248,16.086,19.783
1249,16.082,19.790
1250,16.103,19.822
1251,16.076,19.749
1252,16.099,19.805
1253,16.115,19.827
1254,16.087,19.810
1255,16.113,19.825
1256,16.089,19.783
1257,16.098,19.797
1258,16.086,19.759
1259,16.114,19.810
1260,16.106,19.785
1261,16.113,19.813
1262,16.110,19.789
1263,16.124,19.829
1264,16.131,19.841
1265,16.135,19.842
1266,16.144,19.855
1267,16.100,19.782
1268,16.140,19.822
1269,16.135,19.821
1270,16.121,19.800
1271,16.135,19.830
1272,16.172,19.902
1273,16.150,19.827
1274,16.169,19.889
1275,16.147,19.828
1276,16.142,19.829
1277,16.135,19.820
1278,16.156,19.840
1279,16.150,19.831
1280,16.150,19.827
1281,16.188,19.899
1282,16.185,19.888
1283,16.192,19.892
1284,16.167,19.848
1285,16.161,19.856
1286,16.154,19.826
1287,16.187,19.901
1288,16.184,19.875
1289,16.180,19.891
1290,16.184,19.888
1291,16.179,19.907
1292,16.195,19.925
1293,16.192,19.897
1294,16.186,19.920
1295,16.168,19.873
1296,16.189,19.903
1297,16.185,19.914
1298,16.188,19.927
1299,16.175,19.884
1300,16.189,19.911
1301,16.184,19.900
1302,16.179,19.903
1303,16.197,19.927
1304,16.207,19.944
1305,16.213,19.932
1306,16.192,19.904
1307,16.197,19.922
1308,16.202,19.913
1309,16.219,19.932
1310,16.192,19.895
1311,16.175,19.869
1312,16.200,19.905
1313,16.189,19.888
1314,16.185,19.893
1315,16.212,19.950
1316,16.192,19.911
1317,16.202,19.912
1318,16.195,19.916
1319,16.218,19.940
1320,16.194,19.918
1321,16.163,19.858
1322,16.202,19.923
1323,16.221,19.963
1324,16.220,19.967
1325,16.213,19.960
1326,16.225,19.976
1327,16.219,19.946
1328,16.217,19.966
1329,16.231,19.980
1330,16.236,20.002
1331,16.229,19.979
1332,16.232,19.976
1333,16.221,19.963
1334,16.232,19.979
1335,16.234,19.976
1336,16.228,19.989
1337,16.223,19.970
1338,16.212,19.931
1339,16.231,19.982
1340,16.223,19.939
1341,16.236,19.984
1342,16.229,19.963
1343,16.249,19.988
1344,16.242,19.964
1345,16.261,20.004
1346,16.253,20.001
1347,16.255,19.989
1348,16.255,20.036
1349,16.251,20.025
1350,16.221,19.943
1351,16.239,19.987
1352,16.249,20.009
1353,16.234,19.979
1354,16.244,19.998
1355,16.237,19.998
1356,16.217,19.968
1357,16.222,19.963
1358,16.216,19.943
1359,16.207,19.936
1360,16.222,19.963
1361,16.205,19.899
1362,16.226,19.974
1363,16.224,19.968
1364,16.216,19.952
1365,16.219,19.942
1366,16.231,19.963
1367,16.239,19.977
1368,16.243,19.993
1369,16.237,19.945
1370,16.225,19.916
1371,16.237,19.950
1372,16.232,19.935
1373,16.232,19.947
1374,16.240,19.953
1375,16.236,19.951
1376,16.242,19.959
1377,16.216,19.898
1378,16.222,19.912
1379,16.224,19.900
1380,16.218,19.907
1381,16.241,19.969
1382,16.172,19.814
1383,16.198,19.859
1384,16.225,19.912
1385,16.213,19.894
1386,16.228,19.942
1387,16.226,19.913
1388,16.179,19.817
1389,16.188,19.852
1390,16.206,19.864
1391,16.235,19.919
1392,16.220,19.892
1393,16.223,19.899
1394,16.226,19.929
1395,16.234,19.926
1396,16.222,19.918
1397,16.219,19.913
1398,16.216,19.907
1399,16.229,19.933
1400,16.238,19.929
1401,16.245,19.966
1402,16.223,19.928
1403,16.223,19.923
1404,16.234,19.934
1405,16.229,19.915
1406,16.250,19.983
1407,16.214,19.899
1408,16.219,19.909
1409,16.215,19.908
1410,16.226,19.928
1411,16.229,19.929
1412,16.220,19.911
1413,16.212,19.915
1414,16.237,19.951
1415,16.217,19.916
1416,16.212,19.898
1417,16.218,19.927
1418,16.234,19.939
1419,16.213,19.909
1420,16.231,19.936
1421,16.209,19.872
1422,16.213,19.917
1423,16.238,19.957
1424,16.228,19.931
1425,16.219,19.910
1426,16.215,19.916
1427,16.206,19.880
1428,16.210,19.875
1429,16.229,19.938
1430,16.222,19.908
1431,16.220,19.908
1432,16.228,19.931
1433,16.222,19.921
1434,16.206,19.880
1435,16.225,19.903
1436,16.240,19.951
1437,16.246,19.956
1438,16.237,19.950
1439,16.243,19.959
1440,16.214,19.916
1441,16.252,19.984
1442,16.220,19.919
1443,16.238,19.947
1444,16.225,19.931
1445,16.229,19.942
1446,16.200,19.901
1447,16.200,19.888
1448,16.216,19.915
1449,16.227,19.957
1450,16.225,19.941
1451,16.223,19.943
1452,16.224,19.934
1453,16.207,19.927
1454,16.230,19.963
1455,16.225,19.931
1456,16.248,19.976
1457,16.230,19.972
1458,16.245,19.994
1459,16.256,20.001
1460,16.232,19.957
1461,16.255,20.004
1462,16.219,19.947
1463,16.234,19.972
1464,16.222,19.959
1465,16.234,19.983
1466,16.234,19.975
1467,16.220,19.943
1468,16.229,19.979
1469,16.228,19.961
1470,16.256,20.022
1471,16.250,19.999
1472,16.230,19.983
1473,16.242,20.000
1474,16.228,19.949
1475,16.264,20.022
1476,16.262,20.022
1477,16.224,19.978
1478,16.257,20.031
1479,16.230,19.990
1480,16.223,19.958
1481,16.217,19.953
1482,16.216,19.967
1483,16.221,19.974
1484,16.218,19.949
1485,16.217,19.953
1486,16.223,19.979
1487,16.232,19.974
1488,16.180,19.902
1489,16.185,19.896
1490,16.202,19.942
1491,16.189,19.910
1492,16.178,19.882
1493,16.180,19.911
1494,16.153,19.862
1495,16.177,19.933
1496,16.156,19.885
1497,16.178,19.912
1498,16.154,19.871
1499,16.153,19.875
1500,16.161,19.877
1501,16.160,19.896
1502,16.148,19.879
1503,16.111,19.799
1504,16.121,19.825
1505,16.116,19.813
1506,16.118,19.821
1507,16.098,19.769
1508,16.105,19.785
1509,16.113,19.849
1510,16.093,19.776
1511,16.100,19.822
1512,16.084,19.771
1513,16.033,19.673
1514,16.025,19.657
1515,16.008,19.612
1516,16.018,19.663
1517,16.010,19.644
1518,15.997,19.612
1519,16.018,19.673
1520,16.038,19.712
1521,16.047,19.768
1522,16.010,19.663
1523,16.012,19.661
1524,16.025,19.687
1525,16.007,19.660
1526,15.985,19.614
1527,15.999,19.651
1528,16.005,19.659
1529,16.006,19.669
1530,15.997,19.652
1531,16.022,19.703
1532,15.971,19.586
1533,15.955,19.564
1534,15.941,19.547
1535,15.962,19.572
1536,15.945,19.557
1537,15.949,19.575
1538,15.976,19.631
1539,15.998,19.669
1540,15.977,19.638
1541,15.960,19.589
1542,15.963,19.599
1543,15.959,19.600
1544,15.946,19.594
1545,15.947,19.576
1546,15.944,19.574
1547,15.941,19.584
1548,15.933,19.556
1549,15.937,19.575
1550,15.933,19.571
1551,15.932,19.571
1552,15.932,19.564
1553,15.929,19.565
1554,15.930,19.566
1555,15.892,19.505
1556,15.909,19.547
1557,15.928,19.567
1558,15.902,19.509
1559,15.891,19.511
1560,15.904,19.538
1561,15.886,19.522
1562,15.894,19.546
1563,15.893,19.526
1564,15.904,19.567
1565,15.886,19.528
1566,15.886,19.548
1567,15.858,19.485
1568,15.859,19.483
1569,15.859,19.501
1570,15.880,19.526
1571,15.865,19.496
1572,15.864,19.500
1573,15.883,19.556
1574,15.868,19.529
1575,15.871,19.542
1576,15.855,19.508
1577,15.867,19.538
1578,15.840,19.478
1579,15.849,19.501
1580,15.843,19.505
1581,15.865,19.542
1582,15.845,19.504
1583,15.853,19.519
1584,15.867,19.533
1585,15.851,19.523
1586,15.864,19.540
1587,15.865,19.538
1588,15.875,19.560
1589,15.867,19.558
1590,15.879,19.563
1591,15.846,19.506
1592,15.888,19.598
1593,15.882,19.581
1594,15.885,19.574
1595,15.866,19.566
1596,15.850,19.499
1597,15.830,19.465
1598,15.863,19.519
1599,15.870,19.529
1600,15.833,19.477
1601,15.871,19.532
1602,15.857,19.521
1603,15.882,19.557
1604,15.870,19.542
1605,15.925,19.655
1606,15.954,19.721
1607,15.931,19.674
1608,15.902,19.567
1609,15.920,19.625
1610,15.932,19.660
1611,15.927,19.667
1612,15.925,19.664
1613,15.963,19.724
1614,15.966,19.715
1615,15.914,19.608
1616,15.969,19.739
1617,16.003,19.808
1618,16.018,19.850
1619,15.993,19.785
1620,15.992,19.797
1621,15.993,19.798
1622,16.008,19.813
1623,16.004,19.829
1624,16.020,19.860
1625,16.023,19.870
1626,16.032,19.896
1627,16.056,19.937
1628,16.051,19.946
1629,16.044,19.930
1630,16.062,19.957
1631,16.043,19.929
1632,16.060,19.990
1633,16.106,20.089
1634,16.064,20.024
1635,16.099,20.101
1636,16.083,20.080
1637,16.069,20.054
1638,16.079,20.081
1639,16.051,20.035
1640,16.071,20.082
1641,16.063,20.057
1642,16.059,20.041
1643,16.049,20.019
1644,16.058,20.050
1645,16.032,20.027
1646,16.026,20.003
1647,16.023,19.985
1648,15.996,19.950
1649,15.999,19.958
1650,15.984,19.933
1651,15.933,19.853
1652,15.930,19.850
1653,15.938,19.878
1654,15.934,19.876
1655,15.910,19.847
1656,15.892,19.814
1657,15.863,19.749
1658,15.833,19.695
1659,15.829,19.686
1660,15.799,19.643
1661,15.809,19.660
1662,15.817,19.700
1663,15.848,19.747
1664,15.852,19.749
1665,15.837,19.715
1666,15.863,19.762
1667,15.853,19.734
1668,15.843,19.743
1669,15.882,19.815
1670,15.866,19.778
1671,15.910,19.894
1672,15.904,19.867
1673,15.906,19.860
1674,15.921,19.920
1675,15.961,19.992
1676,15.961,19.991
1677,15.951,19.978
1678,15.972,20.022
1679,15.971,20.046
1680,15.959,20.019
1681,15.991,20.076
1682,15.976,20.040
1683,15.934,19.953
1684,15.947,19.961
1685,15.930,19.957
1686,15.958,19.986
1687,15.969,20.006
1688,15.993,20.068
1689,15.979,20.039
1690,15.972,20.038
1691,15.982,20.064
1692,15.947,19.982
1693,15.942,19.966
1694,15.934,19.951
1695,15.957,19.985
1696,15.958,19.988
1697,15.943,19.941
1698,15.974,20.014
1699,15.961,19.997
1700,15.912,19.870
1701,15.955,19.963
1702,15.955,19.949
1703,15.959,19.961
1704,15.959,19.957
1705,15.955,19.926
1706,15.973,19.988
1707,15.971,19.960
1708,15.944,19.917
1709,15.934,19.870
1710,15.963,19.909
1711,15.989,19.968
1712,15.979,19.945
1713,15.989,19.946
1714,16.009,19.954
1715,16.040,20.034
1716,16.016,19.977
1717,16.027,19.978
1718,16.042,19.966
1719,16.054,19.972
1720,16.029,19.918
1721,16.050,19.952
1722,16.046,19.914
1723,16.030,19.894
1724,16.025,19.844
1725,16.063,19.931
1726,16.062,19.890
1727,16.079,19.917
1728,16.080,19.891
1729,16.075,19.863
1730,16.119,19.958
1731,16.104,19.897
1732,16.132,19.933
1733,16.174,20.006
1734,16.176,19.981
1735,16.192,19.994
1736,16.238,20.050
1737,16.281,20.122
1738,16.286,20.101
1739,16.333,20.186
1740,16.360,20.183
1741,16.405,20.241
1742,16.428,20.260
1743,16.480,20.315
1744,16.504,20.354
1745,16.452,20.306
1746,16.430,20.287
1747,16.417,20.282
1748,16.367,20.208
1749,16.374,20.258
1750,16.309,20.117
1751,16.282,20.136
1752,16.271,20.131
1753,16.235,20.118
1754,16.202,20.070
1755,16.177,20.046
1756,16.140,19.981
1757,16.099,19.953
1758,16.015,19.836
1759,15.975,19.799
1760,15.916,19.749
1761,15.915,19.763
1762,15.919,19.776
1763,15.898,19.745
1764,15.895,19.732
1765,15.903,19.753
1766,15.862,19.685
1767,15.870,19.670
1768,15.859,19.642
1769,15.870,19.692
1770,15.886,19.717
1771,15.881,19.704
1772,15.859,19.664
1773,15.856,19.675
1774,15.828,19.627
1775,15.816,19.615
1776,15.835,19.648
1777,15.823,19.620
1778,15.785,19.555
1779,15.803,19.597
1780,15.811,19.617
1781,15.788,19.582
1782,15.824,19.627
1783,15.808,19.610
1784,15.815,19.623
1785,15.821,19.626
1786,15.826,19.658
1787,15.827,19.648
1788,15.815,19.581
1789,15.813,19.596
1790,15.851,19.660
1791,15.862,19.699
1792,15.846,19.647
1793,15.877,19.700
1794,15.857,19.657
1795,15.855,19.637
1796,15.887,19.699
1797,15.897,19.715
1798,15.882,19.689
1799,15.874,19.660
1800,15.897,19.699
1801,15.913,19.726
1802,15.893,19.700
1803,15.930,19.772
1804,15.883,19.671
1805,15.902,19.716
1806,15.925,19.769
1807,15.911,19.727
1808,15.941,19.810
1809,15.935,19.790
1810,15.915,19.738
1811,15.937,19.796
1812,15.919,19.746
1813,15.917,19.759
1814,15.942,19.784
1815,15.946,19.821
1816,15.929,19.784
1817,15.954,19.845
1818,15.960,19.867
1819,15.944,19.821
1820,15.972,19.886
1821,15.947,19.843
1822,15.976,19.919
1823,15.951,19.857
1824,15.977,19.925
1825,15.982,19.901
1826,16.006,19.957
1827,16.007,19.953
1828,15.998,19.947
1829,15.997,19.932
1830,16.033,20.025
1831,16.006,19.948
1832,16.021,19.996
1833,16.009,19.965
1834,16.011,19.998
1835,15.976,19.923
1836,16.002,19.954
1837,16.006,20.000
1838,15.995,19.971
1839,15.995,19.981
1840,15.988,19.981
