0,24.236,24.708
1,24.224,24.689
2,24.228,24.704
3,24.208,24.672
4,24.213,24.673
5,24.243,24.715
6,24.247,24.716
7,24.235,24.705
8,24.239,24.705
9,24.237,24.706
10,24.239,24.708
11,24.237,24.695
12,24.228,24.700
13,24.213,24.684
14,24.200,24.651
15,24.196,24.653
16,24.194,24.657
17,24.210,24.674
18,24.212,24.682
19,24.204,24.673
20,24.193,24.653
21,24.216,24.681
22,24.206,24.667
23,24.201,24.668
24,24.209,24.672
25,24.223,24.693
26,24.203,24.669
27,24.221,24.690
28,24.215,24.679
29,24.214,24.685
30,24.228,24.699
31,24.221,24.678
32,24.210,24.666
33,24.215,24.678
34,24.196,24.670
35,24.181,24.642
36,24.173,24.641
37,24.189,24.659
38,24.175,24.642
39,24.173,24.629
40,24.168,24.625
41,24.180,24.633
42,24.194,24.663
43,24.190,24.668
44,24.191,24.659
45,24.175,24.645
46,24.185,24.651
47,24.178,24.641
48,24.168,24.633
49,24.189,24.652
50,24.209,24.672
51,24.186,24.649
52,24.203,24.674
53,24.196,24.662
54,24.211,24.674
55,24.209,24.666
56,24.215,24.673
57,24.215,24.681
58,24.206,24.669
59,24.220,24.687
60,24.228,24.691
61,24.231,24.688
62,24.229,24.700
63,24.224,24.684
64,24.218,24.689
65,24.283,24.773
66,24.224,24.701
67,24.222,24.699
68,24.233,24.716
69,24.233,24.716
70,24.222,24.705
71,24.235,24.714
72,24.218,24.700
73,24.236,24.723
74,24.237,24.717
75,24.217,24.693
76,24.209,24.680
77,24.225,24.698
78,24.231,24.706
79,24.188,24.657
80,24.205,24.680
81,24.199,24.671
82,24.188,24.649
83,24.181,24.639
84,24.169,24.636
85,24.168,24.636
86,24.171,24.648
87,24.177,24.644
88,24.159,24.635
89,24.169,24.622
90,24.161,24.616
91,24.166,24.634
92,24.171,24.642
93,24.194,24.658
94,24.192,24.652
95,24.191,24.657
96,24.211,24.681
97,24.193,24.651
98,24.182,24.648
99,24.216,24.683
100,24.209,24.665
101,24.200,24.654
102,24.202,24.657
103,24.224,24.683
104,24.220,24.690
105,24.233,24.702
106,24.248,24.719
107,24.230,24.686
108,24.224,24.689
109,24.234,24.693
110,24.201,24.675
111,24.216,24.678
112,24.226,24.701
113,24.238,24.712
114,24.225,24.679
115,24.226,24.688
116,24.213,24.665
117,24.213,24.673
118,24.223,24.698
119,24.196,24.651
120,24.228,24.687
121,24.219,24.677
122,24.216,24.670
123,24.234,24.701
124,24.242,24.704
125,24.221,24.683
126,24.229,24.691
127,24.256,24.712
128,24.230,24.690
129,24.234,24.693
130,24.251,24.712
131,24.239,24.706
132,24.245,24.709
133,24.231,24.694
134,24.248,24.711
135,24.257,24.720
136,24.252,24.708
137,24.258,24.725
138,24.241,24.709
139,24.257,24.720
140,24.248,24.717
141,24.260,24.726
142,24.275,24.742
143,24.263,24.733
144,24.260,24.729
145,24.244,24.705
146,24.260,24.734
147,24.247,24.714
148,24.250,24.712
149,24.247,24.707
150,24.238,24.709
151,24.254,24.719
152,24.244,24.713
153,24.246,24.717
154,24.246,24.711
155,24.252,24.712
156,24.236,24.697
157,24.247,24.714
158,24.243,24.710
159,24.250,24.713
160,24.244,24.719
161,24.274,24.744
162,24.260,24.730
163,24.265,24.733
164,24.258,24.735
165,24.260,24.724
166,24.263,24.729
167,24.266,24.730
168,24.272,24.747
169,24.253,24.718
170,24.274,24.735
171,24.292,24.755
172,24.264,24.723
173,24.257,24.714
174,24.262,24.728
175,24.249,24.717
176,24.231,24.699
177,24.234,24.700
178,24.239,24.704
179,24.246,24.708
180,24.261,24.727
181,24.231,24.691
182,24.233,24.698
183,24.242,24.707
184,24.249,24.717
185,24.246,24.715
186,24.241,24.710
187,24.222,24.682
188,24.223,24.682
189,24.250,24.714
190,24.251,24.718
191,24.258,24.724
192,24.281,24.751
193,24.264,24.737
194,24.273,24.729
195,24.263,24.728
196,24.279,24.738
197,24.270,24.739
198,24.294,24.770
199,24.285,24.743
200,24.265,24.729
201,24.294,24.764
202,24.312,24.784
203,24.284,24.758
204,24.299,24.771
205,24.291,24.761
206,24.266,24.731
207,24.270,24.740
208,24.263,24.725
209,24.276,24.749
210,24.266,24.746
211,24.287,24.752
212,24.296,24.763
213,24.296,24.769
214,24.296,24.765
215,24.312,24.786
216,24.293,24.767
217,24.286,24.761
218,24.273,24.742
219,24.269,24.742
220,24.279,24.749
221,24.273,24.729
222,24.265,24.729
223,24.273,24.743
224,24.282,24.752
225,24.276,24.741
226,24.258,24.726
227,24.269,24.735
228,24.252,24.709
229,24.236,24.701
230,24.250,24.711
231,24.220,24.686
232,24.216,24.680
233,24.212,24.683
234,24.201,24.675
235,24.202,24.661
236,24.211,24.671
237,24.218,24.686
238,24.213,24.674
239,24.266,24.738
240,24.254,24.726
241,24.269,24.733
242,24.255,24.710
243,24.259,24.731
244,24.271,24.742
245,24.269,24.741
246,24.281,24.754
247,24.275,24.747
248,24.276,24.750
249,24.250,24.714
250,24.224,24.687
251,24.224,24.691
252,24.214,24.682
253,24.213,24.682
254,24.243,24.716
255,24.225,24.698
256,24.225,24.699
257,24.244,24.720
258,24.250,24.720
259,24.231,24.700
260,24.242,24.719
261,24.276,24.751
262,24.260,24.742
263,24.258,24.732
264,24.283,24.762
265,24.278,24.751
266,24.256,24.727
267,24.269,24.740
268,24.274,24.745
269,24.255,24.731
270,24.279,24.756
271,24.281,24.747
272,24.283,24.746
273,24.288,24.757
274,24.295,24.771
275,24.276,24.748
276,24.292,24.757
277,24.301,24.775
278,24.274,24.743
279,24.266,24.733
280,24.271,24.746
281,24.255,24.718
282,24.242,24.709
283,24.249,24.715
284,24.233,24.698
285,24.226,24.686
286,24.251,24.716
287,24.257,24.728
288,24.239,24.709
289,24.251,24.722
290,24.230,24.701
291,24.232,24.701
292,24.230,24.694
293,24.208,24.672
294,24.223,24.686
295,24.225,24.687
296,24.219,24.699
297,24.254,24.725
298,24.245,24.709
299,24.263,24.729
300,24.265,24.736
301,24.277,24.738
302,24.272,24.743
303,24.275,24.745
304,24.267,24.733
305,24.289,24.750
306,24.276,24.741
307,24.285,24.747
308,24.289,24.755
309,24.305,24.779
310,24.282,24.763
311,24.280,24.754
312,24.264,24.744
313,24.269,24.752
314,24.280,24.755
315,24.275,24.753
316,24.269,24.746
317,24.292,24.767
318,24.292,24.767
319,24.295,24.768
320,24.308,24.791
321,24.287,24.763
322,24.272,24.740
323,24.292,24.765
324,24.295,24.773
325,24.294,24.772
326,24.279,24.746
327,24.298,24.779
328,24.290,24.769
329,24.282,24.749
330,24.274,24.739
331,24.286,24.744
332,24.270,24.743
333,24.310,24.776
334,24.289,24.760
335,24.273,24.743
336,24.281,24.740
337,24.262,24.740
338,24.265,24.738
339,24.257,24.729
340,24.252,24.719
341,24.247,24.716
342,24.236,24.719
343,24.244,24.709
344,24.220,24.687
345,24.222,24.698
346,24.201,24.667
347,24.207,24.678
348,24.219,24.688
349,24.228,24.701
350,24.241,24.708
351,24.242,24.711
352,24.241,24.704
353,24.253,24.719
354,24.273,24.748
355,24.283,24.761
356,24.283,24.764
357,24.301,24.782
358,24.295,24.775
359,24.283,24.756
360,24.296,24.768
361,24.292,24.767
362,24.311,24.786
363,24.268,24.743
364,24.277,24.757
365,24.268,24.736
366,24.258,24.718
367,24.276,24.744
368,24.289,24.761
369,24.278,24.758
370,24.285,24.764
371,24.281,24.744
372,24.280,24.749
373,24.285,24.766
374,24.293,24.760
375,24.296,24.775
376,24.294,24.767
377,24.298,24.771
378,24.271,24.735
379,24.275,24.738
380,24.295,24.773
381,24.281,24.749
382,24.278,24.754
383,24.284,24.754
384,24.246,24.712
385,24.247,24.713
386,24.262,24.736
387,24.280,24.760
388,24.255,24.726
389,24.247,24.714
390,24.238,24.713
391,24.253,24.716
392,24.261,24.727
393,24.263,24.738
394,24.253,24.725
395,24.256,24.724
396,24.281,24.752
397,24.284,24.759
398,24.277,24.750
399,24.281,24.750
400,24.282,24.750
401,24.288,24.753
402,24.287,24.749
403,24.281,24.746
404,24.271,24.734
405,24.280,24.739
406,24.295,24.773
407,24.272,24.748
408,24.297,24.769
409,24.309,24.780
410,24.279,24.747
411,24.287,24.753
412,24.282,24.741
413,24.269,24.744
414,24.282,24.744
415,24.279,24.735
416,24.268,24.737
417,24.277,24.744
418,24.274,24.752
419,24.269,24.747
420,24.266,24.724
421,24.272,24.740
422,24.288,24.768
423,24.294,24.767
424,24.320,24.792
425,24.304,24.773
426,24.294,24.754
427,24.306,24.770
428,24.306,24.767
429,24.288,24.759
430,24.305,24.762
431,24.303,24.778
432,24.286,24.752
433,24.309,24.766
434,24.306,24.773
435,24.309,24.782
436,24.321,24.789
437,24.300,24.777
438,24.298,24.761
439,24.274,24.734
440,24.289,24.758
441,24.277,24.749
442,24.262,24.725
443,24.249,24.711
444,24.247,24.707
445,24.243,24.707
446,24.253,24.716
447,24.252,24.720
448,24.236,24.707
449,24.241,24.703
450,24.289,24.753
451,24.275,24.747
452,24.274,24.745
453,24.269,24.745
454,24.265,24.724
455,24.282,24.754
456,24.268,24.728
457,24.258,24.726
458,24.290,24.753
459,24.288,24.759
460,24.269,24.736
461,24.290,24.766
462,24.282,24.753
463,24.298,24.772
464,24.318,24.797
465,24.310,24.776
466,24.303,24.765
467,24.307,24.775
468,24.324,24.796
469,24.314,24.783
470,24.312,24.782
471,24.313,24.782
472,24.307,24.771
473,24.308,24.773
474,24.318,24.784
475,24.302,24.779
476,24.296,24.770
477,24.297,24.756
478,24.307,24.771
479,24.300,24.771
480,24.287,24.747
481,24.286,24.755
482,24.254,24.713
483,24.254,24.711
484,24.270,24.732
485,24.249,24.710
486,24.250,24.725
487,24.262,24.719
488,24.255,24.715
489,24.269,24.742
490,24.279,24.757
491,24.295,24.771
492,24.296,24.765
493,24.299,24.773
494,24.289,24.765
495,24.299,24.766
496,24.318,24.788
497,24.307,24.782
498,24.311,24.784
499,24.307,24.765
500,24.311,24.771
501,24.305,24.767
502,24.297,24.757
503,24.282,24.756
504,24.288,24.756
505,24.294,24.751
506,24.284,24.756
507,24.287,24.751
508,24.294,24.761
509,24.293,24.760
510,24.289,24.756
511,24.288,24.756
512,24.290,24.764
513,24.278,24.749
514,24.278,24.753
515,24.293,24.762
516,24.290,24.758
517,24.303,24.770
518,24.295,24.759
519,24.307,24.770
520,24.301,24.772
521,24.303,24.780
522,24.322,24.798
523,24.302,24.769
524,24.286,24.754
525,24.313,24.788
526,24.319,24.794
527,24.293,24.771
528,24.298,24.765
529,24.280,24.745
530,24.298,24.771
531,24.327,24.800
532,24.313,24.792
533,24.306,24.770
534,24.324,24.800
535,24.318,24.789
536,24.307,24.780
537,24.308,24.780
538,24.313,24.781
539,24.304,24.781
540,24.318,24.782
541,24.317,24.793
542,24.319,24.794
543,24.320,24.799
544,24.316,24.795
545,24.301,24.769
546,24.311,24.779
547,24.322,24.793
548,24.324,24.803
549,24.328,24.800
550,24.312,24.789
551,24.311,24.789
552,24.292,24.768
553,24.303,24.782
554,24.288,24.754
555,24.276,24.743
556,24.276,24.739
557,24.311,24.779
558,24.290,24.755
559,24.297,24.761
560,24.292,24.749
561,24.286,24.751
562,24.282,24.746
563,24.298,24.761
564,24.280,24.755
565,24.288,24.746
566,24.298,24.766
567,24.270,24.734
568,24.288,24.762
569,24.308,24.773
570,24.302,24.772
571,24.300,24.760
572,24.308,24.770
573,24.309,24.769
574,24.293,24.773
575,24.304,24.776
576,24.314,24.788
577,24.306,24.780
578,24.309,24.776
579,24.316,24.783
580,24.314,24.770
581,24.315,24.786
582,24.305,24.783
583,24.296,24.771
584,24.309,24.776
585,24.311,24.787
586,24.295,24.764
587,24.301,24.776
588,24.323,24.799
589,24.330,24.804
590,24.327,24.784
591,24.339,24.812
592,24.307,24.773
593,24.320,24.791
594,24.328,24.793
595,24.321,24.793
596,24.317,24.786
597,24.310,24.767
598,24.338,24.805
599,24.299,24.759
600,24.311,24.777
601,24.322,24.786
602,24.300,24.769
603,24.305,24.774
604,24.304,24.766
605,24.298,24.767
606,24.312,24.789
607,24.323,24.786
608,24.326,24.806
609,24.313,24.782
610,24.329,24.787
611,24.318,24.791
612,24.321,24.798
613,24.321,24.792
614,24.317,24.791
615,24.311,24.785
616,24.307,24.787
617,24.311,24.793
618,24.324,24.801
619,24.306,24.772
620,24.305,24.773
621,24.313,24.788
622,24.301,24.772
623,24.310,24.784
624,24.285,24.750
625,24.285,24.755
626,24.309,24.786
627,24.294,24.764
628,24.286,24.757
629,24.283,24.755
630,24.283,24.744
631,24.285,24.762
632,24.275,24.738
633,24.279,24.750
634,24.299,24.769
635,24.290,24.753
636,24.281,24.743
637,24.291,24.765
638,24.290,24.768
639,24.305,24.776
640,24.302,24.778
641,24.284,24.757
642,24.290,24.761
643,24.263,24.716
644,24.269,24.736
645,24.270,24.734
646,24.257,24.731
647,24.248,24.713
648,24.263,24.721
649,24.266,24.731
650,24.251,24.730
651,24.258,24.713
652,24.256,24.710
653,24.259,24.727
654,24.237,24.710
655,24.285,24.750
656,24.261,24.729
657,24.259,24.723
658,24.263,24.724
659,24.257,24.725
660,24.283,24.750
661,24.277,24.736
662,24.265,24.746
663,24.275,24.755
664,24.279,24.753
665,24.272,24.741
666,24.286,24.753
667,24.273,24.741
668,24.262,24.740
669,24.244,24.715
670,24.263,24.740
671,24.252,24.712
672,24.243,24.703
673,24.230,24.689
674,24.250,24.713
675,24.244,24.709
676,24.268,24.735
677,24.269,24.737
678,24.259,24.719
679,24.258,24.710
680,24.248,24.703
681,24.270,24.728
682,24.268,24.738
683,24.261,24.729
684,24.266,24.732
685,24.255,24.725
686,24.265,24.724
687,24.244,24.697
688,24.254,24.726
689,24.277,24.745
690,24.279,24.751
691,24.264,24.736
692,24.262,24.727
693,24.285,24.756
694,24.271,24.728
695,24.255,24.721
696,24.275,24.744
697,24.256,24.726
698,24.252,24.721
699,24.262,24.722
700,24.259,24.727
701,24.265,24.730
702,24.263,24.733
703,24.267,24.724
704,24.244,24.707
705,24.263,24.728
706,24.278,24.746
707,24.275,24.735
708,24.274,24.737
709,24.275,24.744
710,24.260,24.720
711,24.244,24.705
712,24.270,24.729
713,24.245,24.699
714,24.228,24.681
715,24.266,24.729
716,24.271,24.739
717,24.276,24.739
718,24.286,24.753
719,24.272,24.740
720,24.278,24.742
721,24.287,24.768
722,24.295,24.768
723,24.278,24.751
724,24.264,24.734
725,24.249,24.712
726,24.264,24.734
727,24.272,24.746
728,24.260,24.737
729,24.263,24.735
730,24.253,24.727
731,24.263,24.737
732,24.228,24.701
733,24.223,24.690
734,24.254,24.734
735,24.359,24.860
736,24.367,24.868
737,24.400,24.906
738,24.432,24.942
739,24.348,24.834
740,24.374,24.874
741,24.283,24.778
742,24.265,24.743
743,24.265,24.749
744,24.270,24.749
745,24.262,24.738
746,24.295,24.791
747,24.339,24.836
748,24.319,24.807
749,24.165,24.614
750,24.173,24.639
751,24.114,24.580
752,24.150,24.617
753,24.296,24.787
754,24.234,24.702
755,24.188,24.655
756,24.096,24.552
757,24.097,24.550
758,24.100,24.552
759,24.117,24.570
760,24.268,24.758
761,24.306,24.803
762,24.398,24.915
763,24.322,24.828
764,24.422,24.946
765,24.417,24.936
766,24.425,24.946
767,24.359,24.871
768,24.395,24.916
769,24.410,24.940
770,24.397,24.907
771,24.346,24.861
772,24.269,24.761
773,24.307,24.810
774,24.257,24.753
775,24.294,24.804
776,24.266,24.767
777,24.279,24.780
778,24.263,24.773
779,24.358,24.884
780,24.384,24.909
781,24.348,24.866
782,24.404,24.942
783,24.414,24.943
784,24.407,24.955
785,24.082,24.546
786,24.200,24.699
787,24.230,24.733
788,24.214,24.723
789,24.242,24.746
790,24.280,24.793
791,24.310,24.837
792,24.310,24.833
793,24.303,24.827
794,24.334,24.853
795,24.322,24.850
796,24.308,24.832
797,24.258,24.766
798,24.301,24.822
799,24.315,24.830
800,24.256,24.761
801,24.288,24.799
802,24.325,24.843
803,24.338,24.860
804,24.340,24.871
805,24.334,24.870
806,24.243,24.746
807,24.358,24.884
808,24.419,24.960
809,24.359,24.903
810,24.397,24.932
811,24.402,24.935
812,24.379,24.907
813,24.379,24.908
814,24.382,24.908
815,24.412,24.949
816,24.376,24.915
817,24.411,24.945
818,24.295,24.807
819,24.405,24.938
820,24.418,24.946
821,24.374,24.894
822,24.372,24.896
823,24.431,24.965
824,24.279,24.787
825,24.346,24.880
826,24.363,24.904
827,24.359,24.913
828,24.403,24.949
829,24.377,24.924
830,24.384,24.932
831,24.431,24.987
832,24.436,24.983
833,24.499,25.055
834,24.318,24.835
835,24.296,24.808
836,24.253,24.759
837,24.294,24.804
838,24.272,24.784
839,24.260,24.758
840,24.392,24.932
841,24.407,24.957
842,24.435,24.974
843,24.456,25.006
844,24.460,25.023
845,24.496,25.065
846,24.458,25.013
847,24.485,25.054
848,24.491,25.054
849,24.430,24.981
850,24.395,24.920
851,24.394,24.945
852,24.478,25.043
853,24.567,25.138
854,24.504,25.078
855,24.489,25.058
856,24.511,25.064
857,24.497,25.063
858,24.557,25.126
859,24.527,25.088
860,24.433,24.960
861,24.462,25.009
862,24.523,25.087
863,24.429,24.964
864,24.497,25.056
865,24.417,24.958
866,24.433,24.982
867,24.300,24.812
868,24.408,24.951
869,24.396,24.936
870,24.408,24.950
871,24.440,24.981
872,24.464,25.014
873,24.376,24.924
874,24.324,24.852
875,24.358,24.903
876,24.329,24.855
877,24.357,24.905
878,24.379,24.937
879,24.416,24.967
880,24.616,25.188
881,24.614,25.180
882,24.609,25.181
883,24.522,25.066
884,24.602,25.170
885,24.615,25.185
886,24.630,25.209
887,24.579,25.137
888,24.689,25.281
889,24.650,25.228
890,24.496,25.056
891,24.489,25.047
892,24.496,25.060
893,24.508,25.078
894,24.462,25.000
895,24.505,25.070
896,24.549,25.115
897,24.482,25.039
898,24.445,25.005
899,24.432,24.984
900,24.482,25.060
901,24.425,24.981
902,24.443,25.016
903,24.453,25.021
904,24.384,24.944
905,24.385,24.944
906,24.405,24.951
907,24.472,25.048
908,24.517,25.096
909,24.381,24.932
910,24.433,24.981
911,24.376,24.922
912,24.350,24.893
913,24.452,25.009
914,24.387,24.947
915,24.412,24.968
916,24.400,24.966
917,24.379,24.934
918,24.450,25.019
919,24.400,24.959
920,24.393,24.964
921,24.340,24.900
922,24.374,24.939
923,24.398,24.967
924,24.332,24.877
925,24.319,24.872
926,24.286,24.841
927,24.263,24.825
928,24.293,24.863
929,24.296,24.855
930,24.298,24.865
931,24.258,24.818
932,24.258,24.822
933,24.285,24.836
934,24.262,24.811
935,24.327,24.888
936,24.284,24.840
937,24.283,24.839
938,24.188,24.729
939,24.241,24.799
940,24.214,24.753
941,24.199,24.730
942,24.149,24.675
943,24.146,24.681
944,24.076,24.596
945,24.066,24.589
946,24.008,24.519
947,24.012,24.517
948,23.987,24.499
949,24.036,24.549
950,23.976,24.471
951,24.029,24.543
952,23.981,24.477
953,23.948,24.460
954,23.957,24.464
955,24.010,24.523
956,23.939,24.445
957,23.902,24.404
958,24.001,24.507
959,23.995,24.491
960,23.930,24.418
961,24.024,24.520
962,23.952,24.447
963,23.955,24.438
964,24.063,24.575
965,24.054,24.559
966,24.077,24.581
967,24.100,24.616
968,24.105,24.634
969,23.984,24.479
970,24.054,24.564
971,24.023,24.528
972,24.055,24.563
973,23.957,24.443
974,24.060,24.584
975,24.018,24.541
976,24.013,24.528
977,23.999,24.516
978,24.025,24.543
979,24.056,24.579
980,24.067,24.590
981,24.203,24.740
982,24.048,24.553
983,24.021,24.521
984,23.941,24.415
985,24.026,24.528
986,24.016,24.513
987,24.135,24.655
988,23.862,24.357
989,24.030,24.539
990,24.057,24.573
991,24.028,24.541
992,24.070,24.589
993,24.044,24.553
994,23.983,24.491
995,23.736,24.207
996,23.970,24.468
997,23.927,24.419
998,23.905,24.398
999,23.919,24.426
1000,23.887,24.380
1001,23.861,24.361
1002,23.874,24.378
1003,23.891,24.397
1004,23.830,24.304
1005,23.862,24.358
1006,23.918,24.410
1007,23.926,24.420
1008,23.945,24.445
1009,24.012,24.533
1010,23.765,24.245
1011,23.791,24.270
1012,24.081,24.600
1013,23.808,24.292
1014,23.799,24.276
1015,24.087,24.593
1016,24.039,24.555
1017,24.078,24.583
1018,24.063,24.584
1019,24.067,24.580
1020,24.110,24.620
1021,24.112,24.636
1022,24.136,24.658
1023,24.079,24.611
1024,24.093,24.612
1025,23.933,24.435
1026,24.045,24.565
1027,24.120,24.650
1028,24.146,24.680
1029,24.135,24.668
1030,24.577,25.167
1031,24.399,24.976
1032,24.049,24.571
1033,24.079,24.595
1034,24.113,24.628
1035,24.039,24.554
1036,24.095,24.614
1037,24.094,24.613
1038,24.116,24.641
1039,24.039,24.562
1040,24.035,24.552
1041,24.047,24.560
1042,23.882,24.366
1043,24.112,24.641
1044,24.066,24.595
1045,24.397,24.981
1046,24.153,24.706
1047,24.171,24.730
1048,24.132,24.685
1049,24.182,24.721
1050,24.120,24.636
1051,24.370,24.930
1052,24.274,24.807
1053,24.230,24.777
1054,24.228,24.774
1055,24.186,24.713
1056,24.124,24.646
1057,24.189,24.720
1058,24.171,24.704
1059,24.179,24.736
1060,24.192,24.725
1061,24.248,24.802
1062,24.346,24.908
1063,24.256,24.803
1064,24.026,24.548
1065,24.197,24.761
1066,24.116,24.655
1067,24.121,24.671
1068,24.101,24.659
1069,24.151,24.705
1070,24.085,24.608
1071,24.123,24.670
1072,24.206,24.767
1073,24.125,24.677
1074,24.109,24.654
1075,24.080,24.619
1076,24.145,24.695
1077,24.223,24.779
1078,24.144,24.685
1079,24.165,24.719
1080,24.138,24.692
1081,24.066,24.604
1082,24.197,24.761
1083,24.107,24.657
1084,24.262,24.836
1085,24.395,24.998
1086,24.008,24.543
1087,24.334,24.926
1088,24.287,24.861
1089,24.135,24.682
1090,24.131,24.694
1091,24.099,24.647
1092,24.028,24.556
1093,24.128,24.675
1094,24.074,24.609
1095,24.088,24.624
1096,24.025,24.554
1097,24.079,24.618
1098,24.045,24.581
1099,24.016,24.557
1100,24.018,24.546
1101,24.039,24.577
1102,23.996,24.515
1103,24.044,24.569
1104,23.976,24.500
1105,24.008,24.548
1106,23.999,24.525
1107,24.010,24.551
1108,24.148,24.706
1109,24.081,24.618
1110,24.170,24.731
1111,24.157,24.715
1112,23.940,24.463
1113,23.947,24.473
1114,24.165,24.718
1115,24.475,25.072
1116,24.547,25.169
1117,24.368,24.956
1118,24.107,24.650
1119,24.169,24.714
1120,24.067,24.612
1121,24.236,24.802
1122,24.197,24.750
1123,24.111,24.667
1124,24.057,24.608
1125,24.094,24.647
1126,24.099,24.648
1127,24.085,24.627
1128,24.100,24.648
1129,23.977,24.502
1130,24.039,24.576
1131,24.057,24.597
1132,24.032,24.579
1133,23.986,24.515
1134,24.089,24.634
1135,24.154,24.711
1136,24.125,24.670
1137,24.085,24.638
1138,24.116,24.671
1139,24.046,24.580
1140,24.038,24.579
1141,24.119,24.677
1142,24.077,24.628
1143,24.094,24.646
1144,24.015,24.547
1145,24.061,24.606
1146,24.067,24.610
1147,24.106,24.665
1148,24.029,24.555
1149,23.995,24.523
1150,24.023,24.555
1151,23.917,24.435
1152,23.965,24.497
1153,24.054,24.589
1154,23.777,24.278
1155,23.742,24.243
1156,24.176,24.746
1157,24.092,24.643
1158,24.432,25.034
1159,24.051,24.589
1160,24.202,24.756
1161,23.976,24.493
1162,23.983,24.499
1163,23.928,24.434
1164,24.018,24.536
1165,24.208,24.747
1166,24.222,24.770
1167,24.059,24.574
1168,24.099,24.627
1169,24.103,24.630
1170,24.192,24.724
1171,24.203,24.735
1172,24.032,24.532
1173,24.118,24.639
1174,24.126,24.645
1175,24.196,24.735
1176,24.153,24.684
1177,24.133,24.667
1178,24.118,24.663
1179,24.149,24.699
1180,24.211,24.762
1181,24.219,24.772
1182,24.248,24.800
1183,24.137,24.679
1184,24.098,24.632
1185,24.052,24.582
1186,24.110,24.648
1187,24.040,24.567
1188,24.174,24.714
1189,24.113,24.657
1190,24.104,24.639
1191,24.035,24.535
1192,24.119,24.644
1193,24.157,24.683
1194,24.134,24.665
1195,24.182,24.718
1196,24.313,24.874
1197,24.152,24.693
1198,24.315,24.860
1199,24.375,24.946
1200,24.248,24.808
1201,24.137,24.665
1202,24.154,24.699
1203,24.063,24.602
1204,24.457,25.047
1205,24.191,24.748
1206,24.099,24.641
1207,24.013,24.542
1208,23.998,24.523
1209,24.033,24.573
1210,24.031,24.564
1211,24.095,24.629
1212,24.065,24.581
1213,24.185,24.738
1214,24.108,24.646
1215,24.049,24.566
1216,24.108,24.644
1217,24.209,24.751
1218,24.293,24.846
1219,24.219,24.748
1220,24.248,24.790
1221,24.293,24.859
1222,24.372,24.943
1223,24.343,24.905
1224,24.300,24.854
1225,24.372,24.944
1226,24.294,24.849
1227,24.389,24.960
1228,24.418,24.993
1229,24.609,25.211
1230,24.540,25.129
1231,24.561,25.138
1232,24.394,24.946
1233,24.451,25.005
1234,24.291,24.842
1235,24.699,25.314
1236,24.542,25.139
1237,24.393,24.955
1238,24.439,24.998
1239,24.373,24.920
1240,24.446,25.007
1241,24.388,24.949
1242,24.452,25.014
1243,24.735,25.343
1244,24.489,25.065
1245,24.406,24.976
1246,24.139,24.656
1247,24.388,24.947
1248,24.339,24.888
1249,24.319,24.862
1250,24.357,24.910
1251,24.146,24.669
1252,24.281,24.824
1253,24.568,25.160
1254,24.561,25.152
1255,24.332,24.873
1256,24.433,24.994
1257,24.255,24.801
1258,24.293,24.843
1259,24.181,24.716
1260,24.150,24.683
1261,24.222,24.762
1262,24.269,24.807
1263,24.319,24.872
1264,24.121,24.646
1265,23.895,24.378
1266,23.996,24.512
1267,23.995,24.513
1268,24.024,24.550
1269,23.997,24.509
1270,24.015,24.530
1271,23.998,24.517
1272,23.965,24.491
1273,24.015,24.552
1274,23.835,24.324
1275,24.009,24.533
1276,24.226,24.785
1277,23.945,24.472
1278,23.890,24.403
1279,24.061,24.596
1280,23.993,24.529
1281,24.042,24.581
1282,23.947,24.478
1283,24.051,24.590
1284,23.903,24.422
1285,24.113,24.668
1286,24.254,24.834
1287,24.599,25.239
1288,23.946,24.473
1289,24.196,24.761
1290,23.962,24.494
1291,23.935,24.459
1292,23.951,24.479
1293,23.889,24.402
1294,23.915,24.447
1295,23.923,24.451
1296,23.925,24.458
1297,23.929,24.461
1298,23.898,24.421
1299,23.835,24.352
1300,24.112,24.665
1301,23.919,24.438
1302,23.882,24.414
1303,23.869,24.396
1304,23.938,24.465
1305,23.868,24.383
1306,24.056,24.601
1307,23.877,24.402
1308,23.938,24.465
1309,23.835,24.345
1310,23.900,24.420
1311,23.810,24.311
1312,23.859,24.360
1313,23.743,24.228
1314,23.800,24.301
1315,23.787,24.286
1316,23.787,24.294
1317,23.694,24.179
1318,23.699,24.202
1319,23.742,24.246
1320,23.698,24.204
1321,23.684,24.186
1322,23.738,24.238
1323,23.733,24.226
1324,23.760,24.257
1325,23.731,24.236
1326,23.727,24.227
1327,23.733,24.232
1328,23.705,24.209
1329,23.727,24.230
1330,23.719,24.222
1331,23.728,24.239
1332,23.698,24.200
1333,23.666,24.166
1334,23.658,24.149
1335,23.693,24.197
1336,23.677,24.171
1337,23.642,24.139
1338,23.704,24.192
1339,23.661,24.152
1340,23.661,24.152
1341,23.655,24.149
1342,23.632,24.116
1343,23.610,24.094
1344,23.633,24.128
1345,23.621,24.121
1346,23.580,24.062
1347,23.578,24.078
1348,23.590,24.085
1349,23.616,24.107
1350,23.558,24.049
1351,23.516,24.006
1352,23.508,23.986
1353,23.510,23.987
1354,23.536,24.019
1355,23.460,23.928
1356,23.440,23.906
1357,23.422,23.887
1358,23.424,23.895
1359,23.399,23.855
1360,23.505,23.976
1361,23.517,23.985
1362,23.569,24.039
1363,23.618,24.082
1364,23.641,24.109
1365,23.716,24.200
1366,23.733,24.208
1367,23.822,24.312
1368,23.838,24.324
1369,23.889,24.379
1370,23.892,24.386
1371,23.904,24.411
1372,23.867,24.349
1373,23.887,24.387
1374,23.905,24.414
1375,23.924,24.429
1376,23.899,24.418
1377,24.080,24.624
1378,24.052,24.598
1379,23.860,24.383
1380,23.844,24.348
1381,23.834,24.348
1382,23.836,24.351
1383,23.796,24.309
1384,23.777,24.284
1385,23.786,24.304
1386,23.808,24.327
1387,23.889,24.418
1388,24.489,25.099
1389,24.774,25.447
1390,24.169,24.732
1391,24.158,24.719
1392,24.151,24.701
1393,24.152,24.705
1394,24.139,24.700
1395,24.069,24.611
1396,24.070,24.612
1397,24.066,24.614
1398,24.160,24.735
1399,24.166,24.738
1400,24.102,24.649
1401,24.033,24.589
1402,24.031,24.588
1403,24.060,24.614
1404,24.036,24.587
1405,24.034,24.574
1406,24.026,24.559
1407,24.093,24.641
1408,24.112,24.664
1409,24.069,24.600
1410,24.080,24.618
1411,24.020,24.543
1412,24.090,24.628
1413,24.055,24.581
1414,24.080,24.626
1415,24.006,24.535
1416,24.079,24.626
1417,24.060,24.615
1418,23.965,24.498
1419,24.083,24.646
1420,24.031,24.580
1421,23.970,24.517
1422,23.976,24.509
1423,23.966,24.492
1424,23.963,24.491
1425,24.020,24.560
1426,23.992,24.526
1427,23.975,24.507
1428,23.942,24.478
1429,23.976,24.506
1430,23.986,24.534
1431,24.013,24.566
1432,23.981,24.521
1433,24.116,24.689
1434,23.994,24.541
1435,24.051,24.599
1436,23.999,24.533
1437,24.011,24.548
1438,23.970,24.511
1439,24.065,24.629
1440,23.931,24.469
1441,23.956,24.496
1442,23.932,24.464
1443,23.941,24.461
1444,23.918,24.453
1445,23.912,24.431
1446,23.910,24.425
1447,23.875,24.399
1448,23.902,24.425
1449,23.895,24.418
1450,23.901,24.420
1451,23.903,24.422
1452,23.905,24.421
1453,23.920,24.440
1454,23.906,24.432
1455,23.871,24.395
1456,23.882,24.410
1457,23.866,24.381
1458,23.841,24.352
1459,23.836,24.347
1460,23.797,24.304
1461,23.809,24.311
1462,23.812,24.321
1463,23.796,24.304
1464,23.815,24.309
1465,23.795,24.292
1466,23.768,24.257
1467,23.762,24.240
1468,23.754,24.238
1469,23.740,24.228
1470,23.757,24.244
1471,23.781,24.265
1472,23.738,24.213
1473,23.719,24.206
1474,23.736,24.224
1475,23.710,24.200
1476,23.698,24.186
1477,23.708,24.195
1478,23.690,24.163
1479,23.682,24.167
1480,23.656,24.135
1481,23.671,24.158
1482,23.668,24.154
1483,23.623,24.097
1484,23.638,24.116
1485,23.618,24.094
1486,23.589,24.060
1487,23.601,24.077
1488,23.612,24.087
1489,23.587,24.055
1490,23.581,24.057
1491,23.596,24.072
1492,23.583,24.063
1493,23.576,24.044
1494,23.630,24.115
1495,23.587,24.051
1496,23.569,24.032
1497,23.581,24.051
1498,23.571,24.047
1499,23.538,24.007
1500,23.532,23.997
1501,23.541,24.014
1502,23.528,23.990
1503,23.535,24.008
1504,23.564,24.038
1505,23.574,24.060
1506,23.546,24.028
1507,23.582,24.067
1508,23.567,24.056
1509,23.565,24.056
1510,23.589,24.085
1511,23.561,24.050
1512,23.565,24.055
1513,23.555,24.056
1514,23.500,23.982
1515,23.458,23.956
1516,23.440,23.920
1517,23.456,23.943
1518,23.454,23.934
1519,23.411,23.894
1520,23.446,23.928
1521,23.449,23.929
1522,23.432,23.917
1523,23.457,23.940
1524,23.481,23.972
1525,23.466,23.952
1526,23.446,23.938
1527,23.454,23.945
1528,23.464,23.950
1529,23.492,23.968
1530,23.478,23.959
1531,23.466,23.948
1532,23.452,23.928
1533,23.486,23.981
1534,23.484,23.974
1535,23.472,23.963
1536,23.480,23.965
1537,23.489,23.978
1538,23.466,23.949
1539,23.488,23.976
1540,23.497,23.986
1541,23.487,23.978
1542,23.465,23.951
1543,23.489,23.981
1544,23.505,23.988
1545,23.487,23.968
1546,23.436,23.925
1547,23.469,23.961
1548,23.439,23.922
1549,23.455,23.943
1550,23.448,23.935
1551,23.437,23.916
1552,23.477,23.967
1553,23.517,24.005
1554,23.505,23.989
1555,23.540,24.030
1556,23.532,24.034
1557,23.541,24.042
1558,23.550,24.058
1559,23.522,24.012
1560,23.539,24.024
1561,23.529,24.028
1562,23.498,23.991
1563,23.517,24.016
1564,23.519,24.014
1565,23.542,24.045
1566,23.513,24.009
1567,23.548,24.057
1568,23.498,23.983
1569,23.567,24.072
1570,23.544,24.038
1571,23.540,24.036
1572,23.610,24.121
1573,23.589,24.096
1574,23.601,24.098
1575,23.649,24.161
1576,23.658,24.166
1577,23.654,24.171
1578,23.617,24.134
1579,23.614,24.130
1580,23.671,24.187
1581,23.618,24.131
1582,23.641,24.157
1583,23.700,24.229
1584,23.647,24.158
1585,23.658,24.175
1586,23.712,24.243
1587,23.683,24.200
1588,23.668,24.190
1589,23.687,24.210
1590,23.686,24.207
1591,23.672,24.193
1592,23.648,24.159
1593,23.682,24.205
1594,23.643,24.154
1595,23.676,24.182
1596,23.710,24.234
1597,23.695,24.216
1598,23.696,24.217
1599,23.737,24.275
1600,23.718,24.241
1601,23.733,24.261
1602,23.764,24.283
1603,23.757,24.282
1604,23.745,24.273
1605,23.752,24.275
1606,23.808,24.344
1607,23.780,24.303
1608,23.761,24.288
1609,23.807,24.334
1610,23.808,24.340
1611,23.764,24.291
1612,23.762,24.285
1613,23.730,24.246
1614,23.772,24.295
1615,23.743,24.246
1616,23.747,24.266
1617,23.724,24.235
1618,23.751,24.264
1619,23.783,24.316
1620,23.719,24.243
1621,23.734,24.261
1622,23.773,24.322
1623,23.737,24.261
1624,23.730,24.257
1625,23.755,24.291
1626,23.694,24.211
1627,23.705,24.227
1628,23.691,24.207
1629,23.719,24.240
1630,23.682,24.196
1631,23.675,24.190
1632,23.739,24.262
1633,23.674,24.194
1634,23.717,24.224
1635,23.695,24.212
1636,23.659,24.170
1637,23.681,24.204
1638,23.679,24.201
1639,23.711,24.240
1640,23.619,24.122
1641,23.663,24.175
1642,23.599,24.100
1643,23.621,24.126
1644,23.646,24.158
1645,23.657,24.171
1646,23.570,24.076
1647,23.590,24.096
1648,23.604,24.106
1649,23.547,24.046
1650,23.533,24.035
1651,23.531,24.036
1652,23.473,23.952
1653,23.488,23.971
1654,23.475,23.963
1655,23.486,23.976
1656,23.450,23.939
1657,23.433,23.914
1658,23.384,23.852
1659,23.387,23.858
1660,23.425,23.911
1661,23.400,23.876
1662,23.380,23.852
1663,23.349,23.823
1664,23.356,23.829
1665,23.277,23.741
1666,23.290,23.759
1667,23.331,23.805
1668,23.375,23.848
1669,23.356,23.820
1670,23.285,23.743
1671,23.312,23.771
1672,23.337,23.802
1673,23.316,23.778
1674,23.355,23.821
1675,23.377,23.847
1676,23.369,23.838
1677,23.323,23.779
1678,23.342,23.799
1679,23.337,23.805
1680,23.290,23.744
1681,23.308,23.762
1682,23.348,23.803
1683,23.283,23.730
1684,23.271,23.714
1685,23.281,23.726
1686,23.304,23.749
1687,23.260,23.703
1688,23.245,23.682
1689,23.207,23.638
1690,23.213,23.653
1691,23.226,23.664
1692,23.235,23.678
1693,23.247,23.692
1694,23.199,23.630
1695,23.211,23.643
1696,23.237,23.675
1697,23.244,23.687
1698,23.252,23.688
1699,23.233,23.671
1700,23.245,23.696
1701,23.264,23.711
1702,23.259,23.704
1703,23.270,23.723
1704,23.240,23.678
1705,23.245,23.689
1706,23.266,23.717
1707,23.289,23.743
1708,23.274,23.717
1709,23.280,23.740
1710,23.309,23.764
1711,23.317,23.777
1712,23.274,23.724
1713,23.329,23.782
1714,23.339,23.799
1715,23.314,23.758
1716,23.292,23.733
1717,23.319,23.766
1718,23.299,23.731
1719,23.307,23.750
1720,23.331,23.774
1721,23.332,23.774
1722,23.313,23.757
1723,23.332,23.780
1724,23.359,23.805
1725,23.378,23.834
1726,23.378,23.822
1727,23.417,23.875
1728,23.407,23.862
1729,23.316,23.759
1730,23.341,23.794
1731,23.306,23.750
1732,23.276,23.715
1733,23.276,23.716
1734,23.276,23.710
1735,23.259,23.690
1736,23.304,23.750
1737,23.274,23.714
1738,23.270,23.715
1739,23.256,23.692
1740,23.275,23.716
1741,23.274,23.712
1742,23.241,23.671
1743,23.253,23.696
1744,23.257,23.707
1745,23.267,23.731
1746,23.284,23.745
1747,23.310,23.775
1748,23.324,23.786
1749,23.319,23.789
1750,23.308,23.770
1751,23.278,23.734
1752,23.284,23.740
1753,23.260,23.715
1754,23.253,23.704
1755,23.223,23.667
1756,23.208,23.660
1757,23.238,23.683
1758,23.234,23.673
1759,23.206,23.641
1760,23.228,23.666
1761,23.238,23.690
1762,23.259,23.720
1763,23.290,23.751
1764,23.232,23.696
1765,23.218,23.655
1766,23.259,23.707
1767,23.232,23.682
1768,23.213,23.669
1769,23.220,23.672
1770,23.233,23.686
1771,23.211,23.667
1772,23.214,23.652
1773,23.228,23.674
1774,23.243,23.684
1775,23.223,23.674
1776,23.240,23.696
1777,23.250,23.701
1778,23.231,23.687
1779,23.229,23.679
1780,23.219,23.676
1781,23.205,23.663
1782,23.209,23.658
1783,23.230,23.682
1784,23.238,23.700
1785,23.249,23.713
1786,23.252,23.716
1787,23.266,23.733
1788,23.243,23.707
1789,23.249,23.715
1790,23.262,23.732
1791,23.242,23.708
1792,23.238,23.706
1793,23.192,23.651
1794,23.171,23.625
1795,23.168,23.628
1796,23.188,23.647
1797,23.219,23.685
1798,23.215,23.675
1799,23.256,23.715
1800,23.248,23.708
1801,23.286,23.757
1802,23.297,23.774
1803,23.249,23.718
1804,23.223,23.685
1805,23.217,23.673
1806,23.245,23.705
1807,23.214,23.668
1808,23.204,23.659
1809,23.218,23.679
1810,23.231,23.693
1811,23.208,23.661
1812,23.213,23.666
1813,23.227,23.690
1814,23.224,23.676
1815,23.210,23.669
1816,23.232,23.695
1817,23.250,23.707
1818,23.224,23.681
1819,23.205,23.658
1820,23.204,23.649
1821,23.217,23.669
1822,23.188,23.641
1823,23.171,23.629
1824,23.177,23.623
1825,23.190,23.637
1826,23.184,23.636
1827,23.160,23.616
1828,23.164,23.612
1829,23.141,23.594
1830,23.152,23.604
1831,23.137,23.581
1832,23.170,23.624
1833,23.145,23.591
1834,23.151,23.604
1835,23.138,23.583
1836,23.187,23.655
1837,23.142,23.594
1838,23.173,23.628
1839,23.193,23.658
1840,23.245,23.706
1841,23.199,23.646
1842,23.215,23.674
1843,23.228,23.700
1844,23.239,23.700
1845,23.295,23.758
1846,23.270,23.734
1847,23.188,23.647
1848,23.201,23.651
1849,23.229,23.698
1850,23.192,23.652
1851,23.213,23.672
1852,23.212,23.661
1853,23.205,23.665
1854,23.205,23.663
1855,23.191,23.634
1856,23.237,23.690
1857,23.185,23.643
1858,23.248,23.710
1859,23.203,23.652
1860,23.274,23.725
1861,23.282,23.734
1862,23.311,23.770
1863,23.319,23.770
1864,23.285,23.734
