0,17.895,18.366
1,17.882,18.348
2,17.886,18.363
3,17.870,18.333
4,17.876,18.336
5,17.904,18.376
6,17.907,18.376
7,17.893,18.364
8,17.899,18.365
9,17.897,18.367
10,17.900,18.368
11,17.895,18.353
12,17.886,18.358
13,17.870,18.342
14,17.855,18.306
15,17.850,18.307
16,17.846,18.308
17,17.862,18.327
18,17.863,18.333
19,17.855,18.324
20,17.841,18.301
21,17.862,18.327
22,17.850,18.311
23,17.856,18.323
24,17.861,18.324
25,17.874,18.344
26,17.852,18.317
27,17.871,18.340
28,17.863,18.328
29,17.865,18.336
30,17.877,18.348
31,17.874,18.331
32,17.861,18.317
33,17.868,18.331
34,17.844,18.319
35,17.834,18.295
36,17.825,18.293
37,17.839,18.309
38,17.825,18.292
39,17.816,18.273
40,17.811,18.268
41,17.821,18.275
42,17.837,18.306
43,17.827,18.305
44,17.829,18.297
45,17.808,18.279
46,17.817,18.283
47,17.807,18.270
48,17.798,18.263
49,17.816,18.279
50,17.837,18.300
51,17.811,18.275
52,17.832,18.303
53,17.826,18.293
54,17.847,18.310
55,17.848,18.305
56,17.856,18.314
57,17.856,18.322
58,17.849,18.312
59,17.865,18.333
60,17.878,18.340
61,17.882,18.338
62,17.882,18.353
63,17.877,18.338
64,17.870,18.341
65,17.930,18.421
66,17.878,18.354
67,17.877,18.354
68,17.890,18.373
69,17.888,18.371
70,17.880,18.362
71,17.889,18.368
72,17.874,18.357
73,17.892,18.379
74,17.894,18.373
75,17.871,18.347
76,17.861,18.332
77,17.873,18.347
78,17.878,18.353
79,17.832,18.301
80,17.848,18.323
81,17.835,18.308
82,17.819,18.280
83,17.807,18.266
84,17.792,18.260
85,17.788,18.256
86,17.789,18.266
87,17.793,18.260
88,17.771,18.247
89,17.776,18.229
90,17.767,18.222
91,17.771,18.240
92,17.776,18.246
93,17.800,18.265
94,17.797,18.257
95,17.794,18.261
96,17.816,18.286
97,17.802,18.260
98,17.794,18.260
99,17.832,18.299
100,17.825,18.282
101,17.816,18.270
102,17.820,18.276
103,17.846,18.305
104,17.845,18.315
105,17.859,18.328
106,17.875,18.347
107,17.857,18.313
108,17.850,18.315
109,17.859,18.317
110,17.828,18.302
111,17.841,18.302
112,17.849,18.324
113,17.858,18.332
114,17.847,18.300
115,17.844,18.306
116,17.833,18.285
117,17.830,18.290
118,17.840,18.315
119,17.811,18.266
120,17.842,18.301
121,17.832,18.290
122,17.832,18.285
123,17.850,18.317
124,17.858,18.320
125,17.836,18.298
126,17.843,18.305
127,17.871,18.328
128,17.847,18.307
129,17.852,18.311
130,17.874,18.335
131,17.860,18.327
132,17.868,18.333
133,17.853,18.316
134,17.872,18.335
135,17.883,18.346
136,17.881,18.337
137,17.887,18.354
138,17.869,18.337
139,17.884,18.347
140,17.875,18.344
141,17.889,18.356
142,17.907,18.373
143,17.895,18.365
144,17.891,18.360
145,17.872,18.333
146,17.887,18.361
147,17.874,18.341
148,17.874,18.336
149,17.870,18.330
150,17.856,18.328
151,17.870,18.334
152,17.857,18.325
153,17.856,18.327
154,17.855,18.321
155,17.861,18.321
156,17.842,18.302
157,17.853,18.320
158,17.851,18.318
159,17.859,18.322
160,17.855,18.330
161,17.887,18.357
162,17.877,18.347
163,17.885,18.353
164,17.878,18.355
165,17.882,18.346
166,17.886,18.352
167,17.890,18.354
168,17.895,18.370
169,17.875,18.339
170,17.894,18.355
171,17.911,18.374
172,17.884,18.343
173,17.874,18.331
174,17.878,18.344
175,17.862,18.329
176,17.841,18.309
177,17.841,18.307
178,17.850,18.315
179,17.857,18.319
180,17.875,18.341
181,17.843,18.304
182,17.847,18.312
183,17.855,18.320
184,17.865,18.333
185,17.865,18.334
186,17.863,18.332
187,17.842,18.302
188,17.842,18.301
189,17.871,18.335
190,17.875,18.341
191,17.884,18.350
192,17.913,18.382
193,17.895,18.367
194,17.906,18.362
195,17.891,18.355
196,17.905,18.364
197,17.891,18.360
198,17.915,18.391
199,17.905,18.363
200,17.883,18.348
201,17.910,18.379
202,17.926,18.398
203,17.898,18.372
204,17.915,18.386
205,17.908,18.379
206,17.882,18.347
207,17.885,18.355
208,17.877,18.339
209,17.891,18.364
210,17.885,18.365
211,17.910,18.375
212,17.917,18.384
213,17.920,18.394
214,17.921,18.390
215,17.942,18.415
216,17.923,18.397
217,17.918,18.393
218,17.906,18.375
219,17.897,18.370
220,17.906,18.376
221,17.900,18.355
222,17.889,18.353
223,17.897,18.366
224,17.905,18.375
225,17.896,18.360
226,17.872,18.340
227,17.878,18.344
228,17.853,18.310
229,17.833,18.298
230,17.841,18.303
231,17.807,18.273
232,17.796,18.260
233,17.786,18.257
234,17.773,18.247
235,17.771,18.231
236,17.782,18.242
237,17.789,18.256
238,17.787,18.248
239,17.843,18.315
240,17.833,18.306
241,17.855,18.318
242,17.842,18.297
243,17.846,18.318
244,17.859,18.330
245,17.856,18.328
246,17.869,18.341
247,17.864,18.336
248,17.864,18.338
249,17.837,18.301
250,17.807,18.270
251,17.804,18.271
252,17.790,18.258
253,17.789,18.257
254,17.818,18.291
255,17.799,18.272
256,17.800,18.274
257,17.819,18.295
258,17.827,18.297
259,17.812,18.281
260,17.826,18.303
261,17.864,18.338
262,17.850,18.332
263,17.851,18.326
264,17.876,18.354
265,17.871,18.345
266,17.850,18.322
267,17.864,18.334
268,17.869,18.340
269,17.849,18.325
270,17.872,18.349
271,17.871,18.337
272,17.871,18.335
273,17.875,18.344
274,17.879,18.355
275,17.858,18.330
276,17.872,18.338
277,17.878,18.351
278,17.853,18.322
279,17.844,18.311
280,17.851,18.325
281,17.833,18.296
282,17.820,18.287
283,17.827,18.293
284,17.811,18.276
285,17.808,18.268
286,17.833,18.298
287,17.841,18.313
288,17.821,18.292
289,17.833,18.303
290,17.812,18.284
291,17.816,18.285
292,17.814,18.277
293,17.792,18.256
294,17.805,18.267
295,17.806,18.267
296,17.797,18.277
297,17.834,18.304
298,17.826,18.290
299,17.843,18.309
300,17.847,18.318
301,17.858,18.319
302,17.855,18.326
303,17.858,18.327
304,17.854,18.319
305,17.882,18.344
306,17.871,18.336
307,17.879,18.340
308,17.884,18.350
309,17.901,18.375
310,17.880,18.361
311,17.876,18.349
312,17.861,18.341
313,17.862,18.345
314,17.876,18.351
315,17.868,18.346
316,17.865,18.342
317,17.888,18.363
318,17.888,18.364
319,17.887,18.360
320,17.903,18.385
321,17.880,18.357
322,17.866,18.334
323,17.886,18.359
324,17.889,18.367
325,17.887,18.366
326,17.871,18.337
327,17.891,18.372
328,17.884,18.363
329,17.878,18.346
330,17.868,18.333
331,17.876,18.334
332,17.859,18.332
333,17.896,18.362
334,17.873,18.344
335,17.861,18.331
336,17.866,18.325
337,17.845,18.323
338,17.845,18.319
339,17.835,18.307
340,17.832,18.299
341,17.828,18.298
342,17.816,18.299
343,17.823,18.288
344,17.795,18.262
345,17.797,18.273
346,17.774,18.240
347,17.780,18.251
348,17.791,18.260
349,17.801,18.274
350,17.813,18.281
351,17.816,18.285
352,17.817,18.280
353,17.837,18.303
354,17.865,18.340
355,17.877,18.354
356,17.881,18.361
357,17.899,18.380
358,17.893,18.372
359,17.884,18.357
360,17.899,18.371
361,17.894,18.369
362,17.915,18.390
363,17.870,18.344
364,17.880,18.359
365,17.869,18.338
366,17.862,18.322
367,17.878,18.346
368,17.892,18.364
369,17.879,18.359
370,17.886,18.365
371,17.882,18.344
372,17.881,18.350
373,17.886,18.367
374,17.894,18.361
375,17.897,18.376
376,17.893,18.367
377,17.898,18.371
378,17.871,18.335
379,17.874,18.337
380,17.891,18.369
381,17.878,18.346
382,17.874,18.350
383,17.879,18.349
384,17.844,18.310
385,17.845,18.311
386,17.858,18.332
387,17.875,18.355
388,17.845,18.316
389,17.833,18.301
390,17.824,18.299
391,17.838,18.301
392,17.846,18.312
393,17.850,18.326
394,17.844,18.315
395,17.850,18.318
396,17.880,18.351
397,17.890,18.365
398,17.901,18.374
399,17.909,18.378
400,17.912,18.380
401,17.923,18.388
402,17.927,18.389
403,17.928,18.393
404,17.927,18.390
405,17.938,18.397
406,17.951,18.428
407,17.925,18.401
408,17.950,18.422
409,17.960,18.431
410,17.934,18.402
411,17.942,18.408
412,17.936,18.394
413,17.921,18.396
414,17.933,18.394
415,17.928,18.385
416,17.918,18.387
417,17.928,18.395
418,17.925,18.404
419,17.922,18.400
420,17.919,18.378
421,17.927,18.394
422,17.947,18.426
423,17.955,18.428
424,17.981,18.454
425,17.965,18.435
426,17.957,18.417
427,17.964,18.429
428,17.967,18.429
429,17.950,18.421
430,17.970,18.427
431,17.968,18.442
432,17.952,18.418
433,17.975,18.431
434,17.972,18.439
435,17.976,18.449
436,17.989,18.457
437,17.968,18.446
438,17.967,18.430
439,17.943,18.403
440,17.954,18.424
441,17.942,18.413
442,17.927,18.389
443,17.910,18.372
444,17.905,18.365
445,17.899,18.363
446,17.905,18.368
447,17.903,18.371
448,17.885,18.356
449,17.890,18.352
450,17.937,18.401
451,17.926,18.398
452,17.925,18.396
453,17.922,18.398
454,17.917,18.376
455,17.937,18.409
456,17.923,18.382
457,17.914,18.382
458,17.945,18.408
459,17.944,18.415
460,17.929,18.396
461,17.952,18.428
462,17.945,18.416
463,17.964,18.438
464,17.985,18.464
465,17.981,18.446
466,17.974,18.436
467,17.982,18.450
468,18.000,18.472
469,17.993,18.462
470,17.988,18.458
471,17.990,18.459
472,17.985,18.449
473,17.987,18.452
474,17.996,18.462
475,17.982,18.459
476,17.971,18.445
477,17.976,18.435
478,17.983,18.447
479,17.978,18.450
480,17.964,18.424
481,17.963,18.431
482,17.927,18.385
483,17.925,18.381
484,17.937,18.400
485,17.916,18.377
486,17.917,18.392
487,17.930,18.387
488,17.917,18.378
489,17.930,18.403
490,17.940,18.419
491,17.961,18.437
492,17.963,18.432
493,17.970,18.443
494,17.961,18.437
495,17.970,18.437
496,17.990,18.460
497,17.976,18.451
498,17.978,18.451
499,17.974,18.432
500,17.973,18.433
501,17.965,18.427
502,17.954,18.414
503,17.942,18.416
504,17.947,18.416
505,17.959,18.416
506,17.943,18.414
507,17.945,18.410
508,17.951,18.418
509,17.952,18.419
510,17.950,18.417
511,17.952,18.421
512,17.958,18.432
513,17.948,18.419
514,17.948,18.423
515,17.964,18.433
516,17.962,18.429
517,17.976,18.443
518,17.972,18.436
519,17.981,18.445
520,17.975,18.445
521,17.976,18.453
522,17.993,18.469
523,17.975,18.442
524,17.958,18.427
525,17.984,18.460
526,17.990,18.465
527,17.963,18.441
528,17.968,18.435
529,17.949,18.415
530,17.969,18.442
531,17.997,18.470
532,17.983,18.462
533,17.980,18.444
534,17.995,18.471
535,17.991,18.463
536,17.981,18.455
537,17.984,18.457
538,17.989,18.457
539,17.981,18.457
540,17.994,18.457
541,17.993,18.469
542,17.995,18.471
543,17.998,18.477
544,17.994,18.472
545,17.985,18.452
546,17.990,18.458
547,18.001,18.473
548,18.003,18.483
549,18.011,18.483
550,17.994,18.471
551,17.995,18.473
552,17.974,18.450
553,17.986,18.465
554,17.972,18.437
555,17.963,18.430
556,17.961,18.425
557,17.997,18.466
558,17.974,18.439
559,17.980,18.445
560,17.974,18.431
561,17.969,18.434
562,17.966,18.430
563,17.983,18.446
564,17.964,18.439
565,17.971,18.430
566,17.979,18.448
567,17.956,18.420
568,17.973,18.447
569,17.994,18.459
570,17.986,18.455
571,17.984,18.444
572,17.987,18.450
573,17.991,18.451
574,17.975,18.454
575,17.988,18.460
576,17.996,18.471
577,17.992,18.465
578,17.992,18.459
579,17.999,18.466
580,17.996,18.452
581,18.001,18.472
582,17.991,18.469
583,17.983,18.458
584,17.993,18.459
585,17.996,18.472
586,17.980,18.449
587,17.988,18.463
588,18.009,18.485
589,18.015,18.489
590,18.011,18.468
591,18.023,18.496
592,17.993,18.459
593,18.008,18.479
594,18.016,18.481
595,18.008,18.480
596,18.006,18.474
597,17.996,18.453
598,18.024,18.491
599,17.988,18.448
600,18.001,18.467
601,18.011,18.476
602,17.988,18.457
603,17.993,18.462
604,17.992,18.453
605,17.985,18.455
606,18.001,18.479
607,18.014,18.477
608,18.014,18.494
609,18.001,18.470
610,18.017,18.475
611,18.006,18.479
612,18.009,18.486
613,18.012,18.483
614,18.008,18.482
615,18.001,18.476
616,17.996,18.476
617,17.999,18.481
618,18.012,18.489
619,17.998,18.464
620,17.996,18.464
621,18.004,18.478
622,17.991,18.461
623,17.999,18.473
624,17.974,18.439
625,17.975,18.446
626,17.997,18.474
627,17.982,18.452
628,17.971,18.442
629,17.967,18.439
630,17.960,18.421
631,17.964,18.441
632,17.951,18.414
633,17.953,18.424
634,17.971,18.441
635,17.957,18.421
636,17.945,18.407
637,17.955,18.429
638,17.952,18.430
639,17.966,18.438
640,17.960,18.436
641,17.937,18.410
642,17.936,18.408
643,17.903,18.355
644,17.905,18.372
645,17.903,18.367
646,17.884,18.358
647,17.873,18.338
648,17.881,18.339
649,17.880,18.345
650,17.864,18.343
651,17.865,18.320
652,17.861,18.315
653,17.864,18.331
654,17.840,18.313
655,17.888,18.353
656,17.865,18.332
657,17.864,18.328
658,17.865,18.327
659,17.860,18.327
660,17.883,18.350
661,17.877,18.336
662,17.864,18.345
663,17.877,18.358
664,17.883,18.357
665,17.873,18.343
666,17.889,18.356
667,17.874,18.342
668,17.865,18.343
669,17.850,18.320
670,17.869,18.347
671,17.860,18.320
672,17.847,18.307
673,17.835,18.293
674,17.850,18.313
675,17.847,18.312
676,17.869,18.335
677,17.873,18.341
678,17.860,18.319
679,17.860,18.312
680,17.847,18.302
681,17.869,18.326
682,17.868,18.338
683,17.860,18.328
684,17.866,18.332
685,17.853,18.324
686,17.864,18.323
687,17.843,18.296
688,17.854,18.327
689,17.879,18.346
690,17.880,18.353
691,17.868,18.340
692,17.864,18.329
693,17.888,18.359
694,17.876,18.334
695,17.862,18.329
696,17.884,18.353
697,17.865,18.335
698,17.861,18.330
699,17.870,18.330
700,17.870,18.338
701,17.879,18.344
702,17.877,18.347
703,17.886,18.343
704,17.860,18.323
705,17.881,18.346
706,17.895,18.363
707,17.895,18.355
708,17.894,18.357
709,17.899,18.368
710,17.882,18.343
711,17.870,18.330
712,17.895,18.354
713,17.874,18.329
714,17.857,18.311
715,17.898,18.360
716,17.900,18.367
717,17.909,18.371
718,17.920,18.388
719,17.913,18.381
720,17.922,18.386
721,17.937,18.418
722,17.945,18.418
723,17.931,18.404
724,17.920,18.390
725,17.906,18.369
726,17.923,18.392
727,17.936,18.410
728,17.909,18.387
729,17.917,18.389
730,17.909,18.384
731,17.924,18.398
732,17.891,18.364
733,17.893,18.361
734,17.925,18.405
735,18.038,18.539
736,18.035,18.535
737,17.993,18.499
738,17.998,18.509
739,17.904,18.390
740,17.941,18.441
741,17.852,18.347
742,17.834,18.313
743,17.847,18.330
744,17.850,18.329
745,17.843,18.318
746,17.874,18.370
747,17.930,18.427
748,17.910,18.398
749,17.745,18.194
750,17.745,18.211
751,17.676,18.142
752,17.706,18.173
753,17.840,18.331
754,17.760,18.228
755,17.694,18.161
756,17.594,18.049
757,17.588,18.041
758,17.579,18.031
759,17.594,18.046
760,17.741,18.231
761,17.780,18.278
762,17.866,18.383
763,17.770,18.276
764,17.868,18.392
765,17.853,18.372
766,17.844,18.366
767,17.773,18.285
768,17.788,18.309
769,17.794,18.323
770,17.778,18.287
771,17.721,18.236
772,17.631,18.123
773,17.661,18.164
774,17.606,18.101
775,17.636,18.146
776,17.600,18.100
777,17.623,18.125
778,17.591,18.101
779,17.677,18.204
780,17.707,18.233
781,17.661,18.178
782,17.716,18.255
783,17.716,18.245
784,17.710,18.258
785,17.366,17.829
786,17.471,17.970
787,17.502,18.006
788,17.484,17.992
789,17.506,18.010
790,17.540,18.053
791,17.557,18.085
792,17.559,18.083
793,17.547,18.071
794,17.581,18.100
795,17.556,18.084
796,17.540,18.064
797,17.482,17.991
798,17.526,18.046
799,17.529,18.045
800,17.475,17.980
801,17.505,18.016
802,17.540,18.058
803,17.550,18.072
804,17.540,18.071
805,17.531,18.067
806,17.433,17.936
807,17.541,18.068
808,17.598,18.139
809,17.538,18.082
810,17.575,18.109
811,17.581,18.114
812,17.542,18.069
813,17.547,18.076
814,17.537,18.064
815,17.569,18.106
816,17.537,18.076
817,17.582,18.116
818,17.458,17.971
819,17.560,18.093
820,17.572,18.101
821,17.538,18.058
822,17.539,18.063
823,17.603,18.137
824,17.462,17.971
825,17.537,18.072
826,17.536,18.077
827,17.502,18.055
828,17.535,18.081
829,17.508,18.055
830,17.507,18.055
831,17.555,18.111
832,17.543,18.091
833,17.593,18.150
834,17.407,17.924
835,17.384,17.896
836,17.347,17.853
837,17.384,17.894
838,17.363,17.875
839,17.349,17.848
840,17.496,18.036
841,17.502,18.052
842,17.520,18.060
843,17.520,18.071
844,17.514,18.076
845,17.550,18.118
846,17.513,18.069
847,17.541,18.109
848,17.563,18.127
849,17.508,18.059
850,17.472,17.998
851,17.491,18.041
852,17.567,18.132
853,17.661,18.233
854,17.609,18.184
855,17.603,18.173
856,17.610,18.162
857,17.674,18.239
858,17.743,18.312
859,17.720,18.280
860,17.713,18.239
861,17.769,18.316
862,17.866,18.430
863,17.907,18.443
864,18.027,18.586
865,18.006,18.547
866,18.008,18.557
867,17.873,18.386
868,17.984,18.527
869,17.966,18.506
870,17.977,18.519
871,18.003,18.545
872,18.032,18.582
873,17.951,18.499
874,17.901,18.429
875,18.040,18.584
876,18.083,18.608
877,18.211,18.759
878,18.244,18.802
879,18.332,18.883
880,18.586,19.157
881,18.638,19.205
882,18.706,19.278
883,18.698,19.242
884,18.744,19.312
885,18.811,19.381
886,18.859,19.438
887,18.788,19.345
888,18.930,19.522
889,18.952,19.530
890,18.799,19.359
891,18.796,19.354
892,18.800,19.364
893,18.806,19.377
894,18.746,19.283
895,18.796,19.361
896,18.819,19.385
897,18.736,19.293
898,18.705,19.264
899,18.682,19.234
900,18.745,19.323
901,18.696,19.252
902,18.712,19.286
903,18.742,19.309
904,18.662,19.223
905,18.682,19.241
906,18.693,19.238
907,18.762,19.338
908,18.795,19.375
909,18.675,19.226
910,18.754,19.301
911,18.711,19.257
912,18.701,19.244
913,18.826,19.383
914,18.786,19.346
915,18.827,19.384
916,18.825,19.390
917,18.812,19.367
918,18.910,19.479
919,18.871,19.430
920,18.888,19.459
921,18.855,19.416
922,18.914,19.480
923,18.941,19.510
924,18.895,19.441
925,18.905,19.458
926,18.889,19.444
927,18.855,19.416
928,18.917,19.487
929,18.942,19.501
930,18.959,19.526
931,18.903,19.462
932,18.878,19.441
933,18.898,19.449
934,18.874,19.424
935,18.932,19.493
936,18.894,19.451
937,18.896,19.453
938,18.799,19.340
939,18.868,19.425
940,18.853,19.392
941,18.818,19.350
942,18.758,19.284
943,18.742,19.277
944,18.655,19.175
945,18.665,19.188
946,18.579,19.090
947,18.570,19.076
948,18.517,19.029
949,18.571,19.084
950,18.470,18.965
951,18.518,19.032
952,18.452,18.948
953,18.435,18.947
954,18.408,18.914
955,18.465,18.978
956,18.386,18.892
957,18.348,18.850
958,18.423,18.928
959,18.399,18.896
960,18.302,18.790
961,18.390,18.887
962,18.311,18.806
963,18.309,18.792
964,18.394,18.907
965,18.389,18.895
966,18.365,18.870
967,18.389,18.905
968,18.364,18.894
969,18.237,18.732
970,18.298,18.807
971,18.282,18.788
972,18.320,18.828
973,18.191,18.677
974,18.309,18.833
975,18.252,18.775
976,18.258,18.773
977,18.243,18.761
978,18.252,18.770
979,18.260,18.782
980,18.258,18.780
981,18.403,18.940
982,18.210,18.716
983,18.154,18.654
984,18.057,18.531
985,18.159,18.661
986,18.179,18.676
987,18.325,18.845
988,18.090,18.584
989,18.272,18.782
990,18.301,18.817
991,18.263,18.776
992,18.312,18.831
993,18.281,18.789
994,18.225,18.733
995,17.964,18.435
996,18.175,18.673
997,18.120,18.612
998,18.089,18.582
999,18.095,18.602
1000,18.068,18.561
1001,18.039,18.538
1002,18.055,18.560
1003,18.078,18.584
1004,18.015,18.489
1005,18.060,18.555
1006,18.113,18.604
1007,18.126,18.621
1008,18.167,18.667
1009,18.247,18.767
1010,18.029,18.509
1011,18.066,18.546
1012,18.368,18.886
1013,18.085,18.569
1014,18.053,18.531
1015,18.324,18.830
1016,18.259,18.776
1017,18.274,18.779
1018,18.243,18.763
1019,18.252,18.765
1020,18.294,18.804
1021,18.278,18.802
1022,18.289,18.811
1023,18.215,18.747
1024,18.202,18.721
1025,18.016,18.519
1026,18.098,18.618
1027,18.157,18.687
1028,18.165,18.699
1029,18.168,18.701
1030,18.657,19.248
1031,18.505,19.082
1032,18.172,18.694
1033,18.221,18.737
1034,18.271,18.786
1035,18.233,18.748
1036,18.309,18.828
1037,18.322,18.841
1038,18.337,18.861
1039,18.264,18.788
1040,18.286,18.803
1041,18.326,18.839
1042,18.179,18.664
1043,18.432,18.961
1044,18.378,18.907
1045,18.717,19.301
1046,18.476,19.028
1047,18.501,19.060
1048,18.466,19.018
1049,18.527,19.066
1050,18.482,18.998
1051,18.687,19.247
1052,18.523,19.056
1053,18.418,18.965
1054,18.355,18.902
1055,18.260,18.788
1056,18.144,18.666
1057,18.194,18.725
1058,18.161,18.694
1059,18.161,18.718
1060,18.222,18.755
1061,18.318,18.872
1062,18.483,19.046
1063,18.442,18.989
1064,18.268,18.789
1065,18.452,19.016
1066,18.360,18.898
1067,18.352,18.902
1068,18.322,18.880
1069,18.372,18.926
1070,18.302,18.825
1071,18.348,18.895
1072,18.429,18.990
1073,18.339,18.891
1074,18.338,18.883
1075,18.309,18.848
1076,18.345,18.895
1077,18.426,18.981
1078,18.345,18.885
1079,18.341,18.895
1080,18.315,18.870
1081,18.237,18.776
1082,18.372,18.935
1083,18.266,18.817
1084,18.427,19.002
1085,18.564,19.167
1086,18.133,18.667
1087,18.443,19.035
1088,18.363,18.937
1089,18.173,18.720
1090,18.142,18.705
1091,18.095,18.642
1092,17.986,18.515
1093,18.076,18.623
1094,18.021,18.556
1095,18.040,18.576
1096,17.957,18.485
1097,18.015,18.555
1098,17.992,18.528
1099,17.971,18.512
1100,17.960,18.488
1101,17.958,18.496
1102,17.916,18.435
1103,17.977,18.503
1104,17.908,18.432
1105,17.939,18.480
1106,17.930,18.455
1107,17.968,18.509
1108,18.134,18.691
1109,18.045,18.583
1110,18.170,18.731
1111,18.157,18.715
1112,17.956,18.480
1113,17.979,18.505
1114,18.201,18.754
1115,18.508,19.106
1116,18.569,19.191
1117,18.381,18.969
1118,18.112,18.655
1119,18.161,18.705
1120,18.051,18.595
1121,18.232,18.799
1122,18.170,18.723
1123,18.075,18.630
1124,18.037,18.589
1125,18.080,18.633
1126,18.066,18.615
1127,18.050,18.592
1128,18.075,18.622
1129,17.940,18.465
1130,17.998,18.535
1131,18.007,18.547
1132,18.007,18.554
1133,17.942,18.471
1134,18.030,18.575
1135,18.087,18.644
1136,18.048,18.592
1137,18.007,18.561
1138,18.051,18.606
1139,17.954,18.488
1140,17.939,18.480
1141,18.034,18.593
1142,17.999,18.550
1143,18.029,18.581
1144,17.951,18.483
1145,17.993,18.538
1146,18.032,18.574
1147,18.073,18.633
1148,18.004,18.530
1149,17.952,18.480
1150,17.978,18.509
1151,17.874,18.392
1152,17.925,18.457
1153,18.036,18.571
1154,17.797,18.299
1155,17.775,18.275
1156,18.250,18.820
1157,18.145,18.696
1158,18.495,19.096
1159,18.110,18.648
1160,18.269,18.823
1161,18.056,18.574
1162,18.079,18.595
1163,18.033,18.539
1164,18.138,18.657
1165,18.341,18.880
1166,18.367,18.914
1167,18.172,18.687
1168,18.233,18.761
1169,18.258,18.785
1170,18.365,18.897
1171,18.401,18.933
1172,18.237,18.737
1173,18.361,18.882
1174,18.385,18.904
1175,18.441,18.980
1176,18.434,18.964
1177,18.393,18.927
1178,18.379,18.925
1179,18.394,18.943
1180,18.452,19.003
1181,18.497,19.050
1182,18.498,19.049
1183,18.372,18.913
1184,18.321,18.855
1185,18.261,18.792
1186,18.314,18.852
1187,18.214,18.741
1188,18.337,18.877
1189,18.267,18.812
1190,18.250,18.785
1191,18.141,18.641
1192,18.197,18.722
1193,18.226,18.752
1194,18.162,18.692
1195,18.178,18.714
1196,18.259,18.821
1197,18.065,18.607
1198,18.214,18.759
1199,18.269,18.840
1200,18.153,18.713
1201,18.029,18.557
1202,18.060,18.604
1203,17.968,18.507
1204,18.393,18.983
1205,18.109,18.666
1206,18.035,18.578
1207,17.921,18.450
1208,17.911,18.436
1209,17.943,18.483
1210,17.911,18.444
1211,17.953,18.487
1212,17.920,18.437
1213,18.020,18.573
1214,17.932,18.470
1215,17.858,18.374
1216,17.920,18.456
1217,18.006,18.548
1218,18.115,18.668
1219,18.032,18.561
1220,18.066,18.608
1221,18.086,18.652
1222,18.153,18.724
1223,18.112,18.674
1224,18.062,18.616
1225,18.152,18.724
1226,18.076,18.631
1227,18.184,18.755
1228,18.240,18.815
1229,18.425,19.027
1230,18.363,18.952
1231,18.354,18.931
1232,18.270,18.822
1233,18.337,18.892
1234,18.191,18.742
1235,18.659,19.275
1236,18.491,19.088
1237,18.300,18.862
1238,18.294,18.853
1239,18.179,18.726
1240,18.226,18.787
1241,18.175,18.736
1242,18.226,18.788
1243,18.517,19.125
1244,18.270,18.846
1245,18.193,18.763
1246,17.887,18.405
1247,18.148,18.707
1248,18.087,18.636
1249,18.057,18.600
1250,18.246,18.798
1251,18.105,18.628
1252,18.286,18.829
1253,18.595,19.187
1254,18.595,19.186
1255,18.379,18.920
1256,18.454,19.015
1257,18.310,18.856
1258,18.431,18.981
1259,18.390,18.925
1260,18.404,18.937
1261,18.517,19.057
1262,18.450,18.988
1263,18.512,19.064
1264,18.308,18.832
1265,18.051,18.534
1266,18.178,18.694
1267,18.186,18.704
1268,18.204,18.730
1269,18.176,18.689
1270,18.197,18.711
1271,18.135,18.654
1272,18.076,18.602
1273,18.133,18.670
1274,17.953,18.442
1275,18.111,18.635
1276,18.264,18.823
1277,17.909,18.436
1278,17.810,18.324
1279,17.931,18.467
1280,17.839,18.374
1281,17.862,18.401
1282,17.742,18.274
1283,17.902,18.440
1284,17.718,18.237
1285,17.875,18.430
1286,17.932,18.513
1287,18.261,18.901
1288,17.681,18.208
1289,17.973,18.538
1290,17.746,18.278
1291,17.709,18.233
1292,17.669,18.197
1293,17.606,18.119
1294,17.638,18.169
1295,17.653,18.180
1296,17.692,18.224
1297,17.679,18.211
1298,17.607,18.129
1299,17.507,18.025
1300,17.735,18.288
1301,17.496,18.015
1302,17.364,17.896
1303,17.272,17.798
1304,17.561,18.088
1305,17.606,18.122
1306,17.932,18.477
1307,17.724,18.249
1308,17.763,18.290
1309,17.688,18.198
1310,17.764,18.284
1311,17.660,18.160
1312,17.727,18.229
1313,17.550,18.035
1314,17.595,18.097
1315,17.569,18.067
1316,17.493,17.999
1317,17.359,17.845
1318,17.341,17.844
1319,17.377,17.881
1320,17.315,17.821
1321,17.317,17.819
1322,17.340,17.840
1323,17.363,17.856
1324,17.376,17.872
1325,17.353,17.858
1326,17.352,17.851
1327,17.357,17.856
1328,17.359,17.863
1329,17.401,17.904
1330,17.386,17.889
1331,17.425,17.936
1332,17.424,17.927
1333,17.417,17.918
1334,17.432,17.922
1335,17.485,17.990
1336,17.493,17.987
1337,17.474,17.970
1338,17.553,18.041
1339,17.513,18.003
1340,17.538,18.030
1341,17.565,18.059
1342,17.547,18.031
1343,17.512,17.996
1344,17.460,17.955
1345,17.387,17.887
1346,17.300,17.782
1347,17.292,17.792
1348,17.296,17.792
1349,17.351,17.842
1350,17.322,17.814
1351,17.276,17.766
1352,17.314,17.792
1353,17.322,17.799
1354,17.376,17.859
1355,17.311,17.779
1356,17.272,17.737
1357,17.265,17.730
1358,17.274,17.745
1359,17.243,17.699
1360,17.344,17.815
1361,17.362,17.830
1362,17.441,17.911
1363,17.501,17.965
1364,17.560,18.028
1365,17.634,18.118
1366,17.653,18.128
1367,17.756,18.245
1368,17.782,18.269
1369,17.840,18.331
1370,17.844,18.338
1371,17.834,18.341
1372,17.790,18.271
1373,17.759,18.259
1374,17.759,18.267
1375,17.767,18.272
1376,17.718,18.237
1377,17.897,18.441
1378,17.835,18.381
1379,17.614,18.137
1380,17.569,18.073
1381,17.563,18.076
1382,17.535,18.049
1383,17.486,17.999
1384,17.421,17.929
1385,17.414,17.933
1386,17.399,17.918
1387,17.472,18.002
1388,18.082,18.692
1389,18.366,19.039
1390,17.769,18.333
1391,17.787,18.349
1392,17.793,18.342
1393,17.815,18.367
1394,17.786,18.347
1395,17.707,18.249
1396,17.708,18.250
1397,17.728,18.276
1398,17.814,18.389
1399,17.848,18.420
1400,17.775,18.322
1401,17.703,18.259
1402,17.671,18.228
1403,17.701,18.254
1404,17.639,18.190
1405,17.606,18.145
1406,17.594,18.126
1407,17.646,18.194
1408,17.653,18.205
1409,17.582,18.112
1410,17.597,18.135
1411,17.536,18.059
1412,17.585,18.123
1413,17.510,18.036
1414,17.483,18.029
1415,17.383,17.912
1416,17.394,17.941
1417,17.332,17.888
1418,17.223,17.756
1419,17.323,17.886
1420,17.257,17.806
1421,17.255,17.802
1422,17.240,17.773
1423,17.233,17.759
1424,17.242,17.770
1425,17.272,17.813
1426,17.241,17.775
1427,17.281,17.812
1428,17.274,17.810
1429,17.290,17.819
1430,17.297,17.845
1431,17.329,17.882
1432,17.278,17.818
1433,17.430,18.003
1434,17.299,17.846
1435,17.371,17.919
1436,17.330,17.864
1437,17.323,17.860
1438,17.302,17.843
1439,17.411,17.975
1440,17.293,17.831
1441,17.330,17.871
1442,17.318,17.850
1443,17.341,17.861
1444,17.299,17.834
1445,17.298,17.818
1446,17.303,17.818
1447,17.277,17.801
1448,17.315,17.839
1449,17.348,17.870
1450,17.333,17.853
1451,17.343,17.863
1452,17.362,17.878
1453,17.397,17.918
1454,17.381,17.906
1455,17.369,17.894
1456,17.410,17.938
1457,17.422,17.937
1458,17.413,17.924
1459,17.428,17.939
1460,17.409,17.917
1461,17.433,17.935
1462,17.452,17.962
1463,17.404,17.912
1464,17.448,17.943
1465,17.432,17.929
1466,17.439,17.928
1467,17.441,17.918
1468,17.449,17.933
1469,17.393,17.881
1470,17.401,17.888
1471,17.424,17.908
1472,17.413,17.888
1473,17.405,17.893
1474,17.440,17.928
1475,17.422,17.911
1476,17.416,17.903
1477,17.434,17.921
1478,17.401,17.873
1479,17.428,17.913
1480,17.410,17.890
1481,17.429,17.917
1482,17.431,17.918
1483,17.390,17.865
1484,17.407,17.885
1485,17.420,17.895
1486,17.395,17.866
1487,17.407,17.883
1488,17.414,17.889
1489,17.392,17.860
1490,17.416,17.893
1491,17.428,17.903
1492,17.413,17.892
1493,17.406,17.874
1494,17.484,17.969
1495,17.437,17.901
1496,17.417,17.880
1497,17.423,17.893
1498,17.440,17.915
1499,17.404,17.873
1500,17.399,17.863
1501,17.405,17.879
1502,17.393,17.855
1503,17.399,17.872
1504,17.426,17.900
1505,17.422,17.908
1506,17.413,17.895
1507,17.431,17.916
1508,17.433,17.921
1509,17.419,17.910
1510,17.427,17.923
1511,17.424,17.913
1512,17.424,17.914
1513,17.410,17.912
1514,17.355,17.837
1515,17.343,17.842
1516,17.325,17.805
1517,17.340,17.827
1518,17.342,17.822
1519,17.300,17.783
1520,17.335,17.818
1521,17.337,17.817
1522,17.327,17.812
1523,17.350,17.833
1524,17.379,17.870
1525,17.366,17.852
1526,17.349,17.841
1527,17.351,17.842
1528,17.362,17.849
1529,17.418,17.894
1530,17.396,17.877
1531,17.385,17.867
1532,17.371,17.847
1533,17.403,17.898
1534,17.400,17.890
1535,17.387,17.878
1536,17.392,17.877
1537,17.398,17.887
1538,17.374,17.857
1539,17.392,17.880
1540,17.392,17.881
1541,17.381,17.871
1542,17.354,17.840
1543,17.376,17.868
1544,17.394,17.877
1545,17.377,17.859
1546,17.295,17.784
1547,17.328,17.820
1548,17.297,17.780
1549,17.310,17.798
1550,17.312,17.799
1551,17.303,17.782
1552,17.340,17.830
1553,17.373,17.861
1554,17.352,17.837
1555,17.386,17.877
1556,17.368,17.870
1557,17.380,17.881
1558,17.386,17.893
1559,17.376,17.866
1560,17.392,17.877
1561,17.349,17.847
1562,17.308,17.801
1563,17.325,17.824
1564,17.327,17.821
1565,17.347,17.849
1566,17.318,17.814
1567,17.355,17.864
1568,17.301,17.786
1569,17.369,17.874
1570,17.337,17.831
1571,17.357,17.853
1572,17.424,17.935
1573,17.399,17.906
1574,17.401,17.898
1575,17.447,17.959
1576,17.455,17.962
1577,17.447,17.964
1578,17.378,17.895
1579,17.371,17.887
1580,17.425,17.940
1581,17.368,17.881
1582,17.381,17.897
1583,17.438,17.967
1584,17.381,17.892
1585,17.385,17.902
1586,17.434,17.965
1587,17.364,17.881
1588,17.342,17.864
1589,17.356,17.879
1590,17.353,17.875
1591,17.345,17.865
1592,17.388,17.899
1593,17.433,17.956
1594,17.408,17.919
1595,17.417,17.923
1596,17.446,17.969
1597,17.427,17.948
1598,17.425,17.947
1599,17.463,18.001
1600,17.442,17.965
1601,17.451,17.980
1602,17.479,17.998
1603,17.480,18.005
1604,17.474,18.002
1605,17.480,18.003
1606,17.534,18.070
1607,17.506,18.028
1608,17.482,18.009
1609,17.531,18.059
1610,17.536,18.068
1611,17.495,18.023
1612,17.495,18.019
1613,17.465,17.981
1614,17.508,18.031
1615,17.477,17.980
1616,17.475,17.994
1617,17.448,17.959
1618,17.472,17.986
1619,17.499,18.032
1620,17.432,17.956
1621,17.439,17.967
1622,17.481,18.029
1623,17.443,17.968
1624,17.440,17.967
1625,17.534,18.070
1626,17.494,18.011
1627,17.514,18.036
1628,17.487,18.004
1629,17.517,18.038
1630,17.483,17.998
1631,17.477,17.992
1632,17.541,18.064
1633,17.476,17.996
1634,17.523,18.030
1635,17.498,18.015
1636,17.458,17.969
1637,17.486,18.008
1638,17.486,18.008
1639,17.515,18.044
1640,17.428,17.931
1641,17.472,17.984
1642,17.411,17.911
1643,17.438,17.942
1644,17.470,17.982
1645,17.490,18.005
1646,17.408,17.914
1647,17.433,17.939
1648,17.455,17.957
1649,17.420,17.919
1650,17.423,17.925
1651,17.441,17.945
1652,17.397,17.876
1653,17.423,17.906
1654,17.424,17.912
1655,17.449,17.940
1656,17.426,17.915
1657,17.426,17.908
1658,17.397,17.865
1659,17.415,17.886
1660,17.446,17.932
1661,17.442,17.917
1662,17.436,17.909
1663,17.428,17.902
1664,17.449,17.923
1665,17.421,17.885
1666,17.441,17.911
1667,17.434,17.907
1668,17.463,17.935
1669,17.442,17.906
1670,17.404,17.862
1671,17.442,17.901
1672,17.478,17.942
1673,17.392,17.854
1674,17.396,17.862
1675,17.409,17.878
1676,17.427,17.896
1677,17.396,17.852
1678,17.420,17.878
1679,17.420,17.888
1680,17.376,17.829
1681,17.397,17.851
1682,17.390,17.844
1683,17.325,17.772
1684,17.314,17.757
1685,17.333,17.779
1686,17.364,17.810
1687,17.326,17.768
1688,17.316,17.753
1689,17.280,17.711
1690,17.291,17.731
1691,17.306,17.744
1692,17.323,17.767
1693,17.344,17.789
1694,17.300,17.731
1695,17.320,17.752
1696,17.348,17.787
1697,17.356,17.799
1698,17.361,17.797
1699,17.335,17.773
1700,17.333,17.784
1701,17.344,17.790
1702,17.334,17.779
1703,17.342,17.794
1704,17.304,17.742
1705,17.316,17.760
1706,17.340,17.792
1707,17.359,17.813
1708,17.338,17.781
1709,17.347,17.807
1710,17.375,17.830
1711,17.352,17.813
1712,17.302,17.752
1713,17.353,17.805
1714,17.362,17.822
1715,17.370,17.813
1716,17.347,17.787
1717,17.373,17.820
1718,17.344,17.777
1719,17.355,17.798
1720,17.373,17.816
1721,17.372,17.815
1722,17.355,17.799
1723,17.375,17.822
1724,17.406,17.852
1725,17.429,17.886
1726,17.435,17.879
1727,17.481,17.938
1728,17.478,17.933
1729,17.393,17.836
1730,17.419,17.873
1731,17.388,17.831
1732,17.359,17.798
1733,17.362,17.802
1734,17.363,17.796
1735,17.343,17.774
1736,17.386,17.833
1737,17.354,17.795
1738,17.347,17.793
1739,17.326,17.763
1740,17.344,17.785
1741,17.335,17.773
1742,17.300,17.731
1743,17.334,17.777
1744,17.332,17.783
1745,17.336,17.799
1746,17.354,17.815
1747,17.380,17.845
1748,17.399,17.861
1749,17.393,17.863
1750,17.375,17.837
1751,17.357,17.813
1752,17.361,17.817
1753,17.332,17.787
1754,17.319,17.770
1755,17.284,17.728
1756,17.265,17.717
1757,17.292,17.737
1758,17.285,17.724
1759,17.252,17.686
1760,17.268,17.706
1761,17.244,17.697
1762,17.264,17.724
1763,17.299,17.759
1764,17.242,17.706
1765,17.251,17.688
1766,17.255,17.703
1767,17.226,17.676
1768,17.208,17.663
1769,17.196,17.648
1770,17.199,17.652
1771,17.170,17.626
1772,17.197,17.635
1773,17.199,17.646
1774,17.208,17.649
1775,17.183,17.634
1776,17.186,17.642
1777,17.185,17.636
1778,17.156,17.612
1779,17.145,17.595
1780,17.153,17.609
1781,17.136,17.593
1782,17.130,17.579
1783,17.144,17.596
1784,17.151,17.613
1785,17.155,17.618
1786,17.149,17.613
1787,17.146,17.613
1788,17.111,17.575
1789,17.110,17.576
1790,17.128,17.598
1791,17.107,17.573
1792,17.096,17.564
1793,17.136,17.594
1794,17.135,17.589
1795,17.149,17.608
1796,17.143,17.603
1797,17.166,17.632
1798,17.164,17.623
1799,17.179,17.639
1800,17.175,17.635
1801,17.222,17.693
1802,17.243,17.719
1803,17.202,17.670
1804,17.178,17.640
1805,17.172,17.627
1806,17.200,17.660
1807,17.173,17.628
1808,17.164,17.619
1809,17.177,17.638
1810,17.190,17.652
1811,17.166,17.620
1812,17.169,17.622
1813,17.183,17.646
1814,17.168,17.620
1815,17.155,17.614
1816,17.175,17.638
1817,17.192,17.649
1818,17.171,17.627
1819,17.151,17.604
1820,17.151,17.595
1821,17.165,17.618
1822,17.139,17.593
1823,17.121,17.580
1824,17.127,17.574
1825,17.139,17.587
1826,17.131,17.583
1827,17.103,17.559
1828,17.109,17.557
1829,17.096,17.549
1830,17.114,17.566
1831,17.103,17.547
1832,17.137,17.592
1833,17.115,17.561
1834,17.125,17.578
1835,17.117,17.562
1836,17.142,17.610
1837,17.103,17.556
1838,17.140,17.595
1839,17.163,17.628
1840,17.193,17.654
1841,17.137,17.585
1842,17.159,17.618
1843,17.156,17.628
1844,17.189,17.650
1845,17.232,17.695
1846,17.220,17.683
1847,17.147,17.605
1848,17.171,17.620
1849,17.178,17.646
1850,17.142,17.602
1851,17.170,17.629
1852,17.171,17.620
1853,17.176,17.637
1854,17.186,17.644
1855,17.177,17.620
1856,17.228,17.681
1857,17.182,17.640
1858,17.254,17.715
1859,17.209,17.657
1860,17.282,17.734
1861,17.287,17.739
1862,17.312,17.771
1863,17.288,17.739
1864,17.252,17.701
