0,26.486,26.353
1,26.493,26.351
2,26.493,26.355
3,26.450,26.307
4,26.466,26.329
5,26.440,26.299
6,26.408,26.276
7,26.425,26.285
8,26.404,26.267
9,26.399,26.257
10,26.361,26.239
11,26.299,26.171
12,26.260,26.143
13,26.238,26.118
14,26.222,26.104
15,26.230,26.111
16,26.184,26.062
17,26.151,26.039
18,26.189,26.071
19,26.170,26.055
20,26.126,26.021
21,26.107,25.991
22,26.110,26.000
23,26.090,25.974
24,26.093,25.982
25,26.061,25.942
26,26.057,25.937
27,25.904,25.777
28,25.878,25.759
29,25.903,25.770
30,25.931,25.810
31,25.959,25.839
32,26.073,25.955
33,26.007,25.888
34,26.151,26.055
35,26.111,26.017
36,26.212,26.125
37,26.125,26.003
38,26.260,26.153
39,26.169,26.046
40,26.432,26.351
41,26.388,26.288
42,26.405,26.313
43,26.323,26.216
44,26.327,26.235
45,26.267,26.161
46,26.343,26.255
47,26.282,26.172
48,26.340,26.242
49,26.341,26.225
50,26.382,26.267
51,26.457,26.342
52,26.448,26.327
53,26.492,26.381
54,26.480,26.365
55,26.489,26.361
56,26.605,26.478
57,26.717,26.587
58,26.794,26.673
59,26.816,26.686
60,26.863,26.725
61,26.883,26.724
62,26.942,26.793
63,26.983,26.848
64,26.977,26.832
65,26.972,26.831
66,26.980,26.825
67,27.014,26.847
68,26.927,26.744
69,26.931,26.751
70,26.973,26.782
71,26.920,26.708
72,26.950,26.727
73,26.948,26.720
74,26.968,26.743
75,27.020,26.790
76,26.996,26.764
77,26.994,26.755
78,26.977,26.733
79,26.969,26.733
80,26.885,26.648
81,26.990,26.764
82,26.933,26.698
83,26.902,26.666
84,26.829,26.593
85,26.812,26.580
86,26.819,26.584
87,26.781,26.542
88,26.831,26.598
89,26.714,26.500
90,26.738,26.538
91,26.735,26.546
92,26.714,26.543
93,26.768,26.598
94,26.750,26.587
95,26.799,26.658
96,26.783,26.651
97,26.820,26.697
98,26.830,26.717
99,26.779,26.655
100,26.712,26.588
101,26.776,26.667
102,26.770,26.661
103,26.746,26.644
104,26.646,26.522
105,26.731,26.615
106,26.733,26.609
107,26.678,26.563
108,26.621,26.486
109,26.695,26.574
110,26.632,26.507
111,26.670,26.560
112,26.724,26.616
113,26.717,26.613
114,26.793,26.702
115,26.852,26.775
116,26.838,26.748
117,26.924,26.853
118,26.856,26.764
119,26.927,26.846
120,26.837,26.755
121,26.940,26.871
122,26.887,26.821
123,26.935,26.866
124,26.930,26.864
125,26.932,26.871
126,26.972,26.920
127,27.059,27.024
128,26.981,26.939
129,27.062,27.016
130,27.136,27.113
131,27.119,27.103
132,27.088,27.079
133,27.138,27.129
134,27.135,27.128
135,27.142,27.152
136,27.144,27.165
137,27.187,27.212
138,27.200,27.224
139,27.209,27.238
140,27.216,27.248
141,27.213,27.251
142,27.183,27.238
143,27.184,27.250
144,27.184,27.265
145,27.168,27.246
146,27.233,27.302
147,27.267,27.348
148,27.322,27.405
149,27.428,27.517
150,27.452,27.550
151,27.605,27.701
152,27.635,27.735
153,27.599,27.720
154,27.591,27.721
155,27.642,27.793
156,27.671,27.811
157,27.710,27.865
158,27.715,27.872
159,27.763,27.937
160,27.780,27.961
161,27.807,27.997
162,27.807,27.999
163,27.842,28.035
164,27.867,28.068
165,27.891,28.086
166,27.876,28.070
167,27.868,28.069
168,27.843,28.035
169,27.860,28.053
170,27.818,28.010
171,27.842,28.034
172,27.799,27.986
173,27.801,28.003
174,27.785,27.981
175,27.797,27.982
176,27.833,28.026
177,27.836,28.038
178,27.831,28.025
179,27.916,28.112
180,27.974,28.166
181,28.056,28.251
182,28.175,28.363
183,28.335,28.523
184,28.388,28.578
185,28.519,28.727
186,28.651,28.857
187,28.740,28.959
188,28.809,29.032
189,28.856,29.075
190,28.921,29.143
191,28.995,29.215
192,29.061,29.286
193,29.082,29.288
194,29.120,29.315
195,29.112,29.306
196,29.107,29.284
197,29.113,29.280
198,29.172,29.341
199,29.059,29.223
200,29.064,29.230
201,29.025,29.182
202,29.016,29.187
203,29.027,29.198
204,28.914,29.079
205,28.709,28.859
206,28.695,28.836
207,28.552,28.689
208,28.382,28.502
209,28.255,28.380
210,28.049,28.154
211,27.972,28.094
212,27.956,28.069
213,27.955,28.053
214,27.990,28.074
215,27.940,28.004
216,27.842,27.873
217,27.861,27.878
218,27.781,27.809
219,27.817,27.819
220,27.756,27.741
221,27.724,27.702
222,27.672,27.639
223,27.673,27.622
224,27.692,27.640
225,27.640,27.589
226,27.739,27.667
227,27.713,27.624
228,27.685,27.598
229,27.842,27.724
230,27.757,27.634
231,27.809,27.679
232,27.799,27.663
233,27.755,27.612
234,27.727,27.570
235,27.728,27.577
236,27.742,27.592
237,27.778,27.630
238,27.769,27.619
239,27.915,27.770
240,27.888,27.751
241,27.865,27.715
242,27.915,27.753
243,27.922,27.766
244,27.952,27.805
245,27.973,27.823
246,27.988,27.837
247,27.973,27.808
248,27.949,27.790
249,28.008,27.863
250,28.078,27.942
251,28.065,27.932
252,28.064,27.919
253,28.107,27.950
254,28.124,27.971
255,28.126,27.983
256,28.144,27.993
257,28.196,28.050
258,28.181,28.025
259,28.189,28.033
260,28.210,28.055
261,28.181,28.048
262,28.171,28.037
263,28.178,28.033
264,28.201,28.060
265,28.226,28.094
266,28.239,28.094
267,28.282,28.158
268,28.263,28.131
269,28.270,28.135
270,28.273,28.150
271,28.300,28.167
272,28.326,28.190
273,28.311,28.170
274,28.272,28.136
275,28.275,28.143
276,28.377,28.245
277,28.315,28.187
278,28.278,28.153
279,28.329,28.200
280,28.347,28.214
281,28.323,28.203
282,28.338,28.217
283,28.349,28.232
284,28.377,28.274
285,28.407,28.312
286,28.413,28.307
287,28.431,28.337
288,28.405,28.312
289,28.379,28.284
290,28.375,28.278
291,28.402,28.321
292,28.443,28.370
293,28.420,28.359
294,28.399,28.332
295,28.369,28.310
296,28.385,28.346
297,28.364,28.306
298,28.454,28.422
299,28.456,28.413
300,28.361,28.321
301,28.362,28.322
302,28.402,28.342
303,28.364,28.294
304,28.394,28.353
305,28.568,28.524
306,28.631,28.591
307,28.550,28.513
308,28.473,28.416
309,28.469,28.387
310,28.478,28.426
311,28.447,28.379
312,28.434,28.362
313,28.473,28.431
314,28.411,28.350
315,28.388,28.333
316,28.369,28.320
317,28.398,28.364
318,28.392,28.349
319,28.378,28.348
320,28.285,28.247
321,28.363,28.323
322,28.379,28.338
323,28.413,28.389
324,28.402,28.381
325,28.460,28.431
326,28.406,28.383
327,28.424,28.376
328,28.452,28.404
329,28.452,28.411
330,28.371,28.311
331,28.297,28.224
332,28.211,28.139
333,28.186,28.138
334,28.341,28.275
335,28.305,28.227
336,28.360,28.288
337,28.264,28.194
338,28.134,28.065
339,28.133,28.037
340,28.075,27.974
341,28.020,27.931
342,27.958,27.865
343,27.936,27.831
344,27.938,27.832
345,27.885,27.769
346,27.844,27.720
347,27.824,27.706
348,27.824,27.705
349,27.756,27.628
350,27.759,27.646
351,27.859,27.767
352,27.879,27.791
353,27.790,27.680
354,27.794,27.707
355,27.724,27.599
356,27.753,27.652
357,27.639,27.549
358,27.520,27.398
359,27.497,27.388
360,27.476,27.388
361,27.454,27.365
362,27.310,27.200
363,27.358,27.271
364,27.352,27.253
365,27.312,27.212
366,27.287,27.194
367,27.318,27.230
368,27.270,27.167
369,27.295,27.201
370,27.283,27.196
371,27.329,27.223
372,27.223,27.137
373,27.214,27.122
374,27.168,27.086
375,27.193,27.092
376,27.224,27.116
377,27.243,27.145
378,27.208,27.096
379,27.172,27.068
380,27.209,27.090
381,27.183,27.064
382,27.218,27.101
383,27.196,27.083
384,27.210,27.086
385,27.144,27.024
386,27.130,27.009
387,27.149,27.033
388,27.089,26.985
389,27.114,26.992
390,27.127,27.009
391,27.059,26.952
392,27.169,27.046
393,27.142,27.037
394,27.053,26.943
395,27.013,26.902
396,26.933,26.825
397,26.890,26.784
398,26.949,26.861
399,26.898,26.775
400,26.911,26.801
401,26.942,26.828
402,26.960,26.874
403,27.027,26.941
404,27.040,26.962
405,26.913,26.833
406,26.954,26.875
407,26.973,26.897
408,27.011,26.934
409,26.999,26.931
410,27.016,26.930
411,27.004,26.911
412,27.015,26.924
413,27.071,26.979
414,27.020,26.933
415,27.072,26.989
416,27.042,26.961
417,27.026,26.943
418,26.987,26.881
419,26.903,26.803
420,26.917,26.803
421,26.882,26.767
422,26.879,26.787
423,26.936,26.838
424,26.885,26.793
425,26.867,26.746
426,26.917,26.793
427,26.885,26.776
428,26.866,26.741
429,26.914,26.806
430,26.862,26.756
431,26.908,26.790
432,26.884,26.781
433,26.859,26.766
434,26.886,26.797
435,26.853,26.755
436,26.951,26.866
437,27.004,26.913
438,26.989,26.921
439,26.904,26.836
440,26.937,26.868
441,26.959,26.892
442,27.087,27.022
443,27.081,27.020
444,27.065,26.995
445,27.125,27.057
446,27.141,27.068
447,27.089,27.017
448,27.201,27.132
449,27.182,27.106
450,27.121,27.034
451,27.210,27.131
452,27.232,27.162
453,27.267,27.199
454,27.470,27.403
455,27.449,27.367
456,27.263,27.202
457,27.171,27.110
458,27.015,26.955
459,27.092,27.023
460,27.113,27.040
461,27.129,27.055
462,27.101,27.024
463,27.237,27.166
464,27.240,27.174
465,27.228,27.176
466,27.260,27.204
467,27.219,27.169
468,27.142,27.073
469,27.228,27.183
470,27.236,27.191
471,27.211,27.161
472,27.084,27.018
473,27.220,27.161
474,27.241,27.181
475,27.250,27.186
476,27.265,27.215
477,27.196,27.142
478,27.126,27.061
479,27.302,27.243
480,27.287,27.237
481,27.286,27.232
482,27.281,27.235
483,27.279,27.222
484,27.474,27.431
485,27.461,27.426
486,27.373,27.326
487,27.343,27.278
488,27.473,27.430
489,27.466,27.430
490,27.476,27.431
491,27.504,27.472
492,27.414,27.368
493,27.504,27.473
494,27.559,27.537
495,27.440,27.399
496,27.701,27.683
497,27.711,27.663
498,27.662,27.611
499,27.798,27.768
500,27.750,27.697
501,27.664,27.617
502,27.697,27.643
503,27.868,27.822
504,27.844,27.821
505,27.686,27.637
506,27.671,27.614
507,27.683,27.658
508,27.661,27.625
509,27.660,27.626
510,27.685,27.647
511,27.687,27.649
512,27.703,27.669
513,27.706,27.668
514,27.728,27.685
515,27.718,27.685
516,27.781,27.756
517,27.706,27.655
518,27.740,27.696
519,27.761,27.714
520,27.837,27.803
521,27.705,27.678
522,27.719,27.699
523,27.713,27.693
524,27.782,27.764
525,27.686,27.653
526,27.645,27.606
527,27.650,27.599
528,27.598,27.551
529,27.585,27.537
530,27.601,27.562
531,27.611,27.563
532,27.524,27.480
533,27.584,27.535
534,27.553,27.492
535,27.603,27.546
536,27.605,27.543
537,27.675,27.602
538,27.717,27.672
539,27.672,27.613
540,27.610,27.551
541,27.734,27.669
542,27.706,27.650
543,27.530,27.460
544,27.598,27.547
545,27.469,27.406
546,27.445,27.374
547,27.572,27.509
548,27.489,27.413
549,27.431,27.345
550,27.474,27.405
551,27.357,27.282
552,27.392,27.297
553,27.398,27.306
554,27.400,27.339
555,27.258,27.157
556,27.142,27.030
557,27.155,27.080
558,27.075,26.968
559,27.102,27.003
560,26.884,26.774
561,26.974,26.873
562,27.057,26.968
563,27.044,26.952
564,26.961,26.854
565,27.001,26.897
566,26.946,26.826
567,27.035,26.933
568,27.084,26.992
569,27.105,27.009
570,26.977,26.883
571,27.104,27.012
572,27.120,27.033
573,27.133,27.037
574,27.063,26.939
575,27.139,27.025
576,27.080,26.970
577,27.078,26.969
578,27.018,26.917
579,27.049,26.950
580,26.918,26.790
581,27.060,26.928
582,27.006,26.890
583,27.034,26.915
584,26.924,26.778
585,27.039,26.904
586,27.119,27.004
587,27.177,27.070
588,27.121,26.994
589,27.296,27.185
590,27.306,27.199
591,27.384,27.291
592,27.301,27.191
593,27.339,27.242
594,27.218,27.099
595,27.207,27.076
596,27.218,27.104
597,27.178,27.053
598,27.146,27.014
599,27.150,27.022
600,27.134,27.009
601,27.096,26.966
602,27.098,26.971
603,27.094,26.962
604,27.083,26.959
605,27.085,26.965
606,27.099,26.984
607,27.073,26.949
608,27.092,26.968
609,27.115,26.993
610,27.088,26.961
611,27.125,27.003
612,27.134,27.009
613,27.122,26.989
614,27.132,27.004
615,27.115,26.977
616,27.174,27.054
617,27.142,27.018
618,27.170,27.042
619,27.174,27.056
620,27.196,27.084
621,27.165,27.045
622,27.219,27.099
623,27.380,27.288
624,27.395,27.293
625,27.502,27.412
626,27.737,27.666
627,27.512,27.412
628,27.617,27.524
629,27.457,27.361
630,27.426,27.320
631,27.359,27.250
632,27.382,27.274
633,27.564,27.459
634,27.853,27.769
635,27.860,27.776
636,27.807,27.728
637,27.935,27.844
638,27.967,27.882
639,27.658,27.547
640,27.617,27.516
641,27.346,27.241
642,27.269,27.158
643,27.261,27.147
644,27.233,27.130
645,27.323,27.225
646,27.251,27.154
647,27.248,27.130
648,27.386,27.294
649,27.471,27.391
650,27.349,27.262
651,27.461,27.364
652,27.323,27.226
653,27.365,27.247
654,27.331,27.211
655,27.274,27.156
656,27.412,27.299
657,27.436,27.331
658,27.814,27.720
659,27.916,27.825
660,27.876,27.813
661,27.760,27.685
662,27.591,27.518
663,27.424,27.329
664,27.467,27.381
665,27.726,27.654
666,28.001,27.951
667,28.019,27.995
668,28.112,28.082
669,28.384,28.384
670,28.152,28.124
671,27.580,27.486
672,27.241,27.135
673,27.078,26.971
674,27.115,27.011
675,27.306,27.190
676,27.352,27.234
677,27.352,27.232
678,27.310,27.192
679,27.276,27.179
680,27.183,27.081
681,27.123,26.999
682,27.140,27.030
683,27.119,27.001
684,27.141,27.039
685,27.206,27.096
686,27.257,27.153
687,27.332,27.215
688,27.322,27.212
689,27.109,26.972
690,27.241,27.111
691,27.245,27.123
692,27.153,27.028
693,27.120,26.998
694,27.094,26.969
695,27.085,26.955
696,27.078,26.952
697,27.101,26.963
698,27.085,26.961
699,27.137,27.000
700,27.145,27.004
701,27.117,26.980
702,26.937,26.793
703,26.937,26.780
704,26.981,26.823
705,26.969,26.791
706,27.275,27.155
707,27.168,27.035
708,27.191,27.056
709,27.177,27.034
710,27.259,27.135
711,27.238,27.107
712,27.303,27.185
713,27.267,27.125
714,27.180,27.050
715,27.280,27.138
716,27.396,27.247
717,27.393,27.254
718,27.283,27.154
719,27.262,27.139
720,27.310,27.188
721,27.120,26.979
722,27.114,26.984
723,27.042,26.922
724,27.131,27.002
725,27.005,26.843
726,27.051,26.898
727,27.025,26.893
728,27.051,26.923
729,26.942,26.794
730,27.005,26.865
731,27.022,26.884
732,26.946,26.790
733,26.974,26.830
734,26.884,26.720
735,26.964,26.819
736,26.897,26.763
737,26.828,26.683
738,26.840,26.717
739,26.848,26.724
740,26.788,26.640
741,26.626,26.482
742,26.543,26.388
743,26.666,26.523
744,26.658,26.529
745,26.588,26.462
746,26.486,26.346
747,26.524,26.394
748,26.514,26.380
749,26.587,26.458
750,26.499,26.359
751,26.557,26.430
752,26.738,26.621
753,26.608,26.484
754,26.763,26.644
755,26.701,26.570
756,26.597,26.462
757,26.518,26.379
758,26.596,26.466
759,26.531,26.407
760,26.452,26.310
761,26.674,26.547
762,26.539,26.408
763,26.460,26.325
764,26.701,26.579
765,26.663,26.517
766,26.725,26.602
767,26.764,26.649
768,26.658,26.519
769,26.737,26.608
770,26.754,26.618
771,26.617,26.476
772,26.706,26.590
773,26.653,26.544
774,26.707,26.589
775,26.684,26.563
776,26.695,26.582
777,26.601,26.454
778,26.681,26.553
779,26.700,26.571
780,26.614,26.484
781,26.600,26.464
782,26.796,26.682
783,26.820,26.710
784,26.819,26.723
785,26.883,26.807
786,26.767,26.652
787,26.916,26.824
788,26.987,26.893
789,27.030,26.935
790,26.970,26.863
791,27.045,26.931
792,27.144,27.034
793,27.143,27.014
794,27.223,27.084
795,27.334,27.197
796,27.214,27.055
797,27.173,27.017
798,27.102,26.947
799,27.374,27.223
800,27.380,27.238
801,27.469,27.345
802,27.407,27.286
803,27.544,27.445
804,27.448,27.324
805,27.624,27.514
806,27.528,27.383
807,27.521,27.407
808,27.464,27.342
809,27.540,27.422
810,27.538,27.431
811,27.733,27.618
812,27.548,27.426
813,27.643,27.521
814,27.656,27.548
815,27.753,27.635
816,27.840,27.736
817,27.866,27.763
818,27.877,27.781
819,27.784,27.676
820,27.603,27.469
821,27.607,27.469
822,27.634,27.505
823,27.935,27.824
824,28.155,28.076
825,27.893,27.788
826,27.967,27.892
827,27.924,27.857
828,27.981,27.919
829,27.666,27.592
830,27.694,27.624
831,27.413,27.329
832,27.372,27.270
833,27.386,27.289
834,27.351,27.262
835,27.406,27.311
836,27.447,27.371
837,27.327,27.206
838,27.443,27.366
839,27.497,27.417
840,27.392,27.299
841,27.386,27.304
842,27.350,27.248
843,27.315,27.216
844,27.339,27.236
845,27.344,27.239
846,27.362,27.247
847,27.428,27.322
848,27.936,27.857
849,27.738,27.677
850,27.904,27.857
851,27.540,27.474
852,27.476,27.422
853,27.378,27.314
854,27.331,27.259
855,27.538,27.470
856,27.960,27.912
857,28.343,28.333
858,28.685,28.695
859,28.488,28.493
860,28.123,28.063
861,27.811,27.726
862,27.341,27.184
863,27.039,26.867
864,27.332,27.177
865,27.475,27.341
866,27.540,27.438
867,27.722,27.624
868,27.533,27.434
869,27.533,27.453
870,27.465,27.377
871,27.345,27.266
872,27.289,27.192
873,27.338,27.237
874,27.432,27.327
875,27.408,27.305
876,27.409,27.313
877,27.444,27.339
878,27.385,27.281
879,27.304,27.173
880,27.232,27.095
881,26.999,26.858
882,27.095,26.964
883,27.105,26.966
884,27.159,27.019
885,26.895,26.743
886,27.103,26.964
887,27.076,26.946
888,27.050,26.911
889,27.074,26.939
890,27.100,26.981
891,27.059,26.946
892,27.074,26.962
893,27.027,26.908
894,27.036,26.917
895,27.012,26.885
896,27.012,26.878
897,27.065,26.946
898,27.100,26.977
899,27.074,26.944
900,27.170,27.017
901,27.192,27.037
902,26.974,26.823
903,27.074,26.920
904,27.347,27.184
905,27.300,27.149
906,27.302,27.164
907,27.291,27.150
908,27.294,27.161
909,27.412,27.279
910,27.267,27.131
911,27.325,27.201
912,27.432,27.317
913,27.289,27.153
914,27.331,27.216
915,27.225,27.093
916,27.200,27.064
917,27.347,27.241
918,27.249,27.137
919,27.242,27.128
920,27.345,27.246
921,27.249,27.127
922,27.326,27.222
923,27.267,27.143
924,27.270,27.149
925,27.380,27.287
926,27.430,27.318
927,27.553,27.452
928,27.518,27.390
929,27.588,27.477
930,27.463,27.321
931,27.436,27.307
932,27.339,27.214
933,27.409,27.306
934,27.255,27.134
935,27.332,27.229
936,27.274,27.158
937,27.440,27.350
938,27.345,27.251
939,27.468,27.377
940,27.347,27.244
941,27.445,27.330
942,27.349,27.211
943,27.371,27.266
944,27.293,27.200
945,27.430,27.350
946,27.307,27.210
947,27.430,27.346
948,27.316,27.218
949,27.355,27.265
950,27.343,27.277
951,27.272,27.178
952,27.303,27.233
953,27.271,27.198
954,27.399,27.327
955,27.267,27.184
956,27.370,27.303
957,27.313,27.216
958,27.353,27.270
959,27.421,27.339
960,27.461,27.391
961,27.339,27.242
962,27.383,27.293
963,27.276,27.180
964,27.270,27.184
965,27.216,27.118
966,27.246,27.153
967,27.234,27.155
968,27.156,27.064
969,27.231,27.140
970,27.151,27.064
971,27.215,27.131
972,27.113,27.022
973,27.162,27.079
974,27.102,27.009
975,27.120,27.031
976,27.065,26.964
977,27.180,27.100
978,27.135,27.048
979,27.222,27.139
980,27.107,27.014
981,27.264,27.204
982,27.178,27.087
983,27.301,27.218
984,27.361,27.301
985,27.258,27.174
986,27.342,27.264
987,27.318,27.217
988,27.252,27.150
989,27.377,27.291
990,27.295,27.189
991,27.424,27.335
992,27.497,27.427
993,27.402,27.326
994,27.455,27.369
995,27.377,27.290
996,27.485,27.415
997,27.509,27.428
998,27.509,27.418
999,27.492,27.412
1000,27.435,27.342
1001,27.472,27.390
1002,27.498,27.434
1003,27.438,27.349
1004,27.523,27.450
1005,27.545,27.496
1006,27.466,27.373
1007,27.609,27.544
1008,27.471,27.382
1009,27.646,27.586
1010,27.636,27.550
1011,27.510,27.415
1012,27.600,27.527
1013,27.567,27.502
1014,27.458,27.375
1015,27.572,27.492
1016,27.514,27.434
1017,27.529,27.460
1018,27.403,27.324
1019,27.509,27.434
1020,27.522,27.456
1021,27.446,27.391
1022,27.316,27.230
1023,27.456,27.381
1024,27.451,27.391
1025,27.460,27.426
1026,27.519,27.480
1027,27.438,27.387
1028,27.449,27.395
1029,27.368,27.321
1030,27.320,27.252
1031,27.235,27.160
1032,27.353,27.287
1033,27.310,27.254
1034,27.270,27.208
1035,27.263,27.205
1036,27.237,27.192
1037,27.386,27.321
1038,27.447,27.398
1039,27.160,27.088
1040,27.081,27.030
1041,27.175,27.138
1042,27.173,27.148
1043,27.275,27.249
1044,27.271,27.226
1045,27.288,27.260
1046,27.326,27.290
1047,27.318,27.301
1048,27.341,27.323
1049,27.289,27.259
1050,27.317,27.298
1051,27.284,27.255
1052,27.219,27.182
1053,27.128,27.094
1054,27.194,27.161
1055,27.212,27.179
1056,27.223,27.184
1057,27.184,27.138
1058,27.311,27.277
1059,27.314,27.287
1060,27.343,27.321
1061,27.177,27.114
1062,27.360,27.318
1063,27.447,27.410
1064,27.440,27.413
1065,27.550,27.530
1066,27.344,27.293
1067,27.554,27.513
1068,27.378,27.326
1069,27.413,27.391
1070,27.388,27.341
1071,27.450,27.417
1072,27.321,27.260
1073,27.376,27.329
1074,27.348,27.279
1075,27.416,27.375
1076,27.379,27.340
1077,27.420,27.376
1078,27.338,27.269
1079,27.367,27.326
1080,27.217,27.162
1081,27.199,27.145
1082,27.197,27.143
1083,27.280,27.249
1084,27.159,27.108
1085,27.119,27.063
1086,27.078,27.023
1087,27.177,27.122
1088,27.072,26.986
1089,27.129,27.089
1090,26.977,26.921
1091,27.007,26.963
1092,26.952,26.909
1093,27.044,26.997
1094,26.918,26.858
1095,27.089,27.032
1096,26.933,26.865
1097,26.993,26.937
1098,26.962,26.906
1099,26.951,26.869
1100,27.005,26.945
1101,26.926,26.858
1102,26.902,26.829
1103,26.983,26.933
1104,27.018,26.955
1105,26.947,26.879
1106,26.955,26.888
1107,26.936,26.884
1108,26.968,26.906
1109,26.971,26.932
1110,26.820,26.766
1111,26.816,26.743
1112,26.784,26.722
1113,26.823,26.773
1114,26.766,26.709
1115,26.747,26.692
1116,26.749,26.687
1117,26.742,26.690
1118,26.853,26.794
1119,26.790,26.741
1120,26.686,26.627
1121,26.715,26.650
1122,26.644,26.583
1123,26.678,26.633
1124,26.621,26.565
1125,26.611,26.547
1126,26.609,26.544
1127,26.634,26.574
1128,26.647,26.579
1129,26.660,26.603
1130,26.653,26.588
1131,26.646,26.570
1132,26.649,26.583
1133,26.649,26.580
1134,26.671,26.590
1135,26.680,26.621
1136,26.632,26.561
1137,26.682,26.624
1138,26.670,26.606
1139,26.663,26.589
1140,26.673,26.590
1141,26.665,26.584
1142,26.801,26.729
1143,26.787,26.707
1144,26.807,26.719
1145,26.799,26.708
1146,26.814,26.734
1147,26.848,26.770
1148,26.789,26.705
1149,26.785,26.708
1150,26.820,26.742
1151,26.735,26.647
1152,26.734,26.651
1153,26.821,26.749
1154,26.742,26.663
1155,26.732,26.655
1156,26.743,26.666
1157,26.734,26.666
1158,26.658,26.600
1159,26.776,26.729
1160,26.759,26.703
1161,26.749,26.681
1162,26.859,26.800
1163,26.786,26.721
1164,26.859,26.797
1165,26.824,26.754
1166,26.940,26.890
1167,26.839,26.781
1168,26.880,26.811
1169,26.908,26.865
1170,26.874,26.807
1171,26.867,26.805
1172,26.875,26.808
1173,26.843,26.777
1174,26.914,26.862
1175,26.842,26.766
1176,26.866,26.791
1177,26.928,26.874
1178,26.871,26.804
1179,26.971,26.923
1180,26.814,26.758
1181,26.916,26.868
1182,26.840,26.774
1183,26.954,26.894
1184,26.948,26.907
1185,26.824,26.753
1186,26.823,26.763
1187,26.806,26.746
1188,26.902,26.848
1189,26.818,26.752
1190,26.832,26.773
1191,26.854,26.806
1192,26.785,26.723
1193,26.824,26.761
1194,26.928,26.877
1195,26.937,26.877
1196,27.009,26.941
1197,26.883,26.815
1198,27.076,27.026
1199,26.959,26.891
1200,27.020,26.951
1201,27.063,27.009
1202,26.995,26.905
1203,27.152,27.106
1204,27.161,27.105
1205,27.169,27.129
1206,27.005,26.948
1207,27.016,26.976
1208,26.940,26.888
1209,26.935,26.863
1210,27.024,26.972
1211,26.954,26.882
1212,27.058,26.973
1213,27.421,27.349
1214,27.105,27.024
1215,26.949,26.856
1216,26.906,26.811
1217,27.110,27.026
1218,26.938,26.844
1219,26.889,26.811
1220,26.919,26.819
1221,26.909,26.811
1222,26.891,26.802
1223,27.154,27.093
1224,27.241,27.175
1225,27.510,27.446
1226,27.352,27.318
1227,27.730,27.712
1228,27.703,27.691
1229,27.236,27.204
1230,27.644,27.619
1231,27.348,27.327
1232,27.164,27.141
1233,27.094,27.063
1234,26.880,26.854
1235,26.875,26.846
1236,26.824,26.786
1237,26.808,26.776
1238,26.699,26.652
1239,26.616,26.568
1240,26.683,26.638
1241,26.597,26.547
1242,26.588,26.543
1243,26.781,26.742
1244,26.679,26.634
1245,26.643,26.587
1246,26.692,26.640
1247,26.616,26.553
1248,26.661,26.612
1249,26.548,26.492
1250,26.634,26.590
1251,26.611,26.554
1252,26.685,26.628
1253,26.572,26.509
1254,26.548,26.498
1255,26.627,26.557
1256,26.696,26.645
1257,26.795,26.722
1258,26.759,26.708
1259,26.909,26.856
1260,26.873,26.801
1261,27.162,27.119
1262,26.857,26.784
1263,27.017,26.947
1264,26.757,26.680
1265,27.075,26.994
1266,26.915,26.838
1267,27.085,27.029
1268,27.021,26.948
1269,27.089,27.007
1270,27.107,27.020
1271,27.239,27.171
1272,27.138,27.050
1273,27.130,27.042
1274,27.157,27.054
1275,27.114,27.008
1276,27.145,27.040
1277,27.208,27.110
1278,27.160,27.056
1279,27.067,26.960
1280,27.085,26.988
1281,27.108,27.013
1282,27.083,26.958
1283,27.131,27.031
1284,27.161,27.080
1285,27.048,26.943
1286,27.042,26.927
1287,27.088,26.973
1288,27.128,27.025
1289,27.216,27.120
1290,27.063,26.952
1291,26.996,26.868
1292,27.065,26.952
1293,27.110,27.012
1294,26.958,26.846
1295,26.980,26.860
1296,27.006,26.876
1297,27.240,27.148
1298,27.348,27.260
1299,27.377,27.296
1300,27.715,27.656
1301,27.531,27.475
1302,27.405,27.325
1303,27.131,27.038
1304,27.103,26.989
1305,27.032,26.912
1306,27.087,26.973
1307,27.321,27.195
1308,27.722,27.629
1309,27.718,27.630
1310,27.450,27.341
1311,27.503,27.397
1312,27.014,26.853
1313,27.109,26.941
1314,26.812,26.624
1315,26.769,26.565
1316,26.674,26.497
1317,26.792,26.615
1318,26.806,26.636
1319,26.977,26.837
1320,26.871,26.722
1321,27.017,26.878
1322,27.038,26.907
1323,27.070,26.943
1324,27.075,26.952
1325,27.075,26.948
1326,26.859,26.726
1327,26.874,26.720
1328,27.218,27.057
1329,27.188,27.026
1330,27.285,27.115
1331,27.070,26.886
1332,26.950,26.755
1333,26.763,26.571
1334,26.758,26.581
1335,26.761,26.602
1336,27.140,26.998
1337,27.945,27.849
1338,28.286,28.269
1339,28.018,28.010
1340,27.767,27.740
1341,27.326,27.262
1342,26.853,26.764
1343,26.649,26.536
1344,26.591,26.467
1345,26.689,26.572
1346,26.682,26.560
1347,26.717,26.591
1348,26.645,26.521
1349,26.633,26.511
1350,26.590,26.466
1351,26.666,26.557
1352,26.523,26.404
1353,26.639,26.517
1354,26.614,26.491
1355,26.635,26.504
1356,26.796,26.683
1357,26.824,26.700
1358,26.795,26.668
1359,26.706,26.559
1360,26.717,26.570
1361,26.675,26.547
1362,26.708,26.589
1363,26.625,26.490
1364,26.714,26.593
1365,26.693,26.563
1366,26.727,26.599
1367,26.740,26.618
1368,26.634,26.485
1369,26.634,26.493
1370,26.588,26.455
1371,26.781,26.667
1372,26.605,26.475
1373,26.680,26.563
1374,26.695,26.567
1375,26.565,26.433
1376,26.649,26.540
1377,26.522,26.406
1378,26.584,26.463
1379,26.614,26.490
1380,26.607,26.482
1381,26.647,26.530
1382,26.716,26.619
1383,26.909,26.825
1384,26.758,26.652
1385,26.735,26.641
1386,26.699,26.592
1387,26.914,26.818
1388,27.032,26.915
1389,26.995,26.885
1390,26.852,26.729
1391,26.606,26.472
1392,26.543,26.414
1393,27.011,26.871
1394,26.861,26.731
1395,26.905,26.786
1396,26.723,26.610
1397,26.544,26.411
1398,26.776,26.657
1399,26.555,26.451
1400,26.440,26.329
1401,26.550,26.434
1402,26.472,26.366
1403,26.629,26.528
1404,27.144,27.049
1405,27.262,27.183
1406,26.971,26.878
1407,26.709,26.593
1408,26.571,26.455
1409,26.521,26.401
1410,26.516,26.386
1411,26.591,26.477
1412,26.579,26.465
1413,26.487,26.378
1414,26.399,26.272
1415,26.178,26.048
1416,26.402,26.286
1417,26.453,26.341
1418,26.398,26.282
1419,26.424,26.317
1420,26.446,26.345
1421,26.489,26.393
1422,26.413,26.290
1423,26.494,26.387
1424,26.496,26.388
1425,26.401,26.284
1426,26.562,26.460
1427,26.375,26.259
1428,26.476,26.373
1429,26.477,26.370
1430,26.382,26.269
1431,26.474,26.372
1432,26.413,26.309
1433,26.515,26.427
1434,26.545,26.455
1435,26.497,26.390
1436,26.722,26.627
1437,26.626,26.536
1438,26.741,26.664
1439,26.673,26.574
1440,26.705,26.622
1441,26.646,26.535
1442,26.698,26.597
1443,26.726,26.623
1444,26.841,26.751
1445,26.775,26.671
1446,26.757,26.649
1447,26.848,26.736
1448,26.624,26.522
1449,26.508,26.389
1450,26.496,26.393
1451,26.463,26.356
1452,26.478,26.367
1453,26.524,26.408
1454,26.862,26.767
1455,26.874,26.762
1456,26.866,26.769
1457,26.804,26.713
1458,26.837,26.732
1459,26.860,26.754
1460,26.933,26.848
1461,26.823,26.739
1462,26.811,26.716
1463,26.783,26.674
1464,26.819,26.711
1465,26.843,26.741
1466,26.835,26.736
1467,26.961,26.870
1468,27.171,27.080
1469,27.167,27.104
1470,27.113,27.032
1471,27.118,27.041
1472,27.036,26.943
1473,27.048,26.972
1474,26.889,26.812
1475,27.058,26.987
1476,27.103,27.032
1477,27.171,27.106
1478,27.446,27.395
1479,27.367,27.316
1480,27.251,27.176
1481,27.168,27.088
1482,27.047,26.969
1483,26.932,26.850
1484,26.826,26.741
1485,26.824,26.728
1486,26.842,26.757
1487,26.869,26.780
1488,26.818,26.722
1489,26.825,26.731
1490,26.856,26.750
1491,26.784,26.682
1492,26.876,26.779
1493,26.536,26.429
1494,26.783,26.672
1495,26.964,26.856
1496,27.110,27.025
1497,27.071,26.997
1498,27.033,26.955
1499,26.736,26.634
1500,26.903,26.806
1501,27.620,27.573
1502,27.625,27.610
1503,27.436,27.406
1504,27.571,27.559
1505,27.215,27.175
1506,26.706,26.630
1507,26.671,26.564
1508,26.668,26.548
1509,26.724,26.606
1510,26.923,26.810
1511,26.883,26.771
1512,26.927,26.803
1513,26.984,26.865
1514,26.794,26.674
1515,26.788,26.663
1516,26.675,26.559
1517,26.682,26.556
1518,26.698,26.580
1519,26.830,26.712
1520,26.857,26.746
1521,26.842,26.740
1522,26.883,26.785
1523,26.789,26.682
1524,26.453,26.333
1525,26.838,26.721
1526,26.743,26.633
1527,26.781,26.678
1528,26.863,26.741
1529,26.867,26.754
1530,26.481,26.356
1531,26.834,26.731
1532,26.673,26.564
1533,26.691,26.588
1534,26.658,26.558
1535,26.658,26.554
1536,26.650,26.574
1537,26.628,26.529
1538,26.668,26.556
1539,26.845,26.780
1540,26.799,26.717
1541,26.378,26.289
1542,26.485,26.412
1543,26.815,26.745
1544,26.897,26.853
1545,26.422,26.355
1546,26.444,26.371
1547,26.371,26.300
1548,26.891,26.845
1549,26.723,26.664
1550,26.868,26.837
1551,26.834,26.783
1552,26.787,26.760
1553,26.706,26.675
1554,26.780,26.763
1555,26.766,26.755
1556,26.908,26.886
1557,26.900,26.881
1558,26.778,26.750
1559,26.635,26.589
1560,26.574,26.535
1561,26.718,26.696
1562,26.786,26.758
1563,26.664,26.641
1564,26.616,26.589
1565,26.614,26.595
1566,26.543,26.510
1567,26.674,26.657
1568,26.570,26.544
1569,26.613,26.601
1570,26.655,26.624
1571,26.483,26.441
1572,26.460,26.435
1573,26.476,26.450
1574,26.481,26.461
1575,26.447,26.426
1576,26.430,26.418
1577,26.453,26.425
1578,26.445,26.426
1579,26.437,26.412
1580,26.353,26.338
1581,26.344,26.335
1582,26.175,26.142
1583,26.375,26.359
1584,26.245,26.201
1585,26.303,26.273
1586,26.297,26.259
1587,25.771,25.741
1588,26.242,26.221
1589,26.325,26.291
1590,26.252,26.227
1591,26.184,26.159
1592,26.124,26.100
1593,25.984,25.941
1594,26.083,26.059
1595,26.036,26.012
1596,25.985,25.945
1597,26.025,25.994
1598,26.201,26.174
1599,26.187,26.151
1600,26.031,25.983
1601,26.109,26.060
1602,26.171,26.153
1603,26.200,26.165
1604,26.091,26.041
1605,26.129,26.077
1606,26.071,26.022
1607,26.037,25.974
1608,26.080,26.032
1609,26.076,26.025
1610,25.977,25.905
1611,26.068,25.995
1612,26.105,26.043
1613,25.793,25.732
1614,25.797,25.730
1615,25.935,25.873
1616,25.976,25.910
1617,25.953,25.878
1618,25.950,25.887
1619,26.380,26.306
1620,26.402,26.329
1621,26.412,26.336
1622,26.425,26.358
1623,26.450,26.390
1624,26.366,26.309
1625,26.400,26.345
1626,26.385,26.312
1627,26.384,26.325
1628,26.356,26.302
1629,26.316,26.260
1630,26.372,26.318
1631,26.404,26.342
1632,26.489,26.430
1633,26.519,26.447
1634,26.576,26.491
1635,26.599,26.521
1636,26.569,26.478
1637,26.535,26.457
1638,26.581,26.505
1639,26.600,26.526
1640,26.586,26.511
1641,26.542,26.465
1642,26.533,26.446
1643,26.574,26.487
1644,26.646,26.545
1645,26.316,26.221
1646,26.680,26.601
1647,26.601,26.539
1648,26.572,26.485
1649,26.641,26.565
1650,26.673,26.604
1651,26.653,26.581
1652,26.614,26.537
1653,26.582,26.497
1654,26.539,26.458
1655,26.564,26.483
1656,26.518,26.441
1657,26.488,26.415
1658,26.529,26.448
1659,26.624,26.533
1660,26.634,26.541
1661,26.651,26.573
1662,26.632,26.553
1663,26.663,26.585
1664,26.681,26.608
1665,26.686,26.615
1666,26.696,26.620
1667,26.698,26.609
1668,26.744,26.658
1669,26.703,26.626
1670,26.646,26.565
1671,26.687,26.610
1672,26.719,26.646
1673,26.686,26.619
1674,26.673,26.597
1675,26.679,26.604
1676,26.672,26.606
1677,26.714,26.642
1678,26.700,26.625
1679,26.837,26.774
1680,26.795,26.717
1681,26.793,26.723
1682,26.836,26.768
1683,26.808,26.724
1684,26.849,26.786
1685,26.927,26.858
1686,26.935,26.869
1687,27.005,26.939
1688,27.120,27.062
1689,26.951,26.887
1690,26.966,26.892
1691,26.928,26.863
1692,26.891,26.815
1693,27.032,26.956
1694,26.850,26.778
1695,27.051,26.969
1696,26.989,26.909
1697,26.790,26.711
1698,26.765,26.682
1699,26.687,26.608
1700,26.658,26.571
1701,26.754,26.668
1702,26.734,26.635
1703,26.699,26.616
1704,26.763,26.680
1705,26.711,26.621
1706,26.782,26.719
1707,26.827,26.761
1708,26.735,26.665
1709,26.683,26.622
1710,26.695,26.623
1711,26.654,26.587
1712,26.597,26.541
1713,26.660,26.609
1714,26.559,26.509
1715,26.536,26.478
1716,26.566,26.524
1717,26.593,26.550
1718,26.612,26.561
1719,26.616,26.572
1720,26.582,26.526
1721,26.482,26.439
1722,26.383,26.339
1723,26.512,26.464
1724,26.460,26.407
1725,26.562,26.500
1726,26.465,26.409
1727,26.495,26.428
1728,26.576,26.522
1729,26.560,26.509
1730,26.528,26.472
1731,26.525,26.465
1732,26.504,26.442
1733,26.455,26.384
1734,26.469,26.393
1735,26.510,26.436
1736,26.512,26.424
1737,26.505,26.434
1738,26.434,26.349
1739,26.394,26.323
1740,26.389,26.306
1741,26.412,26.327
1742,26.367,26.292
1743,26.430,26.344
1744,26.448,26.372
1745,26.410,26.330
1746,26.414,26.342
1747,26.462,26.390
1748,26.461,26.394
1749,26.532,26.456
1750,26.698,26.640
1751,26.638,26.590
1752,26.753,26.701
1753,26.695,26.644
1754,26.666,26.620
1755,26.824,26.793
1756,27.050,27.018
1757,26.856,26.807
1758,26.735,26.685
1759,26.924,26.869
1760,26.744,26.686
1761,26.837,26.814
1762,26.889,26.868
1763,26.983,26.951
1764,27.319,27.288
1765,27.219,27.190
1766,26.877,26.849
1767,26.851,26.812
1768,26.740,26.681
1769,26.794,26.750
1770,26.771,26.714
1771,26.677,26.618
1772,26.726,26.665
1773,26.764,26.698
1774,26.745,26.683
1775,26.634,26.564
1776,26.692,26.633
1777,26.588,26.514
1778,26.748,26.693
1779,26.632,26.561
1780,26.633,26.567
1781,26.596,26.533
1782,26.596,26.524
1783,26.737,26.693
1784,26.677,26.612
1785,26.676,26.601
1786,26.663,26.589
1787,26.678,26.598
1788,26.669,26.590
1789,26.702,26.617
1790,26.797,26.727
1791,26.601,26.518
1792,26.617,26.529
1793,26.624,26.541
1794,26.532,26.432
1795,26.554,26.457
1796,26.600,26.506
1797,26.557,26.455
1798,26.481,26.375
1799,26.341,26.256
1800,26.375,26.298
1801,26.425,26.357
1802,26.355,26.286
1803,26.371,26.300
1804,26.276,26.210
1805,26.291,26.246
1806,26.333,26.274
1807,26.274,26.207
1808,26.295,26.234
1809,26.282,26.213
1810,26.305,26.261
1811,26.385,26.335
1812,26.418,26.368
1813,26.412,26.371
1814,26.497,26.451
1815,26.395,26.349
1816,26.389,26.332
1817,26.340,26.279
1818,26.366,26.293
1819,26.397,26.330
1820,26.441,26.386
1821,26.476,26.430
1822,26.505,26.456
1823,26.505,26.455
1824,26.520,26.475
1825,26.581,26.542
1826,26.553,26.506
1827,26.750,26.720
1828,26.573,26.541
1829,26.521,26.490
1830,26.551,26.524
1831,26.609,26.562
1832,26.508,26.490
1833,26.459,26.439
1834,26.437,26.393
1835,26.545,26.518
1836,26.523,26.489
1837,26.394,26.371
1838,26.329,26.316
1839,26.357,26.318
1840,26.288,26.254
