0,7.055,10.281
1,7.029,10.243
2,7.038,10.249
3,6.902,10.098
4,6.746,9.906
5,6.871,9.955
6,6.633,9.648
7,6.541,9.529
8,6.655,9.584
9,6.659,9.562
10,6.675,9.549
11,6.687,9.557
12,6.656,9.534
13,6.624,9.505
14,6.535,9.475
15,6.522,9.485
16,6.520,9.547
17,6.523,9.664
18,6.606,10.516
19,6.705,10.904
20,6.853,11.241
21,6.991,11.574
22,7.139,11.844
23,7.475,12.250
24,7.598,12.413
25,7.763,12.601
26,7.913,12.731
27,8.010,12.781
28,8.127,12.849
29,8.207,12.867
30,8.259,12.782
31,8.356,12.833
32,8.435,12.785
33,8.557,12.883
34,8.672,12.984
35,8.679,12.924
36,8.814,13.000
37,8.870,13.024
38,8.911,13.052
39,9.016,13.117
40,9.134,13.228
41,9.143,13.202
42,9.229,13.262
43,9.318,13.315
44,9.305,13.254
45,9.366,13.305
46,9.514,13.436
47,9.505,13.399
48,9.591,13.482
49,9.718,13.627
50,9.713,13.581
51,9.783,13.648
52,9.895,13.763
53,9.928,13.795
54,10.046,13.891
55,10.203,14.058
56,10.327,14.139
57,10.419,14.195
58,10.494,14.238
59,10.555,14.286
60,10.592,14.278
61,10.675,14.350
62,10.703,14.327
63,10.766,14.394
64,10.847,14.433
65,10.856,14.416
66,10.888,14.429
67,10.888,14.406
68,10.937,14.445
69,10.919,14.419
70,10.895,14.351
71,10.941,14.405
72,10.968,14.421
73,11.008,14.462
74,11.021,14.431
75,11.050,14.452
76,11.097,14.480
77,11.109,14.453
78,11.181,14.527
79,11.201,14.550
80,11.274,14.614
81,11.298,14.590
82,11.291,14.541
83,11.374,14.652
84,11.376,14.616
85,11.385,14.610
86,11.430,14.627
87,11.411,14.591
88,11.366,14.516
89,11.324,14.473
90,11.257,14.372
91,11.161,14.267
92,11.053,14.172
93,11.010,14.127
94,10.917,14.001
95,10.807,13.889
96,10.727,13.804
97,10.637,13.687
98,10.534,13.570
99,10.485,13.538
100,10.387,13.413
101,10.305,13.320
102,10.210,13.200
103,10.136,13.128
104,10.009,12.949
105,9.894,12.816
106,9.830,12.734
107,9.743,12.622
108,9.624,12.444
109,9.580,12.373
110,9.514,12.295
111,9.429,12.171
112,9.362,12.070
113,9.298,11.982
114,9.228,11.846
115,9.113,11.688
116,9.054,11.603
117,8.956,11.470
118,8.912,11.397
119,8.794,11.246
120,8.773,11.199
121,8.717,11.138
122,8.613,11.025
123,8.559,10.956
124,8.516,10.912
125,8.485,10.874
126,8.411,10.763
127,8.386,10.741
128,8.300,10.650
129,8.272,10.620
130,8.271,10.614
131,8.231,10.562
132,8.131,10.441
133,8.136,10.475
134,8.047,10.376
135,8.005,10.326
136,7.926,10.245
137,7.844,10.159
138,7.822,10.146
139,7.746,10.063
140,7.700,10.016
141,7.655,9.971
142,7.615,9.920
143,7.546,9.876
144,7.463,9.782
145,7.458,9.774
146,7.430,9.770
147,7.394,9.712
148,7.374,9.702
149,7.335,9.652
150,7.295,9.620
151,7.270,9.615
152,7.236,9.571
153,7.226,9.567
154,7.166,9.499
155,7.136,9.475
156,7.109,9.453
157,7.101,9.454
158,7.055,9.412
159,7.031,9.394
160,7.020,9.369
161,7.021,9.389
162,6.999,9.350
163,6.997,9.347
164,6.926,9.282
165,6.936,9.304
166,6.930,9.304
167,6.880,9.239
168,6.897,9.272
169,6.863,9.245
170,6.866,9.255
171,6.882,9.293
172,6.856,9.256
173,6.698,9.160
174,6.752,9.193
175,6.788,9.227
176,6.799,9.229
177,6.792,9.226
178,6.776,9.201
179,6.782,9.218
180,6.763,9.214
181,6.734,9.169
182,6.745,9.178
183,6.743,9.181
184,6.779,9.233
185,6.738,9.177
186,6.733,9.158
187,6.747,9.183
188,6.753,9.184
189,6.741,9.175
190,6.762,9.202
191,6.704,9.154
192,6.730,9.181
193,6.723,9.172
194,6.706,9.133
195,6.721,9.179
196,6.680,9.130
197,6.688,9.164
198,6.672,9.145
199,6.646,9.126
200,6.742,9.201
201,6.747,9.196
202,6.779,9.237
203,6.728,9.192
204,6.712,9.174
205,6.708,9.186
206,6.770,9.212
207,6.764,9.214
208,6.802,9.267
209,6.790,9.260
210,6.784,9.259
211,6.790,9.256
212,6.797,9.288
213,6.815,9.297
214,6.806,9.294
215,6.812,9.298
216,6.835,9.330
217,6.839,9.332
218,6.844,9.352
219,6.838,9.319
220,6.843,9.333
221,6.871,9.363
222,6.874,9.340
223,6.871,9.338
224,6.888,9.371
225,6.884,9.356
226,6.893,9.386
227,6.977,9.438
228,7.026,9.497
229,7.049,9.498
230,7.028,9.478
231,7.041,9.506
232,7.036,9.519
233,7.051,9.517
234,7.055,9.520
235,7.065,9.532
236,7.107,9.572
237,7.112,9.571
238,7.135,9.590
239,7.148,9.592
240,7.157,9.591
241,7.198,9.616
242,7.251,9.670
243,7.286,9.702
244,7.334,9.742
245,7.375,9.786
246,7.397,9.803
247,7.441,9.829
248,7.386,9.790
249,7.403,9.803
250,7.411,9.815
251,7.370,9.811
252,7.403,9.861
253,7.381,9.817
254,7.370,9.804
255,7.351,9.791
256,7.341,9.773
257,7.361,9.811
258,7.363,9.798
259,7.369,9.821
260,7.387,9.829
261,7.388,9.829
262,7.379,9.820
263,7.407,9.844
264,7.405,9.831
265,7.372,9.798
266,7.369,9.783
267,7.374,9.786
268,7.375,9.778
269,7.358,9.772
270,7.351,9.768
271,7.367,9.791
272,7.343,9.757
273,7.347,9.770
274,7.358,9.775
275,7.350,9.766
276,7.361,9.784
277,7.365,9.769
278,7.351,9.750
279,7.365,9.763
280,7.368,9.766
281,7.351,9.726
282,7.366,9.764
283,7.346,9.727
284,7.332,9.722
285,7.319,9.714
286,7.339,9.753
287,7.322,9.736
288,7.337,9.761
289,7.368,9.805
290,7.338,9.753
291,7.351,9.778
292,7.350,9.764
293,7.369,9.788
294,7.324,9.740
295,7.338,9.750
296,7.357,9.761
297,7.386,9.817
298,7.362,9.783
299,7.375,9.816
300,7.359,9.798
301,7.345,9.773
302,7.364,9.806
303,7.374,9.821
304,7.378,9.827
305,7.369,9.804
306,7.395,9.844
307,7.356,9.782
308,7.383,9.832
309,7.367,9.808
310,7.371,9.814
311,7.378,9.820
312,7.358,9.822
313,7.340,9.809
314,7.349,9.821
315,7.324,9.816
316,7.331,9.836
317,7.305,9.805
318,7.301,9.821
319,7.284,9.800
320,7.258,9.781
321,7.278,9.825
322,7.273,9.802
323,7.270,9.807
324,7.239,9.788
325,7.240,9.794
326,7.296,9.819
327,7.327,9.846
328,7.354,9.877
329,7.297,9.829
330,7.287,9.830
331,7.268,9.822
332,7.346,9.880
333,7.309,9.815
334,7.346,9.862
335,7.310,9.834
336,7.304,9.831
337,7.319,9.855
338,7.357,9.871
339,7.370,9.859
340,7.382,9.878
341,7.380,9.885
342,7.356,9.856
343,7.339,9.821
344,7.368,9.847
345,7.343,9.824
346,7.342,9.824
347,7.376,9.858
348,7.347,9.841
349,7.369,9.887
350,7.355,9.879
351,7.355,9.866
352,7.335,9.845
353,7.332,9.869
354,7.340,9.867
355,7.378,9.905
356,7.391,9.922
357,7.374,9.894
358,7.385,9.906
359,7.380,9.904
360,7.372,9.866
361,7.430,9.928
362,7.401,9.866
363,7.427,9.875
364,7.385,9.858
365,7.409,9.876
366,7.415,9.881
367,7.457,9.904
368,7.488,9.940
369,7.496,9.942
370,7.646,10.091
371,7.579,10.020
372,7.511,9.944
373,7.455,9.873
374,7.259,9.706
375,7.204,9.649
376,7.188,9.664
377,7.158,9.629
378,7.162,9.621
379,7.151,9.607
380,7.196,9.659
381,7.187,9.646
382,7.192,9.663
383,7.179,9.665
384,7.201,9.695
385,7.188,9.678
386,7.194,9.681
387,7.242,9.753
388,7.254,9.752
389,7.272,9.786
390,7.257,9.752
391,7.304,9.805
392,7.287,9.787
393,7.290,9.808
394,7.258,9.735
395,7.279,9.769
396,7.275,9.769
397,7.277,9.774
398,7.270,9.770
399,7.250,9.745
400,7.281,9.801
401,7.257,9.777
402,7.268,9.792
403,7.309,9.822
404,7.327,9.879
405,7.307,9.859
406,7.320,9.856
407,7.332,9.852
408,7.296,9.796
409,7.330,9.835
410,7.321,9.849
411,7.319,9.827
412,7.353,9.866
413,7.330,9.825
414,7.340,9.828
415,7.342,9.818
416,7.354,9.831
417,7.314,9.769
418,7.296,9.761
419,7.289,9.761
420,7.273,9.738
421,7.282,9.739
422,7.282,9.736
423,7.235,9.712
424,7.267,9.747
425,7.268,9.735
426,7.313,9.821
427,7.320,9.816
428,7.327,9.821
429,7.330,9.817
430,7.308,9.777
431,7.327,9.819
432,7.359,9.846
433,7.251,9.742
434,7.226,9.752
435,7.181,9.687
436,7.199,9.716
437,7.177,9.715
438,7.171,9.701
439,7.146,9.676
440,7.207,9.724
441,7.201,9.716
442,7.227,9.731
443,7.182,9.696
444,7.168,9.695
445,7.128,9.650
446,7.116,9.633
447,7.103,9.620
448,7.103,9.651
449,7.083,9.603
450,7.114,9.648
451,7.080,9.617
452,7.166,9.680
453,7.161,9.653
454,7.157,9.654
455,7.164,9.668
456,7.156,9.661
457,7.122,9.621
458,7.129,9.647
459,7.148,9.667
460,7.138,9.645
461,7.131,9.639
462,7.129,9.636
463,7.131,9.639
464,7.117,9.637
465,7.108,9.617
466,7.087,9.594
467,7.165,9.666
468,7.174,9.670
469,7.184,9.664
470,7.140,9.623
471,7.153,9.644
472,7.158,9.648
473,7.195,9.656
474,7.232,9.692
475,7.269,9.741
476,7.198,9.680
477,7.199,9.665
478,7.201,9.679
479,7.215,9.671
480,7.266,9.734
481,7.284,9.748
482,7.285,9.727
483,7.317,9.758
484,7.386,9.843
485,7.420,9.866
486,7.475,9.928
487,7.499,9.932
488,7.567,10.008
489,7.591,10.024
490,7.599,10.015
491,7.608,10.052
492,7.616,10.062
493,7.631,10.076
494,7.642,10.082
495,7.638,10.078
496,7.646,10.082
497,7.591,10.018
498,7.587,10.017
499,7.569,9.999
500,7.484,9.907
501,7.459,9.895
502,7.416,9.862
503,7.447,9.888
504,7.430,9.875
505,7.433,9.868
506,7.429,9.878
507,7.431,9.870
508,7.455,9.894
509,7.462,9.909
510,7.463,9.901
511,7.460,9.888
512,7.484,9.927
513,7.496,9.957
514,7.442,9.876
515,7.466,9.927
516,7.428,9.866
517,7.427,9.879
518,7.403,9.846
519,7.397,9.832
520,7.367,9.806
521,7.362,9.807
522,7.374,9.830
523,7.375,9.844
524,7.375,9.857
525,7.339,9.813
526,7.303,9.773
527,7.301,9.772
528,7.306,9.763
529,7.263,9.735
530,7.207,9.667
531,7.179,9.648
532,7.148,9.609
533,7.134,9.605
534,7.127,9.600
535,7.104,9.580
536,7.085,9.577
537,7.090,9.576
538,7.079,9.581
539,7.064,9.576
540,7.050,9.562
541,7.017,9.535
542,6.993,9.513
543,6.969,9.478
544,6.964,9.496
545,6.945,9.471
546,6.944,9.474
547,6.927,9.461
548,6.908,9.455
549,6.918,9.472
550,6.893,9.434
551,6.867,9.418
552,6.878,9.430
553,6.857,9.401
554,6.832,9.368
555,6.850,9.394
556,6.820,9.368
557,6.798,9.362
558,6.794,9.369
559,6.760,9.325
560,6.774,9.355
561,6.763,9.332
562,6.781,9.358
563,6.923,9.503
564,6.947,9.505
565,6.976,9.544
566,6.967,9.581
567,6.965,9.553
568,6.978,9.579
569,6.972,9.569
570,6.995,9.603
571,6.985,9.593
572,6.953,9.541
573,6.989,9.594
574,6.983,9.585
575,6.991,9.597
576,7.041,9.669
577,7.013,9.618
578,7.026,9.641
579,7.041,9.645
580,7.042,9.663
581,7.024,9.635
582,7.044,9.679
583,7.037,9.664
584,7.045,9.668
585,7.033,9.649
586,7.049,9.680
587,7.052,9.679
588,7.055,9.686
589,7.053,9.671
590,7.100,9.740
591,7.085,9.711
592,7.111,9.726
593,7.117,9.748
594,7.114,9.736
595,7.132,9.767
596,7.132,9.749
597,7.144,9.767
598,7.122,9.732
599,7.155,9.778
600,7.127,9.740
601,7.114,9.724
602,7.130,9.748
603,7.134,9.764
604,7.099,9.710
605,7.119,9.735
606,7.108,9.723
607,7.107,9.746
608,7.101,9.725
609,7.099,9.726
610,7.093,9.716
611,7.080,9.699
612,7.086,9.710
613,7.103,9.732
614,7.100,9.728
615,7.110,9.737
616,7.128,9.763
617,7.107,9.730
618,7.132,9.754
619,7.107,9.723
620,7.140,9.768
621,7.121,9.738
622,7.122,9.731
623,7.153,9.777
624,7.127,9.723
625,7.149,9.769
626,7.152,9.773
627,7.149,9.765
628,7.153,9.768
629,7.167,9.798
630,7.139,9.749
631,7.157,9.784
632,7.167,9.785
633,7.138,9.753
634,7.149,9.767
635,7.151,9.794
636,7.140,9.766
637,7.141,9.767
638,7.124,9.755
639,7.108,9.752
640,7.096,9.727
641,7.076,9.712
642,7.082,9.718
643,7.067,9.703
644,7.047,9.677
645,7.052,9.687
646,7.052,9.660
647,7.037,9.652
648,7.037,9.649
649,7.039,9.646
650,7.033,9.646
651,7.018,9.613
652,7.011,9.597
653,7.060,9.677
654,7.047,9.634
655,7.049,9.647
656,7.044,9.641
657,7.015,9.601
658,7.007,9.591
659,6.992,9.571
660,6.983,9.571
661,6.969,9.557
662,6.949,9.543
663,6.943,9.528
664,6.902,9.468
665,6.891,9.451
666,6.847,9.417
667,6.835,9.409
668,6.845,9.423
669,6.805,9.374
670,6.782,9.362
671,6.769,9.341
672,6.758,9.325
673,6.750,9.331
674,6.742,9.338
675,6.718,9.298
676,6.734,9.320
677,6.732,9.299
678,6.735,9.315
679,6.731,9.320
680,6.713,9.321
681,6.681,9.256
682,6.694,9.300
683,6.665,9.270
684,6.679,9.306
685,6.655,9.288
686,6.604,9.222
687,6.599,9.218
688,6.584,9.197
689,6.676,9.289
690,6.709,9.311
691,6.751,9.360
692,6.664,9.256
693,6.697,9.322
694,6.707,9.319
695,6.792,9.394
696,6.804,9.414
697,6.839,9.436
698,6.828,9.447
699,6.833,9.461
700,6.846,9.477
701,6.842,9.456
702,6.874,9.499
703,6.903,9.538
704,6.901,9.537
705,6.937,9.571
706,6.937,9.580
707,6.974,9.621
708,7.002,9.642
709,7.033,9.682
710,7.054,9.695
711,7.074,9.715
712,7.116,9.747
713,7.130,9.749
714,7.188,9.812
715,7.239,9.863
716,7.269,9.886
717,7.297,9.915
718,7.321,9.935
719,7.313,9.895
720,7.338,9.936
721,7.351,9.944
722,7.289,9.903
723,7.276,9.884
724,7.291,9.897
725,7.336,9.933
726,7.405,10.020
727,7.431,10.043
728,7.372,9.993
729,7.327,9.959
730,7.307,9.958
731,7.252,9.924
732,7.231,9.931
733,7.230,9.946
734,7.255,9.970
735,7.307,10.058
736,7.327,10.083
737,7.302,10.051
738,7.326,10.088
739,7.331,10.097
740,7.320,10.098
741,7.335,10.101
742,7.347,10.127
743,7.338,10.106
744,7.353,10.128
745,7.341,10.111
746,7.376,10.162
747,7.382,10.165
748,7.385,10.155
749,7.396,10.170
750,7.408,10.179
751,7.421,10.188
752,7.427,10.188
753,7.438,10.198
754,7.468,10.233
755,7.395,10.167
756,7.413,10.184
757,7.421,10.195
758,7.450,10.212
759,7.480,10.246
760,7.523,10.287
761,7.513,10.259
762,7.515,10.255
763,7.506,10.220
764,7.553,10.308
765,7.535,10.252
766,7.572,10.299
767,7.592,10.316
768,7.603,10.330
769,7.612,10.308
770,7.621,10.357
771,7.614,10.327
772,7.641,10.347
773,7.665,10.394
774,7.677,10.384
775,7.652,10.344
776,7.705,10.417
777,7.695,10.405
778,7.689,10.379
779,7.710,10.390
780,7.747,10.419
781,7.766,10.430
782,7.790,10.470
783,7.795,10.465
784,7.787,10.443
785,7.802,10.457
786,7.764,10.396
787,7.792,10.444
788,7.755,10.395
789,7.764,10.413
790,7.769,10.413
791,7.752,10.408
792,7.732,10.373
793,7.731,10.368
794,7.707,10.345
795,7.722,10.394
796,7.712,10.363
797,7.704,10.369
798,7.667,10.321
799,7.680,10.366
800,7.662,10.341
801,7.619,10.286
802,7.621,10.293
803,7.602,10.271
804,7.600,10.277
805,7.597,10.293
806,7.595,10.279
807,7.566,10.238
808,7.570,10.243
809,7.581,10.266
810,7.546,10.248
811,7.571,10.269
812,7.568,10.296
813,7.546,10.273
814,7.550,10.319
815,7.540,10.306
816,7.506,10.265
817,7.477,10.254
818,7.468,10.282
819,7.390,10.184
820,7.396,10.218
821,7.376,10.181
822,7.373,10.205
823,7.406,10.268
824,7.388,10.230
825,7.420,10.273
826,7.436,10.296
827,7.405,10.235
828,7.430,10.269
829,7.417,10.252
830,7.379,10.214
831,7.388,10.236
832,7.383,10.233
833,7.379,10.232
834,7.364,10.217
835,7.352,10.201
836,7.316,10.165
837,7.299,10.167
838,7.312,10.184
839,7.308,10.160
840,7.290,10.134
841,7.338,10.213
842,7.291,10.144
843,7.328,10.196
844,7.311,10.183
845,7.303,10.180
846,7.293,10.163
847,7.302,10.154
848,7.290,10.169
849,7.312,10.187
850,7.285,10.140
851,7.331,10.198
852,7.328,10.200
853,7.319,10.187
854,7.328,10.200
855,7.339,10.222
856,7.319,10.187
857,7.334,10.201
858,7.367,10.256
859,7.346,10.241
860,7.353,10.234
861,7.372,10.262
862,7.372,10.265
863,7.368,10.258
864,7.376,10.273
865,7.366,10.237
866,7.422,10.326
867,7.443,10.330
868,7.450,10.333
869,7.479,10.371
870,7.498,10.399
871,7.550,10.479
872,7.566,10.461
873,7.583,10.490
874,7.668,10.585
875,7.685,10.610
876,7.698,10.622
877,7.742,10.678
878,7.758,10.674
879,7.795,10.745
880,7.835,10.793
881,7.841,10.803
882,7.906,10.885
883,7.960,10.957
884,7.993,10.988
885,8.040,11.029
886,8.105,11.106
887,8.128,11.103
888,8.181,11.165
889,8.244,11.238
890,8.295,11.285
891,8.336,11.307
892,8.401,11.377
893,8.454,11.430
894,8.503,11.489
895,8.562,11.539
896,8.600,11.577
897,8.641,11.598
898,8.657,11.599
899,8.683,11.642
900,8.737,11.708
901,8.767,11.707
902,8.778,11.733
903,8.803,11.750
904,8.865,11.805
905,8.879,11.819
906,8.907,11.860
907,8.922,11.863
908,8.926,11.865
909,8.919,11.841
910,8.918,11.848
911,8.913,11.818
912,8.884,11.789
913,8.893,11.821
914,8.842,11.765
915,8.820,11.716
916,8.811,11.713
917,8.827,11.721
918,8.782,11.660
919,8.734,11.597
920,8.718,11.566
921,8.735,11.581
922,8.698,11.532
923,8.703,11.549
924,8.661,11.477
925,8.669,11.494
926,8.631,11.430
927,8.643,11.456
928,8.684,11.487
929,8.617,11.402
930,8.618,11.404
931,8.647,11.438
932,8.594,11.365
933,8.576,11.340
934,8.553,11.284
935,8.507,11.256
936,8.511,11.223
937,8.495,11.179
938,8.476,11.166
939,8.453,11.145
940,8.438,11.115
941,8.429,11.107
942,8.409,11.051
943,8.386,11.033
944,8.346,10.996
945,8.333,10.957
946,8.258,10.846
947,8.195,10.788
948,8.183,10.754
949,8.180,10.768
950,8.198,10.787
951,8.152,10.720
952,8.161,10.722
953,8.123,10.692
954,8.130,10.674
955,8.081,10.626
956,8.075,10.594
957,8.062,10.575
958,8.062,10.579
959,7.997,10.509
960,7.999,10.558
961,7.970,10.523
962,7.986,10.553
963,7.999,10.573
964,7.982,10.550
965,7.994,10.551
966,7.973,10.517
967,7.971,10.507
968,7.908,10.447
969,7.932,10.475
970,7.893,10.423
971,7.886,10.406
972,7.849,10.355
973,7.792,10.335
974,7.804,10.353
975,7.780,10.339
976,7.741,10.292
977,7.734,10.283
978,7.696,10.246
979,7.680,10.224
980,7.649,10.216
981,7.632,10.210
982,7.613,10.188
983,7.600,10.193
984,7.603,10.216
985,7.594,10.198
986,7.548,10.152
987,7.522,10.146
988,7.480,10.114
989,7.478,10.124
990,7.473,10.129
991,7.446,10.125
992,7.452,10.128
993,7.479,10.158
994,7.504,10.204
995,7.517,10.217
996,7.524,10.219
997,7.483,10.169
998,7.470,10.182
999,7.459,10.142
1000,7.456,10.165
1001,7.446,10.157
1002,7.384,10.072
1003,7.338,10.040
1004,7.422,10.088
1005,7.468,10.124
1006,7.501,10.176
1007,7.471,10.156
1008,7.456,10.128
1009,7.407,10.083
1010,7.363,10.036
1011,7.386,10.044
1012,7.349,10.022
1013,7.379,10.036
1014,7.346,10.061
1015,7.340,10.056
1016,7.436,10.086
1017,7.471,10.123
1018,7.496,10.136
1019,7.454,10.097
1020,7.463,10.104
1021,7.464,10.107
1022,7.465,10.114
1023,7.466,10.108
1024,7.447,10.097
1025,7.468,10.110
1026,7.468,10.115
1027,7.428,10.130
1028,7.432,10.118
1029,7.460,10.146
1030,7.481,10.190
1031,7.454,10.156
1032,7.469,10.163
1033,7.465,10.170
1034,7.479,10.187
1035,7.489,10.193
1036,7.487,10.203
1037,7.500,10.205
1038,7.504,10.207
1039,7.504,10.201
1040,7.532,10.244
1041,7.528,10.245
1042,7.529,10.263
1043,7.525,10.237
1044,7.525,10.225
1045,7.520,10.239
1046,7.543,10.278
1047,7.544,10.255
1048,7.582,10.293
1049,7.569,10.269
1050,7.646,10.362
1051,7.655,10.384
1052,7.650,10.362
1053,7.676,10.390
1054,7.684,10.389
1055,7.702,10.390
1056,7.740,10.444
1057,7.789,10.503
1058,7.820,10.512
1059,7.830,10.481
1060,7.863,10.521
1061,7.817,10.494
1062,7.840,10.506
1063,7.854,10.522
1064,7.866,10.520
1065,7.854,10.500
1066,7.814,10.454
1067,7.819,10.459
1068,7.796,10.415
1069,7.769,10.394
1070,7.762,10.366
1071,7.819,10.447
1072,7.869,10.493
1073,7.890,10.524
1074,7.935,10.534
1075,7.977,10.601
1076,7.992,10.611
1077,7.995,10.620
1078,7.997,10.614
1079,7.930,10.611
1080,7.925,10.594
1081,7.910,10.580
1082,7.949,10.625
1083,7.930,10.586
1084,7.956,10.636
1085,7.959,10.611
1086,7.989,10.644
1087,8.009,10.645
1088,8.022,10.653
1089,8.028,10.670
1090,8.029,10.668
1091,8.049,10.694
1092,8.087,10.736
1093,8.072,10.720
1094,8.104,10.749
1095,8.134,10.783
1096,8.101,10.712
1097,8.081,10.715
1098,8.140,10.783
1099,8.152,10.795
1100,8.141,10.787
1101,8.145,10.793
1102,8.148,10.792
1103,8.162,10.815
1104,8.144,10.800
1105,8.167,10.817
1106,8.191,10.854
1107,8.174,10.827
1108,8.164,10.811
1109,8.176,10.833
1110,8.173,10.819
1111,8.198,10.821
1112,8.230,10.866
1113,8.231,10.839
1114,8.265,10.886
1115,8.308,10.956
1116,8.294,10.932
1117,8.273,10.911
1118,8.304,10.948
1119,8.281,10.918
1120,8.302,10.933
1121,8.301,10.931
1122,8.296,10.919
1123,8.298,10.937
1124,8.309,10.947
1125,8.296,10.916
1126,8.279,10.890
1127,8.299,10.930
1128,8.275,10.899
1129,8.295,10.917
1130,8.284,10.902
1131,8.281,10.906
1132,8.281,10.906
1133,8.264,10.902
1134,8.260,10.884
1135,8.229,10.847
1136,8.216,10.853
1137,8.182,10.807
1138,8.148,10.780
1139,8.179,10.828
1140,8.136,10.784
1141,8.110,10.780
1142,8.095,10.759
1143,8.045,10.725
1144,8.029,10.713
1145,8.040,10.747
1146,8.003,10.701
1147,8.006,10.722
1148,7.941,10.641
1149,7.914,10.627
1150,7.916,10.619
1151,7.913,10.647
1152,7.900,10.649
1153,7.852,10.572
1154,7.895,10.646
1155,7.887,10.647
1156,7.838,10.601
1157,7.789,10.541
1158,7.726,10.461
1159,7.720,10.488
1160,7.827,10.546
1161,7.823,10.518
1162,7.848,10.557
1163,7.805,10.546
1164,7.807,10.556
1165,7.788,10.556
1166,7.762,10.542
1167,7.731,10.504
1168,7.748,10.526
1169,7.881,10.601
1170,7.910,10.638
1171,7.904,10.632
1172,7.854,10.556
1173,7.831,10.537
1174,7.814,10.511
1175,7.799,10.486
1176,7.831,10.539
1177,7.854,10.568
1178,7.862,10.584
1179,7.863,10.596
1180,7.819,10.520
1181,7.816,10.528
1182,7.836,10.560
1183,7.809,10.534
1184,7.840,10.563
1185,7.803,10.517
1186,7.781,10.489
1187,7.812,10.525
1188,7.821,10.544
1189,7.823,10.560
1190,7.822,10.566
1191,7.844,10.582
1192,7.808,10.511
1193,7.790,10.532
1194,7.747,10.456
1195,7.725,10.444
1196,7.825,10.514
1197,7.815,10.480
1198,7.910,10.577
1199,7.893,10.570
1200,7.920,10.603
1201,7.953,10.622
1202,7.941,10.613
1203,7.964,10.628
1204,7.957,10.594
1205,8.038,10.690
1206,8.055,10.653
1207,8.145,10.737
1208,8.153,10.731
1209,8.178,10.741
1210,8.254,10.800
1211,8.221,10.776
1212,8.191,10.768
1213,8.201,10.747
1214,8.180,10.738
1215,8.187,10.730
1216,8.200,10.767
1217,8.115,10.718
1218,8.085,10.656
1219,8.098,10.692
1220,8.151,10.715
1221,8.169,10.728
1222,8.178,10.726
1223,8.193,10.773
1224,8.149,10.693
1225,8.187,10.747
1226,8.176,10.736
1227,8.148,10.705
1228,8.121,10.659
1229,8.103,10.652
1230,8.099,10.648
1231,8.117,10.675
1232,8.153,10.698
1233,8.165,10.715
1234,8.226,10.788
1235,8.185,10.734
1236,8.188,10.742
1237,8.194,10.763
1238,8.127,10.690
1239,8.128,10.688
1240,8.142,10.690
1241,8.140,10.683
1242,8.145,10.701
1243,8.166,10.705
1244,8.142,10.678
1245,8.138,10.664
1246,8.128,10.667
1247,8.114,10.644
1248,8.075,10.587
1249,8.083,10.626
1250,8.032,10.548
1251,8.036,10.583
1252,8.002,10.522
1253,7.979,10.511
1254,8.003,10.548
1255,7.997,10.533
1256,8.021,10.563
1257,8.030,10.560
1258,8.049,10.586
1259,8.071,10.610
1260,8.065,10.598
1261,8.094,10.639
1262,8.071,10.618
1263,8.113,10.681
1264,8.091,10.634
1265,8.072,10.613
1266,8.074,10.625
1267,8.067,10.613
1268,8.061,10.615
1269,8.019,10.565
1270,8.005,10.551
1271,7.999,10.559
1272,7.953,10.509
1273,7.898,10.440
1274,7.878,10.455
1275,7.849,10.401
1276,7.845,10.417
1277,7.823,10.388
1278,7.810,10.386
1279,7.797,10.366
1280,7.809,10.396
1281,7.801,10.385
1282,7.797,10.391
1283,7.772,10.367
1284,7.721,10.340
1285,7.671,10.270
1286,7.652,10.259
1287,7.650,10.263
1288,7.634,10.250
1289,7.620,10.245
1290,7.595,10.227
1291,7.592,10.226
1292,7.564,10.199
1293,7.548,10.176
1294,7.534,10.175
1295,7.483,10.112
1296,7.466,10.104
1297,7.442,10.074
1298,7.431,10.081
1299,7.437,10.108
1300,7.439,10.126
1301,7.410,10.098
1302,7.401,10.082
1303,7.387,10.086
1304,7.361,10.099
1305,7.332,10.039
1306,7.290,10.004
1307,7.452,10.130
1308,7.488,10.163
1309,7.535,10.232
1310,7.487,10.181
1311,7.492,10.185
1312,7.481,10.180
1313,7.461,10.155
1314,7.457,10.144
1315,7.474,10.169
1316,7.476,10.142
1317,7.476,10.138
1318,7.485,10.134
1319,7.513,10.182
1320,7.463,10.082
1321,7.465,10.087
1322,7.462,10.075
1323,7.472,10.086
1324,7.473,10.094
1325,7.453,10.081
1326,7.458,10.102
1327,7.439,10.087
1328,7.447,10.100
1329,7.429,10.065
1330,7.421,10.077
1331,7.424,10.067
1332,7.436,10.098
1333,7.465,10.136
1334,7.464,10.127
1335,7.468,10.130
1336,7.484,10.144
1337,7.488,10.141
1338,7.517,10.158
1339,7.536,10.188
1340,7.508,10.139
1341,7.509,10.138
1342,7.539,10.180
1343,7.512,10.141
1344,7.528,10.137
1345,7.519,10.140
1346,7.506,10.166
1347,7.514,10.172
1348,7.535,10.210
1349,7.554,10.219
1350,7.565,10.226
1351,7.581,10.225
1352,7.607,10.260
1353,7.626,10.271
1354,7.632,10.283
1355,7.635,10.265
1356,7.648,10.289
1357,7.654,10.278
1358,7.668,10.292
1359,7.645,10.254
1360,7.647,10.279
1361,7.684,10.349
1362,7.696,10.342
1363,7.679,10.326
1364,7.691,10.356
1365,7.700,10.389
1366,7.712,10.420
1367,7.707,10.419
1368,7.755,10.467
1369,7.781,10.521
1370,7.767,10.502
1371,7.797,10.533
1372,7.793,10.522
1373,7.844,10.552
1374,7.873,10.593
1375,7.868,10.577
1376,7.860,10.560
1377,7.891,10.578
1378,7.915,10.605
1379,7.922,10.590
1380,7.940,10.596
1381,7.935,10.606
1382,7.955,10.633
1383,7.969,10.688
1384,7.957,10.693
1385,7.937,10.700
1386,7.927,10.720
1387,7.954,10.774
1388,7.962,10.803
1389,7.939,10.779
1390,7.941,10.791
1391,7.955,10.810
1392,7.987,10.842
1393,7.976,10.821
1394,8.003,10.873
1395,7.989,10.840
1396,7.969,10.799
1397,7.983,10.821
1398,7.988,10.819
1399,8.011,10.858
1400,8.056,10.961
1401,8.068,10.983
1402,8.063,10.996
1403,8.041,10.959
1404,8.022,10.922
1405,8.035,10.964
1406,8.060,10.984
1407,8.088,11.010
1408,8.050,10.969
1409,8.086,11.010
1410,8.088,11.010
1411,8.086,10.996
1412,8.077,10.992
1413,8.081,11.007
1414,8.068,10.981
1415,8.049,10.961
1416,8.072,10.995
1417,8.067,10.981
1418,8.117,11.057
1419,8.112,11.014
1420,8.109,11.012
1421,8.042,10.938
1422,7.992,10.892
1423,7.967,10.852
1424,7.943,10.834
1425,7.935,10.822
1426,7.969,10.876
1427,8.143,11.009
1428,8.227,11.073
1429,8.276,11.086
1430,8.290,11.115
1431,8.278,11.107
1432,8.233,11.049
1433,8.241,11.020
1434,8.242,11.025
1435,8.227,10.992
1436,8.202,10.940
1437,8.180,10.939
1438,8.150,10.887
1439,8.104,10.832
1440,8.095,10.824
1441,8.074,10.800
1442,8.099,10.813
1443,8.152,10.881
1444,8.219,10.958
1445,8.196,10.917
1446,8.205,10.934
1447,8.195,10.929
1448,8.198,10.946
1449,8.182,10.912
1450,8.173,10.916
1451,7.994,10.760
1452,7.983,10.770
1453,7.950,10.746
1454,7.863,10.654
1455,7.895,10.695
1456,7.898,10.683
1457,7.905,10.675
1458,7.870,10.609
1459,7.837,10.590
1460,7.785,10.522
1461,7.783,10.511
1462,7.804,10.542
1463,7.819,10.557
1464,7.838,10.568
1465,7.868,10.592
1466,7.891,10.628
1467,7.903,10.642
1468,7.889,10.615
1469,7.879,10.603
1470,7.892,10.631
1471,7.893,10.653
1472,7.889,10.626
1473,7.862,10.581
1474,7.879,10.616
1475,7.876,10.608
1476,7.894,10.644
1477,7.848,10.588
1478,7.847,10.590
1479,7.857,10.612
1480,7.846,10.585
1481,7.840,10.582
1482,7.832,10.561
1483,7.842,10.571
1484,7.851,10.582
1485,7.832,10.562
1486,7.751,10.421
1487,7.752,10.449
1488,7.728,10.427
1489,7.692,10.378
1490,7.672,10.368
1491,7.638,10.326
1492,7.623,10.330
1493,7.572,10.268
1494,7.550,10.255
1495,7.486,10.201
1496,7.481,10.208
1497,7.442,10.166
1498,7.460,10.194
1499,7.430,10.158
1500,7.413,10.153
1501,7.379,10.128
1502,7.331,10.067
1503,7.343,10.089
1504,7.319,10.068
1505,7.260,9.990
1506,7.244,9.984
1507,7.253,9.998
1508,7.395,10.125
1509,7.427,10.153
1510,7.392,10.098
1511,7.480,10.197
1512,7.457,10.159
1513,7.442,10.142
1514,7.383,10.101
1515,7.378,10.083
1516,7.372,10.077
1517,7.567,10.283
1518,7.575,10.274
1519,7.591,10.277
1520,7.560,10.253
1521,7.566,10.268
1522,7.550,10.243
1523,7.526,10.223
1524,7.535,10.220
1525,7.537,10.242
1526,7.547,10.241
1527,7.507,10.194
1528,7.517,10.183
1529,7.494,10.162
1530,7.510,10.174
1531,7.529,10.188
1532,7.520,10.170
1533,7.566,10.222
1534,7.567,10.204
1535,7.626,10.262
1536,7.662,10.305
1537,7.737,10.358
1538,7.800,10.418
1539,7.865,10.461
1540,7.955,10.527
1541,7.845,10.418
1542,7.858,10.415
1543,7.864,10.436
1544,7.775,10.342
1545,7.793,10.341
1546,7.746,10.299
1547,7.783,10.366
1548,7.775,10.349
1549,7.750,10.303
1550,7.687,10.274
1551,7.662,10.243
1552,7.646,10.208
1553,7.632,10.202
1554,7.639,10.202
1555,7.640,10.223
1556,7.638,10.214
1557,7.610,10.174
1558,7.635,10.175
1559,7.632,10.176
1560,7.607,10.181
1561,7.605,10.176
1562,7.587,10.163
1563,7.598,10.171
1564,7.604,10.188
1565,7.572,10.156
1566,7.590,10.192
1567,7.563,10.145
1568,7.545,10.139
1569,7.552,10.149
1570,7.549,10.134
1571,7.533,10.130
1572,7.507,10.100
1573,7.543,10.166
1574,7.561,10.186
1575,7.567,10.175
1576,7.551,10.154
1577,7.556,10.170
1578,7.544,10.134
1579,7.544,10.142
1580,7.565,10.168
1581,7.553,10.157
1582,7.533,10.137
1583,7.535,10.134
1584,7.539,10.148
1585,7.556,10.156
1586,7.534,10.129
1587,7.542,10.128
1588,7.538,10.124
1589,7.570,10.153
1590,7.568,10.145
1591,7.559,10.137
1592,7.564,10.144
1593,7.515,10.080
1594,7.574,10.145
1595,7.531,10.088
1596,7.545,10.093
1597,7.573,10.133
1598,7.553,10.109
1599,7.515,10.093
1600,7.504,10.056
1601,7.494,10.044
1602,7.442,10.032
1603,7.447,10.049
1604,7.435,10.031
1605,7.424,10.029
1606,7.426,10.041
1607,7.394,9.989
1608,7.420,10.021
1609,7.407,10.003
1610,7.394,9.963
1611,7.414,10.019
1612,7.396,9.997
1613,7.415,10.025
1614,7.328,9.947
1615,7.318,9.971
1616,7.311,9.954
1617,7.304,9.953
1618,7.322,9.978
1619,7.323,9.973
1620,7.271,9.901
1621,7.275,9.903
1622,7.257,9.905
1623,7.227,9.873
1624,7.189,9.835
1625,7.178,9.824
1626,7.204,9.862
1627,7.161,9.813
1628,7.149,9.801
1629,7.100,9.743
1630,7.132,9.792
1631,7.108,9.767
1632,7.095,9.759
1633,7.072,9.725
1634,7.066,9.733
1635,7.065,9.719
1636,6.996,9.645
1637,7.018,9.679
1638,6.992,9.663
1639,6.955,9.604
1640,7.123,9.772
1641,7.090,9.719
1642,7.111,9.739
1643,7.240,9.877
1644,7.249,9.896
1645,7.230,9.866
1646,7.165,9.807
1647,7.171,9.828
1648,7.134,9.754
1649,7.335,9.958
1650,7.341,9.957
1651,7.366,9.971
1652,7.325,9.936
1653,7.308,9.914
1654,7.303,9.900
1655,7.306,9.914
1656,7.316,9.941
1657,7.328,9.949
1658,7.292,9.900
1659,7.306,9.919
1660,7.303,9.911
1661,7.296,9.906
1662,7.323,9.944
1663,7.358,9.974
1664,7.331,9.920
1665,7.394,9.980
1666,7.429,10.008
1667,7.479,10.037
1668,7.554,10.124
1669,7.608,10.151
1670,7.738,10.282
1671,7.809,10.349
1672,7.896,10.422
1673,7.837,10.376
1674,7.820,10.350
1675,7.814,10.321
1676,7.769,10.302
1677,7.776,10.314
1678,7.715,10.232
1679,7.710,10.251
1680,7.685,10.214
1681,7.680,10.201
1682,7.714,10.226
1683,7.742,10.269
1684,7.744,10.248
1685,7.716,10.209
1686,7.750,10.256
1687,7.794,10.323
1688,7.757,10.249
1689,7.759,10.257
1690,7.724,10.222
1691,7.731,10.241
1692,7.744,10.249
1693,7.721,10.229
1694,7.692,10.178
1695,7.755,10.278
1696,7.695,10.203
1697,7.697,10.198
1698,7.711,10.230
1699,7.689,10.195
1700,7.710,10.226
1701,7.688,10.216
1702,7.692,10.221
1703,7.715,10.252
1704,7.696,10.213
1705,7.686,10.225
1706,7.689,10.218
1707,7.705,10.234
1708,7.682,10.211
1709,7.680,10.198
1710,7.653,10.168
1711,7.666,10.184
1712,7.640,10.146
1713,7.650,10.175
1714,7.623,10.146
1715,7.599,10.127
1716,7.572,10.082
1717,7.581,10.099
1718,7.584,10.115
1719,7.561,10.081
1720,7.570,10.094
1721,7.550,10.062
1722,7.556,10.094
1723,7.513,10.046
1724,7.478,10.001
1725,7.503,10.024
1726,7.520,10.058
1727,7.476,10.023
1728,7.476,10.017
1729,7.469,10.015
1730,7.446,9.984
1731,7.440,9.986
1732,7.414,9.947
1733,7.388,9.936
1734,7.347,9.884
1735,7.356,9.910
1736,7.344,9.894
1737,7.306,9.844
1738,7.294,9.848
1739,7.241,9.805
1740,7.258,9.823
1741,7.192,9.760
1742,7.180,9.748
1743,7.165,9.744
1744,7.143,9.724
1745,7.115,9.709
1746,7.074,9.632
1747,7.027,9.585
1748,7.014,9.594
1749,6.986,9.561
1750,6.970,9.575
1751,6.975,9.585
1752,6.880,9.480
1753,6.881,9.500
1754,6.986,9.578
1755,6.980,9.563
1756,7.004,9.598
1757,6.939,9.530
1758,6.890,9.497
1759,6.876,9.509
1760,7.051,9.684
1761,7.084,9.705
1762,7.103,9.729
1763,7.089,9.734
1764,7.098,9.751
1765,7.075,9.715
1766,7.255,9.889
1767,7.269,9.907
1768,7.266,9.883
1769,7.228,9.867
1770,7.221,9.860
1771,7.210,9.839
1772,7.208,9.844
1773,7.173,9.816
1774,7.152,9.781
1775,7.163,9.808
1776,7.142,9.777
1777,7.107,9.720
1778,7.281,9.891
1779,7.338,9.946
1780,7.367,9.965
1781,7.296,9.906
1782,7.330,9.967
1783,7.310,9.932
1784,7.369,9.991
1785,7.404,10.018
1786,7.485,10.094
1787,7.567,10.152
1788,7.701,10.289
1789,7.810,10.372
1790,7.937,10.475
1791,8.062,10.589
1792,8.181,10.710
1793,8.109,10.656
1794,8.119,10.652
1795,8.140,10.657
1796,8.058,10.583
1797,8.034,10.544
1798,7.996,10.534
1799,7.936,10.481
1800,7.903,10.433
1801,7.931,10.474
1802,7.954,10.471
1803,8.019,10.571
1804,8.049,10.613
1805,8.016,10.581
1806,8.000,10.558
1807,8.022,10.603
1808,7.984,10.543
1809,8.046,10.640
1810,8.006,10.580
1811,8.029,10.614
1812,8.000,10.574
1813,8.020,10.606
1814,8.016,10.591
1815,8.016,10.603
1816,8.018,10.621
1817,8.008,10.585
1818,7.993,10.563
1819,7.964,10.520
1820,7.977,10.554
1821,7.999,10.580
1822,8.008,10.611
1823,7.977,10.567
1824,7.983,10.593
1825,7.988,10.609
1826,7.982,10.593
1827,7.972,10.565
1828,7.972,10.579
1829,7.992,10.601
1830,8.005,10.623
1831,7.988,10.627
1832,7.976,10.583
1833,7.938,10.555
1834,7.929,10.536
1835,7.967,10.593
1836,7.998,10.632
1837,7.995,10.619
1838,7.989,10.619
1839,7.972,10.603
1840,7.996,10.620
1841,7.988,10.600
