0,15.957,19.711
1,15.948,19.687
2,15.956,19.720
3,15.962,19.712
4,15.962,19.725
5,15.969,19.754
6,15.965,19.721
7,15.963,19.717
8,15.979,19.747
9,15.963,19.736
10,15.956,19.709
11,15.977,19.743
12,15.980,19.767
13,15.958,19.697
14,15.981,19.736
15,15.987,19.747
16,16.002,19.780
17,15.985,19.748
18,15.980,19.732
19,15.989,19.737
20,15.963,19.688
21,15.974,19.693
22,15.961,19.666
23,15.944,19.651
24,15.976,19.698
25,15.949,19.654
26,15.970,19.672
27,15.941,19.620
28,15.965,19.668
29,15.980,19.696
30,15.974,19.675
31,15.939,19.652
32,15.964,19.694
33,15.958,19.673
34,15.962,19.715
35,15.976,19.716
36,15.953,19.689
37,15.952,19.688
38,15.987,19.763
39,15.979,19.720
40,15.979,19.717
41,15.994,19.749
42,15.973,19.710
43,15.973,19.694
44,15.999,19.745
45,15.976,19.721
46,15.992,19.755
47,15.986,19.727
48,15.969,19.723
49,15.922,19.611
50,15.942,19.640
51,15.935,19.651
52,15.907,19.595
53,15.974,19.749
54,15.947,19.684
55,15.958,19.665
56,15.931,19.604
57,15.941,19.633
58,15.938,19.618
59,15.919,19.601
60,15.960,19.706
61,15.955,19.675
62,15.952,19.677
63,15.957,19.710
64,15.959,19.703
65,15.951,19.680
66,15.949,19.688
67,15.947,19.691
68,15.968,19.742
69,15.962,19.728
70,15.944,19.685
71,15.964,19.704
72,15.952,19.702
73,15.968,19.729
74,15.962,19.716
75,15.966,19.733
76,15.980,19.756
77,15.960,19.700
78,15.974,19.712
79,15.961,19.704
80,15.959,19.700
81,15.960,19.691
82,15.943,19.658
83,15.966,19.694
84,15.960,19.682
85,15.962,19.690
86,15.952,19.678
87,15.935,19.629
88,15.945,19.651
89,15.954,19.671
90,15.932,19.636
91,15.971,19.712
92,15.945,19.655
93,15.928,19.637
94,15.951,19.667
95,15.908,19.601
96,15.947,19.680
97,15.914,19.624
98,15.947,19.684
99,15.925,19.642
100,15.947,19.682
101,15.934,19.658
102,15.913,19.651
103,15.931,19.679
104,15.913,19.644
105,15.910,19.650
106,15.923,19.663
107,15.916,19.657
108,15.916,19.643
109,15.910,19.649
110,15.921,19.664
111,15.957,19.739
112,15.960,19.741
113,15.939,19.687
114,15.950,19.704
115,15.936,19.671
116,15.971,19.761
117,15.953,19.728
118,15.948,19.718
119,15.976,19.757
120,15.944,19.710
121,15.964,19.764
122,15.977,19.791
123,15.937,19.714
124,15.953,19.731
125,15.975,19.784
126,15.977,19.762
127,15.956,19.728
128,15.942,19.706
129,15.969,19.755
130,15.956,19.736
131,16.006,19.837
132,15.967,19.750
133,15.959,19.739
134,15.956,19.756
135,15.967,19.753
136,15.955,19.742
137,15.964,19.753
138,15.976,19.768
139,15.979,19.769
140,15.978,19.780
141,15.962,19.755
142,15.987,19.794
143,15.965,19.759
144,15.953,19.714
145,15.972,19.777
146,15.971,19.762
147,15.979,19.774
148,15.959,19.733
149,15.979,19.785
150,15.962,19.763
151,15.961,19.750
152,15.956,19.761
153,15.974,19.750
154,15.964,19.755
155,15.983,19.788
156,15.988,19.794
157,15.968,19.760
158,15.973,19.783
159,15.980,19.787
160,15.965,19.763
161,15.983,19.793
162,15.981,19.791
163,15.973,19.785
164,15.965,19.750
165,15.975,19.756
166,15.935,19.708
167,15.975,19.785
168,15.989,19.785
169,15.969,19.761
170,15.986,19.793
171,15.977,19.799
172,16.003,19.820
173,15.983,19.800
174,15.991,19.807
175,16.011,19.840
176,15.973,19.765
177,15.952,19.734
178,15.950,19.718
179,15.947,19.691
180,15.963,19.749
181,15.987,19.762
182,15.966,19.750
183,15.986,19.786
184,15.978,19.786
185,15.961,19.728
186,15.981,19.783
187,15.947,19.717
188,15.971,19.751
189,15.987,19.792
190,15.983,19.796
191,15.992,19.806
192,15.956,19.745
193,15.987,19.803
194,15.982,19.799
195,15.988,19.812
196,15.985,19.800
197,15.988,19.788
198,15.981,19.762
199,15.985,19.795
200,15.998,19.857
201,15.981,19.798
202,15.984,19.792
203,16.006,19.827
204,15.986,19.784
205,15.991,19.811
206,15.994,19.832
207,15.968,19.763
208,15.976,19.787
209,16.013,19.858
210,15.979,19.801
211,15.970,19.785
212,15.991,19.811
213,15.958,19.757
214,15.975,19.775
215,15.987,19.816
216,15.951,19.749
217,15.978,19.806
218,15.982,19.774
219,15.981,19.796
220,15.983,19.791
221,15.996,19.826
222,15.975,19.797
223,15.984,19.802
224,15.976,19.775
225,15.970,19.771
226,15.989,19.830
227,16.000,19.840
228,15.988,19.800
229,15.980,19.785
230,16.004,19.820
231,15.954,19.738
232,15.978,19.795
233,15.994,19.832
234,15.981,19.801
235,15.985,19.801
236,15.976,19.777
237,15.991,19.820
238,15.986,19.804
239,15.975,19.766
240,16.007,19.846
241,15.988,19.795
242,15.987,19.803
243,15.995,19.819
244,15.990,19.824
245,15.986,19.794
246,15.977,19.794
247,15.973,19.793
248,15.981,19.790
249,15.979,19.767
250,15.966,19.754
251,15.967,19.759
252,15.969,19.773
253,15.973,19.761
254,15.981,19.800
255,15.961,19.752
256,15.963,19.766
257,15.976,19.763
258,15.980,19.808
259,15.969,19.754
260,16.009,19.834
261,15.972,19.782
262,15.993,19.798
263,16.007,19.832
264,15.993,19.813
265,16.000,19.850
266,16.000,19.853
267,15.987,19.818
268,16.016,19.870
269,16.010,19.868
270,16.007,19.862
271,16.002,19.843
272,16.009,19.874
273,16.009,19.875
274,15.996,19.835
275,15.986,19.825
276,15.982,19.828
277,16.017,19.878
278,16.003,19.876
279,16.005,19.874
280,16.035,19.921
281,16.008,19.876
282,16.007,19.877
283,16.024,19.889
284,16.007,19.883
285,16.029,19.913
286,16.010,19.895
287,15.997,19.843
288,16.022,19.895
289,16.022,19.901
290,16.034,19.892
291,16.036,19.906
292,16.027,19.876
293,16.049,19.943
294,16.024,19.884
295,16.026,19.893
296,16.013,19.874
297,16.044,19.936
298,16.030,19.921
299,16.032,19.931
300,16.036,19.940
301,16.038,19.943
302,16.033,19.936
303,16.038,19.959
304,16.009,19.909
305,16.034,19.961
306,16.028,19.942
307,16.033,19.953
308,16.042,19.962
309,15.999,19.847
310,15.995,19.843
311,16.006,19.869
312,15.980,19.831
313,15.996,19.851
314,15.998,19.860
315,16.016,19.921
316,16.022,19.918
317,16.025,19.924
318,16.037,19.957
319,16.028,19.938
320,16.037,19.935
321,16.044,19.970
322,16.057,19.994
323,16.023,19.906
324,16.037,19.957
325,16.029,19.909
326,16.048,19.978
327,16.063,19.993
328,16.037,19.958
329,16.049,19.977
330,16.038,19.935
331,16.052,19.979
332,16.065,20.007
333,16.082,20.015
334,16.048,19.961
335,16.078,20.024
336,16.067,20.001
337,16.067,19.994
338,16.036,19.929
339,16.059,19.977
340,16.071,20.028
341,16.071,20.020
342,16.080,20.032
343,16.066,19.982
344,16.058,19.995
345,16.067,20.001
346,16.085,20.059
347,16.088,20.099
348,16.092,20.087
349,16.062,20.004
350,16.081,20.092
351,16.071,20.031
352,16.064,20.020
353,16.083,20.067
354,16.074,20.044
355,16.063,20.027
356,16.115,20.150
357,16.090,20.084
358,16.075,20.038
359,16.085,20.092
360,16.079,20.064
361,16.066,20.037
362,16.048,20.019
363,16.090,20.079
364,16.075,20.062
365,16.062,20.042
366,16.071,20.041
367,16.096,20.118
368,16.065,20.040
369,16.063,20.052
370,16.076,20.069
371,16.075,20.072
372,16.086,20.108
373,16.091,20.102
374,16.093,20.119
375,16.102,20.144
376,16.102,20.154
377,16.073,20.091
378,16.035,19.986
379,16.089,20.129
380,16.029,20.012
381,16.061,20.055
382,16.021,19.976
383,16.029,20.001
384,16.033,20.038
385,16.031,20.017
386,16.054,20.069
387,16.034,20.036
388,16.026,20.004
389,16.113,20.188
390,16.068,20.115
391,16.073,20.126
392,16.077,20.169
393,16.076,20.137
394,16.026,19.998
395,16.046,20.060
396,16.028,20.047
397,16.026,20.037
398,16.054,20.105
399,16.083,20.173
400,16.087,20.177
401,16.071,20.129
402,16.049,20.104
403,16.066,20.148
404,16.083,20.180
405,16.081,20.161
406,16.064,20.118
407,16.048,20.105
408,16.053,20.112
409,16.064,20.153
410,16.054,20.125
411,16.043,20.097
412,16.046,20.076
413,16.081,20.168
414,16.034,20.065
415,16.056,20.099
416,16.031,20.060
417,16.065,20.112
418,16.031,20.064
419,16.060,20.116
420,16.065,20.149
421,16.048,20.106
422,16.079,20.192
423,16.074,20.162
424,16.071,20.183
425,16.067,20.157
426,16.085,20.210
427,16.070,20.154
428,16.084,20.225
429,16.094,20.228
430,16.070,20.157
431,16.071,20.151
432,16.084,20.197
433,16.071,20.170
434,16.063,20.135
435,16.068,20.152
436,16.047,20.103
437,16.070,20.131
438,16.079,20.173
439,16.045,20.107
440,16.079,20.176
441,16.096,20.216
442,16.072,20.132
443,16.062,20.137
444,16.077,20.145
445,16.088,20.184
446,16.071,20.153
447,16.059,20.132
448,16.083,20.197
449,16.071,20.162
450,16.107,20.242
451,16.099,20.189
452,16.131,20.247
453,16.103,20.193
454,16.119,20.204
455,16.099,20.183
456,16.091,20.165
457,16.106,20.197
458,16.112,20.221
459,16.110,20.216
460,16.099,20.196
461,16.126,20.256
462,16.111,20.206
463,16.106,20.209
464,16.087,20.172
465,16.117,20.236
466,16.095,20.189
467,16.106,20.198
468,16.091,20.169
469,16.096,20.183
470,16.085,20.156
471,16.106,20.198
472,16.104,20.223
473,16.090,20.159
474,16.101,20.194
475,16.065,20.112
476,16.099,20.184
477,16.099,20.177
478,16.080,20.160
479,16.092,20.160
480,16.086,20.157
481,16.102,20.162
482,16.091,20.169
483,16.115,20.211
484,16.121,20.242
485,16.122,20.240
486,16.127,20.240
487,16.148,20.286
488,16.117,20.202
489,16.139,20.241
490,16.135,20.238
491,16.129,20.205
492,16.160,20.264
493,16.168,20.294
494,16.131,20.205
495,16.159,20.248
496,16.188,20.304
497,16.155,20.249
498,16.156,20.215
499,16.164,20.247
500,16.160,20.226
501,16.197,20.305
502,16.139,20.163
503,16.176,20.228
504,16.158,20.194
505,16.143,20.177
506,16.178,20.251
507,16.195,20.284
508,16.179,20.251
509,16.161,20.208
510,16.153,20.212
511,16.174,20.261
512,16.211,20.310
513,16.194,20.273
514,16.226,20.321
515,16.218,20.299
516,16.215,20.311
517,16.244,20.349
518,16.226,20.326
519,16.246,20.345
520,16.270,20.390
521,16.254,20.337
522,16.219,20.320
523,16.220,20.349
524,16.191,20.304
525,16.195,20.325
526,16.213,20.378
527,16.211,20.352
528,16.202,20.346
529,16.222,20.382
530,16.245,20.428
531,16.239,20.390
532,16.245,20.438
533,16.252,20.429
534,16.220,20.403
535,16.219,20.363
536,16.239,20.406
537,16.228,20.387
538,16.253,20.455
539,16.235,20.383
540,16.215,20.348
541,16.219,20.358
542,16.252,20.423
543,16.227,20.388
544,16.246,20.434
545,16.247,20.409
546,16.254,20.440
547,16.235,20.386
548,16.226,20.362
549,16.231,20.369
550,16.236,20.390
551,16.264,20.419
552,16.243,20.377
553,16.222,20.365
554,16.234,20.403
555,16.208,20.316
556,16.228,20.363
557,16.209,20.315
558,16.233,20.368
559,16.219,20.337
560,16.216,20.336
561,16.217,20.333
562,16.209,20.332
563,16.199,20.315
564,16.172,20.277
565,16.165,20.276
566,16.187,20.304
567,16.178,20.286
568,16.152,20.243
569,16.149,20.247
570,16.147,20.229
571,16.140,20.235
572,16.122,20.198
573,16.147,20.245
574,16.143,20.241
575,16.136,20.236
576,16.135,20.243
577,16.103,20.185
578,16.116,20.195
579,16.093,20.169
580,16.095,20.164
581,16.087,20.150
582,16.091,20.160
583,16.094,20.160
584,16.074,20.112
585,16.075,20.144
586,16.071,20.122
587,16.066,20.126
588,16.037,20.060
589,16.052,20.111
590,16.066,20.142
591,16.021,20.058
592,16.025,20.053
593,16.038,20.098
594,16.017,20.045
595,16.013,20.032
596,16.020,20.066
597,16.029,20.066
598,16.007,20.036
599,16.001,20.024
600,15.988,19.980
601,16.013,20.049
602,15.980,19.955
603,16.002,20.023
604,15.978,19.984
605,15.973,19.988
606,16.009,20.037
607,16.016,20.045
608,16.003,20.010
609,16.030,20.061
610,16.006,20.012
611,15.999,19.994
612,16.030,20.069
613,16.023,20.036
614,16.016,20.034
615,16.006,19.998
616,16.039,20.070
617,16.020,20.037
618,16.060,20.102
619,16.080,20.124
620,16.052,20.101
621,16.073,20.122
622,16.054,20.086
623,16.058,20.098
624,16.049,20.074
625,16.078,20.110
626,16.067,20.104
627,16.080,20.137
628,16.067,20.108
629,16.062,20.072
630,16.060,20.097
631,16.084,20.120
632,16.078,20.139
633,16.052,20.066
634,16.067,20.114
635,16.049,20.079
636,16.078,20.132
637,16.063,20.121
638,16.067,20.105
639,16.066,20.103
640,16.061,20.106
641,16.067,20.106
642,16.065,20.111
643,16.067,20.108
644,16.064,20.088
645,16.071,20.131
646,16.076,20.099
647,16.073,20.095
648,16.087,20.131
649,16.081,20.127
650,16.081,20.137
651,16.090,20.168
652,16.095,20.155
653,16.091,20.128
654,16.097,20.169
655,16.146,20.214
656,16.095,20.158
657,16.125,20.202
658,16.116,20.178
659,16.144,20.241
660,16.150,20.237
661,16.164,20.258
662,16.147,20.233
663,16.129,20.181
664,16.188,20.280
665,16.166,20.258
666,16.176,20.286
667,16.172,20.272
668,16.196,20.302
669,16.198,20.282
670,16.189,20.266
671,16.201,20.276
672,16.209,20.318
673,16.229,20.337
674,16.221,20.332
675,16.241,20.381
676,16.228,20.329
677,16.231,20.335
678,16.220,20.351
679,16.223,20.350
680,16.206,20.312
681,16.221,20.352
682,16.203,20.302
683,16.226,20.335
684,16.193,20.253
685,16.234,20.352
686,16.236,20.404
687,16.240,20.382
688,16.235,20.378
689,16.222,20.339
690,16.221,20.374
691,16.220,20.340
692,16.233,20.365
693,16.224,20.380
694,16.226,20.360
695,16.205,20.302
696,16.203,20.329
697,16.199,20.309
698,16.198,20.325
699,16.201,20.317
700,16.237,20.419
701,16.213,20.317
702,16.217,20.330
703,16.215,20.314
704,16.206,20.323
705,16.197,20.285
706,16.199,20.314
707,16.211,20.332
708,16.191,20.291
709,16.191,20.262
710,16.185,20.236
711,16.167,20.228
712,16.170,20.206
713,16.206,20.272
714,16.199,20.309
715,16.195,20.280
716,16.216,20.302
717,16.222,20.305
718,16.198,20.285
719,16.179,20.252
720,16.185,20.265
721,16.189,20.302
722,16.208,20.335
723,16.186,20.286
724,16.199,20.336
725,16.217,20.376
726,16.183,20.303
727,16.196,20.343
728,16.193,20.302
729,16.208,20.347
730,16.212,20.358
731,16.204,20.349
732,16.183,20.310
733,16.184,20.305
734,16.182,20.288
735,16.204,20.362
736,16.154,20.260
737,16.196,20.366
738,16.155,20.306
739,16.147,20.315
740,16.150,20.299
741,16.174,20.345
742,16.160,20.323
743,16.166,20.331
744,16.156,20.313
745,16.164,20.314
746,16.152,20.308
747,16.151,20.309
748,16.129,20.262
749,16.135,20.266
750,16.120,20.230
751,16.116,20.210
752,16.125,20.242
753,16.143,20.266
754,16.145,20.282
755,16.121,20.208
756,16.133,20.235
757,16.109,20.188
758,16.144,20.235
759,16.101,20.165
760,16.111,20.195
761,16.095,20.164
762,16.076,20.133
763,16.103,20.186
764,16.078,20.140
765,16.080,20.127
766,16.078,20.153
767,16.098,20.217
768,16.083,20.174
769,16.090,20.224
770,16.076,20.194
771,16.061,20.142
772,16.085,20.201
773,16.114,20.263
774,16.109,20.273
775,16.118,20.278
776,16.113,20.287
777,16.145,20.338
778,16.120,20.296
779,16.091,20.273
780,16.139,20.333
781,16.127,20.337
782,16.139,20.340
783,16.157,20.375
784,16.145,20.347
785,16.145,20.371
786,16.150,20.369
787,16.149,20.351
788,16.147,20.359
789,16.143,20.355
790,16.132,20.338
791,16.151,20.364
792,16.128,20.326
793,16.146,20.371
794,16.122,20.304
795,16.155,20.401
796,16.133,20.353
797,16.141,20.381
798,16.110,20.311
799,16.096,20.279
800,16.113,20.326
801,16.142,20.370
802,16.113,20.314
803,16.119,20.341
804,16.121,20.323
805,16.138,20.357
806,16.125,20.341
807,16.121,20.304
808,16.124,20.325
809,16.132,20.343
810,16.104,20.282
811,16.145,20.355
812,16.136,20.353
813,16.118,20.325
814,16.123,20.331
815,16.113,20.329
816,16.145,20.368
817,16.155,20.377
818,16.169,20.426
819,16.150,20.366
820,16.164,20.400
821,16.158,20.396
822,16.145,20.343
823,16.152,20.371
824,16.138,20.359
825,16.121,20.327
826,16.153,20.388
827,16.161,20.407
828,16.163,20.409
829,16.126,20.330
830,16.150,20.364
831,16.131,20.336
832,16.149,20.359
833,16.123,20.320
834,16.148,20.345
835,16.149,20.372
836,16.139,20.369
837,16.134,20.363
838,16.140,20.345
839,16.169,20.423
840,16.125,20.348
841,16.151,20.386
842,16.149,20.389
843,16.143,20.379
844,16.141,20.378
845,16.173,20.416
846,16.134,20.344
847,16.142,20.381
848,16.174,20.449
849,16.134,20.335
850,16.162,20.403
851,16.188,20.455
852,16.160,20.413
853,16.151,20.390
854,16.180,20.432
855,16.168,20.410
856,16.138,20.362
857,16.170,20.416
858,16.171,20.450
859,16.183,20.438
860,16.144,20.385
861,16.176,20.442
862,16.184,20.474
863,16.177,20.446
864,16.164,20.437
865,16.166,20.422
866,16.172,20.434
867,16.175,20.430
868,16.197,20.477
869,16.178,20.458
870,16.182,20.481
871,16.179,20.465
872,16.183,20.431
873,16.181,20.428
874,16.194,20.480
875,16.169,20.415
876,16.178,20.427
877,16.186,20.466
878,16.218,20.516
879,16.235,20.556
880,16.237,20.545
881,16.211,20.479
882,16.222,20.496
883,16.226,20.535
884,16.223,20.497
885,16.235,20.536
886,16.227,20.510
887,16.250,20.566
888,16.233,20.527
889,16.252,20.590
890,16.240,20.531
891,16.265,20.556
892,16.257,20.576
893,16.263,20.579
894,16.249,20.554
895,16.236,20.536
896,16.245,20.560
897,16.254,20.558
898,16.245,20.543
899,16.248,20.558
900,16.267,20.572
901,16.275,20.598
902,16.273,20.594
903,16.307,20.657
904,16.281,20.607
905,16.273,20.584
906,16.268,20.588
907,16.285,20.602
908,16.276,20.612
909,16.282,20.598
910,16.283,20.616
911,16.269,20.594
912,16.263,20.584
913,16.296,20.630
914,16.266,20.574
915,16.276,20.603
916,16.264,20.562
917,16.288,20.646
918,16.286,20.610
919,16.258,20.554
920,16.286,20.596
921,16.282,20.609
922,16.281,20.598
923,16.284,20.617
924,16.283,20.594
925,16.284,20.607
926,16.273,20.572
927,16.293,20.613
928,16.285,20.586
929,16.274,20.579
930,16.290,20.621
931,16.280,20.570
932,16.277,20.567
933,16.281,20.578
934,16.302,20.614
935,16.295,20.626
936,16.286,20.583
937,16.290,20.601
938,16.272,20.582
939,16.270,20.571
940,16.265,20.550
941,16.287,20.606
942,16.282,20.578
943,16.291,20.607
944,16.292,20.612
945,16.274,20.593
946,16.286,20.592
947,16.290,20.589
948,16.282,20.600
949,16.294,20.594
950,16.271,20.563
951,16.276,20.580
952,16.296,20.608
953,16.304,20.611
954,16.308,20.646
955,16.282,20.567
956,16.307,20.635
957,16.307,20.639
958,16.304,20.628
959,16.294,20.630
960,16.264,20.554
961,16.289,20.594
962,16.286,20.602
963,16.292,20.598
964,16.301,20.597
965,16.300,20.630
966,16.278,20.562
967,16.288,20.625
968,16.290,20.583
969,16.269,20.564
970,16.281,20.588
971,16.279,20.555
972,16.276,20.552
973,16.293,20.599
974,16.311,20.649
975,16.291,20.598
976,16.287,20.603
977,16.278,20.580
978,16.264,20.536
979,16.289,20.602
980,16.298,20.616
981,16.275,20.576
982,16.298,20.612
983,16.298,20.622
984,16.297,20.646
985,16.292,20.608
986,16.285,20.596
987,16.289,20.604
988,16.301,20.631
989,16.304,20.619
990,16.306,20.613
991,16.287,20.617
992,16.287,20.587
993,16.298,20.606
994,16.287,20.553
995,16.302,20.633
996,16.284,20.583
997,16.310,20.650
998,16.297,20.612
999,16.296,20.607
1000,16.328,20.677
1001,16.306,20.632
1002,16.306,20.634
1003,16.311,20.652
1004,16.290,20.605
1005,16.310,20.633
1006,16.302,20.613
1007,16.297,20.620
1008,16.295,20.594
1009,16.297,20.636
1010,16.293,20.629
1011,16.319,20.680
1012,16.307,20.626
1013,16.304,20.642
1014,16.290,20.599
1015,16.314,20.663
1016,16.314,20.656
1017,16.378,20.767
1018,16.332,20.656
1019,16.361,20.737
1020,16.342,20.701
1021,16.371,20.753
1022,16.362,20.730
1023,16.360,20.729
1024,16.342,20.694
1025,16.344,20.688
1026,16.354,20.718
1027,16.357,20.718
1028,16.388,20.814
1029,16.367,20.757
1030,16.353,20.760
1031,16.381,20.783
1032,16.362,20.749
1033,16.373,20.784
1034,16.388,20.820
1035,16.381,20.827
1036,16.376,20.834
1037,16.383,20.844
1038,16.342,20.787
1039,16.347,20.801
1040,16.402,20.925
1041,16.386,20.877
1042,16.401,20.926
1043,16.386,20.905
1044,16.431,20.949
1045,16.467,21.054
1046,16.468,21.016
1047,16.445,20.986
1048,16.466,21.034
1049,16.464,21.095
1050,16.509,21.133
1051,16.526,21.210
1052,16.575,21.260
1053,16.574,21.265
1054,16.578,21.263
1055,16.577,21.266
1056,16.608,21.302
1057,16.629,21.365
1058,16.644,21.325
1059,16.686,21.385
1060,16.696,21.387
1061,16.698,21.380
1062,16.707,21.368
1063,16.741,21.410
1064,16.737,21.391
1065,16.730,21.353
1066,16.783,21.409
1067,16.782,21.415
1068,16.755,21.356
1069,16.758,21.383
1070,16.751,21.378
1071,16.799,21.417
1072,16.789,21.384
1073,16.818,21.453
1074,16.801,21.436
1075,16.799,21.454
1076,16.777,21.373
1077,16.791,21.397
1078,16.805,21.419
1079,16.791,21.367
1080,16.784,21.358
1081,16.807,21.393
1082,16.825,21.397
1083,16.836,21.409
1084,16.831,21.399
1085,16.812,21.361
1086,16.808,21.354
1087,16.785,21.320
1088,16.773,21.317
1089,16.804,21.370
1090,16.781,21.325
1091,16.786,21.349
1092,16.783,21.319
1093,16.783,21.329
1094,16.787,21.317
1095,16.802,21.366
1096,16.756,21.279
1097,16.771,21.309
1098,16.784,21.339
1099,16.826,21.430
1100,16.827,21.434
1101,16.848,21.437
1102,16.837,21.418
1103,16.852,21.451
1104,16.856,21.427
1105,16.853,21.459
1106,16.884,21.486
1107,16.890,21.453
1108,16.896,21.441
1109,16.906,21.424
1110,16.960,21.453
1111,16.984,21.410
1112,17.016,21.495
1113,17.038,21.552
1114,17.045,21.585
1115,17.042,21.577
1116,17.076,21.600
1117,17.066,21.583
1118,17.075,21.596
1119,17.047,21.592
1120,17.016,21.579
1121,17.011,21.546
1122,16.979,21.490
1123,16.944,21.405
1124,16.898,21.399
1125,16.865,21.318
1126,16.845,21.272
1127,16.829,21.274
1128,16.797,21.178
1129,16.773,21.163
1130,16.755,21.172
1131,16.699,21.107
1132,16.676,21.042
1133,16.667,20.941
1134,16.641,20.929
1135,16.650,20.925
1136,16.637,20.917
1137,16.603,20.901
1138,16.641,20.951
1139,16.660,20.946
1140,16.664,21.008
1141,16.681,20.998
1142,16.693,20.935
1143,16.708,20.909
1144,16.716,20.905
1145,16.725,20.911
1146,16.724,20.870
1147,16.696,20.819
1148,16.652,20.754
1149,16.636,20.765
1150,16.654,20.760
1151,16.641,20.771
1152,16.632,20.733
1153,16.642,20.728
1154,16.625,20.707
1155,16.657,20.735
1156,16.670,20.760
1157,16.675,20.722
1158,16.694,20.776
1159,16.712,20.791
1160,16.703,20.729
1161,16.723,20.798
1162,16.743,20.814
1163,16.704,20.712
1164,16.756,20.794
1165,16.770,20.814
1166,16.733,20.767
1167,16.703,20.743
1168,16.694,20.753
1169,16.674,20.745
1170,16.613,20.691
1171,16.630,20.774
1172,16.575,20.729
1173,16.588,20.804
1174,16.582,20.823
1175,16.588,20.874
1176,16.557,20.847
1177,16.554,20.855
1178,16.555,20.892
1179,16.507,20.866
1180,16.518,20.892
1181,16.480,20.866
1182,16.460,20.827
1183,16.463,20.880
1184,16.440,20.836
1185,16.431,20.830
1186,16.427,20.828
1187,16.463,20.909
1188,16.425,20.855
1189,16.450,20.887
1190,16.455,20.924
1191,16.434,20.874
1192,16.458,20.896
1193,16.435,20.852
1194,16.444,20.872
1195,16.481,20.954
1196,16.487,20.936
1197,16.500,20.963
1198,16.448,20.893
1199,16.438,20.848
1200,16.419,20.822
1201,16.442,20.873
1202,16.395,20.751
1203,16.386,20.757
1204,16.370,20.694
1205,16.343,20.658
1206,16.311,20.610
1207,16.279,20.536
1208,16.297,20.581
1209,16.282,20.538
1210,16.247,20.469
1211,16.246,20.471
1212,16.260,20.471
1213,16.252,20.493
1214,16.224,20.401
1215,16.271,20.525
1216,16.250,20.459
1217,16.257,20.469
1218,16.226,20.384
1219,16.193,20.351
1220,16.192,20.321
1221,16.209,20.365
1222,16.206,20.368
1223,16.204,20.345
1224,16.180,20.298
1225,16.193,20.312
1226,16.199,20.320
1227,16.194,20.298
1228,16.182,20.289
1229,16.165,20.252
1230,16.143,20.181
1231,16.126,20.168
1232,16.122,20.141
1233,16.110,20.142
1234,16.094,20.100
1235,16.057,20.019
1236,16.064,20.035
1237,16.055,20.030
1238,16.034,19.989
1239,16.008,19.951
1240,15.998,19.925
1241,16.014,19.930
1242,16.020,19.953
1243,15.994,19.905
1244,15.995,19.901
1245,15.966,19.847
1246,15.969,19.875
1247,15.979,19.881
1248,15.971,19.876
1249,15.984,19.888
1250,15.948,19.828
1251,15.949,19.846
1252,15.930,19.804
1253,15.931,19.820
1254,15.930,19.813
1255,15.923,19.795
1256,15.932,19.838
1257,15.915,19.793
1258,15.932,19.820
1259,15.927,19.820
1260,15.928,19.811
1261,15.932,19.842
1262,15.912,19.785
1263,15.912,19.813
1264,15.872,19.742
1265,15.870,19.750
1266,15.847,19.712
1267,15.870,19.751
1268,15.866,19.746
1269,15.869,19.756
1270,15.875,19.775
1271,15.869,19.749
1272,15.873,19.769
1273,15.865,19.766
1274,15.860,19.739
1275,15.850,19.712
1276,15.845,19.739
1277,15.868,19.761
1278,15.891,19.803
1279,15.907,19.850
1280,15.914,19.849
1281,15.935,19.882
1282,15.941,19.905
1283,15.939,19.882
1284,15.971,19.930
1285,15.975,19.943
1286,15.999,19.961
1287,16.038,20.030
1288,16.041,20.047
1289,16.064,20.089
1290,16.056,20.085
1291,16.048,20.073
1292,16.074,20.111
1293,16.050,20.057
1294,16.059,20.066
1295,16.074,20.108
1296,16.063,20.090
1297,16.081,20.115
1298,16.104,20.149
1299,16.100,20.144
1300,16.105,20.160
1301,16.112,20.162
1302,16.079,20.109
1303,16.107,20.161
1304,16.091,20.120
1305,16.109,20.152
1306,16.110,20.177
1307,16.102,20.124
1308,16.111,20.172
1309,16.100,20.145
1310,16.107,20.167
1311,16.099,20.142
1312,16.108,20.165
1313,16.065,20.071
1314,16.096,20.129
1315,16.085,20.111
1316,16.100,20.123
1317,16.107,20.132
1318,16.080,20.063
1319,16.091,20.102
1320,16.113,20.123
1321,16.091,20.097
1322,16.086,20.089
1323,16.115,20.166
1324,16.119,20.110
1325,16.098,20.091
1326,16.112,20.105
1327,16.103,20.075
1328,16.117,20.114
1329,16.112,20.141
1330,16.094,20.084
1331,16.118,20.103
1332,16.117,20.102
1333,16.108,20.082
1334,16.130,20.138
1335,16.093,20.050
1336,16.109,20.065
1337,16.092,20.031
1338,16.095,20.044
1339,16.087,20.039
1340,16.133,20.131
1341,16.126,20.123
1342,16.130,20.089
1343,16.139,20.106
1344,16.114,20.072
1345,16.114,20.083
1346,16.110,20.059
1347,16.111,20.071
1348,16.114,20.070
1349,16.106,20.067
1350,16.108,20.057
1351,16.097,20.028
1352,16.116,20.067
1353,16.102,20.062
1354,16.092,20.047
1355,16.122,20.099
1356,16.107,20.079
1357,16.086,20.033
1358,16.103,20.068
1359,16.083,20.052
1360,16.095,20.042
1361,16.087,20.058
1362,16.085,20.048
1363,16.093,20.056
1364,16.068,20.018
1365,16.095,20.076
1366,16.074,20.018
1367,16.072,19.995
1368,16.091,20.079
1369,16.085,20.102
1370,16.085,20.063
1371,16.097,20.096
1372,16.099,20.100
1373,16.075,20.043
1374,16.072,20.030
1375,16.076,20.049
1376,16.091,20.095
1377,16.092,20.093
1378,16.100,20.094
1379,16.097,20.095
1380,16.071,20.042
1381,16.072,20.060
1382,16.078,20.096
1383,16.074,20.045
1384,16.078,20.070
1385,16.059,20.026
1386,16.080,20.059
1387,16.075,20.026
1388,16.115,20.112
1389,16.090,20.072
1390,16.076,20.057
1391,16.089,20.061
1392,16.082,20.075
1393,16.083,20.070
1394,16.079,20.052
1395,16.113,20.116
1396,16.093,20.084
1397,16.067,20.055
1398,16.081,20.057
1399,16.084,20.042
1400,16.079,20.045
1401,16.094,20.101
1402,16.087,20.063
1403,16.078,20.028
1404,16.086,20.075
1405,16.087,20.082
1406,16.087,20.075
1407,16.079,20.058
1408,16.081,20.066
1409,16.078,20.040
1410,16.082,20.058
1411,16.080,20.077
1412,16.066,20.022
1413,16.076,20.035
1414,16.062,20.018
1415,16.097,20.079
1416,16.101,20.085
1417,16.086,20.069
1418,16.098,20.094
1419,16.097,20.082
1420,16.110,20.079
1421,16.084,20.037
1422,16.075,20.007
1423,16.106,20.082
1424,16.126,20.092
1425,16.107,20.061
1426,16.118,20.097
1427,16.111,20.068
1428,16.107,20.043
1429,16.134,20.119
1430,16.108,20.058
1431,16.140,20.100
1432,16.112,20.042
1433,16.123,20.071
1434,16.130,20.065
1435,16.136,20.076
1436,16.144,20.108
1437,16.145,20.121
1438,16.134,20.068
1439,16.157,20.081
1440,16.161,20.085
1441,16.163,20.113
1442,16.172,20.104
1443,16.162,20.114
1444,16.136,20.051
1445,16.151,20.113
1446,16.159,20.116
1447,16.178,20.124
1448,16.170,20.101
1449,16.177,20.106
1450,16.185,20.102
1451,16.192,20.101
1452,16.204,20.136
1453,16.195,20.117
1454,16.200,20.147
1455,16.179,20.074
1456,16.203,20.140
1457,16.212,20.136
1458,16.247,20.198
1459,16.212,20.152
1460,16.216,20.163
1461,16.228,20.166
1462,16.219,20.173
1463,16.211,20.161
1464,16.218,20.166
1465,16.226,20.162
1466,16.206,20.144
1467,16.222,20.173
1468,16.216,20.150
1469,16.226,20.165
1470,16.228,20.164
1471,16.232,20.145
1472,16.212,20.140
1473,16.210,20.145
1474,16.235,20.187
1475,16.224,20.169
1476,16.241,20.176
1477,16.238,20.156
1478,16.226,20.152
1479,16.220,20.140
1480,16.234,20.168
1481,16.246,20.186
1482,16.218,20.131
1483,16.207,20.140
1484,16.213,20.123
1485,16.216,20.117
1486,16.230,20.148
1487,16.222,20.145
1488,16.206,20.111
1489,16.215,20.138
1490,16.222,20.142
1491,16.216,20.149
1492,16.200,20.140
1493,16.209,20.139
1494,16.208,20.133
1495,16.235,20.170
1496,16.207,20.131
1497,16.188,20.100
1498,16.225,20.183
1499,16.222,20.168
1500,16.204,20.128
1501,16.205,20.119
1502,16.201,20.117
1503,16.222,20.152
1504,16.202,20.133
1505,16.205,20.139
1506,16.223,20.161
1507,16.189,20.095
1508,16.203,20.137
1509,16.185,20.127
1510,16.175,20.132
1511,16.175,20.120
1512,16.164,20.082
1513,16.190,20.147
1514,16.173,20.128
1515,16.173,20.114
1516,16.168,20.109
1517,16.179,20.159
1518,16.157,20.100
1519,16.149,20.099
1520,16.141,20.093
1521,16.167,20.152
1522,16.122,20.110
1523,16.122,20.090
1524,16.138,20.132
1525,16.160,20.196
1526,16.118,20.107
1527,16.143,20.162
1528,16.135,20.147
1529,16.140,20.165
1530,16.133,20.153
1531,16.158,20.187
1532,16.130,20.135
1533,16.137,20.142
1534,16.119,20.106
1535,16.149,20.161
1536,16.124,20.150
1537,16.094,20.078
1538,16.131,20.153
1539,16.149,20.170
1540,16.098,20.063
1541,16.107,20.131
1542,16.132,20.183
1543,16.116,20.147
1544,16.106,20.148
1545,16.127,20.183
1546,16.103,20.124
1547,16.131,20.165
1548,16.116,20.133
1549,16.120,20.144
1550,16.121,20.139
1551,16.107,20.096
1552,16.107,20.132
1553,16.113,20.105
1554,16.102,20.108
1555,16.087,20.084
1556,16.098,20.071
1557,16.085,20.081
1558,16.099,20.138
1559,16.104,20.113
1560,16.084,20.072
1561,16.081,20.064
1562,16.086,20.061
1563,16.073,20.050
1564,16.083,20.083
1565,16.099,20.120
1566,16.089,20.096
1567,16.086,20.070
1568,16.082,20.063
1569,16.099,20.077
1570,16.119,20.108
1571,16.132,20.103
1572,16.129,20.100
1573,16.120,20.065
1574,16.128,20.046
1575,16.175,20.122
1576,16.172,20.111
1577,16.180,20.097
1578,16.220,20.179
1579,16.214,20.120
1580,16.235,20.162
1581,16.215,20.118
1582,16.219,20.096
1583,16.256,20.152
1584,16.235,20.135
1585,16.239,20.131
1586,16.223,20.076
1587,16.242,20.114
1588,16.249,20.101
1589,16.246,20.119
1590,16.259,20.128
1591,16.259,20.130
1592,16.267,20.124
1593,16.257,20.133
1594,16.250,20.101
1595,16.279,20.142
1596,16.266,20.146
1597,16.260,20.111
1598,16.251,20.108
1599,16.226,20.076
1600,16.209,20.050
1601,16.258,20.122
1602,16.232,20.117
1603,16.206,20.065
1604,16.201,20.087
1605,16.211,20.118
1606,16.209,20.128
1607,16.221,20.154
1608,16.202,20.119
1609,16.194,20.109
1610,16.201,20.141
1611,16.218,20.183
1612,16.220,20.180
1613,16.219,20.166
1614,16.226,20.182
1615,16.216,20.182
1616,16.232,20.209
1617,16.239,20.212
1618,16.247,20.241
1619,16.238,20.211
1620,16.212,20.196
1621,16.244,20.227
1622,16.221,20.220
1623,16.201,20.163
1624,16.209,20.216
1625,16.192,20.188
1626,16.185,20.182
1627,16.206,20.221
1628,16.163,20.135
1629,16.159,20.155
1630,16.177,20.191
1631,16.151,20.145
1632,16.147,20.132
1633,16.161,20.169
1634,16.159,20.194
1635,16.191,20.240
1636,16.200,20.246
1637,16.210,20.275
1638,16.200,20.243
1639,16.224,20.305
1640,16.244,20.342
1641,16.231,20.296
1642,16.260,20.360
1643,16.262,20.369
1644,16.281,20.417
1645,16.266,20.359
1646,16.288,20.384
1647,16.318,20.435
1648,16.314,20.426
1649,16.357,20.484
1650,16.353,20.473
1651,16.334,20.431
1652,16.318,20.431
1653,16.319,20.444
1654,16.317,20.426
1655,16.290,20.422
1656,16.316,20.489
1657,16.305,20.440
1658,16.280,20.388
1659,16.247,20.353
1660,16.244,20.358
1661,16.242,20.359
1662,16.224,20.293
1663,16.230,20.343
1664,16.185,20.256
1665,16.178,20.247
1666,16.211,20.348
1667,16.187,20.282
1668,16.158,20.216
1669,16.162,20.264
1670,16.157,20.226
1671,16.151,20.248
1672,16.148,20.243
1673,16.139,20.258
1674,16.144,20.275
1675,16.125,20.226
1676,16.129,20.222
1677,16.133,20.247
1678,16.099,20.191
1679,16.091,20.170
1680,16.067,20.121
1681,16.085,20.161
1682,16.092,20.191
1683,16.090,20.188
1684,16.097,20.198
1685,16.061,20.137
1686,16.088,20.211
1687,16.095,20.243
1688,16.070,20.178
1689,16.076,20.163
1690,16.089,20.200
1691,16.089,20.177
1692,16.088,20.201
1693,16.093,20.216
1694,16.091,20.176
1695,16.097,20.223
1696,16.082,20.175
1697,16.090,20.182
1698,16.107,20.200
1699,16.113,20.221
1700,16.090,20.150
1701,16.129,20.237
1702,16.125,20.178
1703,16.120,20.205
1704,16.139,20.221
1705,16.120,20.193
1706,16.092,20.149
1707,16.093,20.160
1708,16.102,20.202
1709,16.086,20.156
1710,16.081,20.175
1711,16.083,20.151
1712,16.069,20.144
1713,16.084,20.149
1714,16.062,20.111
1715,16.091,20.169
1716,16.082,20.115
1717,16.060,20.091
1718,16.079,20.111
1719,16.076,20.111
1720,16.067,20.102
1721,16.060,20.104
1722,16.069,20.075
1723,16.055,20.027
1724,16.101,20.118
1725,16.094,20.098
1726,16.078,20.066
1727,16.113,20.127
1728,16.104,20.116
1729,16.104,20.111
1730,16.105,20.155
1731,16.082,20.076
1732,16.077,20.076
1733,16.060,20.034
1734,16.041,19.993
1735,16.065,20.030
1736,16.072,20.044
1737,16.048,19.983
1738,16.094,20.059
1739,16.059,19.989
1740,16.050,19.957
1741,16.071,20.011
1742,16.068,19.987
1743,16.061,20.002
1744,16.067,19.991
1745,16.063,19.967
1746,16.060,19.967
1747,16.036,19.926
1748,16.046,19.918
1749,16.052,19.976
1750,16.030,19.903
1751,16.045,19.926
1752,16.024,19.889
1753,16.048,19.936
1754,16.025,19.918
1755,16.037,19.924
1756,16.013,19.894
1757,16.017,19.903
1758,16.002,19.845
1759,15.991,19.860
1760,15.988,19.839
1761,16.009,19.881
1762,16.000,19.894
1763,15.995,19.898
1764,16.007,19.907
1765,16.004,19.914
1766,15.994,19.909
1767,16.009,19.951
1768,15.983,19.890
1769,16.000,19.903
1770,16.009,19.913
1771,16.027,19.985
1772,16.041,20.011
1773,16.032,19.981
1774,16.052,20.029
1775,16.043,20.038
1776,16.060,20.059
1777,16.036,19.983
1778,16.048,19.990
1779,16.077,20.065
1780,16.096,20.099
1781,16.116,20.155
1782,16.121,20.145
1783,16.156,20.215
1784,16.180,20.239
1785,16.196,20.287
1786,16.200,20.252
1787,16.216,20.291
1788,16.242,20.325
1789,16.292,20.404
1790,16.282,20.323
1791,16.286,20.357
1792,16.334,20.429
1793,16.317,20.380
1794,16.344,20.468
1795,16.354,20.466
1796,16.349,20.416
1797,16.344,20.443
1798,16.369,20.466
1799,16.383,20.481
1800,16.410,20.504
1801,16.413,20.510
1802,16.439,20.548
1803,16.433,20.516
1804,16.440,20.487
1805,16.427,20.472
1806,16.426,20.471
1807,16.445,20.491
1808,16.442,20.496
1809,16.428,20.459
1810,16.374,20.352
1811,16.381,20.399
1812,16.360,20.360
1813,16.322,20.275
1814,16.337,20.294
1815,16.324,20.294
1816,16.312,20.285
1817,16.277,20.230
1818,16.253,20.194
1819,16.245,20.189
1820,16.220,20.132
1821,16.195,20.089
1822,16.187,20.074
1823,16.190,20.068
1824,16.213,20.103
1825,16.170,20.025
1826,16.202,20.084
1827,16.170,20.026
1828,16.151,19.994
1829,16.102,19.911
1830,16.135,19.985
1831,16.137,19.957
1832,16.148,19.974
1833,16.134,19.929
1834,16.170,19.992
1835,16.148,19.955
1836,16.195,20.047
1837,16.187,20.005
1838,16.180,20.004
1839,16.168,20.013
1840,16.154,19.993
