0,22.024,24.329
1,22.009,24.305
2,22.033,24.351
3,21.936,24.146
4,21.909,24.141
5,21.921,24.163
6,22.032,24.329
7,22.017,24.321
8,22.048,24.355
9,22.053,24.386
10,21.936,24.179
11,21.962,24.212
12,22.076,24.431
13,22.068,24.409
14,22.077,24.411
15,22.068,24.419
16,22.079,24.427
17,22.132,24.476
18,22.118,24.471
19,22.137,24.500
20,22.139,24.507
21,22.130,24.487
22,22.133,24.511
23,22.095,24.462
24,22.117,24.488
25,22.112,24.465
26,22.146,24.517
27,22.183,24.580
28,22.170,24.541
29,22.178,24.539
30,22.177,24.549
31,22.161,24.534
32,22.153,24.511
33,22.176,24.559
34,22.178,24.564
35,22.202,24.605
36,22.210,24.612
37,22.265,24.688
38,22.235,24.669
39,22.276,24.695
40,22.272,24.702
41,22.301,24.752
42,22.366,24.868
43,22.304,24.738
44,22.300,24.730
45,22.307,24.724
46,22.327,24.756
47,22.292,24.685
48,22.261,24.651
49,22.263,24.668
50,22.278,24.666
51,22.278,24.668
52,22.272,24.659
53,22.323,24.741
54,22.333,24.737
55,22.339,24.742
56,22.353,24.768
57,22.348,24.782
58,22.339,24.743
59,22.327,24.720
60,22.267,24.658
61,22.293,24.669
62,22.304,24.691
63,22.278,24.664
64,22.287,24.682
65,22.284,24.679
66,22.296,24.708
67,22.284,24.689
68,22.280,24.680
69,22.263,24.652
70,22.264,24.666
71,22.290,24.701
72,22.322,24.789
73,22.334,24.804
74,22.302,24.747
75,22.263,24.675
76,22.266,24.662
77,22.282,24.705
78,22.305,24.727
79,22.273,24.665
80,22.271,24.653
81,22.281,24.643
82,22.260,24.611
83,22.266,24.646
84,22.304,24.686
85,22.301,24.668
86,22.302,24.686
87,22.292,24.662
88,22.286,24.674
89,22.300,24.690
90,22.337,24.744
91,22.323,24.708
92,22.333,24.743
93,22.359,24.776
94,22.328,24.733
95,22.348,24.754
96,22.367,24.796
97,22.385,24.830
98,22.371,24.794
99,22.400,24.833
100,22.380,24.792
101,22.364,24.794
102,22.377,24.789
103,22.379,24.808
104,22.342,24.740
105,22.327,24.724
106,22.342,24.720
107,22.345,24.750
108,22.358,24.756
109,22.367,24.782
110,22.354,24.744
111,22.325,24.698
112,22.348,24.742
113,22.312,24.687
114,22.329,24.707
115,22.344,24.721
116,22.331,24.721
117,22.327,24.705
118,22.311,24.682
119,22.312,24.698
120,22.309,24.680
121,22.314,24.703
122,22.315,24.707
123,22.310,24.673
124,22.331,24.691
125,22.343,24.728
126,22.318,24.675
127,22.311,24.676
128,22.341,24.716
129,22.335,24.706
130,22.345,24.725
131,22.314,24.652
132,22.344,24.706
133,22.325,24.693
134,22.363,24.736
135,22.344,24.740
136,22.326,24.698
137,22.303,24.688
138,22.288,24.665
139,22.277,24.630
140,22.323,24.692
141,22.333,24.704
142,22.295,24.661
143,22.330,24.709
144,22.328,24.687
145,22.295,24.641
146,22.276,24.627
147,22.282,24.628
148,22.248,24.585
149,22.243,24.606
150,22.241,24.595
151,22.224,24.579
152,22.218,24.568
153,22.196,24.539
154,22.197,24.544
155,22.217,24.574
156,22.182,24.522
157,22.180,24.517
158,22.188,24.541
159,22.140,24.485
160,22.142,24.477
161,22.156,24.504
162,22.165,24.515
163,22.156,24.478
164,22.145,24.499
165,22.127,24.455
166,22.117,24.425
167,22.115,24.458
168,22.110,24.422
169,22.098,24.409
170,22.105,24.403
171,22.121,24.419
172,22.117,24.420
173,22.114,24.404
174,22.105,24.382
175,22.093,24.377
176,22.139,24.431
177,22.155,24.439
178,22.123,24.416
179,22.124,24.420
180,22.137,24.414
181,22.133,24.417
182,22.154,24.464
183,22.130,24.416
184,22.112,24.362
185,22.114,24.382
186,22.124,24.398
187,22.147,24.431
188,22.100,24.351
189,22.100,24.349
190,22.127,24.393
191,22.111,24.343
192,22.114,24.377
193,22.087,24.339
194,22.089,24.321
195,22.059,24.277
196,22.072,24.304
197,22.053,24.250
198,22.008,24.189
199,22.053,24.246
200,22.024,24.201
201,22.066,24.281
202,22.042,24.226
203,22.065,24.243
204,22.019,24.178
205,22.027,24.186
206,22.041,24.214
207,22.011,24.170
208,22.046,24.198
209,22.022,24.156
210,21.991,24.129
211,22.010,24.117
212,21.976,24.093
213,21.995,24.131
214,21.999,24.133
215,21.997,24.103
216,21.987,24.086
217,21.949,24.047
218,21.976,24.081
219,21.958,24.074
220,21.951,24.032
221,21.967,24.077
222,21.958,24.050
223,21.967,24.066
224,21.943,24.040
225,21.904,23.981
226,21.871,23.941
227,21.850,23.919
228,21.840,23.907
229,21.815,23.865
230,21.796,23.850
231,21.770,23.816
232,21.743,23.785
233,21.712,23.728
234,21.683,23.713
235,21.629,23.626
236,21.601,23.627
237,21.579,23.595
238,21.570,23.574
239,21.569,23.591
240,21.556,23.567
241,21.533,23.543
242,21.547,23.569
243,21.535,23.546
244,21.479,23.487
245,21.472,23.475
246,21.473,23.502
247,21.394,23.371
248,21.412,23.389
249,21.369,23.346
250,21.375,23.334
251,21.320,23.274
252,21.307,23.261
253,21.271,23.213
254,21.230,23.159
255,21.245,23.172
256,21.224,23.146
257,21.221,23.167
258,21.171,23.083
259,21.159,23.064
260,21.151,23.033
261,21.156,23.027
262,21.185,23.063
263,21.236,23.155
264,21.241,23.144
265,21.282,23.201
266,21.323,23.222
267,21.383,23.313
268,21.414,23.321
269,21.422,23.357
270,21.532,23.500
271,21.561,23.554
272,21.569,23.575
273,21.615,23.608
274,21.636,23.649
275,21.642,23.652
276,21.688,23.692
277,21.736,23.760
278,21.783,23.813
279,21.817,23.869
280,21.855,23.912
281,21.882,23.936
282,21.922,23.984
283,21.922,24.001
284,21.956,24.031
285,21.974,24.062
286,21.978,24.070
287,22.007,24.082
288,22.011,24.108
289,22.028,24.113
290,22.031,24.141
291,22.035,24.147
292,22.045,24.161
293,22.065,24.181
294,22.081,24.223
295,22.084,24.234
296,22.081,24.234
297,22.115,24.310
298,22.100,24.297
299,22.092,24.301
300,22.137,24.357
301,22.091,24.325
302,22.080,24.304
303,22.046,24.284
304,21.994,24.195
305,21.976,24.163
306,21.920,24.116
307,21.850,23.997
308,21.892,24.055
309,21.866,24.025
310,21.804,23.935
311,21.829,23.972
312,21.779,23.892
313,21.774,23.901
314,21.767,23.862
315,21.765,23.894
316,21.691,23.772
317,21.727,23.838
318,21.661,23.730
319,21.694,23.769
320,21.643,23.683
321,21.627,23.677
322,21.619,23.662
323,21.610,23.640
324,21.590,23.624
325,21.619,23.661
326,21.586,23.610
327,21.601,23.619
328,21.582,23.595
329,21.583,23.584
330,21.593,23.610
331,21.579,23.592
332,21.575,23.588
333,21.595,23.611
334,21.632,23.667
335,21.598,23.596
336,21.621,23.629
337,21.618,23.606
338,21.634,23.625
339,21.661,23.643
340,21.718,23.733
341,21.725,23.745
342,21.733,23.726
343,21.745,23.758
344,21.774,23.788
345,21.812,23.848
346,21.808,23.850
347,21.821,23.852
348,21.815,23.838
349,21.849,23.876
350,21.843,23.868
351,21.833,23.858
352,21.849,23.893
353,21.860,23.912
354,21.843,23.894
355,21.812,23.846
356,21.829,23.898
357,21.771,23.797
358,21.735,23.753
359,21.728,23.736
360,21.712,23.725
361,21.687,23.710
362,21.645,23.644
363,21.668,23.668
364,21.658,23.660
365,21.674,23.672
366,21.664,23.651
367,21.644,23.626
368,21.625,23.607
369,21.613,23.609
370,21.600,23.579
371,21.636,23.598
372,21.644,23.615
373,21.623,23.581
374,21.630,23.614
375,21.637,23.595
376,21.644,23.590
377,21.626,23.582
378,21.604,23.547
379,21.629,23.568
380,21.679,23.638
381,21.623,23.522
382,21.648,23.565
383,21.654,23.597
384,21.661,23.594
385,21.685,23.644
386,21.657,23.579
387,21.667,23.606
388,21.714,23.659
389,21.672,23.603
390,21.704,23.647
391,21.688,23.607
392,21.694,23.643
393,21.661,23.601
394,21.642,23.588
395,21.661,23.593
396,21.614,23.530
397,21.616,23.544
398,21.588,23.528
399,21.603,23.531
400,21.590,23.520
401,21.551,23.472
402,21.570,23.517
403,21.575,23.527
404,21.625,23.603
405,21.598,23.544
406,21.611,23.563
407,21.617,23.598
408,21.630,23.603
409,21.637,23.602
410,21.661,23.648
411,21.649,23.619
412,21.651,23.645
413,21.645,23.618
414,21.644,23.613
415,21.645,23.623
416,21.634,23.612
417,21.610,23.568
418,21.625,23.563
419,21.614,23.558
420,21.581,23.536
421,21.587,23.547
422,21.605,23.552
423,21.583,23.523
424,21.565,23.482
425,21.569,23.489
426,21.553,23.472
427,21.529,23.420
428,21.531,23.440
429,21.548,23.434
430,21.539,23.426
431,21.534,23.403
432,21.519,23.385
433,21.536,23.438
434,21.516,23.388
435,21.529,23.393
436,21.517,23.365
437,21.522,23.389
438,21.510,23.353
439,21.486,23.337
440,21.547,23.431
441,21.483,23.348
442,21.507,23.365
443,21.483,23.360
444,21.449,23.314
445,21.460,23.324
446,21.507,23.383
447,21.457,23.305
448,21.472,23.367
449,21.465,23.335
450,21.480,23.345
451,21.458,23.327
452,21.426,23.259
453,21.440,23.299
454,21.412,23.260
455,21.394,23.221
456,21.402,23.248
457,21.338,23.160
458,21.325,23.122
459,21.355,23.195
460,21.307,23.117
461,21.337,23.156
462,21.282,23.096
463,21.295,23.133
464,21.247,23.053
465,21.304,23.131
466,21.262,23.065
467,21.282,23.097
468,21.244,23.055
469,21.212,23.010
470,21.236,23.037
471,21.205,22.998
472,21.153,22.917
473,21.198,22.992
474,21.192,22.968
475,21.202,22.992
476,21.172,22.944
477,21.181,22.964
478,21.165,22.943
479,21.169,22.966
480,21.163,22.944
481,21.182,22.989
482,21.108,22.884
483,21.142,22.941
484,21.105,22.876
485,21.124,22.910
486,21.106,22.895
487,21.107,22.882
488,21.060,22.813
489,21.076,22.857
490,21.037,22.779
491,21.024,22.802
492,21.053,22.829
493,21.028,22.803
494,20.978,22.735
495,20.935,22.680
496,20.944,22.699
497,20.996,22.787
498,20.925,22.683
499,21.008,22.809
500,20.976,22.748
501,21.054,22.851
502,21.020,22.805
503,20.992,22.774
504,20.974,22.748
505,20.968,22.739
506,21.007,22.792
507,20.997,22.778
508,20.976,22.731
509,21.007,22.763
510,21.092,22.897
511,21.101,22.916
512,21.148,22.987
513,21.155,22.985
514,21.132,22.936
515,21.180,23.003
516,21.249,23.112
517,21.305,23.173
518,21.313,23.190
519,21.396,23.319
520,21.390,23.324
521,21.410,23.327
522,21.459,23.396
523,21.417,23.336
524,21.551,23.554
525,21.507,23.479
526,21.567,23.563
527,21.597,23.569
528,21.527,23.477
529,21.540,23.474
530,21.579,23.519
531,21.574,23.507
532,21.614,23.579
533,21.601,23.530
534,21.615,23.570
535,21.570,23.519
536,21.565,23.523
537,21.532,23.481
538,21.540,23.513
539,21.500,23.464
540,21.493,23.455
541,21.470,23.421
542,21.500,23.459
543,21.490,23.450
544,21.463,23.405
545,21.554,23.531
546,21.477,23.404
547,21.447,23.375
548,21.494,23.441
549,21.436,23.337
550,21.512,23.461
551,21.421,23.291
552,21.446,23.338
553,21.401,23.267
554,21.391,23.271
555,21.392,23.264
556,21.403,23.261
557,21.429,23.314
558,21.430,23.300
559,21.416,23.291
560,21.389,23.240
561,21.441,23.306
562,21.436,23.315
563,21.414,23.286
564,21.408,23.288
565,21.323,23.154
566,21.297,23.145
567,21.373,23.254
568,21.314,23.171
569,21.334,23.200
570,21.290,23.122
571,21.278,23.112
572,21.340,23.202
573,21.308,23.142
574,21.404,23.276
575,21.391,23.270
576,21.415,23.310
577,21.438,23.355
578,21.447,23.344
579,21.492,23.409
580,21.478,23.382
581,21.496,23.436
582,21.536,23.480
583,21.530,23.468
584,21.523,23.466
585,21.516,23.450
586,21.539,23.478
587,21.541,23.469
588,21.553,23.499
589,21.516,23.445
590,21.596,23.558
591,21.573,23.524
592,21.533,23.477
593,21.550,23.499
594,21.551,23.526
595,21.542,23.484
596,21.561,23.499
597,21.585,23.547
598,21.592,23.556
599,21.631,23.607
600,21.618,23.607
601,21.581,23.572
602,21.548,23.519
603,21.578,23.568
604,21.659,23.690
605,21.568,23.542
606,21.702,23.768
607,21.728,23.792
608,21.740,23.832
609,21.786,23.888
610,21.752,23.852
611,21.783,23.880
612,21.669,23.689
613,21.819,23.972
614,21.643,23.660
615,21.676,23.728
616,21.797,23.898
617,21.764,23.893
618,21.739,23.817
619,21.735,23.853
620,21.791,23.938
621,21.875,24.079
622,21.790,23.926
623,21.819,23.956
624,21.833,23.966
625,21.902,24.071
626,21.963,24.179
627,21.968,24.193
628,21.898,24.051
629,21.969,24.142
630,21.903,24.030
631,21.896,24.013
632,21.917,24.039
633,21.930,24.069
634,21.882,24.008
635,21.866,23.966
636,21.821,23.910
637,21.831,23.926
638,21.776,23.860
639,21.767,23.842
640,21.772,23.839
641,21.737,23.816
642,21.740,23.797
643,21.744,23.797
644,21.759,23.832
645,21.775,23.848
646,21.749,23.805
647,21.760,23.833
648,21.778,23.855
649,21.793,23.861
650,21.814,23.899
651,21.779,23.852
652,21.818,23.906
653,21.836,23.931
654,21.792,23.865
655,21.844,23.937
656,21.826,23.940
657,21.834,23.928
658,21.841,23.952
659,21.827,23.921
660,21.822,23.908
661,21.807,23.896
662,21.834,23.933
663,21.819,23.919
664,21.808,23.889
665,21.790,23.871
666,21.790,23.869
667,21.800,23.890
668,21.790,23.878
669,21.765,23.856
670,21.773,23.836
671,21.751,23.823
672,21.784,23.861
673,21.759,23.853
674,21.748,23.815
675,21.787,23.858
676,21.777,23.859
677,21.784,23.866
678,21.761,23.831
679,21.765,23.834
680,21.776,23.833
681,21.738,23.799
682,21.783,23.865
683,21.756,23.828
684,21.748,23.825
685,21.724,23.780
686,21.723,23.790
687,21.692,23.748
688,21.667,23.716
689,21.697,23.760
690,21.700,23.763
691,21.779,23.889
692,21.744,23.843
693,21.736,23.842
694,21.738,23.826
695,21.752,23.860
696,21.762,23.837
697,21.776,23.872
698,21.801,23.899
699,21.827,23.928
700,21.809,23.896
701,21.838,23.943
702,21.855,23.944
703,21.865,23.949
704,21.861,23.956
705,21.847,23.920
706,21.886,23.993
707,21.882,23.976
708,21.900,23.998
709,21.881,23.988
710,21.890,24.015
711,21.908,24.006
712,21.928,24.023
713,21.909,24.005
714,21.917,24.034
715,21.902,24.000
716,21.886,23.993
717,21.903,23.990
718,21.912,24.012
719,21.921,24.008
720,21.911,24.004
721,21.883,23.985
722,21.843,23.908
723,21.851,23.929
724,21.854,23.916
725,21.800,23.843
726,21.784,23.840
727,21.796,23.862
728,21.768,23.836
729,21.763,23.843
730,21.724,23.786
731,21.700,23.752
732,21.683,23.729
733,21.641,23.662
734,21.661,23.709
735,21.646,23.672
736,21.638,23.698
737,21.623,23.671
738,21.638,23.701
739,21.543,23.522
740,21.506,23.485
741,21.536,23.502
742,21.528,23.501
743,21.610,23.630
744,21.626,23.653
745,21.614,23.633
746,21.641,23.656
747,21.644,23.662
748,21.646,23.663
749,21.669,23.691
750,21.696,23.730
751,21.698,23.730
752,21.716,23.767
753,21.712,23.778
754,21.751,23.805
755,21.770,23.847
756,21.836,23.943
757,21.842,23.925
758,21.892,24.039
759,21.803,23.855
760,21.813,23.885
761,21.955,24.119
762,22.016,24.192
763,22.026,24.197
764,21.923,24.062
765,21.969,24.108
766,22.013,24.163
767,21.953,24.114
768,21.983,24.160
769,21.983,24.156
770,21.989,24.167
771,22.008,24.197
772,21.916,24.052
773,21.925,24.057
774,22.009,24.225
775,22.053,24.278
776,21.939,24.087
777,21.922,24.058
778,21.986,24.144
779,22.027,24.220
780,22.051,24.235
781,22.041,24.223
782,22.068,24.270
783,22.060,24.244
784,22.050,24.235
785,22.035,24.210
786,22.072,24.247
787,22.044,24.232
788,22.055,24.225
789,22.063,24.256
790,22.066,24.274
791,21.983,24.116
792,21.954,24.085
793,22.088,24.296
794,22.062,24.276
795,22.048,24.232
796,22.011,24.175
797,22.040,24.216
798,22.024,24.171
799,22.023,24.182
800,22.016,24.165
801,22.017,24.175
802,22.001,24.147
803,22.011,24.171
804,21.989,24.135
805,21.901,23.996
806,21.882,23.957
807,21.864,23.951
808,21.850,23.928
809,21.946,24.081
810,21.925,24.044
811,21.931,24.035
812,21.916,24.029
813,21.933,24.051
814,21.931,24.050
815,21.882,23.976
816,21.881,23.986
817,21.837,23.917
818,21.841,23.913
819,21.825,23.895
820,21.822,23.892
821,21.781,23.840
822,21.759,23.788
823,21.794,23.854
824,21.775,23.821
825,21.738,23.750
826,21.755,23.782
827,21.741,23.780
828,21.622,23.606
829,21.635,23.623
830,21.602,23.564
831,21.702,23.725
832,21.689,23.702
833,21.666,23.675
834,21.666,23.676
835,21.650,23.655
836,21.654,23.657
837,21.621,23.615
838,21.631,23.621
839,21.621,23.629
840,21.615,23.611
841,21.596,23.569
842,21.606,23.591
843,21.576,23.555
844,21.550,23.522
845,21.585,23.577
846,21.449,23.354
847,21.464,23.364
848,21.544,23.525
849,21.554,23.513
850,21.555,23.539
851,21.572,23.554
852,21.543,23.521
853,21.568,23.526
854,21.581,23.545
855,21.553,23.520
856,21.549,23.499
857,21.544,23.488
858,21.591,23.554
859,21.541,23.467
860,21.589,23.546
861,21.565,23.515
862,21.523,23.466
863,21.565,23.516
864,21.541,23.489
865,21.546,23.498
866,21.581,23.538
867,21.584,23.525
868,21.579,23.538
869,21.583,23.537
870,21.569,23.502
871,21.640,23.606
872,21.620,23.578
873,21.637,23.601
874,21.636,23.593
875,21.644,23.607
876,21.629,23.585
877,21.638,23.606
878,21.664,23.651
879,21.650,23.598
880,21.644,23.609
881,21.688,23.650
882,21.634,23.610
883,21.620,23.567
884,21.618,23.579
885,21.636,23.606
886,21.652,23.621
887,21.682,23.690
888,21.670,23.650
889,21.664,23.642
890,21.626,23.600
891,21.652,23.620
892,21.646,23.621
893,21.675,23.649
894,21.636,23.589
895,21.642,23.615
896,21.642,23.615
897,21.611,23.564
898,21.646,23.625
899,21.615,23.573
900,21.665,23.637
901,21.600,23.547
902,21.621,23.587
903,21.607,23.567
904,21.568,23.498
905,21.524,23.435
906,21.569,23.510
907,21.612,23.565
908,21.568,23.497
909,21.618,23.547
910,21.615,23.551
911,21.627,23.585
912,21.679,23.657
913,21.674,23.664
914,21.692,23.686
915,21.716,23.716
916,21.732,23.740
917,21.750,23.793
918,21.757,23.774
919,21.742,23.762
920,21.757,23.779
921,21.783,23.864
922,21.789,23.865
923,21.745,23.790
924,21.765,23.835
925,21.781,23.836
926,21.789,23.858
927,21.734,23.781
928,21.709,23.733
929,21.693,23.693
930,21.649,23.641
931,21.657,23.652
932,21.643,23.606
933,21.586,23.546
934,21.609,23.563
935,21.556,23.503
936,21.559,23.494
937,21.577,23.545
938,21.541,23.492
939,21.591,23.548
940,21.594,23.577
941,21.609,23.590
942,21.592,23.574
943,21.626,23.607
944,21.641,23.612
945,21.642,23.644
946,21.691,23.722
947,21.658,23.671
948,21.670,23.692
949,21.707,23.717
950,21.705,23.732
951,21.728,23.768
952,21.712,23.735
953,21.745,23.798
954,21.764,23.828
955,21.791,23.858
956,21.794,23.858
957,21.806,23.883
958,21.821,23.899
959,21.824,23.921
960,21.816,23.902
961,21.846,23.926
962,21.857,23.949
963,21.832,23.909
964,21.862,23.952
965,21.861,23.928
966,21.842,23.885
967,21.858,23.910
968,21.858,23.913
969,21.849,23.909
970,21.861,23.919
971,21.827,23.866
972,21.833,23.893
973,21.831,23.857
974,21.849,23.897
975,21.856,23.902
976,21.864,23.909
977,21.857,23.924
978,21.849,23.895
979,21.853,23.886
980,21.843,23.877
981,21.897,23.943
982,21.864,23.888
983,21.867,23.901
984,21.859,23.874
985,21.899,23.922
986,21.866,23.882
987,21.883,23.907
988,21.863,23.860
989,21.878,23.893
990,21.867,23.897
991,21.893,23.916
992,21.868,23.896
993,21.880,23.916
994,21.859,23.866
995,21.836,23.845
996,21.836,23.814
997,21.868,23.868
998,21.832,23.821
999,21.886,23.880
1000,21.875,23.877
1001,21.905,23.904
1002,21.869,23.828
1003,21.879,23.867
1004,21.912,23.917
1005,21.885,23.882
1006,21.900,23.904
1007,21.864,23.853
1008,21.879,23.865
1009,21.899,23.889
1010,21.836,23.789
1011,21.854,23.821
1012,21.829,23.784
1013,21.820,23.802
1014,21.830,23.808
1015,21.754,23.716
1016,21.758,23.713
1017,21.742,23.691
1018,21.697,23.629
1019,21.659,23.583
1020,21.600,23.506
1021,21.609,23.533
1022,21.592,23.484
1023,21.552,23.424
1024,21.504,23.387
1025,21.505,23.371
1026,21.467,23.306
1027,21.461,23.312
1028,21.427,23.274
1029,21.422,23.279
1030,21.383,23.216
1031,21.384,23.203
1032,21.409,23.246
1033,21.428,23.272
1034,21.395,23.215
1035,21.412,23.242
1036,21.393,23.226
1037,21.386,23.204
1038,21.375,23.186
1039,21.373,23.178
1040,21.356,23.169
1041,21.377,23.191
1042,21.400,23.224
1043,21.412,23.222
1044,21.440,23.258
1045,21.459,23.273
1046,21.474,23.302
1047,21.475,23.287
1048,21.477,23.294
1049,21.515,23.335
1050,21.517,23.341
1051,21.547,23.371
1052,21.571,23.404
1053,21.564,23.407
1054,21.572,23.423
1055,21.541,23.371
1056,21.551,23.407
1057,21.548,23.398
1058,21.587,23.437
1059,21.603,23.466
1060,21.586,23.464
1061,21.561,23.428
1062,21.559,23.413
1063,21.562,23.415
1064,21.575,23.454
1065,21.550,23.404
1066,21.558,23.428
1067,21.572,23.420
1068,21.598,23.467
1069,21.601,23.459
1070,21.632,23.506
1071,21.583,23.445
1072,21.629,23.494
1073,21.554,23.402
1074,21.629,23.510
1075,21.593,23.444
1076,21.586,23.416
1077,21.580,23.402
1078,21.652,23.492
1079,21.637,23.465
1080,21.643,23.492
1081,21.670,23.524
1082,21.677,23.519
1083,21.701,23.557
1084,21.705,23.565
1085,21.734,23.607
1086,21.760,23.651
1087,21.764,23.632
1088,21.783,23.667
1089,21.766,23.633
1090,21.766,23.633
1091,21.751,23.619
1092,21.751,23.633
1093,21.757,23.629
1094,21.753,23.633
1095,21.637,23.453
1096,21.706,23.574
1097,21.680,23.532
1098,21.672,23.548
1099,21.642,23.505
1100,21.590,23.444
1101,21.545,23.374
1102,21.518,23.355
1103,21.426,23.203
1104,21.485,23.319
1105,21.407,23.183
1106,21.374,23.152
1107,21.365,23.155
1108,21.336,23.103
1109,21.318,23.101
1110,21.364,23.170
1111,21.347,23.137
1112,21.366,23.179
1113,21.346,23.139
1114,21.340,23.133
1115,21.315,23.093
1116,21.267,23.024
1117,21.272,23.042
1118,21.236,22.988
1119,21.261,23.006
1120,21.239,22.987
1121,21.274,23.041
1122,21.261,22.988
1123,21.303,23.053
1124,21.310,23.054
1125,21.336,23.099
1126,21.371,23.123
1127,21.447,23.223
1128,21.402,23.159
1129,21.447,23.218
1130,21.429,23.197
1131,21.482,23.250
1132,21.595,23.435
1133,21.582,23.395
1134,21.625,23.464
1135,21.568,23.394
1136,21.606,23.434
1137,21.556,23.372
1138,21.581,23.412
1139,21.515,23.305
1140,21.605,23.427
1141,21.586,23.416
1142,21.522,23.309
1143,21.535,23.329
1144,21.503,23.279
1145,21.539,23.337
1146,21.490,23.280
1147,21.423,23.192
1148,21.462,23.233
1149,21.432,23.219
1150,21.438,23.223
1151,21.362,23.111
1152,21.386,23.158
1153,21.352,23.101
1154,21.357,23.138
1155,21.370,23.130
1156,21.275,23.014
1157,21.315,23.075
1158,21.337,23.118
1159,21.313,23.090
1160,21.267,23.018
1161,21.286,23.052
1162,21.280,23.046
1163,21.247,23.006
1164,21.229,22.972
1165,21.216,22.993
1166,21.209,22.967
1167,21.161,22.900
1168,21.165,22.902
1169,21.129,22.875
1170,21.139,22.880
1171,21.092,22.815
1172,21.121,22.864
1173,21.099,22.821
1174,21.106,22.831
1175,21.033,22.717
1176,21.060,22.761
1177,21.056,22.749
1178,21.022,22.713
1179,21.035,22.742
1180,21.013,22.714
1181,21.002,22.695
1182,20.956,22.637
1183,20.968,22.677
1184,20.947,22.642
1185,20.904,22.579
1186,20.928,22.594
1187,20.923,22.609
1188,20.900,22.586
1189,20.856,22.513
1190,20.888,22.544
1191,20.877,22.542
1192,20.905,22.565
1193,20.862,22.510
1194,20.920,22.599
1195,20.899,22.562
1196,20.929,22.602
1197,20.898,22.552
1198,20.937,22.625
1199,20.921,22.581
1200,20.920,22.597
1201,20.859,22.514
1202,20.886,22.545
1203,20.852,22.502
1204,20.775,22.402
1205,20.827,22.477
1206,20.809,22.447
1207,20.787,22.435
1208,20.819,22.456
1209,20.789,22.426
1210,20.828,22.483
1211,20.836,22.487
1212,20.836,22.470
1213,20.842,22.493
1214,20.859,22.497
1215,20.856,22.503
1216,20.831,22.467
1217,20.847,22.508
1218,20.858,22.513
1219,20.841,22.478
1220,20.830,22.457
1221,20.839,22.466
1222,20.870,22.507
1223,20.883,22.533
1224,20.904,22.558
1225,20.901,22.546
1226,20.911,22.552
1227,20.907,22.546
1228,20.918,22.564
1229,20.866,22.486
1230,20.899,22.533
1231,20.965,22.641
1232,21.005,22.679
1233,20.981,22.660
1234,21.004,22.681
1235,20.973,22.643
1236,21.006,22.687
1237,21.020,22.700
1238,20.989,22.663
1239,20.995,22.662
1240,20.970,22.649
1241,21.027,22.710
1242,20.983,22.649
1243,21.007,22.705
1244,20.992,22.670
1245,21.013,22.697
1246,21.008,22.716
1247,21.001,22.680
1248,21.012,22.705
1249,21.004,22.688
1250,21.008,22.675
1251,21.035,22.723
1252,21.031,22.712
1253,21.034,22.713
1254,21.085,22.784
1255,21.060,22.747
1256,21.039,22.706
1257,21.084,22.771
1258,21.081,22.755
1259,21.078,22.774
1260,21.073,22.753
1261,21.061,22.731
1262,21.137,22.828
1263,21.081,22.776
1264,21.148,22.854
1265,21.133,22.832
1266,21.156,22.851
1267,21.189,22.920
1268,21.176,22.899
1269,21.190,22.912
1270,21.227,22.952
1271,21.190,22.916
1272,21.214,22.950
1273,21.273,23.002
1274,21.265,23.015
1275,21.247,22.996
1276,21.286,23.027
1277,21.300,23.053
1278,21.280,23.033
1279,21.298,23.044
1280,21.300,23.060
1281,21.345,23.107
1282,21.347,23.115
1283,21.322,23.085
1284,21.329,23.101
1285,21.348,23.116
1286,21.357,23.124
1287,21.371,23.149
1288,21.370,23.142
1289,21.396,23.186
1290,21.388,23.165
1291,21.387,23.159
1292,21.384,23.159
1293,21.392,23.181
1294,21.369,23.131
1295,21.338,23.099
1296,21.374,23.167
1297,21.353,23.146
1298,21.334,23.113
1299,21.365,23.132
1300,21.342,23.135
1301,21.354,23.139
1302,21.347,23.138
1303,21.354,23.126
1304,21.381,23.147
1305,21.384,23.167
1306,21.393,23.181
1307,21.402,23.191
1308,21.385,23.188
1309,21.384,23.177
1310,21.397,23.177
1311,21.383,23.170
1312,21.388,23.156
1313,21.392,23.169
1314,21.406,23.187
1315,21.398,23.170
1316,21.396,23.171
1317,21.367,23.145
1318,21.362,23.145
1319,21.347,23.117
1320,21.363,23.127
1321,21.337,23.109
1322,21.374,23.143
1323,21.359,23.145
1324,21.332,23.096
1325,21.327,23.073
1326,21.350,23.096
1327,21.319,23.067
1328,21.334,23.103
1329,21.338,23.102
1330,21.355,23.124
1331,21.339,23.117
1332,21.352,23.127
1333,21.358,23.139
1334,21.374,23.170
1335,21.360,23.142
1336,21.397,23.201
1337,21.377,23.167
1338,21.364,23.141
1339,21.358,23.139
1340,21.365,23.145
1341,21.374,23.149
1342,21.382,23.159
1343,21.362,23.130
1344,21.358,23.130
1345,21.383,23.159
1346,21.392,23.154
1347,21.404,23.180
1348,21.408,23.177
1349,21.388,23.165
1350,21.394,23.164
1351,21.399,23.165
1352,21.369,23.126
1353,21.407,23.164
1354,21.409,23.183
1355,21.411,23.181
1356,21.422,23.199
1357,21.435,23.205
1358,21.466,23.239
1359,21.390,23.160
1360,21.446,23.220
1361,21.425,23.199
1362,21.390,23.153
1363,21.373,23.127
1364,21.381,23.142
1365,21.368,23.116
1366,21.353,23.099
1367,21.355,23.117
1368,21.355,23.115
1369,21.342,23.071
1370,21.339,23.064
1371,21.339,23.065
1372,21.322,23.064
1373,21.286,23.003
1374,21.297,23.028
1375,21.293,23.019
1376,21.313,23.041
1377,21.300,23.021
1378,21.278,23.005
1379,21.290,23.023
1380,21.306,23.049
1381,21.286,22.997
1382,21.283,22.998
1383,21.318,23.054
1384,21.266,22.978
1385,21.283,22.978
1386,21.302,23.023
1387,21.300,23.018
1388,21.299,23.005
1389,21.291,22.999
1390,21.283,22.991
1391,21.272,22.967
1392,21.281,23.005
1393,21.294,23.009
1394,21.285,22.995
1395,21.280,22.976
1396,21.313,23.004
1397,21.289,22.990
1398,21.302,23.005
1399,21.298,22.997
1400,21.304,22.996
1401,21.317,23.017
1402,21.305,22.992
1403,21.289,22.994
1404,21.305,22.995
1405,21.290,22.989
1406,21.295,22.998
1407,21.314,23.013
1408,21.305,23.015
1409,21.328,23.037
1410,21.305,23.008
1411,21.291,22.997
1412,21.208,22.882
1413,21.233,22.905
1414,21.318,23.046
1415,21.319,23.068
1416,21.324,23.078
1417,21.319,23.040
1418,21.305,23.025
1419,21.297,23.004
1420,21.310,23.027
1421,21.312,23.038
1422,21.308,23.043
1423,21.316,23.040
1424,21.301,23.028
1425,21.305,23.031
1426,21.271,22.999
1427,21.277,22.978
1428,21.286,23.005
1429,21.293,23.015
1430,21.304,23.033
1431,21.282,23.003
1432,21.285,23.015
1433,21.305,23.037
1434,21.282,23.021
1435,21.297,23.034
1436,21.291,23.033
1437,21.295,23.040
1438,21.329,23.071
1439,21.315,23.066
1440,21.321,23.085
1441,21.311,23.060
1442,21.303,23.052
1443,21.318,23.047
1444,21.311,23.043
1445,21.340,23.074
1446,21.330,23.050
1447,21.342,23.079
1448,21.339,23.072
1449,21.345,23.082
1450,21.363,23.101
1451,21.339,23.062
1452,21.346,23.064
1453,21.327,23.064
1454,21.344,23.075
1455,21.364,23.102
1456,21.360,23.088
1457,21.332,23.054
1458,21.309,23.023
1459,21.319,23.035
1460,21.319,23.044
1461,21.331,23.061
1462,21.324,23.058
1463,21.347,23.090
1464,21.337,23.080
1465,21.347,23.098
1466,21.387,23.138
1467,21.374,23.121
1468,21.386,23.134
1469,21.365,23.109
1470,21.381,23.120
1471,21.424,23.186
1472,21.419,23.175
1473,21.409,23.164
1474,21.427,23.184
1475,21.444,23.217
1476,21.418,23.194
1477,21.408,23.187
1478,21.370,23.136
1479,21.379,23.155
1480,21.366,23.122
1481,21.341,23.090
1482,21.323,23.083
1483,21.294,23.048
1484,21.337,23.094
1485,21.341,23.095
1486,21.342,23.088
1487,21.300,23.047
1488,21.263,23.001
1489,21.281,23.018
1490,21.292,23.047
1491,21.249,22.997
1492,21.263,23.030
1493,21.244,22.980
1494,21.230,22.975
1495,21.251,22.998
1496,21.279,23.029
1497,21.270,22.985
1498,21.276,23.009
1499,21.280,23.005
1500,21.288,23.016
1501,21.304,23.039
1502,21.299,23.028
1503,21.295,23.020
1504,21.303,23.043
1505,21.280,22.992
1506,21.290,23.029
1507,21.266,22.983
1508,21.286,22.990
1509,21.254,22.978
1510,21.256,22.993
1511,21.250,22.976
1512,21.232,22.957
1513,21.246,22.984
1514,21.232,22.959
1515,21.206,22.933
1516,21.233,22.947
1517,21.242,22.973
1518,21.258,22.991
1519,21.280,23.021
1520,21.253,22.969
1521,21.308,23.063
1522,21.301,23.030
1523,21.358,23.110
1524,21.340,23.055
1525,21.361,23.071
1526,21.359,23.080
1527,21.349,23.063
1528,21.353,23.052
1529,21.372,23.079
1530,21.368,23.086
1531,21.377,23.101
1532,21.365,23.103
1533,21.400,23.143
1534,21.381,23.122
1535,21.363,23.105
1536,21.341,23.072
1537,21.370,23.101
1538,21.357,23.089
1539,21.353,23.064
1540,21.357,23.057
1541,21.366,23.086
1542,21.344,23.044
1543,21.303,23.021
1544,21.289,22.981
1545,21.296,22.987
1546,21.228,22.914
1547,21.201,22.864
1548,21.246,22.938
1549,21.249,22.954
1550,21.238,22.931
1551,21.249,22.954
1552,21.200,22.870
1553,21.241,22.916
1554,21.236,22.922
1555,21.180,22.840
1556,21.254,22.956
1557,21.195,22.849
1558,21.213,22.878
1559,21.152,22.817
1560,21.113,22.759
1561,21.105,22.769
1562,21.020,22.644
1563,21.031,22.670
1564,21.043,22.715
1565,20.999,22.659
1566,20.980,22.650
1567,20.944,22.579
1568,20.939,22.568
1569,20.875,22.500
1570,20.944,22.588
1571,20.897,22.533
1572,20.847,22.443
1573,20.864,22.482
1574,20.879,22.504
1575,20.884,22.499
1576,20.834,22.432
1577,20.894,22.508
1578,20.882,22.488
1579,20.891,22.523
1580,20.877,22.492
1581,20.878,22.483
1582,20.875,22.478
1583,20.894,22.503
1584,20.896,22.507
1585,20.911,22.535
1586,20.815,22.388
1587,20.901,22.518
1588,20.954,22.568
1589,20.969,22.595
1590,21.036,22.666
1591,21.034,22.667
1592,21.028,22.639
1593,21.023,22.634
1594,20.975,22.579
1595,21.044,22.673
1596,21.041,22.678
1597,21.055,22.704
1598,21.051,22.718
1599,21.074,22.758
1600,20.923,22.530
1601,21.087,22.764
1602,21.095,22.772
1603,21.118,22.811
1604,21.110,22.808
1605,21.144,22.840
1606,21.120,22.802
1607,21.163,22.863
1608,21.201,22.929
1609,21.095,22.786
1610,21.246,22.991
1611,21.202,22.913
1612,21.294,23.032
1613,21.298,23.031
1614,21.326,23.068
1615,21.365,23.135
1616,21.276,23.028
1617,21.257,23.014
1618,21.252,23.017
1619,21.207,22.958
1620,21.192,22.942
1621,21.172,22.915
1622,21.195,22.944
1623,21.153,22.906
1624,21.136,22.884
1625,21.105,22.844
1626,21.126,22.876
1627,21.142,22.898
1628,21.115,22.875
1629,21.085,22.831
1630,21.073,22.822
1631,21.123,22.884
1632,20.982,22.663
1633,21.007,22.695
1634,20.979,22.664
1635,21.019,22.715
1636,21.016,22.700
1637,21.133,22.881
1638,21.097,22.846
1639,21.178,22.953
1640,21.166,22.919
1641,21.204,22.979
1642,21.287,23.082
1643,21.249,23.034
1644,21.266,23.069
1645,21.293,23.096
1646,21.317,23.141
1647,21.327,23.152
1648,21.349,23.182
1649,21.377,23.226
1650,21.376,23.209
1651,21.403,23.260
1652,21.380,23.213
1653,21.346,23.166
1654,21.341,23.182
1655,21.382,23.222
1656,21.518,23.405
1657,21.523,23.435
1658,21.628,23.573
1659,21.687,23.644
1660,21.651,23.569
1661,21.646,23.517
1662,21.654,23.523
1663,21.813,23.719
1664,21.785,23.675
1665,21.684,23.500
1666,21.802,23.700
1667,21.834,23.765
1668,21.675,23.522
1669,21.643,23.493
1670,21.650,23.554
1671,21.561,23.421
1672,21.483,23.327
1673,21.465,23.289
1674,21.447,23.267
1675,21.410,23.215
1676,21.546,23.433
1677,21.465,23.287
1678,21.435,23.236
1679,21.440,23.255
1680,21.443,23.238
1681,21.414,23.191
1682,21.444,23.234
1683,21.475,23.287
1684,21.417,23.175
1685,21.397,23.173
1686,21.398,23.150
1687,21.446,23.241
1688,21.378,23.161
1689,21.357,23.133
1690,21.331,23.108
1691,21.363,23.166
1692,21.346,23.143
1693,21.336,23.133
1694,21.276,23.039
1695,21.253,23.018
1696,21.249,23.007
1697,21.252,23.009
1698,21.380,23.195
1699,21.277,23.052
1700,21.481,23.340
1701,21.296,23.025
1702,21.277,22.997
1703,21.304,23.020
1704,21.287,22.990
1705,21.287,23.007
1706,21.606,23.525
1707,21.622,23.606
1708,21.170,22.919
1709,21.047,22.767
1710,21.182,22.997
1711,21.269,23.113
1712,21.083,22.839
1713,21.056,22.794
1714,21.014,22.728
1715,21.190,22.999
1716,21.094,22.867
1717,20.991,22.722
1718,21.046,22.789
1719,21.013,22.726
1720,21.012,22.730
1721,21.040,22.743
1722,21.038,22.753
1723,21.040,22.754
1724,20.997,22.704
1725,21.003,22.715
1726,21.051,22.803
1727,21.078,22.857
1728,20.962,22.689
1729,20.938,22.658
1730,20.890,22.584
1731,20.872,22.570
1732,20.848,22.558
1733,20.844,22.557
1734,20.694,22.333
1735,20.686,22.326
1736,20.709,22.348
1737,20.689,22.324
1738,20.689,22.335
1739,20.844,22.553
1740,20.813,22.528
1741,20.825,22.523
1742,20.800,22.495
1743,20.794,22.473
1744,20.846,22.537
1745,20.847,22.531
1746,20.805,22.465
1747,20.808,22.482
1748,20.794,22.459
1749,20.814,22.467
1750,20.799,22.466
1751,20.811,22.480
1752,20.782,22.451
1753,20.783,22.435
1754,20.788,22.432
1755,20.749,22.384
1756,20.737,22.371
1757,20.730,22.359
1758,20.712,22.351
1759,20.669,22.297
1760,20.722,22.386
1761,20.749,22.448
1762,20.658,22.291
1763,20.723,22.395
1764,20.667,22.297
1765,20.700,22.350
1766,20.741,22.421
1767,20.736,22.400
1768,20.747,22.403
1769,20.761,22.408
1770,20.866,22.541
1771,20.840,22.480
1772,20.985,22.701
1773,20.965,22.635
1774,20.886,22.541
1775,20.823,22.457
1776,20.816,22.436
1777,20.798,22.424
1778,20.764,22.375
1779,20.734,22.352
1780,20.707,22.303
1781,20.717,22.319
1782,20.680,22.288
1783,20.737,22.367
1784,20.722,22.355
1785,20.765,22.419
1786,20.722,22.334
1787,20.716,22.327
1788,20.740,22.369
1789,20.741,22.352
1790,20.804,22.436
1791,20.786,22.400
1792,20.899,22.563
1793,20.892,22.527
1794,21.021,22.724
1795,20.940,22.610
1796,20.855,22.473
1797,20.862,22.482
1798,20.867,22.494
1799,20.882,22.500
1800,20.852,22.466
1801,20.848,22.454
1802,20.853,22.484
1803,20.853,22.473
1804,20.827,22.440
1805,20.856,22.469
1806,20.875,22.506
1807,20.884,22.495
1808,20.880,22.485
1809,20.911,22.535
1810,20.895,22.506
1811,20.894,22.509
1812,20.874,22.483
1813,20.907,22.526
1814,20.896,22.517
1815,20.900,22.523
1816,20.901,22.525
1817,20.891,22.509
1818,20.906,22.523
1819,20.926,22.554
1820,20.915,22.537
1821,20.938,22.567
1822,20.931,22.566
1823,20.925,22.565
1824,20.942,22.569
1825,20.949,22.571
1826,20.975,22.615
1827,20.956,22.580
1828,20.991,22.637
1829,20.975,22.608
1830,21.034,22.670
1831,21.074,22.728
1832,21.047,22.684
1833,21.045,22.665
1834,21.070,22.694
1835,21.121,22.759
1836,21.144,22.782
1837,21.114,22.749
1838,21.162,22.824
1839,21.143,22.767
1840,21.174,22.815
1841,21.151,22.774
1842,21.187,22.826
1843,21.218,22.871
1844,21.211,22.857
1845,21.262,22.914
1846,21.310,22.983
1847,21.367,23.053
1848,21.397,23.079
1849,21.480,23.188
1850,21.523,23.247
1851,21.579,23.313
1852,21.632,23.378
1853,21.664,23.426
1854,21.600,23.350
1855,21.621,23.386
1856,21.639,23.425
1857,21.660,23.448
1858,21.639,23.442
1859,21.599,23.364
1860,21.612,23.399
1861,21.562,23.342
1862,21.529,23.304
1863,21.527,23.315
1864,21.494,23.284
