0,13.286,15.657
1,13.288,15.652
2,13.293,15.660
3,13.305,15.673
4,13.273,15.638
5,13.268,15.626
6,13.323,15.709
7,13.277,15.647
8,13.294,15.662
9,13.303,15.688
10,13.298,15.670
11,13.302,15.668
12,13.272,15.636
13,13.286,15.657
14,13.302,15.685
15,13.311,15.695
16,13.314,15.695
17,13.318,15.699
18,13.332,15.717
19,13.348,15.741
20,13.308,15.671
21,13.353,15.745
22,13.366,15.761
23,13.361,15.755
24,13.345,15.723
25,13.374,15.771
26,13.379,15.780
27,13.374,15.772
28,13.361,15.751
29,13.379,15.783
30,13.382,15.783
31,13.363,15.747
32,13.349,15.726
33,13.345,15.731
34,13.356,15.746
35,13.342,15.721
36,13.337,15.724
37,13.334,15.721
38,13.343,15.729
39,13.348,15.749
40,13.366,15.775
41,13.378,15.775
42,13.374,15.786
43,13.361,15.765
44,13.354,15.751
45,13.333,15.718
46,13.330,15.708
47,13.329,15.704
48,13.335,15.708
49,13.287,15.638
50,13.286,15.642
51,13.264,15.614
52,13.262,15.608
53,13.289,15.659
54,13.273,15.634
55,13.263,15.600
56,13.293,15.652
57,13.281,15.632
58,13.278,15.633
59,13.278,15.623
60,13.311,15.691
61,13.321,15.687
62,13.311,15.679
63,13.302,15.680
64,13.313,15.694
65,13.309,15.674
66,13.301,15.663
67,13.299,15.661
68,13.295,15.661
69,13.283,15.651
70,13.295,15.661
71,13.302,15.674
72,13.300,15.675
73,13.290,15.638
74,13.309,15.682
75,13.297,15.662
76,13.292,15.655
77,13.311,15.693
78,13.307,15.672
79,13.289,15.658
80,13.312,15.682
81,13.298,15.661
82,13.294,15.653
83,13.289,15.647
84,13.299,15.666
85,13.302,15.658
86,13.279,15.634
87,13.305,15.678
88,13.306,15.673
89,13.309,15.677
90,13.306,15.677
91,13.308,15.672
92,13.307,15.683
93,13.317,15.695
94,13.303,15.673
95,13.289,15.657
96,13.289,15.663
97,13.286,15.659
98,13.281,15.647
99,13.284,15.659
100,13.293,15.674
101,13.274,15.631
102,13.259,15.625
103,13.277,15.652
104,13.281,15.652
105,13.276,15.647
106,13.287,15.660
107,13.274,15.638
108,13.271,15.633
109,13.269,15.639
110,13.276,15.651
111,13.286,15.655
112,13.279,15.647
113,13.276,15.644
114,13.281,15.647
115,13.278,15.636
116,13.297,15.684
117,13.268,15.632
118,13.274,15.646
119,13.270,15.631
120,13.254,15.613
121,13.268,15.628
122,13.284,15.665
123,13.265,15.624
124,13.273,15.636
125,13.266,15.614
126,13.289,15.670
127,13.270,15.628
128,13.274,15.641
129,13.269,15.634
130,13.271,15.635
131,13.254,15.612
132,13.260,15.624
133,13.266,15.624
134,13.267,15.627
135,13.279,15.649
136,13.301,15.678
137,13.276,15.640
138,13.268,15.621
139,13.269,15.629
140,13.286,15.658
141,13.283,15.649
142,13.282,15.652
143,13.283,15.654
144,13.281,15.652
145,13.268,15.634
146,13.268,15.622
147,13.258,15.621
148,13.266,15.630
149,13.263,15.617
150,13.269,15.641
151,13.269,15.624
152,13.262,15.633
153,13.266,15.626
154,13.276,15.644
155,13.284,15.659
156,13.288,15.659
157,13.267,15.639
158,13.269,15.627
159,13.272,15.635
160,13.275,15.643
161,13.261,15.624
162,13.279,15.648
163,13.272,15.647
164,13.270,15.642
165,13.269,15.640
166,13.263,15.612
167,13.265,15.623
168,13.280,15.652
169,13.270,15.639
170,13.248,15.600
171,13.259,15.621
172,13.258,15.616
173,13.268,15.626
174,13.258,15.631
175,13.260,15.619
176,13.259,15.624
177,13.262,15.623
178,13.274,15.641
179,13.261,15.628
180,13.267,15.633
181,13.265,15.619
182,13.268,15.644
183,13.274,15.631
184,13.264,15.621
185,13.283,15.647
186,13.281,15.650
187,13.265,15.633
188,13.281,15.651
189,13.275,15.632
190,13.268,15.624
191,13.283,15.655
192,13.254,15.611
193,13.289,15.656
194,13.284,15.652
195,13.277,15.653
196,13.263,15.627
197,13.274,15.650
198,13.287,15.662
199,13.295,15.676
200,13.290,15.667
201,13.276,15.651
202,13.290,15.666
203,13.273,15.637
204,13.251,15.598
205,13.271,15.647
206,13.284,15.659
207,13.285,15.664
208,13.273,15.638
209,13.269,15.632
210,13.264,15.622
211,13.281,15.659
212,13.264,15.635
213,13.276,15.657
214,13.273,15.643
215,13.291,15.651
216,13.266,15.627
217,13.275,15.645
218,13.274,15.637
219,13.286,15.662
220,13.275,15.644
221,13.301,15.687
222,13.255,15.615
223,13.292,15.664
224,13.263,15.624
225,13.247,15.603
226,13.276,15.652
227,13.277,15.639
228,13.289,15.669
229,13.301,15.681
230,13.290,15.670
231,13.282,15.644
232,13.266,15.635
233,13.306,15.690
234,13.261,15.629
235,13.272,15.651
236,13.277,15.650
237,13.259,15.611
238,13.273,15.640
239,13.272,15.635
240,13.256,15.617
241,13.266,15.638
242,13.296,15.666
243,13.283,15.659
244,13.278,15.661
245,13.271,15.638
246,13.267,15.628
247,13.289,15.669
248,13.282,15.648
249,13.268,15.641
250,13.259,15.623
251,13.277,15.647
252,13.278,15.648
253,13.280,15.657
254,13.275,15.639
255,13.261,15.614
256,13.294,15.672
257,13.298,15.673
258,13.301,15.681
259,13.316,15.699
260,13.299,15.674
261,13.287,15.653
262,13.304,15.699
263,13.308,15.705
264,13.306,15.684
265,13.297,15.677
266,13.312,15.699
267,13.299,15.680
268,13.295,15.671
269,13.296,15.670
270,13.295,15.676
271,13.306,15.691
272,13.303,15.695
273,13.318,15.713
274,13.298,15.689
275,13.312,15.712
276,13.288,15.673
277,13.309,15.687
278,13.314,15.699
279,13.318,15.712
280,13.297,15.692
281,13.314,15.710
282,13.311,15.702
283,13.299,15.695
284,13.308,15.705
285,13.324,15.719
286,13.328,15.722
287,13.320,15.714
288,13.309,15.706
289,13.321,15.713
290,13.349,15.758
291,13.319,15.715
292,13.342,15.741
293,13.323,15.721
294,13.334,15.731
295,13.323,15.726
296,13.325,15.720
297,13.324,15.716
298,13.329,15.723
299,13.316,15.708
300,13.315,15.718
301,13.315,15.712
302,13.297,15.682
303,13.310,15.714
304,13.316,15.711
305,13.300,15.689
306,13.314,15.714
307,13.312,15.706
308,13.296,15.691
309,13.266,15.643
310,13.290,15.673
311,13.246,15.610
312,13.271,15.645
313,13.259,15.630
314,13.258,15.616
315,13.292,15.688
316,13.282,15.664
317,13.281,15.663
318,13.273,15.657
319,13.297,15.694
320,13.275,15.660
321,13.269,15.640
322,13.258,15.633
323,13.267,15.640
324,13.281,15.665
325,13.266,15.643
326,13.263,15.632
327,13.271,15.643
328,13.267,15.648
329,13.268,15.651
330,13.258,15.633
331,13.269,15.644
332,13.258,15.630
333,13.246,15.620
334,13.252,15.628
335,13.251,15.612
336,13.252,15.623
337,13.247,15.609
338,13.258,15.635
339,13.258,15.639
340,13.239,15.607
341,13.256,15.628
342,13.257,15.642
343,13.223,15.594
344,13.239,15.610
345,13.244,15.614
346,13.227,15.600
347,13.229,15.590
348,13.223,15.579
349,13.226,15.594
350,13.226,15.591
351,13.208,15.560
352,13.233,15.606
353,13.218,15.585
354,13.203,15.562
355,13.185,15.514
356,13.205,15.559
357,13.196,15.556
358,13.195,15.542
359,13.199,15.539
360,13.188,15.532
361,13.186,15.527
362,13.211,15.570
363,13.191,15.546
364,13.178,15.531
365,13.194,15.544
366,13.181,15.529
367,13.188,15.528
368,13.163,15.496
369,13.181,15.528
370,13.170,15.499
371,13.150,15.493
372,13.169,15.515
373,13.175,15.526
374,13.171,15.518
375,13.163,15.495
376,13.152,15.488
377,13.139,15.468
378,13.139,15.474
379,13.117,15.446
380,13.086,15.391
381,13.111,15.433
382,13.113,15.424
383,13.132,15.469
384,13.115,15.431
385,13.136,15.469
386,13.152,15.492
387,13.144,15.482
388,13.131,15.459
389,13.144,15.483
390,13.140,15.472
391,13.149,15.502
392,13.129,15.477
393,13.139,15.490
394,13.140,15.487
395,13.128,15.473
396,13.117,15.453
397,13.139,15.479
398,13.145,15.492
399,13.142,15.497
400,13.144,15.482
401,13.151,15.506
402,13.149,15.506
403,13.141,15.487
404,13.136,15.478
405,13.145,15.501
406,13.156,15.509
407,13.128,15.459
408,13.146,15.487
409,13.133,15.483
410,13.141,15.487
411,13.142,15.492
412,13.122,15.468
413,13.156,15.511
414,13.105,15.441
415,13.144,15.502
416,13.126,15.463
417,13.104,15.448
418,13.151,15.514
419,13.121,15.465
420,13.133,15.479
421,13.166,15.537
422,13.133,15.478
423,13.159,15.512
424,13.129,15.476
425,13.139,15.490
426,13.140,15.494
427,13.143,15.496
428,13.145,15.492
429,13.146,15.503
430,13.151,15.508
431,13.148,15.501
432,13.133,15.475
433,13.161,15.523
434,13.136,15.477
435,13.150,15.508
436,13.149,15.507
437,13.139,15.487
438,13.152,15.494
439,13.148,15.498
440,13.157,15.527
441,13.160,15.521
442,13.140,15.499
443,13.154,15.517
444,13.144,15.505
445,13.149,15.511
446,13.142,15.482
447,13.161,15.531
448,13.165,15.529
449,13.173,15.536
450,13.146,15.512
451,13.156,15.520
452,13.161,15.529
453,13.166,15.530
454,13.152,15.523
455,13.175,15.553
456,13.151,15.521
457,13.147,15.502
458,13.164,15.537
459,13.139,15.493
460,13.161,15.525
461,13.140,15.502
462,13.158,15.536
463,13.147,15.513
464,13.155,15.523
465,13.164,15.526
466,13.148,15.510
467,13.143,15.514
468,13.148,15.515
469,13.138,15.494
470,13.144,15.509
471,13.148,15.511
472,13.131,15.496
473,13.147,15.509
474,13.148,15.498
475,13.149,15.528
476,13.141,15.500
477,13.150,15.514
478,13.147,15.508
479,13.142,15.501
480,13.148,15.510
481,13.168,15.548
482,13.153,15.526
483,13.145,15.516
484,13.164,15.545
485,13.171,15.562
486,13.174,15.567
487,13.170,15.547
488,13.182,15.568
489,13.197,15.593
490,13.177,15.561
491,13.215,15.619
492,13.202,15.609
493,13.197,15.604
494,13.220,15.628
495,13.211,15.621
496,13.222,15.637
497,13.240,15.649
498,13.231,15.646
499,13.228,15.643
500,13.243,15.652
501,13.247,15.658
502,13.277,15.716
503,13.263,15.682
504,13.272,15.709
505,13.263,15.690
506,13.276,15.716
507,13.294,15.756
508,13.288,15.739
509,13.305,15.756
510,13.296,15.739
511,13.301,15.762
512,13.318,15.768
513,13.333,15.810
514,13.344,15.813
515,13.358,15.838
516,13.342,15.817
517,13.372,15.874
518,13.367,15.859
519,13.378,15.876
520,13.362,15.857
521,13.365,15.858
522,13.323,15.800
523,13.295,15.755
524,13.268,15.717
525,13.236,15.676
526,13.214,15.633
527,13.196,15.610
528,13.227,15.652
529,13.210,15.630
530,13.221,15.656
531,13.219,15.648
532,13.206,15.619
533,13.220,15.646
534,13.208,15.631
535,13.220,15.642
536,13.205,15.621
537,13.235,15.669
538,13.220,15.638
539,13.229,15.652
540,13.217,15.632
541,13.225,15.648
542,13.214,15.629
543,13.228,15.656
544,13.240,15.675
545,13.223,15.650
546,13.204,15.619
547,13.224,15.645
548,13.217,15.630
549,13.223,15.643
550,13.227,15.634
551,13.217,15.644
552,13.227,15.658
553,13.220,15.635
554,13.202,15.625
555,13.228,15.658
556,13.230,15.645
557,13.223,15.643
558,13.234,15.665
559,13.235,15.668
560,13.218,15.635
561,13.214,15.630
562,13.203,15.614
563,13.204,15.611
564,13.201,15.610
565,13.201,15.604
566,13.156,15.542
567,13.190,15.592
568,13.178,15.582
569,13.170,15.570
570,13.171,15.564
571,13.175,15.566
572,13.185,15.592
573,13.161,15.553
574,13.167,15.564
575,13.164,15.552
576,13.176,15.561
577,13.156,15.542
578,13.145,15.515
579,13.157,15.549
580,13.147,15.515
581,13.145,15.526
582,13.154,15.540
583,13.142,15.525
584,13.131,15.512
585,13.150,15.527
586,13.133,15.502
587,13.135,15.495
588,13.139,15.513
589,13.117,15.478
590,13.126,15.492
591,13.131,15.492
592,13.109,15.459
593,13.118,15.485
594,13.127,15.486
595,13.112,15.471
596,13.111,15.474
597,13.110,15.478
598,13.110,15.476
599,13.117,15.491
600,13.140,15.512
601,13.134,15.504
602,13.123,15.487
603,13.131,15.509
604,13.107,15.473
605,13.128,15.502
606,13.105,15.460
607,13.124,15.483
608,13.121,15.488
609,13.131,15.492
610,13.132,15.502
611,13.114,15.472
612,13.149,15.531
613,13.147,15.526
614,13.146,15.516
615,13.143,15.518
616,13.129,15.483
617,13.138,15.513
618,13.127,15.495
619,13.136,15.511
620,13.157,15.528
621,13.163,15.543
622,13.155,15.518
623,13.137,15.512
624,13.149,15.526
625,13.130,15.493
626,13.142,15.510
627,13.130,15.500
628,13.142,15.514
629,13.129,15.495
630,13.148,15.524
631,13.143,15.522
632,13.147,15.518
633,13.153,15.531
634,13.156,15.533
635,13.149,15.528
636,13.139,15.505
637,13.127,15.494
638,13.161,15.539
639,13.130,15.502
640,13.170,15.552
641,13.170,15.544
642,13.163,15.542
643,13.155,15.534
644,13.160,15.539
645,13.154,15.520
646,13.163,15.536
647,13.165,15.535
648,13.181,15.563
649,13.151,15.509
650,13.161,15.527
651,13.160,15.526
652,13.179,15.566
653,13.175,15.565
654,13.179,15.556
655,13.180,15.561
656,13.183,15.585
657,13.209,15.616
658,13.198,15.595
659,13.200,15.603
660,13.195,15.582
661,13.200,15.594
662,13.195,15.582
663,13.213,15.618
664,13.224,15.627
665,13.224,15.632
666,13.244,15.664
667,13.219,15.629
668,13.249,15.673
669,13.250,15.673
670,13.262,15.693
671,13.261,15.692
672,13.266,15.696
673,13.255,15.686
674,13.278,15.724
675,13.265,15.696
676,13.269,15.706
677,13.275,15.725
678,13.246,15.666
679,13.256,15.687
680,13.260,15.699
681,13.276,15.715
682,13.256,15.695
683,13.265,15.701
684,13.261,15.710
685,13.256,15.692
686,13.266,15.710
687,13.258,15.700
688,13.260,15.700
689,13.274,15.733
690,13.271,15.718
691,13.275,15.715
692,13.271,15.706
693,13.276,15.728
694,13.287,15.737
695,13.266,15.711
696,13.270,15.709
697,13.273,15.723
698,13.264,15.695
699,13.282,15.727
700,13.272,15.708
701,13.268,15.721
702,13.261,15.701
703,13.264,15.708
704,13.275,15.721
705,13.274,15.729
706,13.272,15.714
707,13.279,15.725
708,13.279,15.729
709,13.304,15.771
710,13.284,15.746
711,13.282,15.734
712,13.286,15.738
713,13.318,15.797
714,13.309,15.769
715,13.321,15.787
716,13.335,15.822
717,13.352,15.840
718,13.338,15.828
719,13.342,15.829
720,13.340,15.834
721,13.359,15.856
722,13.334,15.819
723,13.341,15.827
724,13.313,15.795
725,13.339,15.811
726,13.330,15.816
727,13.330,15.813
728,13.325,15.804
729,13.328,15.816
730,13.324,15.799
731,13.326,15.808
732,13.325,15.806
733,13.316,15.800
734,13.279,15.747
735,13.291,15.771
736,13.285,15.759
737,13.277,15.745
738,13.250,15.698
739,13.217,15.662
740,13.236,15.695
741,13.231,15.678
742,13.236,15.685
743,13.242,15.681
744,13.231,15.680
745,13.215,15.653
746,13.220,15.668
747,13.229,15.671
748,13.230,15.682
749,13.210,15.652
750,13.244,15.709
751,13.217,15.646
752,13.223,15.661
753,13.219,15.660
754,13.241,15.688
755,13.247,15.703
756,13.204,15.625
757,13.227,15.665
758,13.240,15.689
759,13.245,15.692
760,13.243,15.687
761,13.239,15.689
762,13.218,15.664
763,13.236,15.684
764,13.223,15.660
765,13.235,15.686
766,13.234,15.693
767,13.241,15.703
768,13.242,15.696
769,13.223,15.681
770,13.256,15.724
771,13.243,15.710
772,13.245,15.704
773,13.253,15.717
774,13.235,15.704
775,13.241,15.718
776,13.246,15.725
777,13.221,15.676
778,13.241,15.697
779,13.199,15.646
780,13.177,15.599
781,13.174,15.608
782,13.174,15.599
783,13.176,15.594
784,13.185,15.622
785,13.181,15.613
786,13.198,15.639
787,13.177,15.605
788,13.195,15.630
789,13.191,15.628
790,13.202,15.641
791,13.163,15.581
792,13.181,15.613
793,13.164,15.590
794,13.197,15.625
795,13.176,15.609
796,13.192,15.621
797,13.197,15.628
798,13.191,15.623
799,13.193,15.631
800,13.192,15.621
801,13.196,15.630
802,13.207,15.650
803,13.192,15.628
804,13.193,15.616
805,13.205,15.642
806,13.200,15.631
807,13.201,15.632
808,13.217,15.651
809,13.213,15.643
810,13.218,15.655
811,13.207,15.635
812,13.206,15.634
813,13.211,15.643
814,13.204,15.624
815,13.206,15.634
816,13.197,15.623
817,13.240,15.697
818,13.220,15.657
819,13.211,15.643
820,13.203,15.634
821,13.191,15.608
822,13.213,15.638
823,13.199,15.625
824,13.192,15.617
825,13.182,15.585
826,13.172,15.596
827,13.167,15.584
828,13.193,15.615
829,13.178,15.597
830,13.188,15.609
831,13.177,15.593
832,13.182,15.604
833,13.178,15.591
834,13.183,15.598
835,13.179,15.598
836,13.148,15.542
837,13.180,15.599
838,13.179,15.600
839,13.151,15.550
840,13.155,15.563
841,13.169,15.572
842,13.156,15.567
843,13.169,15.591
844,13.173,15.582
845,13.178,15.599
846,13.163,15.565
847,13.177,15.589
848,13.161,15.568
849,13.159,15.570
850,13.167,15.580
851,13.177,15.582
852,13.170,15.581
853,13.183,15.611
854,13.178,15.602
855,13.158,15.566
856,13.167,15.571
857,13.189,15.606
858,13.169,15.575
859,13.174,15.592
860,13.186,15.597
861,13.179,15.598
862,13.177,15.587
863,13.190,15.605
864,13.183,15.594
865,13.188,15.607
866,13.195,15.613
867,13.199,15.616
868,13.186,15.599
869,13.204,15.617
870,13.179,15.599
871,13.204,15.622
872,13.170,15.570
873,13.195,15.612
874,13.197,15.624
875,13.196,15.616
876,13.210,15.642
877,13.210,15.643
878,13.228,15.649
879,13.205,15.626
880,13.209,15.627
881,13.201,15.610
882,13.210,15.625
883,13.241,15.662
884,13.238,15.676
885,13.239,15.673
886,13.248,15.679
887,13.251,15.686
888,13.238,15.665
889,13.238,15.664
890,13.251,15.679
891,13.248,15.678
892,13.257,15.693
893,13.264,15.692
894,13.253,15.693
895,13.245,15.671
896,13.230,15.648
897,13.227,15.638
898,13.230,15.651
899,13.243,15.672
900,13.253,15.682
901,13.257,15.696
902,13.247,15.670
903,13.285,15.735
904,13.257,15.689
905,13.225,15.634
906,13.266,15.699
907,13.262,15.694
908,13.264,15.696
909,13.273,15.718
910,13.283,15.723
911,13.273,15.710
912,13.271,15.714
913,13.294,15.744
914,13.260,15.682
915,13.252,15.678
916,13.259,15.682
917,13.261,15.688
918,13.272,15.714
919,13.275,15.722
920,13.271,15.702
921,13.254,15.683
922,13.254,15.672
923,13.256,15.696
924,13.259,15.692
925,13.239,15.646
926,13.248,15.674
927,13.253,15.668
928,13.284,15.722
929,13.275,15.713
930,13.267,15.698
931,13.260,15.689
932,13.263,15.687
933,13.260,15.695
934,13.270,15.709
935,13.273,15.708
936,13.265,15.687
937,13.251,15.673
938,13.257,15.689
939,13.273,15.704
940,13.259,15.679
941,13.241,15.661
942,13.257,15.671
943,13.257,15.680
944,13.269,15.691
945,13.264,15.686
946,13.269,15.695
947,13.259,15.680
948,13.273,15.706
949,13.275,15.699
950,13.264,15.698
951,13.271,15.699
952,13.268,15.697
953,13.246,15.662
954,13.276,15.703
955,13.259,15.687
956,13.244,15.657
957,13.290,15.734
958,13.283,15.726
959,13.270,15.695
960,13.279,15.707
961,13.273,15.707
962,13.271,15.694
963,13.245,15.660
964,13.262,15.695
965,13.281,15.704
966,13.275,15.702
967,13.270,15.707
968,13.279,15.716
969,13.282,15.716
970,13.275,15.707
971,13.260,15.685
972,13.236,15.645
973,13.265,15.683
974,13.270,15.697
975,13.265,15.695
976,13.287,15.720
977,13.267,15.694
978,13.272,15.707
979,13.282,15.711
980,13.265,15.698
981,13.268,15.708
982,13.276,15.709
983,13.269,15.692
984,13.279,15.704
985,13.260,15.687
986,13.282,15.714
987,13.283,15.715
988,13.254,15.665
989,13.267,15.687
990,13.274,15.695
991,13.268,15.700
992,13.262,15.691
993,13.261,15.668
994,13.279,15.705
995,13.251,15.671
996,13.271,15.697
997,13.278,15.699
998,13.273,15.694
999,13.289,15.720
1000,13.272,15.700
1001,13.280,15.701
1002,13.273,15.705
1003,13.299,15.729
1004,13.274,15.703
1005,13.272,15.694
1006,13.276,15.708
1007,13.299,15.748
1008,13.289,15.731
1009,13.281,15.720
1010,13.304,15.746
1011,13.280,15.718
1012,13.282,15.718
1013,13.286,15.723
1014,13.281,15.701
1015,13.289,15.725
1016,13.278,15.711
1017,13.313,15.759
1018,13.316,15.766
1019,13.311,15.761
1020,13.318,15.768
1021,13.302,15.751
1022,13.330,15.794
1023,13.317,15.781
1024,13.331,15.800
1025,13.307,15.757
1026,13.330,15.784
1027,13.348,15.825
1028,13.320,15.783
1029,13.341,15.822
1030,13.331,15.799
1031,13.335,15.810
1032,13.352,15.832
1033,13.327,15.808
1034,13.347,15.820
1035,13.345,15.831
1036,13.348,15.836
1037,13.361,15.863
1038,13.343,15.840
1039,13.353,15.853
1040,13.361,15.862
1041,13.372,15.882
1042,13.365,15.873
1043,13.375,15.893
1044,13.412,15.956
1045,13.411,15.964
1046,13.437,15.987
1047,13.440,16.001
1048,13.411,15.956
1049,13.412,15.959
1050,13.466,16.060
1051,13.495,16.107
1052,13.503,16.116
1053,13.502,16.119
1054,13.529,16.167
1055,13.547,16.204
1056,13.580,16.257
1057,13.631,16.333
1058,13.625,16.327
1059,13.705,16.456
1060,13.712,16.459
1061,13.758,16.535
1062,13.805,16.616
1063,13.829,16.645
1064,13.856,16.702
1065,13.864,16.707
1066,13.915,16.795
1067,13.964,16.874
1068,13.947,16.849
1069,13.955,16.881
1070,13.955,16.868
1071,14.038,17.009
1072,14.023,16.996
1073,14.060,17.050
1074,14.033,17.004
1075,14.049,17.041
1076,14.023,16.991
1077,14.080,17.084
1078,14.074,17.074
1079,14.079,17.092
1080,14.089,17.110
1081,14.108,17.156
1082,14.125,17.183
1083,14.181,17.261
1084,14.176,17.262
1085,14.205,17.312
1086,14.177,17.264
1087,14.178,17.274
1088,14.170,17.252
1089,14.178,17.260
1090,14.182,17.272
1091,14.195,17.300
1092,14.194,17.303
1093,14.200,17.300
1094,14.182,17.295
1095,14.221,17.371
1096,14.222,17.363
1097,14.186,17.307
1098,14.244,17.399
1099,14.246,17.397
1100,14.259,17.413
1101,14.279,17.465
1102,14.312,17.520
1103,14.325,17.555
1104,14.339,17.571
1105,14.367,17.628
1106,14.397,17.669
1107,14.397,17.660
1108,14.416,17.720
1109,14.440,17.754
1110,14.507,17.865
1111,14.540,17.899
1112,14.602,17.987
1113,14.571,17.949
1114,14.596,17.990
1115,14.609,18.024
1116,14.646,18.053
1117,14.642,18.049
1118,14.616,18.003
1119,14.591,17.983
1120,14.600,17.973
1121,14.567,17.917
1122,14.529,17.859
1123,14.488,17.768
1124,14.441,17.700
1125,14.387,17.602
1126,14.377,17.586
1127,14.315,17.502
1128,14.302,17.474
1129,14.251,17.388
1130,14.197,17.309
1131,14.195,17.318
1132,14.176,17.285
1133,14.181,17.287
1134,14.115,17.169
1135,14.081,17.123
1136,14.121,17.178
1137,14.119,17.204
1138,14.165,17.278
1139,14.216,17.368
1140,14.208,17.396
1141,14.238,17.405
1142,14.259,17.449
1143,14.317,17.528
1144,14.356,17.590
1145,14.326,17.535
1146,14.353,17.582
1147,14.322,17.539
1148,14.299,17.492
1149,14.281,17.465
1150,14.259,17.426
1151,14.237,17.387
1152,14.228,17.374
1153,14.222,17.349
1154,14.230,17.367
1155,14.247,17.368
1156,14.225,17.341
1157,14.232,17.339
1158,14.243,17.359
1159,14.230,17.334
1160,14.220,17.309
1161,14.225,17.332
1162,14.222,17.311
1163,14.212,17.288
1164,14.201,17.262
1165,14.217,17.287
1166,14.167,17.217
1167,14.136,17.168
1168,14.127,17.149
1169,14.069,17.056
1170,14.035,17.010
1171,13.995,16.952
1172,13.988,16.937
1173,13.976,16.928
1174,13.940,16.863
1175,13.902,16.821
1176,13.887,16.809
1177,13.831,16.685
1178,13.830,16.673
1179,13.765,16.578
1180,13.748,16.555
1181,13.709,16.482
1182,13.688,16.457
1183,13.648,16.377
1184,13.632,16.353
1185,13.599,16.318
1186,13.576,16.256
1187,13.558,16.230
1188,13.525,16.178
1189,13.543,16.198
1190,13.533,16.169
1191,13.505,16.129
1192,13.499,16.109
1193,13.481,16.077
1194,13.515,16.121
1195,13.511,16.083
1196,13.513,16.104
1197,13.486,16.045
1198,13.474,16.041
1199,13.457,15.996
1200,13.445,15.988
1201,13.422,15.939
1202,13.397,15.898
1203,13.406,15.917
1204,13.381,15.873
1205,13.376,15.863
1206,13.371,15.856
1207,13.364,15.844
1208,13.361,15.841
1209,13.343,15.821
1210,13.347,15.811
1211,13.362,15.834
1212,13.353,15.830
1213,13.350,15.810
1214,13.345,15.806
1215,13.375,15.841
1216,13.397,15.865
1217,13.398,15.878
1218,13.421,15.894
1219,13.393,15.864
1220,13.392,15.865
1221,13.439,15.923
1222,13.440,15.935
1223,13.443,15.939
1224,13.503,16.017
1225,13.481,15.992
1226,13.470,15.972
1227,13.511,16.028
1228,13.489,15.995
1229,13.506,16.023
1230,13.508,16.024
1231,13.496,16.018
1232,13.495,16.007
1233,13.506,16.010
1234,13.508,16.009
1235,13.497,15.991
1236,13.488,15.984
1237,13.467,15.941
1238,13.480,15.975
1239,13.495,16.007
1240,13.496,15.988
1241,13.499,16.002
1242,13.506,16.014
1243,13.516,16.035
1244,13.498,16.003
1245,13.511,16.020
1246,13.522,16.045
1247,13.526,16.052
1248,13.523,16.045
1249,13.537,16.069
1250,13.546,16.090
1251,13.531,16.073
1252,13.541,16.073
1253,13.523,16.059
1254,13.536,16.080
1255,13.554,16.115
1256,13.553,16.102
1257,13.556,16.119
1258,13.552,16.099
1259,13.559,16.123
1260,13.508,16.034
1261,13.493,16.027
1262,13.466,15.988
1263,13.467,15.994
1264,13.438,15.956
1265,13.417,15.919
1266,13.396,15.902
1267,13.396,15.888
1268,13.356,15.830
1269,13.344,15.823
1270,13.347,15.824
1271,13.351,15.830
1272,13.336,15.821
1273,13.330,15.797
1274,13.338,15.817
1275,13.322,15.792
1276,13.333,15.810
1277,13.317,15.782
1278,13.306,15.772
1279,13.285,15.749
1280,13.254,15.693
1281,13.294,15.751
1282,13.265,15.711
1283,13.249,15.698
1284,13.251,15.693
1285,13.248,15.697
1286,13.223,15.661
1287,13.216,15.644
1288,13.239,15.675
1289,13.256,15.717
1290,13.270,15.743
1291,13.259,15.731
1292,13.287,15.759
1293,13.277,15.752
1294,13.267,15.735
1295,13.278,15.753
1296,13.295,15.776
1297,13.292,15.783
1298,13.309,15.818
1299,13.290,15.777
1300,13.311,15.816
1301,13.326,15.842
1302,13.312,15.818
1303,13.322,15.834
1304,13.321,15.833
1305,13.341,15.871
1306,13.321,15.830
1307,13.341,15.864
1308,13.352,15.881
1309,13.338,15.854
1310,13.352,15.869
1311,13.349,15.880
1312,13.359,15.889
1313,13.363,15.887
1314,13.376,15.920
1315,13.398,15.947
1316,13.412,15.970
1317,13.402,15.962
1318,13.432,16.010
1319,13.413,15.970
1320,13.434,15.999
1321,13.439,16.010
1322,13.460,16.041
1323,13.464,16.044
1324,13.474,16.070
1325,13.472,16.067
1326,13.483,16.072
1327,13.497,16.099
1328,13.485,16.086
1329,13.492,16.086
1330,13.494,16.091
1331,13.516,16.121
1332,13.506,16.101
1333,13.515,16.126
1334,13.515,16.116
1335,13.514,16.122
1336,13.518,16.131
1337,13.538,16.142
1338,13.539,16.150
1339,13.546,16.163
1340,13.534,16.159
1341,13.519,16.127
1342,13.555,16.177
1343,13.562,16.189
1344,13.538,16.170
1345,13.529,16.139
1346,13.566,16.203
1347,13.578,16.209
1348,13.573,16.209
1349,13.550,16.163
1350,13.564,16.179
1351,13.556,16.178
1352,13.556,16.188
1353,13.552,16.173
1354,13.558,16.175
1355,13.546,16.159
1356,13.545,16.164
1357,13.536,16.149
1358,13.548,16.177
1359,13.581,16.226
1360,13.545,16.172
1361,13.540,16.156
1362,13.550,16.162
1363,13.570,16.207
1364,13.559,16.183
1365,13.571,16.198
1366,13.575,16.204
1367,13.578,16.208
1368,13.550,16.176
1369,13.578,16.234
1370,13.562,16.192
1371,13.556,16.182
1372,13.560,16.182
1373,13.560,16.185
1374,13.570,16.200
1375,13.585,16.228
1376,13.565,16.194
1377,13.581,16.229
1378,13.555,16.172
1379,13.574,16.213
1380,13.563,16.199
1381,13.559,16.195
1382,13.578,16.220
1383,13.560,16.190
1384,13.565,16.214
1385,13.554,16.182
1386,13.577,16.213
1387,13.582,16.219
1388,13.568,16.214
1389,13.559,16.188
1390,13.556,16.185
1391,13.560,16.189
1392,13.552,16.173
1393,13.563,16.193
1394,13.536,16.161
1395,13.571,16.209
1396,13.566,16.203
1397,13.544,16.162
1398,13.567,16.199
1399,13.557,16.187
1400,13.563,16.196
1401,13.544,16.171
1402,13.534,16.143
1403,13.535,16.148
1404,13.530,16.132
1405,13.546,16.170
1406,13.558,16.202
1407,13.544,16.165
1408,13.544,16.162
1409,13.535,16.155
1410,13.553,16.185
1411,13.527,16.139
1412,13.551,16.174
1413,13.538,16.147
1414,13.566,16.195
1415,13.562,16.200
1416,13.559,16.182
1417,13.574,16.210
1418,13.559,16.190
1419,13.553,16.178
1420,13.557,16.182
1421,13.569,16.190
1422,13.555,16.166
1423,13.580,16.217
1424,13.566,16.190
1425,13.590,16.224
1426,13.568,16.188
1427,13.562,16.182
1428,13.560,16.164
1429,13.557,16.179
1430,13.558,16.170
1431,13.567,16.194
1432,13.570,16.217
1433,13.572,16.207
1434,13.560,16.182
1435,13.586,16.227
1436,13.565,16.190
1437,13.563,16.180
1438,13.573,16.205
1439,13.568,16.190
1440,13.582,16.216
1441,13.596,16.233
1442,13.574,16.198
1443,13.574,16.210
1444,13.572,16.201
1445,13.598,16.239
1446,13.569,16.195
1447,13.596,16.238
1448,13.608,16.242
1449,13.598,16.223
1450,13.604,16.241
1451,13.607,16.246
1452,13.593,16.226
1453,13.607,16.238
1454,13.610,16.262
1455,13.639,16.284
1456,13.636,16.292
1457,13.644,16.292
1458,13.640,16.292
1459,13.649,16.312
1460,13.652,16.312
1461,13.638,16.295
1462,13.638,16.292
1463,13.632,16.284
1464,13.659,16.325
1465,13.639,16.304
1466,13.662,16.334
1467,13.650,16.300
1468,13.655,16.320
1469,13.648,16.313
1470,13.657,16.320
1471,13.663,16.344
1472,13.671,16.346
1473,13.666,16.335
1474,13.665,16.329
1475,13.677,16.354
1476,13.694,16.372
1477,13.683,16.357
1478,13.670,16.347
1479,13.670,16.338
1480,13.688,16.374
1481,13.670,16.361
1482,13.681,16.373
1483,13.696,16.388
1484,13.690,16.376
1485,13.693,16.400
1486,13.657,16.320
1487,13.686,16.367
1488,13.685,16.366
1489,13.684,16.382
1490,13.676,16.369
1491,13.697,16.403
1492,13.654,16.340
1493,13.694,16.392
1494,13.666,16.342
1495,13.674,16.356
1496,13.660,16.339
1497,13.682,16.385
1498,13.666,16.353
1499,13.677,16.369
1500,13.690,16.389
1501,13.655,16.325
1502,13.671,16.361
1503,13.667,16.344
1504,13.664,16.352
1505,13.654,16.340
1506,13.652,16.326
1507,13.654,16.326
1508,13.647,16.322
1509,13.643,16.323
1510,13.622,16.280
1511,13.598,16.242
1512,13.613,16.272
1513,13.599,16.253
1514,13.607,16.266
1515,13.615,16.269
1516,13.602,16.250
1517,13.597,16.252
1518,13.597,16.257
1519,13.602,16.250
1520,13.608,16.269
1521,13.605,16.254
1522,13.584,16.244
1523,13.585,16.232
1524,13.584,16.229
1525,13.590,16.224
1526,13.575,16.211
1527,13.585,16.226
1528,13.568,16.195
1529,13.582,16.219
1530,13.578,16.206
1531,13.581,16.211
1532,13.575,16.202
1533,13.567,16.189
1534,13.550,16.147
1535,13.552,16.165
1536,13.565,16.172
1537,13.554,16.159
1538,13.561,16.175
1539,13.552,16.170
1540,13.570,16.191
1541,13.582,16.199
1542,13.583,16.213
1543,13.573,16.203
1544,13.565,16.185
1545,13.594,16.234
1546,13.560,16.189
1547,13.540,16.151
1548,13.551,16.172
1549,13.550,16.165
1550,13.564,16.187
1551,13.531,16.130
1552,13.546,16.170
1553,13.531,16.142
1554,13.500,16.104
1555,13.519,16.116
1556,13.515,16.112
1557,13.510,16.111
1558,13.538,16.143
1559,13.532,16.148
1560,13.509,16.110
1561,13.493,16.091
1562,13.489,16.083
1563,13.499,16.102
1564,13.526,16.137
1565,13.505,16.111
1566,13.483,16.067
1567,13.485,16.083
1568,13.491,16.077
1569,13.490,16.077
1570,13.490,16.094
1571,13.496,16.092
1572,13.508,16.117
1573,13.492,16.078
1574,13.493,16.063
1575,13.483,16.055
1576,13.512,16.114
1577,13.517,16.116
1578,13.505,16.099
1579,13.520,16.118
1580,13.561,16.173
1581,13.553,16.159
1582,13.546,16.148
1583,13.580,16.209
1584,13.564,16.185
1585,13.574,16.188
1586,13.594,16.221
1587,13.582,16.215
1588,13.601,16.236
1589,13.589,16.216
1590,13.617,16.251
1591,13.635,16.266
1592,13.631,16.270
1593,13.637,16.302
1594,13.640,16.285
1595,13.617,16.240
1596,13.625,16.266
1597,13.612,16.244
1598,13.618,16.265
1599,13.576,16.186
1600,13.565,16.176
1601,13.584,16.213
1602,13.540,16.138
1603,13.551,16.161
1604,13.546,16.165
1605,13.526,16.116
1606,13.520,16.119
1607,13.523,16.115
1608,13.517,16.135
1609,13.520,16.131
1610,13.517,16.125
1611,13.521,16.124
1612,13.520,16.125
1613,13.525,16.130
1614,13.543,16.161
1615,13.543,16.162
1616,13.547,16.170
1617,13.560,16.179
1618,13.543,16.159
1619,13.561,16.200
1620,13.550,16.164
1621,13.525,16.153
1622,13.510,16.116
1623,13.543,16.173
1624,13.506,16.124
1625,13.515,16.127
1626,13.512,16.126
1627,13.497,16.101
1628,13.491,16.094
1629,13.474,16.066
1630,13.453,16.052
1631,13.481,16.084
1632,13.478,16.082
1633,13.480,16.080
1634,13.482,16.078
1635,13.522,16.151
1636,13.514,16.139
1637,13.500,16.106
1638,13.503,16.118
1639,13.539,16.164
1640,13.523,16.136
1641,13.517,16.133
1642,13.553,16.196
1643,13.549,16.184
1644,13.585,16.231
1645,13.572,16.193
1646,13.581,16.209
1647,13.594,16.229
1648,13.607,16.246
1649,13.625,16.269
1650,13.617,16.251
1651,13.620,16.246
1652,13.592,16.206
1653,13.587,16.193
1654,13.582,16.192
1655,13.565,16.160
1656,13.562,16.171
1657,13.549,16.133
1658,13.546,16.130
1659,13.523,16.095
1660,13.508,16.062
1661,13.499,16.057
1662,13.478,16.023
1663,13.489,16.042
1664,13.479,16.031
1665,13.444,15.978
1666,13.465,16.006
1667,13.434,15.950
1668,13.432,15.946
1669,13.432,15.944
1670,13.440,15.975
1671,13.452,15.989
1672,13.440,15.967
1673,13.442,15.970
1674,13.437,15.968
1675,13.440,15.960
1676,13.442,15.978
1677,13.434,15.956
1678,13.419,15.938
1679,13.393,15.898
1680,13.420,15.950
1681,13.402,15.921
1682,13.380,15.880
1683,13.368,15.864
1684,13.343,15.838
1685,13.361,15.874
1686,13.355,15.845
1687,13.363,15.861
1688,13.358,15.852
1689,13.383,15.885
1690,13.373,15.864
1691,13.395,15.908
1692,13.378,15.876
1693,13.378,15.877
1694,13.403,15.917
1695,13.413,15.929
1696,13.412,15.907
1697,13.403,15.906
1698,13.393,15.877
1699,13.395,15.883
1700,13.422,15.907
1701,13.400,15.885
1702,13.435,15.934
1703,13.449,15.960
1704,13.454,15.961
1705,13.458,15.964
1706,13.431,15.931
1707,13.443,15.949
1708,13.437,15.933
1709,13.449,15.947
1710,13.475,15.977
1711,13.459,15.973
1712,13.472,15.990
1713,13.496,16.020
1714,13.490,16.010
1715,13.502,16.036
1716,13.502,16.021
1717,13.509,16.037
1718,13.516,16.036
1719,13.523,16.057
1720,13.532,16.066
1721,13.531,16.070
1722,13.550,16.086
1723,13.576,16.116
1724,13.574,16.110
1725,13.607,16.153
1726,13.606,16.146
1727,13.609,16.163
1728,13.636,16.204
1729,13.620,16.180
1730,13.594,16.146
1731,13.589,16.138
1732,13.590,16.143
1733,13.604,16.154
1734,13.604,16.156
1735,13.618,16.179
1736,13.606,16.155
1737,13.650,16.218
1738,13.640,16.198
1739,13.653,16.225
1740,13.646,16.204
1741,13.653,16.216
1742,13.656,16.221
1743,13.673,16.238
1744,13.661,16.235
1745,13.683,16.259
1746,13.666,16.228
1747,13.693,16.270
1748,13.685,16.258
1749,13.677,16.256
1750,13.679,16.243
1751,13.676,16.243
1752,13.684,16.249
1753,13.686,16.267
1754,13.698,16.287
1755,13.684,16.267
1756,13.692,16.271
1757,13.684,16.258
1758,13.634,16.185
1759,13.619,16.173
1760,13.625,16.176
1761,13.588,16.113
1762,13.563,16.099
1763,13.548,16.056
1764,13.524,16.023
1765,13.502,15.999
1766,13.500,16.004
1767,13.504,16.007
1768,13.517,16.028
1769,13.509,16.007
1770,13.501,16.000
1771,13.487,15.975
1772,13.468,15.953
1773,13.436,15.907
1774,13.447,15.927
1775,13.470,15.976
1776,13.451,15.937
1777,13.465,15.945
1778,13.508,16.025
1779,13.461,15.947
1780,13.438,15.925
1781,13.436,15.919
1782,13.407,15.877
1783,13.386,15.862
1784,13.363,15.813
1785,13.388,15.876
1786,13.401,15.882
1787,13.401,15.894
1788,13.448,15.950
1789,13.465,15.976
1790,13.442,15.944
1791,13.446,15.946
1792,13.470,15.969
1793,13.488,16.003
1794,13.501,16.024
1795,13.494,16.005
1796,13.496,15.999
1797,13.503,16.015
1798,13.507,16.004
1799,13.530,16.036
1800,13.529,16.040
1801,13.533,16.042
1802,13.500,15.986
1803,13.535,16.036
1804,13.517,16.007
1805,13.502,15.971
1806,13.517,15.995
1807,13.505,15.974
1808,13.512,15.999
1809,13.487,15.951
1810,13.491,15.957
1811,13.458,15.914
1812,13.421,15.851
1813,13.432,15.877
1814,13.428,15.854
1815,13.390,15.812
1816,13.407,15.824
1817,13.409,15.831
1818,13.415,15.844
1819,13.447,15.891
1820,13.440,15.888
1821,13.478,15.946
1822,13.502,15.954
1823,13.537,16.027
1824,13.516,15.987
1825,13.549,16.040
1826,13.562,16.045
1827,13.576,16.082
1828,13.556,16.052
1829,13.568,16.070
1830,13.592,16.090
1831,13.614,16.130
1832,13.638,16.166
1833,13.645,16.177
1834,13.667,16.220
1835,13.701,16.266
1836,13.711,16.280
1837,13.722,16.282
1838,13.735,16.308
1839,13.696,16.252
1840,13.690,16.251
