0,7.928,10.299
1,7.930,10.293
2,7.935,10.302
3,7.943,10.310
4,7.908,10.272
5,7.899,10.258
6,7.953,10.340
7,7.905,10.275
8,7.920,10.288
9,7.926,10.311
10,7.919,10.291
11,7.920,10.286
12,7.888,10.252
13,7.901,10.271
14,7.913,10.296
15,7.920,10.304
16,7.917,10.297
17,7.911,10.292
18,7.917,10.302
19,7.929,10.322
20,7.885,10.248
21,7.921,10.313
22,7.922,10.318
23,7.907,10.301
24,7.879,10.257
25,7.904,10.301
26,7.903,10.303
27,7.893,10.291
28,7.872,10.262
29,7.896,10.299
30,7.908,10.309
31,7.901,10.284
32,7.895,10.272
33,7.886,10.273
34,7.900,10.290
35,7.889,10.269
36,7.896,10.283
37,7.888,10.275
38,7.886,10.272
39,7.893,10.294
40,7.923,10.333
41,7.949,10.346
42,7.943,10.354
43,7.934,10.338
44,7.942,10.339
45,7.932,10.318
46,7.938,10.316
47,7.936,10.311
48,7.939,10.312
49,7.898,10.249
50,7.911,10.268
51,7.901,10.250
52,7.904,10.250
53,7.936,10.305
54,7.920,10.280
55,7.906,10.244
56,7.930,10.289
57,7.917,10.268
58,7.910,10.266
59,7.907,10.252
60,7.933,10.313
61,7.933,10.300
62,7.917,10.285
63,7.903,10.281
64,7.909,10.290
65,7.906,10.271
66,7.899,10.261
67,7.902,10.264
68,7.906,10.271
69,7.901,10.268
70,7.917,10.283
71,7.929,10.301
72,7.933,10.308
73,7.928,10.276
74,7.952,10.325
75,7.945,10.311
76,7.942,10.305
77,7.966,10.348
78,7.964,10.330
79,7.946,10.315
80,7.966,10.335
81,7.951,10.314
82,7.946,10.306
83,7.943,10.301
84,7.929,10.297
85,7.940,10.296
86,7.921,10.277
87,7.950,10.323
88,7.951,10.318
89,7.953,10.321
90,7.922,10.293
91,7.927,10.291
92,7.929,10.306
93,7.944,10.322
94,7.930,10.300
95,7.915,10.283
96,7.914,10.288
97,7.911,10.284
98,7.908,10.274
99,7.883,10.258
100,7.888,10.269
101,7.862,10.219
102,7.837,10.204
103,7.850,10.225
104,7.848,10.219
105,7.834,10.205
106,7.837,10.211
107,7.824,10.188
108,7.818,10.180
109,7.818,10.188
110,7.826,10.201
111,7.863,10.232
112,7.859,10.227
113,7.857,10.225
114,7.860,10.226
115,7.858,10.216
116,7.878,10.266
117,7.855,10.219
118,7.859,10.231
119,7.854,10.215
120,7.839,10.198
121,7.856,10.216
122,7.875,10.256
123,7.857,10.217
124,7.865,10.228
125,7.857,10.206
126,7.881,10.261
127,7.862,10.220
128,7.866,10.232
129,7.861,10.226
130,7.862,10.226
131,7.845,10.204
132,7.851,10.215
133,7.859,10.217
134,7.860,10.219
135,7.872,10.243
136,7.893,10.270
137,7.895,10.259
138,7.888,10.241
139,7.890,10.249
140,7.906,10.277
141,7.903,10.269
142,7.900,10.271
143,7.903,10.273
144,7.900,10.272
145,7.890,10.256
146,7.890,10.244
147,7.880,10.243
148,7.887,10.251
149,7.885,10.239
150,7.891,10.263
151,7.893,10.248
152,7.884,10.255
153,7.888,10.249
154,7.898,10.265
155,7.907,10.282
156,7.910,10.280
157,7.891,10.263
158,7.893,10.251
159,7.896,10.259
160,7.898,10.267
161,7.886,10.248
162,7.903,10.272
163,7.898,10.273
164,7.895,10.268
165,7.894,10.265
166,7.886,10.234
167,7.887,10.245
168,7.903,10.275
169,7.893,10.262
170,7.871,10.223
171,7.882,10.244
172,7.880,10.239
173,7.890,10.248
174,7.881,10.254
175,7.882,10.240
176,7.881,10.246
177,7.884,10.245
178,7.895,10.262
179,7.884,10.250
180,7.888,10.254
181,7.886,10.240
182,7.889,10.265
183,7.894,10.250
184,7.884,10.241
185,7.903,10.267
186,7.901,10.270
187,7.884,10.251
188,7.898,10.269
189,7.893,10.249
190,7.912,10.269
191,7.901,10.273
192,7.870,10.227
193,7.930,10.297
194,7.924,10.292
195,7.919,10.295
196,7.905,10.268
197,7.915,10.292
198,7.929,10.303
199,7.937,10.318
200,7.932,10.309
201,7.918,10.294
202,7.931,10.307
203,7.916,10.280
204,7.893,10.241
205,7.912,10.288
206,7.923,10.298
207,7.924,10.303
208,7.912,10.278
209,7.909,10.272
210,7.905,10.263
211,7.922,10.300
212,7.905,10.276
213,7.915,10.297
214,7.913,10.283
215,7.931,10.291
216,7.907,10.268
217,7.914,10.285
218,7.913,10.276
219,7.926,10.302
220,7.915,10.285
221,7.939,10.324
222,7.894,10.254
223,7.930,10.303
224,7.902,10.263
225,7.887,10.244
226,7.918,10.294
227,7.918,10.281
228,7.931,10.310
229,7.941,10.321
230,7.929,10.309
231,7.921,10.283
232,7.905,10.273
233,7.947,10.332
234,7.903,10.272
235,7.913,10.292
236,7.920,10.293
237,7.902,10.254
238,7.919,10.285
239,7.916,10.279
240,7.900,10.262
241,7.909,10.281
242,7.940,10.310
243,7.929,10.305
244,7.925,10.307
245,7.893,10.260
246,7.891,10.252
247,7.914,10.294
248,7.908,10.275
249,7.894,10.266
250,7.884,10.247
251,7.900,10.270
252,7.896,10.266
253,7.895,10.272
254,7.889,10.253
255,7.870,10.224
256,7.901,10.280
257,7.903,10.278
258,7.905,10.285
259,7.918,10.300
260,7.899,10.274
261,7.885,10.251
262,7.900,10.294
263,7.902,10.299
264,7.899,10.277
265,7.888,10.268
266,7.927,10.313
267,7.911,10.292
268,7.906,10.282
269,7.907,10.281
270,7.903,10.285
271,7.910,10.295
272,7.904,10.295
273,7.915,10.311
274,7.896,10.287
275,7.906,10.307
276,7.884,10.268
277,7.900,10.279
278,7.903,10.288
279,7.906,10.300
280,7.885,10.281
281,7.901,10.296
282,7.906,10.298
283,7.897,10.293
284,7.911,10.308
285,7.904,10.299
286,7.920,10.315
287,7.915,10.309
288,7.891,10.288
289,7.909,10.301
290,7.952,10.361
291,7.900,10.295
292,7.926,10.325
293,7.908,10.306
294,7.918,10.315
295,7.930,10.333
296,7.927,10.322
297,7.946,10.338
298,7.945,10.340
299,7.926,10.318
300,7.926,10.329
301,7.947,10.344
302,7.932,10.317
303,7.940,10.344
304,7.947,10.342
305,7.929,10.318
306,7.944,10.344
307,7.939,10.333
308,7.924,10.319
309,7.896,10.273
310,7.918,10.301
311,7.873,10.237
312,7.895,10.269
313,7.884,10.255
314,7.886,10.243
315,7.920,10.316
316,7.917,10.299
317,7.921,10.303
318,7.922,10.305
319,7.920,10.317
320,7.903,10.288
321,7.899,10.270
322,7.889,10.265
323,7.897,10.269
324,7.912,10.295
325,7.897,10.274
326,7.888,10.257
327,7.901,10.274
328,7.904,10.285
329,7.908,10.290
330,7.896,10.271
331,7.912,10.287
332,7.908,10.280
333,7.902,10.276
334,7.889,10.264
335,7.916,10.277
336,7.891,10.262
337,7.890,10.251
338,7.895,10.272
339,7.900,10.281
340,7.889,10.256
341,7.912,10.283
342,7.921,10.305
343,7.891,10.262
344,7.906,10.278
345,7.912,10.282
346,7.890,10.263
347,7.914,10.275
348,7.903,10.260
349,7.907,10.276
350,7.933,10.298
351,7.910,10.263
352,7.937,10.310
353,7.904,10.271
354,7.893,10.252
355,7.884,10.213
356,7.884,10.238
357,7.883,10.243
358,7.881,10.228
359,7.883,10.223
360,7.869,10.214
361,7.868,10.209
362,7.888,10.247
363,7.893,10.248
364,7.879,10.232
365,7.894,10.244
366,7.882,10.230
367,7.885,10.225
368,7.860,10.194
369,7.877,10.224
370,7.868,10.197
371,7.848,10.191
372,7.895,10.240
373,7.902,10.253
374,7.894,10.241
375,7.882,10.214
376,7.866,10.202
377,7.841,10.170
378,7.831,10.166
379,7.801,10.130
380,7.764,10.070
381,7.777,10.099
382,7.769,10.081
383,7.783,10.120
384,7.756,10.072
385,7.774,10.107
386,7.791,10.131
387,7.783,10.120
388,7.769,10.096
389,7.780,10.119
390,7.775,10.107
391,7.781,10.133
392,7.756,10.103
393,7.765,10.116
394,7.763,10.110
395,7.747,10.092
396,7.730,10.065
397,7.745,10.085
398,7.740,10.087
399,7.729,10.084
400,7.718,10.057
401,7.718,10.073
402,7.709,10.067
403,7.698,10.044
404,7.691,10.033
405,7.702,10.057
406,7.712,10.064
407,7.684,10.014
408,7.709,10.051
409,7.697,10.047
410,7.705,10.052
411,7.709,10.060
412,7.693,10.039
413,7.717,10.073
414,7.673,10.009
415,7.708,10.066
416,7.692,10.029
417,7.667,10.011
418,7.715,10.078
419,7.685,10.029
420,7.691,10.037
421,7.725,10.096
422,7.695,10.040
423,7.724,10.077
424,7.696,10.043
425,7.708,10.060
426,7.708,10.062
427,7.706,10.058
428,7.704,10.051
429,7.707,10.064
430,7.710,10.068
431,7.708,10.061
432,7.692,10.034
433,7.697,10.059
434,7.670,10.010
435,7.682,10.040
436,7.681,10.039
437,7.671,10.019
438,7.683,10.026
439,7.674,10.024
440,7.680,10.050
441,7.679,10.040
442,7.649,10.007
443,7.645,10.008
444,7.639,10.000
445,7.646,10.008
446,7.640,9.980
447,7.639,10.008
448,7.645,10.009
449,7.658,10.021
450,7.724,10.090
451,7.767,10.132
452,7.800,10.169
453,7.792,10.157
454,7.772,10.143
455,7.772,10.150
456,7.768,10.138
457,7.765,10.120
458,7.756,10.130
459,7.732,10.086
460,7.756,10.120
461,7.738,10.100
462,7.759,10.137
463,7.749,10.115
464,7.734,10.102
465,7.741,10.103
466,7.726,10.088
467,7.718,10.089
468,7.723,10.089
469,7.709,10.065
470,7.711,10.076
471,7.715,10.078
472,7.703,10.068
473,7.701,10.063
474,7.681,10.031
475,7.685,10.063
476,7.678,10.037
477,7.685,10.049
478,7.657,10.018
479,7.657,10.016
480,7.675,10.037
481,7.705,10.085
482,7.681,10.055
483,7.683,10.054
484,7.715,10.097
485,7.715,10.106
486,7.733,10.127
487,7.719,10.096
488,7.740,10.126
489,7.769,10.166
490,7.737,10.121
491,7.784,10.189
492,7.784,10.191
493,7.795,10.202
494,7.812,10.220
495,7.817,10.227
496,7.843,10.258
497,7.846,10.255
498,7.850,10.265
499,7.875,10.290
500,7.885,10.294
501,7.912,10.322
502,7.923,10.362
503,7.908,10.326
504,7.921,10.359
505,7.898,10.324
506,7.921,10.360
507,7.942,10.404
508,7.931,10.383
509,7.962,10.412
510,7.938,10.381
511,7.937,10.398
512,7.959,10.409
513,7.987,10.463
514,8.009,10.478
515,8.036,10.516
516,8.074,10.548
517,8.131,10.633
518,8.157,10.648
519,8.198,10.696
520,8.213,10.708
521,8.282,10.775
522,8.125,10.602
523,8.151,10.610
524,8.148,10.597
525,8.100,10.540
526,8.100,10.518
527,8.091,10.504
528,8.130,10.554
529,8.119,10.539
530,8.137,10.572
531,8.163,10.592
532,8.155,10.567
533,8.170,10.597
534,8.158,10.582
535,8.175,10.596
536,8.157,10.573
537,8.212,10.646
538,8.196,10.615
539,8.207,10.630
540,8.192,10.607
541,8.203,10.627
542,8.191,10.605
543,8.204,10.633
544,8.214,10.650
545,8.218,10.644
546,8.200,10.614
547,8.219,10.640
548,8.213,10.625
549,8.214,10.634
550,8.219,10.626
551,8.211,10.637
552,8.221,10.652
553,8.214,10.628
554,8.195,10.618
555,8.241,10.671
556,8.242,10.658
557,8.236,10.656
558,8.246,10.677
559,8.245,10.678
560,8.222,10.640
561,8.204,10.620
562,8.174,10.585
563,8.153,10.560
564,8.123,10.532
565,8.093,10.496
566,8.047,10.433
567,8.071,10.472
568,8.045,10.449
569,8.008,10.408
570,8.002,10.396
571,7.991,10.381
572,7.989,10.396
573,7.949,10.341
574,7.937,10.334
575,7.909,10.297
576,7.884,10.269
577,7.854,10.239
578,7.832,10.201
579,7.817,10.208
580,7.801,10.169
581,7.776,10.157
582,7.777,10.163
583,7.756,10.139
584,7.725,10.106
585,7.740,10.116
586,7.718,10.087
587,7.711,10.070
588,7.678,10.053
589,7.644,10.005
590,7.634,9.999
591,7.611,9.972
592,7.586,9.937
593,7.588,9.955
594,7.611,9.971
595,7.585,9.944
596,7.572,9.934
597,7.561,9.928
598,7.521,9.886
599,7.515,9.889
600,7.529,9.900
601,7.508,9.879
602,7.468,9.832
603,7.467,9.845
604,7.455,9.821
605,7.449,9.823
606,7.546,9.901
607,7.581,9.940
608,7.589,9.955
609,7.578,9.938
610,7.566,9.936
611,7.544,9.901
612,7.574,9.956
613,7.561,9.941
614,7.557,9.928
615,7.548,9.924
616,7.559,9.913
617,7.562,9.937
618,7.693,10.060
619,7.711,10.086
620,7.750,10.121
621,7.743,10.123
622,7.721,10.085
623,7.704,10.079
624,7.710,10.086
625,7.713,10.076
626,7.724,10.092
627,7.712,10.082
628,7.721,10.093
629,7.708,10.075
630,7.726,10.102
631,7.720,10.098
632,7.722,10.093
633,7.728,10.106
634,7.729,10.106
635,7.723,10.102
636,7.711,10.078
637,7.697,10.064
638,7.727,10.105
639,7.695,10.066
640,7.733,10.116
641,7.731,10.105
642,7.746,10.125
643,7.737,10.115
644,7.738,10.118
645,7.732,10.097
646,7.739,10.111
647,7.738,10.109
648,7.752,10.134
649,7.721,10.079
650,7.727,10.093
651,7.726,10.092
652,7.745,10.133
653,7.756,10.146
654,7.767,10.144
655,7.808,10.189
656,7.818,10.219
657,7.875,10.282
658,7.875,10.272
659,7.901,10.304
660,7.918,10.305
661,7.929,10.323
662,7.957,10.343
663,7.981,10.385
664,8.028,10.432
665,8.036,10.443
666,8.084,10.503
667,8.067,10.477
668,8.126,10.549
669,8.159,10.582
670,8.160,10.592
671,8.169,10.600
672,8.213,10.643
673,8.208,10.639
674,8.247,10.693
675,8.238,10.668
676,8.256,10.694
677,8.268,10.717
678,8.150,10.570
679,8.130,10.561
680,8.115,10.553
681,8.153,10.592
682,8.146,10.585
683,8.175,10.611
684,8.174,10.623
685,8.174,10.611
686,8.161,10.605
687,8.154,10.596
688,8.157,10.597
689,8.171,10.630
690,8.166,10.612
691,8.167,10.607
692,8.139,10.574
693,8.143,10.596
694,8.155,10.605
695,8.132,10.577
696,8.112,10.551
697,8.115,10.565
698,8.104,10.536
699,8.105,10.550
700,8.097,10.532
701,8.069,10.522
702,8.070,10.510
703,8.076,10.520
704,8.060,10.505
705,8.059,10.514
706,8.057,10.499
707,8.036,10.482
708,8.031,10.481
709,8.053,10.520
710,8.003,10.465
711,7.999,10.451
712,7.998,10.451
713,8.027,10.505
714,7.984,10.444
715,7.995,10.461
716,8.007,10.494
717,7.999,10.487
718,7.984,10.474
719,7.986,10.474
720,7.972,10.465
721,7.975,10.472
722,7.936,10.421
723,7.930,10.417
724,7.892,10.375
725,7.908,10.380
726,7.892,10.378
727,7.896,10.378
728,7.899,10.379
729,7.907,10.395
730,7.909,10.384
731,7.915,10.397
732,7.924,10.405
733,7.931,10.415
734,7.920,10.389
735,7.954,10.434
736,7.951,10.424
737,7.962,10.430
738,7.826,10.274
739,7.793,10.238
740,7.804,10.263
741,7.804,10.251
742,7.821,10.270
743,7.838,10.277
744,7.836,10.285
745,7.830,10.268
746,7.839,10.287
747,7.799,10.242
748,7.787,10.239
749,7.761,10.203
750,7.803,10.268
751,7.781,10.210
752,7.790,10.228
753,7.796,10.238
754,7.825,10.272
755,7.833,10.290
756,7.798,10.218
757,7.854,10.291
758,7.865,10.314
759,7.838,10.285
760,7.823,10.266
761,7.809,10.259
762,7.777,10.223
763,7.777,10.225
764,7.745,10.182
765,7.734,10.185
766,7.702,10.161
767,7.679,10.141
768,7.643,10.097
769,7.589,10.047
770,7.629,10.098
771,7.595,10.062
772,7.586,10.044
773,7.620,10.084
774,7.610,10.080
775,7.622,10.099
776,7.634,10.113
777,7.644,10.099
778,7.674,10.130
779,7.647,10.094
780,7.645,10.067
781,7.682,10.115
782,7.686,10.111
783,7.699,10.116
784,7.709,10.146
785,7.712,10.144
786,7.755,10.196
787,7.735,10.163
788,7.752,10.188
789,7.746,10.183
790,7.776,10.216
791,7.725,10.144
792,7.737,10.169
793,7.689,10.115
794,7.699,10.128
795,7.669,10.102
796,7.656,10.085
797,7.676,10.106
798,7.652,10.083
799,7.622,10.059
800,7.600,10.028
801,7.594,10.029
802,7.594,10.037
803,7.556,9.993
804,7.575,9.999
805,7.573,10.010
806,7.556,9.987
807,7.532,9.963
808,7.530,9.964
809,7.517,9.947
810,7.495,9.933
811,7.511,9.940
812,7.494,9.922
813,7.494,9.926
814,7.468,9.887
815,7.458,9.886
816,7.564,9.989
817,7.632,10.089
818,7.655,10.092
819,7.614,10.046
820,7.608,10.039
821,7.593,10.010
822,7.615,10.039
823,7.603,10.029
824,7.600,10.025
825,7.585,9.989
826,7.575,9.999
827,7.566,9.983
828,7.599,10.021
829,7.613,10.032
830,7.625,10.047
831,7.617,10.032
832,7.624,10.046
833,7.622,10.036
834,7.631,10.047
835,7.626,10.045
836,7.598,9.992
837,7.633,10.051
838,7.660,10.081
839,7.632,10.032
840,7.640,10.048
841,7.655,10.059
842,7.645,10.055
843,7.655,10.077
844,7.658,10.067
845,7.660,10.081
846,7.642,10.044
847,7.653,10.066
848,7.637,10.044
849,7.632,10.043
850,7.639,10.052
851,7.648,10.054
852,7.640,10.051
853,7.650,10.078
854,7.641,10.066
855,7.652,10.060
856,7.663,10.067
857,7.683,10.101
858,7.660,10.066
859,7.665,10.084
860,7.673,10.083
861,7.665,10.084
862,7.662,10.072
863,7.678,10.093
864,7.695,10.106
865,7.698,10.117
866,7.703,10.121
867,7.702,10.119
868,7.687,10.101
869,7.703,10.116
870,7.678,10.097
871,7.700,10.119
872,7.691,10.091
873,7.715,10.131
874,7.715,10.143
875,7.713,10.133
876,7.725,10.157
877,7.721,10.154
878,7.737,10.158
879,7.736,10.157
880,7.738,10.156
881,7.724,10.134
882,7.728,10.143
883,7.754,10.176
884,7.747,10.186
885,7.747,10.181
886,7.753,10.185
887,7.755,10.189
888,7.741,10.168
889,7.765,10.192
890,7.779,10.206
891,7.776,10.207
892,7.789,10.225
893,7.795,10.223
894,7.805,10.245
895,7.803,10.230
896,7.796,10.214
897,7.795,10.206
898,7.802,10.222
899,7.816,10.246
900,7.825,10.255
901,7.828,10.267
902,7.818,10.241
903,7.854,10.304
904,7.826,10.259
905,7.817,10.226
906,7.858,10.291
907,7.854,10.286
908,7.855,10.287
909,7.866,10.311
910,7.877,10.317
911,7.868,10.304
912,7.865,10.307
913,7.888,10.338
914,7.857,10.279
915,7.848,10.274
916,7.855,10.279
917,7.856,10.283
918,7.868,10.309
919,7.871,10.318
920,7.870,10.301
921,7.851,10.280
922,7.874,10.292
923,7.876,10.316
924,7.879,10.312
925,7.858,10.265
926,7.870,10.296
927,7.873,10.288
928,7.905,10.343
929,7.895,10.333
930,7.889,10.320
931,7.882,10.310
932,7.884,10.308
933,7.881,10.316
934,7.891,10.330
935,7.894,10.329
936,7.886,10.307
937,7.872,10.294
938,7.878,10.310
939,7.893,10.325
940,7.880,10.300
941,7.862,10.282
942,7.877,10.291
943,7.877,10.301
944,7.888,10.310
945,7.884,10.305
946,7.889,10.315
947,7.880,10.302
948,7.892,10.325
949,7.894,10.318
950,7.883,10.317
951,7.890,10.318
952,7.887,10.315
953,7.873,10.288
954,7.902,10.330
955,7.886,10.314
956,7.870,10.283
957,7.917,10.361
958,7.909,10.352
959,7.919,10.345
960,7.927,10.356
961,7.920,10.354
962,7.918,10.341
963,7.891,10.307
964,7.907,10.340
965,7.926,10.349
966,7.921,10.348
967,7.916,10.353
968,7.924,10.361
969,7.931,10.364
970,7.924,10.356
971,7.911,10.336
972,7.884,10.293
973,7.911,10.329
974,7.914,10.341
975,7.905,10.335
976,7.925,10.358
977,7.903,10.329
978,7.904,10.339
979,7.911,10.340
980,7.893,10.325
981,7.894,10.333
982,7.902,10.335
983,7.893,10.317
984,7.904,10.329
985,7.886,10.313
986,7.909,10.341
987,7.910,10.342
988,7.878,10.289
989,7.892,10.313
990,7.899,10.320
991,7.892,10.324
992,7.884,10.313
993,7.884,10.291
994,7.902,10.329
995,7.874,10.294
996,7.893,10.319
997,7.901,10.322
998,7.896,10.317
999,7.914,10.345
1000,7.896,10.324
1001,7.905,10.326
1002,7.896,10.328
1003,7.897,10.328
1004,7.896,10.325
1005,7.892,10.314
1006,7.894,10.326
1007,7.895,10.344
1008,7.883,10.325
1009,7.878,10.317
1010,7.898,10.340
1011,7.875,10.313
1012,7.873,10.310
1013,7.877,10.315
1014,7.874,10.294
1015,7.882,10.318
1016,7.863,10.296
1017,8.027,10.473
1018,8.054,10.505
1019,8.071,10.520
1020,8.056,10.506
1021,8.031,10.480
1022,8.052,10.516
1023,8.039,10.502
1024,8.028,10.497
1025,7.998,10.449
1026,8.016,10.470
1027,8.024,10.502
1028,7.980,10.443
1029,7.969,10.449
1030,7.948,10.417
1031,7.932,10.406
1032,7.927,10.407
1033,7.886,10.367
1034,7.877,10.350
1035,7.860,10.346
1036,7.844,10.331
1037,7.837,10.338
1038,7.796,10.293
1039,7.789,10.289
1040,7.776,10.277
1041,7.777,10.286
1042,7.748,10.256
1043,7.750,10.268
1044,7.902,10.445
1045,7.886,10.438
1046,7.928,10.478
1047,7.896,10.457
1048,7.840,10.384
1049,7.829,10.377
1050,8.022,10.616
1051,8.092,10.703
1052,8.192,10.804
1053,8.157,10.774
1054,8.213,10.851
1055,8.247,10.904
1056,8.306,10.983
1057,8.392,11.094
1058,8.414,11.116
1059,8.525,11.276
1060,8.559,11.306
1061,8.616,11.393
1062,8.668,11.478
1063,8.719,11.534
1064,8.752,11.598
1065,8.780,11.623
1066,8.839,11.719
1067,8.901,11.812
1068,8.819,11.721
1069,8.808,11.735
1070,8.796,11.710
1071,8.947,11.918
1072,8.925,11.899
1073,8.982,11.972
1074,8.843,11.813
1075,8.810,11.802
1076,8.753,11.721
1077,8.852,11.856
1078,8.841,11.842
1079,8.824,11.837
1080,8.807,11.828
1081,8.789,11.837
1082,8.811,11.869
1083,8.854,11.934
1084,8.818,11.904
1085,8.814,11.921
1086,8.764,11.851
1087,8.734,11.830
1088,8.683,11.766
1089,8.648,11.730
1090,8.652,11.742
1091,8.646,11.751
1092,8.622,11.731
1093,8.597,11.697
1094,8.542,11.655
1095,8.540,11.689
1096,8.514,11.655
1097,8.449,11.570
1098,8.491,11.647
1099,8.454,11.605
1100,8.475,11.630
1101,8.494,11.681
1102,8.538,11.746
1103,8.546,11.775
1104,8.546,11.778
1105,8.562,11.823
1106,8.600,11.872
1107,8.613,11.875
1108,8.643,11.947
1109,8.679,11.993
1110,8.906,12.264
1111,9.075,12.434
1112,9.182,12.567
1113,9.079,12.457
1114,9.099,12.494
1115,9.150,12.565
1116,9.290,12.697
1117,9.296,12.703
1118,9.272,12.658
1119,9.241,12.633
1120,9.232,12.605
1121,9.221,12.570
1122,9.207,12.537
1123,9.198,12.477
1124,9.159,12.418
1125,9.149,12.364
1126,9.173,12.382
1127,9.140,12.327
1128,9.195,12.368
1129,9.150,12.286
1130,9.113,12.225
1131,9.071,12.194
1132,9.098,12.207
1133,9.268,12.374
1134,9.234,12.288
1135,9.235,12.278
1136,9.314,12.371
1137,9.053,12.138
1138,9.078,12.192
1139,9.119,12.272
1140,9.058,12.247
1141,9.192,12.359
1142,9.319,12.510
1143,9.505,12.716
1144,9.608,12.842
1145,9.615,12.824
1146,9.607,12.836
1147,9.570,12.787
1148,9.538,12.731
1149,9.517,12.701
1150,9.497,12.664
1151,9.491,12.641
1152,9.505,12.651
1153,9.531,12.658
1154,9.580,12.718
1155,9.646,12.767
1156,9.674,12.790
1157,9.741,12.848
1158,9.759,12.875
1159,9.779,12.883
1160,9.833,12.922
1161,9.884,12.991
1162,9.938,13.027
1163,9.980,13.056
1164,9.995,13.055
1165,10.035,13.105
1166,9.959,13.009
1167,9.895,12.927
1168,9.861,12.883
1169,9.750,12.737
1170,9.673,12.648
1171,9.568,12.525
1172,9.476,12.424
1173,9.402,12.354
1174,9.322,12.246
1175,9.220,12.139
1176,9.147,12.069
1177,9.039,11.894
1178,8.991,11.835
1179,8.836,11.649
1180,8.776,11.583
1181,8.680,11.453
1182,8.615,11.385
1183,8.540,11.269
1184,8.483,11.205
1185,8.417,11.136
1186,8.412,11.092
1187,8.411,11.083
1188,8.374,11.027
1189,8.388,11.042
1190,8.376,11.013
1191,8.352,10.976
1192,8.366,10.975
1193,8.322,10.917
1194,8.379,10.984
1195,8.404,10.976
1196,8.422,11.013
1197,8.407,10.965
1198,8.371,10.938
1199,8.360,10.899
1200,8.328,10.871
1201,8.294,10.811
1202,8.285,10.785
1203,8.278,10.789
1204,8.222,10.715
1205,8.168,10.655
1206,8.144,10.629
1207,8.096,10.576
1208,8.076,10.556
1209,8.040,10.518
1210,8.013,10.476
1211,7.979,10.451
1212,7.937,10.414
1213,7.890,10.350
1214,7.849,10.309
1215,7.825,10.292
1216,7.823,10.291
1217,7.757,10.237
1218,7.750,10.223
1219,7.659,10.130
1220,7.608,10.081
1221,7.588,10.072
1222,7.582,10.077
1223,7.539,10.034
1224,7.547,10.062
1225,7.476,9.987
1226,7.442,9.944
1227,7.469,9.986
1228,7.432,9.938
1229,7.436,9.952
1230,7.390,9.906
1231,7.347,9.869
1232,7.327,9.838
1233,7.319,9.823
1234,7.290,9.790
1235,7.253,9.748
1236,7.229,9.726
1237,7.204,9.678
1238,7.194,9.689
1239,7.175,9.688
1240,7.151,9.643
1241,7.168,9.671
1242,7.133,9.641
1243,7.107,9.627
1244,7.072,9.576
1245,7.037,9.546
1246,6.996,9.519
1247,6.979,9.505
1248,6.963,9.485
1249,6.939,9.471
1250,6.924,9.468
1251,6.868,9.410
1252,6.838,9.370
1253,6.795,9.331
1254,6.761,9.305
1255,6.743,9.304
1256,6.696,9.245
1257,6.676,9.239
1258,6.653,9.200
1259,6.643,9.207
1260,6.720,9.246
1261,6.720,9.253
1262,6.714,9.236
1263,6.797,9.325
1264,6.761,9.279
1265,6.735,9.237
1266,6.763,9.269
1267,6.750,9.242
1268,6.688,9.162
1269,6.732,9.211
1270,6.729,9.206
1271,6.698,9.177
1272,6.722,9.207
1273,6.731,9.197
1274,6.721,9.200
1275,6.750,9.220
1276,6.750,9.227
1277,6.755,9.220
1278,6.877,9.343
1279,6.956,9.421
1280,7.029,9.469
1281,7.079,9.537
1282,7.135,9.580
1283,7.201,9.650
1284,7.278,9.720
1285,7.363,9.811
1286,7.413,9.852
1287,7.501,9.928
1288,7.578,10.014
1289,7.694,10.156
1290,7.651,10.124
1291,7.654,10.126
1292,7.724,10.197
1293,7.702,10.178
1294,7.758,10.226
1295,7.804,10.279
1296,7.770,10.250
1297,7.796,10.287
1298,7.855,10.363
1299,7.798,10.286
1300,7.845,10.350
1301,7.885,10.401
1302,7.777,10.282
1303,7.819,10.331
1304,7.808,10.319
1305,7.836,10.366
1306,7.804,10.313
1307,7.825,10.347
1308,7.819,10.348
1309,7.799,10.316
1310,7.803,10.320
1311,7.794,10.325
1312,7.789,10.319
1313,7.770,10.294
1314,7.754,10.298
1315,7.762,10.311
1316,7.742,10.300
1317,7.710,10.270
1318,7.727,10.305
1319,7.681,10.238
1320,7.677,10.242
1321,7.669,10.239
1322,7.666,10.247
1323,7.668,10.248
1324,7.677,10.273
1325,7.674,10.268
1326,7.693,10.281
1327,7.705,10.308
1328,7.692,10.293
1329,7.694,10.289
1330,7.683,10.280
1331,7.700,10.305
1332,7.695,10.290
1333,7.685,10.296
1334,7.687,10.288
1335,7.688,10.296
1336,7.695,10.308
1337,7.700,10.305
1338,7.699,10.310
1339,7.706,10.324
1340,7.697,10.322
1341,7.680,10.289
1342,7.718,10.341
1343,7.724,10.351
1344,7.682,10.314
1345,7.674,10.285
1346,7.690,10.327
1347,7.688,10.319
1348,7.664,10.299
1349,7.627,10.240
1350,7.635,10.250
1351,7.640,10.262
1352,7.627,10.259
1353,7.605,10.225
1354,7.592,10.209
1355,7.565,10.179
1356,7.559,10.178
1357,7.546,10.158
1358,7.550,10.179
1359,7.559,10.203
1360,7.500,10.127
1361,7.474,10.090
1362,7.468,10.080
1363,7.475,10.113
1364,7.467,10.091
1365,7.470,10.097
1366,7.458,10.087
1367,7.460,10.090
1368,7.410,10.036
1369,7.410,10.066
1370,7.392,10.022
1371,7.365,9.991
1372,7.348,9.969
1373,7.337,9.962
1374,7.318,9.949
1375,7.311,9.954
1376,7.273,9.902
1377,7.406,10.053
1378,7.400,10.018
1379,7.434,10.072
1380,7.405,10.041
1381,7.375,10.011
1382,7.389,10.031
1383,7.345,9.975
1384,7.334,9.982
1385,7.327,9.955
1386,7.463,10.099
1387,7.506,10.143
1388,7.521,10.167
1389,7.493,10.123
1390,7.483,10.112
1391,7.490,10.119
1392,7.484,10.105
1393,7.506,10.137
1394,7.480,10.105
1395,7.529,10.167
1396,7.525,10.162
1397,7.508,10.126
1398,7.545,10.177
1399,7.538,10.168
1400,7.540,10.173
1401,7.541,10.168
1402,7.538,10.146
1403,7.538,10.151
1404,7.547,10.149
1405,7.568,10.193
1406,7.591,10.236
1407,7.577,10.198
1408,7.596,10.214
1409,7.588,10.208
1410,7.621,10.253
1411,7.596,10.208
1412,7.632,10.254
1413,7.617,10.226
1414,7.648,10.276
1415,7.643,10.281
1416,7.628,10.251
1417,7.644,10.280
1418,7.631,10.261
1419,7.621,10.245
1420,7.647,10.273
1421,7.683,10.303
1422,7.680,10.292
1423,7.727,10.364
1424,7.741,10.365
1425,7.789,10.423
1426,7.799,10.419
1427,7.822,10.442
1428,7.838,10.442
1429,7.862,10.484
1430,7.884,10.496
1431,7.938,10.565
1432,7.966,10.613
1433,8.000,10.635
1434,7.996,10.618
1435,8.037,10.678
1436,8.043,10.669
1437,8.070,10.688
1438,8.102,10.734
1439,8.121,10.742
1440,8.176,10.810
1441,8.211,10.848
1442,8.213,10.837
1443,8.151,10.787
1444,8.135,10.764
1445,8.150,10.792
1446,8.165,10.791
1447,8.218,10.860
1448,8.257,10.891
1449,8.279,10.904
1450,8.326,10.963
1451,8.347,10.986
1452,8.247,10.880
1453,8.226,10.857
1454,8.216,10.867
1455,8.283,10.928
1456,8.283,10.938
1457,8.301,10.949
1458,8.303,10.955
1459,8.314,10.977
1460,8.319,10.978
1461,8.293,10.950
1462,8.292,10.946
1463,8.283,10.935
1464,8.302,10.968
1465,8.289,10.953
1466,8.304,10.976
1467,8.276,10.926
1468,8.283,10.948
1469,8.268,10.933
1470,8.278,10.941
1471,8.283,10.965
1472,8.296,10.971
1473,8.303,10.972
1474,8.316,10.980
1475,8.332,11.008
1476,8.353,11.031
1477,8.348,11.022
1478,8.333,11.010
1479,8.330,10.997
1480,8.336,11.022
1481,8.317,11.009
1482,8.326,11.018
1483,8.329,11.021
1484,8.318,11.004
1485,8.306,11.012
1486,8.268,10.932
1487,8.281,10.962
1488,8.276,10.958
1489,8.261,10.960
1490,8.243,10.937
1491,8.267,10.973
1492,8.217,10.902
1493,8.259,10.957
1494,8.234,10.910
1495,8.241,10.923
1496,8.230,10.909
1497,8.259,10.962
1498,8.249,10.935
1499,8.267,10.959
1500,8.291,10.990
1501,8.260,10.930
1502,8.278,10.968
1503,8.270,10.947
1504,8.264,10.952
1505,8.255,10.941
1506,8.242,10.915
1507,8.228,10.900
1508,8.198,10.873
1509,8.180,10.860
1510,8.137,10.795
1511,8.101,10.744
1512,8.093,10.752
1513,8.064,10.718
1514,8.059,10.718
1515,8.045,10.699
1516,8.007,10.656
1517,7.973,10.628
1518,7.953,10.613
1519,7.929,10.576
1520,7.918,10.579
1521,7.881,10.530
1522,7.823,10.483
1523,7.776,10.423
1524,7.753,10.399
1525,7.734,10.368
1526,7.707,10.344
1527,7.692,10.333
1528,7.679,10.306
1529,7.686,10.323
1530,7.676,10.305
1531,7.673,10.303
1532,7.676,10.303
1533,7.661,10.284
1534,7.632,10.229
1535,7.621,10.233
1536,7.606,10.213
1537,7.564,10.169
1538,7.541,10.155
1539,7.468,10.086
1540,7.448,10.070
1541,7.407,10.024
1542,7.389,10.019
1543,7.343,9.973
1544,7.284,9.905
1545,7.388,10.028
1546,7.370,9.999
1547,7.385,9.995
1548,7.442,10.063
1549,7.468,10.083
1550,7.506,10.128
1551,7.545,10.145
1552,7.587,10.211
1553,7.625,10.236
1554,7.583,10.187
1555,7.587,10.184
1556,7.589,10.187
1557,7.588,10.188
1558,7.628,10.234
1559,7.609,10.226
1560,7.727,10.327
1561,7.742,10.340
1562,7.762,10.356
1563,7.731,10.334
1564,7.757,10.368
1565,7.730,10.336
1566,7.720,10.304
1567,7.734,10.332
1568,7.800,10.386
1569,7.867,10.454
1570,7.926,10.530
1571,8.000,10.596
1572,8.063,10.671
1573,8.140,10.725
1574,8.215,10.784
1575,8.283,10.855
1576,8.400,11.001
1577,8.513,11.111
1578,8.477,11.071
1579,8.541,11.140
1580,8.650,11.262
1581,8.648,11.254
1582,8.666,11.269
1583,8.730,11.359
1584,8.635,11.257
1585,8.639,11.253
1586,8.650,11.277
1587,8.670,11.303
1588,8.696,11.331
1589,8.685,11.312
1590,8.717,11.351
1591,8.754,11.385
1592,8.755,11.394
1593,8.774,11.440
1594,8.789,11.434
1595,8.773,11.397
1596,8.777,11.418
1597,8.766,11.398
1598,8.763,11.410
1599,8.717,11.327
1600,8.683,11.294
1601,8.679,11.309
1602,8.614,11.212
1603,8.608,11.219
1604,8.567,11.186
1605,8.533,11.123
1606,8.516,11.115
1607,8.505,11.097
1608,8.487,11.105
1609,8.480,11.090
1610,8.470,11.077
1611,8.477,11.079
1612,8.463,11.068
1613,8.467,11.071
1614,8.469,11.087
1615,8.464,11.083
1616,8.480,11.103
1617,8.492,11.112
1618,8.487,11.102
1619,8.497,11.136
1620,8.506,11.119
1621,8.478,11.105
1622,8.460,11.065
1623,8.469,11.100
1624,8.396,11.014
1625,8.368,10.980
1626,8.325,10.940
1627,8.282,10.887
1628,8.270,10.872
1629,8.212,10.804
1630,8.178,10.778
1631,8.167,10.770
1632,8.151,10.755
1633,8.134,10.734
1634,8.139,10.736
1635,8.182,10.812
1636,8.194,10.818
1637,8.169,10.776
1638,8.134,10.750
1639,8.169,10.794
1640,8.148,10.761
1641,8.161,10.776
1642,8.201,10.844
1643,8.206,10.841
1644,8.257,10.903
1645,8.235,10.856
1646,8.235,10.864
1647,8.298,10.933
1648,8.323,10.962
1649,8.373,11.017
1650,8.378,11.012
1651,8.363,10.990
1652,8.314,10.928
1653,8.316,10.921
1654,8.284,10.894
1655,8.252,10.846
1656,8.249,10.858
1657,8.215,10.799
1658,8.184,10.768
1659,8.147,10.719
1660,8.084,10.638
1661,8.046,10.604
1662,8.022,10.566
1663,7.998,10.551
1664,7.946,10.497
1665,7.888,10.422
1666,7.897,10.438
1667,7.824,10.340
1668,7.786,10.300
1669,7.732,10.245
1670,7.694,10.229
1671,7.658,10.196
1672,7.610,10.138
1673,7.586,10.114
1674,7.541,10.072
1675,7.511,10.031
1676,7.497,10.033
1677,7.450,9.972
1678,7.422,9.941
1679,7.387,9.892
1680,7.386,9.916
1681,7.355,9.874
1682,7.328,9.828
1683,7.313,9.808
1684,7.305,9.799
1685,7.321,9.835
1686,7.300,9.791
1687,7.327,9.824
1688,7.287,9.781
1689,7.300,9.803
1690,7.270,9.761
1691,7.296,9.809
1692,7.247,9.746
1693,7.261,9.760
1694,7.265,9.780
1695,7.289,9.805
1696,7.274,9.769
1697,7.255,9.758
1698,7.264,9.748
1699,7.290,9.779
1700,7.324,9.810
1701,7.325,9.810
1702,7.368,9.867
1703,7.347,9.858
1704,7.339,9.846
1705,7.316,9.823
1706,7.236,9.736
1707,7.212,9.718
1708,7.159,9.655
1709,7.136,9.633
1710,7.127,9.629
1711,7.109,9.622
1712,7.094,9.612
1713,7.100,9.624
1714,7.071,9.591
1715,7.100,9.634
1716,7.078,9.596
1717,7.070,9.598
1718,7.071,9.591
1719,7.084,9.618
1720,7.049,9.583
1721,7.067,9.607
1722,7.054,9.590
1723,7.072,9.611
1724,7.028,9.565
1725,7.070,9.616
1726,7.034,9.574
1727,7.059,9.612
1728,7.087,9.654
1729,7.076,9.636
1730,7.083,9.635
1731,7.071,9.620
1732,7.080,9.633
1733,7.090,9.640
1734,7.074,9.626
1735,7.085,9.646
1736,7.051,9.600
1737,7.087,9.655
1738,7.053,9.611
1739,7.059,9.630
1740,7.061,9.618
1741,7.049,9.612
1742,7.058,9.624
1743,7.093,9.658
1744,7.075,9.649
1745,7.081,9.658
1746,7.087,9.649
1747,7.090,9.666
1748,7.076,9.650
1749,7.075,9.654
1750,7.071,9.635
1751,7.079,9.647
1752,7.077,9.643
1753,7.088,9.669
1754,7.110,9.699
1755,7.062,9.645
1756,7.091,9.670
1757,7.063,9.637
1758,7.129,9.680
1759,7.130,9.683
1760,7.148,9.698
1761,7.170,9.695
1762,7.162,9.698
1763,7.176,9.683
1764,7.234,9.733
1765,7.240,9.737
1766,7.248,9.752
1767,7.218,9.720
1768,7.199,9.710
1769,7.165,9.663
1770,7.253,9.752
1771,7.282,9.769
1772,7.297,9.783
1773,7.310,9.782
1774,7.337,9.817
1775,7.370,9.876
1776,7.313,9.799
1777,7.298,9.777
1778,7.315,9.832
1779,7.458,9.943
1780,7.514,10.001
1781,7.635,10.119
1782,7.768,10.237
1783,7.822,10.298
1784,7.901,10.351
1785,7.928,10.416
1786,7.994,10.475
1787,8.071,10.564
1788,8.206,10.708
1789,8.287,10.798
1790,8.392,10.894
1791,8.345,10.844
1792,8.453,10.952
1793,8.519,11.034
1794,8.477,11.000
1795,8.523,11.034
1796,8.601,11.105
1797,8.558,11.070
1798,8.563,11.060
1799,8.605,11.110
1800,8.694,11.204
1801,8.792,11.301
1802,8.840,11.327
1803,8.946,11.447
1804,8.952,11.443
1805,8.954,11.423
1806,8.976,11.455
1807,8.982,11.451
1808,8.968,11.455
1809,8.937,11.401
1810,8.930,11.397
1811,8.891,11.348
1812,8.838,11.267
1813,8.819,11.265
1814,8.787,11.212
1815,8.735,11.158
1816,8.715,11.132
1817,8.648,11.070
1818,8.521,10.951
1819,8.460,10.904
1820,8.412,10.860
1821,8.385,10.853
1822,8.390,10.842
1823,8.383,10.873
1824,8.311,10.782
1825,8.296,10.786
1826,8.250,10.732
1827,8.195,10.701
1828,8.102,10.599
1829,8.068,10.570
1830,8.063,10.561
1831,8.073,10.589
1832,8.093,10.621
1833,8.083,10.615
1834,8.091,10.644
1835,8.121,10.685
1836,8.124,10.693
1837,8.137,10.697
1838,8.119,10.692
1839,8.043,10.600
1840,8.012,10.572
